INSTRUMENT,SYMBOL,EXPIRY_DT,STRIKE_PR,OPTION_TYP,OPEN,HIGH,LOW,CLOSE,SETTLE_PR,CONTRACTS,VAL_INLAKH,OPEN_INT,CHG_IN_OI,TIMESTAMP,
FUTIDX,BANKNIFTY,30-Jul-2020,0,XX,22201,22444,22141.05,22226.3,22226.3,242645,1349994.71,1249850,-108200,06-JUL-2020,
FUTIDX,BANKNIFTY,27-Aug-2020,0,XX,22200,22398.1,22116.25,22215,22215,3822,21240.72,113450,8700,06-JUL-2020,
FUTIDX,BANKNIFTY,24-Sep-2020,0,XX,22136.3,22393.95,22125,22221.1,22221.1,414,2300.45,12175,1375,06-JUL-2020,
FUTIDX,NIFTY,30-Jul-2020,0,XX,10700.65,10785,10661.05,10754.85,10754.85,172579,1388477.39,11237700,296925,06-JUL-2020,
FUTIDX,NIFTY,27-Aug-2020,0,XX,10685.55,10778.6,10655.15,10752.75,10752.75,6442,51824.15,1099875,124050,06-JUL-2020,
FUTIDX,NIFTY,24-Sep-2020,0,XX,10679.9,10785,10664.9,10757.1,10757.1,1206,9709.03,190050,33375,06-JUL-2020,
FUTSTK,ACC,30-Jul-2020,0,XX,1322,1337,1310.6,1328.75,1328.75,3230,21432.92,2318000,22500,06-JUL-2020,
FUTSTK,ACC,27-Aug-2020,0,XX,1318.65,1336.95,1315,1332,1332,23,152.79,14500,0,06-JUL-2020,
FUTSTK,ACC,24-Sep-2020,0,XX,1329.5,1329.5,1329.5,1329.5,1340.45,1,6.64,1000,500,06-JUL-2020,
FUTSTK,ADANIENT,30-Jul-2020,0,XX,162.25,165.9,160.7,164.65,164.65,1471,9642.71,18812000,-176000,06-JUL-2020,
FUTSTK,ADANIENT,27-Aug-2020,0,XX,161.5,165.45,161.5,165.45,165.2,4,26.22,64000,4000,06-JUL-2020,
FUTSTK,ADANIENT,24-Sep-2020,0,XX,0,0,0,163.55,165.75,0,0,0,0,06-JUL-2020,
FUTSTK,ADANIPORTS,30-Jul-2020,0,XX,365.05,365.85,357.65,360.85,360.85,2010,18195.66,29670000,197500,06-JUL-2020,
FUTSTK,ADANIPORTS,27-Aug-2020,0,XX,365.15,365.5,358.85,361.05,361.05,14,126.83,137500,2500,06-JUL-2020,
FUTSTK,ADANIPORTS,24-Sep-2020,0,XX,0,0,0,364.95,362.8,0,0,0,0,06-JUL-2020,
FUTSTK,AMARAJABAT,30-Jul-2020,0,XX,690,717.5,681.7,714.2,714.2,2348,16484.3,1757000,48000,06-JUL-2020,
FUTSTK,AMARAJABAT,27-Aug-2020,0,XX,683.65,704.15,683.65,704.15,716.4,6,41.64,10000,0,06-JUL-2020,
FUTSTK,AMARAJABAT,24-Sep-2020,0,XX,0,0,0,647.8,718.75,0,0,0,0,06-JUL-2020,
FUTSTK,AMBUJACEM,30-Jul-2020,0,XX,196.75,198.15,194.3,194.65,194.65,1355,7965.56,18867000,123000,06-JUL-2020,
FUTSTK,AMBUJACEM,27-Aug-2020,0,XX,196.8,196.8,194.4,194.4,194.4,3,17.61,93000,3000,06-JUL-2020,
FUTSTK,AMBUJACEM,24-Sep-2020,0,XX,0,0,0,188.45,195.7,0,0,0,0,06-JUL-2020,
FUTSTK,APOLLOHOSP,30-Jul-2020,0,XX,1390.85,1412.65,1380.6,1406.2,1406.2,1924,13468.62,1004000,-27000,06-JUL-2020,
FUTSTK,APOLLOHOSP,27-Aug-2020,0,XX,1383.85,1408.75,1383.3,1408.75,1408.75,25,175.38,21000,-1500,06-JUL-2020,
FUTSTK,APOLLOHOSP,24-Sep-2020,0,XX,1401,1401,1401,1401,1423.25,1,7,2500,500,06-JUL-2020,
FUTSTK,APOLLOTYRE,30-Jul-2020,0,XX,115.35,118.55,114.75,117.95,117.95,2449,14306.25,10560000,-105000,06-JUL-2020,
FUTSTK,APOLLOTYRE,27-Aug-2020,0,XX,115.5,118.1,114.8,117.65,117.65,56,326.19,255000,100000,06-JUL-2020,
FUTSTK,APOLLOTYRE,24-Sep-2020,0,XX,116.5,116.9,116.5,116.9,118.9,3,17.51,35000,10000,06-JUL-2020,
FUTSTK,ASHOKLEY,30-Jul-2020,0,XX,49.85,52.15,49.6,51.95,51.95,6169,28335.46,42939000,396000,06-JUL-2020,
FUTSTK,ASHOKLEY,27-Aug-2020,0,XX,49.55,51.9,49.55,51.75,51.75,220,1003.07,2520000,-441000,06-JUL-2020,
FUTSTK,ASHOKLEY,24-Sep-2020,0,XX,49.45,51.6,49.45,51.6,51.6,15,68.3,324000,-36000,06-JUL-2020,
FUTSTK,ASIANPAINT,30-Jul-2020,0,XX,1705,1716.2,1693.6,1713.45,1713.45,3469,17770.59,5275200,-8700,06-JUL-2020,
FUTSTK,ASIANPAINT,27-Aug-2020,0,XX,1716.3,1718.5,1699.4,1717.3,1717.3,49,251.37,42000,-2100,06-JUL-2020,
FUTSTK,ASIANPAINT,24-Sep-2020,0,XX,0,0,0,1703.9,1724.8,0,0,2100,0,06-JUL-2020,
FUTSTK,AUROPHARMA,30-Jul-2020,0,XX,784.15,786.85,766.1,770.9,770.9,2591,25983.18,12395500,257400,06-JUL-2020,
FUTSTK,AUROPHARMA,27-Aug-2020,0,XX,780.15,780.15,768.4,772.8,772.8,41,412.02,107900,-2600,06-JUL-2020,
FUTSTK,AUROPHARMA,24-Sep-2020,0,XX,0,0,0,790,775.1,0,0,5200,0,06-JUL-2020,
FUTSTK,AXISBANK,30-Jul-2020,0,XX,434.7,438.55,431.25,435.05,435.05,16857,88006.33,62636400,-303600,06-JUL-2020,
FUTSTK,AXISBANK,27-Aug-2020,0,XX,434.3,439.15,432.95,435.85,435.85,342,1788.5,393600,-25200,06-JUL-2020,
FUTSTK,AXISBANK,24-Sep-2020,0,XX,433.7,438.3,433.7,436.3,436.3,8,41.85,32400,7200,06-JUL-2020,
FUTSTK,BAJAJ-AUTO,30-Jul-2020,0,XX,2933.95,2943.9,2881.4,2909.05,2909.05,3572,25945.73,1697000,-29000,06-JUL-2020,
FUTSTK,BAJAJ-AUTO,27-Aug-2020,0,XX,2923.95,2923.95,2887,2912.1,2912.1,31,225.26,12750,1000,06-JUL-2020,
FUTSTK,BAJAJ-AUTO,24-Sep-2020,0,XX,0,0,0,2853.55,2924.2,0,0,0,0,06-JUL-2020,
FUTSTK,BAJAJFINSV,30-Jul-2020,0,XX,6210,6340,6162.7,6305.25,6305.25,10774,84381.39,814000,53625,06-JUL-2020,
FUTSTK,BAJAJFINSV,27-Aug-2020,0,XX,6217,6330,6180.65,6312.45,6312.45,87,679.06,15875,2000,06-JUL-2020,
FUTSTK,BAJAJFINSV,24-Sep-2020,0,XX,0,0,0,6089,6343.7,0,0,125,0,06-JUL-2020,
FUTSTK,BAJFINANCE,30-Jul-2020,0,XX,2960,3136.65,2959.1,3115.3,3115.3,44452,338417.34,6247750,129000,06-JUL-2020,
FUTSTK,BAJFINANCE,27-Aug-2020,0,XX,2971.45,3137,2970,3116.05,3116.05,895,6816.44,155250,18250,06-JUL-2020,
FUTSTK,BAJFINANCE,24-Sep-2020,0,XX,3000,3134.5,2995,3115.5,3115.5,44,335.21,10750,3000,06-JUL-2020,
FUTSTK,BALKRISIND,30-Jul-2020,0,XX,1323.95,1325.65,1300.1,1315.4,1315.4,1550,16272.89,1034400,-59200,06-JUL-2020,
FUTSTK,BALKRISIND,27-Aug-2020,0,XX,1316.1,1316.1,1302,1313,1313,13,136.12,20800,3200,06-JUL-2020,
FUTSTK,BALKRISIND,24-Sep-2020,0,XX,0,0,0,1310,1324.5,0,0,4000,0,06-JUL-2020,
FUTSTK,BANDHANBNK,30-Jul-2020,0,XX,353,360.45,349.15,358.05,358.05,6400,40892.35,10656000,-412200,06-JUL-2020,
FUTSTK,BANDHANBNK,27-Aug-2020,0,XX,353.1,358.9,349.95,356.85,356.85,39,249.24,79200,3600,06-JUL-2020,
FUTSTK,BANDHANBNK,24-Sep-2020,0,XX,0,0,0,341.2,360.3,0,0,7200,0,06-JUL-2020,
FUTSTK,BANKBARODA,30-Jul-2020,0,XX,51.45,52.2,50.95,51.7,51.7,3499,14816.94,41360800,270600,06-JUL-2020,
FUTSTK,BANKBARODA,27-Aug-2020,0,XX,51.35,52.25,51.05,51.7,51.7,92,389.97,1722000,24600,06-JUL-2020,
FUTSTK,BANKBARODA,24-Sep-2020,0,XX,51.2,52,51.2,51.55,51.95,5,21.14,164000,-8200,06-JUL-2020,
FUTSTK,BATAINDIA,30-Jul-2020,0,XX,1305.25,1348.6,1305,1332.9,1332.9,5511,40352.87,1865050,-116050,06-JUL-2020,
FUTSTK,BATAINDIA,27-Aug-2020,0,XX,1307.35,1345,1307.35,1330.7,1330.7,58,425.17,22550,1650,06-JUL-2020,
FUTSTK,BATAINDIA,24-Sep-2020,0,XX,0,0,0,1295.1,1347.9,0,0,1650,0,06-JUL-2020,
FUTSTK,BEL,30-Jul-2020,0,XX,97.85,102.8,96.6,101.8,101.8,6155,46519.61,22518800,-266000,06-JUL-2020,
FUTSTK,BEL,27-Aug-2020,0,XX,96.35,102,96.05,101.1,101.1,161,1206.97,988000,91200,06-JUL-2020,
FUTSTK,BEL,24-Sep-2020,0,XX,96.5,101.55,96.3,101.4,101.4,36,269.8,190000,45600,06-JUL-2020,
FUTSTK,BERGEPAINT,30-Jul-2020,0,XX,509.5,515.85,506.05,508.2,508.2,1827,10268.41,4500100,41800,06-JUL-2020,
FUTSTK,BERGEPAINT,27-Aug-2020,0,XX,520,520,504.1,508.9,509.45,11,61.75,26400,4400,06-JUL-2020,
FUTSTK,BERGEPAINT,24-Sep-2020,0,XX,0,0,0,526.35,511.1,0,0,0,0,06-JUL-2020,
FUTSTK,BHARATFORG,30-Jul-2020,0,XX,359.6,369.5,354.6,368.7,368.7,3676,19982.94,6166500,-126000,06-JUL-2020,
FUTSTK,BHARATFORG,27-Aug-2020,0,XX,356.5,368.55,356.35,368.45,368.45,22,119.29,76500,3000,06-JUL-2020,
FUTSTK,BHARATFORG,24-Sep-2020,0,XX,366,366,366,367.35,367.35,2,11.02,3000,1500,06-JUL-2020,
FUTSTK,BHARTIARTL,30-Jul-2020,0,XX,587.65,589.9,576.55,578.7,578.7,15693,169276.03,84388941,1403058,06-JUL-2020,
FUTSTK,BHARTIARTL,27-Aug-2020,0,XX,587.95,590,577.5,579.3,579.3,378,4085.53,675615,157335,06-JUL-2020,
FUTSTK,BHARTIARTL,24-Sep-2020,0,XX,588.25,588.25,580,581.85,582,11,119.01,42573,11106,06-JUL-2020,
FUTSTK,BHEL,30-Jul-2020,0,XX,39.05,44.45,38.9,43.65,43.65,8290,72107.79,64764000,3759000,06-JUL-2020,
FUTSTK,BHEL,27-Aug-2020,0,XX,39.45,44.4,39.25,43.6,43.6,301,2631.48,4011000,1197000,06-JUL-2020,
FUTSTK,BHEL,24-Sep-2020,0,XX,39.25,44.25,39.25,43.95,43.95,8,69.78,231000,63000,06-JUL-2020,
FUTSTK,BIOCON,30-Jul-2020,0,XX,399.85,406.3,392.6,402.05,402.05,3389,31219.26,14701600,87400,06-JUL-2020,
FUTSTK,BIOCON,27-Aug-2020,0,XX,396,406.3,394,402.75,402.75,33,304.39,308200,0,06-JUL-2020,
FUTSTK,BIOCON,24-Sep-2020,0,XX,396.15,405.8,394,405.05,405.6,5,46.02,9200,-2300,06-JUL-2020,
FUTSTK,BOSCHLTD,30-Jul-2020,0,XX,11850.05,12111.5,11814.3,12030.1,12030.1,778,4664.6,133100,-6250,06-JUL-2020,
FUTSTK,BOSCHLTD,27-Aug-2020,0,XX,11960,12005,11927,11947,12110.5,10,59.84,800,0,06-JUL-2020,
FUTSTK,BOSCHLTD,24-Sep-2020,0,XX,12008.7,12008.7,12008.7,12008.7,12150.05,3,18.01,150,100,06-JUL-2020,
FUTSTK,BPCL,30-Jul-2020,0,XX,388.5,397.7,385.5,391.25,391.25,3420,24186.25,17638200,-37800,06-JUL-2020,
FUTSTK,BPCL,27-Aug-2020,0,XX,389.25,397.5,389.25,391.5,391.5,42,296.93,293400,-1800,06-JUL-2020,
FUTSTK,BPCL,24-Sep-2020,0,XX,0,0,0,389.85,393.85,0,0,1800,0,06-JUL-2020,
FUTSTK,BRITANNIA,30-Jul-2020,0,XX,3570.1,3652.6,3543.45,3637.5,3637.5,3369,24344.67,1640800,47600,06-JUL-2020,
FUTSTK,BRITANNIA,27-Aug-2020,0,XX,3574.05,3651.9,3574.05,3638.05,3638.05,47,341.35,15600,1800,06-JUL-2020,
FUTSTK,BRITANNIA,24-Sep-2020,0,XX,0,0,0,3490.9,3658.3,0,0,0,0,06-JUL-2020,
FUTSTK,CADILAHC,30-Jul-2020,0,XX,371.75,371.75,359.5,363.15,363.15,1972,15750.27,6391000,2200,06-JUL-2020,
FUTSTK,CADILAHC,27-Aug-2020,0,XX,368.75,369,361.2,363,363,29,231.86,145200,24200,06-JUL-2020,
FUTSTK,CADILAHC,24-Sep-2020,0,XX,0,0,0,367.65,366.3,0,0,0,0,06-JUL-2020,
FUTSTK,CANBK,30-Jul-2020,0,XX,104.05,105.9,103.5,105.25,105.25,3591,18872.24,9695000,20000,06-JUL-2020,
FUTSTK,CANBK,27-Aug-2020,0,XX,103.6,105.6,103.6,105.25,105.25,73,383.52,520000,10000,06-JUL-2020,
FUTSTK,CANBK,24-Sep-2020,0,XX,0,0,0,99.2,105.9,0,0,30000,0,06-JUL-2020,
FUTSTK,CENTURYTEX,30-Jul-2020,0,XX,309.4,322,307.8,319.2,319.2,2723,12015.3,2770600,438200,06-JUL-2020,
FUTSTK,CENTURYTEX,27-Aug-2020,0,XX,308.95,321.5,308.95,321.3,321.3,14,61.54,39200,-1400,06-JUL-2020,
FUTSTK,CHOLAFIN,30-Jul-2020,0,XX,198.7,201.7,195.75,200.4,200.4,3489,17333.97,7440000,-217500,06-JUL-2020,
FUTSTK,CHOLAFIN,27-Aug-2020,0,XX,199.15,200,194,199.25,199.25,25,123.51,130000,20000,06-JUL-2020,
FUTSTK,CHOLAFIN,24-Sep-2020,0,XX,196.55,198.95,196.55,198.95,203,5,24.62,15000,10000,06-JUL-2020,
FUTSTK,CIPLA,30-Jul-2020,0,XX,641.1,643.9,630.5,636.6,636.6,4335,35840.19,11339900,-75400,06-JUL-2020,
FUTSTK,CIPLA,27-Aug-2020,0,XX,642.75,643.5,631.95,638.1,638.1,54,446.99,167700,10400,06-JUL-2020,
FUTSTK,CIPLA,24-Sep-2020,0,XX,0,0,0,642.35,640.55,0,0,0,0,06-JUL-2020,
FUTSTK,COALINDIA,30-Jul-2020,0,XX,136.05,137.45,135.35,136.4,136.4,2496,12598.13,33444300,-484700,06-JUL-2020,
FUTSTK,COALINDIA,27-Aug-2020,0,XX,136,137.75,135.65,136.75,136.75,68,343.95,462500,25900,06-JUL-2020,
FUTSTK,COALINDIA,24-Sep-2020,0,XX,137.1,137.1,137,137,137.1,4,20.28,74000,0,06-JUL-2020,
FUTSTK,COLPAL,30-Jul-2020,0,XX,1394.65,1394.65,1379,1387.95,1387.95,667,6468.68,2773400,54600,06-JUL-2020,
FUTSTK,COLPAL,27-Aug-2020,0,XX,1386.85,1386.85,1386.85,1386.85,1391.15,1,9.7,21000,700,06-JUL-2020,
FUTSTK,COLPAL,24-Sep-2020,0,XX,0,0,0,1414,1395.7,0,0,0,0,06-JUL-2020,
FUTSTK,CONCOR,30-Jul-2020,0,XX,433.65,447.8,429.3,433.3,433.3,2333,16013.39,5198538,203190,06-JUL-2020,
FUTSTK,CONCOR,27-Aug-2020,0,XX,442,442.45,432.05,432.55,432.55,13,89.13,28134,6252,06-JUL-2020,
FUTSTK,CONCOR,24-Sep-2020,0,XX,0,0,0,431.2,435.55,0,0,0,0,06-JUL-2020,
FUTSTK,CUMMINSIND,30-Jul-2020,0,XX,414,435.15,411,433,433,4520,23130.64,1906800,384000,06-JUL-2020,
FUTSTK,CUMMINSIND,27-Aug-2020,0,XX,411.9,427.85,406,427.4,427.4,60,303,150000,8400,06-JUL-2020,
FUTSTK,CUMMINSIND,24-Sep-2020,0,XX,0,0,0,408.45,435.2,0,0,0,0,06-JUL-2020,
FUTSTK,DABUR,30-Jul-2020,0,XX,467.8,469.55,464.9,466.25,466.25,1538,8984.7,13500000,-150000,06-JUL-2020,
FUTSTK,DABUR,27-Aug-2020,0,XX,467.5,469.25,466.05,467.25,468.8,23,134.46,45000,2500,06-JUL-2020,
FUTSTK,DABUR,24-Sep-2020,0,XX,0,0,0,464.55,470.3,0,0,0,0,06-JUL-2020,
FUTSTK,DIVISLAB,30-Jul-2020,0,XX,2211.75,2217,2162.65,2168.55,2168.55,3382,29452.56,4566800,132400,06-JUL-2020,
FUTSTK,DIVISLAB,27-Aug-2020,0,XX,2207.6,2207.6,2169.9,2170.1,2170.1,40,349.09,34400,5200,06-JUL-2020,
FUTSTK,DIVISLAB,24-Sep-2020,0,XX,2197.8,2197.85,2197.8,2197.85,2181.3,2,17.58,2400,-800,06-JUL-2020,
FUTSTK,DLF,30-Jul-2020,0,XX,153.25,156.5,152.5,155.35,155.35,3228,16428.23,28812300,801900,06-JUL-2020,
FUTSTK,DLF,27-Aug-2020,0,XX,153.05,155.65,152.55,154.9,154.9,42,213.12,221100,3300,06-JUL-2020,
FUTSTK,DLF,24-Sep-2020,0,XX,0,0,0,159.1,156.3,0,0,0,0,06-JUL-2020,
FUTSTK,DRREDDY,30-Jul-2020,0,XX,3917,3920.1,3856,3881.7,3881.7,3080,29848.69,3463250,56000,06-JUL-2020,
FUTSTK,DRREDDY,27-Aug-2020,0,XX,3914.05,3914.05,3865.2,3887.8,3887.8,35,339.76,18750,750,06-JUL-2020,
FUTSTK,DRREDDY,24-Sep-2020,0,XX,0,0,0,3895.5,3928.45,0,0,1000,0,06-JUL-2020,
FUTSTK,EICHERMOT,30-Jul-2020,0,XX,19532.6,19532.6,19063.75,19259.8,19259.8,4483,30188.01,279335,-7980,06-JUL-2020,
FUTSTK,EICHERMOT,27-Aug-2020,0,XX,19350,19470,19145.9,19294.25,19294.25,68,458.77,4060,805,06-JUL-2020,
FUTSTK,EICHERMOT,24-Sep-2020,0,XX,19224.75,19224.75,19224.75,19224.75,19431.15,1,6.72,105,-35,06-JUL-2020,
FUTSTK,EQUITAS,30-Jul-2020,0,XX,53.9,54.3,52.55,53.4,53.4,1540,6253.78,13246800,691600,06-JUL-2020,
FUTSTK,EQUITAS,27-Aug-2020,0,XX,53.75,54,52.8,53.55,53.55,31,125.73,600400,68400,06-JUL-2020,
FUTSTK,ESCORTS,30-Jul-2020,0,XX,1068,1082.25,1052,1072.8,1072.8,4211,49536.8,2593800,-184800,06-JUL-2020,
FUTSTK,ESCORTS,27-Aug-2020,0,XX,1060,1078,1054.7,1064,1079.2,16,187.75,48400,3300,06-JUL-2020,
FUTSTK,ESCORTS,24-Sep-2020,0,XX,1053,1069.1,1049,1069.1,1082.75,3,34.88,6600,2200,06-JUL-2020,
FUTSTK,EXIDEIND,30-Jul-2020,0,XX,155.05,158.7,154.6,157.95,157.95,1976,11173.16,12186000,-320400,06-JUL-2020,
FUTSTK,EXIDEIND,27-Aug-2020,0,XX,156.4,158.5,156.4,158.15,158.15,36,204.47,104400,-7200,06-JUL-2020,
FUTSTK,EXIDEIND,24-Sep-2020,0,XX,158.35,158.35,158.35,158.35,159.15,1,5.7,10800,3600,06-JUL-2020,
FUTSTK,FEDERALBNK,30-Jul-2020,0,XX,53.6,54.9,53.6,53.8,53.8,2208,10178.31,55428500,1062500,06-JUL-2020,
FUTSTK,FEDERALBNK,27-Aug-2020,0,XX,54.25,55,53.75,53.75,54,23,106.24,1343000,0,06-JUL-2020,
FUTSTK,FEDERALBNK,24-Sep-2020,0,XX,54.6,54.85,54,54,54.15,3,13.89,68000,8500,06-JUL-2020,
FUTSTK,GAIL,30-Jul-2020,0,XX,104.2,105.1,103.05,104.15,104.15,1867,11844.35,32421500,506300,06-JUL-2020,
FUTSTK,GAIL,27-Aug-2020,0,XX,104.5,105,103.5,103.75,104.35,23,146.02,524600,54900,06-JUL-2020,
FUTSTK,GAIL,24-Sep-2020,0,XX,103.55,103.55,103.55,103.55,104.65,1,6.31,12200,0,06-JUL-2020,
FUTSTK,GLENMARK,30-Jul-2020,0,XX,432.15,433.4,427.85,432,432,92,911.86,5418800,-197800,06-JUL-2020,
FUTSTK,GLENMARK,27-Aug-2020,0,XX,424.5,424.5,424.5,424.5,430.6,2,19.52,420900,-4600,06-JUL-2020,
FUTSTK,GLENMARK,24-Sep-2020,0,XX,0,0,0,436.5,432,0,0,50600,0,06-JUL-2020,
FUTSTK,GMRINFRA,30-Jul-2020,0,XX,21.75,22.45,21.35,21.45,21.45,1005,9847.59,96165000,1305000,06-JUL-2020,
FUTSTK,GMRINFRA,27-Aug-2020,0,XX,21.65,22.3,21.5,21.5,21.5,6,59.1,990000,135000,06-JUL-2020,
FUTSTK,GMRINFRA,24-Sep-2020,0,XX,0,0,0,20.2,21.5,0,0,90000,0,06-JUL-2020,
FUTSTK,GODREJCP,30-Jul-2020,0,XX,718.65,720.4,705.3,711.55,711.55,2232,15912.56,7798000,432000,06-JUL-2020,
FUTSTK,GODREJCP,27-Aug-2020,0,XX,715.8,720,707.3,710.1,710.1,23,164.46,36000,-1000,06-JUL-2020,
FUTSTK,GODREJCP,24-Sep-2020,0,XX,0,0,0,684.25,714.5,0,0,0,0,06-JUL-2020,
FUTSTK,GODREJPROP,30-Jul-2020,0,XX,891.6,907.5,880.4,893.7,893.7,487,2820.56,414700,-28600,06-JUL-2020,
FUTSTK,GODREJPROP,27-Aug-2020,0,XX,0,0,0,661.85,897.35,0,0,0,0,06-JUL-2020,
FUTSTK,GODREJPROP,24-Sep-2020,0,XX,0,0,0,892.2,900.3,0,0,0,0,06-JUL-2020,
FUTSTK,GRASIM,30-Jul-2020,0,XX,634,653,630.25,640.6,640.6,4763,29118.37,18240000,-406600,06-JUL-2020,
FUTSTK,GRASIM,27-Aug-2020,0,XX,633,650,631.9,639.25,639.25,42,256.58,118750,13300,06-JUL-2020,
FUTSTK,GRASIM,24-Sep-2020,0,XX,633.55,643.7,633.55,643.7,647.1,5,30.36,8550,3800,06-JUL-2020,
FUTSTK,HAVELLS,30-Jul-2020,0,XX,582.15,590.6,579.55,583.6,583.6,2114,12376.72,5399000,15000,06-JUL-2020,
FUTSTK,HAVELLS,27-Aug-2020,0,XX,582.3,589.1,582.3,588.15,586.45,27,157.84,37000,-4000,06-JUL-2020,
FUTSTK,HAVELLS,24-Sep-2020,0,XX,0,0,0,578.5,588.35,0,0,1000,0,06-JUL-2020,
FUTSTK,HCLTECH,30-Jul-2020,0,XX,578.2,585.9,575.6,578.55,578.55,2977,24212.23,20549200,-253400,06-JUL-2020,
FUTSTK,HCLTECH,27-Aug-2020,0,XX,577.3,585.6,577.3,579.3,579.3,23,187.08,81200,8400,06-JUL-2020,
FUTSTK,HCLTECH,24-Sep-2020,0,XX,579.5,579.5,579.5,574.45,574.45,3,24.26,1400,-1400,06-JUL-2020,
FUTSTK,HDFC,30-Jul-2020,0,XX,1883.65,1892.45,1851.1,1854.75,1854.75,12689,71294.97,29795100,-1500,06-JUL-2020,
FUTSTK,HDFC,27-Aug-2020,0,XX,1882.2,1895,1855.2,1858.05,1858.05,162,911.46,121500,7200,06-JUL-2020,
FUTSTK,HDFC,24-Sep-2020,0,XX,1884.85,1884.85,1865.4,1865.4,1865.4,3,16.85,4200,600,06-JUL-2020,
FUTSTK,HDFCBANK,30-Jul-2020,0,XX,1100,1116.65,1096.75,1100.95,1100.95,30537,185751.75,42153100,7700,06-JUL-2020,
FUTSTK,HDFCBANK,27-Aug-2020,0,XX,1107.65,1112.5,1093.7,1097.95,1097.95,751,4553.55,486750,69300,06-JUL-2020,
FUTSTK,HDFCBANK,24-Sep-2020,0,XX,1098.05,1106.1,1096.15,1096.15,1113.3,41,248.62,37400,7150,06-JUL-2020,
FUTSTK,HDFCLIFE,30-Jul-2020,0,XX,579.1,591.55,575.85,584.95,584.95,4504,28925.59,13146100,-206800,06-JUL-2020,
FUTSTK,HDFCLIFE,27-Aug-2020,0,XX,580.1,591.3,578.7,587.85,587.85,29,186.93,34100,-1100,06-JUL-2020,
FUTSTK,HDFCLIFE,24-Sep-2020,0,XX,0,0,0,544.75,590.15,0,0,0,0,06-JUL-2020,
FUTSTK,HEROMOTOCO,30-Jul-2020,0,XX,2730,2747,2685.75,2742.05,2742.05,5782,47192.38,2588400,-81900,06-JUL-2020,
FUTSTK,HEROMOTOCO,27-Aug-2020,0,XX,2717.65,2748,2691.75,2744.5,2744.5,136,1111.07,39600,3000,06-JUL-2020,
FUTSTK,HEROMOTOCO,24-Sep-2020,0,XX,2703.3,2755.7,2703.3,2721.1,2721.1,9,73.76,3600,900,06-JUL-2020,
FUTSTK,HINDALCO,30-Jul-2020,0,XX,147.75,155.6,147.1,155,155,5636,36984.02,35879200,1728600,06-JUL-2020,
FUTSTK,HINDALCO,27-Aug-2020,0,XX,147,154.8,147,154.2,154.2,131,858.74,606300,21500,06-JUL-2020,
FUTSTK,HINDALCO,24-Sep-2020,0,XX,148.95,154.95,148.95,154.05,155.8,4,26.33,68800,4300,06-JUL-2020,
FUTSTK,HINDPETRO,30-Jul-2020,0,XX,218.05,221.5,214.7,216.45,216.45,3383,19939.1,23630400,726300,06-JUL-2020,
FUTSTK,HINDPETRO,27-Aug-2020,0,XX,216.85,221.55,215.6,216.9,216.9,42,248.81,251100,51300,06-JUL-2020,
FUTSTK,HINDPETRO,24-Sep-2020,0,XX,0,0,0,218.35,217.6,0,0,5400,0,06-JUL-2020,
FUTSTK,HINDUNILVR,30-Jul-2020,0,XX,2176.85,2181.45,2154.05,2168.8,2168.8,6361,41317.85,16823100,-18000,06-JUL-2020,
FUTSTK,HINDUNILVR,27-Aug-2020,0,XX,2180.65,2180.7,2161.1,2174.15,2174.15,121,787.3,80100,7200,06-JUL-2020,
FUTSTK,HINDUNILVR,24-Sep-2020,0,XX,2175,2180.15,2175,2180.15,2181.85,2,13.06,2100,600,06-JUL-2020,
FUTSTK,IBULHSGFIN,30-Jul-2020,0,XX,226.5,235.05,221,231.35,231.35,1152,8203.91,12803000,-3388300,06-JUL-2020,
FUTSTK,IBULHSGFIN,27-Aug-2020,0,XX,225,236.65,225,226.85,226.85,13,92.41,905200,-37200,06-JUL-2020,
FUTSTK,IBULHSGFIN,24-Sep-2020,0,XX,0,0,0,226.05,233.95,0,0,18600,0,06-JUL-2020,
FUTSTK,ICICIBANK,30-Jul-2020,0,XX,366.7,367.95,360.75,363.1,363.1,30386,151799.66,106818250,500500,06-JUL-2020,
FUTSTK,ICICIBANK,27-Aug-2020,0,XX,366.8,367.45,361.8,363.85,363.85,547,2736.91,838750,173250,06-JUL-2020,
FUTSTK,ICICIBANK,24-Sep-2020,0,XX,366.75,366.75,364,365,365,12,60.21,30250,2750,06-JUL-2020,
FUTSTK,ICICIPRULI,30-Jul-2020,0,XX,435.35,436.55,428.95,434.4,434.4,1806,11722.87,7470000,99000,06-JUL-2020,
FUTSTK,ICICIPRULI,27-Aug-2020,0,XX,432.6,435,432.6,434.35,434.35,3,19.52,36000,1500,06-JUL-2020,
FUTSTK,ICICIPRULI,24-Sep-2020,0,XX,0,0,0,433.3,439.25,0,0,0,0,06-JUL-2020,
FUTSTK,IDEA,30-Jul-2020,0,XX,9.95,10.1,9.7,9.8,9.8,163,2242.59,324240000,-22820000,06-JUL-2020,
FUTSTK,IDEA,27-Aug-2020,0,XX,0,0,0,10.75,9.85,0,0,4340000,0,06-JUL-2020,
FUTSTK,IDEA,24-Sep-2020,0,XX,0,0,0,10,9.9,0,0,0,0,06-JUL-2020,
FUTSTK,IDFCFIRSTB,30-Jul-2020,0,XX,27.3,27.65,27,27.25,27.25,1266,6579.53,97356000,152000,06-JUL-2020,
FUTSTK,IDFCFIRSTB,27-Aug-2020,0,XX,27.25,27.6,27.15,27.2,27.2,38,196.96,16568000,57000,06-JUL-2020,
FUTSTK,IDFCFIRSTB,24-Sep-2020,0,XX,27.35,27.45,27.2,27.35,27.45,5,25.97,741000,95000,06-JUL-2020,
FUTSTK,IGL,30-Jul-2020,0,XX,451.55,453,441.65,442.7,442.7,2230,13672.75,7570750,470250,06-JUL-2020,
FUTSTK,IGL,27-Aug-2020,0,XX,447.4,448.5,441.1,441.75,441.75,25,152.73,94875,13750,06-JUL-2020,
FUTSTK,IGL,24-Sep-2020,0,XX,441.05,441.1,441.05,441.1,441.1,2,12.12,2750,2750,06-JUL-2020,
FUTSTK,INDIGO,30-Jul-2020,0,XX,1006.1,1036.1,1002.1,1030.4,1030.4,4085,20889.97,2706500,85500,06-JUL-2020,
FUTSTK,INDIGO,27-Aug-2020,0,XX,1000,1026.9,999.35,1022.85,1022.85,136,691.27,95500,19500,06-JUL-2020,
FUTSTK,INDIGO,24-Sep-2020,0,XX,994.75,1011,994.7,1011,1036.35,4,20.01,5000,0,06-JUL-2020,
FUTSTK,INDUSINDBK,30-Jul-2020,0,XX,498.4,511.5,495.2,497.75,497.75,23210,93569.87,31666400,373600,06-JUL-2020,
FUTSTK,INDUSINDBK,27-Aug-2020,0,XX,500.75,512.45,496.85,498.8,498.8,624,2516.17,275200,45600,06-JUL-2020,
FUTSTK,INDUSINDBK,24-Sep-2020,0,XX,503.55,509,502,502,500.55,6,24.23,22400,3200,06-JUL-2020,
FUTSTK,INFRATEL,30-Jul-2020,0,XX,227.55,229.1,223.8,226.15,226.15,1032,6527.58,9931600,-134400,06-JUL-2020,
FUTSTK,INFRATEL,27-Aug-2020,0,XX,224.9,226.05,223,224.5,224.5,13,81.69,112000,8400,06-JUL-2020,
FUTSTK,INFRATEL,24-Sep-2020,0,XX,0,0,0,231.15,228.5,0,0,0,0,06-JUL-2020,
FUTSTK,INFY,30-Jul-2020,0,XX,764.9,773.3,760.15,762.5,762.5,9875,90798.9,49203600,-1932000,06-JUL-2020,
FUTSTK,INFY,27-Aug-2020,0,XX,764.9,774,761.3,762.9,762.9,254,2337.72,469200,72000,06-JUL-2020,
FUTSTK,INFY,24-Sep-2020,0,XX,766.9,767,766.9,767,767,2,18.4,16800,1200,06-JUL-2020,
FUTSTK,IOC,30-Jul-2020,0,XX,88.5,89.6,87.35,88.35,88.35,2391,12086.8,54321000,-102600,06-JUL-2020,
FUTSTK,IOC,27-Aug-2020,0,XX,88.45,89.5,87.5,88.4,88.4,84,424.41,1670100,-22800,06-JUL-2020,
FUTSTK,IOC,24-Sep-2020,0,XX,88.5,89.3,87.75,88.25,88.75,8,40.42,68400,-17100,06-JUL-2020,
FUTSTK,ITC,30-Jul-2020,0,XX,200.3,201.8,199.2,200.6,200.35,9375,60110.76,84297600,524800,06-JUL-2020,
FUTSTK,ITC,27-Aug-2020,0,XX,200.1,202,199.6,201.05,201,370,2376.59,1996800,156800,06-JUL-2020,
FUTSTK,ITC,24-Sep-2020,0,XX,201,202.3,200.15,202.2,201.65,40,257.27,169600,96000,06-JUL-2020,
FUTSTK,JINDALSTEL,30-Jul-2020,0,XX,156.15,160.45,154.2,157.55,157.55,4074,32139.21,18010000,485000,06-JUL-2020,
FUTSTK,JINDALSTEL,27-Aug-2020,0,XX,155.25,160.5,155.2,157.6,157.6,28,222.08,270000,-5000,06-JUL-2020,
FUTSTK,JINDALSTEL,24-Sep-2020,0,XX,0,0,0,161.25,158.4,0,0,10000,0,06-JUL-2020,
FUTSTK,JSWSTEEL,30-Jul-2020,0,XX,191.85,196,190.35,194.4,194.4,4037,21149.24,43756200,86400,06-JUL-2020,
FUTSTK,JSWSTEEL,27-Aug-2020,0,XX,191.65,196,191.05,195,194.95,47,245.99,183600,21600,06-JUL-2020,
FUTSTK,JSWSTEEL,24-Sep-2020,0,XX,0,0,0,195.85,195.55,0,0,0,0,06-JUL-2020,
FUTSTK,JUBLFOOD,30-Jul-2020,0,XX,1748.45,1752.75,1722.25,1741,1741,1114,9676.55,2307500,-18500,06-JUL-2020,
FUTSTK,JUBLFOOD,27-Aug-2020,0,XX,1721.85,1734.7,1718,1734.4,1734.4,7,60.36,26500,500,06-JUL-2020,
FUTSTK,JUBLFOOD,24-Sep-2020,0,XX,0,0,0,1803.9,1752.85,0,0,0,0,06-JUL-2020,
FUTSTK,JUSTDIAL,30-Jul-2020,0,XX,383.6,388.4,382,385.45,385.45,1359,7326.1,1463000,26600,06-JUL-2020,
FUTSTK,KOTAKBANK,30-Jul-2020,0,XX,1364.9,1383.8,1358.35,1370.5,1370.5,12809,70214.9,8207600,-22800,06-JUL-2020,
FUTSTK,KOTAKBANK,27-Aug-2020,0,XX,1361.7,1380.95,1356.2,1366.4,1366.4,184,1006.66,99600,-2800,06-JUL-2020,
FUTSTK,KOTAKBANK,24-Sep-2020,0,XX,1365.55,1372,1365.55,1372,1380.7,4,21.92,5600,0,06-JUL-2020,
FUTSTK,L&TFH,30-Jul-2020,0,XX,68.5,71.4,68.5,70.2,70.2,3965,18936.84,22025200,1536800,06-JUL-2020,
FUTSTK,L&TFH,27-Aug-2020,0,XX,68.9,71.1,68.9,70.3,70.3,71,338.94,1836000,20400,06-JUL-2020,
FUTSTK,L&TFH,24-Sep-2020,0,XX,69.1,70.45,69.1,70.3,70.3,8,38.01,217600,-13600,06-JUL-2020,
FUTSTK,LICHSGFIN,30-Jul-2020,0,XX,276.7,279.3,274.4,276.15,276.15,2211,12246.5,7232000,106000,06-JUL-2020,
FUTSTK,LICHSGFIN,27-Aug-2020,0,XX,271.25,275.3,271.25,272.8,272.8,61,333.24,342000,-12000,06-JUL-2020,
FUTSTK,LICHSGFIN,24-Sep-2020,0,XX,272.15,272.15,272.15,272.15,279.25,1,5.44,38000,2000,06-JUL-2020,
FUTSTK,LT,30-Jul-2020,0,XX,952.45,961.25,945.8,953.05,953.05,7526,39495.76,9220750,376200,06-JUL-2020,
FUTSTK,LT,27-Aug-2020,0,XX,949.95,957,943.75,950.05,950.05,234,1223.66,287100,13200,06-JUL-2020,
FUTSTK,LT,24-Sep-2020,0,XX,955,956.65,953.7,956.65,960.1,9,47.26,7150,1650,06-JUL-2020,
FUTSTK,LUPIN,30-Jul-2020,0,XX,889.9,895.5,874.25,876.05,876.05,4744,35543.36,8488950,331500,06-JUL-2020,
FUTSTK,LUPIN,27-Aug-2020,0,XX,888.2,888.2,875.3,876.05,876.05,44,329.46,62050,12750,06-JUL-2020,
FUTSTK,LUPIN,24-Sep-2020,0,XX,882,882,882,882,883.75,1,7.49,1700,850,06-JUL-2020,
FUTSTK,M&M,30-Jul-2020,0,XX,532.8,569.5,532.3,567.8,567.8,11789,91615.49,19832400,714000,06-JUL-2020,
FUTSTK,M&M,27-Aug-2020,0,XX,538.05,570.15,535.9,568.85,568.85,284,2210.03,313600,85400,06-JUL-2020,
FUTSTK,M&M,24-Sep-2020,0,XX,550,561.35,548.2,561.35,575.9,7,54.26,19600,5600,06-JUL-2020,
FUTSTK,M&MFIN,30-Jul-2020,0,XX,185,187.65,181.9,182.9,182.9,4350,16810.22,12432000,-768600,06-JUL-2020,
FUTSTK,M&MFIN,27-Aug-2020,0,XX,185,185.25,182.45,183.3,183.3,26,100.49,243600,8400,06-JUL-2020,
FUTSTK,M&MFIN,24-Sep-2020,0,XX,0,0,0,177.5,184.55,0,0,2100,0,06-JUL-2020,
FUTSTK,MANAPPURAM,30-Jul-2020,0,XX,162.35,163.1,159.45,161.85,161.85,1868,18084.64,14970000,102000,06-JUL-2020,
FUTSTK,MANAPPURAM,27-Aug-2020,0,XX,162.45,162.75,160.8,160.8,162.6,14,135.74,240000,12000,06-JUL-2020,
FUTSTK,MANAPPURAM,24-Sep-2020,0,XX,162,162,162,162,163.1,1,9.72,30000,0,06-JUL-2020,
FUTSTK,MARICO,30-Jul-2020,0,XX,355.05,355.05,341,352.15,352.15,3646,25531.78,12656000,-1132000,06-JUL-2020,
FUTSTK,MARICO,27-Aug-2020,0,XX,355,355,342.55,353,353,28,196.55,92000,4000,06-JUL-2020,
FUTSTK,MARICO,24-Sep-2020,0,XX,0,0,0,345.7,355.4,0,0,0,0,06-JUL-2020,
FUTSTK,MARUTI,30-Jul-2020,0,XX,5955.1,6158.4,5931.2,6141.2,6141.2,13696,82977.19,2985500,40600,06-JUL-2020,
FUTSTK,MARUTI,27-Aug-2020,0,XX,5920,6100.1,5890,6091.8,6091.8,201,1207.13,31900,400,06-JUL-2020,
FUTSTK,MARUTI,24-Sep-2020,0,XX,5989.75,6101.2,5983.75,6097.15,6180.95,8,48.18,1700,100,06-JUL-2020,
FUTSTK,MCDOWELL-N,30-Jul-2020,0,XX,592.15,600,586.4,591.05,591.05,4812,35667.83,15715000,617500,06-JUL-2020,
FUTSTK,MCDOWELL-N,27-Aug-2020,0,XX,593,599.55,588,592.45,592.45,24,178.56,86250,3750,06-JUL-2020,
FUTSTK,MCDOWELL-N,24-Sep-2020,0,XX,0,0,0,608.15,594.45,0,0,0,0,06-JUL-2020,
FUTSTK,MFSL,30-Jul-2020,0,XX,554.2,566.45,554.2,560.45,560.45,1005,7323.55,1764100,71500,06-JUL-2020,
FUTSTK,MFSL,27-Aug-2020,0,XX,552.5,559.85,552.5,559.85,563.35,2,14.46,20800,0,06-JUL-2020,
FUTSTK,MFSL,24-Sep-2020,0,XX,0,0,0,542.3,565.2,0,0,0,0,06-JUL-2020,
FUTSTK,MGL,30-Jul-2020,0,XX,1078.85,1090.7,1067.35,1073.45,1073.45,924,5977.64,664800,-9000,06-JUL-2020,
FUTSTK,MGL,27-Aug-2020,0,XX,1068,1077.25,1062.95,1062.95,1080.05,6,38.53,9000,600,06-JUL-2020,
FUTSTK,MGL,24-Sep-2020,0,XX,0,0,0,1032.3,1083.6,0,0,0,0,06-JUL-2020,
FUTSTK,MINDTREE,30-Jul-2020,0,XX,945.3,963.3,930,960.35,960.35,1804,13737.2,1737600,-150400,06-JUL-2020,
FUTSTK,MINDTREE,27-Aug-2020,0,XX,935,958,930.05,957.8,957.8,18,136.19,24800,2400,06-JUL-2020,
FUTSTK,MINDTREE,24-Sep-2020,0,XX,0,0,0,927.5,969.6,0,0,0,0,06-JUL-2020,
FUTSTK,MOTHERSUMI,30-Jul-2020,0,XX,99,102.2,98,99.45,99.45,3483,24383.76,30555000,-1778000,06-JUL-2020,
FUTSTK,MOTHERSUMI,27-Aug-2020,0,XX,98.8,102,97.9,99.85,99.7,54,378.29,490000,49000,06-JUL-2020,
FUTSTK,MOTHERSUMI,24-Sep-2020,0,XX,98.7,99.95,98.7,99.95,100.05,2,13.9,35000,-14000,06-JUL-2020,
FUTSTK,MRF,30-Jul-2020,0,XX,66465.85,67771,66420.35,67410.25,67410.25,771,5195.03,15650,180,06-JUL-2020,
FUTSTK,MRF,27-Aug-2020,0,XX,67444,67750,67312.1,67615,67743.3,9,60.73,270,40,06-JUL-2020,
FUTSTK,MRF,24-Sep-2020,0,XX,68345.55,68345.55,68345.55,68345.55,67964.5,1,6.83,10,10,06-JUL-2020,
FUTSTK,MUTHOOTFIN,30-Jul-2020,0,XX,1165.65,1170,1128,1136.4,1136.4,3760,32224.43,2997000,-250500,06-JUL-2020,
FUTSTK,MUTHOOTFIN,27-Aug-2020,0,XX,1154.85,1154.85,1128.9,1133.55,1133.55,45,382.83,48000,6000,06-JUL-2020,
FUTSTK,MUTHOOTFIN,24-Sep-2020,0,XX,0,0,0,1126.1,1144.95,0,0,3750,0,06-JUL-2020,
FUTSTK,NATIONALUM,30-Jul-2020,0,XX,32.8,33.65,32.5,33.55,33.55,777,4377.5,35173000,-153000,06-JUL-2020,
FUTSTK,NATIONALUM,27-Aug-2020,0,XX,32.55,33.45,32.55,33.45,33.45,21,117.82,2295000,51000,06-JUL-2020,
FUTSTK,NATIONALUM,24-Sep-2020,0,XX,32.25,32.25,32.25,32.25,33.65,1,5.48,102000,-17000,06-JUL-2020,
FUTSTK,NAUKRI,30-Jul-2020,0,XX,2790,2810.4,2780,2795.3,2795.3,237,1656.65,730500,500,06-JUL-2020,
FUTSTK,NAUKRI,27-Aug-2020,0,XX,2790.1,2790.1,2790.1,2790.1,2790.1,1,6.97,2750,0,06-JUL-2020,
FUTSTK,NAUKRI,24-Sep-2020,0,XX,0,0,0,2779.9,2808.75,0,0,0,0,06-JUL-2020,
FUTSTK,NCC,30-Jul-2020,0,XX,30.9,32.7,30.55,32.25,32.25,1255,8406.21,22764000,2856000,06-JUL-2020,
FUTSTK,NESTLEIND,30-Jul-2020,0,XX,16748.95,16900.05,16710.7,16870.7,16870.7,1894,15926.49,572750,8650,06-JUL-2020,
FUTSTK,NESTLEIND,27-Aug-2020,0,XX,16733,16915,16733,16907.5,16907.5,29,244.17,3700,850,06-JUL-2020,
FUTSTK,NESTLEIND,24-Sep-2020,0,XX,0,0,0,16984.05,16959.2,0,0,0,0,06-JUL-2020,
FUTSTK,NIITTECH,30-Jul-2020,0,XX,1427.35,1463.5,1427.35,1438.05,1438.05,915,4973.03,573375,-7125,06-JUL-2020,
FUTSTK,NIITTECH,27-Aug-2020,0,XX,0,0,0,1402.95,1444.95,0,0,5250,0,06-JUL-2020,
FUTSTK,NIITTECH,24-Sep-2020,0,XX,0,0,0,1430.45,1449.7,0,0,750,0,06-JUL-2020,
FUTSTK,NMDC,30-Jul-2020,0,XX,83.3,86.2,83.15,85.5,85.5,1842,10472.57,30940600,1922900,06-JUL-2020,
FUTSTK,NMDC,27-Aug-2020,0,XX,83.8,86.05,83.8,85.65,85.65,41,234.23,522600,180900,06-JUL-2020,
FUTSTK,NMDC,24-Sep-2020,0,XX,83.5,84.8,83.5,84.8,85.8,4,22.55,167500,0,06-JUL-2020,
FUTSTK,NTPC,30-Jul-2020,0,XX,95.65,96.45,95.05,95.45,95.45,2236,12200.06,62928000,-581400,06-JUL-2020,
FUTSTK,NTPC,27-Aug-2020,0,XX,93.95,94.9,93.5,93.8,93.8,190,1020.81,1100100,79800,06-JUL-2020,
FUTSTK,NTPC,24-Sep-2020,0,XX,93.85,94.45,93.8,93.8,93.8,6,32.19,68400,11400,06-JUL-2020,
FUTSTK,ONGC,30-Jul-2020,0,XX,83.1,85.15,83,84.05,84.05,1833,11891.67,61523000,962500,06-JUL-2020,
FUTSTK,ONGC,27-Aug-2020,0,XX,83.65,85,83.05,84.05,84.05,33,214.09,947100,-38500,06-JUL-2020,
FUTSTK,ONGC,24-Sep-2020,0,XX,84.2,84.2,84.2,84.2,84.2,1,6.48,84700,0,06-JUL-2020,
FUTSTK,PAGEIND,30-Jul-2020,0,XX,20617.95,20990,20487.4,20605.85,20605.85,649,4033.31,109950,-1980,06-JUL-2020,
FUTSTK,PAGEIND,27-Aug-2020,0,XX,20600,20911.05,20516.25,20529.2,20529.2,269,1672.45,1350,240,06-JUL-2020,
FUTSTK,PAGEIND,24-Sep-2020,0,XX,0,0,0,20009,20730.95,0,0,120,0,06-JUL-2020,
FUTSTK,PEL,30-Jul-2020,0,XX,1410,1418.55,1390.15,1405.3,1405.3,1920,14810.83,3633850,34100,06-JUL-2020,
FUTSTK,PEL,27-Aug-2020,0,XX,1398.5,1412.8,1393.15,1403.2,1403.2,19,146.25,44000,1100,06-JUL-2020,
FUTSTK,PEL,24-Sep-2020,0,XX,0,0,0,1325.75,1426.45,0,0,2200,0,06-JUL-2020,
FUTSTK,PETRONET,30-Jul-2020,0,XX,266.6,271.15,266.3,268.4,268.4,1802,14523.39,13515000,135000,06-JUL-2020,
FUTSTK,PETRONET,27-Aug-2020,0,XX,267.75,271.15,267.2,268.45,268.45,85,684.26,1323000,-36000,06-JUL-2020,
FUTSTK,PETRONET,24-Sep-2020,0,XX,267.95,270.25,267.7,268.75,277.05,11,88.68,897000,3000,06-JUL-2020,
FUTSTK,PFC,30-Jul-2020,0,XX,84.3,88.7,84.05,88.1,88.1,4658,25233.46,49804600,1091200,06-JUL-2020,
FUTSTK,PFC,27-Aug-2020,0,XX,84.4,88.7,84.4,88.25,88.25,77,417.75,514600,142600,06-JUL-2020,
FUTSTK,PFC,24-Sep-2020,0,XX,87,87,87,87,88.5,1,5.39,31000,6200,06-JUL-2020,
FUTSTK,PIDILITIND,30-Jul-2020,0,XX,1398.2,1409.9,1392.3,1395,1395,2094,14665.96,3308000,89000,06-JUL-2020,
FUTSTK,PIDILITIND,27-Aug-2020,0,XX,1397.4,1412.25,1394.7,1394.7,1394.7,23,161.32,19000,0,06-JUL-2020,
FUTSTK,PIDILITIND,24-Sep-2020,0,XX,1403,1403,1403,1403,1402.35,1,7.01,2000,0,06-JUL-2020,
FUTSTK,PNB,30-Jul-2020,0,XX,36.15,37.45,36.05,37.25,37.25,2754,14215.55,52584000,4186000,06-JUL-2020,
FUTSTK,PNB,27-Aug-2020,0,XX,36.3,37.4,36.25,37.35,37.35,64,330.42,2926000,84000,06-JUL-2020,
FUTSTK,PNB,24-Sep-2020,0,XX,0,0,0,36.25,37.45,0,0,70000,0,06-JUL-2020,
FUTSTK,POWERGRID,30-Jul-2020,0,XX,178.75,179,176.2,178.65,178.65,946,6726.94,31832000,44000,06-JUL-2020,
FUTSTK,POWERGRID,27-Aug-2020,0,XX,175.55,176.2,173.7,176.05,176.05,14,97.9,196000,20000,06-JUL-2020,
FUTSTK,POWERGRID,24-Sep-2020,0,XX,0,0,0,173.75,179.65,1,6.98,12000,4000,06-JUL-2020,
FUTSTK,PVR,30-Jul-2020,0,XX,1010.55,1035,1006.6,1025.7,1025.7,2222,9084.38,1368000,14000,06-JUL-2020,
FUTSTK,PVR,27-Aug-2020,0,XX,1003.85,1017.8,987.9,1005.9,1005.9,93,372.74,111600,8000,06-JUL-2020,
FUTSTK,PVR,24-Sep-2020,0,XX,997.5,997.5,978.1,992.85,992.85,5,19.75,4800,800,06-JUL-2020,
FUTSTK,RAMCOCEM,30-Jul-2020,0,XX,645,655.05,636.5,653.25,653.25,1170,6430.79,1017450,15300,06-JUL-2020,
FUTSTK,RAMCOCEM,27-Aug-2020,0,XX,0,0,0,640.35,660.2,0,0,6800,0,06-JUL-2020,
FUTSTK,RAMCOCEM,24-Sep-2020,0,XX,0,0,0,640.05,662.35,0,0,0,0,06-JUL-2020,
FUTSTK,RBLBANK,30-Jul-2020,0,XX,176.5,180.6,174.6,178.35,178.35,8252,38163.59,20839000,361400,06-JUL-2020,
FUTSTK,RBLBANK,27-Aug-2020,0,XX,174.55,179.3,173.55,177.3,177.3,86,394.46,574600,13000,06-JUL-2020,
FUTSTK,RBLBANK,24-Sep-2020,0,XX,174.05,176,174.05,175,179.7,6,27.27,52000,0,06-JUL-2020,
FUTSTK,RECLTD,30-Jul-2020,0,XX,108.7,112.6,108.7,111.95,111.95,1901,12661.65,16656000,198000,06-JUL-2020,
FUTSTK,RECLTD,27-Aug-2020,0,XX,108.85,112,108.85,111.5,111.5,31,205.89,216000,0,06-JUL-2020,
FUTSTK,RECLTD,24-Sep-2020,0,XX,0,0,0,109.4,112.65,0,0,12000,0,06-JUL-2020,
FUTSTK,RELIANCE,30-Jul-2020,0,XX,1803,1857,1790.75,1851.85,1851.85,55307,511748.82,40063670,508030,06-JUL-2020,
FUTSTK,RELIANCE,27-Aug-2020,0,XX,1805.15,1860.65,1794,1855.3,1855.3,1953,18108.04,666600,141905,06-JUL-2020,
FUTSTK,RELIANCE,24-Sep-2020,0,XX,1801.65,1862,1799,1858.55,1858.55,161,1492.16,69690,34340,06-JUL-2020,
FUTSTK,SAIL,30-Jul-2020,0,XX,31,32.2,30.85,31.85,31.85,191,1148.44,47500000,-3477000,06-JUL-2020,
FUTSTK,SAIL,27-Aug-2020,0,XX,30.35,32,30.35,32,32.05,8,48.26,3610000,-152000,06-JUL-2020,
FUTSTK,SAIL,24-Sep-2020,0,XX,0,0,0,31.45,32.15,0,0,133000,0,06-JUL-2020,
FUTSTK,SBILIFE,30-Jul-2020,0,XX,851.85,875.25,851.3,863.45,863.45,2523,16350.59,5963250,-52500,06-JUL-2020,
FUTSTK,SBILIFE,27-Aug-2020,0,XX,853.05,873.45,853.05,867.3,868.75,22,142.66,16500,-750,06-JUL-2020,
FUTSTK,SBILIFE,24-Sep-2020,0,XX,0,0,0,795.5,871.6,0,0,0,0,06-JUL-2020,
FUTSTK,SBIN,30-Jul-2020,0,XX,186.6,190.4,186.35,188.75,188.75,19888,112670.65,104976000,3333000,06-JUL-2020,
FUTSTK,SBIN,27-Aug-2020,0,XX,187.3,190.75,186.85,189.05,189.05,520,2949.23,2412000,-96000,06-JUL-2020,
FUTSTK,SBIN,24-Sep-2020,0,XX,187,190.7,187,189.4,189.4,33,187.55,156000,15000,06-JUL-2020,
FUTSTK,SHREECEM,30-Jul-2020,0,XX,23005.25,23247.9,22892.55,23136,23136,1075,12396.29,142450,-2350,06-JUL-2020,
FUTSTK,SHREECEM,27-Aug-2020,0,XX,22950.05,23164.95,22870,23128.75,23128.75,651,7494.97,1150,-300,06-JUL-2020,
FUTSTK,SHREECEM,24-Sep-2020,0,XX,0,0,0,22327.85,23327.35,0,0,0,0,06-JUL-2020,
FUTSTK,SIEMENS,30-Jul-2020,0,XX,1169.6,1187.65,1157.5,1163.5,1163.5,8139,52457.51,2619650,-43450,06-JUL-2020,
FUTSTK,SIEMENS,27-Aug-2020,0,XX,1159.65,1188.9,1159.65,1164.25,1164.25,40,258.11,17600,10450,06-JUL-2020,
FUTSTK,SIEMENS,24-Sep-2020,0,XX,0,0,0,1123.15,1173.2,0,0,0,0,06-JUL-2020,
FUTSTK,SRF,30-Jul-2020,0,XX,3673.9,3892,3663.25,3867.8,3867.8,6399,61017.98,596000,72000,06-JUL-2020,
FUTSTK,SRF,27-Aug-2020,0,XX,3667.5,3885,3665.15,3880.05,3880.05,39,368.94,7250,2750,06-JUL-2020,
FUTSTK,SRF,24-Sep-2020,0,XX,0,0,0,3657.6,3886.45,0,0,0,0,06-JUL-2020,
FUTSTK,SRTRANSFIN,30-Jul-2020,0,XX,704.7,714.15,689.15,698.3,698.3,5016,22835.45,2865200,-31200,06-JUL-2020,
FUTSTK,SRTRANSFIN,27-Aug-2020,0,XX,700,709,689,695.6,695.6,74,335.14,64350,24050,06-JUL-2020,
FUTSTK,SRTRANSFIN,24-Sep-2020,0,XX,695.65,695.65,689,692,692,4,18,2600,650,06-JUL-2020,
FUTSTK,SUNPHARMA,30-Jul-2020,0,XX,478.1,481,471.6,480.05,480.05,5022,33521.55,29892800,-218400,06-JUL-2020,
FUTSTK,SUNPHARMA,27-Aug-2020,0,XX,477.45,481.45,472.4,480.45,480.45,105,700.86,235200,4200,06-JUL-2020,
FUTSTK,SUNPHARMA,24-Sep-2020,0,XX,475,479.4,475,479.4,484.7,4,26.71,21000,1400,06-JUL-2020,
FUTSTK,SUNTV,30-Jul-2020,0,XX,403.85,404.9,397.65,400.75,400.75,1608,9677.3,4951500,192000,06-JUL-2020,
FUTSTK,SUNTV,27-Aug-2020,0,XX,403.55,404.2,398.2,401.2,401.2,19,114.12,57000,4500,06-JUL-2020,
FUTSTK,SUNTV,24-Sep-2020,0,XX,0,0,0,418.6,402.75,0,0,0,0,06-JUL-2020,
FUTSTK,TATACHEM,30-Jul-2020,0,XX,309.3,314.7,309.05,311.15,311.15,712,4440.77,1666000,-46000,06-JUL-2020,
FUTSTK,TATACHEM,27-Aug-2020,0,XX,308.6,314.4,308.6,311,311,15,93.51,44000,-2000,06-JUL-2020,
FUTSTK,TATACHEM,24-Sep-2020,0,XX,0,0,0,321.05,312.8,0,0,0,0,06-JUL-2020,
FUTSTK,TATACONSUM,30-Jul-2020,0,XX,399.7,409.55,398.4,407.5,407.5,3000,32836.73,14661000,545400,06-JUL-2020,
FUTSTK,TATACONSUM,27-Aug-2020,0,XX,401.95,410.4,401.95,408.7,408.15,25,274.83,97200,0,06-JUL-2020,
FUTSTK,TATACONSUM,24-Sep-2020,0,XX,0,0,0,388.55,409.5,0,0,0,0,06-JUL-2020,
FUTSTK,TATAMOTORS,30-Jul-2020,0,XX,105.2,110.2,104.7,109.5,109.5,14977,91888.67,91177200,7387200,06-JUL-2020,
FUTSTK,TATAMOTORS,27-Aug-2020,0,XX,105.2,110.3,105.15,109.65,109.65,420,2579.47,1915200,119700,06-JUL-2020,
FUTSTK,TATAMOTORS,24-Sep-2020,0,XX,105.75,110.3,105.7,109.8,109.8,25,153.42,102600,11400,06-JUL-2020,
FUTSTK,TATAPOWER,30-Jul-2020,0,XX,49.1,49.35,48.45,48.95,48.95,1759,11619.2,49248000,-1309500,06-JUL-2020,
FUTSTK,TATAPOWER,27-Aug-2020,0,XX,49.05,49.45,48.65,48.95,48.95,80,529.2,2686500,499500,06-JUL-2020,
FUTSTK,TATAPOWER,24-Sep-2020,0,XX,49.25,49.65,49.2,49.65,50.8,6,40,202500,81000,06-JUL-2020,
FUTSTK,TATASTEEL,30-Jul-2020,0,XX,327.3,339.4,325.3,336.55,336.55,11215,63785.57,15500600,-1626900,06-JUL-2020,
FUTSTK,TATASTEEL,27-Aug-2020,0,XX,323,334.1,321.8,332,332,365,2048.27,712300,44200,06-JUL-2020,
FUTSTK,TATASTEEL,24-Sep-2020,0,XX,328.1,333.5,328.1,332.4,342.05,5,28.17,15300,0,06-JUL-2020,
FUTSTK,TCS,30-Jul-2020,0,XX,2195.05,2249.7,2190.65,2244.3,2244.3,13269,88693.87,9266400,455700,06-JUL-2020,
FUTSTK,TCS,27-Aug-2020,0,XX,2200.05,2251.4,2196.9,2247.65,2247.65,357,2393.37,130200,27900,06-JUL-2020,
FUTSTK,TCS,24-Sep-2020,0,XX,2203.55,2251.05,2198.9,2250.1,2250.1,15,100.41,4800,2100,06-JUL-2020,
FUTSTK,TECHM,30-Jul-2020,0,XX,567.25,582.55,566.95,576.8,576.8,4839,33459.56,17686800,-414000,06-JUL-2020,
FUTSTK,TECHM,27-Aug-2020,0,XX,570,583.05,570,578,578,43,297.72,96000,14400,06-JUL-2020,
FUTSTK,TECHM,24-Sep-2020,0,XX,0,0,0,554,587,0,0,2400,0,06-JUL-2020,
FUTSTK,TITAN,30-Jul-2020,0,XX,1008.1,1018.85,995.3,1014.5,1014.5,4018,30405.11,7078500,-18000,06-JUL-2020,
FUTSTK,TITAN,27-Aug-2020,0,XX,1001.5,1015,994.1,1011.95,1011.95,31,233.65,80250,3000,06-JUL-2020,
FUTSTK,TITAN,24-Sep-2020,0,XX,0,0,0,992.1,1023.7,0,0,3000,0,06-JUL-2020,
FUTSTK,TORNTPHARM,30-Jul-2020,0,XX,2413.65,2413.65,2345,2353.65,2353.65,1268,14975.23,1442000,29500,06-JUL-2020,
FUTSTK,TORNTPHARM,27-Aug-2020,0,XX,2354.75,2355.35,2349.35,2354.2,2354.2,4,47.06,9000,1000,06-JUL-2020,
FUTSTK,TORNTPHARM,24-Sep-2020,0,XX,0,0,0,2529.45,2369.25,0,0,0,0,06-JUL-2020,
FUTSTK,TORNTPOWER,30-Jul-2020,0,XX,329.9,334.9,327.75,332.75,332.75,890,8867.32,1509000,-90000,06-JUL-2020,
FUTSTK,TORNTPOWER,27-Aug-2020,0,XX,329.9,329.9,329.9,329.9,334,1,9.89,63000,0,06-JUL-2020,
FUTSTK,TORNTPOWER,24-Sep-2020,0,XX,0,0,0,330,335.1,0,0,0,0,06-JUL-2020,
FUTSTK,TVSMOTOR,30-Jul-2020,0,XX,395.2,405,393.5,403.4,403.4,2640,14789.2,4383400,253400,06-JUL-2020,
FUTSTK,TVSMOTOR,27-Aug-2020,0,XX,389.45,398.8,389.45,397.25,397.25,9,49.94,21000,-1400,06-JUL-2020,
FUTSTK,TVSMOTOR,24-Sep-2020,0,XX,0,0,0,387.8,412.05,0,0,0,0,06-JUL-2020,
FUTSTK,UBL,30-Jul-2020,0,XX,1041.95,1068.9,1032.55,1057.25,1057.25,1247,9210.44,977900,-16800,06-JUL-2020,
FUTSTK,UBL,27-Aug-2020,0,XX,1040.75,1060.75,1028.95,1059.8,1066.8,13,95.36,15400,4200,06-JUL-2020,
FUTSTK,UBL,24-Sep-2020,0,XX,0,0,0,1061.45,1070.25,0,0,0,0,06-JUL-2020,
FUTSTK,UJJIVAN,30-Jul-2020,0,XX,241.5,244.35,238.1,241.85,241.85,3856,20483.47,3150400,-134200,06-JUL-2020,
FUTSTK,UJJIVAN,27-Aug-2020,0,XX,239.95,240.1,237.95,240,240,4,21.07,90200,0,06-JUL-2020,
FUTSTK,ULTRACEMCO,30-Jul-2020,0,XX,3908.65,3948,3905,3938.1,3938.1,1838,14444.81,2239600,-13800,06-JUL-2020,
FUTSTK,ULTRACEMCO,27-Aug-2020,0,XX,3921,3938.45,3920,3936.8,3954.8,12,94.33,8200,400,06-JUL-2020,
FUTSTK,ULTRACEMCO,24-Sep-2020,0,XX,0,0,0,3847,3967.75,0,0,0,0,06-JUL-2020,
FUTSTK,UPL,30-Jul-2020,0,XX,445.55,457.8,442.15,452.65,452.65,3957,23243.21,7745400,-269100,06-JUL-2020,
FUTSTK,UPL,27-Aug-2020,0,XX,441.95,454.1,441,450.35,450.35,81,473.38,1151800,15600,06-JUL-2020,
FUTSTK,UPL,24-Sep-2020,0,XX,444,454,444,454,460.85,3,17.44,28600,-1300,06-JUL-2020,
FUTSTK,VEDL,30-Jul-2020,0,XX,106.85,111.8,106.4,110.2,110.2,4608,31335.82,102467400,-4036200,06-JUL-2020,
FUTSTK,VEDL,27-Aug-2020,0,XX,106.75,111.6,106.4,110,110,139,942.89,1171800,241800,06-JUL-2020,
FUTSTK,VEDL,24-Sep-2020,0,XX,110.1,110.1,110,110.05,110.05,2,13.64,68200,12400,06-JUL-2020,
FUTSTK,VOLTAS,30-Jul-2020,0,XX,562.25,570.85,558.75,568,568,2829,15992.15,3377000,4000,06-JUL-2020,
FUTSTK,VOLTAS,27-Aug-2020,0,XX,558.9,566.55,556.45,564.75,564.75,27,151.5,61000,5000,06-JUL-2020,
FUTSTK,VOLTAS,24-Sep-2020,0,XX,557.25,558.3,557.25,558.3,571.8,2,11.15,2000,0,06-JUL-2020,
FUTSTK,WIPRO,30-Jul-2020,0,XX,226.25,227.2,222.5,223.6,223.6,2112,15187.3,25145600,505600,06-JUL-2020,
FUTSTK,WIPRO,27-Aug-2020,0,XX,226.7,227,223.25,224.05,224.05,30,215.85,220800,25600,06-JUL-2020,
FUTSTK,WIPRO,24-Sep-2020,0,XX,0,0,0,220.8,224.75,0,0,0,0,06-JUL-2020,
FUTSTK,ZEEL,30-Jul-2020,0,XX,173.45,178.5,171.65,175.55,175.55,4236,22259.12,21309000,771000,06-JUL-2020,
FUTSTK,ZEEL,27-Aug-2020,0,XX,172.7,178,171.45,175.1,175.1,62,324.64,300000,-15000,06-JUL-2020,
FUTSTK,ZEEL,24-Sep-2020,0,XX,173.9,178.75,173.9,178.75,176.7,2,10.57,18000,3000,06-JUL-2020,
OPTIDX,BANKNIFTY,09-Jul-2020,14300,CE,0,0,0,3580,7903.95,0,0,0,0,06-JUL-2020,
OPTIDX,BANKNIFTY,09-Jul-2020,14400,CE,0,0,0,3507.05,7804,0,0,0,0,06-JUL-2020,
OPTIDX,BANKNIFTY,09-Jul-2020,14500,CE,0,0,0,3810.45,7704,0,0,0,0,06-JUL-2020,
OPTIDX,BANKNIFTY,09-Jul-2020,14600,CE,0,0,0,3737.1,7604.05,0,0,0,0,06-JUL-2020,
OPTIDX,BANKNIFTY,09-Jul-2020,14700,CE,0,0,0,3667.25,7504.1,0,0,0,0,06-JUL-2020,
OPTIDX,BANKNIFTY,09-Jul-2020,14800,CE,0,0,0,3598.3,7404.1,0,0,0,0,06-JUL-2020,
OPTIDX,BANKNIFTY,09-Jul-2020,14900,CE,0,0,0,3530.15,7304.15,0,0,0,0,06-JUL-2020,
OPTIDX,BANKNIFTY,09-Jul-2020,15000,CE,0,0,0,3462.9,7204.2,0,0,0,0,06-JUL-2020,
OPTIDX,BANKNIFTY,09-Jul-2020,15100,CE,0,0,0,3396.45,7104.2,0,0,0,0,06-JUL-2020,
OPTIDX,BANKNIFTY,09-Jul-2020,15200,CE,0,0,0,3330.85,7004.25,0,0,0,0,06-JUL-2020,
OPTIDX,BANKNIFTY,09-Jul-2020,15300,CE,0,0,0,3265.45,6904.3,0,0,0,0,06-JUL-2020,
OPTIDX,BANKNIFTY,09-Jul-2020,15400,CE,0,0,0,3201.6,6804.35,0,0,0,0,06-JUL-2020,
OPTIDX,BANKNIFTY,09-Jul-2020,15500,CE,0,0,0,3138.65,6704.35,0,0,0,0,06-JUL-2020,
OPTIDX,BANKNIFTY,09-Jul-2020,15600,CE,0,0,0,3076.6,6604.4,0,0,0,0,06-JUL-2020,
OPTIDX,BANKNIFTY,09-Jul-2020,15700,CE,0,0,0,3015.35,6504.45,0,0,0,0,06-JUL-2020,
OPTIDX,BANKNIFTY,09-Jul-2020,15800,CE,0,0,0,3960.25,6404.45,0,0,0,0,06-JUL-2020,
OPTIDX,BANKNIFTY,09-Jul-2020,15900,CE,0,0,0,4083.15,6304.5,0,0,0,0,06-JUL-2020,
OPTIDX,BANKNIFTY,09-Jul-2020,16000,CE,0,0,0,4147.2,6204.55,0,0,0,0,06-JUL-2020,
OPTIDX,BANKNIFTY,09-Jul-2020,16100,CE,0,0,0,4083.55,6104.55,0,0,0,0,06-JUL-2020,
OPTIDX,BANKNIFTY,09-Jul-2020,16200,CE,0,0,0,4020.55,6004.6,0,0,0,0,06-JUL-2020,
OPTIDX,BANKNIFTY,09-Jul-2020,16300,CE,0,0,0,3957.55,5904.65,0,0,0,0,06-JUL-2020,
OPTIDX,BANKNIFTY,09-Jul-2020,16400,CE,0,0,0,4277.45,5804.7,0,0,0,0,06-JUL-2020,
OPTIDX,BANKNIFTY,09-Jul-2020,16500,CE,0,0,0,4441.75,5704.7,0,0,0,0,06-JUL-2020,
OPTIDX,BANKNIFTY,09-Jul-2020,16600,CE,0,0,0,4379.9,5604.75,0,0,0,0,06-JUL-2020,
OPTIDX,BANKNIFTY,09-Jul-2020,16700,CE,0,0,0,4319.5,5504.8,0,0,0,0,06-JUL-2020,
OPTIDX,BANKNIFTY,09-Jul-2020,16800,CE,0,0,0,4259.7,5404.8,0,0,0,0,06-JUL-2020,
OPTIDX,BANKNIFTY,09-Jul-2020,16900,CE,0,0,0,4200.55,5304.85,0,0,0,0,06-JUL-2020,
OPTIDX,BANKNIFTY,09-Jul-2020,17000,CE,0,0,0,4200,5204.9,0,0,20,0,06-JUL-2020,
OPTIDX,BANKNIFTY,09-Jul-2020,17100,CE,0,0,0,4084.1,5104.9,0,0,0,0,06-JUL-2020,
OPTIDX,BANKNIFTY,09-Jul-2020,17200,CE,0,0,0,4026.8,5004.95,0,0,0,0,06-JUL-2020,
OPTIDX,BANKNIFTY,09-Jul-2020,17300,CE,0,0,0,3970.15,4905,0,0,0,0,06-JUL-2020,
OPTIDX,BANKNIFTY,09-Jul-2020,17400,CE,0,0,0,3914.15,4805.05,0,0,0,0,06-JUL-2020,
OPTIDX,BANKNIFTY,09-Jul-2020,17500,CE,0,0,0,3858.7,4705.05,0,0,0,0,06-JUL-2020,
OPTIDX,BANKNIFTY,09-Jul-2020,17600,CE,0,0,0,3803.9,4605.1,0,0,0,0,06-JUL-2020,
OPTIDX,BANKNIFTY,09-Jul-2020,17700,CE,0,0,0,3749.75,4505.15,0,0,0,0,06-JUL-2020,
OPTIDX,BANKNIFTY,09-Jul-2020,17800,CE,0,0,0,3696.15,4405.15,0,0,0,0,06-JUL-2020,
OPTIDX,BANKNIFTY,09-Jul-2020,17900,CE,0,0,0,3643.2,4305.2,0,0,0,0,06-JUL-2020,
OPTIDX,BANKNIFTY,09-Jul-2020,18000,CE,4270,4270,4250,4250,4250,5,22.26,120,-40,06-JUL-2020,
OPTIDX,BANKNIFTY,09-Jul-2020,18100,CE,0,0,0,3539.1,4105.25,0,0,0,0,06-JUL-2020,
OPTIDX,BANKNIFTY,09-Jul-2020,18200,CE,0,0,0,3487.95,4005.3,0,0,0,0,06-JUL-2020,
OPTIDX,BANKNIFTY,09-Jul-2020,18300,CE,0,0,0,3437.4,3905.35,0,0,0,0,06-JUL-2020,
OPTIDX,BANKNIFTY,09-Jul-2020,18400,CE,0,0,0,3387.45,3805.4,0,0,0,0,06-JUL-2020,
OPTIDX,BANKNIFTY,09-Jul-2020,18500,CE,3850,3861.65,3775.75,3775.75,3775.75,3,13.39,120,20,06-JUL-2020,
OPTIDX,BANKNIFTY,09-Jul-2020,18600,CE,0,0,0,3289.25,3605.45,0,0,0,0,06-JUL-2020,
OPTIDX,BANKNIFTY,09-Jul-2020,18700,CE,0,0,0,3241.05,3505.5,0,0,0,0,06-JUL-2020,
OPTIDX,BANKNIFTY,09-Jul-2020,18800,CE,0,0,0,3193.45,3405.5,0,0,0,0,06-JUL-2020,
OPTIDX,BANKNIFTY,09-Jul-2020,18900,CE,0,0,0,3146.4,3305.55,0,0,0,0,06-JUL-2020,
OPTIDX,BANKNIFTY,09-Jul-2020,19000,CE,3300,3300,3300,3300,3205.6,1,4.46,1100,0,06-JUL-2020,
OPTIDX,BANKNIFTY,09-Jul-2020,19100,CE,0,0,0,3054.1,3105.6,0,0,0,0,06-JUL-2020,
OPTIDX,BANKNIFTY,09-Jul-2020,19200,CE,0,0,0,3008.8,3005.65,0,0,0,0,06-JUL-2020,
OPTIDX,BANKNIFTY,09-Jul-2020,19300,CE,0,0,0,2964.05,2905.7,0,0,0,0,06-JUL-2020,
OPTIDX,BANKNIFTY,09-Jul-2020,19400,CE,0,0,0,2919.85,2805.75,0,0,0,0,06-JUL-2020,
OPTIDX,BANKNIFTY,09-Jul-2020,19500,CE,2750,2831.65,2750,2770.8,2770.8,9,40.15,1220,100,06-JUL-2020,
OPTIDX,BANKNIFTY,09-Jul-2020,19600,CE,0,0,0,2833.15,2605.85,0,0,0,0,06-JUL-2020,
OPTIDX,BANKNIFTY,09-Jul-2020,19700,CE,0,0,0,2790.6,2505.95,0,0,0,0,06-JUL-2020,
OPTIDX,BANKNIFTY,09-Jul-2020,19800,CE,0,0,0,2748.65,2406.05,0,0,0,0,06-JUL-2020,
OPTIDX,BANKNIFTY,09-Jul-2020,19900,CE,0,0,0,2707.2,2306.2,0,0,0,0,06-JUL-2020,
OPTIDX,BANKNIFTY,09-Jul-2020,20000,CE,2250,2402.15,2195.9,2218.9,2218.9,77,343.43,8720,-80,06-JUL-2020,
OPTIDX,BANKNIFTY,09-Jul-2020,20100,CE,2120.15,2242.95,2120.15,2242.95,2242.95,4,17.81,20,20,06-JUL-2020,
OPTIDX,BANKNIFTY,09-Jul-2020,20200,CE,2046.4,2179.85,1987.1,1987.1,1987.1,4,17.83,40,40,06-JUL-2020,
OPTIDX,BANKNIFTY,09-Jul-2020,20300,CE,2039.35,2039.4,2039.35,2039.4,1907.8,5,22.33,480,100,06-JUL-2020,
OPTIDX,BANKNIFTY,09-Jul-2020,20400,CE,1795.35,1955.05,1795.35,1955.05,1808.75,2,8.91,940,20,06-JUL-2020,
OPTIDX,BANKNIFTY,09-Jul-2020,20500,CE,1780,1929,1700.1,1757.25,1757.25,309,1377.82,11700,-920,06-JUL-2020,
OPTIDX,BANKNIFTY,09-Jul-2020,20600,CE,1650,1650,1650,1650,1611.85,1,4.45,120,0,06-JUL-2020,
OPTIDX,BANKNIFTY,09-Jul-2020,20700,CE,1670,1676.55,1571,1676.55,1514.3,24,107.36,860,0,06-JUL-2020,
OPTIDX,BANKNIFTY,09-Jul-2020,20800,CE,1541,1581.55,1435.5,1477,1477,16,71.42,900,-40,06-JUL-2020,
OPTIDX,BANKNIFTY,09-Jul-2020,20900,CE,1340,1485,1340,1412.55,1322.05,11,49.06,420,-40,06-JUL-2020,
OPTIDX,BANKNIFTY,09-Jul-2020,21000,CE,1296.05,1454.75,1211.85,1278.05,1278.05,2289,10224.43,22260,-15400,06-JUL-2020,
OPTIDX,BANKNIFTY,09-Jul-2020,21100,CE,1204.05,1300,1142.85,1220,1135.3,14,62.47,1240,40,06-JUL-2020,
OPTIDX,BANKNIFTY,09-Jul-2020,21200,CE,1155.6,1218.2,1054.65,1089.5,1089.5,67,299,1980,-80,06-JUL-2020,
OPTIDX,BANKNIFTY,09-Jul-2020,21300,CE,899,1170,899,1004.35,1004.35,281,1254.55,2100,-440,06-JUL-2020,
OPTIDX,BANKNIFTY,09-Jul-2020,21400,CE,900,1068.85,850,917.95,917.95,310,1385.6,4860,60,06-JUL-2020,
OPTIDX,BANKNIFTY,09-Jul-2020,21500,CE,800,994.5,786,836.7,836.7,13793,61701.7,57180,-3120,06-JUL-2020,
OPTIDX,BANKNIFTY,09-Jul-2020,21600,CE,796.75,920,708.25,755.7,755.7,3187,14270.03,7660,-1180,06-JUL-2020,
OPTIDX,BANKNIFTY,09-Jul-2020,21700,CE,680.25,824.65,636.7,673.95,673.95,4315,19343.31,12440,-4720,06-JUL-2020,
OPTIDX,BANKNIFTY,09-Jul-2020,21800,CE,670,745,565.8,605.95,605.95,16403,73610.42,35180,-27480,06-JUL-2020,
OPTIDX,BANKNIFTY,09-Jul-2020,21900,CE,650.05,899.9,475,537.75,537.75,22067,99161.02,63060,-33820,06-JUL-2020,
OPTIDX,BANKNIFTY,09-Jul-2020,22000,CE,475,600,437.65,469.3,469.3,210458,947357.8,350620,-146420,06-JUL-2020,
OPTIDX,BANKNIFTY,09-Jul-2020,22100,CE,370,529.75,370,411.7,411.7,62909,283660.13,61040,-44880,06-JUL-2020,
OPTIDX,BANKNIFTY,09-Jul-2020,22200,CE,378,467,314.15,356.1,356.1,193199,872794.34,132080,240,06-JUL-2020,
OPTIDX,BANKNIFTY,09-Jul-2020,22300,CE,263.3,410,263.3,307.05,307.05,249650,1130426.38,166060,57580,06-JUL-2020,
OPTIDX,BANKNIFTY,09-Jul-2020,22400,CE,270,358.3,232.25,259.4,259.4,177530,805753.39,112160,22640,06-JUL-2020,
OPTIDX,BANKNIFTY,09-Jul-2020,22500,CE,252.55,302.8,193.5,217.5,217.5,660469,3005108.41,745720,37920,06-JUL-2020,
OPTIDX,BANKNIFTY,09-Jul-2020,22600,CE,200,257.95,160.9,183.4,183.4,149434,681751.57,106900,26720,06-JUL-2020,
OPTIDX,BANKNIFTY,09-Jul-2020,22700,CE,229.85,229.85,131,150.55,150.55,154927,708820.96,123440,15620,06-JUL-2020,
OPTIDX,BANKNIFTY,09-Jul-2020,22800,CE,192,192,105.65,122.15,122.15,150466,690511.3,160220,27440,06-JUL-2020,
OPTIDX,BANKNIFTY,09-Jul-2020,22900,CE,120.5,151,84.6,99.5,99.5,113874,524256.48,100380,21220,06-JUL-2020,
OPTIDX,BANKNIFTY,09-Jul-2020,23000,CE,108.7,124.45,67.1,79.05,79.05,777245,3590783.25,916860,164480,06-JUL-2020,
OPTIDX,BANKNIFTY,09-Jul-2020,23100,CE,85.15,107,53.15,62.15,62.15,98967,458814.91,133980,77500,06-JUL-2020,
OPTIDX,BANKNIFTY,09-Jul-2020,23200,CE,68.85,86.95,41.1,48.45,48.45,107940,502209.62,158540,50220,06-JUL-2020,
OPTIDX,BANKNIFTY,09-Jul-2020,23300,CE,60,77,31.85,37.25,37.25,86549,404187.36,141920,63240,06-JUL-2020,
OPTIDX,BANKNIFTY,09-Jul-2020,23400,CE,50.8,94.65,24.7,28.75,28.75,78052,365897.51,102760,43580,06-JUL-2020,
OPTIDX,BANKNIFTY,09-Jul-2020,23500,CE,34.8,46.85,19.3,23.2,23.2,309615,1457217.55,617380,71360,06-JUL-2020,
OPTIDX,BANKNIFTY,09-Jul-2020,23600,CE,59.95,59.95,15.1,18,18,36444,172202.55,49340,13380,06-JUL-2020,
OPTIDX,BANKNIFTY,09-Jul-2020,23700,CE,30,30.95,12.05,14.35,14.35,37565,178209.4,87000,38580,06-JUL-2020,
OPTIDX,BANKNIFTY,09-Jul-2020,23800,CE,22,29.85,9.5,11.75,11.75,33275,158499.76,73740,33580,06-JUL-2020,
OPTIDX,BANKNIFTY,09-Jul-2020,23900,CE,18,21.55,8.45,9.8,9.8,24246,115962.82,34800,19340,06-JUL-2020,
OPTIDX,BANKNIFTY,09-Jul-2020,24000,CE,14.8,22,7.05,8.3,8.3,182107,874563.26,423180,6460,06-JUL-2020,
OPTIDX,BANKNIFTY,09-Jul-2020,24100,CE,28.9,28.9,5.65,7.15,7.15,11324,54604.25,41380,25760,06-JUL-2020,
OPTIDX,BANKNIFTY,09-Jul-2020,24200,CE,19.6,19.6,5.1,5.95,5.95,8622,41745.44,33040,6620,06-JUL-2020,
OPTIDX,BANKNIFTY,09-Jul-2020,24300,CE,7.4,30.4,4.15,5.35,5.35,7981,38799.67,33340,19500,06-JUL-2020,
OPTIDX,BANKNIFTY,09-Jul-2020,24400,CE,1,12.35,1,4.45,4.45,1826,8913.38,5220,1160,06-JUL-2020,
OPTIDX,BANKNIFTY,09-Jul-2020,24500,CE,8.2,8.7,3.4,3.95,3.95,44787,219507,136920,-14120,06-JUL-2020,
OPTIDX,BANKNIFTY,09-Jul-2020,24600,CE,19.4,19.4,2.55,3.4,3.4,1534,7548.74,8320,6020,06-JUL-2020,
OPTIDX,BANKNIFTY,09-Jul-2020,24700,CE,3.7,7.15,2.7,3.3,3.3,1553,7673.14,9940,6340,06-JUL-2020,
OPTIDX,BANKNIFTY,09-Jul-2020,24800,CE,5.2,6.65,2.45,3.05,3.05,1018,5050.08,8600,4600,06-JUL-2020,
OPTIDX,BANKNIFTY,09-Jul-2020,24900,CE,5.85,5.85,2.35,2.7,2.7,281,1399.57,1300,260,06-JUL-2020,
OPTIDX,BANKNIFTY,09-Jul-2020,25000,CE,4.4,5.8,2.15,2.5,2.5,21058,105304.12,118660,-2040,06-JUL-2020,
OPTIDX,BANKNIFTY,09-Jul-2020,25100,CE,3.4,4.6,2.3,2.6,2.6,482,2419.92,3900,-940,06-JUL-2020,
OPTIDX,BANKNIFTY,09-Jul-2020,25200,CE,3.4,4.7,2.3,2.5,2.5,411,2071.7,3700,1760,06-JUL-2020,
OPTIDX,BANKNIFTY,09-Jul-2020,25300,CE,6.8,6.9,2.2,2.45,2.45,3751,18982.22,40160,2540,06-JUL-2020,
OPTIDX,BANKNIFTY,09-Jul-2020,14300,PE,1.3,1.95,1.3,1.6,1.6,808,2311.13,17860,-4620,06-JUL-2020,
OPTIDX,BANKNIFTY,09-Jul-2020,14400,PE,0,0,0,538.95,0.05,0,0,0,0,06-JUL-2020,
OPTIDX,BANKNIFTY,09-Jul-2020,14500,PE,3.9,3.9,1.5,1.55,1.55,258,748.28,9360,680,06-JUL-2020,
OPTIDX,BANKNIFTY,09-Jul-2020,14600,PE,0,0,0,656.1,0.05,0,0,0,0,06-JUL-2020,
OPTIDX,BANKNIFTY,09-Jul-2020,14700,PE,0,0,0,685.55,0.05,0,0,0,0,06-JUL-2020,
OPTIDX,BANKNIFTY,09-Jul-2020,14800,PE,0,0,0,715.85,0.05,0,0,0,0,06-JUL-2020,
OPTIDX,BANKNIFTY,09-Jul-2020,14900,PE,0,0,0,747,0.05,0,0,0,0,06-JUL-2020,
OPTIDX,BANKNIFTY,09-Jul-2020,15000,PE,1.55,1.95,1.55,1.7,1.7,232,696.07,1780,1280,06-JUL-2020,
OPTIDX,BANKNIFTY,09-Jul-2020,15100,PE,0,0,0,811.8,0.05,0,0,0,0,06-JUL-2020,
OPTIDX,BANKNIFTY,09-Jul-2020,15200,PE,0,0,0,845.5,0.05,0,0,0,0,06-JUL-2020,
OPTIDX,BANKNIFTY,09-Jul-2020,15300,PE,0,0,0,879.3,0.05,0,0,0,0,06-JUL-2020,
OPTIDX,BANKNIFTY,09-Jul-2020,15400,PE,0,0,0,914.75,0.05,0,0,0,0,06-JUL-2020,
OPTIDX,BANKNIFTY,09-Jul-2020,15500,PE,0,0,0,951.05,0.05,0,0,0,0,06-JUL-2020,
OPTIDX,BANKNIFTY,09-Jul-2020,15600,PE,0,0,0,988.25,0.05,0,0,0,0,06-JUL-2020,
OPTIDX,BANKNIFTY,09-Jul-2020,15700,PE,0,0,0,1026.25,0.05,0,0,0,0,06-JUL-2020,
OPTIDX,BANKNIFTY,09-Jul-2020,15800,PE,0,0,0,807.25,0.05,0,0,0,0,06-JUL-2020,
OPTIDX,BANKNIFTY,09-Jul-2020,15900,PE,0,0,0,988.45,0.05,0,0,0,0,06-JUL-2020,
OPTIDX,BANKNIFTY,09-Jul-2020,16000,PE,1.55,1.95,1.55,1.95,0.05,8,25.6,0,0,06-JUL-2020,
OPTIDX,BANKNIFTY,09-Jul-2020,16100,PE,0,0,0,1098,0.05,0,0,0,0,06-JUL-2020,
OPTIDX,BANKNIFTY,09-Jul-2020,16200,PE,0,0,0,1134.2,0.05,0,0,0,0,06-JUL-2020,
OPTIDX,BANKNIFTY,09-Jul-2020,16300,PE,0,0,0,1170.35,0.05,0,0,0,0,06-JUL-2020,
OPTIDX,BANKNIFTY,09-Jul-2020,16400,PE,0,0,0,1184.7,0.05,0,0,0,0,06-JUL-2020,
OPTIDX,BANKNIFTY,09-Jul-2020,16500,PE,0,0,0,3.35,0.05,0,0,40,0,06-JUL-2020,
OPTIDX,BANKNIFTY,09-Jul-2020,16600,PE,0,0,0,1338.35,0.05,0,0,0,0,06-JUL-2020,
OPTIDX,BANKNIFTY,09-Jul-2020,16700,PE,0,0,0,1377.05,0.05,0,0,0,0,06-JUL-2020,
OPTIDX,BANKNIFTY,09-Jul-2020,16800,PE,0,0,0,1416.35,0.05,0,0,0,0,06-JUL-2020,
OPTIDX,BANKNIFTY,09-Jul-2020,16900,PE,0,0,0,1456.3,0.05,0,0,0,0,06-JUL-2020,
OPTIDX,BANKNIFTY,09-Jul-2020,17000,PE,2.2,2.8,1.9,2.4,2.4,982,3339.24,19000,3340,06-JUL-2020,
OPTIDX,BANKNIFTY,09-Jul-2020,17100,PE,0,0,0,1538.05,0.05,0,0,0,0,06-JUL-2020,
OPTIDX,BANKNIFTY,09-Jul-2020,17200,PE,0,0,0,1579.85,0.05,0,0,0,0,06-JUL-2020,
OPTIDX,BANKNIFTY,09-Jul-2020,17300,PE,0,0,0,1622.3,0.05,0,0,0,0,06-JUL-2020,
OPTIDX,BANKNIFTY,09-Jul-2020,17400,PE,0,0,0,1665.35,0.05,0,0,0,0,06-JUL-2020,
OPTIDX,BANKNIFTY,09-Jul-2020,17500,PE,4.6,4.6,2.2,2.7,2.7,3934,13771.04,6740,-8980,06-JUL-2020,
OPTIDX,BANKNIFTY,09-Jul-2020,17600,PE,0,0,0,1753.35,0.05,0,0,0,0,06-JUL-2020,
OPTIDX,BANKNIFTY,09-Jul-2020,17700,PE,0,0,0,1798.25,0.05,0,0,0,0,06-JUL-2020,
OPTIDX,BANKNIFTY,09-Jul-2020,17800,PE,0,0,0,1843.8,0.05,0,0,0,0,06-JUL-2020,
OPTIDX,BANKNIFTY,09-Jul-2020,17900,PE,0,0,0,4,0.05,0,0,600,0,06-JUL-2020,
OPTIDX,BANKNIFTY,09-Jul-2020,18000,PE,2.4,3.95,2.4,3.3,3.3,8976,32319.41,85260,15780,06-JUL-2020,
OPTIDX,BANKNIFTY,09-Jul-2020,18100,PE,0,0,0,1984,0.05,0,0,0,0,06-JUL-2020,
OPTIDX,BANKNIFTY,09-Jul-2020,18200,PE,0,0,0,2031.95,0.05,0,0,0,0,06-JUL-2020,
OPTIDX,BANKNIFTY,09-Jul-2020,18300,PE,0,0,0,2080.5,0.05,0,0,0,0,06-JUL-2020,
OPTIDX,BANKNIFTY,09-Jul-2020,18400,PE,2.65,4.1,2.65,3.85,3.85,25,92.01,780,40,06-JUL-2020,
OPTIDX,BANKNIFTY,09-Jul-2020,18500,PE,5.9,5.9,2.7,3.9,3.9,8549,31637.91,63380,-1980,06-JUL-2020,
OPTIDX,BANKNIFTY,09-Jul-2020,18600,PE,0,0,0,2229.65,0.05,0,0,0,0,06-JUL-2020,
OPTIDX,BANKNIFTY,09-Jul-2020,18700,PE,0,0,0,2280.55,0.05,0,0,0,0,06-JUL-2020,
OPTIDX,BANKNIFTY,09-Jul-2020,18800,PE,0,0,0,2332.05,0.05,0,0,0,0,06-JUL-2020,
OPTIDX,BANKNIFTY,09-Jul-2020,18900,PE,12.5,12.5,4,5,5,291,1100.25,3780,-640,06-JUL-2020,
OPTIDX,BANKNIFTY,09-Jul-2020,19000,PE,7.85,7.85,3.25,4.75,4.75,20281,77087.1,152700,-2700,06-JUL-2020,
OPTIDX,BANKNIFTY,09-Jul-2020,19100,PE,3.05,6.65,3.05,5.05,5.05,208,794.76,2840,420,06-JUL-2020,
OPTIDX,BANKNIFTY,09-Jul-2020,19200,PE,4.85,5.9,4.3,5,5,308,1183.03,1500,540,06-JUL-2020,
OPTIDX,BANKNIFTY,09-Jul-2020,19300,PE,5,6.8,4.1,5.1,5.1,295,1139.01,1620,80,06-JUL-2020,
OPTIDX,BANKNIFTY,09-Jul-2020,19400,PE,9.25,9.25,2.75,5.65,5.65,784,3042.84,9740,240,06-JUL-2020,
OPTIDX,BANKNIFTY,09-Jul-2020,19500,PE,3.95,8.6,3.95,5.8,5.8,31113,121379.99,118620,-40520,06-JUL-2020,
OPTIDX,BANKNIFTY,09-Jul-2020,19600,PE,4,9.9,4,6,6,2083,8168.2,6740,-320,06-JUL-2020,
OPTIDX,BANKNIFTY,09-Jul-2020,19700,PE,6.65,9.8,5.1,6.8,6.8,3971,15651.66,13660,-3560,06-JUL-2020,
OPTIDX,BANKNIFTY,09-Jul-2020,19800,PE,15.55,15.55,6.05,6.9,6.9,8038,31843.54,16620,-31700,06-JUL-2020,
OPTIDX,BANKNIFTY,09-Jul-2020,19900,PE,12.7,12.7,5.15,7.25,7.25,7005,27892.15,17780,-11060,06-JUL-2020,
OPTIDX,BANKNIFTY,09-Jul-2020,20000,PE,10.05,16.65,6.9,7.85,7.85,83913,335809.26,277480,-71060,06-JUL-2020,
OPTIDX,BANKNIFTY,09-Jul-2020,20100,PE,15,15.85,7.55,8.6,8.6,15325,61638.63,20560,-5060,06-JUL-2020,
OPTIDX,BANKNIFTY,09-Jul-2020,20200,PE,23.25,23.25,8.25,9.45,9.45,19985,80785.08,31180,-10120,06-JUL-2020,
OPTIDX,BANKNIFTY,09-Jul-2020,20300,PE,16.25,20,9.4,10.4,10.4,21453,87154.34,36060,-9880,06-JUL-2020,
OPTIDX,BANKNIFTY,09-Jul-2020,20400,PE,16.3,21.85,10.35,12.2,12.2,21746,88786.38,40440,-1180,06-JUL-2020,
OPTIDX,BANKNIFTY,09-Jul-2020,20500,PE,35.05,35.05,12.65,14.15,14.15,131055,537767.47,280360,-104060,06-JUL-2020,
OPTIDX,BANKNIFTY,09-Jul-2020,20600,PE,40.3,40.35,15.15,16.6,16.6,25025,103198.8,29740,-280,06-JUL-2020,
OPTIDX,BANKNIFTY,09-Jul-2020,20700,PE,52.15,52.15,18,19.75,19.75,33708,139703.11,60120,-7140,06-JUL-2020,
OPTIDX,BANKNIFTY,09-Jul-2020,20800,PE,54.3,54.3,21,23.45,23.45,46189,192390.37,91000,17240,06-JUL-2020,
OPTIDX,BANKNIFTY,09-Jul-2020,20900,PE,55.05,55.05,25.1,28.85,28.85,47089,197135.62,58280,-7780,06-JUL-2020,
OPTIDX,BANKNIFTY,09-Jul-2020,21000,PE,60.15,61.7,29.6,35.1,35.1,294845,1240618.12,596020,-10460,06-JUL-2020,
OPTIDX,BANKNIFTY,09-Jul-2020,21100,PE,63.15,74.5,34.25,42.8,42.8,53502,226268.47,66860,32220,06-JUL-2020,
OPTIDX,BANKNIFTY,09-Jul-2020,21200,PE,94.65,120.45,40.95,52.1,52.1,65394,278004.24,98440,25420,06-JUL-2020,
OPTIDX,BANKNIFTY,09-Jul-2020,21300,PE,76,98.75,48.1,63.25,63.25,82776,353734.58,94940,52100,06-JUL-2020,
OPTIDX,BANKNIFTY,09-Jul-2020,21400,PE,122.75,122.75,58,77.5,77.5,100964,433797.53,93840,48620,06-JUL-2020,
OPTIDX,BANKNIFTY,09-Jul-2020,21500,PE,143.25,143.25,70.35,94.2,94.2,555699,2400638.05,560840,189040,06-JUL-2020,
OPTIDX,BANKNIFTY,09-Jul-2020,21600,PE,173.25,173.25,85.05,113.5,113.5,121404,527332.15,123240,78500,06-JUL-2020,
OPTIDX,BANKNIFTY,09-Jul-2020,21700,PE,216.05,216.05,102,137.2,137.2,112496,491422,118500,63880,06-JUL-2020,
OPTIDX,BANKNIFTY,09-Jul-2020,21800,PE,227.05,227.05,122.15,164.45,164.45,178033,782298.87,148780,49680,06-JUL-2020,
OPTIDX,BANKNIFTY,09-Jul-2020,21900,PE,267.25,273,145.85,195.6,195.6,117786,520653.77,97840,26080,06-JUL-2020,
OPTIDX,BANKNIFTY,09-Jul-2020,22000,PE,301.05,339.75,173.5,231.75,231.75,603272,2683148.1,529400,233200,06-JUL-2020,
OPTIDX,BANKNIFTY,09-Jul-2020,22100,PE,295.55,343.65,205.05,272.9,272.9,148804,666006.75,96780,62440,06-JUL-2020,
OPTIDX,BANKNIFTY,09-Jul-2020,22200,PE,342.45,388.85,242.05,318.9,318.9,224371,1010637.23,150380,121440,06-JUL-2020,
OPTIDX,BANKNIFTY,09-Jul-2020,22300,PE,452.65,452.65,281.6,368.75,368.75,159993,725255.92,65780,51960,06-JUL-2020,
OPTIDX,BANKNIFTY,09-Jul-2020,22400,PE,483.65,508.65,325,422.05,422.05,46057,210109.29,24720,17760,06-JUL-2020,
OPTIDX,BANKNIFTY,09-Jul-2020,22500,PE,517.9,564.8,375,480.05,480.05,100620,462381.73,100160,49180,06-JUL-2020,
OPTIDX,BANKNIFTY,09-Jul-2020,22600,PE,617.15,627.65,432.95,543.35,543.35,4445,20563.4,7780,5640,06-JUL-2020,
OPTIDX,BANKNIFTY,09-Jul-2020,22700,PE,692.95,699.95,490.6,611.95,611.95,2704,12597.77,5460,3620,06-JUL-2020,
OPTIDX,BANKNIFTY,09-Jul-2020,22800,PE,703.35,755,556.15,683.3,683.3,1377,6462.66,2480,1700,06-JUL-2020,
OPTIDX,BANKNIFTY,09-Jul-2020,22900,PE,776.2,830.7,624.55,763.95,763.95,355,1678.45,1460,700,06-JUL-2020,
OPTIDX,BANKNIFTY,09-Jul-2020,23000,PE,930.35,930.35,691.95,838.35,838.35,8936,42576.46,27160,4060,06-JUL-2020,
OPTIDX,BANKNIFTY,09-Jul-2020,23100,PE,940.85,980.6,800,931.4,931.4,87,417.54,740,300,06-JUL-2020,
OPTIDX,BANKNIFTY,09-Jul-2020,23200,PE,1023.15,1071.25,880.45,1019.9,1019.9,61,294.92,800,0,06-JUL-2020,
OPTIDX,BANKNIFTY,09-Jul-2020,23300,PE,981.4,1070,966.15,1051.2,1129.45,8,38.9,80,60,06-JUL-2020,
OPTIDX,BANKNIFTY,09-Jul-2020,23400,PE,1113.9,1113.9,1113.9,1113.9,1221.2,7,34.31,160,140,06-JUL-2020,
OPTIDX,BANKNIFTY,09-Jul-2020,23500,PE,1293.55,1334.85,1114,1280.45,1280.45,409,2023.98,5020,360,06-JUL-2020,
OPTIDX,BANKNIFTY,09-Jul-2020,23600,PE,1297.2,1352.8,1297.2,1352.8,1352.8,6,29.88,120,120,06-JUL-2020,
OPTIDX,BANKNIFTY,09-Jul-2020,23700,PE,0,0,0,1858.15,1505.25,0,0,0,0,06-JUL-2020,
OPTIDX,BANKNIFTY,09-Jul-2020,23800,PE,0,0,0,3149.35,1602.05,0,0,0,0,06-JUL-2020,
OPTIDX,BANKNIFTY,09-Jul-2020,23900,PE,0,0,0,3230.5,1699.6,0,0,0,0,06-JUL-2020,
OPTIDX,BANKNIFTY,09-Jul-2020,24000,PE,1734.5,1770,1599.1,1748.7,1748.7,30,154.32,1320,160,06-JUL-2020,
OPTIDX,BANKNIFTY,09-Jul-2020,24100,PE,0,0,0,3147.8,1896.3,0,0,0,0,06-JUL-2020,
OPTIDX,BANKNIFTY,09-Jul-2020,24200,PE,0,0,0,3230.75,1995.25,0,0,0,0,06-JUL-2020,
OPTIDX,BANKNIFTY,09-Jul-2020,24300,PE,0,0,0,3051.15,2094.45,0,0,0,0,06-JUL-2020,
OPTIDX,BANKNIFTY,09-Jul-2020,24400,PE,0,0,0,2807.8,2193.85,0,0,0,0,06-JUL-2020,
OPTIDX,BANKNIFTY,09-Jul-2020,24500,PE,0,0,0,2895.55,2293.4,0,0,0,0,06-JUL-2020,
OPTIDX,BANKNIFTY,09-Jul-2020,24600,PE,0,0,0,2984.1,2393.1,0,0,0,0,06-JUL-2020,
OPTIDX,BANKNIFTY,09-Jul-2020,24700,PE,0,0,0,3073.3,2492.85,0,0,0,0,06-JUL-2020,
OPTIDX,BANKNIFTY,09-Jul-2020,24800,PE,0,0,0,2669.35,2592.7,0,0,0,0,06-JUL-2020,
OPTIDX,BANKNIFTY,09-Jul-2020,24900,PE,0,0,0,2756,2692.55,0,0,0,0,06-JUL-2020,
OPTIDX,BANKNIFTY,09-Jul-2020,25000,PE,0,0,0,2843.45,2792.45,0,0,0,0,06-JUL-2020,
OPTIDX,BANKNIFTY,09-Jul-2020,25100,PE,0,0,0,2931.7,2892.35,0,0,0,0,06-JUL-2020,
OPTIDX,BANKNIFTY,09-Jul-2020,25200,PE,0,0,0,3020.7,2992.3,0,0,0,0,06-JUL-2020,
OPTIDX,BANKNIFTY,09-Jul-2020,25300,PE,0,0,0,3110.4,3092.25,0,0,0,0,06-JUL-2020,
OPTIDX,BANKNIFTY,16-Jul-2020,14300,CE,0,0,0,3680.4,7915.6,0,0,0,0,06-JUL-2020,
OPTIDX,BANKNIFTY,16-Jul-2020,14400,CE,0,0,0,3609.5,7815.7,0,0,0,0,06-JUL-2020,
OPTIDX,BANKNIFTY,16-Jul-2020,14500,CE,0,0,0,3920.7,7715.8,0,0,0,0,06-JUL-2020,
OPTIDX,BANKNIFTY,16-Jul-2020,14600,CE,0,0,0,3839.7,7615.95,0,0,0,0,06-JUL-2020,
OPTIDX,BANKNIFTY,16-Jul-2020,14700,CE,0,0,0,3771.6,7516.05,0,0,0,0,06-JUL-2020,
OPTIDX,BANKNIFTY,16-Jul-2020,14800,CE,0,0,0,3704.35,7416.15,0,0,0,0,06-JUL-2020,
OPTIDX,BANKNIFTY,16-Jul-2020,14900,CE,0,0,0,3637.85,7316.3,0,0,0,0,06-JUL-2020,
OPTIDX,BANKNIFTY,16-Jul-2020,15000,CE,0,0,0,3572.15,7216.4,0,0,0,0,06-JUL-2020,
OPTIDX,BANKNIFTY,16-Jul-2020,15100,CE,0,0,0,3507.3,7116.5,0,0,0,0,06-JUL-2020,
OPTIDX,BANKNIFTY,16-Jul-2020,15200,CE,0,0,0,3442.5,7016.65,0,0,0,0,06-JUL-2020,
OPTIDX,BANKNIFTY,16-Jul-2020,15300,CE,0,0,0,3379.3,6916.75,0,0,0,0,06-JUL-2020,
OPTIDX,BANKNIFTY,16-Jul-2020,15400,CE,0,0,0,3316.95,6816.85,0,0,0,0,06-JUL-2020,
OPTIDX,BANKNIFTY,16-Jul-2020,15500,CE,0,0,0,3255.4,6717,0,0,0,0,06-JUL-2020,
OPTIDX,BANKNIFTY,16-Jul-2020,15600,CE,0,0,0,3194.65,6617.1,0,0,0,0,06-JUL-2020,
OPTIDX,BANKNIFTY,16-Jul-2020,15700,CE,0,0,0,3134.7,6517.2,0,0,0,0,06-JUL-2020,
OPTIDX,BANKNIFTY,16-Jul-2020,15800,CE,0,0,0,4076.05,6417.35,0,0,0,0,06-JUL-2020,
OPTIDX,BANKNIFTY,16-Jul-2020,15900,CE,0,0,0,4010.05,6317.45,0,0,0,0,06-JUL-2020,
OPTIDX,BANKNIFTY,16-Jul-2020,16000,CE,0,0,0,3944.75,6217.55,0,0,0,0,06-JUL-2020,
OPTIDX,BANKNIFTY,16-Jul-2020,16100,CE,0,0,0,4135.75,6117.7,0,0,0,0,06-JUL-2020,
OPTIDX,BANKNIFTY,16-Jul-2020,16200,CE,0,0,0,4071.45,6017.8,0,0,0,0,06-JUL-2020,
OPTIDX,BANKNIFTY,16-Jul-2020,16300,CE,0,0,0,4007.9,5917.9,0,0,0,0,06-JUL-2020,
OPTIDX,BANKNIFTY,16-Jul-2020,16400,CE,0,0,0,3944.25,5818.05,0,0,0,0,06-JUL-2020,
OPTIDX,BANKNIFTY,16-Jul-2020,16500,CE,0,0,0,3882.15,5718.15,0,0,0,0,06-JUL-2020,
OPTIDX,BANKNIFTY,16-Jul-2020,16600,CE,0,0,0,3820.75,5618.25,0,0,0,0,06-JUL-2020,
OPTIDX,BANKNIFTY,16-Jul-2020,16700,CE,0,0,0,3760.1,5518.4,0,0,0,0,06-JUL-2020,
OPTIDX,BANKNIFTY,16-Jul-2020,16800,CE,0,0,0,3700.1,5418.5,0,0,0,0,06-JUL-2020,
OPTIDX,BANKNIFTY,16-Jul-2020,16900,CE,0,0,0,3640.8,5318.6,0,0,0,0,06-JUL-2020,
OPTIDX,BANKNIFTY,16-Jul-2020,17000,CE,0,0,0,3582.25,5218.75,0,0,0,0,06-JUL-2020,
OPTIDX,BANKNIFTY,16-Jul-2020,17100,CE,0,0,0,3524.35,5118.85,0,0,0,0,06-JUL-2020,
OPTIDX,BANKNIFTY,16-Jul-2020,17200,CE,0,0,0,3467.15,5019,0,0,0,0,06-JUL-2020,
OPTIDX,BANKNIFTY,16-Jul-2020,17300,CE,0,0,0,3410.7,4919.1,0,0,0,0,06-JUL-2020,
OPTIDX,BANKNIFTY,16-Jul-2020,17400,CE,0,0,0,3354.9,4819.25,0,0,0,0,06-JUL-2020,
OPTIDX,BANKNIFTY,16-Jul-2020,17500,CE,0,0,0,3299.8,4719.35,0,0,0,0,06-JUL-2020,
OPTIDX,BANKNIFTY,16-Jul-2020,17600,CE,0,0,0,3245.45,4619.5,0,0,0,0,06-JUL-2020,
OPTIDX,BANKNIFTY,16-Jul-2020,17700,CE,0,0,0,3191.7,4519.65,0,0,0,0,06-JUL-2020,
OPTIDX,BANKNIFTY,16-Jul-2020,17800,CE,0,0,0,3138.7,4419.8,0,0,0,0,06-JUL-2020,
OPTIDX,BANKNIFTY,16-Jul-2020,17900,CE,0,0,0,3086.4,4320,0,0,0,0,06-JUL-2020,
OPTIDX,BANKNIFTY,16-Jul-2020,18000,CE,4280,4280,4230,4230,4220.2,4,17.8,80,80,06-JUL-2020,
OPTIDX,BANKNIFTY,16-Jul-2020,18100,CE,0,0,0,2983.75,4120.4,0,0,0,0,06-JUL-2020,
OPTIDX,BANKNIFTY,16-Jul-2020,18200,CE,0,0,0,2933.45,4020.65,0,0,0,0,06-JUL-2020,
OPTIDX,BANKNIFTY,16-Jul-2020,18300,CE,0,0,0,2883.75,3920.95,0,0,0,0,06-JUL-2020,
OPTIDX,BANKNIFTY,16-Jul-2020,18400,CE,0,0,0,2834.8,3821.3,0,0,0,0,06-JUL-2020,
OPTIDX,BANKNIFTY,16-Jul-2020,18500,CE,0,0,0,2786.5,3721.7,0,0,0,0,06-JUL-2020,
OPTIDX,BANKNIFTY,16-Jul-2020,18600,CE,0,0,0,2738.9,3622.15,0,0,0,0,06-JUL-2020,
OPTIDX,BANKNIFTY,16-Jul-2020,18700,CE,0,0,0,2691.9,3522.75,0,0,0,0,06-JUL-2020,
OPTIDX,BANKNIFTY,16-Jul-2020,18800,CE,0,0,0,2645.6,3423.45,0,0,0,0,06-JUL-2020,
OPTIDX,BANKNIFTY,16-Jul-2020,18900,CE,0,0,0,2599.9,3324.35,0,0,0,0,06-JUL-2020,
OPTIDX,BANKNIFTY,16-Jul-2020,19000,CE,0,0,0,2554.85,3225.35,0,0,0,0,06-JUL-2020,
OPTIDX,BANKNIFTY,16-Jul-2020,19100,CE,0,0,0,2510.5,3126.6,0,0,0,0,06-JUL-2020,
OPTIDX,BANKNIFTY,16-Jul-2020,19200,CE,0,0,0,2466.7,3028.1,0,0,0,0,06-JUL-2020,
OPTIDX,BANKNIFTY,16-Jul-2020,19300,CE,0,0,0,2423.6,2929.95,0,0,0,0,06-JUL-2020,
OPTIDX,BANKNIFTY,16-Jul-2020,19400,CE,0,0,0,2381.1,2832.1,0,0,0,0,06-JUL-2020,
OPTIDX,BANKNIFTY,16-Jul-2020,19500,CE,0,0,0,2339.2,2734.65,0,0,0,0,06-JUL-2020,
OPTIDX,BANKNIFTY,16-Jul-2020,19600,CE,0,0,0,2297.9,2637.7,0,0,0,0,06-JUL-2020,
OPTIDX,BANKNIFTY,16-Jul-2020,19700,CE,0,0,0,2257.25,2541.3,0,0,0,0,06-JUL-2020,
OPTIDX,BANKNIFTY,16-Jul-2020,19800,CE,0,0,0,2217.2,2445.55,0,0,0,0,06-JUL-2020,
OPTIDX,BANKNIFTY,16-Jul-2020,19900,CE,0,0,0,2177.75,2350.5,0,0,0,0,06-JUL-2020,
OPTIDX,BANKNIFTY,16-Jul-2020,20000,CE,0,0,0,2138.85,2256.25,0,0,0,0,06-JUL-2020,
OPTIDX,BANKNIFTY,16-Jul-2020,20100,CE,0,0,0,2100.6,2162.9,0,0,0,0,06-JUL-2020,
OPTIDX,BANKNIFTY,16-Jul-2020,20200,CE,0,0,0,2062.9,2070.55,0,0,0,0,06-JUL-2020,
OPTIDX,BANKNIFTY,16-Jul-2020,20300,CE,0,0,0,2025.75,1979.3,0,0,0,0,06-JUL-2020,
OPTIDX,BANKNIFTY,16-Jul-2020,20400,CE,0,0,0,1989.2,1889.3,0,0,0,0,06-JUL-2020,
OPTIDX,BANKNIFTY,16-Jul-2020,20500,CE,1830.95,1830.95,1830.95,1830.95,1800.65,1,4.46,20,20,06-JUL-2020,
OPTIDX,BANKNIFTY,16-Jul-2020,20600,CE,0,0,0,1917.8,1713.4,0,0,0,0,06-JUL-2020,
OPTIDX,BANKNIFTY,16-Jul-2020,20700,CE,0,0,0,1882.95,1627.75,0,0,0,0,06-JUL-2020,
OPTIDX,BANKNIFTY,16-Jul-2020,20800,CE,0,0,0,1848.6,1543.8,0,0,0,0,06-JUL-2020,
OPTIDX,BANKNIFTY,16-Jul-2020,20900,CE,0,0,0,1814.85,1461.7,0,0,0,0,06-JUL-2020,
OPTIDX,BANKNIFTY,16-Jul-2020,21000,CE,1402.15,1498,1297.3,1406.7,1406.7,17,76.26,240,180,06-JUL-2020,
OPTIDX,BANKNIFTY,16-Jul-2020,21100,CE,0,0,0,1748.85,1303.3,0,0,0,0,06-JUL-2020,
OPTIDX,BANKNIFTY,16-Jul-2020,21200,CE,0,0,0,1716.7,1227.25,0,0,0,0,06-JUL-2020,
OPTIDX,BANKNIFTY,16-Jul-2020,21300,CE,0,0,0,1685,1153.5,0,0,0,0,06-JUL-2020,
OPTIDX,BANKNIFTY,16-Jul-2020,21400,CE,0,0,0,1653.85,1082.05,0,0,0,0,06-JUL-2020,
OPTIDX,BANKNIFTY,16-Jul-2020,21500,CE,1027.5,1155.65,977.1,1015.05,1015.05,605,2727.35,2640,1860,06-JUL-2020,
OPTIDX,BANKNIFTY,16-Jul-2020,21600,CE,0,0,0,1593.05,946.5,0,0,0,0,06-JUL-2020,
OPTIDX,BANKNIFTY,16-Jul-2020,21700,CE,0,0,0,800,882.5,0,0,100,0,06-JUL-2020,
OPTIDX,BANKNIFTY,16-Jul-2020,21800,CE,798.25,898.95,776.75,820.65,820.65,59,267.11,520,140,06-JUL-2020,
OPTIDX,BANKNIFTY,16-Jul-2020,21900,CE,756.6,850,728.8,759,759,93,422.01,920,380,06-JUL-2020,
OPTIDX,BANKNIFTY,16-Jul-2020,22000,CE,699.95,815.55,583.15,692.65,692.65,2186,9931.25,14320,940,06-JUL-2020,
OPTIDX,BANKNIFTY,16-Jul-2020,22100,CE,641.55,759.3,611,643.75,643.75,67,305.39,240,-60,06-JUL-2020,
OPTIDX,BANKNIFTY,16-Jul-2020,22200,CE,599,686.15,560,584.8,584.8,683,3114.96,3560,2200,06-JUL-2020,
OPTIDX,BANKNIFTY,16-Jul-2020,22300,CE,563.7,635.9,506.55,533.7,533.7,556,2542.44,1980,1820,06-JUL-2020,
OPTIDX,BANKNIFTY,16-Jul-2020,22400,CE,517.25,583.85,469.05,483.3,483.3,195,893.88,1160,1160,06-JUL-2020,
OPTIDX,BANKNIFTY,16-Jul-2020,22500,CE,444.45,532.15,415.05,441.6,441.6,3166,14540.56,18780,11840,06-JUL-2020,
OPTIDX,BANKNIFTY,16-Jul-2020,22600,CE,456.5,480,378,395.6,395.6,337,1551.96,1440,1140,06-JUL-2020,
OPTIDX,BANKNIFTY,16-Jul-2020,22700,CE,405.6,425,347.65,368.55,368.55,38,175.46,500,500,06-JUL-2020,
OPTIDX,BANKNIFTY,16-Jul-2020,22800,CE,400,400,294.35,315.85,315.85,30,138.78,240,240,06-JUL-2020,
OPTIDX,BANKNIFTY,16-Jul-2020,22900,CE,310.3,386.9,258.5,284.6,284.6,334,1550.23,2020,1980,06-JUL-2020,
OPTIDX,BANKNIFTY,16-Jul-2020,23000,CE,307.95,323.55,242.4,256.4,256.4,9386,43698.81,61500,43380,06-JUL-2020,
OPTIDX,BANKNIFTY,16-Jul-2020,23100,CE,0,0,0,556.2,263.1,0,0,0,0,06-JUL-2020,
OPTIDX,BANKNIFTY,16-Jul-2020,23200,CE,0,0,0,534.1,237.2,0,0,0,0,06-JUL-2020,
OPTIDX,BANKNIFTY,16-Jul-2020,23300,CE,198.15,246.95,137.95,172,172,83,389.73,420,400,06-JUL-2020,
OPTIDX,BANKNIFTY,16-Jul-2020,23400,CE,0,0,0,492.15,191.4,0,0,0,0,06-JUL-2020,
OPTIDX,BANKNIFTY,16-Jul-2020,23500,CE,169.5,173.95,125.05,133.45,133.45,6119,28941.4,36960,16720,06-JUL-2020,
OPTIDX,BANKNIFTY,16-Jul-2020,23600,CE,0,0,0,545,152.95,0,0,0,0,06-JUL-2020,
OPTIDX,BANKNIFTY,16-Jul-2020,23700,CE,0,0,0,523.4,136.3,0,0,0,0,06-JUL-2020,
OPTIDX,BANKNIFTY,16-Jul-2020,23800,CE,0,0,0,502.5,121.1,0,0,0,0,06-JUL-2020,
OPTIDX,BANKNIFTY,16-Jul-2020,23900,CE,0,0,0,481.5,107.4,0,0,0,0,06-JUL-2020,
OPTIDX,BANKNIFTY,16-Jul-2020,24000,CE,85.35,93.5,61.35,68.5,68.5,6235,30022.73,47760,30420,06-JUL-2020,
OPTIDX,BANKNIFTY,16-Jul-2020,24100,CE,0,0,0,433.8,83.8,0,0,0,0,06-JUL-2020,
OPTIDX,BANKNIFTY,16-Jul-2020,24200,CE,0,0,0,415,73.8,0,0,0,0,06-JUL-2020,
OPTIDX,BANKNIFTY,16-Jul-2020,24300,CE,0,0,0,239.65,64.8,0,0,0,0,06-JUL-2020,
OPTIDX,BANKNIFTY,16-Jul-2020,24400,CE,0,0,0,276.75,56.8,0,0,0,0,06-JUL-2020,
OPTIDX,BANKNIFTY,16-Jul-2020,24500,CE,55,58.45,30,33.35,33.35,645,3165.1,7960,7820,06-JUL-2020,
OPTIDX,BANKNIFTY,16-Jul-2020,24600,CE,0,0,0,245.8,43.3,0,0,0,0,06-JUL-2020,
OPTIDX,BANKNIFTY,16-Jul-2020,24700,CE,0,0,0,231.45,37.65,0,0,0,0,06-JUL-2020,
OPTIDX,BANKNIFTY,16-Jul-2020,24800,CE,0,0,0,304.05,32.7,0,0,0,0,06-JUL-2020,
OPTIDX,BANKNIFTY,16-Jul-2020,24900,CE,0,0,0,286.8,28.3,0,0,0,0,06-JUL-2020,
OPTIDX,BANKNIFTY,16-Jul-2020,25000,CE,42.2,42.2,15.45,17.05,17.05,1758,8796.77,16520,15600,06-JUL-2020,
OPTIDX,BANKNIFTY,16-Jul-2020,25100,CE,0,0,0,254.85,21.1,0,0,0,0,06-JUL-2020,
OPTIDX,BANKNIFTY,16-Jul-2020,25200,CE,0,0,0,240.05,18.15,0,0,0,0,06-JUL-2020,
OPTIDX,BANKNIFTY,16-Jul-2020,25300,CE,0,0,0,225.95,15.55,0,0,0,0,06-JUL-2020,
OPTIDX,BANKNIFTY,16-Jul-2020,14300,PE,0,0,0,599.2,0.05,0,0,0,0,06-JUL-2020,
OPTIDX,BANKNIFTY,16-Jul-2020,14400,PE,0,0,0,627.55,0.05,0,0,0,0,06-JUL-2020,
OPTIDX,BANKNIFTY,16-Jul-2020,14500,PE,0,0,0,814.65,0.05,0,0,0,0,06-JUL-2020,
OPTIDX,BANKNIFTY,16-Jul-2020,14600,PE,0,0,0,744.3,0.05,0,0,0,0,06-JUL-2020,
OPTIDX,BANKNIFTY,16-Jul-2020,14700,PE,0,0,0,775.4,0.05,0,0,0,0,06-JUL-2020,
OPTIDX,BANKNIFTY,16-Jul-2020,14800,PE,0,0,0,807.25,0.05,0,0,0,0,06-JUL-2020,
OPTIDX,BANKNIFTY,16-Jul-2020,14900,PE,0,0,0,839.9,0.05,0,0,0,0,06-JUL-2020,
OPTIDX,BANKNIFTY,16-Jul-2020,15000,PE,0,0,0,873.4,0.05,0,0,0,0,06-JUL-2020,
OPTIDX,BANKNIFTY,16-Jul-2020,15100,PE,0,0,0,907.7,0.05,0,0,0,0,06-JUL-2020,
OPTIDX,BANKNIFTY,16-Jul-2020,15200,PE,0,0,0,942.1,0.05,0,0,0,0,06-JUL-2020,
OPTIDX,BANKNIFTY,16-Jul-2020,15300,PE,0,0,0,978.05,0.05,0,0,0,0,06-JUL-2020,
OPTIDX,BANKNIFTY,16-Jul-2020,15400,PE,0,0,0,1014.85,0.05,0,0,0,0,06-JUL-2020,
OPTIDX,BANKNIFTY,16-Jul-2020,15500,PE,0,0,0,1052.45,0.05,0,0,0,0,06-JUL-2020,
OPTIDX,BANKNIFTY,16-Jul-2020,15600,PE,0,0,0,1090.85,0.05,0,0,0,0,06-JUL-2020,
OPTIDX,BANKNIFTY,16-Jul-2020,15700,PE,0,0,0,1130.1,0.05,0,0,0,0,06-JUL-2020,
OPTIDX,BANKNIFTY,16-Jul-2020,15800,PE,0,0,0,907.35,0.05,0,0,0,0,06-JUL-2020,
OPTIDX,BANKNIFTY,16-Jul-2020,15900,PE,0,0,0,940.5,0.05,0,0,0,0,06-JUL-2020,
OPTIDX,BANKNIFTY,16-Jul-2020,16000,PE,0,0,0,974.35,0.05,0,0,0,0,06-JUL-2020,
OPTIDX,BANKNIFTY,16-Jul-2020,16100,PE,0,0,0,1023.1,0.05,0,0,0,0,06-JUL-2020,
OPTIDX,BANKNIFTY,16-Jul-2020,16200,PE,0,0,0,1057.95,0.05,0,0,0,0,06-JUL-2020,
OPTIDX,BANKNIFTY,16-Jul-2020,16300,PE,0,0,0,1093.45,0.05,0,0,0,0,06-JUL-2020,
OPTIDX,BANKNIFTY,16-Jul-2020,16400,PE,0,0,0,1128.95,0.05,0,0,0,0,06-JUL-2020,
OPTIDX,BANKNIFTY,16-Jul-2020,16500,PE,0,0,0,1165.95,0.05,0,0,0,0,06-JUL-2020,
OPTIDX,BANKNIFTY,16-Jul-2020,16600,PE,0,0,0,1203.65,0.05,0,0,0,0,06-JUL-2020,
OPTIDX,BANKNIFTY,16-Jul-2020,16700,PE,0,0,0,1242.1,0.05,0,0,0,0,06-JUL-2020,
OPTIDX,BANKNIFTY,16-Jul-2020,16800,PE,0,0,0,1281.2,0.05,0,0,0,0,06-JUL-2020,
OPTIDX,BANKNIFTY,16-Jul-2020,16900,PE,0,0,0,1321,0.05,0,0,0,0,06-JUL-2020,
OPTIDX,BANKNIFTY,16-Jul-2020,17000,PE,0,0,0,1361.55,0.05,0,0,0,0,06-JUL-2020,
OPTIDX,BANKNIFTY,16-Jul-2020,17100,PE,0,0,0,1402.75,0.05,0,0,0,0,06-JUL-2020,
OPTIDX,BANKNIFTY,16-Jul-2020,17200,PE,0,0,0,1444.7,0.05,0,0,0,0,06-JUL-2020,
OPTIDX,BANKNIFTY,16-Jul-2020,17300,PE,0,0,0,1487.3,0.05,0,0,0,0,06-JUL-2020,
OPTIDX,BANKNIFTY,16-Jul-2020,17400,PE,0,0,0,1530.65,0.05,0,0,0,0,06-JUL-2020,
OPTIDX,BANKNIFTY,16-Jul-2020,17500,PE,9,9,9,9,9,1,3.5,20,20,06-JUL-2020,
OPTIDX,BANKNIFTY,16-Jul-2020,17600,PE,0,0,0,1619.35,0.1,0,0,0,0,06-JUL-2020,
OPTIDX,BANKNIFTY,16-Jul-2020,17700,PE,0,0,0,1664.75,0.1,0,0,0,0,06-JUL-2020,
OPTIDX,BANKNIFTY,16-Jul-2020,17800,PE,0,0,0,1710.85,0.15,0,0,0,0,06-JUL-2020,
OPTIDX,BANKNIFTY,16-Jul-2020,17900,PE,0,0,0,1757.65,0.2,0,0,0,0,06-JUL-2020,
OPTIDX,BANKNIFTY,16-Jul-2020,18000,PE,7,19.8,7,11.35,11.35,80,288.19,980,800,06-JUL-2020,
OPTIDX,BANKNIFTY,16-Jul-2020,18100,PE,0,0,0,1853.2,0.4,0,0,0,0,06-JUL-2020,
OPTIDX,BANKNIFTY,16-Jul-2020,18200,PE,0,0,0,1902.05,0.5,0,0,0,0,06-JUL-2020,
OPTIDX,BANKNIFTY,16-Jul-2020,18300,PE,0,0,0,1951.45,0.7,0,0,0,0,06-JUL-2020,
OPTIDX,BANKNIFTY,16-Jul-2020,18400,PE,0,0,0,2001.6,0.9,0,0,0,0,06-JUL-2020,
OPTIDX,BANKNIFTY,16-Jul-2020,18500,PE,19.95,19.95,9.5,11.3,11.3,95,351.73,660,-60,06-JUL-2020,
OPTIDX,BANKNIFTY,16-Jul-2020,18600,PE,0,0,0,2103.85,1.6,0,0,0,0,06-JUL-2020,
OPTIDX,BANKNIFTY,16-Jul-2020,18700,PE,0,0,0,2156,2.05,0,0,0,0,06-JUL-2020,
OPTIDX,BANKNIFTY,16-Jul-2020,18800,PE,0,0,0,2208.8,2.65,0,0,0,0,06-JUL-2020,
OPTIDX,BANKNIFTY,16-Jul-2020,18900,PE,0,0,0,2262.2,3.4,0,0,0,0,06-JUL-2020,
OPTIDX,BANKNIFTY,16-Jul-2020,19000,PE,29,34.6,16,18.65,18.65,1756,6679.62,10540,-2840,06-JUL-2020,
OPTIDX,BANKNIFTY,16-Jul-2020,19100,PE,0,0,0,2371,5.45,0,0,0,0,06-JUL-2020,
OPTIDX,BANKNIFTY,16-Jul-2020,19200,PE,0,0,0,2426.35,6.85,0,0,0,0,06-JUL-2020,
OPTIDX,BANKNIFTY,16-Jul-2020,19300,PE,0,0,0,2482.3,8.5,0,0,0,0,06-JUL-2020,
OPTIDX,BANKNIFTY,16-Jul-2020,19400,PE,0,0,0,2538.9,10.55,0,0,0,0,06-JUL-2020,
OPTIDX,BANKNIFTY,16-Jul-2020,19500,PE,37.05,38.55,28.8,30.95,30.95,1809,7067.06,19480,10340,06-JUL-2020,
OPTIDX,BANKNIFTY,16-Jul-2020,19600,PE,0,0,0,2653.95,15.95,0,0,0,0,06-JUL-2020,
OPTIDX,BANKNIFTY,16-Jul-2020,19700,PE,0,0,0,2712.4,19.45,0,0,0,0,06-JUL-2020,
OPTIDX,BANKNIFTY,16-Jul-2020,19800,PE,0,0,0,2771.45,23.55,0,0,0,0,06-JUL-2020,
OPTIDX,BANKNIFTY,16-Jul-2020,19900,PE,50,67,46.1,49.1,49.1,362,1445.16,4020,4020,06-JUL-2020,
OPTIDX,BANKNIFTY,16-Jul-2020,20000,PE,82.25,82.25,44.45,53.55,53.55,3278,13148.47,26800,13900,06-JUL-2020,
OPTIDX,BANKNIFTY,16-Jul-2020,20100,PE,0,0,0,2952.15,40.55,0,0,0,0,06-JUL-2020,
OPTIDX,BANKNIFTY,16-Jul-2020,20200,PE,0,0,0,3013.55,48.1,0,0,0,0,06-JUL-2020,
OPTIDX,BANKNIFTY,16-Jul-2020,20300,PE,0,0,0,3075.55,56.75,0,0,0,0,06-JUL-2020,
OPTIDX,BANKNIFTY,16-Jul-2020,20400,PE,0,0,0,3138.1,66.6,0,0,0,0,06-JUL-2020,
OPTIDX,BANKNIFTY,16-Jul-2020,20500,PE,100.4,138.9,80,90.4,90.4,3828,15767.5,26220,13380,06-JUL-2020,
OPTIDX,BANKNIFTY,16-Jul-2020,20600,PE,0,0,0,3264.9,90.5,0,0,0,0,06-JUL-2020,
OPTIDX,BANKNIFTY,16-Jul-2020,20700,PE,0,0,0,3329.15,104.75,0,0,0,0,06-JUL-2020,
OPTIDX,BANKNIFTY,16-Jul-2020,20800,PE,0,0,0,3393.9,120.65,0,0,0,0,06-JUL-2020,
OPTIDX,BANKNIFTY,16-Jul-2020,20900,PE,150,161.45,135.25,135.25,138.4,3,12.62,20,20,06-JUL-2020,
OPTIDX,BANKNIFTY,16-Jul-2020,21000,PE,175.05,227.55,140,158.3,158.3,8692,36791.85,34080,22360,06-JUL-2020,
OPTIDX,BANKNIFTY,16-Jul-2020,21100,PE,190,201,156,181.2,181.2,254,1081.14,1820,1820,06-JUL-2020,
OPTIDX,BANKNIFTY,16-Jul-2020,21200,PE,220,267.8,170.8,200.65,200.65,198,847.69,1800,1800,06-JUL-2020,
OPTIDX,BANKNIFTY,16-Jul-2020,21300,PE,0,0,0,3725.8,229.75,0,0,0,0,06-JUL-2020,
OPTIDX,BANKNIFTY,16-Jul-2020,21400,PE,244.2,323.5,197.35,245.85,245.85,101,437.27,320,280,06-JUL-2020,
OPTIDX,BANKNIFTY,16-Jul-2020,21500,PE,303.8,352,235,274.1,274.1,4793,20874.85,29240,19600,06-JUL-2020,
OPTIDX,BANKNIFTY,16-Jul-2020,21600,PE,300,324,300,310.95,310.95,11,48.2,80,80,06-JUL-2020,
OPTIDX,BANKNIFTY,16-Jul-2020,21700,PE,314.25,314.25,314.25,314.25,314.25,1,4.4,20,20,06-JUL-2020,
OPTIDX,BANKNIFTY,16-Jul-2020,21800,PE,426,430.95,270.5,373.3,373.3,415,1840.47,2600,2220,06-JUL-2020,
OPTIDX,BANKNIFTY,16-Jul-2020,21900,PE,645,645,357.05,407.7,407.7,272,1213.84,1260,280,06-JUL-2020,
OPTIDX,BANKNIFTY,16-Jul-2020,22000,PE,548.95,548.95,386,449.85,449.85,4159,18678.82,22160,12500,06-JUL-2020,
OPTIDX,BANKNIFTY,16-Jul-2020,22100,PE,568.25,568.25,450,494.9,494.9,185,835.87,780,600,06-JUL-2020,
OPTIDX,BANKNIFTY,16-Jul-2020,22200,PE,573.6,612.7,476.1,540,540,562,2556.46,2860,2720,06-JUL-2020,
OPTIDX,BANKNIFTY,16-Jul-2020,22300,PE,610,632,510.85,600.1,600.1,153,700.3,1400,1400,06-JUL-2020,
OPTIDX,BANKNIFTY,16-Jul-2020,22400,PE,605.05,650,555.65,632.85,632.85,8,36.81,80,60,06-JUL-2020,
OPTIDX,BANKNIFTY,16-Jul-2020,22500,PE,720,771.85,606.05,693.9,693.9,862,3997.12,3580,2900,06-JUL-2020,
OPTIDX,BANKNIFTY,16-Jul-2020,22600,PE,0,0,0,3600.85,801.35,0,0,0,0,06-JUL-2020,
OPTIDX,BANKNIFTY,16-Jul-2020,22700,PE,0,0,0,3673.15,863.75,0,0,0,0,06-JUL-2020,
OPTIDX,BANKNIFTY,16-Jul-2020,22800,PE,0,0,0,3746.05,928.6,0,0,0,0,06-JUL-2020,
OPTIDX,BANKNIFTY,16-Jul-2020,22900,PE,0,0,0,3819.5,995.85,0,0,0,0,06-JUL-2020,
OPTIDX,BANKNIFTY,16-Jul-2020,23000,PE,949.3,1088.6,902.4,1012.7,1012.7,424,2036,2480,2480,06-JUL-2020,
OPTIDX,BANKNIFTY,16-Jul-2020,23100,PE,0,0,0,2990.5,1137.25,0,0,0,0,06-JUL-2020,
OPTIDX,BANKNIFTY,16-Jul-2020,23200,PE,0,0,0,3067.85,1211.25,0,0,0,0,06-JUL-2020,
OPTIDX,BANKNIFTY,16-Jul-2020,23300,PE,0,0,0,3145.9,1287.25,0,0,0,0,06-JUL-2020,
OPTIDX,BANKNIFTY,16-Jul-2020,23400,PE,0,0,0,3224.7,1365.2,0,0,0,0,06-JUL-2020,
OPTIDX,BANKNIFTY,16-Jul-2020,23500,PE,1409.9,1428.35,1255.75,1399.25,1445,87,431.72,480,480,06-JUL-2020,
OPTIDX,BANKNIFTY,16-Jul-2020,23600,PE,0,0,0,3069.55,1526.55,0,0,0,0,06-JUL-2020,
OPTIDX,BANKNIFTY,16-Jul-2020,23700,PE,0,0,0,3147.4,1609.75,0,0,0,0,06-JUL-2020,
OPTIDX,BANKNIFTY,16-Jul-2020,23800,PE,0,0,0,3225.95,1694.45,0,0,0,0,06-JUL-2020,
OPTIDX,BANKNIFTY,16-Jul-2020,23900,PE,0,0,0,3304.35,1780.6,0,0,0,0,06-JUL-2020,
OPTIDX,BANKNIFTY,16-Jul-2020,24000,PE,0,0,0,3271.35,1868.1,0,0,0,0,06-JUL-2020,
OPTIDX,BANKNIFTY,16-Jul-2020,24100,PE,0,0,0,3226.1,1956.8,0,0,0,0,06-JUL-2020,
OPTIDX,BANKNIFTY,16-Jul-2020,24200,PE,0,0,0,3306.75,2046.65,0,0,0,0,06-JUL-2020,
OPTIDX,BANKNIFTY,16-Jul-2020,24300,PE,0,0,0,3129.8,2137.55,0,0,0,0,06-JUL-2020,
OPTIDX,BANKNIFTY,16-Jul-2020,24400,PE,0,0,0,2899.35,2229.45,0,0,0,0,06-JUL-2020,
OPTIDX,BANKNIFTY,16-Jul-2020,24500,PE,0,0,0,2983.2,2322.15,0,0,0,0,06-JUL-2020,
OPTIDX,BANKNIFTY,16-Jul-2020,24600,PE,0,0,0,3067.85,2415.7,0,0,0,0,06-JUL-2020,
OPTIDX,BANKNIFTY,16-Jul-2020,24700,PE,0,0,0,3153.2,2509.95,0,0,0,0,06-JUL-2020,
OPTIDX,BANKNIFTY,16-Jul-2020,24800,PE,0,0,0,2771.85,2604.9,0,0,0,0,06-JUL-2020,
OPTIDX,BANKNIFTY,16-Jul-2020,24900,PE,0,0,0,2854.4,2700.4,0,0,0,0,06-JUL-2020,
OPTIDX,BANKNIFTY,16-Jul-2020,25000,PE,0,0,0,2937.75,2796.4,0,0,0,0,06-JUL-2020,
OPTIDX,BANKNIFTY,16-Jul-2020,25100,PE,0,0,0,3021.9,2892.9,0,0,0,0,06-JUL-2020,
OPTIDX,BANKNIFTY,16-Jul-2020,25200,PE,0,0,0,3106.8,2989.85,0,0,0,0,06-JUL-2020,
OPTIDX,BANKNIFTY,16-Jul-2020,25300,PE,0,0,0,3192.45,3087.15,0,0,0,0,06-JUL-2020,
OPTIDX,BANKNIFTY,23-Jul-2020,14300,CE,0,0,0,3777.25,7927.25,0,0,0,0,06-JUL-2020,
OPTIDX,BANKNIFTY,23-Jul-2020,14400,CE,0,0,0,3708.05,7827.45,0,0,0,0,06-JUL-2020,
OPTIDX,BANKNIFTY,23-Jul-2020,14500,CE,0,0,0,3639.7,7727.6,0,0,0,0,06-JUL-2020,
OPTIDX,BANKNIFTY,23-Jul-2020,14600,CE,0,0,0,3572.2,7627.8,0,0,0,0,06-JUL-2020,
OPTIDX,BANKNIFTY,23-Jul-2020,14700,CE,0,0,0,3967.05,7528,0,0,0,0,06-JUL-2020,
OPTIDX,BANKNIFTY,23-Jul-2020,14800,CE,0,0,0,3899.8,7428.2,0,0,0,0,06-JUL-2020,
OPTIDX,BANKNIFTY,23-Jul-2020,14900,CE,0,0,0,3833.25,7328.4,0,0,0,0,06-JUL-2020,
OPTIDX,BANKNIFTY,23-Jul-2020,15000,CE,0,0,0,3767.5,7228.6,0,0,0,0,06-JUL-2020,
OPTIDX,BANKNIFTY,23-Jul-2020,15100,CE,0,0,0,3702.55,7128.8,0,0,0,0,06-JUL-2020,
OPTIDX,BANKNIFTY,23-Jul-2020,15200,CE,0,0,0,3638.35,7029,0,0,0,0,06-JUL-2020,
OPTIDX,BANKNIFTY,23-Jul-2020,15300,CE,0,0,0,3574.25,6929.2,0,0,0,0,06-JUL-2020,
OPTIDX,BANKNIFTY,23-Jul-2020,15400,CE,0,0,0,3511.65,6829.4,0,0,0,0,06-JUL-2020,
OPTIDX,BANKNIFTY,23-Jul-2020,15500,CE,0,0,0,3449.9,6729.6,0,0,0,0,06-JUL-2020,
OPTIDX,BANKNIFTY,23-Jul-2020,15600,CE,0,0,0,3388.85,6629.8,0,0,0,0,06-JUL-2020,
OPTIDX,BANKNIFTY,23-Jul-2020,15700,CE,0,0,0,3328.65,6530,0,0,0,0,06-JUL-2020,
OPTIDX,BANKNIFTY,23-Jul-2020,15800,CE,0,0,0,3269.2,6430.2,0,0,0,0,06-JUL-2020,
OPTIDX,BANKNIFTY,23-Jul-2020,15900,CE,0,0,0,3210.5,6330.4,0,0,0,0,06-JUL-2020,
OPTIDX,BANKNIFTY,23-Jul-2020,16000,CE,0,0,0,3152.6,6230.6,0,0,0,0,06-JUL-2020,
OPTIDX,BANKNIFTY,23-Jul-2020,16100,CE,0,0,0,3095.5,6130.85,0,0,0,0,06-JUL-2020,
OPTIDX,BANKNIFTY,23-Jul-2020,16200,CE,0,0,0,3039.15,6031.05,0,0,0,0,06-JUL-2020,
OPTIDX,BANKNIFTY,23-Jul-2020,16300,CE,0,0,0,2983.6,5931.25,0,0,0,0,06-JUL-2020,
OPTIDX,BANKNIFTY,23-Jul-2020,16400,CE,0,0,0,2928.8,5831.5,0,0,0,0,06-JUL-2020,
OPTIDX,BANKNIFTY,23-Jul-2020,16500,CE,0,0,0,2874.75,5731.7,0,0,0,0,06-JUL-2020,
OPTIDX,BANKNIFTY,23-Jul-2020,16600,CE,0,0,0,2821.45,5631.95,0,0,0,0,06-JUL-2020,
OPTIDX,BANKNIFTY,23-Jul-2020,16700,CE,0,0,0,2768.95,5532.2,0,0,0,0,06-JUL-2020,
OPTIDX,BANKNIFTY,23-Jul-2020,16800,CE,0,0,0,2717.2,5432.45,0,0,0,0,06-JUL-2020,
OPTIDX,BANKNIFTY,23-Jul-2020,16900,CE,0,0,0,2666.2,5332.75,0,0,0,0,06-JUL-2020,
OPTIDX,BANKNIFTY,23-Jul-2020,17000,CE,0,0,0,2615.95,5233.05,0,0,0,0,06-JUL-2020,
OPTIDX,BANKNIFTY,23-Jul-2020,17100,CE,0,0,0,2566.35,5133.35,0,0,0,0,06-JUL-2020,
OPTIDX,BANKNIFTY,23-Jul-2020,17200,CE,0,0,0,2517.6,5033.7,0,0,0,0,06-JUL-2020,
OPTIDX,BANKNIFTY,23-Jul-2020,17300,CE,0,0,0,2469.6,4934.1,0,0,0,0,06-JUL-2020,
OPTIDX,BANKNIFTY,23-Jul-2020,17400,CE,0,0,0,2422.3,4834.55,0,0,0,0,06-JUL-2020,
OPTIDX,BANKNIFTY,23-Jul-2020,17500,CE,0,0,0,2375.7,4735.05,0,0,0,0,06-JUL-2020,
OPTIDX,BANKNIFTY,23-Jul-2020,17600,CE,0,0,0,2329.85,4635.6,0,0,0,0,06-JUL-2020,
OPTIDX,BANKNIFTY,23-Jul-2020,17700,CE,0,0,0,2284.7,4536.25,0,0,0,0,06-JUL-2020,
OPTIDX,BANKNIFTY,23-Jul-2020,17800,CE,0,0,0,2240.3,4437,0,0,0,0,06-JUL-2020,
OPTIDX,BANKNIFTY,23-Jul-2020,17900,CE,0,0,0,2196.55,4337.8,0,0,0,0,06-JUL-2020,
OPTIDX,BANKNIFTY,23-Jul-2020,18000,CE,0,0,0,2153.55,4238.8,0,0,0,0,06-JUL-2020,
OPTIDX,BANKNIFTY,23-Jul-2020,18100,CE,0,0,0,2111.2,4139.9,0,0,0,0,06-JUL-2020,
OPTIDX,BANKNIFTY,23-Jul-2020,18200,CE,0,0,0,2069.6,4041.2,0,0,0,0,06-JUL-2020,
OPTIDX,BANKNIFTY,23-Jul-2020,18300,CE,0,0,0,2028.6,3942.65,0,0,0,0,06-JUL-2020,
OPTIDX,BANKNIFTY,23-Jul-2020,18400,CE,0,0,0,1988.35,3844.35,0,0,0,0,06-JUL-2020,
OPTIDX,BANKNIFTY,23-Jul-2020,18500,CE,0,0,0,1948.7,3746.3,0,0,0,0,06-JUL-2020,
OPTIDX,BANKNIFTY,23-Jul-2020,18600,CE,0,0,0,1909.75,3648.55,0,0,0,0,06-JUL-2020,
OPTIDX,BANKNIFTY,23-Jul-2020,18700,CE,0,0,0,1871.45,3551.1,0,0,0,0,06-JUL-2020,
OPTIDX,BANKNIFTY,23-Jul-2020,18800,CE,0,0,0,1833.8,3454.05,0,0,0,0,06-JUL-2020,
OPTIDX,BANKNIFTY,23-Jul-2020,18900,CE,0,0,0,1796.8,3357.35,0,0,0,0,06-JUL-2020,
OPTIDX,BANKNIFTY,23-Jul-2020,19000,CE,0,0,0,1760.45,3261.15,0,0,0,0,06-JUL-2020,
OPTIDX,BANKNIFTY,23-Jul-2020,19100,CE,0,0,0,1724.7,3165.45,0,0,0,0,06-JUL-2020,
OPTIDX,BANKNIFTY,23-Jul-2020,19200,CE,0,0,0,1689.55,3070.3,0,0,0,0,06-JUL-2020,
OPTIDX,BANKNIFTY,23-Jul-2020,19300,CE,0,0,0,1655.05,2975.75,0,0,0,0,06-JUL-2020,
OPTIDX,BANKNIFTY,23-Jul-2020,19400,CE,0,0,0,1621.15,2881.9,0,0,0,0,06-JUL-2020,
OPTIDX,BANKNIFTY,23-Jul-2020,19500,CE,0,0,0,1587.8,2788.75,0,0,0,0,06-JUL-2020,
OPTIDX,BANKNIFTY,23-Jul-2020,19600,CE,0,0,0,1555.1,2696.4,0,0,0,0,06-JUL-2020,
OPTIDX,BANKNIFTY,23-Jul-2020,19700,CE,0,0,0,1522.95,2604.95,0,0,0,0,06-JUL-2020,
OPTIDX,BANKNIFTY,23-Jul-2020,19800,CE,0,0,0,1491.4,2514.4,0,0,0,0,06-JUL-2020,
OPTIDX,BANKNIFTY,23-Jul-2020,19900,CE,0,0,0,1460.45,2424.85,0,0,0,0,06-JUL-2020,
OPTIDX,BANKNIFTY,23-Jul-2020,20000,CE,0,0,0,1430,2336.4,0,0,0,0,06-JUL-2020,
OPTIDX,BANKNIFTY,23-Jul-2020,20100,CE,0,0,0,1400.15,2249.05,0,0,0,0,06-JUL-2020,
OPTIDX,BANKNIFTY,23-Jul-2020,20200,CE,0,0,0,1370.8,2162.95,0,0,0,0,06-JUL-2020,
OPTIDX,BANKNIFTY,23-Jul-2020,20300,CE,0,0,0,1342.05,2078.1,0,0,0,0,06-JUL-2020,
OPTIDX,BANKNIFTY,23-Jul-2020,20400,CE,0,0,0,1313.8,1994.65,0,0,0,0,06-JUL-2020,
OPTIDX,BANKNIFTY,23-Jul-2020,20500,CE,0,0,0,1286.1,1912.6,0,0,0,0,06-JUL-2020,
OPTIDX,BANKNIFTY,23-Jul-2020,20600,CE,0,0,0,1258.9,1832.05,0,0,0,0,06-JUL-2020,
OPTIDX,BANKNIFTY,23-Jul-2020,20700,CE,0,0,0,1232.2,1753.1,0,0,0,0,06-JUL-2020,
OPTIDX,BANKNIFTY,23-Jul-2020,20800,CE,0,0,0,1323.4,1675.7,0,0,0,0,06-JUL-2020,
OPTIDX,BANKNIFTY,23-Jul-2020,20900,CE,0,0,0,1292.9,1600.05,0,0,0,0,06-JUL-2020,
OPTIDX,BANKNIFTY,23-Jul-2020,21000,CE,0,0,0,1263,1526.15,0,0,0,0,06-JUL-2020,
OPTIDX,BANKNIFTY,23-Jul-2020,21100,CE,0,0,0,1233.65,1454,0,0,0,0,06-JUL-2020,
OPTIDX,BANKNIFTY,23-Jul-2020,21200,CE,0,0,0,1204.95,1383.75,0,0,0,0,06-JUL-2020,
OPTIDX,BANKNIFTY,23-Jul-2020,21300,CE,0,0,0,1176.8,1315.4,0,0,0,0,06-JUL-2020,
OPTIDX,BANKNIFTY,23-Jul-2020,21400,CE,0,0,0,1149.2,1248.95,0,0,0,0,06-JUL-2020,
OPTIDX,BANKNIFTY,23-Jul-2020,21500,CE,0,0,0,755,1184.5,0,0,60,0,06-JUL-2020,
OPTIDX,BANKNIFTY,23-Jul-2020,21600,CE,0,0,0,1095.75,1122.05,0,0,0,0,06-JUL-2020,
OPTIDX,BANKNIFTY,23-Jul-2020,21700,CE,0,0,0,1069.85,1061.65,0,0,0,0,06-JUL-2020,
OPTIDX,BANKNIFTY,23-Jul-2020,21800,CE,0,0,0,1350.4,1003.25,0,0,0,0,06-JUL-2020,
OPTIDX,BANKNIFTY,23-Jul-2020,21900,CE,0,0,0,1322.05,946.95,0,0,0,0,06-JUL-2020,
OPTIDX,BANKNIFTY,23-Jul-2020,22000,CE,800.5,910.5,800.5,910.5,892.7,4,18.26,140,0,06-JUL-2020,
OPTIDX,BANKNIFTY,23-Jul-2020,22100,CE,0,0,0,1266.95,840.55,0,0,0,0,06-JUL-2020,
OPTIDX,BANKNIFTY,23-Jul-2020,22200,CE,0,0,0,1240.15,790.45,0,0,0,0,06-JUL-2020,
OPTIDX,BANKNIFTY,23-Jul-2020,22300,CE,0,0,0,1161.25,742.45,0,0,0,0,06-JUL-2020,
OPTIDX,BANKNIFTY,23-Jul-2020,22400,CE,0,0,0,1302.5,696.45,0,0,0,0,06-JUL-2020,
OPTIDX,BANKNIFTY,23-Jul-2020,22500,CE,735,735,650.05,675,652.5,11,50.98,220,220,06-JUL-2020,
OPTIDX,BANKNIFTY,23-Jul-2020,22600,CE,0,0,0,1244.85,610.55,0,0,0,0,06-JUL-2020,
OPTIDX,BANKNIFTY,23-Jul-2020,22700,CE,0,0,0,1216.9,570.6,0,0,0,0,06-JUL-2020,
OPTIDX,BANKNIFTY,23-Jul-2020,22800,CE,0,0,0,1189.45,532.55,0,0,0,0,06-JUL-2020,
OPTIDX,BANKNIFTY,23-Jul-2020,22900,CE,0,0,0,1162.55,496.45,0,0,0,0,06-JUL-2020,
OPTIDX,BANKNIFTY,23-Jul-2020,23000,CE,367.05,367.05,367.05,367.05,367.05,1,4.67,20,20,06-JUL-2020,
OPTIDX,BANKNIFTY,23-Jul-2020,23100,CE,0,0,0,652.1,429.75,0,0,0,0,06-JUL-2020,
OPTIDX,BANKNIFTY,23-Jul-2020,23200,CE,0,0,0,628.6,399.05,0,0,0,0,06-JUL-2020,
OPTIDX,BANKNIFTY,23-Jul-2020,23300,CE,0,0,0,605.85,370.1,0,0,0,0,06-JUL-2020,
OPTIDX,BANKNIFTY,23-Jul-2020,23400,CE,0,0,0,583.75,342.8,0,0,0,0,06-JUL-2020,
OPTIDX,BANKNIFTY,23-Jul-2020,23500,CE,0,0,0,562.4,317.1,0,0,0,0,06-JUL-2020,
OPTIDX,BANKNIFTY,23-Jul-2020,23600,CE,0,0,0,642.85,292.95,0,0,0,0,06-JUL-2020,
OPTIDX,BANKNIFTY,23-Jul-2020,23700,CE,0,0,0,619.8,270.3,0,0,0,0,06-JUL-2020,
OPTIDX,BANKNIFTY,23-Jul-2020,23800,CE,0,0,0,597.45,249.1,0,0,0,0,06-JUL-2020,
OPTIDX,BANKNIFTY,23-Jul-2020,23900,CE,0,0,0,575.8,229.25,0,0,0,0,06-JUL-2020,
OPTIDX,BANKNIFTY,23-Jul-2020,24000,CE,0,0,0,525.6,210.7,0,0,0,0,06-JUL-2020,
OPTIDX,BANKNIFTY,23-Jul-2020,24100,CE,0,0,0,532.5,193.45,0,0,0,0,06-JUL-2020,
OPTIDX,BANKNIFTY,23-Jul-2020,24200,CE,0,0,0,512.05,177.35,0,0,0,0,06-JUL-2020,
OPTIDX,BANKNIFTY,23-Jul-2020,24300,CE,0,0,0,341.5,162.4,0,0,0,0,06-JUL-2020,
OPTIDX,BANKNIFTY,23-Jul-2020,24400,CE,0,0,0,389.2,148.55,0,0,0,0,06-JUL-2020,
OPTIDX,BANKNIFTY,23-Jul-2020,24500,CE,0,0,0,370.5,135.65,0,0,0,0,06-JUL-2020,
OPTIDX,BANKNIFTY,23-Jul-2020,24600,CE,0,0,0,352.55,123.75,0,0,0,0,06-JUL-2020,
OPTIDX,BANKNIFTY,23-Jul-2020,24700,CE,0,0,0,335.35,112.75,0,0,0,0,06-JUL-2020,
OPTIDX,BANKNIFTY,23-Jul-2020,24800,CE,0,0,0,424.15,102.6,0,0,0,0,06-JUL-2020,
OPTIDX,BANKNIFTY,23-Jul-2020,24900,CE,0,0,0,404.1,93.25,0,0,0,0,06-JUL-2020,
OPTIDX,BANKNIFTY,23-Jul-2020,25000,CE,0,0,0,384.85,84.65,0,0,0,0,06-JUL-2020,
OPTIDX,BANKNIFTY,23-Jul-2020,25100,CE,0,0,0,366.35,76.75,0,0,0,0,06-JUL-2020,
OPTIDX,BANKNIFTY,23-Jul-2020,25200,CE,0,0,0,348.65,69.5,0,0,0,0,06-JUL-2020,
OPTIDX,BANKNIFTY,23-Jul-2020,25300,CE,0,0,0,331.65,62.85,0,0,0,0,06-JUL-2020,
OPTIDX,BANKNIFTY,23-Jul-2020,14300,PE,0,0,0,682.3,0.05,0,0,0,0,06-JUL-2020,
OPTIDX,BANKNIFTY,23-Jul-2020,14400,PE,0,0,0,712.3,0.05,0,0,0,0,06-JUL-2020,
OPTIDX,BANKNIFTY,23-Jul-2020,14500,PE,0,0,0,743.15,0.05,0,0,0,0,06-JUL-2020,
OPTIDX,BANKNIFTY,23-Jul-2020,14600,PE,0,0,0,774.85,0.05,0,0,0,0,06-JUL-2020,
OPTIDX,BANKNIFTY,23-Jul-2020,14700,PE,0,0,0,801.4,0.05,0,0,0,0,06-JUL-2020,
OPTIDX,BANKNIFTY,23-Jul-2020,14800,PE,0,0,0,833.2,0.05,0,0,0,0,06-JUL-2020,
OPTIDX,BANKNIFTY,23-Jul-2020,14900,PE,0,0,0,865.8,0.05,0,0,0,0,06-JUL-2020,
OPTIDX,BANKNIFTY,23-Jul-2020,15000,PE,0,0,0,899.15,0.05,0,0,0,0,06-JUL-2020,
OPTIDX,BANKNIFTY,23-Jul-2020,15100,PE,0,0,0,933.3,0.05,0,0,0,0,06-JUL-2020,
OPTIDX,BANKNIFTY,23-Jul-2020,15200,PE,0,0,0,968.25,0.05,0,0,0,0,06-JUL-2020,
OPTIDX,BANKNIFTY,23-Jul-2020,15300,PE,0,0,0,1003.2,0.05,0,0,0,0,06-JUL-2020,
OPTIDX,BANKNIFTY,23-Jul-2020,15400,PE,0,0,0,1039.75,0.05,0,0,0,0,06-JUL-2020,
OPTIDX,BANKNIFTY,23-Jul-2020,15500,PE,0,0,0,1077.1,0.05,0,0,0,0,06-JUL-2020,
OPTIDX,BANKNIFTY,23-Jul-2020,15600,PE,0,0,0,1115.2,0.05,0,0,0,0,06-JUL-2020,
OPTIDX,BANKNIFTY,23-Jul-2020,15700,PE,0,0,0,1154.05,0.05,0,0,0,0,06-JUL-2020,
OPTIDX,BANKNIFTY,23-Jul-2020,15800,PE,0,0,0,1193.7,0.05,0,0,0,0,06-JUL-2020,
OPTIDX,BANKNIFTY,23-Jul-2020,15900,PE,0,0,0,1234.15,0.05,0,0,0,0,06-JUL-2020,
OPTIDX,BANKNIFTY,23-Jul-2020,16000,PE,0,0,0,1275.4,0.05,0,0,0,0,06-JUL-2020,
OPTIDX,BANKNIFTY,23-Jul-2020,16100,PE,0,0,0,1317.35,0.05,0,0,0,0,06-JUL-2020,
OPTIDX,BANKNIFTY,23-Jul-2020,16200,PE,0,0,0,1360.15,0.05,0,0,0,0,06-JUL-2020,
OPTIDX,BANKNIFTY,23-Jul-2020,16300,PE,0,0,0,1403.7,0.05,0,0,0,0,06-JUL-2020,
OPTIDX,BANKNIFTY,23-Jul-2020,16400,PE,0,0,0,1448,0.1,0,0,0,0,06-JUL-2020,
OPTIDX,BANKNIFTY,23-Jul-2020,16500,PE,0,0,0,1493.05,0.1,0,0,0,0,06-JUL-2020,
OPTIDX,BANKNIFTY,23-Jul-2020,16600,PE,0,0,0,1538.9,0.15,0,0,0,0,06-JUL-2020,
OPTIDX,BANKNIFTY,23-Jul-2020,16700,PE,0,0,0,1585.5,0.2,0,0,0,0,06-JUL-2020,
OPTIDX,BANKNIFTY,23-Jul-2020,16800,PE,0,0,0,1632.85,0.3,0,0,0,0,06-JUL-2020,
OPTIDX,BANKNIFTY,23-Jul-2020,16900,PE,0,0,0,1680.95,0.35,0,0,0,0,06-JUL-2020,
OPTIDX,BANKNIFTY,23-Jul-2020,17000,PE,0,0,0,1729.8,0.45,0,0,0,0,06-JUL-2020,
OPTIDX,BANKNIFTY,23-Jul-2020,17100,PE,0,0,0,1779.35,0.6,0,0,0,0,06-JUL-2020,
OPTIDX,BANKNIFTY,23-Jul-2020,17200,PE,0,0,0,1829.7,0.75,0,0,0,0,06-JUL-2020,
OPTIDX,BANKNIFTY,23-Jul-2020,17300,PE,0,0,0,1880.8,0.95,0,0,0,0,06-JUL-2020,
OPTIDX,BANKNIFTY,23-Jul-2020,17400,PE,0,0,0,1932.6,1.2,0,0,0,0,06-JUL-2020,
OPTIDX,BANKNIFTY,23-Jul-2020,17500,PE,0,0,0,1985.15,1.5,0,0,0,0,06-JUL-2020,
OPTIDX,BANKNIFTY,23-Jul-2020,17600,PE,0,0,0,2038.4,1.85,0,0,0,0,06-JUL-2020,
OPTIDX,BANKNIFTY,23-Jul-2020,17700,PE,0,0,0,2092.35,2.3,0,0,0,0,06-JUL-2020,
OPTIDX,BANKNIFTY,23-Jul-2020,17800,PE,0,0,0,2147.05,2.85,0,0,0,0,06-JUL-2020,
OPTIDX,BANKNIFTY,23-Jul-2020,17900,PE,0,0,0,2202.45,3.5,0,0,0,0,06-JUL-2020,
OPTIDX,BANKNIFTY,23-Jul-2020,18000,PE,0,0,0,2258.55,4.25,0,0,0,0,06-JUL-2020,
OPTIDX,BANKNIFTY,23-Jul-2020,18100,PE,0,0,0,2315.35,5.15,0,0,0,0,06-JUL-2020,
OPTIDX,BANKNIFTY,23-Jul-2020,18200,PE,0,0,0,2372.8,6.25,0,0,0,0,06-JUL-2020,
OPTIDX,BANKNIFTY,23-Jul-2020,18300,PE,0,0,0,2430.95,7.5,0,0,0,0,06-JUL-2020,
OPTIDX,BANKNIFTY,23-Jul-2020,18400,PE,0,0,0,2489.75,9,0,0,0,0,06-JUL-2020,
OPTIDX,BANKNIFTY,23-Jul-2020,18500,PE,0,0,0,2549.25,10.75,0,0,0,0,06-JUL-2020,
OPTIDX,BANKNIFTY,23-Jul-2020,18600,PE,0,0,0,2609.45,12.8,0,0,0,0,06-JUL-2020,
OPTIDX,BANKNIFTY,23-Jul-2020,18700,PE,0,0,0,2670.25,15.2,0,0,0,0,06-JUL-2020,
OPTIDX,BANKNIFTY,23-Jul-2020,18800,PE,0,0,0,2731.7,17.9,0,0,0,0,06-JUL-2020,
OPTIDX,BANKNIFTY,23-Jul-2020,18900,PE,0,0,0,2793.8,21.05,0,0,0,0,06-JUL-2020,
OPTIDX,BANKNIFTY,23-Jul-2020,19000,PE,0,0,0,2856.55,24.65,0,0,0,0,06-JUL-2020,
OPTIDX,BANKNIFTY,23-Jul-2020,19100,PE,0,0,0,2919.9,28.75,0,0,0,0,06-JUL-2020,
OPTIDX,BANKNIFTY,23-Jul-2020,19200,PE,0,0,0,2983.9,33.4,0,0,0,0,06-JUL-2020,
OPTIDX,BANKNIFTY,23-Jul-2020,19300,PE,0,0,0,3048.5,38.65,0,0,0,0,06-JUL-2020,
OPTIDX,BANKNIFTY,23-Jul-2020,19400,PE,0,0,0,3113.7,44.6,0,0,0,0,06-JUL-2020,
OPTIDX,BANKNIFTY,23-Jul-2020,19500,PE,0,0,0,3179.5,51.25,0,0,0,0,06-JUL-2020,
OPTIDX,BANKNIFTY,23-Jul-2020,19600,PE,0,0,0,3245.9,58.7,0,0,0,0,06-JUL-2020,
OPTIDX,BANKNIFTY,23-Jul-2020,19700,PE,0,0,0,3312.85,67.05,0,0,0,0,06-JUL-2020,
OPTIDX,BANKNIFTY,23-Jul-2020,19800,PE,0,0,0,3380.4,76.3,0,0,0,0,06-JUL-2020,
OPTIDX,BANKNIFTY,23-Jul-2020,19900,PE,0,0,0,3448.55,86.55,0,0,0,0,06-JUL-2020,
OPTIDX,BANKNIFTY,23-Jul-2020,20000,PE,0,0,0,3517.25,97.9,0,0,0,0,06-JUL-2020,
OPTIDX,BANKNIFTY,23-Jul-2020,20100,PE,0,0,0,3586.5,110.35,0,0,0,0,06-JUL-2020,
OPTIDX,BANKNIFTY,23-Jul-2020,20200,PE,0,0,0,3656.25,124.05,0,0,0,0,06-JUL-2020,
OPTIDX,BANKNIFTY,23-Jul-2020,20300,PE,0,0,0,3726.6,139.05,0,0,0,0,06-JUL-2020,
OPTIDX,BANKNIFTY,23-Jul-2020,20400,PE,0,0,0,3797.45,155.35,0,0,0,0,06-JUL-2020,
OPTIDX,BANKNIFTY,23-Jul-2020,20500,PE,0,0,0,3868.85,173.1,0,0,0,0,06-JUL-2020,
OPTIDX,BANKNIFTY,23-Jul-2020,20600,PE,0,0,0,3940.8,192.4,0,0,0,0,06-JUL-2020,
OPTIDX,BANKNIFTY,23-Jul-2020,20700,PE,0,0,0,4013.2,213.2,0,0,0,0,06-JUL-2020,
OPTIDX,BANKNIFTY,23-Jul-2020,20800,PE,0,0,0,3253.65,235.65,0,0,0,0,06-JUL-2020,
OPTIDX,BANKNIFTY,23-Jul-2020,20900,PE,0,0,0,3322.35,259.8,0,0,0,0,06-JUL-2020,
OPTIDX,BANKNIFTY,23-Jul-2020,21000,PE,0,0,0,3391.7,285.65,0,0,0,0,06-JUL-2020,
OPTIDX,BANKNIFTY,23-Jul-2020,21100,PE,0,0,0,3461.6,313.35,0,0,0,0,06-JUL-2020,
OPTIDX,BANKNIFTY,23-Jul-2020,21200,PE,506.7,506.7,506.7,506.7,342.9,1,4.34,40,20,06-JUL-2020,
OPTIDX,BANKNIFTY,23-Jul-2020,21300,PE,0,0,0,3603.2,374.3,0,0,0,0,06-JUL-2020,
OPTIDX,BANKNIFTY,23-Jul-2020,21400,PE,0,0,0,3674.9,407.7,0,0,0,0,06-JUL-2020,
OPTIDX,BANKNIFTY,23-Jul-2020,21500,PE,0,0,0,3747.1,443.05,0,0,0,0,06-JUL-2020,
OPTIDX,BANKNIFTY,23-Jul-2020,21600,PE,0,0,0,3819.85,480.4,0,0,0,0,06-JUL-2020,
OPTIDX,BANKNIFTY,23-Jul-2020,21700,PE,0,0,0,3893.2,519.75,0,0,0,0,06-JUL-2020,
OPTIDX,BANKNIFTY,23-Jul-2020,21800,PE,0,0,0,3817.35,561.2,0,0,0,0,06-JUL-2020,
OPTIDX,BANKNIFTY,23-Jul-2020,21900,PE,0,0,0,3888.25,604.7,0,0,0,0,06-JUL-2020,
OPTIDX,BANKNIFTY,23-Jul-2020,22000,PE,0,0,0,3959.65,650.25,0,0,0,0,06-JUL-2020,
OPTIDX,BANKNIFTY,23-Jul-2020,22100,PE,0,0,0,4031.6,697.9,0,0,0,0,06-JUL-2020,
OPTIDX,BANKNIFTY,23-Jul-2020,22200,PE,0,0,0,4104.05,747.6,0,0,0,0,06-JUL-2020,
OPTIDX,BANKNIFTY,23-Jul-2020,22300,PE,0,0,0,4006.25,799.4,0,0,0,0,06-JUL-2020,
OPTIDX,BANKNIFTY,23-Jul-2020,22400,PE,0,0,0,3587.1,853.2,0,0,0,0,06-JUL-2020,
OPTIDX,BANKNIFTY,23-Jul-2020,22500,PE,0,0,0,3657.3,909.05,0,0,0,0,06-JUL-2020,
OPTIDX,BANKNIFTY,23-Jul-2020,22600,PE,0,0,0,3728.1,966.95,0,0,0,0,06-JUL-2020,
OPTIDX,BANKNIFTY,23-Jul-2020,22700,PE,0,0,0,3799.4,1026.75,0,0,0,0,06-JUL-2020,
OPTIDX,BANKNIFTY,23-Jul-2020,22800,PE,0,0,0,3871.25,1088.55,0,0,0,0,06-JUL-2020,
OPTIDX,BANKNIFTY,23-Jul-2020,22900,PE,0,0,0,3943.65,1152.2,0,0,0,0,06-JUL-2020,
OPTIDX,BANKNIFTY,23-Jul-2020,23000,PE,0,0,0,4016.6,1217.75,0,0,0,0,06-JUL-2020,
OPTIDX,BANKNIFTY,23-Jul-2020,23100,PE,900,1200,900,1200,1285.1,2,9.66,0,0,06-JUL-2020,
OPTIDX,BANKNIFTY,23-Jul-2020,23200,PE,0,0,0,3140.75,1354.2,0,0,0,0,06-JUL-2020,
OPTIDX,BANKNIFTY,23-Jul-2020,23300,PE,0,0,0,3217.3,1425.05,0,0,0,0,06-JUL-2020,
OPTIDX,BANKNIFTY,23-Jul-2020,23400,PE,0,0,0,3294.55,1497.55,0,0,0,0,06-JUL-2020,
OPTIDX,BANKNIFTY,23-Jul-2020,23500,PE,0,0,0,3372.5,1571.7,0,0,0,0,06-JUL-2020,
OPTIDX,BANKNIFTY,23-Jul-2020,23600,PE,0,0,0,3145.55,1647.35,0,0,0,0,06-JUL-2020,
OPTIDX,BANKNIFTY,23-Jul-2020,23700,PE,1323.7,1700,1323.7,1700,1724.5,2,10.08,0,0,06-JUL-2020,
OPTIDX,BANKNIFTY,23-Jul-2020,23800,PE,0,0,0,3298.8,1803.1,0,0,0,0,06-JUL-2020,
OPTIDX,BANKNIFTY,23-Jul-2020,23900,PE,0,0,0,3376.5,1883.05,0,0,0,0,06-JUL-2020,
OPTIDX,BANKNIFTY,23-Jul-2020,24000,PE,0,0,0,2300,1964.3,0,0,20,0,06-JUL-2020,
OPTIDX,BANKNIFTY,23-Jul-2020,24100,PE,0,0,0,3302.65,2046.85,0,0,0,0,06-JUL-2020,
OPTIDX,BANKNIFTY,23-Jul-2020,24200,PE,0,0,0,3381.6,2130.55,0,0,0,0,06-JUL-2020,
OPTIDX,BANKNIFTY,23-Jul-2020,24300,PE,0,0,0,3202.6,2215.4,0,0,0,0,06-JUL-2020,
OPTIDX,BANKNIFTY,23-Jul-2020,24400,PE,0,0,0,2983.05,2301.35,0,0,0,0,06-JUL-2020,
OPTIDX,BANKNIFTY,23-Jul-2020,24500,PE,0,0,0,3063.9,2388.25,0,0,0,0,06-JUL-2020,
OPTIDX,BANKNIFTY,23-Jul-2020,24600,PE,0,0,0,3145.6,2476.15,0,0,0,0,06-JUL-2020,
OPTIDX,BANKNIFTY,23-Jul-2020,24700,PE,0,0,0,3227.95,2564.95,0,0,0,0,06-JUL-2020,
OPTIDX,BANKNIFTY,23-Jul-2020,24800,PE,0,0,0,2871.55,2654.6,0,0,0,0,06-JUL-2020,
OPTIDX,BANKNIFTY,23-Jul-2020,24900,PE,0,0,0,2951.15,2745.1,0,0,0,0,06-JUL-2020,
OPTIDX,BANKNIFTY,23-Jul-2020,25000,PE,0,0,0,3031.55,2836.25,0,0,0,0,06-JUL-2020,
OPTIDX,BANKNIFTY,23-Jul-2020,25100,PE,0,0,0,3112.7,2928.15,0,0,0,0,06-JUL-2020,
OPTIDX,BANKNIFTY,23-Jul-2020,25200,PE,0,0,0,3194.65,3020.75,0,0,0,0,06-JUL-2020,
OPTIDX,BANKNIFTY,23-Jul-2020,25300,PE,0,0,0,3277.3,3113.9,0,0,0,0,06-JUL-2020,
OPTIDX,BANKNIFTY,30-Jul-2020,14300,CE,0,0,0,3870.75,7938.85,0,0,0,0,06-JUL-2020,
OPTIDX,BANKNIFTY,30-Jul-2020,14400,CE,0,0,0,3803.05,7839.15,0,0,0,0,06-JUL-2020,
OPTIDX,BANKNIFTY,30-Jul-2020,14500,CE,0,0,0,4128.75,7739.4,0,0,0,0,06-JUL-2020,
OPTIDX,BANKNIFTY,30-Jul-2020,14600,CE,0,0,0,4034.2,7639.7,0,0,0,0,06-JUL-2020,
OPTIDX,BANKNIFTY,30-Jul-2020,14700,CE,0,0,0,3968.9,7540,0,0,0,0,06-JUL-2020,
OPTIDX,BANKNIFTY,30-Jul-2020,14800,CE,0,0,0,3904.35,7440.25,0,0,0,0,06-JUL-2020,
OPTIDX,BANKNIFTY,30-Jul-2020,14900,CE,0,0,0,3840.6,7340.55,0,0,0,0,06-JUL-2020,
OPTIDX,BANKNIFTY,30-Jul-2020,15000,CE,0,0,0,7107.75,7240.85,0,0,350,0,06-JUL-2020,
OPTIDX,BANKNIFTY,30-Jul-2020,15100,CE,0,0,0,3714.55,7141.15,0,0,0,0,06-JUL-2020,
OPTIDX,BANKNIFTY,30-Jul-2020,15200,CE,0,0,0,3653.05,7041.4,0,0,0,0,06-JUL-2020,
OPTIDX,BANKNIFTY,30-Jul-2020,15300,CE,0,0,0,3592.3,6941.7,0,0,0,0,06-JUL-2020,
OPTIDX,BANKNIFTY,30-Jul-2020,15400,CE,0,0,0,3532.25,6842,0,0,0,0,06-JUL-2020,
OPTIDX,BANKNIFTY,30-Jul-2020,15500,CE,0,0,0,3473,6742.3,0,0,0,0,06-JUL-2020,
OPTIDX,BANKNIFTY,30-Jul-2020,15600,CE,0,0,0,3414.5,6642.6,0,0,0,0,06-JUL-2020,
OPTIDX,BANKNIFTY,30-Jul-2020,15700,CE,0,0,0,3356.7,6542.95,0,0,0,0,06-JUL-2020,
OPTIDX,BANKNIFTY,30-Jul-2020,15800,CE,0,0,0,4294.5,6443.25,0,0,0,0,06-JUL-2020,
OPTIDX,BANKNIFTY,30-Jul-2020,15900,CE,0,0,0,4429.35,6343.6,0,0,0,0,06-JUL-2020,
OPTIDX,BANKNIFTY,30-Jul-2020,16000,CE,6239.3,6375,6176.25,6206.7,6206.7,119,662.55,16250,-2600,06-JUL-2020,
OPTIDX,BANKNIFTY,30-Jul-2020,16100,CE,0,0,0,4442.25,6144.35,0,0,0,0,06-JUL-2020,
OPTIDX,BANKNIFTY,30-Jul-2020,16200,CE,0,0,0,4382.95,6044.7,0,0,0,0,06-JUL-2020,
OPTIDX,BANKNIFTY,30-Jul-2020,16300,CE,0,0,0,4939.65,5945.15,0,0,0,0,06-JUL-2020,
OPTIDX,BANKNIFTY,30-Jul-2020,16400,CE,0,0,0,4883.35,5845.6,0,0,0,0,06-JUL-2020,
OPTIDX,BANKNIFTY,30-Jul-2020,16500,CE,0,0,0,5166.15,5746.05,0,0,25,0,06-JUL-2020,
OPTIDX,BANKNIFTY,30-Jul-2020,16600,CE,0,0,0,4772.35,5646.6,0,0,0,0,06-JUL-2020,
OPTIDX,BANKNIFTY,30-Jul-2020,16700,CE,0,0,0,4860.35,5547.15,0,0,0,0,06-JUL-2020,
OPTIDX,BANKNIFTY,30-Jul-2020,16800,CE,0,0,0,4802.25,5447.75,0,0,0,0,06-JUL-2020,
OPTIDX,BANKNIFTY,30-Jul-2020,16900,CE,0,0,0,4744.75,5348.45,0,0,0,0,06-JUL-2020,
OPTIDX,BANKNIFTY,30-Jul-2020,17000,CE,5249.85,5303.65,5249.85,5303.65,5249.2,4,22.27,9075,0,06-JUL-2020,
OPTIDX,BANKNIFTY,30-Jul-2020,17100,CE,0,0,0,4631.35,5150.05,0,0,0,0,06-JUL-2020,
OPTIDX,BANKNIFTY,30-Jul-2020,17200,CE,0,0,0,4575.5,5051,0,0,0,0,06-JUL-2020,
OPTIDX,BANKNIFTY,30-Jul-2020,17300,CE,0,0,0,4520.15,4952.1,0,0,0,0,06-JUL-2020,
OPTIDX,BANKNIFTY,30-Jul-2020,17400,CE,0,0,0,4465.4,4853.25,0,0,0,0,06-JUL-2020,
OPTIDX,BANKNIFTY,30-Jul-2020,17500,CE,4720,4846.05,4720,4846.05,4754.6,3,16.7,1925,-50,06-JUL-2020,
OPTIDX,BANKNIFTY,30-Jul-2020,17600,CE,0,0,0,4357.5,4656.1,0,0,0,0,06-JUL-2020,
OPTIDX,BANKNIFTY,30-Jul-2020,17700,CE,0,0,0,4304.35,4557.8,0,0,0,0,06-JUL-2020,
OPTIDX,BANKNIFTY,30-Jul-2020,17800,CE,0,0,0,4251.7,4459.65,0,0,0,0,06-JUL-2020,
OPTIDX,BANKNIFTY,30-Jul-2020,17900,CE,0,0,0,4199.65,4361.8,0,0,0,0,06-JUL-2020,
OPTIDX,BANKNIFTY,30-Jul-2020,18000,CE,4209.85,4352.1,4209.85,4238.4,4238.4,37,206.18,14600,-325,06-JUL-2020,
OPTIDX,BANKNIFTY,30-Jul-2020,18100,CE,0,0,0,4097.1,4166.85,0,0,0,0,06-JUL-2020,
OPTIDX,BANKNIFTY,30-Jul-2020,18200,CE,0,0,0,4046.6,4069.8,0,0,0,0,06-JUL-2020,
OPTIDX,BANKNIFTY,30-Jul-2020,18300,CE,0,0,0,3996.65,3973.15,0,0,0,0,06-JUL-2020,
OPTIDX,BANKNIFTY,30-Jul-2020,18400,CE,0,0,0,3947.1,3876.85,0,0,0,0,06-JUL-2020,
OPTIDX,BANKNIFTY,30-Jul-2020,18500,CE,3820.35,3877,3757.05,3777.3,3777.3,29,161.64,4600,-200,06-JUL-2020,
OPTIDX,BANKNIFTY,30-Jul-2020,18600,CE,0,0,0,5098.65,3685.6,0,0,0,0,06-JUL-2020,
OPTIDX,BANKNIFTY,30-Jul-2020,18700,CE,0,0,0,5042.6,3590.7,0,0,0,0,06-JUL-2020,
OPTIDX,BANKNIFTY,30-Jul-2020,18800,CE,0,0,0,4987.1,3496.35,0,0,0,0,06-JUL-2020,
OPTIDX,BANKNIFTY,30-Jul-2020,18900,CE,0,0,0,4932.05,3402.55,0,0,0,0,06-JUL-2020,
OPTIDX,BANKNIFTY,30-Jul-2020,19000,CE,3255,3405,3236.2,3293,3293,80,446.9,18425,-675,06-JUL-2020,
OPTIDX,BANKNIFTY,30-Jul-2020,19100,CE,0,0,0,2911.85,3216.9,0,0,25,0,06-JUL-2020,
OPTIDX,BANKNIFTY,30-Jul-2020,19200,CE,0,0,0,4769.95,3125.15,0,0,0,0,06-JUL-2020,
OPTIDX,BANKNIFTY,30-Jul-2020,19300,CE,0,0,0,2970.1,3034.2,0,0,50,0,06-JUL-2020,
OPTIDX,BANKNIFTY,30-Jul-2020,19400,CE,0,0,0,4664.35,2944.05,0,0,0,0,06-JUL-2020,
OPTIDX,BANKNIFTY,30-Jul-2020,19500,CE,2855.55,2951,2788.85,2820,2820,30,167.82,3075,-600,06-JUL-2020,
OPTIDX,BANKNIFTY,30-Jul-2020,19600,CE,0,0,0,4560.7,2766.4,0,0,0,0,06-JUL-2020,
OPTIDX,BANKNIFTY,30-Jul-2020,19700,CE,0,0,0,2472.45,2679,0,0,50,0,06-JUL-2020,
OPTIDX,BANKNIFTY,30-Jul-2020,19800,CE,0,0,0,2108.25,2592.65,0,0,75,0,06-JUL-2020,
OPTIDX,BANKNIFTY,30-Jul-2020,19900,CE,0,0,0,2036.35,2507.4,0,0,25,0,06-JUL-2020,
OPTIDX,BANKNIFTY,30-Jul-2020,20000,CE,2400,2555,2350,2383.25,2383.25,250,1402.25,44825,425,06-JUL-2020,
OPTIDX,BANKNIFTY,30-Jul-2020,20100,CE,2312.1,2436.1,2312.1,2436.1,2340.35,3,16.84,175,-25,06-JUL-2020,
OPTIDX,BANKNIFTY,30-Jul-2020,20200,CE,2228.3,2353.3,2187.8,2244.4,2244.4,10,56.12,200,-50,06-JUL-2020,
OPTIDX,BANKNIFTY,30-Jul-2020,20300,CE,2147.7,2286.1,2119,2119,2178.2,3,16.86,100,-50,06-JUL-2020,
OPTIDX,BANKNIFTY,30-Jul-2020,20400,CE,1935,2194.7,1935,2194.7,2099.1,4,22.49,50,-25,06-JUL-2020,
OPTIDX,BANKNIFTY,30-Jul-2020,20500,CE,1987.75,2140,1945,1975.95,1975.95,215,1210.23,15625,-500,06-JUL-2020,
OPTIDX,BANKNIFTY,30-Jul-2020,20600,CE,1913.25,1938.2,1913.25,1938.2,1938.2,2,11.26,175,25,06-JUL-2020,
OPTIDX,BANKNIFTY,30-Jul-2020,20700,CE,1889,1925.8,1794.8,1794.8,1870.3,3,16.92,175,0,06-JUL-2020,
OPTIDX,BANKNIFTY,30-Jul-2020,20800,CE,0,0,0,1569.35,1796.95,0,0,225,0,06-JUL-2020,
OPTIDX,BANKNIFTY,30-Jul-2020,20900,CE,0,0,0,1472.1,1725.2,0,0,650,0,06-JUL-2020,
OPTIDX,BANKNIFTY,30-Jul-2020,21000,CE,1510.05,1748,1510.05,1595.95,1595.95,769,4353.25,59625,-3550,06-JUL-2020,
OPTIDX,BANKNIFTY,30-Jul-2020,21100,CE,1595.6,1595.6,1539.5,1539.5,1586.4,11,62.38,4425,-75,06-JUL-2020,
OPTIDX,BANKNIFTY,30-Jul-2020,21200,CE,1515,1560,1464.4,1475,1475,29,164.53,2550,-350,06-JUL-2020,
OPTIDX,BANKNIFTY,30-Jul-2020,21300,CE,1412,1500,1400,1435,1454.1,19,107.95,2525,-75,06-JUL-2020,
OPTIDX,BANKNIFTY,30-Jul-2020,21400,CE,1303.55,1470,1299.5,1317.95,1317.95,10,56.89,1825,-100,06-JUL-2020,
OPTIDX,BANKNIFTY,30-Jul-2020,21500,CE,1340,1400,1214.95,1259.2,1259.2,2324,13243.3,84575,-11400,06-JUL-2020,
OPTIDX,BANKNIFTY,30-Jul-2020,21600,CE,1230,1314.3,1162.4,1205.3,1205.3,121,691.27,4900,1625,06-JUL-2020,
OPTIDX,BANKNIFTY,30-Jul-2020,21700,CE,1286,1286,1086.75,1154.1,1154.1,46,262.98,4900,-225,06-JUL-2020,
OPTIDX,BANKNIFTY,30-Jul-2020,21800,CE,1215,1215,1045.25,1079.85,1079.85,243,1392.12,5600,-2225,06-JUL-2020,
OPTIDX,BANKNIFTY,30-Jul-2020,21900,CE,1137.95,1142.15,985.25,1027.95,1027.95,458,2628.15,6950,-3550,06-JUL-2020,
OPTIDX,BANKNIFTY,30-Jul-2020,22000,CE,911.6,1081.15,911.6,958.9,958.9,11432,65720.27,286250,-8800,06-JUL-2020,
OPTIDX,BANKNIFTY,30-Jul-2020,22100,CE,900,1030,865.25,909.1,909.1,866,4990.46,4950,-5775,06-JUL-2020,
OPTIDX,BANKNIFTY,30-Jul-2020,22200,CE,856.65,967,829.5,855.8,855.8,2618,15105.51,25875,19225,06-JUL-2020,
OPTIDX,BANKNIFTY,30-Jul-2020,22300,CE,799,925.8,785,808,808,1838,10633.65,8150,3075,06-JUL-2020,
OPTIDX,BANKNIFTY,30-Jul-2020,22400,CE,748.3,860.5,735,757.75,757.75,891,5164.55,5950,2575,06-JUL-2020,
OPTIDX,BANKNIFTY,30-Jul-2020,22500,CE,710,811.85,688.65,710.05,710.05,9753,56673.81,169575,7100,06-JUL-2020,
OPTIDX,BANKNIFTY,30-Jul-2020,22600,CE,674.8,758.65,644.8,665.7,665.7,332,1933.47,3400,-225,06-JUL-2020,
OPTIDX,BANKNIFTY,30-Jul-2020,22700,CE,626.35,728,600.85,623.6,623.6,265,1547.23,4525,1450,06-JUL-2020,
OPTIDX,BANKNIFTY,30-Jul-2020,22800,CE,623.6,670,565.95,581.6,581.6,570,3335.76,9500,4300,06-JUL-2020,
OPTIDX,BANKNIFTY,30-Jul-2020,22900,CE,496.15,624.65,496.15,544,544,218,1279.34,8525,75,06-JUL-2020,
OPTIDX,BANKNIFTY,30-Jul-2020,23000,CE,500,585,484.85,500.15,500.15,15631,91942.47,503175,-2675,06-JUL-2020,
OPTIDX,BANKNIFTY,30-Jul-2020,23100,CE,489.45,536.2,458.45,465.45,465.45,158,931.66,2150,-950,06-JUL-2020,
OPTIDX,BANKNIFTY,30-Jul-2020,23200,CE,441.3,505.05,416.7,431.5,431.5,142,839.76,2900,-175,06-JUL-2020,
OPTIDX,BANKNIFTY,30-Jul-2020,23300,CE,434.85,466.45,388,399.75,399.75,245,1453.06,3025,850,06-JUL-2020,
OPTIDX,BANKNIFTY,30-Jul-2020,23400,CE,380,433.15,359.7,367.55,367.55,93,553.12,2225,575,06-JUL-2020,
OPTIDX,BANKNIFTY,30-Jul-2020,23500,CE,381.55,403.95,327.2,340,340,8666,51695.73,211125,4850,06-JUL-2020,
OPTIDX,BANKNIFTY,30-Jul-2020,23600,CE,282,367.9,282,315.4,315.4,143,855.3,3175,-300,06-JUL-2020,
OPTIDX,BANKNIFTY,30-Jul-2020,23700,CE,358.25,358.3,267.8,292.4,292.4,69,414.11,2700,175,06-JUL-2020,
OPTIDX,BANKNIFTY,30-Jul-2020,23800,CE,298.65,307.75,265.75,275.65,275.65,11,66.22,150,150,06-JUL-2020,
OPTIDX,BANKNIFTY,30-Jul-2020,23900,CE,0,0,0,2766.05,346.25,0,0,0,0,06-JUL-2020,
OPTIDX,BANKNIFTY,30-Jul-2020,24000,CE,225.5,272,213.05,222.45,222.45,11691,70848.52,232275,14350,06-JUL-2020,
OPTIDX,BANKNIFTY,30-Jul-2020,24100,CE,258.65,258.65,189,203.95,203.95,14,85.11,150,125,06-JUL-2020,
OPTIDX,BANKNIFTY,30-Jul-2020,24200,CE,0,0,0,2668.6,282.85,0,0,0,0,06-JUL-2020,
OPTIDX,BANKNIFTY,30-Jul-2020,24300,CE,0,0,0,2636.85,263.95,0,0,0,0,06-JUL-2020,
OPTIDX,BANKNIFTY,30-Jul-2020,24400,CE,0,0,0,2605.45,246.1,0,0,0,0,06-JUL-2020,
OPTIDX,BANKNIFTY,30-Jul-2020,24500,CE,169.05,182,136.25,141.5,141.5,5403,33303.88,298875,3600,06-JUL-2020,
OPTIDX,BANKNIFTY,30-Jul-2020,24600,CE,0,0,0,456.4,213.45,0,0,0,0,06-JUL-2020,
OPTIDX,BANKNIFTY,30-Jul-2020,24700,CE,131.5,148.5,116,131.95,131.95,20,124.14,1175,0,06-JUL-2020,
OPTIDX,BANKNIFTY,30-Jul-2020,24800,CE,0,0,0,542.35,184.55,0,0,0,0,06-JUL-2020,
OPTIDX,BANKNIFTY,30-Jul-2020,24900,CE,107,115,107,115,115,2,12.5,400,25,06-JUL-2020,
OPTIDX,BANKNIFTY,30-Jul-2020,25000,CE,100,119.85,82.85,87.2,87.2,7406,46466.18,166725,1275,06-JUL-2020,
OPTIDX,BANKNIFTY,30-Jul-2020,25100,CE,0,0,0,477.25,147.4,0,0,0,0,06-JUL-2020,
OPTIDX,BANKNIFTY,30-Jul-2020,25200,CE,85,95,70,74,136.55,13,82.15,675,0,06-JUL-2020,
OPTIDX,BANKNIFTY,30-Jul-2020,25300,CE,75.05,83.45,60.4,64.55,64.55,1645,10433.77,41600,3650,06-JUL-2020,
OPTIDX,BANKNIFTY,30-Jul-2020,14300,PE,12.5,12.5,8,9.75,9.75,114,407.81,1825,-1475,06-JUL-2020,
OPTIDX,BANKNIFTY,30-Jul-2020,14400,PE,0,0,0,793.55,0.05,0,0,0,0,06-JUL-2020,
OPTIDX,BANKNIFTY,30-Jul-2020,14500,PE,12.5,15.85,9.75,12.55,12.55,72,261.21,8500,375,06-JUL-2020,
OPTIDX,BANKNIFTY,30-Jul-2020,14600,PE,0,0,0,909.95,0.05,0,0,0,0,06-JUL-2020,
OPTIDX,BANKNIFTY,30-Jul-2020,14700,PE,0,0,0,943.6,0.05,0,0,0,0,06-JUL-2020,
OPTIDX,BANKNIFTY,30-Jul-2020,14800,PE,0,0,0,978.05,0.05,0,0,0,0,06-JUL-2020,
OPTIDX,BANKNIFTY,30-Jul-2020,14900,PE,0,0,0,1013.2,0.05,0,0,0,0,06-JUL-2020,
OPTIDX,BANKNIFTY,30-Jul-2020,15000,PE,16.2,16.2,11.2,12.2,12.2,424,1591.39,31375,-3925,06-JUL-2020,
OPTIDX,BANKNIFTY,30-Jul-2020,15100,PE,0,0,0,1085.1,0.05,0,0,0,0,06-JUL-2020,
OPTIDX,BANKNIFTY,30-Jul-2020,15200,PE,0,0,0,1122.6,0.05,0,0,0,0,06-JUL-2020,
OPTIDX,BANKNIFTY,30-Jul-2020,15300,PE,0,0,0,1160.8,0.05,0,0,0,0,06-JUL-2020,
OPTIDX,BANKNIFTY,30-Jul-2020,15400,PE,0,0,0,1199.75,0.1,0,0,0,0,06-JUL-2020,
OPTIDX,BANKNIFTY,30-Jul-2020,15500,PE,0,0,0,16.25,0.1,0,0,300,0,06-JUL-2020,
OPTIDX,BANKNIFTY,30-Jul-2020,15600,PE,0,0,0,1.2,0.15,0,0,93775,0,06-JUL-2020,
OPTIDX,BANKNIFTY,30-Jul-2020,15700,PE,0,0,0,1321.05,0.2,0,0,0,0,06-JUL-2020,
OPTIDX,BANKNIFTY,30-Jul-2020,15800,PE,0,0,0,1094.55,0.25,0,0,0,0,06-JUL-2020,
OPTIDX,BANKNIFTY,30-Jul-2020,15900,PE,0,0,0,47.6,0.3,0,0,275,0,06-JUL-2020,
OPTIDX,BANKNIFTY,30-Jul-2020,16000,PE,19.1,19.1,13.45,15.3,15.3,1032,4132,41975,-7725,06-JUL-2020,
OPTIDX,BANKNIFTY,30-Jul-2020,16100,PE,0,0,0,1408.95,0.45,0,0,0,0,06-JUL-2020,
OPTIDX,BANKNIFTY,30-Jul-2020,16200,PE,0,0,0,1448.5,0.55,0,0,0,0,06-JUL-2020,
OPTIDX,BANKNIFTY,30-Jul-2020,16300,PE,0,0,0,1767.15,0.7,0,0,0,0,06-JUL-2020,
OPTIDX,BANKNIFTY,30-Jul-2020,16400,PE,0,0,0,1809.6,0.85,0,0,0,0,06-JUL-2020,
OPTIDX,BANKNIFTY,30-Jul-2020,16500,PE,19,21.5,14.95,15.25,15.25,734,3030.93,12400,-4850,06-JUL-2020,
OPTIDX,BANKNIFTY,30-Jul-2020,16600,PE,0,0,0,1896.15,1.3,0,0,0,0,06-JUL-2020,
OPTIDX,BANKNIFTY,30-Jul-2020,16700,PE,0,0,0,1607.35,1.6,0,0,0,0,06-JUL-2020,
OPTIDX,BANKNIFTY,30-Jul-2020,16800,PE,0,0,0,1648,1.95,0,0,0,0,06-JUL-2020,
OPTIDX,BANKNIFTY,30-Jul-2020,16900,PE,0,0,0,1689.25,2.35,0,0,0,0,06-JUL-2020,
OPTIDX,BANKNIFTY,30-Jul-2020,17000,PE,25.45,25.45,18,19.15,19.15,2384,10144.69,88175,-5750,06-JUL-2020,
OPTIDX,BANKNIFTY,30-Jul-2020,17100,PE,0,0,0,1773.35,3.4,0,0,0,0,06-JUL-2020,
OPTIDX,BANKNIFTY,30-Jul-2020,17200,PE,0,0,0,1816.2,4.05,0,0,0,0,06-JUL-2020,
OPTIDX,BANKNIFTY,30-Jul-2020,17300,PE,0,0,0,1859.65,4.85,0,0,0,0,06-JUL-2020,
OPTIDX,BANKNIFTY,30-Jul-2020,17400,PE,0,0,0,160,5.75,0,0,25,0,06-JUL-2020,
OPTIDX,BANKNIFTY,30-Jul-2020,17500,PE,30,32.4,22.35,25.1,25.1,1942,8508.81,33400,-3100,06-JUL-2020,
OPTIDX,BANKNIFTY,30-Jul-2020,17600,PE,30,30,30,30,8.05,4,17.63,225,0,06-JUL-2020,
OPTIDX,BANKNIFTY,30-Jul-2020,17700,PE,0,0,0,80,9.45,0,0,125,0,06-JUL-2020,
OPTIDX,BANKNIFTY,30-Jul-2020,17800,PE,0,0,0,2084.95,11.05,0,0,0,0,06-JUL-2020,
OPTIDX,BANKNIFTY,30-Jul-2020,17900,PE,0,0,0,2131.6,12.9,0,0,0,0,06-JUL-2020,
OPTIDX,BANKNIFTY,30-Jul-2020,18000,PE,50,50,32.9,36.8,36.8,5412,24406.75,134600,-11775,06-JUL-2020,
OPTIDX,BANKNIFTY,30-Jul-2020,18100,PE,0,0,0,2226.55,17.35,0,0,0,0,06-JUL-2020,
OPTIDX,BANKNIFTY,30-Jul-2020,18200,PE,0,0,0,2274.8,20.1,0,0,0,0,06-JUL-2020,
OPTIDX,BANKNIFTY,30-Jul-2020,18300,PE,0,0,0,2323.6,23.15,0,0,0,0,06-JUL-2020,
OPTIDX,BANKNIFTY,30-Jul-2020,18400,PE,0,0,0,2372.8,26.55,0,0,0,0,06-JUL-2020,
OPTIDX,BANKNIFTY,30-Jul-2020,18500,PE,70.05,70.05,50.05,56.1,56.1,2688,12470.71,43300,-8875,06-JUL-2020,
OPTIDX,BANKNIFTY,30-Jul-2020,18600,PE,0,0,0,1928.4,34.75,0,0,0,0,06-JUL-2020,
OPTIDX,BANKNIFTY,30-Jul-2020,18700,PE,0,0,0,1971.1,39.55,0,0,0,0,06-JUL-2020,
OPTIDX,BANKNIFTY,30-Jul-2020,18800,PE,0,0,0,110,44.9,0,0,2300,0,06-JUL-2020,
OPTIDX,BANKNIFTY,30-Jul-2020,18900,PE,0,0,0,171,50.85,0,0,25,0,06-JUL-2020,
OPTIDX,BANKNIFTY,30-Jul-2020,19000,PE,122,122,75,83.2,83.2,7461,35601.19,168025,-35650,06-JUL-2020,
OPTIDX,BANKNIFTY,30-Jul-2020,19100,PE,0,0,0,145,64.65,0,0,50,0,06-JUL-2020,
OPTIDX,BANKNIFTY,30-Jul-2020,19200,PE,0,0,0,2192.15,72.65,0,0,0,0,06-JUL-2020,
OPTIDX,BANKNIFTY,30-Jul-2020,19300,PE,0,0,0,192.05,81.35,0,0,800,0,06-JUL-2020,
OPTIDX,BANKNIFTY,30-Jul-2020,19400,PE,131,131,89.75,112.35,112.35,21,102.45,650,0,06-JUL-2020,
OPTIDX,BANKNIFTY,30-Jul-2020,19500,PE,131.7,190,111.6,123.8,123.8,6830,33511.38,99825,-7450,06-JUL-2020,
OPTIDX,BANKNIFTY,30-Jul-2020,19600,PE,140,165.3,119.4,133.75,133.75,132,651.23,1000,-1375,06-JUL-2020,
OPTIDX,BANKNIFTY,30-Jul-2020,19700,PE,135.55,167.15,132.2,143.3,143.3,52,257.98,2075,-575,06-JUL-2020,
OPTIDX,BANKNIFTY,30-Jul-2020,19800,PE,175,175,140.75,158.45,158.45,187,932.89,2100,-1225,06-JUL-2020,
OPTIDX,BANKNIFTY,30-Jul-2020,19900,PE,162.6,175,158.95,166.75,166.75,43,215.72,2600,-250,06-JUL-2020,
OPTIDX,BANKNIFTY,30-Jul-2020,20000,PE,222.5,222.5,164.35,181.45,181.45,20479,103336.16,234075,-111350,06-JUL-2020,
OPTIDX,BANKNIFTY,30-Jul-2020,20100,PE,205.4,220.15,171.45,199.9,199.9,69,350.19,3100,-650,06-JUL-2020,
OPTIDX,BANKNIFTY,30-Jul-2020,20200,PE,224.85,240.6,194.05,212.05,212.05,272,1388.28,2875,-1025,06-JUL-2020,
OPTIDX,BANKNIFTY,30-Jul-2020,20300,PE,243.8,257.6,207.7,230.4,230.4,169,867.52,4150,-650,06-JUL-2020,
OPTIDX,BANKNIFTY,30-Jul-2020,20400,PE,175.05,277.5,175.05,248.95,248.95,170,877.64,4275,-225,06-JUL-2020,
OPTIDX,BANKNIFTY,30-Jul-2020,20500,PE,312.45,330,237,261.6,261.6,13251,68780.61,218275,109625,06-JUL-2020,
OPTIDX,BANKNIFTY,30-Jul-2020,20600,PE,319.3,325.7,253.5,285.85,285.85,276,1441.21,3225,-125,06-JUL-2020,
OPTIDX,BANKNIFTY,30-Jul-2020,20700,PE,400,400,280.3,309.1,309.1,219,1150.74,9225,850,06-JUL-2020,
OPTIDX,BANKNIFTY,30-Jul-2020,20800,PE,375.05,401,302.65,334.1,334.1,263,1389.94,8075,-250,06-JUL-2020,
OPTIDX,BANKNIFTY,30-Jul-2020,20900,PE,405.2,405.2,325,355.2,355.2,473,2513.89,5675,450,06-JUL-2020,
OPTIDX,BANKNIFTY,30-Jul-2020,21000,PE,461.75,461.75,341.6,378.4,378.4,14322,76572.74,212025,-5950,06-JUL-2020,
OPTIDX,BANKNIFTY,30-Jul-2020,21100,PE,431.65,453.45,375.75,408.9,408.9,926,4981.08,8850,3025,06-JUL-2020,
OPTIDX,BANKNIFTY,30-Jul-2020,21200,PE,463.75,491.05,402.1,439.05,439.05,402,2175.22,8100,2200,06-JUL-2020,
OPTIDX,BANKNIFTY,30-Jul-2020,21300,PE,506.7,515.1,431,471.9,471.9,156,849.41,6175,50,06-JUL-2020,
OPTIDX,BANKNIFTY,30-Jul-2020,21400,PE,527.7,556.9,458.2,505.05,505.05,238,1303.85,5975,325,06-JUL-2020,
OPTIDX,BANKNIFTY,30-Jul-2020,21500,PE,601,611,485,532.25,532.25,6996,38540.79,152825,875,06-JUL-2020,
OPTIDX,BANKNIFTY,30-Jul-2020,21600,PE,622.1,633.1,524.6,578.5,578.5,238,1319.43,5500,525,06-JUL-2020,
OPTIDX,BANKNIFTY,30-Jul-2020,21700,PE,680,680,558.1,612.85,612.85,590,3290.4,6725,2700,06-JUL-2020,
OPTIDX,BANKNIFTY,30-Jul-2020,21800,PE,722.55,773.75,590.95,653.35,653.35,1085,6092.98,12600,6700,06-JUL-2020,
OPTIDX,BANKNIFTY,30-Jul-2020,21900,PE,742.2,755.9,630.85,690.95,690.95,571,3226.96,7325,200,06-JUL-2020,
OPTIDX,BANKNIFTY,30-Jul-2020,22000,PE,849,849,662.75,730.65,730.65,11800,67074.25,149000,47875,06-JUL-2020,
OPTIDX,BANKNIFTY,30-Jul-2020,22100,PE,779.25,847,709.1,779.95,779.95,578,3307.01,3675,800,06-JUL-2020,
OPTIDX,BANKNIFTY,30-Jul-2020,22200,PE,807.8,910.3,758.55,823.5,823.5,1669,9612.03,8600,5900,06-JUL-2020,
OPTIDX,BANKNIFTY,30-Jul-2020,22300,PE,1035.5,1035.5,783.85,875.2,875.2,1060,6140.36,4500,3725,06-JUL-2020,
OPTIDX,BANKNIFTY,30-Jul-2020,22400,PE,979.9,979.9,847.25,921.45,921.45,210,1223.87,1875,1400,06-JUL-2020,
OPTIDX,BANKNIFTY,30-Jul-2020,22500,PE,1051.8,1051.8,891.35,980.45,980.45,2999,17598.47,27400,7875,06-JUL-2020,
OPTIDX,BANKNIFTY,30-Jul-2020,22600,PE,1083.8,1090,961.2,961.2,1100.1,7,41.35,175,75,06-JUL-2020,
OPTIDX,BANKNIFTY,30-Jul-2020,22700,PE,1116,1117.75,1050,1071.35,1071.35,16,95.13,275,150,06-JUL-2020,
OPTIDX,BANKNIFTY,30-Jul-2020,22800,PE,1194.75,1194.75,1112,1168.75,1168.75,5,29.94,350,25,06-JUL-2020,
OPTIDX,BANKNIFTY,30-Jul-2020,22900,PE,1237.5,1237.5,1195.2,1219,1280.55,8,48.25,425,0,06-JUL-2020,
OPTIDX,BANKNIFTY,30-Jul-2020,23000,PE,1311,1357,1165.5,1268.8,1268.8,1629,9882.03,37675,12575,06-JUL-2020,
OPTIDX,BANKNIFTY,30-Jul-2020,23100,PE,0,0,0,1697.75,1408.9,0,0,1450,0,06-JUL-2020,
OPTIDX,BANKNIFTY,30-Jul-2020,23200,PE,1436.15,1436.15,1406.1,1406.1,1475.35,3,18.46,50,25,06-JUL-2020,
OPTIDX,BANKNIFTY,30-Jul-2020,23300,PE,1470.1,1470.1,1470.1,1470.1,1543.35,1,6.19,125,0,06-JUL-2020,
OPTIDX,BANKNIFTY,30-Jul-2020,23400,PE,0,0,0,4504.65,1612.8,0,0,0,0,06-JUL-2020,
OPTIDX,BANKNIFTY,30-Jul-2020,23500,PE,1641.7,1679.55,1490,1592.25,1592.25,66,414.08,4000,-150,06-JUL-2020,
OPTIDX,BANKNIFTY,30-Jul-2020,23600,PE,1688.8,1688.8,1688.8,1688.8,1755.9,1,6.32,25,25,06-JUL-2020,
OPTIDX,BANKNIFTY,30-Jul-2020,23700,PE,1758.85,1758.85,1758.85,1758.85,1829.5,1,6.36,25,25,06-JUL-2020,
OPTIDX,BANKNIFTY,30-Jul-2020,23800,PE,0,0,0,4763.1,1904.45,0,0,0,0,06-JUL-2020,
OPTIDX,BANKNIFTY,30-Jul-2020,23900,PE,0,0,0,4828.65,1980.6,0,0,0,0,06-JUL-2020,
OPTIDX,BANKNIFTY,30-Jul-2020,24000,PE,2000.15,2060,1860,1984.05,1984.05,226,1467.35,9075,625,06-JUL-2020,
OPTIDX,BANKNIFTY,30-Jul-2020,24100,PE,0,0,0,4960.8,2136.6,0,0,0,0,06-JUL-2020,
OPTIDX,BANKNIFTY,30-Jul-2020,24200,PE,0,0,0,5027.45,2216.35,0,0,0,0,06-JUL-2020,
OPTIDX,BANKNIFTY,30-Jul-2020,24300,PE,0,0,0,5094.4,2297.2,0,0,0,0,06-JUL-2020,
OPTIDX,BANKNIFTY,30-Jul-2020,24400,PE,0,0,0,5161.75,2379.05,0,0,0,0,06-JUL-2020,
OPTIDX,BANKNIFTY,30-Jul-2020,24500,PE,2430,2441.95,2246.7,2255.85,2462,46,308.53,13725,-50,06-JUL-2020,
OPTIDX,BANKNIFTY,30-Jul-2020,24600,PE,0,0,0,3227.2,2545.85,0,0,0,0,06-JUL-2020,
OPTIDX,BANKNIFTY,30-Jul-2020,24700,PE,0,0,0,3307.35,2630.65,0,0,0,0,06-JUL-2020,
OPTIDX,BANKNIFTY,30-Jul-2020,24800,PE,0,0,0,2960.05,2716.35,0,0,0,0,06-JUL-2020,
OPTIDX,BANKNIFTY,30-Jul-2020,24900,PE,0,0,0,3037.45,2802.95,0,0,0,0,06-JUL-2020,
OPTIDX,BANKNIFTY,30-Jul-2020,25000,PE,2800,2900,2692.95,2844.25,2844.25,48,333.31,10500,375,06-JUL-2020,
OPTIDX,BANKNIFTY,30-Jul-2020,25100,PE,0,0,0,3193.55,2978.45,0,0,0,0,06-JUL-2020,
OPTIDX,BANKNIFTY,30-Jul-2020,25200,PE,0,0,0,3273.1,3067.3,0,0,0,0,06-JUL-2020,
OPTIDX,BANKNIFTY,30-Jul-2020,25300,PE,3101.65,3101.65,3100,3100,3100,3,21.3,200,75,06-JUL-2020,
OPTIDX,BANKNIFTY,06-Aug-2020,16900,CE,0,0,0,3440.55,5366.9,0,0,0,0,06-JUL-2020,
OPTIDX,BANKNIFTY,06-Aug-2020,17000,CE,0,0,0,3361.45,5268.45,0,0,0,0,06-JUL-2020,
OPTIDX,BANKNIFTY,06-Aug-2020,17100,CE,0,0,0,3283.25,5170.1,0,0,0,0,06-JUL-2020,
OPTIDX,BANKNIFTY,06-Aug-2020,17200,CE,0,0,0,3206,5071.95,0,0,0,0,06-JUL-2020,
OPTIDX,BANKNIFTY,06-Aug-2020,17300,CE,0,0,0,3129.7,4974,0,0,0,0,06-JUL-2020,
OPTIDX,BANKNIFTY,06-Aug-2020,17400,CE,0,0,0,3569.05,4876.3,0,0,0,0,06-JUL-2020,
OPTIDX,BANKNIFTY,06-Aug-2020,17500,CE,0,0,0,3493.5,4778.8,0,0,0,0,06-JUL-2020,
OPTIDX,BANKNIFTY,06-Aug-2020,17600,CE,0,0,0,3418.8,4681.55,0,0,0,0,06-JUL-2020,
OPTIDX,BANKNIFTY,06-Aug-2020,17700,CE,0,0,0,3345.7,4584.65,0,0,0,0,06-JUL-2020,
OPTIDX,BANKNIFTY,06-Aug-2020,17800,CE,0,0,0,3272.75,4488,0,0,0,0,06-JUL-2020,
OPTIDX,BANKNIFTY,06-Aug-2020,17900,CE,0,0,0,3200.7,4391.7,0,0,0,0,06-JUL-2020,
OPTIDX,BANKNIFTY,06-Aug-2020,18000,CE,0,0,0,3129.55,4295.8,0,0,0,0,06-JUL-2020,
OPTIDX,BANKNIFTY,06-Aug-2020,18100,CE,0,0,0,3059.35,4200.3,0,0,0,0,06-JUL-2020,
OPTIDX,BANKNIFTY,06-Aug-2020,18200,CE,0,0,0,2990.1,4105.2,0,0,0,0,06-JUL-2020,
OPTIDX,BANKNIFTY,06-Aug-2020,18300,CE,0,0,0,2921.8,4010.6,0,0,0,0,06-JUL-2020,
OPTIDX,BANKNIFTY,06-Aug-2020,18400,CE,0,0,0,2853.65,3916.5,0,0,0,0,06-JUL-2020,
OPTIDX,BANKNIFTY,06-Aug-2020,18500,CE,0,0,0,2787.35,3822.9,0,0,0,0,06-JUL-2020,
OPTIDX,BANKNIFTY,06-Aug-2020,18600,CE,0,0,0,2722.05,3729.9,0,0,0,0,06-JUL-2020,
OPTIDX,BANKNIFTY,06-Aug-2020,18700,CE,0,0,0,2657.65,3637.5,0,0,0,0,06-JUL-2020,
OPTIDX,BANKNIFTY,06-Aug-2020,18800,CE,0,0,0,2594.3,3545.75,0,0,0,0,06-JUL-2020,
OPTIDX,BANKNIFTY,06-Aug-2020,18900,CE,0,0,0,2531.9,3454.7,0,0,0,0,06-JUL-2020,
OPTIDX,BANKNIFTY,06-Aug-2020,19000,CE,0,0,0,2470.5,3364.35,0,0,0,0,06-JUL-2020,
OPTIDX,BANKNIFTY,06-Aug-2020,19100,CE,0,0,0,2410.05,3274.8,0,0,0,0,06-JUL-2020,
OPTIDX,BANKNIFTY,06-Aug-2020,19200,CE,0,0,0,2350.65,3186.05,0,0,0,0,06-JUL-2020,
OPTIDX,BANKNIFTY,06-Aug-2020,19300,CE,0,0,0,2292.2,3098.15,0,0,0,0,06-JUL-2020,
OPTIDX,BANKNIFTY,06-Aug-2020,19400,CE,0,0,0,2234.75,3011.15,0,0,0,0,06-JUL-2020,
OPTIDX,BANKNIFTY,06-Aug-2020,19500,CE,0,0,0,2178.3,2925.05,0,0,0,0,06-JUL-2020,
OPTIDX,BANKNIFTY,06-Aug-2020,19600,CE,0,0,0,2122.85,2839.95,0,0,0,0,06-JUL-2020,
OPTIDX,BANKNIFTY,06-Aug-2020,19700,CE,0,0,0,2068.4,2755.85,0,0,0,0,06-JUL-2020,
OPTIDX,BANKNIFTY,06-Aug-2020,19800,CE,0,0,0,2014.9,2672.8,0,0,0,0,06-JUL-2020,
OPTIDX,BANKNIFTY,06-Aug-2020,19900,CE,0,0,0,1962.4,2590.85,0,0,0,0,06-JUL-2020,
OPTIDX,BANKNIFTY,06-Aug-2020,20000,CE,0,0,0,1910.9,2510.05,0,0,0,0,06-JUL-2020,
OPTIDX,BANKNIFTY,06-Aug-2020,20100,CE,0,0,0,1860.35,2430.4,0,0,0,0,06-JUL-2020,
OPTIDX,BANKNIFTY,06-Aug-2020,20200,CE,0,0,0,1810.7,2351.95,0,0,0,0,06-JUL-2020,
OPTIDX,BANKNIFTY,06-Aug-2020,20300,CE,0,0,0,1762.15,2274.75,0,0,0,0,06-JUL-2020,
OPTIDX,BANKNIFTY,06-Aug-2020,20400,CE,0,0,0,1714.5,2198.8,0,0,0,0,06-JUL-2020,
OPTIDX,BANKNIFTY,06-Aug-2020,20500,CE,0,0,0,1667.85,2124.2,0,0,0,0,06-JUL-2020,
OPTIDX,BANKNIFTY,06-Aug-2020,20600,CE,0,0,0,1622.15,2050.9,0,0,0,0,06-JUL-2020,
OPTIDX,BANKNIFTY,06-Aug-2020,20700,CE,0,0,0,1577.35,1979,0,0,0,0,06-JUL-2020,
OPTIDX,BANKNIFTY,06-Aug-2020,20800,CE,0,0,0,1533.55,1908.45,0,0,0,0,06-JUL-2020,
OPTIDX,BANKNIFTY,06-Aug-2020,20900,CE,0,0,0,1490.65,1839.35,0,0,0,0,06-JUL-2020,
OPTIDX,BANKNIFTY,06-Aug-2020,21000,CE,0,0,0,1448.65,1771.65,0,0,0,0,06-JUL-2020,
OPTIDX,BANKNIFTY,06-Aug-2020,21100,CE,0,0,0,1407.6,1705.45,0,0,0,0,06-JUL-2020,
OPTIDX,BANKNIFTY,06-Aug-2020,21200,CE,0,0,0,1367.45,1640.75,0,0,0,0,06-JUL-2020,
OPTIDX,BANKNIFTY,06-Aug-2020,21300,CE,0,0,0,1328.2,1577.5,0,0,0,0,06-JUL-2020,
OPTIDX,BANKNIFTY,06-Aug-2020,21400,CE,0,0,0,1289.8,1515.75,0,0,0,0,06-JUL-2020,
OPTIDX,BANKNIFTY,06-Aug-2020,21500,CE,0,0,0,1252.3,1455.55,0,0,0,0,06-JUL-2020,
OPTIDX,BANKNIFTY,06-Aug-2020,21600,CE,0,0,0,1215.65,1396.85,0,0,0,0,06-JUL-2020,
OPTIDX,BANKNIFTY,06-Aug-2020,21700,CE,0,0,0,1179.9,1339.75,0,0,0,0,06-JUL-2020,
OPTIDX,BANKNIFTY,06-Aug-2020,21800,CE,0,0,0,1144.95,1284.1,0,0,0,0,06-JUL-2020,
OPTIDX,BANKNIFTY,06-Aug-2020,21900,CE,0,0,0,1110.85,1230.05,0,0,0,0,06-JUL-2020,
OPTIDX,BANKNIFTY,06-Aug-2020,22000,CE,0,0,0,1077.55,1177.55,0,0,0,0,06-JUL-2020,
OPTIDX,BANKNIFTY,06-Aug-2020,22100,CE,0,0,0,1045.1,1126.55,0,0,0,0,06-JUL-2020,
OPTIDX,BANKNIFTY,06-Aug-2020,22200,CE,0,0,0,1013.45,1077.1,0,0,0,0,06-JUL-2020,
OPTIDX,BANKNIFTY,06-Aug-2020,22300,CE,0,0,0,982.55,1029.15,0,0,0,0,06-JUL-2020,
OPTIDX,BANKNIFTY,06-Aug-2020,22400,CE,0,0,0,952.45,982.75,0,0,0,0,06-JUL-2020,
OPTIDX,BANKNIFTY,06-Aug-2020,22500,CE,0,0,0,923.1,937.8,0,0,0,0,06-JUL-2020,
OPTIDX,BANKNIFTY,06-Aug-2020,22600,CE,0,0,0,894.5,894.4,0,0,0,0,06-JUL-2020,
OPTIDX,BANKNIFTY,06-Aug-2020,22700,CE,0,0,0,866.6,852.45,0,0,0,0,06-JUL-2020,
OPTIDX,BANKNIFTY,06-Aug-2020,22800,CE,0,0,0,839.5,811.95,0,0,0,0,06-JUL-2020,
OPTIDX,BANKNIFTY,06-Aug-2020,22900,CE,0,0,0,813.05,772.9,0,0,0,0,06-JUL-2020,
OPTIDX,BANKNIFTY,06-Aug-2020,23000,CE,0,0,0,787.35,735.25,0,0,0,0,06-JUL-2020,
OPTIDX,BANKNIFTY,06-Aug-2020,23100,CE,0,0,0,763.3,699,0,0,0,0,06-JUL-2020,
OPTIDX,BANKNIFTY,06-Aug-2020,23200,CE,0,0,0,739,664.15,0,0,0,0,06-JUL-2020,
OPTIDX,BANKNIFTY,06-Aug-2020,23300,CE,0,0,0,715.4,630.6,0,0,0,0,06-JUL-2020,
OPTIDX,BANKNIFTY,06-Aug-2020,23400,CE,0,0,0,692.4,598.4,0,0,0,0,06-JUL-2020,
OPTIDX,BANKNIFTY,06-Aug-2020,23500,CE,0,0,0,831.2,567.45,0,0,0,0,06-JUL-2020,
OPTIDX,BANKNIFTY,06-Aug-2020,23600,CE,0,0,0,805,537.8,0,0,0,0,06-JUL-2020,
OPTIDX,BANKNIFTY,06-Aug-2020,23700,CE,0,0,0,780.5,509.4,0,0,0,0,06-JUL-2020,
OPTIDX,BANKNIFTY,06-Aug-2020,23800,CE,0,0,0,755.75,482.15,0,0,0,0,06-JUL-2020,
OPTIDX,BANKNIFTY,06-Aug-2020,23900,CE,0,0,0,731.7,456.15,0,0,0,0,06-JUL-2020,
OPTIDX,BANKNIFTY,06-Aug-2020,24000,CE,0,0,0,708.3,431.25,0,0,0,0,06-JUL-2020,
OPTIDX,BANKNIFTY,06-Aug-2020,24100,CE,0,0,0,719.45,407.45,0,0,0,0,06-JUL-2020,
OPTIDX,BANKNIFTY,06-Aug-2020,24200,CE,0,0,0,696.4,384.7,0,0,0,0,06-JUL-2020,
OPTIDX,BANKNIFTY,06-Aug-2020,24300,CE,0,0,0,538.7,363.05,0,0,0,0,06-JUL-2020,
OPTIDX,BANKNIFTY,06-Aug-2020,24400,CE,0,0,0,602.2,342.4,0,0,0,0,06-JUL-2020,
OPTIDX,BANKNIFTY,06-Aug-2020,24500,CE,0,0,0,579.8,322.7,0,0,0,0,06-JUL-2020,
OPTIDX,BANKNIFTY,06-Aug-2020,24600,CE,0,0,0,558.1,304,0,0,0,0,06-JUL-2020,
OPTIDX,BANKNIFTY,06-Aug-2020,24700,CE,0,0,0,537.1,286.15,0,0,0,0,06-JUL-2020,
OPTIDX,BANKNIFTY,06-Aug-2020,24800,CE,0,0,0,653.15,269.25,0,0,0,0,06-JUL-2020,
OPTIDX,BANKNIFTY,06-Aug-2020,24900,CE,0,0,0,629.35,253.15,0,0,0,0,06-JUL-2020,
OPTIDX,BANKNIFTY,06-Aug-2020,25000,CE,0,0,0,606.25,237.9,0,0,0,0,06-JUL-2020,
OPTIDX,BANKNIFTY,06-Aug-2020,25100,CE,0,0,0,583.9,223.45,0,0,0,0,06-JUL-2020,
OPTIDX,BANKNIFTY,06-Aug-2020,25200,CE,0,0,0,562.25,209.75,0,0,0,0,06-JUL-2020,
OPTIDX,BANKNIFTY,06-Aug-2020,25300,CE,0,0,0,541.3,196.75,0,0,0,0,06-JUL-2020,
OPTIDX,BANKNIFTY,06-Aug-2020,16900,PE,0,0,0,313.45,7.05,0,0,0,0,06-JUL-2020,
OPTIDX,BANKNIFTY,06-Aug-2020,17000,PE,0,0,0,333.65,8.25,0,0,0,0,06-JUL-2020,
OPTIDX,BANKNIFTY,06-Aug-2020,17100,PE,0,0,0,354.8,9.55,0,0,0,0,06-JUL-2020,
OPTIDX,BANKNIFTY,06-Aug-2020,17200,PE,0,0,0,376.85,11.05,0,0,0,0,06-JUL-2020,
OPTIDX,BANKNIFTY,06-Aug-2020,17300,PE,0,0,0,399.9,12.75,0,0,0,0,06-JUL-2020,
OPTIDX,BANKNIFTY,06-Aug-2020,17400,PE,0,0,0,433.25,14.65,0,0,0,0,06-JUL-2020,
OPTIDX,BANKNIFTY,06-Aug-2020,17500,PE,0,0,0,456.85,16.8,0,0,0,0,06-JUL-2020,
OPTIDX,BANKNIFTY,06-Aug-2020,17600,PE,0,0,0,481.35,19.2,0,0,0,0,06-JUL-2020,
OPTIDX,BANKNIFTY,06-Aug-2020,17700,PE,0,0,0,507.4,21.9,0,0,0,0,06-JUL-2020,
OPTIDX,BANKNIFTY,06-Aug-2020,17800,PE,0,0,0,533.6,24.9,0,0,0,0,06-JUL-2020,
OPTIDX,BANKNIFTY,06-Aug-2020,17900,PE,0,0,0,560.7,28.25,0,0,0,0,06-JUL-2020,
OPTIDX,BANKNIFTY,06-Aug-2020,18000,PE,0,0,0,588.75,32,0,0,0,0,06-JUL-2020,
OPTIDX,BANKNIFTY,06-Aug-2020,18100,PE,0,0,0,617.7,36.1,0,0,0,0,06-JUL-2020,
OPTIDX,BANKNIFTY,06-Aug-2020,18200,PE,0,0,0,647.65,40.7,0,0,0,0,06-JUL-2020,
OPTIDX,BANKNIFTY,06-Aug-2020,18300,PE,0,0,0,678.5,45.7,0,0,0,0,06-JUL-2020,
OPTIDX,BANKNIFTY,06-Aug-2020,18400,PE,0,0,0,709.5,51.25,0,0,0,0,06-JUL-2020,
OPTIDX,BANKNIFTY,06-Aug-2020,18500,PE,0,0,0,742.35,57.3,0,0,0,0,06-JUL-2020,
OPTIDX,BANKNIFTY,06-Aug-2020,18600,PE,0,0,0,776.2,63.95,0,0,0,0,06-JUL-2020,
OPTIDX,BANKNIFTY,06-Aug-2020,18700,PE,0,0,0,811,71.2,0,0,0,0,06-JUL-2020,
OPTIDX,BANKNIFTY,06-Aug-2020,18800,PE,0,0,0,846.8,79.05,0,0,0,0,06-JUL-2020,
OPTIDX,BANKNIFTY,06-Aug-2020,18900,PE,0,0,0,883.55,87.65,0,0,0,0,06-JUL-2020,
OPTIDX,BANKNIFTY,06-Aug-2020,19000,PE,0,0,0,921.3,96.95,0,0,0,0,06-JUL-2020,
OPTIDX,BANKNIFTY,06-Aug-2020,19100,PE,0,0,0,960.05,107.05,0,0,0,0,06-JUL-2020,
OPTIDX,BANKNIFTY,06-Aug-2020,19200,PE,0,0,0,999.8,117.9,0,0,0,0,06-JUL-2020,
OPTIDX,BANKNIFTY,06-Aug-2020,19300,PE,0,0,0,1040.55,129.65,0,0,0,0,06-JUL-2020,
OPTIDX,BANKNIFTY,06-Aug-2020,19400,PE,0,0,0,1082.25,142.3,0,0,0,0,06-JUL-2020,
OPTIDX,BANKNIFTY,06-Aug-2020,19500,PE,0,0,0,1124.95,155.85,0,0,0,0,06-JUL-2020,
OPTIDX,BANKNIFTY,06-Aug-2020,19600,PE,0,0,0,1168.65,170.35,0,0,0,0,06-JUL-2020,
OPTIDX,BANKNIFTY,06-Aug-2020,19700,PE,0,0,0,1213.35,185.9,0,0,0,0,06-JUL-2020,
OPTIDX,BANKNIFTY,06-Aug-2020,19800,PE,0,0,0,1259.05,202.5,0,0,0,0,06-JUL-2020,
OPTIDX,BANKNIFTY,06-Aug-2020,19900,PE,0,0,0,1305.7,220.2,0,0,0,0,06-JUL-2020,
OPTIDX,BANKNIFTY,06-Aug-2020,20000,PE,0,0,0,350,239,0,0,50,0,06-JUL-2020,
OPTIDX,BANKNIFTY,06-Aug-2020,20100,PE,0,0,0,1402,259,0,0,0,0,06-JUL-2020,
OPTIDX,BANKNIFTY,06-Aug-2020,20200,PE,0,0,0,1451.55,280.2,0,0,0,0,06-JUL-2020,
OPTIDX,BANKNIFTY,06-Aug-2020,20300,PE,0,0,0,1502.1,302.65,0,0,0,0,06-JUL-2020,
OPTIDX,BANKNIFTY,06-Aug-2020,20400,PE,0,0,0,1553.65,326.35,0,0,0,0,06-JUL-2020,
OPTIDX,BANKNIFTY,06-Aug-2020,20500,PE,0,0,0,1606.15,351.35,0,0,0,0,06-JUL-2020,
OPTIDX,BANKNIFTY,06-Aug-2020,20600,PE,0,0,0,1659.6,377.75,0,0,0,0,06-JUL-2020,
OPTIDX,BANKNIFTY,06-Aug-2020,20700,PE,0,0,0,1714,405.45,0,0,0,0,06-JUL-2020,
OPTIDX,BANKNIFTY,06-Aug-2020,20800,PE,0,0,0,1769.35,434.55,0,0,0,0,06-JUL-2020,
OPTIDX,BANKNIFTY,06-Aug-2020,20900,PE,0,0,0,1825.6,465.1,0,0,0,0,06-JUL-2020,
OPTIDX,BANKNIFTY,06-Aug-2020,21000,PE,0,0,0,1882.8,497.05,0,0,0,0,06-JUL-2020,
OPTIDX,BANKNIFTY,06-Aug-2020,21100,PE,0,0,0,1940.9,530.5,0,0,0,0,06-JUL-2020,
OPTIDX,BANKNIFTY,06-Aug-2020,21200,PE,0,0,0,1999.9,565.4,0,0,0,0,06-JUL-2020,
OPTIDX,BANKNIFTY,06-Aug-2020,21300,PE,0,0,0,2059.8,601.8,0,0,0,0,06-JUL-2020,
OPTIDX,BANKNIFTY,06-Aug-2020,21400,PE,0,0,0,2120.6,639.7,0,0,0,0,06-JUL-2020,
OPTIDX,BANKNIFTY,06-Aug-2020,21500,PE,0,0,0,2182.25,679.15,0,0,0,0,06-JUL-2020,
OPTIDX,BANKNIFTY,06-Aug-2020,21600,PE,0,0,0,2244.8,720.1,0,0,0,0,06-JUL-2020,
OPTIDX,BANKNIFTY,06-Aug-2020,21700,PE,0,0,0,2308.15,762.6,0,0,0,0,06-JUL-2020,
OPTIDX,BANKNIFTY,06-Aug-2020,21800,PE,0,0,0,2372.4,806.6,0,0,0,0,06-JUL-2020,
OPTIDX,BANKNIFTY,06-Aug-2020,21900,PE,0,0,0,2437.45,852.2,0,0,0,0,06-JUL-2020,
OPTIDX,BANKNIFTY,06-Aug-2020,22000,PE,0,0,0,2503.35,899.3,0,0,0,0,06-JUL-2020,
OPTIDX,BANKNIFTY,06-Aug-2020,22100,PE,0,0,0,2570.05,947.95,0,0,0,0,06-JUL-2020,
OPTIDX,BANKNIFTY,06-Aug-2020,22200,PE,0,0,0,2637.55,998.15,0,0,0,0,06-JUL-2020,
OPTIDX,BANKNIFTY,06-Aug-2020,22300,PE,0,0,0,2705.8,1049.85,0,0,0,0,06-JUL-2020,
OPTIDX,BANKNIFTY,06-Aug-2020,22400,PE,0,0,0,2774.85,1103.1,0,0,0,0,06-JUL-2020,
OPTIDX,BANKNIFTY,06-Aug-2020,22500,PE,0,0,0,2844.7,1157.8,0,0,0,0,06-JUL-2020,
OPTIDX,BANKNIFTY,06-Aug-2020,22600,PE,0,0,0,2915.25,1214,0,0,0,0,06-JUL-2020,
OPTIDX,BANKNIFTY,06-Aug-2020,22700,PE,0,0,0,2986.55,1271.7,0,0,0,0,06-JUL-2020,
OPTIDX,BANKNIFTY,06-Aug-2020,22800,PE,0,0,0,3058.6,1330.85,0,0,0,0,06-JUL-2020,
OPTIDX,BANKNIFTY,06-Aug-2020,22900,PE,0,0,0,3131.3,1391.45,0,0,0,0,06-JUL-2020,
OPTIDX,BANKNIFTY,06-Aug-2020,23000,PE,0,0,0,3204.75,1453.45,0,0,0,0,06-JUL-2020,
OPTIDX,BANKNIFTY,06-Aug-2020,23100,PE,0,0,0,3279.9,1516.85,0,0,0,0,06-JUL-2020,
OPTIDX,BANKNIFTY,06-Aug-2020,23200,PE,0,0,0,3354.75,1581.6,0,0,0,0,06-JUL-2020,
OPTIDX,BANKNIFTY,06-Aug-2020,23300,PE,0,0,0,3430.3,1647.7,0,0,0,0,06-JUL-2020,
OPTIDX,BANKNIFTY,06-Aug-2020,23400,PE,0,0,0,3506.5,1715.15,0,0,0,0,06-JUL-2020,
OPTIDX,BANKNIFTY,06-Aug-2020,23500,PE,0,0,0,3110.85,1783.85,0,0,0,0,06-JUL-2020,
OPTIDX,BANKNIFTY,06-Aug-2020,23600,PE,0,0,0,3183.85,1853.85,0,0,0,0,06-JUL-2020,
OPTIDX,BANKNIFTY,06-Aug-2020,23700,PE,0,0,0,3258.55,1925.05,0,0,0,0,06-JUL-2020,
OPTIDX,BANKNIFTY,06-Aug-2020,23800,PE,0,0,0,3333.05,1997.45,0,0,0,0,06-JUL-2020,
OPTIDX,BANKNIFTY,06-Aug-2020,23900,PE,0,0,0,3408.2,2071.05,0,0,0,0,06-JUL-2020,
OPTIDX,BANKNIFTY,06-Aug-2020,24000,PE,0,0,0,3484,2145.8,0,0,0,0,06-JUL-2020,
OPTIDX,BANKNIFTY,06-Aug-2020,24100,PE,0,0,0,3445.45,2221.65,0,0,0,0,06-JUL-2020,
OPTIDX,BANKNIFTY,06-Aug-2020,24200,PE,0,0,0,3521.6,2298.55,0,0,0,0,06-JUL-2020,
OPTIDX,BANKNIFTY,06-Aug-2020,24300,PE,0,0,0,3355.9,2376.55,0,0,0,0,06-JUL-2020,
OPTIDX,BANKNIFTY,06-Aug-2020,24400,PE,0,0,0,3152,2455.5,0,0,0,0,06-JUL-2020,
OPTIDX,BANKNIFTY,06-Aug-2020,24500,PE,0,0,0,3229,2535.5,0,0,0,0,06-JUL-2020,
OPTIDX,BANKNIFTY,06-Aug-2020,24600,PE,0,0,0,3306.7,2616.4,0,0,0,0,06-JUL-2020,
OPTIDX,BANKNIFTY,06-Aug-2020,24700,PE,0,0,0,3385.1,2698.25,0,0,0,0,06-JUL-2020,
OPTIDX,BANKNIFTY,06-Aug-2020,24800,PE,0,0,0,3048.75,2780.95,0,0,0,0,06-JUL-2020,
OPTIDX,BANKNIFTY,06-Aug-2020,24900,PE,0,0,0,3124.35,2864.5,0,0,0,0,06-JUL-2020,
OPTIDX,BANKNIFTY,06-Aug-2020,25000,PE,0,0,0,3200.7,2948.9,0,0,0,0,06-JUL-2020,
OPTIDX,BANKNIFTY,06-Aug-2020,25100,PE,0,0,0,3277.8,3034.05,0,0,0,0,06-JUL-2020,
OPTIDX,BANKNIFTY,06-Aug-2020,25200,PE,0,0,0,3355.6,3120,0,0,0,0,06-JUL-2020,
OPTIDX,BANKNIFTY,06-Aug-2020,25300,PE,0,0,0,3434.05,3206.65,0,0,0,0,06-JUL-2020,
OPTIDX,BANKNIFTY,13-Aug-2020,16900,CE,0,0,0,3509.85,5388.4,0,0,0,0,06-JUL-2020,
OPTIDX,BANKNIFTY,13-Aug-2020,17000,CE,0,0,0,3432.5,5290.85,0,0,0,0,06-JUL-2020,
OPTIDX,BANKNIFTY,13-Aug-2020,17100,CE,0,0,0,3356,5193.55,0,0,0,0,06-JUL-2020,
OPTIDX,BANKNIFTY,13-Aug-2020,17200,CE,0,0,0,3280.45,5096.55,0,0,0,0,06-JUL-2020,
OPTIDX,BANKNIFTY,13-Aug-2020,17300,CE,0,0,0,3205.8,4999.75,0,0,0,0,06-JUL-2020,
OPTIDX,BANKNIFTY,13-Aug-2020,17400,CE,0,0,0,3132.75,4903.3,0,0,0,0,06-JUL-2020,
OPTIDX,BANKNIFTY,13-Aug-2020,17500,CE,0,0,0,3599.05,4807.15,0,0,0,0,06-JUL-2020,
OPTIDX,BANKNIFTY,13-Aug-2020,17600,CE,0,0,0,3523.3,4711.35,0,0,0,0,06-JUL-2020,
OPTIDX,BANKNIFTY,13-Aug-2020,17700,CE,0,0,0,3448.45,4615.95,0,0,0,0,06-JUL-2020,
OPTIDX,BANKNIFTY,13-Aug-2020,17800,CE,0,0,0,3375.1,4520.9,0,0,0,0,06-JUL-2020,
OPTIDX,BANKNIFTY,13-Aug-2020,17900,CE,0,0,0,3301.95,4426.3,0,0,0,0,06-JUL-2020,
OPTIDX,BANKNIFTY,13-Aug-2020,18000,CE,0,0,0,3229.65,4332.15,0,0,0,0,06-JUL-2020,
OPTIDX,BANKNIFTY,13-Aug-2020,18100,CE,0,0,0,3158.3,4238.5,0,0,0,0,06-JUL-2020,
OPTIDX,BANKNIFTY,13-Aug-2020,18200,CE,0,0,0,3087.85,4145.35,0,0,0,0,06-JUL-2020,
OPTIDX,BANKNIFTY,13-Aug-2020,18300,CE,0,0,0,3018.35,4052.8,0,0,0,0,06-JUL-2020,
OPTIDX,BANKNIFTY,13-Aug-2020,18400,CE,0,0,0,2949.8,3960.75,0,0,0,0,06-JUL-2020,
OPTIDX,BANKNIFTY,13-Aug-2020,18500,CE,0,0,0,2881.4,3869.35,0,0,0,0,06-JUL-2020,
OPTIDX,BANKNIFTY,13-Aug-2020,18600,CE,0,0,0,2814.85,3778.6,0,0,0,0,06-JUL-2020,
OPTIDX,BANKNIFTY,13-Aug-2020,18700,CE,0,0,0,2749.25,3688.5,0,0,0,0,06-JUL-2020,
OPTIDX,BANKNIFTY,13-Aug-2020,18800,CE,0,0,0,2684.6,3599.15,0,0,0,0,06-JUL-2020,
OPTIDX,BANKNIFTY,13-Aug-2020,18900,CE,0,0,0,2620.95,3510.55,0,0,0,0,06-JUL-2020,
OPTIDX,BANKNIFTY,13-Aug-2020,19000,CE,0,0,0,2558.25,3422.7,0,0,0,0,06-JUL-2020,
OPTIDX,BANKNIFTY,13-Aug-2020,19100,CE,0,0,0,2496.6,3335.65,0,0,0,0,06-JUL-2020,
OPTIDX,BANKNIFTY,13-Aug-2020,19200,CE,0,0,0,2435.85,3249.5,0,0,0,0,06-JUL-2020,
OPTIDX,BANKNIFTY,13-Aug-2020,19300,CE,0,0,0,2376.15,3164.2,0,0,0,0,06-JUL-2020,
OPTIDX,BANKNIFTY,13-Aug-2020,19400,CE,0,0,0,2317.4,3079.8,0,0,0,0,06-JUL-2020,
OPTIDX,BANKNIFTY,13-Aug-2020,19500,CE,0,0,0,2259.65,2996.4,0,0,0,0,06-JUL-2020,
OPTIDX,BANKNIFTY,13-Aug-2020,19600,CE,0,0,0,2202.9,2913.95,0,0,0,0,06-JUL-2020,
OPTIDX,BANKNIFTY,13-Aug-2020,19700,CE,0,0,0,2147.15,2832.5,0,0,0,0,06-JUL-2020,
OPTIDX,BANKNIFTY,13-Aug-2020,19800,CE,0,0,0,2092.35,2752.15,0,0,0,0,06-JUL-2020,
OPTIDX,BANKNIFTY,13-Aug-2020,19900,CE,0,0,0,2038.55,2672.8,0,0,0,0,06-JUL-2020,
OPTIDX,BANKNIFTY,13-Aug-2020,20000,CE,0,0,0,1985.75,2594.6,0,0,0,0,06-JUL-2020,
OPTIDX,BANKNIFTY,13-Aug-2020,20100,CE,0,0,0,1933.9,2517.55,0,0,0,0,06-JUL-2020,
OPTIDX,BANKNIFTY,13-Aug-2020,20200,CE,0,0,0,1883.05,2441.65,0,0,0,0,06-JUL-2020,
OPTIDX,BANKNIFTY,13-Aug-2020,20300,CE,0,0,0,1833.1,2366.9,0,0,0,0,06-JUL-2020,
OPTIDX,BANKNIFTY,13-Aug-2020,20400,CE,0,0,0,1784.2,2293.4,0,0,0,0,06-JUL-2020,
OPTIDX,BANKNIFTY,13-Aug-2020,20500,CE,0,0,0,1736.25,2221.15,0,0,0,0,06-JUL-2020,
OPTIDX,BANKNIFTY,13-Aug-2020,20600,CE,0,0,0,1689.25,2150.15,0,0,0,0,06-JUL-2020,
OPTIDX,BANKNIFTY,13-Aug-2020,20700,CE,0,0,0,1643.2,2080.4,0,0,0,0,06-JUL-2020,
OPTIDX,BANKNIFTY,13-Aug-2020,20800,CE,0,0,0,1598.1,2011.95,0,0,0,0,06-JUL-2020,
OPTIDX,BANKNIFTY,13-Aug-2020,20900,CE,0,0,0,1553.95,1944.85,0,0,0,0,06-JUL-2020,
OPTIDX,BANKNIFTY,13-Aug-2020,21000,CE,0,0,0,1510.7,1879.05,0,0,0,0,06-JUL-2020,
OPTIDX,BANKNIFTY,13-Aug-2020,21100,CE,0,0,0,1468.4,1814.65,0,0,0,0,06-JUL-2020,
OPTIDX,BANKNIFTY,13-Aug-2020,21200,CE,0,0,0,1427,1751.55,0,0,0,0,06-JUL-2020,
OPTIDX,BANKNIFTY,13-Aug-2020,21300,CE,0,0,0,1386.5,1689.85,0,0,0,0,06-JUL-2020,
OPTIDX,BANKNIFTY,13-Aug-2020,21400,CE,0,0,0,1346.95,1629.5,0,0,0,0,06-JUL-2020,
OPTIDX,BANKNIFTY,13-Aug-2020,21500,CE,0,0,0,1308.2,1570.55,0,0,0,0,06-JUL-2020,
OPTIDX,BANKNIFTY,13-Aug-2020,21600,CE,0,0,0,1270.4,1512.95,0,0,0,0,06-JUL-2020,
OPTIDX,BANKNIFTY,13-Aug-2020,21700,CE,0,0,0,1233.45,1456.8,0,0,0,0,06-JUL-2020,
OPTIDX,BANKNIFTY,13-Aug-2020,21800,CE,0,0,0,1197.3,1402,0,0,0,0,06-JUL-2020,
OPTIDX,BANKNIFTY,13-Aug-2020,21900,CE,0,0,0,1162.05,1348.6,0,0,0,0,06-JUL-2020,
OPTIDX,BANKNIFTY,13-Aug-2020,22000,CE,0,0,0,1127.65,1296.6,0,0,0,0,06-JUL-2020,
OPTIDX,BANKNIFTY,13-Aug-2020,22100,CE,0,0,0,1094.05,1246,0,0,0,0,06-JUL-2020,
OPTIDX,BANKNIFTY,13-Aug-2020,22200,CE,0,0,0,1061.25,1196.8,0,0,0,0,06-JUL-2020,
OPTIDX,BANKNIFTY,13-Aug-2020,22300,CE,0,0,0,1029.25,1148.95,0,0,0,0,06-JUL-2020,
OPTIDX,BANKNIFTY,13-Aug-2020,22400,CE,0,0,0,998.05,1102.45,0,0,0,0,06-JUL-2020,
OPTIDX,BANKNIFTY,13-Aug-2020,22500,CE,0,0,0,967.6,1057.35,0,0,0,0,06-JUL-2020,
OPTIDX,BANKNIFTY,13-Aug-2020,22600,CE,0,0,0,937.95,1013.55,0,0,0,0,06-JUL-2020,
OPTIDX,BANKNIFTY,13-Aug-2020,22700,CE,0,0,0,909.05,971.1,0,0,0,0,06-JUL-2020,
OPTIDX,BANKNIFTY,13-Aug-2020,22800,CE,0,0,0,880.9,930,0,0,0,0,06-JUL-2020,
OPTIDX,BANKNIFTY,13-Aug-2020,22900,CE,0,0,0,853.45,890.15,0,0,0,0,06-JUL-2020,
OPTIDX,BANKNIFTY,13-Aug-2020,23000,CE,0,0,0,439.85,851.6,0,0,25,0,06-JUL-2020,
OPTIDX,BANKNIFTY,13-Aug-2020,23100,CE,0,0,0,800.7,814.35,0,0,0,0,06-JUL-2020,
OPTIDX,BANKNIFTY,13-Aug-2020,23200,CE,0,0,0,776.3,778.35,0,0,0,0,06-JUL-2020,
OPTIDX,BANKNIFTY,13-Aug-2020,23300,CE,0,0,0,751.75,743.55,0,0,0,0,06-JUL-2020,
OPTIDX,BANKNIFTY,13-Aug-2020,23400,CE,0,0,0,727.85,709.95,0,0,0,0,06-JUL-2020,
OPTIDX,BANKNIFTY,13-Aug-2020,23500,CE,0,0,0,704.6,677.55,0,0,0,0,06-JUL-2020,
OPTIDX,BANKNIFTY,13-Aug-2020,23600,CE,0,0,0,683.8,646.35,0,0,0,0,06-JUL-2020,
OPTIDX,BANKNIFTY,13-Aug-2020,23700,CE,0,0,0,661.35,616.25,0,0,0,0,06-JUL-2020,
OPTIDX,BANKNIFTY,13-Aug-2020,23800,CE,0,0,0,671.65,587.3,0,0,0,0,06-JUL-2020,
OPTIDX,BANKNIFTY,13-Aug-2020,23900,CE,0,0,0,648.9,559.4,0,0,0,0,06-JUL-2020,
OPTIDX,BANKNIFTY,13-Aug-2020,24000,CE,0,0,0,626.85,532.6,0,0,0,0,06-JUL-2020,
OPTIDX,BANKNIFTY,13-Aug-2020,24100,CE,0,0,0,678.5,506.85,0,0,0,0,06-JUL-2020,
OPTIDX,BANKNIFTY,13-Aug-2020,24200,CE,0,0,0,655.35,482.1,0,0,0,0,06-JUL-2020,
OPTIDX,BANKNIFTY,13-Aug-2020,24300,CE,0,0,0,632.9,458.35,0,0,0,0,06-JUL-2020,
OPTIDX,BANKNIFTY,13-Aug-2020,24400,CE,0,0,0,702.65,435.55,0,0,0,0,06-JUL-2020,
OPTIDX,BANKNIFTY,13-Aug-2020,24500,CE,0,0,0,678.85,413.7,0,0,0,0,06-JUL-2020,
OPTIDX,BANKNIFTY,13-Aug-2020,24600,CE,0,0,0,655.8,392.8,0,0,0,0,06-JUL-2020,
OPTIDX,BANKNIFTY,13-Aug-2020,24700,CE,0,0,0,633.35,372.75,0,0,0,0,06-JUL-2020,
OPTIDX,BANKNIFTY,13-Aug-2020,24800,CE,0,0,0,758.45,353.55,0,0,0,0,06-JUL-2020,
OPTIDX,BANKNIFTY,13-Aug-2020,24900,CE,0,0,0,734.25,335.2,0,0,0,0,06-JUL-2020,
OPTIDX,BANKNIFTY,13-Aug-2020,25000,CE,0,0,0,709.8,317.65,0,0,0,0,06-JUL-2020,
OPTIDX,BANKNIFTY,13-Aug-2020,25100,CE,0,0,0,686.1,300.9,0,0,0,0,06-JUL-2020,
OPTIDX,BANKNIFTY,13-Aug-2020,25200,CE,0,0,0,663,284.85,0,0,0,0,06-JUL-2020,
OPTIDX,BANKNIFTY,13-Aug-2020,25300,CE,0,0,0,640.6,269.6,0,0,0,0,06-JUL-2020,
OPTIDX,BANKNIFTY,13-Aug-2020,16900,PE,0,0,0,367.45,14.8,0,0,0,0,06-JUL-2020,
OPTIDX,BANKNIFTY,13-Aug-2020,17000,PE,0,0,0,389.3,16.85,0,0,0,0,06-JUL-2020,
OPTIDX,BANKNIFTY,13-Aug-2020,17100,PE,0,0,0,412.05,19.1,0,0,0,0,06-JUL-2020,
OPTIDX,BANKNIFTY,13-Aug-2020,17200,PE,0,0,0,435.7,21.65,0,0,0,0,06-JUL-2020,
OPTIDX,BANKNIFTY,13-Aug-2020,17300,PE,0,0,0,460.3,24.45,0,0,0,0,06-JUL-2020,
OPTIDX,BANKNIFTY,13-Aug-2020,17400,PE,0,0,0,486.5,27.55,0,0,0,0,06-JUL-2020,
OPTIDX,BANKNIFTY,13-Aug-2020,17500,PE,0,0,0,430.15,30.95,0,0,0,0,06-JUL-2020,
OPTIDX,BANKNIFTY,13-Aug-2020,17600,PE,0,0,0,453.55,34.7,0,0,0,0,06-JUL-2020,
OPTIDX,BANKNIFTY,13-Aug-2020,17700,PE,0,0,0,477.85,38.85,0,0,0,0,06-JUL-2020,
OPTIDX,BANKNIFTY,13-Aug-2020,17800,PE,0,0,0,503.7,43.4,0,0,0,0,06-JUL-2020,
OPTIDX,BANKNIFTY,13-Aug-2020,17900,PE,0,0,0,529.7,48.35,0,0,0,0,06-JUL-2020,
OPTIDX,BANKNIFTY,13-Aug-2020,18000,PE,0,0,0,556.6,53.75,0,0,0,0,06-JUL-2020,
OPTIDX,BANKNIFTY,13-Aug-2020,18100,PE,0,0,0,584.45,59.65,0,0,0,0,06-JUL-2020,
OPTIDX,BANKNIFTY,13-Aug-2020,18200,PE,0,0,0,613.15,66.05,0,0,0,0,06-JUL-2020,
OPTIDX,BANKNIFTY,13-Aug-2020,18300,PE,0,0,0,642.85,73.05,0,0,0,0,06-JUL-2020,
OPTIDX,BANKNIFTY,13-Aug-2020,18400,PE,0,0,0,673.5,80.6,0,0,0,0,06-JUL-2020,
OPTIDX,BANKNIFTY,13-Aug-2020,18500,PE,0,0,0,704.25,88.75,0,0,0,0,06-JUL-2020,
OPTIDX,BANKNIFTY,13-Aug-2020,18600,PE,0,0,0,736.85,97.55,0,0,0,0,06-JUL-2020,
OPTIDX,BANKNIFTY,13-Aug-2020,18700,PE,0,0,0,770.45,107,0,0,0,0,06-JUL-2020,
OPTIDX,BANKNIFTY,13-Aug-2020,18800,PE,0,0,0,805,117.2,0,0,0,0,06-JUL-2020,
OPTIDX,BANKNIFTY,13-Aug-2020,18900,PE,0,0,0,840.5,128.15,0,0,0,0,06-JUL-2020,
OPTIDX,BANKNIFTY,13-Aug-2020,19000,PE,0,0,0,877,139.85,0,0,0,0,06-JUL-2020,
OPTIDX,BANKNIFTY,13-Aug-2020,19100,PE,0,0,0,914.5,152.4,0,0,0,0,06-JUL-2020,
OPTIDX,BANKNIFTY,13-Aug-2020,19200,PE,0,0,0,952.95,165.75,0,0,0,0,06-JUL-2020,
OPTIDX,BANKNIFTY,13-Aug-2020,19300,PE,0,0,0,992.4,180.05,0,0,0,0,06-JUL-2020,
OPTIDX,BANKNIFTY,13-Aug-2020,19400,PE,0,0,0,1032.85,195.2,0,0,0,0,06-JUL-2020,
OPTIDX,BANKNIFTY,13-Aug-2020,19500,PE,0,0,0,1074.3,211.35,0,0,0,0,06-JUL-2020,
OPTIDX,BANKNIFTY,13-Aug-2020,19600,PE,0,0,0,1116.7,228.45,0,0,0,0,06-JUL-2020,
OPTIDX,BANKNIFTY,13-Aug-2020,19700,PE,0,0,0,1160.1,246.6,0,0,0,0,06-JUL-2020,
OPTIDX,BANKNIFTY,13-Aug-2020,19800,PE,0,0,0,1204.5,265.75,0,0,0,0,06-JUL-2020,
OPTIDX,BANKNIFTY,13-Aug-2020,19900,PE,0,0,0,1249.9,286,0,0,0,0,06-JUL-2020,
OPTIDX,BANKNIFTY,13-Aug-2020,20000,PE,0,0,0,1296.25,307.35,0,0,0,0,06-JUL-2020,
OPTIDX,BANKNIFTY,13-Aug-2020,20100,PE,0,0,0,1343.6,329.85,0,0,0,0,06-JUL-2020,
OPTIDX,BANKNIFTY,13-Aug-2020,20200,PE,0,0,0,1391.95,353.5,0,0,0,0,06-JUL-2020,
OPTIDX,BANKNIFTY,13-Aug-2020,20300,PE,0,0,0,1441.15,378.35,0,0,0,0,06-JUL-2020,
OPTIDX,BANKNIFTY,13-Aug-2020,20400,PE,0,0,0,1491.4,404.4,0,0,0,0,06-JUL-2020,
OPTIDX,BANKNIFTY,13-Aug-2020,20500,PE,0,0,0,407.1,431.7,0,0,25,0,06-JUL-2020,
OPTIDX,BANKNIFTY,13-Aug-2020,20600,PE,0,0,0,1594.85,460.25,0,0,0,0,06-JUL-2020,
OPTIDX,BANKNIFTY,13-Aug-2020,20700,PE,0,0,0,1647.95,490.05,0,0,0,0,06-JUL-2020,
OPTIDX,BANKNIFTY,13-Aug-2020,20800,PE,0,0,0,1702.05,521.2,0,0,0,0,06-JUL-2020,
OPTIDX,BANKNIFTY,13-Aug-2020,20900,PE,0,0,0,1757.05,553.65,0,0,0,0,06-JUL-2020,
OPTIDX,BANKNIFTY,13-Aug-2020,21000,PE,0,0,0,1813,587.4,0,0,0,0,06-JUL-2020,
OPTIDX,BANKNIFTY,13-Aug-2020,21100,PE,0,0,0,1869.9,622.5,0,0,0,0,06-JUL-2020,
OPTIDX,BANKNIFTY,13-Aug-2020,21200,PE,0,0,0,1927.65,659,0,0,0,0,06-JUL-2020,
OPTIDX,BANKNIFTY,13-Aug-2020,21300,PE,0,0,0,1986.35,696.85,0,0,0,0,06-JUL-2020,
OPTIDX,BANKNIFTY,13-Aug-2020,21400,PE,0,0,0,2045.95,736.05,0,0,0,0,06-JUL-2020,
OPTIDX,BANKNIFTY,13-Aug-2020,21500,PE,0,0,0,2106.4,776.65,0,0,0,0,06-JUL-2020,
OPTIDX,BANKNIFTY,13-Aug-2020,21600,PE,0,0,0,2167.75,818.65,0,0,0,0,06-JUL-2020,
OPTIDX,BANKNIFTY,13-Aug-2020,21700,PE,0,0,0,2230,862.05,0,0,0,0,06-JUL-2020,
OPTIDX,BANKNIFTY,13-Aug-2020,21800,PE,0,0,0,2293.05,906.8,0,0,0,0,06-JUL-2020,
OPTIDX,BANKNIFTY,13-Aug-2020,21900,PE,0,0,0,2356.95,953,0,0,0,0,06-JUL-2020,
OPTIDX,BANKNIFTY,13-Aug-2020,22000,PE,0,0,0,2421.7,1000.55,0,0,0,0,06-JUL-2020,
OPTIDX,BANKNIFTY,13-Aug-2020,22100,PE,0,0,0,2487.3,1049.5,0,0,0,0,06-JUL-2020,
OPTIDX,BANKNIFTY,13-Aug-2020,22200,PE,0,0,0,2553.7,1099.85,0,0,0,0,06-JUL-2020,
OPTIDX,BANKNIFTY,13-Aug-2020,22300,PE,0,0,0,2620.85,1151.55,0,0,0,0,06-JUL-2020,
OPTIDX,BANKNIFTY,13-Aug-2020,22400,PE,0,0,0,2688.85,1204.6,0,0,0,0,06-JUL-2020,
OPTIDX,BANKNIFTY,13-Aug-2020,22500,PE,0,0,0,2757.6,1259.05,0,0,0,0,06-JUL-2020,
OPTIDX,BANKNIFTY,13-Aug-2020,22600,PE,0,0,0,2827.1,1314.85,0,0,0,0,06-JUL-2020,
OPTIDX,BANKNIFTY,13-Aug-2020,22700,PE,0,0,0,2897.4,1371.95,0,0,0,0,06-JUL-2020,
OPTIDX,BANKNIFTY,13-Aug-2020,22800,PE,0,0,0,2968.4,1430.35,0,0,0,0,06-JUL-2020,
OPTIDX,BANKNIFTY,13-Aug-2020,22900,PE,0,0,0,3040.15,1490.1,0,0,0,0,06-JUL-2020,
OPTIDX,BANKNIFTY,13-Aug-2020,23000,PE,0,0,0,3112.6,1551.15,0,0,0,0,06-JUL-2020,
OPTIDX,BANKNIFTY,13-Aug-2020,23100,PE,0,0,0,3185.75,1613.4,0,0,0,0,06-JUL-2020,
OPTIDX,BANKNIFTY,13-Aug-2020,23200,PE,0,0,0,3260.55,1676.95,0,0,0,0,06-JUL-2020,
OPTIDX,BANKNIFTY,13-Aug-2020,23300,PE,0,0,0,3335.15,1741.75,0,0,0,0,06-JUL-2020,
OPTIDX,BANKNIFTY,13-Aug-2020,23400,PE,0,0,0,3410.4,1807.7,0,0,0,0,06-JUL-2020,
OPTIDX,BANKNIFTY,13-Aug-2020,23500,PE,0,0,0,3486.35,1874.85,0,0,0,0,06-JUL-2020,
OPTIDX,BANKNIFTY,13-Aug-2020,23600,PE,0,0,0,3444.95,1943.2,0,0,0,0,06-JUL-2020,
OPTIDX,BANKNIFTY,13-Aug-2020,23700,PE,0,0,0,3521.7,2012.7,0,0,0,0,06-JUL-2020,
OPTIDX,BANKNIFTY,13-Aug-2020,23800,PE,0,0,0,3342.55,2083.25,0,0,0,0,06-JUL-2020,
OPTIDX,BANKNIFTY,13-Aug-2020,23900,PE,0,0,0,3419.1,2154.95,0,0,0,0,06-JUL-2020,
OPTIDX,BANKNIFTY,13-Aug-2020,24000,PE,0,0,0,3496.3,2227.7,0,0,0,0,06-JUL-2020,
OPTIDX,BANKNIFTY,13-Aug-2020,24100,PE,0,0,0,3275.1,2301.5,0,0,0,0,06-JUL-2020,
OPTIDX,BANKNIFTY,13-Aug-2020,24200,PE,0,0,0,3351.25,2376.3,0,0,0,0,06-JUL-2020,
OPTIDX,BANKNIFTY,13-Aug-2020,24300,PE,0,0,0,3428.1,2452.1,0,0,0,0,06-JUL-2020,
OPTIDX,BANKNIFTY,13-Aug-2020,24400,PE,0,0,0,3230.4,2528.9,0,0,0,0,06-JUL-2020,
OPTIDX,BANKNIFTY,13-Aug-2020,24500,PE,0,0,0,3305.95,2606.6,0,0,0,0,06-JUL-2020,
OPTIDX,BANKNIFTY,13-Aug-2020,24600,PE,0,0,0,3382.2,2685.2,0,0,0,0,06-JUL-2020,
OPTIDX,BANKNIFTY,13-Aug-2020,24700,PE,0,0,0,3459.15,2764.75,0,0,0,0,06-JUL-2020,
OPTIDX,BANKNIFTY,13-Aug-2020,24800,PE,0,0,0,3131.9,2845.1,0,0,0,0,06-JUL-2020,
OPTIDX,BANKNIFTY,13-Aug-2020,24900,PE,0,0,0,3207.05,2926.3,0,0,0,0,06-JUL-2020,
OPTIDX,BANKNIFTY,13-Aug-2020,25000,PE,0,0,0,3282,3008.3,0,0,0,0,06-JUL-2020,
OPTIDX,BANKNIFTY,13-Aug-2020,25100,PE,0,0,0,3357.6,3091.1,0,0,0,0,06-JUL-2020,
OPTIDX,BANKNIFTY,13-Aug-2020,25200,PE,0,0,0,3433.85,3174.65,0,0,0,0,06-JUL-2020,
OPTIDX,BANKNIFTY,13-Aug-2020,25300,PE,0,0,0,3510.8,3258.95,0,0,0,0,06-JUL-2020,
OPTIDX,BANKNIFTY,20-Aug-2020,18000,CE,0,0,0,3570.85,4371.9,0,0,0,0,06-JUL-2020,
OPTIDX,BANKNIFTY,20-Aug-2020,18100,CE,0,0,0,3496.1,4280,0,0,0,0,06-JUL-2020,
OPTIDX,BANKNIFTY,20-Aug-2020,18200,CE,0,0,0,3422.95,4188.75,0,0,0,0,06-JUL-2020,
OPTIDX,BANKNIFTY,20-Aug-2020,18300,CE,0,0,0,3349.95,4098.05,0,0,0,0,06-JUL-2020,
OPTIDX,BANKNIFTY,20-Aug-2020,18400,CE,0,0,0,3277.8,4007.95,0,0,0,0,06-JUL-2020,
OPTIDX,BANKNIFTY,20-Aug-2020,18500,CE,0,0,0,3206.55,3918.55,0,0,0,0,06-JUL-2020,
OPTIDX,BANKNIFTY,20-Aug-2020,18600,CE,0,0,0,3136.25,3829.85,0,0,0,0,06-JUL-2020,
OPTIDX,BANKNIFTY,20-Aug-2020,18700,CE,0,0,0,3066.85,3741.85,0,0,0,0,06-JUL-2020,
OPTIDX,BANKNIFTY,20-Aug-2020,18800,CE,0,0,0,2998.35,3654.65,0,0,0,0,06-JUL-2020,
OPTIDX,BANKNIFTY,20-Aug-2020,18900,CE,0,0,0,2930,3568.15,0,0,0,0,06-JUL-2020,
OPTIDX,BANKNIFTY,20-Aug-2020,19000,CE,0,0,0,2863.45,3482.5,0,0,0,0,06-JUL-2020,
OPTIDX,BANKNIFTY,20-Aug-2020,19100,CE,0,0,0,2797.9,3397.7,0,0,0,0,06-JUL-2020,
OPTIDX,BANKNIFTY,20-Aug-2020,19200,CE,0,0,0,2733.25,3313.75,0,0,0,0,06-JUL-2020,
OPTIDX,BANKNIFTY,20-Aug-2020,19300,CE,0,0,0,2669.6,3230.65,0,0,0,0,06-JUL-2020,
OPTIDX,BANKNIFTY,20-Aug-2020,19400,CE,0,0,0,2606.9,3148.5,0,0,0,0,06-JUL-2020,
OPTIDX,BANKNIFTY,20-Aug-2020,19500,CE,0,0,0,2545.15,3067.35,0,0,0,0,06-JUL-2020,
OPTIDX,BANKNIFTY,20-Aug-2020,19600,CE,0,0,0,2484.4,2987.1,0,0,0,0,06-JUL-2020,
OPTIDX,BANKNIFTY,20-Aug-2020,19700,CE,0,0,0,2424.6,2907.9,0,0,0,0,06-JUL-2020,
OPTIDX,BANKNIFTY,20-Aug-2020,19800,CE,0,0,0,2365.75,2829.7,0,0,0,0,06-JUL-2020,
OPTIDX,BANKNIFTY,20-Aug-2020,19900,CE,0,0,0,2307.9,2752.55,0,0,0,0,06-JUL-2020,
OPTIDX,BANKNIFTY,20-Aug-2020,20000,CE,0,0,0,2251,2676.5,0,0,0,0,06-JUL-2020,
OPTIDX,BANKNIFTY,20-Aug-2020,20100,CE,0,0,0,2195.05,2601.5,0,0,0,0,06-JUL-2020,
OPTIDX,BANKNIFTY,20-Aug-2020,20200,CE,0,0,0,2140.1,2527.65,0,0,0,0,06-JUL-2020,
OPTIDX,BANKNIFTY,20-Aug-2020,20300,CE,0,0,0,2086.1,2454.9,0,0,0,0,06-JUL-2020,
OPTIDX,BANKNIFTY,20-Aug-2020,20400,CE,0,0,0,2033.1,2383.35,0,0,0,0,06-JUL-2020,
OPTIDX,BANKNIFTY,20-Aug-2020,20500,CE,0,0,0,1981.05,2312.95,0,0,0,0,06-JUL-2020,
OPTIDX,BANKNIFTY,20-Aug-2020,20600,CE,0,0,0,1929.95,2243.75,0,0,0,0,06-JUL-2020,
OPTIDX,BANKNIFTY,20-Aug-2020,20700,CE,0,0,0,1879.8,2175.75,0,0,0,0,06-JUL-2020,
OPTIDX,BANKNIFTY,20-Aug-2020,20800,CE,0,0,0,1830.55,2108.95,0,0,0,0,06-JUL-2020,
OPTIDX,BANKNIFTY,20-Aug-2020,20900,CE,0,0,0,1782.3,2043.4,0,0,0,0,06-JUL-2020,
OPTIDX,BANKNIFTY,20-Aug-2020,21000,CE,0,0,0,1735,1979.1,0,0,0,0,06-JUL-2020,
OPTIDX,BANKNIFTY,20-Aug-2020,21100,CE,0,0,0,1688.65,1916.05,0,0,0,0,06-JUL-2020,
OPTIDX,BANKNIFTY,20-Aug-2020,21200,CE,0,0,0,1643.2,1854.25,0,0,0,0,06-JUL-2020,
OPTIDX,BANKNIFTY,20-Aug-2020,21300,CE,0,0,0,1598.7,1793.75,0,0,0,0,06-JUL-2020,
OPTIDX,BANKNIFTY,20-Aug-2020,21400,CE,0,0,0,1555.1,1734.5,0,0,0,0,06-JUL-2020,
OPTIDX,BANKNIFTY,20-Aug-2020,21500,CE,0,0,0,1512.45,1676.5,0,0,0,0,06-JUL-2020,
OPTIDX,BANKNIFTY,20-Aug-2020,21600,CE,0,0,0,1470.65,1619.8,0,0,0,0,06-JUL-2020,
OPTIDX,BANKNIFTY,20-Aug-2020,21700,CE,0,0,0,1429.75,1564.4,0,0,0,0,06-JUL-2020,
OPTIDX,BANKNIFTY,20-Aug-2020,21800,CE,0,0,0,1389.75,1510.3,0,0,0,0,06-JUL-2020,
OPTIDX,BANKNIFTY,20-Aug-2020,21900,CE,0,0,0,1350.65,1457.45,0,0,0,0,06-JUL-2020,
OPTIDX,BANKNIFTY,20-Aug-2020,22000,CE,0,0,0,1312.35,1405.85,0,0,0,0,06-JUL-2020,
OPTIDX,BANKNIFTY,20-Aug-2020,22100,CE,0,0,0,1274.95,1355.6,0,0,0,0,06-JUL-2020,
OPTIDX,BANKNIFTY,20-Aug-2020,22200,CE,0,0,0,1238.4,1306.55,0,0,0,0,06-JUL-2020,
OPTIDX,BANKNIFTY,20-Aug-2020,22300,CE,0,0,0,1202.7,1258.8,0,0,0,0,06-JUL-2020,
OPTIDX,BANKNIFTY,20-Aug-2020,22400,CE,0,0,0,1167.8,1212.3,0,0,0,0,06-JUL-2020,
OPTIDX,BANKNIFTY,20-Aug-2020,22500,CE,0,0,0,1133.7,1167.05,0,0,0,0,06-JUL-2020,
OPTIDX,BANKNIFTY,20-Aug-2020,22600,CE,0,0,0,1100.4,1123,0,0,0,0,06-JUL-2020,
OPTIDX,BANKNIFTY,20-Aug-2020,22700,CE,0,0,0,1067.9,1080.2,0,0,0,0,06-JUL-2020,
OPTIDX,BANKNIFTY,20-Aug-2020,22800,CE,0,0,0,1036.2,1038.65,0,0,0,0,06-JUL-2020,
OPTIDX,BANKNIFTY,20-Aug-2020,22900,CE,0,0,0,1005.3,998.25,0,0,0,0,06-JUL-2020,
OPTIDX,BANKNIFTY,20-Aug-2020,23000,CE,0,0,0,975.1,959.05,0,0,0,0,06-JUL-2020,
OPTIDX,BANKNIFTY,20-Aug-2020,23100,CE,0,0,0,945.7,921.05,0,0,0,0,06-JUL-2020,
OPTIDX,BANKNIFTY,20-Aug-2020,23200,CE,0,0,0,917,884.2,0,0,0,0,06-JUL-2020,
OPTIDX,BANKNIFTY,20-Aug-2020,23300,CE,0,0,0,889,848.45,0,0,0,0,06-JUL-2020,
OPTIDX,BANKNIFTY,20-Aug-2020,23400,CE,0,0,0,861.75,813.85,0,0,0,0,06-JUL-2020,
OPTIDX,BANKNIFTY,20-Aug-2020,23500,CE,0,0,0,835.2,780.35,0,0,0,0,06-JUL-2020,
OPTIDX,BANKNIFTY,20-Aug-2020,23600,CE,0,0,0,809.35,747.95,0,0,0,0,06-JUL-2020,
OPTIDX,BANKNIFTY,20-Aug-2020,23700,CE,0,0,0,785.15,716.6,0,0,0,0,06-JUL-2020,
OPTIDX,BANKNIFTY,20-Aug-2020,23800,CE,0,0,0,760.7,686.3,0,0,0,0,06-JUL-2020,
OPTIDX,BANKNIFTY,20-Aug-2020,23900,CE,0,0,0,736.9,657,0,0,0,0,06-JUL-2020,
OPTIDX,BANKNIFTY,20-Aug-2020,24000,CE,0,0,0,713.75,628.75,0,0,0,0,06-JUL-2020,
OPTIDX,BANKNIFTY,20-Aug-2020,24100,CE,0,0,0,772.15,601.45,0,0,0,0,06-JUL-2020,
OPTIDX,BANKNIFTY,20-Aug-2020,24200,CE,0,0,0,747.9,575.15,0,0,0,0,06-JUL-2020,
OPTIDX,BANKNIFTY,20-Aug-2020,24300,CE,0,0,0,724.25,549.75,0,0,0,0,06-JUL-2020,
OPTIDX,BANKNIFTY,20-Aug-2020,24400,CE,0,0,0,798.6,525.3,0,0,0,0,06-JUL-2020,
OPTIDX,BANKNIFTY,20-Aug-2020,24500,CE,0,0,0,774.65,501.75,0,0,0,0,06-JUL-2020,
OPTIDX,BANKNIFTY,20-Aug-2020,24600,CE,0,0,0,750.45,479.05,0,0,0,0,06-JUL-2020,
OPTIDX,BANKNIFTY,20-Aug-2020,24700,CE,0,0,0,726.85,457.2,0,0,0,0,06-JUL-2020,
OPTIDX,BANKNIFTY,20-Aug-2020,24800,CE,0,0,0,860.7,436.25,0,0,0,0,06-JUL-2020,
OPTIDX,BANKNIFTY,20-Aug-2020,24900,CE,0,0,0,834.35,416.05,0,0,0,0,06-JUL-2020,
OPTIDX,BANKNIFTY,20-Aug-2020,25000,CE,0,0,0,808.75,396.65,0,0,0,0,06-JUL-2020,
OPTIDX,BANKNIFTY,20-Aug-2020,25100,CE,0,0,0,784.85,378,0,0,0,0,06-JUL-2020,
OPTIDX,BANKNIFTY,20-Aug-2020,25200,CE,0,0,0,760.6,360.15,0,0,0,0,06-JUL-2020,
OPTIDX,BANKNIFTY,20-Aug-2020,25300,CE,0,0,0,737.05,342.95,0,0,0,0,06-JUL-2020,
OPTIDX,BANKNIFTY,20-Aug-2020,18000,PE,0,0,0,467.55,78.9,0,0,0,0,06-JUL-2020,
OPTIDX,BANKNIFTY,20-Aug-2020,18100,PE,0,0,0,492.05,86.5,0,0,0,0,06-JUL-2020,
OPTIDX,BANKNIFTY,20-Aug-2020,18200,PE,0,0,0,518.05,94.65,0,0,0,0,06-JUL-2020,
OPTIDX,BANKNIFTY,20-Aug-2020,18300,PE,0,0,0,544.2,103.45,0,0,0,0,06-JUL-2020,
OPTIDX,BANKNIFTY,20-Aug-2020,18400,PE,0,0,0,571.25,112.85,0,0,0,0,06-JUL-2020,
OPTIDX,BANKNIFTY,20-Aug-2020,18500,PE,0,0,0,599.2,122.95,0,0,0,0,06-JUL-2020,
OPTIDX,BANKNIFTY,20-Aug-2020,18600,PE,0,0,0,628.1,133.7,0,0,0,0,06-JUL-2020,
OPTIDX,BANKNIFTY,20-Aug-2020,18700,PE,0,0,0,657.85,145.2,0,0,0,0,06-JUL-2020,
OPTIDX,BANKNIFTY,20-Aug-2020,18800,PE,0,0,0,688.55,157.45,0,0,0,0,06-JUL-2020,
OPTIDX,BANKNIFTY,20-Aug-2020,18900,PE,0,0,0,719.35,170.45,0,0,0,0,06-JUL-2020,
OPTIDX,BANKNIFTY,20-Aug-2020,19000,PE,0,0,0,752.05,184.25,0,0,0,0,06-JUL-2020,
OPTIDX,BANKNIFTY,20-Aug-2020,19100,PE,0,0,0,785.65,198.9,0,0,0,0,06-JUL-2020,
OPTIDX,BANKNIFTY,20-Aug-2020,19200,PE,0,0,0,820.2,214.45,0,0,0,0,06-JUL-2020,
OPTIDX,BANKNIFTY,20-Aug-2020,19300,PE,0,0,0,855.7,230.85,0,0,0,0,06-JUL-2020,
OPTIDX,BANKNIFTY,20-Aug-2020,19400,PE,0,0,0,892.2,248.2,0,0,0,0,06-JUL-2020,
OPTIDX,BANKNIFTY,20-Aug-2020,19500,PE,0,0,0,929.65,266.45,0,0,0,0,06-JUL-2020,
OPTIDX,BANKNIFTY,20-Aug-2020,19600,PE,0,0,0,968.05,285.75,0,0,0,0,06-JUL-2020,
OPTIDX,BANKNIFTY,20-Aug-2020,19700,PE,0,0,0,1007.45,306,0,0,0,0,06-JUL-2020,
OPTIDX,BANKNIFTY,20-Aug-2020,19800,PE,0,0,0,1047.75,327.25,0,0,0,0,06-JUL-2020,
OPTIDX,BANKNIFTY,20-Aug-2020,19900,PE,0,0,0,1089.1,349.6,0,0,0,0,06-JUL-2020,
OPTIDX,BANKNIFTY,20-Aug-2020,20000,PE,0,0,0,1131.4,373,0,0,0,0,06-JUL-2020,
OPTIDX,BANKNIFTY,20-Aug-2020,20100,PE,0,0,0,1174.65,397.5,0,0,0,0,06-JUL-2020,
OPTIDX,BANKNIFTY,20-Aug-2020,20200,PE,0,0,0,1218.85,423.15,0,0,0,0,06-JUL-2020,
OPTIDX,BANKNIFTY,20-Aug-2020,20300,PE,0,0,0,1264.05,449.9,0,0,0,0,06-JUL-2020,
OPTIDX,BANKNIFTY,20-Aug-2020,20400,PE,0,0,0,1310.25,477.8,0,0,0,0,06-JUL-2020,
OPTIDX,BANKNIFTY,20-Aug-2020,20500,PE,0,0,0,1357.35,506.85,0,0,0,0,06-JUL-2020,
OPTIDX,BANKNIFTY,20-Aug-2020,20600,PE,0,0,0,1405.45,537.15,0,0,0,0,06-JUL-2020,
OPTIDX,BANKNIFTY,20-Aug-2020,20700,PE,0,0,0,1454.5,568.6,0,0,0,0,06-JUL-2020,
OPTIDX,BANKNIFTY,20-Aug-2020,20800,PE,0,0,0,1504.4,601.3,0,0,0,0,06-JUL-2020,
OPTIDX,BANKNIFTY,20-Aug-2020,20900,PE,0,0,0,1555.35,635.25,0,0,0,0,06-JUL-2020,
OPTIDX,BANKNIFTY,20-Aug-2020,21000,PE,0,0,0,1607.25,670.4,0,0,0,0,06-JUL-2020,
OPTIDX,BANKNIFTY,20-Aug-2020,21100,PE,0,0,0,1660.05,706.85,0,0,0,0,06-JUL-2020,
OPTIDX,BANKNIFTY,20-Aug-2020,21200,PE,0,0,0,1713.8,744.5,0,0,0,0,06-JUL-2020,
OPTIDX,BANKNIFTY,20-Aug-2020,21300,PE,0,0,0,1768.5,783.45,0,0,0,0,06-JUL-2020,
OPTIDX,BANKNIFTY,20-Aug-2020,21400,PE,0,0,0,1824.1,823.7,0,0,0,0,06-JUL-2020,
OPTIDX,BANKNIFTY,20-Aug-2020,21500,PE,0,0,0,1880.6,865.2,0,0,0,0,06-JUL-2020,
OPTIDX,BANKNIFTY,20-Aug-2020,21600,PE,0,0,0,1938,908,0,0,0,0,06-JUL-2020,
OPTIDX,BANKNIFTY,20-Aug-2020,21700,PE,0,0,0,1996.3,952.05,0,0,0,0,06-JUL-2020,
OPTIDX,BANKNIFTY,20-Aug-2020,21800,PE,0,0,0,2055.45,997.4,0,0,0,0,06-JUL-2020,
OPTIDX,BANKNIFTY,20-Aug-2020,21900,PE,0,0,0,2115.5,1044.05,0,0,0,0,06-JUL-2020,
OPTIDX,BANKNIFTY,20-Aug-2020,22000,PE,0,0,0,2176.45,1091.95,0,0,0,0,06-JUL-2020,
OPTIDX,BANKNIFTY,20-Aug-2020,22100,PE,0,0,0,2238.2,1141.15,0,0,0,0,06-JUL-2020,
OPTIDX,BANKNIFTY,20-Aug-2020,22200,PE,0,0,0,2300.85,1191.6,0,0,0,0,06-JUL-2020,
OPTIDX,BANKNIFTY,20-Aug-2020,22300,PE,0,0,0,2364.3,1243.3,0,0,0,0,06-JUL-2020,
OPTIDX,BANKNIFTY,20-Aug-2020,22400,PE,0,0,0,2428.6,1296.3,0,0,0,0,06-JUL-2020,
OPTIDX,BANKNIFTY,20-Aug-2020,22500,PE,0,0,0,2493.65,1350.5,0,0,0,0,06-JUL-2020,
OPTIDX,BANKNIFTY,20-Aug-2020,22600,PE,0,0,0,2559.6,1405.95,0,0,0,0,06-JUL-2020,
OPTIDX,BANKNIFTY,20-Aug-2020,22700,PE,0,0,0,2626.25,1462.65,0,0,0,0,06-JUL-2020,
OPTIDX,BANKNIFTY,20-Aug-2020,22800,PE,0,0,0,2693.75,1520.55,0,0,0,0,06-JUL-2020,
OPTIDX,BANKNIFTY,20-Aug-2020,22900,PE,0,0,0,2762,1579.65,0,0,0,0,06-JUL-2020,
OPTIDX,BANKNIFTY,20-Aug-2020,23000,PE,0,0,0,2831,1639.9,0,0,0,0,06-JUL-2020,
OPTIDX,BANKNIFTY,20-Aug-2020,23100,PE,0,0,0,2900.75,1701.35,0,0,0,0,06-JUL-2020,
OPTIDX,BANKNIFTY,20-Aug-2020,23200,PE,0,0,0,2971.25,1764,0,0,0,0,06-JUL-2020,
OPTIDX,BANKNIFTY,20-Aug-2020,23300,PE,0,0,0,3042.45,1827.75,0,0,0,0,06-JUL-2020,
OPTIDX,BANKNIFTY,20-Aug-2020,23400,PE,0,0,0,3114.4,1892.6,0,0,0,0,06-JUL-2020,
OPTIDX,BANKNIFTY,20-Aug-2020,23500,PE,0,0,0,3187,1958.6,0,0,0,0,06-JUL-2020,
OPTIDX,BANKNIFTY,20-Aug-2020,23600,PE,0,0,0,3260.35,2025.65,0,0,0,0,06-JUL-2020,
OPTIDX,BANKNIFTY,20-Aug-2020,23700,PE,0,0,0,3335.3,2093.75,0,0,0,0,06-JUL-2020,
OPTIDX,BANKNIFTY,20-Aug-2020,23800,PE,0,0,0,3410.05,2162.95,0,0,0,0,06-JUL-2020,
OPTIDX,BANKNIFTY,20-Aug-2020,23900,PE,0,0,0,3485.45,2233.15,0,0,0,0,06-JUL-2020,
OPTIDX,BANKNIFTY,20-Aug-2020,24000,PE,0,0,0,3561.45,2304.35,0,0,0,0,06-JUL-2020,
OPTIDX,BANKNIFTY,20-Aug-2020,24100,PE,0,0,0,3347,2376.55,0,0,0,0,06-JUL-2020,
OPTIDX,BANKNIFTY,20-Aug-2020,24200,PE,0,0,0,3421.95,2449.7,0,0,0,0,06-JUL-2020,
OPTIDX,BANKNIFTY,20-Aug-2020,24300,PE,0,0,0,3497.55,2523.8,0,0,0,0,06-JUL-2020,
OPTIDX,BANKNIFTY,20-Aug-2020,24400,PE,0,0,0,3304.4,2598.85,0,0,0,0,06-JUL-2020,
OPTIDX,BANKNIFTY,20-Aug-2020,24500,PE,0,0,0,3379.7,2674.75,0,0,0,0,06-JUL-2020,
OPTIDX,BANKNIFTY,20-Aug-2020,24600,PE,0,0,0,3454.7,2751.55,0,0,0,0,06-JUL-2020,
OPTIDX,BANKNIFTY,20-Aug-2020,24700,PE,0,0,0,3530.4,2829.2,0,0,0,0,06-JUL-2020,
OPTIDX,BANKNIFTY,20-Aug-2020,24800,PE,0,0,0,3212.05,2907.65,0,0,0,0,06-JUL-2020,
OPTIDX,BANKNIFTY,20-Aug-2020,24900,PE,0,0,0,3285,2986.95,0,0,0,0,06-JUL-2020,
OPTIDX,BANKNIFTY,20-Aug-2020,25000,PE,0,0,0,3358.6,3067.05,0,0,0,0,06-JUL-2020,
OPTIDX,BANKNIFTY,20-Aug-2020,25100,PE,0,0,0,3434,3147.9,0,0,0,0,06-JUL-2020,
OPTIDX,BANKNIFTY,20-Aug-2020,25200,PE,0,0,0,3509,3229.5,0,0,0,0,06-JUL-2020,
OPTIDX,BANKNIFTY,20-Aug-2020,25300,PE,0,0,0,3584.65,3311.8,0,0,0,0,06-JUL-2020,
OPTIDX,BANKNIFTY,27-Aug-2020,16200,CE,0,0,0,4493.25,6114.7,0,0,0,0,06-JUL-2020,
OPTIDX,BANKNIFTY,27-Aug-2020,16300,CE,0,0,0,4431.95,6017.45,0,0,0,0,06-JUL-2020,
OPTIDX,BANKNIFTY,27-Aug-2020,16400,CE,0,0,0,4372.1,5920.45,0,0,0,0,06-JUL-2020,
OPTIDX,BANKNIFTY,27-Aug-2020,16500,CE,0,0,0,6000,5823.7,0,0,25,0,06-JUL-2020,
OPTIDX,BANKNIFTY,27-Aug-2020,16600,CE,0,0,0,4254.2,5727.2,0,0,0,0,06-JUL-2020,
OPTIDX,BANKNIFTY,27-Aug-2020,16700,CE,0,0,0,4196.15,5630.95,0,0,0,0,06-JUL-2020,
OPTIDX,BANKNIFTY,27-Aug-2020,16800,CE,0,0,0,4138.75,5535,0,0,0,0,06-JUL-2020,
OPTIDX,BANKNIFTY,27-Aug-2020,16900,CE,0,0,0,4081.95,5439.35,0,0,0,0,06-JUL-2020,
OPTIDX,BANKNIFTY,27-Aug-2020,17000,CE,0,0,0,4025.8,5344.05,0,0,0,0,06-JUL-2020,
OPTIDX,BANKNIFTY,27-Aug-2020,17100,CE,0,0,0,3970.2,5249.1,0,0,0,0,06-JUL-2020,
OPTIDX,BANKNIFTY,27-Aug-2020,17200,CE,0,0,0,3915.25,5154.5,0,0,0,0,06-JUL-2020,
OPTIDX,BANKNIFTY,27-Aug-2020,17300,CE,0,0,0,3860.9,5060.3,0,0,0,0,06-JUL-2020,
OPTIDX,BANKNIFTY,27-Aug-2020,17400,CE,0,0,0,3807.15,4966.5,0,0,0,0,06-JUL-2020,
OPTIDX,BANKNIFTY,27-Aug-2020,17500,CE,0,0,0,3753.95,4873.2,0,0,0,0,06-JUL-2020,
OPTIDX,BANKNIFTY,27-Aug-2020,17600,CE,0,0,0,3701.4,4780.3,0,0,0,0,06-JUL-2020,
OPTIDX,BANKNIFTY,27-Aug-2020,17700,CE,0,0,0,3649.45,4687.9,0,0,0,0,06-JUL-2020,
OPTIDX,BANKNIFTY,27-Aug-2020,17800,CE,0,0,0,3598.1,4596.05,0,0,0,0,06-JUL-2020,
OPTIDX,BANKNIFTY,27-Aug-2020,17900,CE,0,0,0,3547.3,4504.7,0,0,0,0,06-JUL-2020,
OPTIDX,BANKNIFTY,27-Aug-2020,18000,CE,0,0,0,3760,4413.95,0,0,75,0,06-JUL-2020,
OPTIDX,BANKNIFTY,27-Aug-2020,18100,CE,0,0,0,3447.45,4323.75,0,0,0,0,06-JUL-2020,
OPTIDX,BANKNIFTY,27-Aug-2020,18200,CE,0,0,0,3398.4,4234.15,0,0,0,0,06-JUL-2020,
OPTIDX,BANKNIFTY,27-Aug-2020,18300,CE,0,0,0,3349.95,4145.25,0,0,0,0,06-JUL-2020,
OPTIDX,BANKNIFTY,27-Aug-2020,18400,CE,0,0,0,3302.05,4056.95,0,0,0,0,06-JUL-2020,
OPTIDX,BANKNIFTY,27-Aug-2020,18500,CE,0,0,0,3254.75,3969.4,0,0,0,0,06-JUL-2020,
OPTIDX,BANKNIFTY,27-Aug-2020,18600,CE,0,0,0,3208,3882.55,0,0,0,0,06-JUL-2020,
OPTIDX,BANKNIFTY,27-Aug-2020,18700,CE,0,0,0,3161.85,3796.4,0,0,0,0,06-JUL-2020,
OPTIDX,BANKNIFTY,27-Aug-2020,18800,CE,0,0,0,3116.2,3711.05,0,0,0,0,06-JUL-2020,
OPTIDX,BANKNIFTY,27-Aug-2020,18900,CE,0,0,0,3071.15,3626.5,0,0,0,0,06-JUL-2020,
OPTIDX,BANKNIFTY,27-Aug-2020,19000,CE,0,0,0,3026.65,3542.75,0,0,0,0,06-JUL-2020,
OPTIDX,BANKNIFTY,27-Aug-2020,19100,CE,0,0,0,2982.7,3459.85,0,0,0,0,06-JUL-2020,
OPTIDX,BANKNIFTY,27-Aug-2020,19200,CE,0,0,0,2939.25,3377.85,0,0,0,0,06-JUL-2020,
OPTIDX,BANKNIFTY,27-Aug-2020,19300,CE,0,0,0,2896.4,3296.7,0,0,0,0,06-JUL-2020,
OPTIDX,BANKNIFTY,27-Aug-2020,19400,CE,0,0,0,2854.05,3216.5,0,0,0,0,06-JUL-2020,
OPTIDX,BANKNIFTY,27-Aug-2020,19500,CE,0,0,0,2812.25,3137.2,0,0,0,0,06-JUL-2020,
OPTIDX,BANKNIFTY,27-Aug-2020,19600,CE,0,0,0,2770.95,3058.9,0,0,0,0,06-JUL-2020,
OPTIDX,BANKNIFTY,27-Aug-2020,19700,CE,0,0,0,2730.2,2981.55,0,0,0,0,06-JUL-2020,
OPTIDX,BANKNIFTY,27-Aug-2020,19800,CE,0,0,0,2689.95,2905.2,0,0,0,0,06-JUL-2020,
OPTIDX,BANKNIFTY,27-Aug-2020,19900,CE,0,0,0,2650.25,2829.85,0,0,0,0,06-JUL-2020,
OPTIDX,BANKNIFTY,27-Aug-2020,20000,CE,2629.5,2650,2629.5,2650,2755.55,3,16.98,350,50,06-JUL-2020,
OPTIDX,BANKNIFTY,27-Aug-2020,20100,CE,0,0,0,2572.35,2682.35,0,0,0,0,06-JUL-2020,
OPTIDX,BANKNIFTY,27-Aug-2020,20200,CE,0,0,0,2534.15,2610.15,0,0,0,0,06-JUL-2020,
OPTIDX,BANKNIFTY,27-Aug-2020,20300,CE,0,0,0,2496.45,2539.1,0,0,0,0,06-JUL-2020,
OPTIDX,BANKNIFTY,27-Aug-2020,20400,CE,0,0,0,2459.2,2469.15,0,0,0,0,06-JUL-2020,
OPTIDX,BANKNIFTY,27-Aug-2020,20500,CE,0,0,0,2422.5,2400.25,0,0,0,0,06-JUL-2020,
OPTIDX,BANKNIFTY,27-Aug-2020,20600,CE,0,0,0,2386.25,2332.55,0,0,0,0,06-JUL-2020,
OPTIDX,BANKNIFTY,27-Aug-2020,20700,CE,0,0,0,2350.5,2265.95,0,0,0,0,06-JUL-2020,
OPTIDX,BANKNIFTY,27-Aug-2020,20800,CE,0,0,0,2315.25,2200.55,0,0,0,0,06-JUL-2020,
OPTIDX,BANKNIFTY,27-Aug-2020,20900,CE,0,0,0,2280.45,2136.25,0,0,0,0,06-JUL-2020,
OPTIDX,BANKNIFTY,27-Aug-2020,21000,CE,1870,2040,1870,1935,1935,34,195.14,2300,550,06-JUL-2020,
OPTIDX,BANKNIFTY,27-Aug-2020,21100,CE,0,0,0,2212.2,2011.25,0,0,0,0,06-JUL-2020,
OPTIDX,BANKNIFTY,27-Aug-2020,21200,CE,0,0,0,2178.8,1950.5,0,0,0,0,06-JUL-2020,
OPTIDX,BANKNIFTY,27-Aug-2020,21300,CE,0,0,0,2145.8,1890.95,0,0,0,0,06-JUL-2020,
OPTIDX,BANKNIFTY,27-Aug-2020,21400,CE,0,0,0,2113.3,1832.6,0,0,0,0,06-JUL-2020,
OPTIDX,BANKNIFTY,27-Aug-2020,21500,CE,1680,1680,1650,1650,1650,2,11.58,225,25,06-JUL-2020,
OPTIDX,BANKNIFTY,27-Aug-2020,21600,CE,0,0,0,2049.6,1719.45,0,0,0,0,06-JUL-2020,
OPTIDX,BANKNIFTY,27-Aug-2020,21700,CE,0,0,0,2018.4,1664.65,0,0,0,0,06-JUL-2020,
OPTIDX,BANKNIFTY,27-Aug-2020,21800,CE,0,0,0,1987.6,1611.05,0,0,0,0,06-JUL-2020,
OPTIDX,BANKNIFTY,27-Aug-2020,21900,CE,0,0,0,1957.25,1558.7,0,0,0,0,06-JUL-2020,
OPTIDX,BANKNIFTY,27-Aug-2020,22000,CE,1330,1440,1320,1338.25,1338.25,117,683.35,10700,275,06-JUL-2020,
OPTIDX,BANKNIFTY,27-Aug-2020,22100,CE,0,0,0,1897.85,1457.45,0,0,0,0,06-JUL-2020,
OPTIDX,BANKNIFTY,27-Aug-2020,22200,CE,0,0,0,1868.75,1408.6,0,0,0,0,06-JUL-2020,
OPTIDX,BANKNIFTY,27-Aug-2020,22300,CE,0,0,0,1792.45,1360.95,0,0,0,0,06-JUL-2020,
OPTIDX,BANKNIFTY,27-Aug-2020,22400,CE,0,0,0,1953.85,1314.45,0,0,0,0,06-JUL-2020,
OPTIDX,BANKNIFTY,27-Aug-2020,22500,CE,1116.85,1136.55,1080,1125,1269.1,10,59.04,5850,50,06-JUL-2020,
OPTIDX,BANKNIFTY,27-Aug-2020,22600,CE,0,0,0,1891.75,1224.9,0,0,0,0,06-JUL-2020,
OPTIDX,BANKNIFTY,27-Aug-2020,22700,CE,0,0,0,1861.35,1181.85,0,0,0,0,06-JUL-2020,
OPTIDX,BANKNIFTY,27-Aug-2020,22800,CE,0,0,0,1831.4,1139.95,0,0,0,0,06-JUL-2020,
OPTIDX,BANKNIFTY,27-Aug-2020,22900,CE,0,0,0,1801.9,1099.15,0,0,0,0,06-JUL-2020,
OPTIDX,BANKNIFTY,27-Aug-2020,23000,CE,950,950,845.6,860.15,860.15,565,3374.58,16500,4050,06-JUL-2020,
OPTIDX,BANKNIFTY,27-Aug-2020,23100,CE,0,0,0,1085.65,1020.85,0,0,0,0,06-JUL-2020,
OPTIDX,BANKNIFTY,27-Aug-2020,23200,CE,0,0,0,1057.8,983.35,0,0,0,0,06-JUL-2020,
OPTIDX,BANKNIFTY,27-Aug-2020,23300,CE,0,0,0,1030.6,946.9,0,0,0,0,06-JUL-2020,
OPTIDX,BANKNIFTY,27-Aug-2020,23400,CE,0,0,0,1003.95,911.5,0,0,0,0,06-JUL-2020,
OPTIDX,BANKNIFTY,27-Aug-2020,23500,CE,700,700,700,700,700,3,18.15,75,75,06-JUL-2020,
OPTIDX,BANKNIFTY,27-Aug-2020,23600,CE,0,0,0,1085.4,843.75,0,0,0,0,06-JUL-2020,
OPTIDX,BANKNIFTY,27-Aug-2020,23700,CE,0,0,0,1057.9,811.45,0,0,0,0,06-JUL-2020,
OPTIDX,BANKNIFTY,27-Aug-2020,23800,CE,0,0,0,570,780.05,0,0,100,0,06-JUL-2020,
OPTIDX,BANKNIFTY,27-Aug-2020,23900,CE,0,0,0,560,749.7,0,0,0,0,06-JUL-2020,
OPTIDX,BANKNIFTY,27-Aug-2020,24000,CE,541.75,584.95,490,508.65,508.65,734,4501.3,15300,11950,06-JUL-2020,
OPTIDX,BANKNIFTY,27-Aug-2020,24100,CE,0,0,0,590,691.75,0,0,0,0,06-JUL-2020,
OPTIDX,BANKNIFTY,27-Aug-2020,24200,CE,0,0,0,600,664.15,0,0,0,0,06-JUL-2020,
OPTIDX,BANKNIFTY,27-Aug-2020,24300,CE,0,0,0,813,637.5,0,0,0,0,06-JUL-2020,
OPTIDX,BANKNIFTY,27-Aug-2020,24400,CE,0,0,0,892.3,611.65,0,0,0,0,06-JUL-2020,
OPTIDX,BANKNIFTY,27-Aug-2020,24500,CE,0,0,0,390,586.75,0,0,50,0,06-JUL-2020,
OPTIDX,BANKNIFTY,27-Aug-2020,24600,CE,0,0,0,842.1,562.65,0,0,0,0,06-JUL-2020,
OPTIDX,BANKNIFTY,27-Aug-2020,24700,CE,0,0,0,817.55,539.35,0,0,0,0,06-JUL-2020,
OPTIDX,BANKNIFTY,27-Aug-2020,24800,CE,0,0,0,959.1,516.85,0,0,0,0,06-JUL-2020,
OPTIDX,BANKNIFTY,27-Aug-2020,24900,CE,0,0,0,931.9,495.2,0,0,0,0,06-JUL-2020,
OPTIDX,BANKNIFTY,27-Aug-2020,25000,CE,319.95,355,275.2,300.4,300.4,138,873.39,6625,1525,06-JUL-2020,
OPTIDX,BANKNIFTY,27-Aug-2020,25100,CE,0,0,0,879.4,454.05,0,0,0,0,06-JUL-2020,
OPTIDX,BANKNIFTY,27-Aug-2020,25200,CE,0,0,0,855.15,434.6,0,0,0,0,06-JUL-2020,
OPTIDX,BANKNIFTY,27-Aug-2020,25300,CE,0,0,0,830.55,415.9,0,0,0,0,06-JUL-2020,
OPTIDX,BANKNIFTY,27-Aug-2020,16200,PE,0,0,0,1326.75,17.95,0,0,0,0,06-JUL-2020,
OPTIDX,BANKNIFTY,27-Aug-2020,16300,PE,0,0,0,1364.25,20.1,0,0,0,0,06-JUL-2020,
OPTIDX,BANKNIFTY,27-Aug-2020,16400,PE,0,0,0,1403.15,22.5,0,0,0,0,06-JUL-2020,
OPTIDX,BANKNIFTY,27-Aug-2020,16500,PE,63,68,60.05,64.3,64.3,13,53.83,1500,50,06-JUL-2020,
OPTIDX,BANKNIFTY,27-Aug-2020,16600,PE,0,0,0,1482.85,28.05,0,0,0,0,06-JUL-2020,
OPTIDX,BANKNIFTY,27-Aug-2020,16700,PE,0,0,0,1523.6,31.2,0,0,0,0,06-JUL-2020,
OPTIDX,BANKNIFTY,27-Aug-2020,16800,PE,0,0,0,1564.95,34.65,0,0,0,0,06-JUL-2020,
OPTIDX,BANKNIFTY,27-Aug-2020,16900,PE,0,0,0,1606.95,38.4,0,0,0,0,06-JUL-2020,
OPTIDX,BANKNIFTY,27-Aug-2020,17000,PE,85,94.7,70.15,83,83,110,469.91,11250,200,06-JUL-2020,
OPTIDX,BANKNIFTY,27-Aug-2020,17100,PE,0,0,0,1692.8,46.9,0,0,0,0,06-JUL-2020,
OPTIDX,BANKNIFTY,27-Aug-2020,17200,PE,0,0,0,1736.6,51.7,0,0,0,0,06-JUL-2020,
OPTIDX,BANKNIFTY,27-Aug-2020,17300,PE,0,0,0,1781,56.9,0,0,0,0,06-JUL-2020,
OPTIDX,BANKNIFTY,27-Aug-2020,17400,PE,0,0,0,1826.05,62.55,0,0,0,0,06-JUL-2020,
OPTIDX,BANKNIFTY,27-Aug-2020,17500,PE,100,105,100,105,68.6,2,8.8,175,25,06-JUL-2020,
OPTIDX,BANKNIFTY,27-Aug-2020,17600,PE,0,0,0,1917.9,75.1,0,0,0,0,06-JUL-2020,
OPTIDX,BANKNIFTY,27-Aug-2020,17700,PE,0,0,0,1964.75,82.1,0,0,0,0,06-JUL-2020,
OPTIDX,BANKNIFTY,27-Aug-2020,17800,PE,0,0,0,2012.15,89.65,0,0,0,0,06-JUL-2020,
OPTIDX,BANKNIFTY,27-Aug-2020,17900,PE,0,0,0,2060.15,97.7,0,0,0,0,06-JUL-2020,
OPTIDX,BANKNIFTY,27-Aug-2020,18000,PE,150.15,166.4,142.35,154.1,154.1,79,358.61,4050,175,06-JUL-2020,
OPTIDX,BANKNIFTY,27-Aug-2020,18100,PE,0,0,0,2157.85,115.55,0,0,0,0,06-JUL-2020,
OPTIDX,BANKNIFTY,27-Aug-2020,18200,PE,0,0,0,2207.6,125.35,0,0,0,0,06-JUL-2020,
OPTIDX,BANKNIFTY,27-Aug-2020,18300,PE,0,0,0,2257.95,135.8,0,0,0,0,06-JUL-2020,
OPTIDX,BANKNIFTY,27-Aug-2020,18400,PE,0,0,0,2308.85,146.95,0,0,0,0,06-JUL-2020,
OPTIDX,BANKNIFTY,27-Aug-2020,18500,PE,213.05,213.05,156.55,156.55,158.75,2,9.34,325,50,06-JUL-2020,
OPTIDX,BANKNIFTY,27-Aug-2020,18600,PE,0,0,0,2412.35,171.3,0,0,0,0,06-JUL-2020,
OPTIDX,BANKNIFTY,27-Aug-2020,18700,PE,0,0,0,2465,184.6,0,0,0,0,06-JUL-2020,
OPTIDX,BANKNIFTY,27-Aug-2020,18800,PE,0,0,0,2518.15,198.6,0,0,0,0,06-JUL-2020,
OPTIDX,BANKNIFTY,27-Aug-2020,18900,PE,0,0,0,2571.85,213.45,0,0,0,0,06-JUL-2020,
OPTIDX,BANKNIFTY,27-Aug-2020,19000,PE,287,305.45,245,253.55,253.55,110,529.86,3575,1525,06-JUL-2020,
OPTIDX,BANKNIFTY,27-Aug-2020,19100,PE,0,0,0,2680.95,245.65,0,0,0,0,06-JUL-2020,
OPTIDX,BANKNIFTY,27-Aug-2020,19200,PE,0,0,0,2736.35,263,0,0,0,0,06-JUL-2020,
OPTIDX,BANKNIFTY,27-Aug-2020,19300,PE,0,0,0,2792.25,281.25,0,0,0,0,06-JUL-2020,
OPTIDX,BANKNIFTY,27-Aug-2020,19400,PE,0,0,0,2848.7,300.45,0,0,0,0,06-JUL-2020,
OPTIDX,BANKNIFTY,27-Aug-2020,19500,PE,0,0,0,2905.65,320.55,0,0,0,0,06-JUL-2020,
OPTIDX,BANKNIFTY,27-Aug-2020,19600,PE,0,0,0,2963.2,341.6,0,0,0,0,06-JUL-2020,
OPTIDX,BANKNIFTY,27-Aug-2020,19700,PE,0,0,0,3021.2,363.65,0,0,0,0,06-JUL-2020,
OPTIDX,BANKNIFTY,27-Aug-2020,19800,PE,0,0,0,3079.75,386.7,0,0,0,0,06-JUL-2020,
OPTIDX,BANKNIFTY,27-Aug-2020,19900,PE,0,0,0,3138.8,410.8,0,0,0,0,06-JUL-2020,
OPTIDX,BANKNIFTY,27-Aug-2020,20000,PE,483,497,420.05,451.7,451.7,185,945.91,4800,-75,06-JUL-2020,
OPTIDX,BANKNIFTY,27-Aug-2020,20100,PE,0,0,0,3258.5,462.05,0,0,0,0,06-JUL-2020,
OPTIDX,BANKNIFTY,27-Aug-2020,20200,PE,0,0,0,3319.05,489.3,0,0,0,0,06-JUL-2020,
OPTIDX,BANKNIFTY,27-Aug-2020,20300,PE,0,0,0,3380.15,517.6,0,0,0,0,06-JUL-2020,
OPTIDX,BANKNIFTY,27-Aug-2020,20400,PE,0,0,0,3441.7,547.05,0,0,0,0,06-JUL-2020,
OPTIDX,BANKNIFTY,27-Aug-2020,20500,PE,0,0,0,3503.8,577.55,0,0,0,0,06-JUL-2020,
OPTIDX,BANKNIFTY,27-Aug-2020,20600,PE,0,0,0,3566.35,609.25,0,0,0,0,06-JUL-2020,
OPTIDX,BANKNIFTY,27-Aug-2020,20700,PE,0,0,0,3629.35,642.05,0,0,0,0,06-JUL-2020,
OPTIDX,BANKNIFTY,27-Aug-2020,20800,PE,0,0,0,3692.9,676.05,0,0,0,0,06-JUL-2020,
OPTIDX,BANKNIFTY,27-Aug-2020,20900,PE,0,0,0,3756.85,711.15,0,0,0,0,06-JUL-2020,
OPTIDX,BANKNIFTY,27-Aug-2020,21000,PE,779.8,794.25,681.7,728.65,728.65,80,434.82,3075,125,06-JUL-2020,
OPTIDX,BANKNIFTY,27-Aug-2020,21100,PE,0,0,0,3886.2,784.9,0,0,0,0,06-JUL-2020,
OPTIDX,BANKNIFTY,27-Aug-2020,21200,PE,0,0,0,3951.55,823.6,0,0,0,0,06-JUL-2020,
OPTIDX,BANKNIFTY,27-Aug-2020,21300,PE,0,0,0,4017.4,863.4,0,0,0,0,06-JUL-2020,
OPTIDX,BANKNIFTY,27-Aug-2020,21400,PE,0,0,0,4083.65,904.45,0,0,0,0,06-JUL-2020,
OPTIDX,BANKNIFTY,27-Aug-2020,21500,PE,900,975,847.3,910,910,23,128.88,425,350,06-JUL-2020,
OPTIDX,BANKNIFTY,27-Aug-2020,21600,PE,0,0,0,4217.5,990.1,0,0,0,0,06-JUL-2020,
OPTIDX,BANKNIFTY,27-Aug-2020,21700,PE,0,0,0,4285.1,1034.7,0,0,0,0,06-JUL-2020,
OPTIDX,BANKNIFTY,27-Aug-2020,21800,PE,0,0,0,4353.1,1080.5,0,0,0,0,06-JUL-2020,
OPTIDX,BANKNIFTY,27-Aug-2020,21900,PE,0,0,0,4421.55,1127.55,0,0,0,0,06-JUL-2020,
OPTIDX,BANKNIFTY,27-Aug-2020,22000,PE,1205.9,1211,1069.95,1123.85,1123.85,120,693.98,6850,1950,06-JUL-2020,
OPTIDX,BANKNIFTY,27-Aug-2020,22100,PE,0,0,0,4559.7,1225.1,0,0,0,0,06-JUL-2020,
OPTIDX,BANKNIFTY,27-Aug-2020,22200,PE,0,0,0,4629.4,1275.65,0,0,0,0,06-JUL-2020,
OPTIDX,BANKNIFTY,27-Aug-2020,22300,PE,0,0,0,4533.85,1327.4,0,0,0,0,06-JUL-2020,
OPTIDX,BANKNIFTY,27-Aug-2020,22400,PE,0,0,0,4134.35,1380.3,0,0,0,0,06-JUL-2020,
OPTIDX,BANKNIFTY,27-Aug-2020,22500,PE,1325,1325,1325,1325,1434.35,4,23.82,100,100,06-JUL-2020,
OPTIDX,BANKNIFTY,27-Aug-2020,22600,PE,0,0,0,4269.95,1489.55,0,0,0,0,06-JUL-2020,
OPTIDX,BANKNIFTY,27-Aug-2020,22700,PE,0,0,0,4338.4,1545.9,0,0,0,0,06-JUL-2020,
OPTIDX,BANKNIFTY,27-Aug-2020,22800,PE,0,0,0,4407.3,1603.35,0,0,0,0,06-JUL-2020,
OPTIDX,BANKNIFTY,27-Aug-2020,22900,PE,0,0,0,4476.65,1661.95,0,0,0,0,06-JUL-2020,
OPTIDX,BANKNIFTY,27-Aug-2020,23000,PE,1687,1740,1544.05,1650,1650,61,376.53,1300,1025,06-JUL-2020,
OPTIDX,BANKNIFTY,27-Aug-2020,23100,PE,0,0,0,3391.35,1782.45,0,0,0,0,06-JUL-2020,
OPTIDX,BANKNIFTY,27-Aug-2020,23200,PE,0,0,0,3462.4,1844.35,0,0,0,0,06-JUL-2020,
OPTIDX,BANKNIFTY,27-Aug-2020,23300,PE,0,0,0,3534,1907.3,0,0,0,0,06-JUL-2020,
OPTIDX,BANKNIFTY,27-Aug-2020,23400,PE,0,0,0,3606.25,1971.3,0,0,0,0,06-JUL-2020,
OPTIDX,BANKNIFTY,27-Aug-2020,23500,PE,0,0,0,3679.05,2036.3,0,0,0,0,06-JUL-2020,
OPTIDX,BANKNIFTY,27-Aug-2020,23600,PE,0,0,0,3479.1,2102.35,0,0,0,0,06-JUL-2020,
OPTIDX,BANKNIFTY,27-Aug-2020,23700,PE,0,0,0,3550.45,2169.4,0,0,0,0,06-JUL-2020,
OPTIDX,BANKNIFTY,27-Aug-2020,23800,PE,0,0,0,3622.4,2237.45,0,0,0,0,06-JUL-2020,
OPTIDX,BANKNIFTY,27-Aug-2020,23900,PE,0,0,0,3694.95,2306.45,0,0,0,0,06-JUL-2020,
OPTIDX,BANKNIFTY,27-Aug-2020,24000,PE,0,0,0,3672.55,2376.4,0,0,0,0,06-JUL-2020,
OPTIDX,BANKNIFTY,27-Aug-2020,24100,PE,0,0,0,3639.2,2447.3,0,0,0,0,06-JUL-2020,
OPTIDX,BANKNIFTY,27-Aug-2020,24200,PE,0,0,0,3712.4,2519.15,0,0,0,0,06-JUL-2020,
OPTIDX,BANKNIFTY,27-Aug-2020,24300,PE,0,0,0,3564.4,2591.85,0,0,0,0,06-JUL-2020,
OPTIDX,BANKNIFTY,27-Aug-2020,24400,PE,0,0,0,3376.15,2665.45,0,0,0,0,06-JUL-2020,
OPTIDX,BANKNIFTY,27-Aug-2020,24500,PE,0,0,0,3449.35,2739.9,0,0,0,0,06-JUL-2020,
OPTIDX,BANKNIFTY,27-Aug-2020,24600,PE,0,0,0,3524.25,2815.2,0,0,0,0,06-JUL-2020,
OPTIDX,BANKNIFTY,27-Aug-2020,24700,PE,0,0,0,3598.85,2891.3,0,0,0,0,06-JUL-2020,
OPTIDX,BANKNIFTY,27-Aug-2020,24800,PE,0,0,0,3288.35,2968.2,0,0,0,0,06-JUL-2020,
OPTIDX,BANKNIFTY,27-Aug-2020,24900,PE,0,0,0,3360.3,3045.9,0,0,0,0,06-JUL-2020,
OPTIDX,BANKNIFTY,27-Aug-2020,25000,PE,3070.85,3070.85,3070.85,3070.85,3124.4,1,7.01,25,25,06-JUL-2020,
OPTIDX,BANKNIFTY,27-Aug-2020,25100,PE,0,0,0,3506.2,3203.6,0,0,0,0,06-JUL-2020,
OPTIDX,BANKNIFTY,27-Aug-2020,25200,PE,0,0,0,3581.1,3283.55,0,0,0,0,06-JUL-2020,
OPTIDX,BANKNIFTY,27-Aug-2020,25300,PE,0,0,0,3655.65,3364.2,0,0,0,0,06-JUL-2020,
OPTIDX,BANKNIFTY,03-Sep-2020,18900,CE,0,0,0,3581.45,3684.9,0,0,0,0,06-JUL-2020,
OPTIDX,BANKNIFTY,03-Sep-2020,19000,CE,0,0,0,3625.1,3602.85,0,0,0,0,06-JUL-2020,
OPTIDX,BANKNIFTY,03-Sep-2020,19100,CE,0,0,0,3552.1,3521.7,0,0,0,0,06-JUL-2020,
OPTIDX,BANKNIFTY,03-Sep-2020,19200,CE,0,0,0,3479.2,3441.35,0,0,0,0,06-JUL-2020,
OPTIDX,BANKNIFTY,03-Sep-2020,19300,CE,0,0,0,3407.2,3361.9,0,0,0,0,06-JUL-2020,
OPTIDX,BANKNIFTY,03-Sep-2020,19400,CE,0,0,0,3336,3283.35,0,0,0,0,06-JUL-2020,
OPTIDX,BANKNIFTY,03-Sep-2020,19500,CE,0,0,0,3265.7,3205.7,0,0,0,0,06-JUL-2020,
OPTIDX,BANKNIFTY,03-Sep-2020,19600,CE,0,0,0,3196.3,3129.05,0,0,0,0,06-JUL-2020,
OPTIDX,BANKNIFTY,03-Sep-2020,19700,CE,0,0,0,3127.75,3053.3,0,0,0,0,06-JUL-2020,
OPTIDX,BANKNIFTY,03-Sep-2020,19800,CE,0,0,0,3059.25,2978.55,0,0,0,0,06-JUL-2020,
OPTIDX,BANKNIFTY,03-Sep-2020,19900,CE,0,0,0,2992.6,2904.75,0,0,0,0,06-JUL-2020,
OPTIDX,BANKNIFTY,03-Sep-2020,20000,CE,0,0,0,2926.85,2832,0,0,0,0,06-JUL-2020,
OPTIDX,BANKNIFTY,03-Sep-2020,20100,CE,0,0,0,2862,2760.25,0,0,0,0,06-JUL-2020,
OPTIDX,BANKNIFTY,03-Sep-2020,20200,CE,0,0,0,2798.1,2689.5,0,0,0,0,06-JUL-2020,
OPTIDX,BANKNIFTY,03-Sep-2020,20300,CE,0,0,0,2735.1,2619.85,0,0,0,0,06-JUL-2020,
OPTIDX,BANKNIFTY,03-Sep-2020,20400,CE,0,0,0,2673.05,2551.25,0,0,0,0,06-JUL-2020,
OPTIDX,BANKNIFTY,03-Sep-2020,20500,CE,0,0,0,2611.9,2483.7,0,0,0,0,06-JUL-2020,
OPTIDX,BANKNIFTY,03-Sep-2020,20600,CE,0,0,0,2551.7,2417.2,0,0,0,0,06-JUL-2020,
OPTIDX,BANKNIFTY,03-Sep-2020,20700,CE,0,0,0,2492.4,2351.8,0,0,0,0,06-JUL-2020,
OPTIDX,BANKNIFTY,03-Sep-2020,20800,CE,0,0,0,2434.05,2287.5,0,0,0,0,06-JUL-2020,
OPTIDX,BANKNIFTY,03-Sep-2020,20900,CE,0,0,0,2376.65,2224.3,0,0,0,0,06-JUL-2020,
OPTIDX,BANKNIFTY,03-Sep-2020,21000,CE,0,0,0,2320.15,2162.25,0,0,0,0,06-JUL-2020,
OPTIDX,BANKNIFTY,03-Sep-2020,21100,CE,0,0,0,2264.6,2101.25,0,0,0,0,06-JUL-2020,
OPTIDX,BANKNIFTY,03-Sep-2020,21200,CE,0,0,0,2210,2041.4,0,0,0,0,06-JUL-2020,
OPTIDX,BANKNIFTY,03-Sep-2020,21300,CE,0,0,0,2156.3,1982.65,0,0,0,0,06-JUL-2020,
OPTIDX,BANKNIFTY,03-Sep-2020,21400,CE,0,0,0,2103.5,1925.05,0,0,0,0,06-JUL-2020,
OPTIDX,BANKNIFTY,03-Sep-2020,21500,CE,0,0,0,2051.65,1868.55,0,0,0,0,06-JUL-2020,
OPTIDX,BANKNIFTY,03-Sep-2020,21600,CE,0,0,0,2000.75,1813.2,0,0,0,0,06-JUL-2020,
OPTIDX,BANKNIFTY,03-Sep-2020,21700,CE,0,0,0,1950.65,1758.95,0,0,0,0,06-JUL-2020,
OPTIDX,BANKNIFTY,03-Sep-2020,21800,CE,0,0,0,1901.55,1705.8,0,0,0,0,06-JUL-2020,
OPTIDX,BANKNIFTY,03-Sep-2020,21900,CE,0,0,0,1853.4,1653.8,0,0,0,0,06-JUL-2020,
OPTIDX,BANKNIFTY,03-Sep-2020,22000,CE,0,0,0,1806.1,1602.9,0,0,0,0,06-JUL-2020,
OPTIDX,BANKNIFTY,03-Sep-2020,22100,CE,0,0,0,1759.7,1553.15,0,0,0,0,06-JUL-2020,
OPTIDX,BANKNIFTY,03-Sep-2020,22200,CE,0,0,0,1714.25,1504.5,0,0,0,0,06-JUL-2020,
OPTIDX,BANKNIFTY,03-Sep-2020,22300,CE,0,0,0,1669.65,1456.9,0,0,0,0,06-JUL-2020,
OPTIDX,BANKNIFTY,03-Sep-2020,22400,CE,0,0,0,1625.9,1410.45,0,0,0,0,06-JUL-2020,
OPTIDX,BANKNIFTY,03-Sep-2020,22500,CE,0,0,0,1583.05,1365.05,0,0,0,0,06-JUL-2020,
OPTIDX,BANKNIFTY,03-Sep-2020,22600,CE,0,0,0,1541.1,1320.75,0,0,0,0,06-JUL-2020,
OPTIDX,BANKNIFTY,03-Sep-2020,22700,CE,0,0,0,1499.95,1277.5,0,0,0,0,06-JUL-2020,
OPTIDX,BANKNIFTY,03-Sep-2020,22800,CE,0,0,0,1459.7,1235.3,0,0,0,0,06-JUL-2020,
OPTIDX,BANKNIFTY,03-Sep-2020,22900,CE,0,0,0,1420.25,1194.2,0,0,0,0,06-JUL-2020,
OPTIDX,BANKNIFTY,03-Sep-2020,23000,CE,0,0,0,1381.65,1154.1,0,0,0,0,06-JUL-2020,
OPTIDX,BANKNIFTY,03-Sep-2020,23100,CE,0,0,0,1343.9,1115.05,0,0,0,0,06-JUL-2020,
OPTIDX,BANKNIFTY,03-Sep-2020,23200,CE,0,0,0,1306.95,1077,0,0,0,0,06-JUL-2020,
OPTIDX,BANKNIFTY,03-Sep-2020,23300,CE,0,0,0,1270.8,1040,0,0,0,0,06-JUL-2020,
OPTIDX,BANKNIFTY,03-Sep-2020,23400,CE,0,0,0,1235.45,1003.95,0,0,0,0,06-JUL-2020,
OPTIDX,BANKNIFTY,03-Sep-2020,23500,CE,0,0,0,1200.9,968.85,0,0,0,0,06-JUL-2020,
OPTIDX,BANKNIFTY,03-Sep-2020,23600,CE,0,0,0,1167.15,934.75,0,0,0,0,06-JUL-2020,
OPTIDX,BANKNIFTY,03-Sep-2020,23700,CE,0,0,0,1134.15,901.65,0,0,0,0,06-JUL-2020,
OPTIDX,BANKNIFTY,03-Sep-2020,23800,CE,0,0,0,1101.9,869.4,0,0,0,0,06-JUL-2020,
OPTIDX,BANKNIFTY,03-Sep-2020,23900,CE,0,0,0,1070.35,838.1,0,0,0,0,06-JUL-2020,
OPTIDX,BANKNIFTY,03-Sep-2020,24000,CE,0,0,0,1039.6,807.75,0,0,0,0,06-JUL-2020,
OPTIDX,BANKNIFTY,03-Sep-2020,24100,CE,0,0,0,1009.55,778.25,0,0,0,0,06-JUL-2020,
OPTIDX,BANKNIFTY,03-Sep-2020,24200,CE,0,0,0,980.25,749.6,0,0,0,0,06-JUL-2020,
OPTIDX,BANKNIFTY,03-Sep-2020,24300,CE,0,0,0,951.65,721.85,0,0,0,0,06-JUL-2020,
OPTIDX,BANKNIFTY,03-Sep-2020,24400,CE,0,0,0,923.7,694.95,0,0,0,0,06-JUL-2020,
OPTIDX,BANKNIFTY,03-Sep-2020,24500,CE,0,0,0,896.45,668.85,0,0,0,0,06-JUL-2020,
OPTIDX,BANKNIFTY,03-Sep-2020,24600,CE,0,0,0,869.9,643.55,0,0,0,0,06-JUL-2020,
OPTIDX,BANKNIFTY,03-Sep-2020,24700,CE,0,0,0,844,619.05,0,0,0,0,06-JUL-2020,
OPTIDX,BANKNIFTY,03-Sep-2020,24800,CE,0,0,0,819.8,595.35,0,0,0,0,06-JUL-2020,
OPTIDX,BANKNIFTY,03-Sep-2020,24900,CE,0,0,0,795.25,572.4,0,0,0,0,06-JUL-2020,
OPTIDX,BANKNIFTY,03-Sep-2020,25000,CE,0,0,0,771.35,550.2,0,0,0,0,06-JUL-2020,
OPTIDX,BANKNIFTY,03-Sep-2020,18900,PE,0,0,0,483.6,256.55,0,0,0,0,06-JUL-2020,
OPTIDX,BANKNIFTY,03-Sep-2020,19000,PE,0,0,0,519,273.85,0,0,0,0,06-JUL-2020,
OPTIDX,BANKNIFTY,03-Sep-2020,19100,PE,0,0,0,545.25,291.95,0,0,0,0,06-JUL-2020,
OPTIDX,BANKNIFTY,03-Sep-2020,19200,PE,0,0,0,571.55,310.95,0,0,0,0,06-JUL-2020,
OPTIDX,BANKNIFTY,03-Sep-2020,19300,PE,0,0,0,598.7,330.8,0,0,0,0,06-JUL-2020,
OPTIDX,BANKNIFTY,03-Sep-2020,19400,PE,0,0,0,626.75,351.6,0,0,0,0,06-JUL-2020,
OPTIDX,BANKNIFTY,03-Sep-2020,19500,PE,0,0,0,655.6,373.25,0,0,0,0,06-JUL-2020,
OPTIDX,BANKNIFTY,03-Sep-2020,19600,PE,0,0,0,685.4,395.9,0,0,0,0,06-JUL-2020,
OPTIDX,BANKNIFTY,03-Sep-2020,19700,PE,0,0,0,716.05,419.45,0,0,0,0,06-JUL-2020,
OPTIDX,BANKNIFTY,03-Sep-2020,19800,PE,0,0,0,746.75,444,0,0,0,0,06-JUL-2020,
OPTIDX,BANKNIFTY,03-Sep-2020,19900,PE,0,0,0,779.3,469.55,0,0,0,0,06-JUL-2020,
OPTIDX,BANKNIFTY,03-Sep-2020,20000,PE,0,0,0,812.75,496.1,0,0,0,0,06-JUL-2020,
OPTIDX,BANKNIFTY,03-Sep-2020,20100,PE,0,0,0,847.1,523.7,0,0,0,0,06-JUL-2020,
OPTIDX,BANKNIFTY,03-Sep-2020,20200,PE,0,0,0,882.4,552.25,0,0,0,0,06-JUL-2020,
OPTIDX,BANKNIFTY,03-Sep-2020,20300,PE,0,0,0,918.6,581.9,0,0,0,0,06-JUL-2020,
OPTIDX,BANKNIFTY,03-Sep-2020,20400,PE,0,0,0,955.7,612.6,0,0,0,0,06-JUL-2020,
OPTIDX,BANKNIFTY,03-Sep-2020,20500,PE,0,0,0,993.8,644.4,0,0,0,0,06-JUL-2020,
OPTIDX,BANKNIFTY,03-Sep-2020,20600,PE,0,0,0,1032.75,677.2,0,0,0,0,06-JUL-2020,
OPTIDX,BANKNIFTY,03-Sep-2020,20700,PE,0,0,0,1072.7,711.15,0,0,0,0,06-JUL-2020,
OPTIDX,BANKNIFTY,03-Sep-2020,20800,PE,0,0,0,1113.5,746.15,0,0,0,0,06-JUL-2020,
OPTIDX,BANKNIFTY,03-Sep-2020,20900,PE,0,0,0,1155.3,782.3,0,0,0,0,06-JUL-2020,
OPTIDX,BANKNIFTY,03-Sep-2020,21000,PE,0,0,0,1198,819.5,0,0,0,0,06-JUL-2020,
OPTIDX,BANKNIFTY,03-Sep-2020,21100,PE,0,0,0,1241.65,857.85,0,0,0,0,06-JUL-2020,
OPTIDX,BANKNIFTY,03-Sep-2020,21200,PE,0,0,0,1286.2,897.3,0,0,0,0,06-JUL-2020,
OPTIDX,BANKNIFTY,03-Sep-2020,21300,PE,0,0,0,1331.7,937.9,0,0,0,0,06-JUL-2020,
OPTIDX,BANKNIFTY,03-Sep-2020,21400,PE,0,0,0,1378.15,979.6,0,0,0,0,06-JUL-2020,
OPTIDX,BANKNIFTY,03-Sep-2020,21500,PE,0,0,0,1425.5,1022.4,0,0,0,0,06-JUL-2020,
OPTIDX,BANKNIFTY,03-Sep-2020,21600,PE,0,0,0,1473.75,1066.35,0,0,0,0,06-JUL-2020,
OPTIDX,BANKNIFTY,03-Sep-2020,21700,PE,0,0,0,1522.85,1111.45,0,0,0,0,06-JUL-2020,
OPTIDX,BANKNIFTY,03-Sep-2020,21800,PE,0,0,0,1572.95,1157.6,0,0,0,0,06-JUL-2020,
OPTIDX,BANKNIFTY,03-Sep-2020,21900,PE,0,0,0,1624,1204.95,0,0,0,0,06-JUL-2020,
OPTIDX,BANKNIFTY,03-Sep-2020,22000,PE,0,0,0,1675.9,1253.35,0,0,0,0,06-JUL-2020,
OPTIDX,BANKNIFTY,03-Sep-2020,22100,PE,0,0,0,1728.7,1302.9,0,0,0,0,06-JUL-2020,
OPTIDX,BANKNIFTY,03-Sep-2020,22200,PE,0,0,0,1782.4,1353.55,0,0,0,0,06-JUL-2020,
OPTIDX,BANKNIFTY,03-Sep-2020,22300,PE,0,0,0,1837,1405.3,0,0,0,0,06-JUL-2020,
OPTIDX,BANKNIFTY,03-Sep-2020,22400,PE,0,0,0,1892.5,1458.15,0,0,0,0,06-JUL-2020,
OPTIDX,BANKNIFTY,03-Sep-2020,22500,PE,0,0,0,1948.85,1512.05,0,0,0,0,06-JUL-2020,
OPTIDX,BANKNIFTY,03-Sep-2020,22600,PE,0,0,0,2006.05,1567.05,0,0,0,0,06-JUL-2020,
OPTIDX,BANKNIFTY,03-Sep-2020,22700,PE,0,0,0,2064.15,1623.15,0,0,0,0,06-JUL-2020,
OPTIDX,BANKNIFTY,03-Sep-2020,22800,PE,0,0,0,2123.05,1680.25,0,0,0,0,06-JUL-2020,
OPTIDX,BANKNIFTY,03-Sep-2020,22900,PE,0,0,0,2182.85,1738.45,0,0,0,0,06-JUL-2020,
OPTIDX,BANKNIFTY,03-Sep-2020,23000,PE,0,0,0,2243.45,1797.7,0,0,0,0,06-JUL-2020,
OPTIDX,BANKNIFTY,03-Sep-2020,23100,PE,0,0,0,2304.85,1857.95,0,0,0,0,06-JUL-2020,
OPTIDX,BANKNIFTY,03-Sep-2020,23200,PE,0,0,0,2367.1,1919.25,0,0,0,0,06-JUL-2020,
OPTIDX,BANKNIFTY,03-Sep-2020,23300,PE,0,0,0,2430.15,1981.5,0,0,0,0,06-JUL-2020,
OPTIDX,BANKNIFTY,03-Sep-2020,23400,PE,0,0,0,2494,2044.8,0,0,0,0,06-JUL-2020,
OPTIDX,BANKNIFTY,03-Sep-2020,23500,PE,0,0,0,2558.65,2109.05,0,0,0,0,06-JUL-2020,
OPTIDX,BANKNIFTY,03-Sep-2020,23600,PE,0,0,0,2624.05,2174.25,0,0,0,0,06-JUL-2020,
OPTIDX,BANKNIFTY,03-Sep-2020,23700,PE,0,0,0,2690.25,2240.4,0,0,0,0,06-JUL-2020,
OPTIDX,BANKNIFTY,03-Sep-2020,23800,PE,0,0,0,2757.2,2307.5,0,0,0,0,06-JUL-2020,
OPTIDX,BANKNIFTY,03-Sep-2020,23900,PE,0,0,0,2824.9,2375.55,0,0,0,0,06-JUL-2020,
OPTIDX,BANKNIFTY,03-Sep-2020,24000,PE,0,0,0,2893.3,2444.5,0,0,0,0,06-JUL-2020,
OPTIDX,BANKNIFTY,03-Sep-2020,24100,PE,0,0,0,2962.5,2514.3,0,0,0,0,06-JUL-2020,
OPTIDX,BANKNIFTY,03-Sep-2020,24200,PE,0,0,0,3032.35,2585,0,0,0,0,06-JUL-2020,
OPTIDX,BANKNIFTY,03-Sep-2020,24300,PE,0,0,0,3102.95,2656.55,0,0,0,0,06-JUL-2020,
OPTIDX,BANKNIFTY,03-Sep-2020,24400,PE,0,0,0,3174.2,2728.95,0,0,0,0,06-JUL-2020,
OPTIDX,BANKNIFTY,03-Sep-2020,24500,PE,0,0,0,3246.15,2802.15,0,0,0,0,06-JUL-2020,
OPTIDX,BANKNIFTY,03-Sep-2020,24600,PE,0,0,0,3318.8,2876.2,0,0,0,0,06-JUL-2020,
OPTIDX,BANKNIFTY,03-Sep-2020,24700,PE,0,0,0,3392.1,2951,0,0,0,0,06-JUL-2020,
OPTIDX,BANKNIFTY,03-Sep-2020,24800,PE,0,0,0,3467.05,3026.6,0,0,0,0,06-JUL-2020,
OPTIDX,BANKNIFTY,03-Sep-2020,24900,PE,0,0,0,3541.7,3103,0,0,0,0,06-JUL-2020,
OPTIDX,BANKNIFTY,03-Sep-2020,25000,PE,0,0,0,3617,3180.1,0,0,0,0,06-JUL-2020,
OPTIDX,BANKNIFTY,24-Sep-2020,18400,CE,0,0,0,3847.65,4258.75,0,0,0,0,06-JUL-2020,
OPTIDX,BANKNIFTY,24-Sep-2020,18500,CE,0,0,0,3940.3,4177,0,0,0,0,06-JUL-2020,
OPTIDX,BANKNIFTY,24-Sep-2020,18600,CE,0,0,0,3870.55,4095.95,0,0,0,0,06-JUL-2020,
OPTIDX,BANKNIFTY,24-Sep-2020,18700,CE,0,0,0,3801.6,4015.7,0,0,0,0,06-JUL-2020,
OPTIDX,BANKNIFTY,24-Sep-2020,18800,CE,0,0,0,3733.4,3936.15,0,0,0,0,06-JUL-2020,
OPTIDX,BANKNIFTY,24-Sep-2020,18900,CE,0,0,0,3666,3857.45,0,0,0,0,06-JUL-2020,
OPTIDX,BANKNIFTY,24-Sep-2020,19000,CE,0,0,0,3599.35,3779.55,0,0,0,0,06-JUL-2020,
OPTIDX,BANKNIFTY,24-Sep-2020,19100,CE,0,0,0,3532.6,3702.45,0,0,0,0,06-JUL-2020,
OPTIDX,BANKNIFTY,24-Sep-2020,19200,CE,0,0,0,3467.55,3626.15,0,0,0,0,06-JUL-2020,
OPTIDX,BANKNIFTY,24-Sep-2020,19300,CE,0,0,0,3403.35,3550.7,0,0,0,0,06-JUL-2020,
OPTIDX,BANKNIFTY,24-Sep-2020,19400,CE,0,0,0,3339.9,3476.15,0,0,0,0,06-JUL-2020,
OPTIDX,BANKNIFTY,24-Sep-2020,19500,CE,0,0,0,3277.25,3402.4,0,0,0,0,06-JUL-2020,
OPTIDX,BANKNIFTY,24-Sep-2020,19600,CE,0,0,0,3215.35,3329.55,0,0,0,0,06-JUL-2020,
OPTIDX,BANKNIFTY,24-Sep-2020,19700,CE,0,0,0,3154.3,3257.6,0,0,0,0,06-JUL-2020,
OPTIDX,BANKNIFTY,24-Sep-2020,19800,CE,0,0,0,3094,3186.55,0,0,0,0,06-JUL-2020,
OPTIDX,BANKNIFTY,24-Sep-2020,19900,CE,0,0,0,3034.5,3116.35,0,0,0,0,06-JUL-2020,
OPTIDX,BANKNIFTY,24-Sep-2020,20000,CE,0,0,0,2975.8,3047.1,0,0,0,0,06-JUL-2020,
OPTIDX,BANKNIFTY,24-Sep-2020,20100,CE,0,0,0,2917.9,2978.8,0,0,0,0,06-JUL-2020,
OPTIDX,BANKNIFTY,24-Sep-2020,20200,CE,0,0,0,2860.8,2911.35,0,0,0,0,06-JUL-2020,
OPTIDX,BANKNIFTY,24-Sep-2020,20300,CE,0,0,0,2804.5,2844.9,0,0,0,0,06-JUL-2020,
OPTIDX,BANKNIFTY,24-Sep-2020,20400,CE,0,0,0,2748.95,2779.4,0,0,0,0,06-JUL-2020,
OPTIDX,BANKNIFTY,24-Sep-2020,20500,CE,0,0,0,2694.25,2714.8,0,0,0,0,06-JUL-2020,
OPTIDX,BANKNIFTY,24-Sep-2020,20600,CE,0,0,0,2640.3,2651.15,0,0,0,0,06-JUL-2020,
OPTIDX,BANKNIFTY,24-Sep-2020,20700,CE,0,0,0,2587.1,2588.5,0,0,0,0,06-JUL-2020,
OPTIDX,BANKNIFTY,24-Sep-2020,20800,CE,0,0,0,2534.75,2526.8,0,0,0,0,06-JUL-2020,
OPTIDX,BANKNIFTY,24-Sep-2020,20900,CE,0,0,0,2483.15,2466.05,0,0,0,0,06-JUL-2020,
OPTIDX,BANKNIFTY,24-Sep-2020,21000,CE,0,0,0,2432.35,2406.25,0,0,0,0,06-JUL-2020,
OPTIDX,BANKNIFTY,24-Sep-2020,21100,CE,0,0,0,2382.3,2347.45,0,0,0,0,06-JUL-2020,
OPTIDX,BANKNIFTY,24-Sep-2020,21200,CE,0,0,0,2332.95,2289.6,0,0,0,0,06-JUL-2020,
OPTIDX,BANKNIFTY,24-Sep-2020,21300,CE,0,0,0,2284.45,2232.75,0,0,0,0,06-JUL-2020,
OPTIDX,BANKNIFTY,24-Sep-2020,21400,CE,0,0,0,2236.7,2176.8,0,0,0,0,06-JUL-2020,
OPTIDX,BANKNIFTY,24-Sep-2020,21500,CE,0,0,0,2189.75,2121.9,0,0,0,0,06-JUL-2020,
OPTIDX,BANKNIFTY,24-Sep-2020,21600,CE,0,0,0,2143.5,2067.9,0,0,0,0,06-JUL-2020,
OPTIDX,BANKNIFTY,24-Sep-2020,21700,CE,2000,2000,2000,2000,2014.9,1,5.92,50,25,06-JUL-2020,
OPTIDX,BANKNIFTY,24-Sep-2020,21800,CE,0,0,0,2053.3,1962.85,0,0,0,0,06-JUL-2020,
OPTIDX,BANKNIFTY,24-Sep-2020,21900,CE,0,0,0,2009.35,1911.8,0,0,0,0,06-JUL-2020,
OPTIDX,BANKNIFTY,24-Sep-2020,22000,CE,0,0,0,1966.1,1861.65,0,0,0,0,06-JUL-2020,
OPTIDX,BANKNIFTY,24-Sep-2020,22100,CE,0,0,0,1923.6,1812.5,0,0,0,0,06-JUL-2020,
OPTIDX,BANKNIFTY,24-Sep-2020,22200,CE,0,0,0,1881.8,1764.25,0,0,0,0,06-JUL-2020,
OPTIDX,BANKNIFTY,24-Sep-2020,22300,CE,0,0,0,1840.7,1716.95,0,0,0,0,06-JUL-2020,
OPTIDX,BANKNIFTY,24-Sep-2020,22400,CE,0,0,0,1800.35,1670.65,0,0,0,0,06-JUL-2020,
OPTIDX,BANKNIFTY,24-Sep-2020,22500,CE,0,0,0,1760.7,1625.2,0,0,0,0,06-JUL-2020,
OPTIDX,BANKNIFTY,24-Sep-2020,22600,CE,0,0,0,1721.75,1580.75,0,0,0,0,06-JUL-2020,
OPTIDX,BANKNIFTY,24-Sep-2020,22700,CE,0,0,0,1683.5,1537.15,0,0,0,0,06-JUL-2020,
OPTIDX,BANKNIFTY,24-Sep-2020,22800,CE,0,0,0,1645.9,1494.5,0,0,0,0,06-JUL-2020,
OPTIDX,BANKNIFTY,24-Sep-2020,22900,CE,0,0,0,1609,1452.75,0,0,0,0,06-JUL-2020,
OPTIDX,BANKNIFTY,24-Sep-2020,23000,CE,0,0,0,900,1411.9,0,0,0,0,06-JUL-2020,
OPTIDX,BANKNIFTY,24-Sep-2020,23100,CE,0,0,0,1537.25,1371.9,0,0,0,0,06-JUL-2020,
OPTIDX,BANKNIFTY,24-Sep-2020,23200,CE,0,0,0,1502.35,1332.8,0,0,0,0,06-JUL-2020,
OPTIDX,BANKNIFTY,24-Sep-2020,23300,CE,0,0,0,1468.1,1294.6,0,0,0,0,06-JUL-2020,
OPTIDX,BANKNIFTY,24-Sep-2020,23400,CE,0,0,0,1434.5,1257.2,0,0,0,0,06-JUL-2020,
OPTIDX,BANKNIFTY,24-Sep-2020,23500,CE,0,0,0,1401.55,1220.7,0,0,0,0,06-JUL-2020,
OPTIDX,BANKNIFTY,24-Sep-2020,23600,CE,0,0,0,1369.2,1185.05,0,0,0,0,06-JUL-2020,
OPTIDX,BANKNIFTY,24-Sep-2020,23700,CE,0,0,0,1337.5,1150.2,0,0,0,0,06-JUL-2020,
OPTIDX,BANKNIFTY,24-Sep-2020,23800,CE,0,0,0,1306.4,1116.15,0,0,0,0,06-JUL-2020,
OPTIDX,BANKNIFTY,24-Sep-2020,23900,CE,0,0,0,1275.9,1082.95,0,0,0,0,06-JUL-2020,
OPTIDX,BANKNIFTY,24-Sep-2020,24000,CE,0,0,0,1246,1050.5,0,0,0,0,06-JUL-2020,
OPTIDX,BANKNIFTY,24-Sep-2020,24100,CE,0,0,0,1216.7,1018.9,0,0,0,0,06-JUL-2020,
OPTIDX,BANKNIFTY,24-Sep-2020,24200,CE,0,0,0,1188,988,0,0,0,0,06-JUL-2020,
OPTIDX,BANKNIFTY,24-Sep-2020,24300,CE,0,0,0,1159.85,957.9,0,0,0,0,06-JUL-2020,
OPTIDX,BANKNIFTY,24-Sep-2020,24400,CE,0,0,0,1132.3,928.55,0,0,0,0,06-JUL-2020,
OPTIDX,BANKNIFTY,24-Sep-2020,24500,CE,0,0,0,1105.3,899.95,0,0,0,0,06-JUL-2020,
OPTIDX,BANKNIFTY,24-Sep-2020,24600,CE,0,0,0,1069.9,872.1,0,0,0,0,06-JUL-2020,
OPTIDX,BANKNIFTY,24-Sep-2020,24700,CE,0,0,0,1132.15,844.95,0,0,0,0,06-JUL-2020,
OPTIDX,BANKNIFTY,24-Sep-2020,24800,CE,0,0,0,1104.4,818.45,0,0,0,0,06-JUL-2020,
OPTIDX,BANKNIFTY,24-Sep-2020,24900,CE,0,0,0,1077.25,792.7,0,0,0,0,06-JUL-2020,
OPTIDX,BANKNIFTY,24-Sep-2020,25000,CE,0,0,0,1050.65,767.6,0,0,0,0,06-JUL-2020,
OPTIDX,BANKNIFTY,24-Sep-2020,18400,PE,0,0,0,684.1,289.2,0,0,0,0,06-JUL-2020,
OPTIDX,BANKNIFTY,24-Sep-2020,18500,PE,0,0,0,719.55,306.5,0,0,0,0,06-JUL-2020,
OPTIDX,BANKNIFTY,24-Sep-2020,18600,PE,0,0,0,748.65,324.55,0,0,0,0,06-JUL-2020,
OPTIDX,BANKNIFTY,24-Sep-2020,18700,PE,0,0,0,778.55,343.35,0,0,0,0,06-JUL-2020,
OPTIDX,BANKNIFTY,24-Sep-2020,18800,PE,0,0,0,809.15,362.9,0,0,0,0,06-JUL-2020,
OPTIDX,BANKNIFTY,24-Sep-2020,18900,PE,0,0,0,840.6,383.25,0,0,0,0,06-JUL-2020,
OPTIDX,BANKNIFTY,24-Sep-2020,19000,PE,0,0,0,872.8,404.4,0,0,0,0,06-JUL-2020,
OPTIDX,BANKNIFTY,24-Sep-2020,19100,PE,0,0,0,904.9,426.4,0,0,0,0,06-JUL-2020,
OPTIDX,BANKNIFTY,24-Sep-2020,19200,PE,0,0,0,938.7,449.2,0,0,0,0,06-JUL-2020,
OPTIDX,BANKNIFTY,24-Sep-2020,19300,PE,0,0,0,973.3,472.8,0,0,0,0,06-JUL-2020,
OPTIDX,BANKNIFTY,24-Sep-2020,19400,PE,0,0,0,1008.7,497.3,0,0,0,0,06-JUL-2020,
OPTIDX,BANKNIFTY,24-Sep-2020,19500,PE,0,0,0,1044.85,522.65,0,0,0,0,06-JUL-2020,
OPTIDX,BANKNIFTY,24-Sep-2020,19600,PE,0,0,0,1081.85,548.9,0,0,0,0,06-JUL-2020,
OPTIDX,BANKNIFTY,24-Sep-2020,19700,PE,0,0,0,1119.6,576,0,0,0,0,06-JUL-2020,
OPTIDX,BANKNIFTY,24-Sep-2020,19800,PE,0,0,0,1158.15,604,0,0,0,0,06-JUL-2020,
OPTIDX,BANKNIFTY,24-Sep-2020,19900,PE,0,0,0,1197.5,632.9,0,0,0,0,06-JUL-2020,
OPTIDX,BANKNIFTY,24-Sep-2020,20000,PE,0,0,0,1237.65,662.7,0,0,0,0,06-JUL-2020,
OPTIDX,BANKNIFTY,24-Sep-2020,20100,PE,0,0,0,1278.6,693.45,0,0,0,0,06-JUL-2020,
OPTIDX,BANKNIFTY,24-Sep-2020,20200,PE,0,0,0,1320.35,725.15,0,0,0,0,06-JUL-2020,
OPTIDX,BANKNIFTY,24-Sep-2020,20300,PE,0,0,0,1362.85,757.75,0,0,0,0,06-JUL-2020,
OPTIDX,BANKNIFTY,24-Sep-2020,20400,PE,0,0,0,1406.15,791.3,0,0,0,0,06-JUL-2020,
OPTIDX,BANKNIFTY,24-Sep-2020,20500,PE,0,0,0,1450.3,825.8,0,0,0,0,06-JUL-2020,
OPTIDX,BANKNIFTY,24-Sep-2020,20600,PE,0,0,0,1495.15,861.25,0,0,0,0,06-JUL-2020,
OPTIDX,BANKNIFTY,24-Sep-2020,20700,PE,0,0,0,1540.85,897.65,0,0,0,0,06-JUL-2020,
OPTIDX,BANKNIFTY,24-Sep-2020,20800,PE,0,0,0,1587.3,935,0,0,0,0,06-JUL-2020,
OPTIDX,BANKNIFTY,24-Sep-2020,20900,PE,0,0,0,1634.55,973.3,0,0,0,0,06-JUL-2020,
OPTIDX,BANKNIFTY,24-Sep-2020,21000,PE,0,0,0,1682.6,1012.6,0,0,0,0,06-JUL-2020,
OPTIDX,BANKNIFTY,24-Sep-2020,21100,PE,0,0,0,1731.4,1052.85,0,0,0,0,06-JUL-2020,
OPTIDX,BANKNIFTY,24-Sep-2020,21200,PE,0,0,0,1780.85,1094.1,0,0,0,0,06-JUL-2020,
OPTIDX,BANKNIFTY,24-Sep-2020,21300,PE,0,0,0,1831.2,1136.3,0,0,0,0,06-JUL-2020,
OPTIDX,BANKNIFTY,24-Sep-2020,21400,PE,0,0,0,1882.3,1179.45,0,0,0,0,06-JUL-2020,
OPTIDX,BANKNIFTY,24-Sep-2020,21500,PE,0,0,0,1999.95,1223.6,0,0,100,0,06-JUL-2020,
OPTIDX,BANKNIFTY,24-Sep-2020,21600,PE,0,0,0,1986.8,1268.7,0,0,0,0,06-JUL-2020,
OPTIDX,BANKNIFTY,24-Sep-2020,21700,PE,0,0,0,2040.15,1314.75,0,0,0,0,06-JUL-2020,
OPTIDX,BANKNIFTY,24-Sep-2020,21800,PE,0,0,0,2094.3,1361.8,0,0,0,0,06-JUL-2020,
OPTIDX,BANKNIFTY,24-Sep-2020,21900,PE,0,0,0,2149.15,1409.75,0,0,0,0,06-JUL-2020,
OPTIDX,BANKNIFTY,24-Sep-2020,22000,PE,0,0,0,2204.75,1458.7,0,0,0,0,06-JUL-2020,
OPTIDX,BANKNIFTY,24-Sep-2020,22100,PE,0,0,0,2261.05,1508.6,0,0,0,0,06-JUL-2020,
OPTIDX,BANKNIFTY,24-Sep-2020,22200,PE,0,0,0,2318.1,1559.45,0,0,0,0,06-JUL-2020,
OPTIDX,BANKNIFTY,24-Sep-2020,22300,PE,0,0,0,2375.9,1611.25,0,0,0,0,06-JUL-2020,
OPTIDX,BANKNIFTY,24-Sep-2020,22400,PE,0,0,0,2434.35,1664,0,0,0,0,06-JUL-2020,
OPTIDX,BANKNIFTY,24-Sep-2020,22500,PE,0,0,0,2493.55,1717.65,0,0,0,0,06-JUL-2020,
OPTIDX,BANKNIFTY,24-Sep-2020,22600,PE,0,0,0,2553.45,1772.25,0,0,0,0,06-JUL-2020,
OPTIDX,BANKNIFTY,24-Sep-2020,22700,PE,0,0,0,2614,1827.75,0,0,0,0,06-JUL-2020,
OPTIDX,BANKNIFTY,24-Sep-2020,22800,PE,0,0,0,2675.3,1884.15,0,0,0,0,06-JUL-2020,
OPTIDX,BANKNIFTY,24-Sep-2020,22900,PE,0,0,0,2737.2,1941.45,0,0,0,0,06-JUL-2020,
OPTIDX,BANKNIFTY,24-Sep-2020,23000,PE,0,0,0,2799.85,1999.7,0,0,0,0,06-JUL-2020,
OPTIDX,BANKNIFTY,24-Sep-2020,23100,PE,0,0,0,2863.15,2058.8,0,0,0,0,06-JUL-2020,
OPTIDX,BANKNIFTY,24-Sep-2020,23200,PE,0,0,0,2927.05,2118.75,0,0,0,0,06-JUL-2020,
OPTIDX,BANKNIFTY,24-Sep-2020,23300,PE,0,0,0,2991.65,2179.6,0,0,0,0,06-JUL-2020,
OPTIDX,BANKNIFTY,24-Sep-2020,23400,PE,0,0,0,3056.9,2241.3,0,0,0,0,06-JUL-2020,
OPTIDX,BANKNIFTY,24-Sep-2020,23500,PE,0,0,0,3122.8,2303.85,0,0,0,0,06-JUL-2020,
OPTIDX,BANKNIFTY,24-Sep-2020,23600,PE,0,0,0,3189.3,2367.25,0,0,0,0,06-JUL-2020,
OPTIDX,BANKNIFTY,24-Sep-2020,23700,PE,0,0,0,3256.45,2431.5,0,0,0,0,06-JUL-2020,
OPTIDX,BANKNIFTY,24-Sep-2020,23800,PE,0,0,0,3324.15,2496.55,0,0,0,0,06-JUL-2020,
OPTIDX,BANKNIFTY,24-Sep-2020,23900,PE,0,0,0,3392.5,2562.4,0,0,0,0,06-JUL-2020,
OPTIDX,BANKNIFTY,24-Sep-2020,24000,PE,0,0,0,3461.45,2629.05,0,0,0,0,06-JUL-2020,
OPTIDX,BANKNIFTY,24-Sep-2020,24100,PE,0,0,0,3531,2696.5,0,0,0,0,06-JUL-2020,
OPTIDX,BANKNIFTY,24-Sep-2020,24200,PE,0,0,0,3601.15,2764.7,0,0,0,0,06-JUL-2020,
OPTIDX,BANKNIFTY,24-Sep-2020,24300,PE,0,0,0,3671.85,2833.65,0,0,0,0,06-JUL-2020,
OPTIDX,BANKNIFTY,24-Sep-2020,24400,PE,0,0,0,3743.1,2903.4,0,0,0,0,06-JUL-2020,
OPTIDX,BANKNIFTY,24-Sep-2020,24500,PE,0,0,0,3814.9,2973.85,0,0,0,0,06-JUL-2020,
OPTIDX,BANKNIFTY,24-Sep-2020,24600,PE,0,0,0,3800.7,3045.05,0,0,0,0,06-JUL-2020,
OPTIDX,BANKNIFTY,24-Sep-2020,24700,PE,0,0,0,3585.7,3116.95,0,0,0,0,06-JUL-2020,
OPTIDX,BANKNIFTY,24-Sep-2020,24800,PE,0,0,0,3656.85,3189.6,0,0,0,0,06-JUL-2020,
OPTIDX,BANKNIFTY,24-Sep-2020,24900,PE,0,0,0,3728.6,3262.9,0,0,0,0,06-JUL-2020,
OPTIDX,BANKNIFTY,24-Sep-2020,25000,PE,0,0,0,3800.9,3336.85,0,0,0,0,06-JUL-2020,
OPTIDX,NIFTY,09-Jul-2020,7300,CE,0,0,0,1727.15,3466.2,0,0,0,0,06-JUL-2020,
OPTIDX,NIFTY,09-Jul-2020,7350,CE,0,0,0,1687.6,3416.2,0,0,0,0,06-JUL-2020,
OPTIDX,NIFTY,09-Jul-2020,7400,CE,0,0,0,1648.45,3366.25,0,0,0,0,06-JUL-2020,
OPTIDX,NIFTY,09-Jul-2020,7450,CE,0,0,0,1609.8,3316.25,0,0,0,0,06-JUL-2020,
OPTIDX,NIFTY,09-Jul-2020,7500,CE,0,0,0,1571.6,3266.25,0,0,0,0,06-JUL-2020,
OPTIDX,NIFTY,09-Jul-2020,7550,CE,0,0,0,1533.95,3216.3,0,0,0,0,06-JUL-2020,
OPTIDX,NIFTY,09-Jul-2020,7600,CE,0,0,0,1497.05,3166.3,0,0,0,0,06-JUL-2020,
OPTIDX,NIFTY,09-Jul-2020,7650,CE,0,0,0,1762.15,3116.3,0,0,0,0,06-JUL-2020,
OPTIDX,NIFTY,09-Jul-2020,7700,CE,0,0,0,1897.15,3066.35,0,0,0,0,06-JUL-2020,
OPTIDX,NIFTY,09-Jul-2020,7750,CE,0,0,0,1862.15,3016.35,0,0,0,0,06-JUL-2020,
OPTIDX,NIFTY,09-Jul-2020,7800,CE,0,0,0,1827.5,2966.35,0,0,0,0,06-JUL-2020,
OPTIDX,NIFTY,09-Jul-2020,7850,CE,0,0,0,1793.3,2916.4,0,0,0,0,06-JUL-2020,
OPTIDX,NIFTY,09-Jul-2020,7900,CE,0,0,0,1759.5,2866.4,0,0,0,0,06-JUL-2020,
OPTIDX,NIFTY,09-Jul-2020,7950,CE,0,0,0,1726.1,2816.45,0,0,0,0,06-JUL-2020,
OPTIDX,NIFTY,09-Jul-2020,8000,CE,0,0,0,1693.15,2766.45,0,0,0,0,06-JUL-2020,
OPTIDX,NIFTY,09-Jul-2020,8050,CE,0,0,0,1660.25,2716.45,0,0,0,0,06-JUL-2020,
OPTIDX,NIFTY,09-Jul-2020,8100,CE,0,0,0,1628.15,2666.5,0,0,0,0,06-JUL-2020,
OPTIDX,NIFTY,09-Jul-2020,8150,CE,0,0,0,1596.45,2616.5,0,0,0,0,06-JUL-2020,
OPTIDX,NIFTY,09-Jul-2020,8200,CE,0,0,0,1565.2,2566.5,0,0,0,0,06-JUL-2020,
OPTIDX,NIFTY,09-Jul-2020,8250,CE,0,0,0,1534.4,2516.55,0,0,0,0,06-JUL-2020,
OPTIDX,NIFTY,09-Jul-2020,8300,CE,0,0,0,1504,2466.55,0,0,0,0,06-JUL-2020,
OPTIDX,NIFTY,09-Jul-2020,8350,CE,0,0,0,1474,2416.55,0,0,0,0,06-JUL-2020,
OPTIDX,NIFTY,09-Jul-2020,8400,CE,0,0,0,1444.45,2366.6,0,0,0,0,06-JUL-2020,
OPTIDX,NIFTY,09-Jul-2020,8450,CE,0,0,0,1415.3,2316.6,0,0,0,0,06-JUL-2020,
OPTIDX,NIFTY,09-Jul-2020,8500,CE,2070,2276.25,2070,2276.25,2276.25,2,16,525,75,06-JUL-2020,
OPTIDX,NIFTY,09-Jul-2020,8550,CE,0,0,0,1358.3,2216.65,0,0,0,0,06-JUL-2020,
OPTIDX,NIFTY,09-Jul-2020,8600,CE,0,0,0,1330.4,2166.65,0,0,0,0,06-JUL-2020,
OPTIDX,NIFTY,09-Jul-2020,8650,CE,0,0,0,1302.95,2116.65,0,0,0,0,06-JUL-2020,
OPTIDX,NIFTY,09-Jul-2020,8700,CE,0,0,0,1275.95,2066.7,0,0,0,0,06-JUL-2020,
OPTIDX,NIFTY,09-Jul-2020,8750,CE,0,0,0,1249.3,2016.7,0,0,0,0,06-JUL-2020,
OPTIDX,NIFTY,09-Jul-2020,8800,CE,0,0,0,1223.1,1966.7,0,0,0,0,06-JUL-2020,
OPTIDX,NIFTY,09-Jul-2020,8850,CE,0,0,0,1197.35,1916.75,0,0,0,0,06-JUL-2020,
OPTIDX,NIFTY,09-Jul-2020,8900,CE,0,0,0,1171.95,1866.75,0,0,0,0,06-JUL-2020,
OPTIDX,NIFTY,09-Jul-2020,8950,CE,0,0,0,1146.95,1816.8,0,0,0,0,06-JUL-2020,
OPTIDX,NIFTY,09-Jul-2020,9000,CE,0,0,0,1534,1766.8,0,0,300,0,06-JUL-2020,
OPTIDX,NIFTY,09-Jul-2020,9050,CE,0,0,0,1098.25,1716.8,0,0,0,0,06-JUL-2020,
OPTIDX,NIFTY,09-Jul-2020,9100,CE,0,0,0,1074.5,1666.85,0,0,0,0,06-JUL-2020,
OPTIDX,NIFTY,09-Jul-2020,9150,CE,0,0,0,1051.15,1616.85,0,0,0,0,06-JUL-2020,
OPTIDX,NIFTY,09-Jul-2020,9200,CE,1484.95,1495,1484.95,1495,1566.85,3,24.04,225,0,06-JUL-2020,
OPTIDX,NIFTY,09-Jul-2020,9250,CE,0,0,0,1005.65,1516.9,0,0,0,0,06-JUL-2020,
OPTIDX,NIFTY,09-Jul-2020,9300,CE,0,0,0,983.45,1466.9,0,0,0,0,06-JUL-2020,
OPTIDX,NIFTY,09-Jul-2020,9350,CE,0,0,0,961.7,1416.9,0,0,0,0,06-JUL-2020,
OPTIDX,NIFTY,09-Jul-2020,9400,CE,0,0,0,1182.75,1366.95,0,0,600,0,06-JUL-2020,
OPTIDX,NIFTY,09-Jul-2020,9450,CE,0,0,0,919.3,1316.95,0,0,0,0,06-JUL-2020,
OPTIDX,NIFTY,09-Jul-2020,9500,CE,1190,1276.8,1190,1276.75,1276.75,25,201.96,6375,-1350,06-JUL-2020,
OPTIDX,NIFTY,09-Jul-2020,9550,CE,0,0,0,878.4,1217,0,0,0,0,06-JUL-2020,
OPTIDX,NIFTY,09-Jul-2020,9600,CE,0,0,0,947.15,1167,0,0,900,0,06-JUL-2020,
OPTIDX,NIFTY,09-Jul-2020,9650,CE,0,0,0,839,1117,0,0,0,0,06-JUL-2020,
OPTIDX,NIFTY,09-Jul-2020,9700,CE,1006.15,1050,1006.15,1050,1067.05,5,40.25,8400,-75,06-JUL-2020,
OPTIDX,NIFTY,09-Jul-2020,9750,CE,995.3,995.3,995.3,995.3,1017.05,1,8.05,75,75,06-JUL-2020,
OPTIDX,NIFTY,09-Jul-2020,9800,CE,881,985.2,881,956,967.1,61,490,9450,150,06-JUL-2020,
OPTIDX,NIFTY,09-Jul-2020,9850,CE,0,0,0,756,917.15,0,0,225,0,06-JUL-2020,
OPTIDX,NIFTY,09-Jul-2020,9900,CE,799.95,850,792.15,850,867.2,15,120.59,10200,300,06-JUL-2020,
OPTIDX,NIFTY,09-Jul-2020,9950,CE,723.15,816.15,723.15,816.15,817.3,2,16.07,75,75,06-JUL-2020,
OPTIDX,NIFTY,09-Jul-2020,10000,CE,670.7,791.65,662.8,761.9,761.9,419,3372.46,97350,-7350,06-JUL-2020,
OPTIDX,NIFTY,09-Jul-2020,10050,CE,632.65,715.25,632.65,701.45,717.7,5,40.19,825,300,06-JUL-2020,
OPTIDX,NIFTY,09-Jul-2020,10100,CE,587.55,688.75,575.05,662.35,662.35,110,885.51,82875,-1575,06-JUL-2020,
OPTIDX,NIFTY,09-Jul-2020,10150,CE,570.35,616.9,570.35,616.9,618.8,4,32.2,1125,150,06-JUL-2020,
OPTIDX,NIFTY,09-Jul-2020,10200,CE,497,592.45,464.75,565.8,565.8,1605,12931.96,138750,-37125,06-JUL-2020,
OPTIDX,NIFTY,09-Jul-2020,10250,CE,438.95,543,432,503.85,521.4,38,305.83,15225,-1350,06-JUL-2020,
OPTIDX,NIFTY,09-Jul-2020,10300,CE,389.6,498,382.25,471.05,471.05,2733,22030.45,173175,-49500,06-JUL-2020,
OPTIDX,NIFTY,09-Jul-2020,10350,CE,330,448.35,318.75,421.8,421.8,304,2449.77,25800,-7200,06-JUL-2020,
OPTIDX,NIFTY,09-Jul-2020,10400,CE,308.85,404.95,287,372.75,372.75,7224,58158.95,340650,-109275,06-JUL-2020,
OPTIDX,NIFTY,09-Jul-2020,10450,CE,288.9,355.9,241.65,328.55,328.55,895,7215.75,28500,-9000,06-JUL-2020,
OPTIDX,NIFTY,09-Jul-2020,10500,CE,198,313.25,198,282.9,282.9,33155,267306.74,577800,-312375,06-JUL-2020,
OPTIDX,NIFTY,09-Jul-2020,10550,CE,145,268.9,145,238.85,238.85,8732,70447.81,122925,-112125,06-JUL-2020,
OPTIDX,NIFTY,09-Jul-2020,10600,CE,135.15,225,133.75,197.7,197.7,147502,1192052.23,1154700,-1284225,06-JUL-2020,
OPTIDX,NIFTY,09-Jul-2020,10650,CE,114,187.45,100.1,161,161,46612,377151.23,204825,-275250,06-JUL-2020,
OPTIDX,NIFTY,09-Jul-2020,10700,CE,80,151.8,79.8,126.35,126.35,386013,3130156.4,1311975,-628050,06-JUL-2020,
OPTIDX,NIFTY,09-Jul-2020,10750,CE,55,119.85,55,98.15,98.15,180127,1464240.07,465150,159150,06-JUL-2020,
OPTIDX,NIFTY,09-Jul-2020,10800,CE,48.6,92.1,42.65,74.35,74.35,583967,4759527.05,2749275,830400,06-JUL-2020,
OPTIDX,NIFTY,09-Jul-2020,10850,CE,32.5,68.55,29.65,54.65,54.65,155425,1270494.71,753225,400350,06-JUL-2020,
OPTIDX,NIFTY,09-Jul-2020,10900,CE,21.6,49.7,20.25,39.2,39.2,381993,3132590.52,1951950,448650,06-JUL-2020,
OPTIDX,NIFTY,09-Jul-2020,10950,CE,12.25,38,12.25,27.3,27.3,90987,748853.98,404325,159975,06-JUL-2020,
OPTIDX,NIFTY,09-Jul-2020,11000,CE,20.05,24.3,8.75,18.65,18.65,440751,3641433.64,3085425,312975,06-JUL-2020,
OPTIDX,NIFTY,09-Jul-2020,11050,CE,9,16,5.6,12.35,12.35,51364,426097.06,548250,157950,06-JUL-2020,
OPTIDX,NIFTY,09-Jul-2020,11100,CE,4.5,14.3,3.85,8.15,8.15,162726,1355554.96,1453950,605100,06-JUL-2020,
OPTIDX,NIFTY,09-Jul-2020,11150,CE,4,7.65,2.5,5.25,5.25,24022,200974.02,322350,235950,06-JUL-2020,
OPTIDX,NIFTY,09-Jul-2020,11200,CE,7.85,7.85,2.05,3.6,3.6,128523,1079923.64,1402875,347325,06-JUL-2020,
OPTIDX,NIFTY,09-Jul-2020,11250,CE,2.4,9.3,1.7,2.5,2.5,6654,56156.43,120750,89475,06-JUL-2020,
OPTIDX,NIFTY,09-Jul-2020,11300,CE,1.95,2.9,1.3,1.85,1.85,56034,474967.95,759750,317775,06-JUL-2020,
OPTIDX,NIFTY,09-Jul-2020,11350,CE,2.2,2.2,0.85,1.4,1.4,2044,17401.79,43125,26700,06-JUL-2020,
OPTIDX,NIFTY,09-Jul-2020,11400,CE,1.5,1.6,0.85,1.15,1.15,16728,143038.71,303525,146850,06-JUL-2020,
OPTIDX,NIFTY,09-Jul-2020,11450,CE,1.1,1.4,0.7,1,1,934,8021.45,26400,11550,06-JUL-2020,
OPTIDX,NIFTY,09-Jul-2020,11500,CE,1.4,1.45,0.65,0.8,0.8,24239,209076.13,770025,148200,06-JUL-2020,
OPTIDX,NIFTY,09-Jul-2020,11550,CE,1.5,4.7,0.55,0.75,0.75,766,6636,20100,11550,06-JUL-2020,
OPTIDX,NIFTY,09-Jul-2020,11600,CE,1.9,1.9,0.4,0.45,0.45,2609,22699.43,108075,33375,06-JUL-2020,
OPTIDX,NIFTY,09-Jul-2020,11650,CE,0.7,0.7,0.2,0.5,0.2,95,830.09,14175,1275,06-JUL-2020,
OPTIDX,NIFTY,09-Jul-2020,11700,CE,0.6,0.6,0.3,0.35,0.35,3909,34302.64,82050,-11775,06-JUL-2020,
OPTIDX,NIFTY,09-Jul-2020,11750,CE,0.7,0.7,0.2,0.5,0.5,27,237.94,450,450,06-JUL-2020,
OPTIDX,NIFTY,09-Jul-2020,11800,CE,0.45,0.6,0.35,0.4,0.4,477,4221.59,122850,-825,06-JUL-2020,
OPTIDX,NIFTY,09-Jul-2020,11850,CE,0.5,0.5,0.45,0.45,0.05,22,195.53,1200,825,06-JUL-2020,
OPTIDX,NIFTY,09-Jul-2020,11900,CE,0.45,0.45,0.25,0.3,0.3,1427,12736.33,77175,-5100,06-JUL-2020,
OPTIDX,NIFTY,09-Jul-2020,11950,CE,0,0,0,0.4,0.05,0,0,450,0,06-JUL-2020,
OPTIDX,NIFTY,09-Jul-2020,12000,CE,0.4,0.45,0.25,0.3,0.3,8821,79391.12,249900,97800,06-JUL-2020,
OPTIDX,NIFTY,09-Jul-2020,12050,CE,0.75,0.75,0.1,0.3,0.3,515,4654.43,9150,8775,06-JUL-2020,
OPTIDX,NIFTY,09-Jul-2020,12100,CE,0.6,0.6,0.45,0.45,0.05,7,63.52,525,525,06-JUL-2020,
OPTIDX,NIFTY,09-Jul-2020,7300,PE,0.4,0.4,0.25,0.25,0.25,1259,6893.3,7800,2100,06-JUL-2020,
OPTIDX,NIFTY,09-Jul-2020,7350,PE,0,0,0,160.1,0.05,0,0,0,0,06-JUL-2020,
OPTIDX,NIFTY,09-Jul-2020,7400,PE,0,0,0,170.6,0.05,0,0,0,0,06-JUL-2020,
OPTIDX,NIFTY,09-Jul-2020,7450,PE,0.3,0.3,0.3,0.3,0.05,452,2525.65,0,0,06-JUL-2020,
OPTIDX,NIFTY,09-Jul-2020,7500,PE,0.3,0.4,0.25,0.3,0.3,3956,22253.39,19500,-225,06-JUL-2020,
OPTIDX,NIFTY,09-Jul-2020,7550,PE,0,0,0,204.95,0.05,0,0,0,0,06-JUL-2020,
OPTIDX,NIFTY,09-Jul-2020,7600,PE,0,0,0,217.7,0.05,0,0,0,0,06-JUL-2020,
OPTIDX,NIFTY,09-Jul-2020,7650,PE,0,0,0,208.5,0.05,0,0,0,0,06-JUL-2020,
OPTIDX,NIFTY,09-Jul-2020,7700,PE,0,0,0,328.65,0.05,0,0,0,0,06-JUL-2020,
OPTIDX,NIFTY,09-Jul-2020,7750,PE,0,0,0,343.15,0.05,0,0,0,0,06-JUL-2020,
OPTIDX,NIFTY,09-Jul-2020,7800,PE,0,0,0,358.1,0.05,0,0,0,0,06-JUL-2020,
OPTIDX,NIFTY,09-Jul-2020,7850,PE,0,0,0,373.45,0.05,0,0,0,0,06-JUL-2020,
OPTIDX,NIFTY,09-Jul-2020,7900,PE,0,0,0,389.2,0.05,0,0,0,0,06-JUL-2020,
OPTIDX,NIFTY,09-Jul-2020,7950,PE,0,0,0,405.35,0.05,0,0,0,0,06-JUL-2020,
OPTIDX,NIFTY,09-Jul-2020,8000,PE,0.55,0.55,0.25,0.3,0.3,1462,8772.43,68550,11625,06-JUL-2020,
OPTIDX,NIFTY,09-Jul-2020,8050,PE,0,0,0,438.55,0.05,0,0,0,0,06-JUL-2020,
OPTIDX,NIFTY,09-Jul-2020,8100,PE,0,0,0,456,0.05,0,0,0,0,06-JUL-2020,
OPTIDX,NIFTY,09-Jul-2020,8150,PE,0,0,0,473.9,0.05,0,0,0,0,06-JUL-2020,
OPTIDX,NIFTY,09-Jul-2020,8200,PE,0,0,0,492.2,0.05,0,0,0,0,06-JUL-2020,
OPTIDX,NIFTY,09-Jul-2020,8250,PE,0,0,0,510.9,0.05,0,0,0,0,06-JUL-2020,
OPTIDX,NIFTY,09-Jul-2020,8300,PE,0,0,0,530.05,0.05,0,0,0,0,06-JUL-2020,
OPTIDX,NIFTY,09-Jul-2020,8350,PE,0,0,0,549.6,0.05,0,0,0,0,06-JUL-2020,
OPTIDX,NIFTY,09-Jul-2020,8400,PE,0,0,0,569.6,0.05,0,0,0,0,06-JUL-2020,
OPTIDX,NIFTY,09-Jul-2020,8450,PE,0,0,0,590.05,0.05,0,0,0,0,06-JUL-2020,
OPTIDX,NIFTY,09-Jul-2020,8500,PE,0.7,0.95,0.6,0.75,0.75,1554,9907.62,113700,-3525,06-JUL-2020,
OPTIDX,NIFTY,09-Jul-2020,8550,PE,0,0,0,632.1,0.05,0,0,0,0,06-JUL-2020,
OPTIDX,NIFTY,09-Jul-2020,8600,PE,1.5,1.5,0.6,0.7,0.05,4,25.8,825,75,06-JUL-2020,
OPTIDX,NIFTY,09-Jul-2020,8650,PE,0,0,0,675.9,0.05,0,0,0,0,06-JUL-2020,
OPTIDX,NIFTY,09-Jul-2020,8700,PE,1.3,1.5,0.65,0.85,0.85,77,502.47,4275,750,06-JUL-2020,
OPTIDX,NIFTY,09-Jul-2020,8750,PE,0,0,0,2,0.05,0,0,75,0,06-JUL-2020,
OPTIDX,NIFTY,09-Jul-2020,8800,PE,1.55,1.6,0.75,1.05,1.05,145,957.1,8925,975,06-JUL-2020,
OPTIDX,NIFTY,09-Jul-2020,8850,PE,0,0,0,30,0.05,0,0,0,0,06-JUL-2020,
OPTIDX,NIFTY,09-Jul-2020,8900,PE,0.65,1.4,0.65,1.05,1.05,138,921.26,5775,375,06-JUL-2020,
OPTIDX,NIFTY,09-Jul-2020,8950,PE,1.1,1.1,1.1,1.1,0.05,1,6.71,300,-75,06-JUL-2020,
OPTIDX,NIFTY,09-Jul-2020,9000,PE,1.75,1.75,1.05,1.2,1.2,11642,78594.82,583125,-153150,06-JUL-2020,
OPTIDX,NIFTY,09-Jul-2020,9050,PE,1.3,1.6,1.1,1.4,0.05,12,81.46,2475,0,06-JUL-2020,
OPTIDX,NIFTY,09-Jul-2020,9100,PE,1.4,1.6,1.1,1.3,1.3,919,6273.11,56550,-8100,06-JUL-2020,
OPTIDX,NIFTY,09-Jul-2020,9150,PE,1.45,1.6,1.45,1.6,0.05,3,20.59,300,0,06-JUL-2020,
OPTIDX,NIFTY,09-Jul-2020,9200,PE,1.1,1.9,1.05,1.3,1.3,4350,30019.74,122175,-72450,06-JUL-2020,
OPTIDX,NIFTY,09-Jul-2020,9250,PE,1.25,1.75,1.2,1.25,1.25,130,902.01,3525,75,06-JUL-2020,
OPTIDX,NIFTY,09-Jul-2020,9300,PE,2.75,2.75,1.25,1.4,1.4,4333,30227.68,138450,-72375,06-JUL-2020,
OPTIDX,NIFTY,09-Jul-2020,9350,PE,2.4,2.4,1.35,1.4,0.05,58,406.79,7350,-300,06-JUL-2020,
OPTIDX,NIFTY,09-Jul-2020,9400,PE,2.7,2.7,1.3,1.45,1.45,9263,65316,365700,-124050,06-JUL-2020,
OPTIDX,NIFTY,09-Jul-2020,9450,PE,2.1,2.1,1.35,1.4,1.4,123,871.92,3225,-2475,06-JUL-2020,
OPTIDX,NIFTY,09-Jul-2020,9500,PE,1.1,3.4,1.1,1.5,1.5,29411,209594.1,772500,-401175,06-JUL-2020,
OPTIDX,NIFTY,09-Jul-2020,9550,PE,3.7,3.7,1.35,1.65,1.65,456,3266.78,15375,-975,06-JUL-2020,
OPTIDX,NIFTY,09-Jul-2020,9600,PE,3.15,3.15,1.5,1.65,1.65,37563,270513.53,385050,-1010400,06-JUL-2020,
OPTIDX,NIFTY,09-Jul-2020,9650,PE,2.45,2.85,1.7,1.8,1.8,702,5081.97,26625,-3675,06-JUL-2020,
OPTIDX,NIFTY,09-Jul-2020,9700,PE,4.05,4.05,1.85,1.95,1.95,36481,265468.79,694725,-273525,06-JUL-2020,
OPTIDX,NIFTY,09-Jul-2020,9750,PE,1.85,3.4,1.85,2.15,2.15,1156,8455.75,19875,-11775,06-JUL-2020,
OPTIDX,NIFTY,09-Jul-2020,9800,PE,4.7,4.7,2.25,2.35,2.35,45585,335154.25,775950,-354225,06-JUL-2020,
OPTIDX,NIFTY,09-Jul-2020,9850,PE,3.95,4.15,2.5,2.65,2.65,1066,7877.84,23850,-13875,06-JUL-2020,
OPTIDX,NIFTY,09-Jul-2020,9900,PE,5,5.45,2.8,2.95,2.95,46104,342452.23,972750,90150,06-JUL-2020,
OPTIDX,NIFTY,09-Jul-2020,9950,PE,3.7,5.2,3.1,3.25,3.25,3839,28660.83,82575,0,06-JUL-2020,
OPTIDX,NIFTY,09-Jul-2020,10000,PE,5.6,6.9,3.55,3.75,3.75,131046,983321.63,3768225,1740300,06-JUL-2020,
OPTIDX,NIFTY,09-Jul-2020,10050,PE,9.7,9.7,3.85,4.1,4.1,5271,39751.3,90975,29550,06-JUL-2020,
OPTIDX,NIFTY,09-Jul-2020,10100,PE,10.4,10.7,4.3,4.6,4.6,73310,555660.91,959025,-94500,06-JUL-2020,
OPTIDX,NIFTY,09-Jul-2020,10150,PE,10.6,10.6,4.9,5.1,5.1,11283,85950.49,160125,19575,06-JUL-2020,
OPTIDX,NIFTY,09-Jul-2020,10200,PE,15.1,16.2,5.6,6.05,6.05,121275,928509.53,1771425,334725,06-JUL-2020,
OPTIDX,NIFTY,09-Jul-2020,10250,PE,18.65,18.65,6.5,7.1,7.1,28930,222611.23,307125,84825,06-JUL-2020,
OPTIDX,NIFTY,09-Jul-2020,10300,PE,16,19.7,8.15,8.85,8.85,165044,1276439.28,2242275,697425,06-JUL-2020,
OPTIDX,NIFTY,09-Jul-2020,10350,PE,21,21.85,10.35,11.1,11.1,36851,286461.88,310950,69300,06-JUL-2020,
OPTIDX,NIFTY,09-Jul-2020,10400,PE,23.8,28.7,13.15,14.1,14.1,232405,1815985.88,2398950,65700,06-JUL-2020,
OPTIDX,NIFTY,09-Jul-2020,10450,PE,41.95,41.95,16.9,17.95,17.95,53064,416817.17,457950,144975,06-JUL-2020,
OPTIDX,NIFTY,09-Jul-2020,10500,PE,56,56,21.65,23.2,23.2,338861,2676135.28,2942775,960075,06-JUL-2020,
OPTIDX,NIFTY,09-Jul-2020,10550,PE,48.05,74.9,28,29.55,29.55,82696,656679.74,567000,211350,06-JUL-2020,
OPTIDX,NIFTY,09-Jul-2020,10600,PE,60.15,74.55,36.75,38.6,38.6,387994,3098933.83,2995350,1842600,06-JUL-2020,
OPTIDX,NIFTY,09-Jul-2020,10650,PE,80.85,124.95,48.05,51.15,51.15,97694,784956.67,462375,409275,06-JUL-2020,
OPTIDX,NIFTY,09-Jul-2020,10700,PE,92.75,126.65,61.55,67.7,67.7,441771,3572146.23,2046450,1796925,06-JUL-2020,
OPTIDX,NIFTY,09-Jul-2020,10750,PE,180,180,71.35,89.1,89.1,114176,928949.49,477600,466500,06-JUL-2020,
OPTIDX,NIFTY,09-Jul-2020,10800,PE,159.7,177.3,99.05,115.3,115.3,171516,1405031.82,927750,879825,06-JUL-2020,
OPTIDX,NIFTY,09-Jul-2020,10850,PE,191.4,222.45,127.7,145.95,145.95,7405,61082.11,36975,35475,06-JUL-2020,
OPTIDX,NIFTY,09-Jul-2020,10900,PE,245.2,255.95,156.55,179.4,179.4,19950,165899.99,148875,132900,06-JUL-2020,
OPTIDX,NIFTY,09-Jul-2020,10950,PE,305.9,305.9,194,217.6,217.6,919,7706.81,14025,13950,06-JUL-2020,
OPTIDX,NIFTY,09-Jul-2020,11000,PE,343.05,343.05,234,258.95,258.95,5947,50273.66,61950,35925,06-JUL-2020,
OPTIDX,NIFTY,09-Jul-2020,11050,PE,388.1,388.1,280.95,303.55,303.55,150,1278.71,4425,4125,06-JUL-2020,
OPTIDX,NIFTY,09-Jul-2020,11100,PE,429.95,429.95,324.65,346.95,346.95,429,3686.03,7650,4950,06-JUL-2020,
OPTIDX,NIFTY,09-Jul-2020,11150,PE,474.95,474.95,365.8,387.75,387.75,6,52.08,375,150,06-JUL-2020,
OPTIDX,NIFTY,09-Jul-2020,11200,PE,549.95,550,429.75,440.7,440.7,112,980.1,1725,1350,06-JUL-2020,
OPTIDX,NIFTY,09-Jul-2020,11250,PE,0,0,0,1542.1,489.45,0,0,0,0,06-JUL-2020,
OPTIDX,NIFTY,09-Jul-2020,11300,PE,629.7,629.7,523.3,534.95,534.95,44,390.93,1875,1650,06-JUL-2020,
OPTIDX,NIFTY,09-Jul-2020,11350,PE,590.95,590.95,590.95,590.95,590.95,1,8.95,75,75,06-JUL-2020,
OPTIDX,NIFTY,09-Jul-2020,11400,PE,689.35,693.4,689.35,693.4,634.45,15,136.02,900,750,06-JUL-2020,
OPTIDX,NIFTY,09-Jul-2020,11450,PE,0,0,0,1498.6,683.7,0,0,0,0,06-JUL-2020,
OPTIDX,NIFTY,09-Jul-2020,11500,PE,810,810,760,768,733.15,5,46.07,150,75,06-JUL-2020,
OPTIDX,NIFTY,09-Jul-2020,11550,PE,0,0,0,1513.35,782.85,0,0,0,0,06-JUL-2020,
OPTIDX,NIFTY,09-Jul-2020,11600,PE,0,0,0,1026.35,832.6,0,0,75,0,06-JUL-2020,
OPTIDX,NIFTY,09-Jul-2020,11650,PE,0,0,0,1522.4,882.45,0,0,0,0,06-JUL-2020,
OPTIDX,NIFTY,09-Jul-2020,11700,PE,0,0,0,1450.95,932.35,0,0,0,0,06-JUL-2020,
OPTIDX,NIFTY,09-Jul-2020,11750,PE,0,0,0,1498.5,982.3,0,0,0,0,06-JUL-2020,
OPTIDX,NIFTY,09-Jul-2020,11800,PE,0,0,0,1481.7,1032.25,0,0,0,0,06-JUL-2020,
OPTIDX,NIFTY,09-Jul-2020,11850,PE,0,0,0,1376.65,1082.25,0,0,0,0,06-JUL-2020,
OPTIDX,NIFTY,09-Jul-2020,11900,PE,0,0,0,1424.1,1132.2,0,0,0,0,06-JUL-2020,
OPTIDX,NIFTY,09-Jul-2020,11950,PE,0,0,0,1471.85,1182.2,0,0,0,0,06-JUL-2020,
OPTIDX,NIFTY,09-Jul-2020,12000,PE,0,0,0,1439.35,1232.15,0,0,0,0,06-JUL-2020,
OPTIDX,NIFTY,09-Jul-2020,12050,PE,0,0,0,1489.1,1282.15,0,0,0,0,06-JUL-2020,
OPTIDX,NIFTY,09-Jul-2020,12100,PE,0,0,0,1487,1332.1,0,0,0,0,06-JUL-2020,
OPTIDX,NIFTY,16-Jul-2020,7300,CE,0,0,0,1760.7,3472.15,0,0,0,0,06-JUL-2020,
OPTIDX,NIFTY,16-Jul-2020,7350,CE,0,0,0,1722,3422.2,0,0,0,0,06-JUL-2020,
OPTIDX,NIFTY,16-Jul-2020,7400,CE,0,0,0,1683.75,3372.25,0,0,0,0,06-JUL-2020,
OPTIDX,NIFTY,16-Jul-2020,7450,CE,0,0,0,1646,3322.3,0,0,0,0,06-JUL-2020,
OPTIDX,NIFTY,16-Jul-2020,7500,CE,0,0,0,1608.65,3272.4,0,0,0,0,06-JUL-2020,
OPTIDX,NIFTY,16-Jul-2020,7550,CE,0,0,0,1572.1,3222.45,0,0,0,0,06-JUL-2020,
OPTIDX,NIFTY,16-Jul-2020,7600,CE,0,0,0,1535.75,3172.5,0,0,0,0,06-JUL-2020,
OPTIDX,NIFTY,16-Jul-2020,7650,CE,0,0,0,1799.9,3122.55,0,0,0,0,06-JUL-2020,
OPTIDX,NIFTY,16-Jul-2020,7700,CE,0,0,0,1763.2,3072.6,0,0,0,0,06-JUL-2020,
OPTIDX,NIFTY,16-Jul-2020,7750,CE,0,0,0,1726.65,3022.65,0,0,0,0,06-JUL-2020,
OPTIDX,NIFTY,16-Jul-2020,7800,CE,0,0,0,1690.55,2972.75,0,0,0,0,06-JUL-2020,
OPTIDX,NIFTY,16-Jul-2020,7850,CE,0,0,0,1654.9,2922.8,0,0,0,0,06-JUL-2020,
OPTIDX,NIFTY,16-Jul-2020,7900,CE,0,0,0,1619.7,2872.85,0,0,0,0,06-JUL-2020,
OPTIDX,NIFTY,16-Jul-2020,7950,CE,0,0,0,1584.95,2822.9,0,0,0,0,06-JUL-2020,
OPTIDX,NIFTY,16-Jul-2020,8000,CE,0,0,0,1550.7,2772.95,0,0,0,0,06-JUL-2020,
OPTIDX,NIFTY,16-Jul-2020,8050,CE,0,0,0,1516.85,2723,0,0,0,0,06-JUL-2020,
OPTIDX,NIFTY,16-Jul-2020,8100,CE,0,0,0,1483.5,2673.1,0,0,0,0,06-JUL-2020,
OPTIDX,NIFTY,16-Jul-2020,8150,CE,0,0,0,1450.3,2623.15,0,0,0,0,06-JUL-2020,
OPTIDX,NIFTY,16-Jul-2020,8200,CE,0,0,0,1417.95,2573.2,0,0,0,0,06-JUL-2020,
OPTIDX,NIFTY,16-Jul-2020,8250,CE,0,0,0,1386.05,2523.25,0,0,0,0,06-JUL-2020,
OPTIDX,NIFTY,16-Jul-2020,8300,CE,0,0,0,1354.65,2473.3,0,0,0,0,06-JUL-2020,
OPTIDX,NIFTY,16-Jul-2020,8350,CE,0,0,0,1323.7,2423.35,0,0,0,0,06-JUL-2020,
OPTIDX,NIFTY,16-Jul-2020,8400,CE,0,0,0,1293.25,2373.45,0,0,0,0,06-JUL-2020,
OPTIDX,NIFTY,16-Jul-2020,8450,CE,0,0,0,1263.25,2323.5,0,0,0,0,06-JUL-2020,
OPTIDX,NIFTY,16-Jul-2020,8500,CE,0,0,0,1233.75,2273.55,0,0,0,0,06-JUL-2020,
OPTIDX,NIFTY,16-Jul-2020,8550,CE,0,0,0,1204.75,2223.6,0,0,0,0,06-JUL-2020,
OPTIDX,NIFTY,16-Jul-2020,8600,CE,0,0,0,1176.2,2173.65,0,0,0,0,06-JUL-2020,
OPTIDX,NIFTY,16-Jul-2020,8650,CE,0,0,0,1148.15,2123.7,0,0,0,0,06-JUL-2020,
OPTIDX,NIFTY,16-Jul-2020,8700,CE,0,0,0,1120.55,2073.8,0,0,0,0,06-JUL-2020,
OPTIDX,NIFTY,16-Jul-2020,8750,CE,0,0,0,1093.45,2023.85,0,0,0,0,06-JUL-2020,
OPTIDX,NIFTY,16-Jul-2020,8800,CE,0,0,0,1066.8,1973.9,0,0,0,0,06-JUL-2020,
OPTIDX,NIFTY,16-Jul-2020,8850,CE,0,0,0,1040.65,1923.95,0,0,0,0,06-JUL-2020,
OPTIDX,NIFTY,16-Jul-2020,8900,CE,0,0,0,1014.95,1874,0,0,0,0,06-JUL-2020,
OPTIDX,NIFTY,16-Jul-2020,8950,CE,0,0,0,989.75,1824.1,0,0,0,0,06-JUL-2020,
OPTIDX,NIFTY,16-Jul-2020,9000,CE,0,0,0,965,1774.15,0,0,0,0,06-JUL-2020,
OPTIDX,NIFTY,16-Jul-2020,9050,CE,0,0,0,940.7,1724.2,0,0,0,0,06-JUL-2020,
OPTIDX,NIFTY,16-Jul-2020,9100,CE,0,0,0,916.9,1674.3,0,0,0,0,06-JUL-2020,
OPTIDX,NIFTY,16-Jul-2020,9150,CE,0,0,0,893.5,1624.35,0,0,0,0,06-JUL-2020,
OPTIDX,NIFTY,16-Jul-2020,9200,CE,0,0,0,870.6,1574.45,0,0,0,0,06-JUL-2020,
OPTIDX,NIFTY,16-Jul-2020,9250,CE,0,0,0,848.15,1524.55,0,0,0,0,06-JUL-2020,
OPTIDX,NIFTY,16-Jul-2020,9300,CE,0,0,0,826.15,1474.7,0,0,0,0,06-JUL-2020,
OPTIDX,NIFTY,16-Jul-2020,9350,CE,0,0,0,804.6,1424.85,0,0,0,0,06-JUL-2020,
OPTIDX,NIFTY,16-Jul-2020,9400,CE,0,0,0,783.5,1375.1,0,0,0,0,06-JUL-2020,
OPTIDX,NIFTY,16-Jul-2020,9450,CE,0,0,0,762.8,1325.35,0,0,0,0,06-JUL-2020,
OPTIDX,NIFTY,16-Jul-2020,9500,CE,0,0,0,742.55,1275.65,0,0,0,0,06-JUL-2020,
OPTIDX,NIFTY,16-Jul-2020,9550,CE,0,0,0,722.75,1226.1,0,0,0,0,06-JUL-2020,
OPTIDX,NIFTY,16-Jul-2020,9600,CE,0,0,0,786,1176.65,0,0,75,0,06-JUL-2020,
OPTIDX,NIFTY,16-Jul-2020,9650,CE,0,0,0,684.35,1127.35,0,0,0,0,06-JUL-2020,
OPTIDX,NIFTY,16-Jul-2020,9700,CE,0,0,0,665.8,1078.25,0,0,0,0,06-JUL-2020,
OPTIDX,NIFTY,16-Jul-2020,9750,CE,0,0,0,647.65,1029.4,0,0,0,0,06-JUL-2020,
OPTIDX,NIFTY,16-Jul-2020,9800,CE,0,0,0,629.9,980.8,0,0,0,0,06-JUL-2020,
OPTIDX,NIFTY,16-Jul-2020,9850,CE,0,0,0,612.55,932.6,0,0,0,0,06-JUL-2020,
OPTIDX,NIFTY,16-Jul-2020,9900,CE,875,875,875,875,884.8,1,8.08,75,75,06-JUL-2020,
OPTIDX,NIFTY,16-Jul-2020,9950,CE,0,0,0,579,837.5,0,0,0,0,06-JUL-2020,
OPTIDX,NIFTY,16-Jul-2020,10000,CE,715,783.95,715,783.95,790.8,15,120.84,1275,750,06-JUL-2020,
OPTIDX,NIFTY,16-Jul-2020,10050,CE,0,0,0,547,744.75,0,0,0,0,06-JUL-2020,
OPTIDX,NIFTY,16-Jul-2020,10100,CE,603.5,673,603.5,666,666,44,353.86,825,-1050,06-JUL-2020,
OPTIDX,NIFTY,16-Jul-2020,10150,CE,0,0,0,516.5,655.1,0,0,0,0,06-JUL-2020,
OPTIDX,NIFTY,16-Jul-2020,10200,CE,534.9,604.35,508.75,581.2,581.2,117,944.57,7425,4500,06-JUL-2020,
OPTIDX,NIFTY,16-Jul-2020,10250,CE,0,0,0,487.4,569.45,0,0,0,0,06-JUL-2020,
OPTIDX,NIFTY,16-Jul-2020,10300,CE,410,515.8,410,486.35,486.35,257,2077.32,11925,7650,06-JUL-2020,
OPTIDX,NIFTY,16-Jul-2020,10350,CE,413.9,434.75,413.9,434.75,488.6,2,16.16,300,150,06-JUL-2020,
OPTIDX,NIFTY,16-Jul-2020,10400,CE,353.95,430.95,340.45,403.95,403.95,472,3817.05,36375,-525,06-JUL-2020,
OPTIDX,NIFTY,16-Jul-2020,10450,CE,0,0,0,433.4,413.4,0,0,0,0,06-JUL-2020,
OPTIDX,NIFTY,16-Jul-2020,10500,CE,281.15,350.6,265.6,325.65,325.65,1643,13308.13,88875,20100,06-JUL-2020,
OPTIDX,NIFTY,16-Jul-2020,10550,CE,235.35,299.65,230.05,288.95,288.95,50,405.58,3450,-750,06-JUL-2020,
OPTIDX,NIFTY,16-Jul-2020,10600,CE,200,278.85,199.45,253.3,253.3,2092,16999.06,78975,-6225,06-JUL-2020,
OPTIDX,NIFTY,16-Jul-2020,10650,CE,190.75,240.45,168.5,223,223,269,2189.03,5250,750,06-JUL-2020,
OPTIDX,NIFTY,16-Jul-2020,10700,CE,146.85,207.7,135.5,186.85,186.85,8413,68611.43,143925,25425,06-JUL-2020,
OPTIDX,NIFTY,16-Jul-2020,10750,CE,128.45,176.55,117.5,158.25,158.25,1468,12004.11,17400,17325,06-JUL-2020,
OPTIDX,NIFTY,16-Jul-2020,10800,CE,95,150.15,93,130.85,130.85,13175,107928.63,265275,99225,06-JUL-2020,
OPTIDX,NIFTY,16-Jul-2020,10850,CE,107.65,131.35,101.9,108.85,108.85,355,2918.75,14775,14775,06-JUL-2020,
OPTIDX,NIFTY,16-Jul-2020,10900,CE,66.35,102.75,52.1,88.75,88.75,14516,119548.48,245025,29550,06-JUL-2020,
OPTIDX,NIFTY,16-Jul-2020,10950,CE,53.65,82.55,50.1,70.15,70.15,804,6642.95,18300,18150,06-JUL-2020,
OPTIDX,NIFTY,16-Jul-2020,11000,CE,35,66.8,33.5,57.25,57.25,23935,198390.15,355650,160575,06-JUL-2020,
OPTIDX,NIFTY,16-Jul-2020,11050,CE,52,53.3,42,47.8,47.8,40,332.91,1650,1650,06-JUL-2020,
OPTIDX,NIFTY,16-Jul-2020,11100,CE,27.95,41.15,20.3,34.45,34.45,11304,94369.62,167700,100350,06-JUL-2020,
OPTIDX,NIFTY,16-Jul-2020,11150,CE,26.3,30,24.6,26.75,26.75,18,150.88,825,825,06-JUL-2020,
OPTIDX,NIFTY,16-Jul-2020,11200,CE,19.7,24.2,11.1,20.55,20.55,10709,90106.94,147450,108075,06-JUL-2020,
OPTIDX,NIFTY,16-Jul-2020,11250,CE,16,16,15,15,15,3,25.34,150,150,06-JUL-2020,
OPTIDX,NIFTY,16-Jul-2020,11300,CE,14.7,15,7,12.3,12.3,6518,55292.98,105150,85800,06-JUL-2020,
OPTIDX,NIFTY,16-Jul-2020,11350,CE,0,0,0,199.05,43.05,0,0,0,0,06-JUL-2020,
OPTIDX,NIFTY,16-Jul-2020,11400,CE,5.7,9.2,4.2,7.85,7.85,2564,21935.78,54600,51225,06-JUL-2020,
OPTIDX,NIFTY,16-Jul-2020,11450,CE,0,0,0,35,30.5,0,0,0,0,06-JUL-2020,
OPTIDX,NIFTY,16-Jul-2020,11500,CE,9.7,9.7,2.75,5.75,5.75,5978,51581.15,156900,110925,06-JUL-2020,
OPTIDX,NIFTY,16-Jul-2020,11550,CE,3.3,5.5,2.45,4.15,21.2,34,294.63,2250,1800,06-JUL-2020,
OPTIDX,NIFTY,16-Jul-2020,11600,CE,3.15,4.2,2.45,3.8,3.8,1425,12401.23,58275,56775,06-JUL-2020,
OPTIDX,NIFTY,16-Jul-2020,11650,CE,2.5,5,1.65,3.4,3.4,415,3627.08,14400,8100,06-JUL-2020,
OPTIDX,NIFTY,16-Jul-2020,11700,CE,2.1,3.9,1.65,2.95,2.95,234,2053.84,8250,7875,06-JUL-2020,
OPTIDX,NIFTY,16-Jul-2020,11750,CE,0,0,0,38.4,9.65,0,0,0,0,06-JUL-2020,
OPTIDX,NIFTY,16-Jul-2020,11800,CE,2.8,2.8,1.55,2.45,2.45,308,2726.36,22800,20925,06-JUL-2020,
OPTIDX,NIFTY,16-Jul-2020,11850,CE,0,0,0,44.3,6.3,0,0,0,0,06-JUL-2020,
OPTIDX,NIFTY,16-Jul-2020,11900,CE,0,0,0,40.2,5.05,0,0,0,0,06-JUL-2020,
OPTIDX,NIFTY,16-Jul-2020,11950,CE,0,0,0,36.45,4.05,0,0,0,0,06-JUL-2020,
OPTIDX,NIFTY,16-Jul-2020,12000,CE,0.25,2.95,0.25,1.65,1.65,48,432.06,3150,3150,06-JUL-2020,
OPTIDX,NIFTY,16-Jul-2020,12050,CE,1.4,1.5,1.4,1.45,1.45,300,2711.57,22500,22500,06-JUL-2020,
OPTIDX,NIFTY,16-Jul-2020,12100,CE,0,0,0,4.75,2,0,0,0,0,06-JUL-2020,
OPTIDX,NIFTY,16-Jul-2020,7300,PE,0,0,0,176.35,0.05,0,0,0,0,06-JUL-2020,
OPTIDX,NIFTY,16-Jul-2020,7350,PE,0,0,0,187.25,0.05,0,0,0,0,06-JUL-2020,
OPTIDX,NIFTY,16-Jul-2020,7400,PE,0,0,0,198.6,0.05,0,0,0,0,06-JUL-2020,
OPTIDX,NIFTY,16-Jul-2020,7450,PE,0,0,0,210.4,0.05,0,0,0,0,06-JUL-2020,
OPTIDX,NIFTY,16-Jul-2020,7500,PE,0,0,0,222.65,0.05,0,0,0,0,06-JUL-2020,
OPTIDX,NIFTY,16-Jul-2020,7550,PE,0,0,0,235.65,0.05,0,0,0,0,06-JUL-2020,
OPTIDX,NIFTY,16-Jul-2020,7600,PE,0,0,0,248.9,0.05,0,0,0,0,06-JUL-2020,
OPTIDX,NIFTY,16-Jul-2020,7650,PE,0,0,0,238.65,0.05,0,0,0,0,06-JUL-2020,
OPTIDX,NIFTY,16-Jul-2020,7700,PE,0,0,0,251.55,0.05,0,0,0,0,06-JUL-2020,
OPTIDX,NIFTY,16-Jul-2020,7750,PE,0,0,0,264.55,0.05,0,0,0,0,06-JUL-2020,
OPTIDX,NIFTY,16-Jul-2020,7800,PE,0,0,0,278,0.05,0,0,0,0,06-JUL-2020,
OPTIDX,NIFTY,16-Jul-2020,7850,PE,0,0,0,291.9,0.05,0,0,0,0,06-JUL-2020,
OPTIDX,NIFTY,16-Jul-2020,7900,PE,0,0,0,306.25,0.05,0,0,0,0,06-JUL-2020,
OPTIDX,NIFTY,16-Jul-2020,7950,PE,0,0,0,321.05,0.05,0,0,0,0,06-JUL-2020,
OPTIDX,NIFTY,16-Jul-2020,8000,PE,0,0,0,336.3,0.05,0,0,0,0,06-JUL-2020,
OPTIDX,NIFTY,16-Jul-2020,8050,PE,0,0,0,352.05,0.05,0,0,0,0,06-JUL-2020,
OPTIDX,NIFTY,16-Jul-2020,8100,PE,0,0,0,368.25,0.05,0,0,0,0,06-JUL-2020,
OPTIDX,NIFTY,16-Jul-2020,8150,PE,0,0,0,384.6,0.05,0,0,0,0,06-JUL-2020,
OPTIDX,NIFTY,16-Jul-2020,8200,PE,0,0,0,401.75,0.05,0,0,0,0,06-JUL-2020,
OPTIDX,NIFTY,16-Jul-2020,8250,PE,0,0,0,419.45,0.05,0,0,0,0,06-JUL-2020,
OPTIDX,NIFTY,16-Jul-2020,8300,PE,0,0,0,437.55,0.05,0,0,0,0,06-JUL-2020,
OPTIDX,NIFTY,16-Jul-2020,8350,PE,0,0,0,456.2,0.05,0,0,0,0,06-JUL-2020,
OPTIDX,NIFTY,16-Jul-2020,8400,PE,0,0,0,475.3,0.05,0,0,0,0,06-JUL-2020,
OPTIDX,NIFTY,16-Jul-2020,8450,PE,0,0,0,494.85,0.05,0,0,0,0,06-JUL-2020,
OPTIDX,NIFTY,16-Jul-2020,8500,PE,0,0,0,514.9,0.05,0,0,0,0,06-JUL-2020,
OPTIDX,NIFTY,16-Jul-2020,8550,PE,0,0,0,535.45,0.05,0,0,0,0,06-JUL-2020,
OPTIDX,NIFTY,16-Jul-2020,8600,PE,0,0,0,556.45,0.05,0,0,0,0,06-JUL-2020,
OPTIDX,NIFTY,16-Jul-2020,8650,PE,0,0,0,577.95,0.05,0,0,0,0,06-JUL-2020,
OPTIDX,NIFTY,16-Jul-2020,8700,PE,0,0,0,599.9,0.05,0,0,0,0,06-JUL-2020,
OPTIDX,NIFTY,16-Jul-2020,8750,PE,0,0,0,622.35,0.05,0,0,0,0,06-JUL-2020,
OPTIDX,NIFTY,16-Jul-2020,8800,PE,0,0,0,645.3,0.05,0,0,0,0,06-JUL-2020,
OPTIDX,NIFTY,16-Jul-2020,8850,PE,0,0,0,668.7,0.05,0,0,0,0,06-JUL-2020,
OPTIDX,NIFTY,16-Jul-2020,8900,PE,0,0,0,5.5,0.05,0,0,75,0,06-JUL-2020,
OPTIDX,NIFTY,16-Jul-2020,8950,PE,0,0,0,716.9,0.05,0,0,0,0,06-JUL-2020,
OPTIDX,NIFTY,16-Jul-2020,9000,PE,3,3.65,2.95,3.2,3.2,1234,8332.49,67800,27750,06-JUL-2020,
OPTIDX,NIFTY,16-Jul-2020,9050,PE,0,0,0,766.95,0.05,0,0,0,0,06-JUL-2020,
OPTIDX,NIFTY,16-Jul-2020,9100,PE,3.5,3.5,3.5,3.5,0.05,3,20.48,225,225,06-JUL-2020,
OPTIDX,NIFTY,16-Jul-2020,9150,PE,0,0,0,818.85,0.05,0,0,0,0,06-JUL-2020,
OPTIDX,NIFTY,16-Jul-2020,9200,PE,6.85,8,3.15,4.15,4.15,44,303.73,2625,2400,06-JUL-2020,
OPTIDX,NIFTY,16-Jul-2020,9250,PE,2.1,5.9,2.1,4.5,0.15,4,27.76,0,0,06-JUL-2020,
OPTIDX,NIFTY,16-Jul-2020,9300,PE,4.1,6.95,4.1,6.95,0.25,12,83.74,1125,300,06-JUL-2020,
OPTIDX,NIFTY,16-Jul-2020,9350,PE,0,0,0,5,0.35,0,0,0,0,06-JUL-2020,
OPTIDX,NIFTY,16-Jul-2020,9400,PE,8.85,8.85,4.4,5.5,5.5,25,176.37,1200,1200,06-JUL-2020,
OPTIDX,NIFTY,16-Jul-2020,9450,PE,8.95,15.15,3.2,5.3,0.7,7,49.64,75,75,06-JUL-2020,
OPTIDX,NIFTY,16-Jul-2020,9500,PE,7.1,7.4,5.55,6.15,6.15,2646,18865.47,68775,2550,06-JUL-2020,
OPTIDX,NIFTY,16-Jul-2020,9550,PE,5,14.5,4.3,5.75,5.75,15,107.52,150,150,06-JUL-2020,
OPTIDX,NIFTY,16-Jul-2020,9600,PE,5.65,8.85,3.35,7,7,526,3790.15,42150,13875,06-JUL-2020,
OPTIDX,NIFTY,16-Jul-2020,9650,PE,0,0,0,1105.25,2.45,0,0,0,0,06-JUL-2020,
OPTIDX,NIFTY,16-Jul-2020,9700,PE,5.65,14.8,5.65,8.6,8.6,1239,9022.39,53700,7500,06-JUL-2020,
OPTIDX,NIFTY,16-Jul-2020,9750,PE,0,0,0,1167.6,4.4,0,0,0,0,06-JUL-2020,
OPTIDX,NIFTY,16-Jul-2020,9800,PE,15.05,15.35,9.7,10.25,10.25,2920,21486.94,185250,93075,06-JUL-2020,
OPTIDX,NIFTY,16-Jul-2020,9850,PE,0,0,0,1231.6,7.45,0,0,0,0,06-JUL-2020,
OPTIDX,NIFTY,16-Jul-2020,9900,PE,19.8,19.8,11.75,12.6,12.6,4868,36195.88,180525,106725,06-JUL-2020,
OPTIDX,NIFTY,16-Jul-2020,9950,PE,0,0,0,1297.2,12.25,0,0,0,0,06-JUL-2020,
OPTIDX,NIFTY,16-Jul-2020,10000,PE,26.35,34,15,16.05,16.05,10512,78984.57,326775,173850,06-JUL-2020,
OPTIDX,NIFTY,16-Jul-2020,10050,PE,0,0,0,1364.3,19.4,0,0,0,0,06-JUL-2020,
OPTIDX,NIFTY,16-Jul-2020,10100,PE,27.25,32.25,19.9,20.8,20.8,7150,54295.71,104475,19575,06-JUL-2020,
OPTIDX,NIFTY,16-Jul-2020,10150,PE,28.1,28.1,22.1,23.05,23.05,18,137.39,975,975,06-JUL-2020,
OPTIDX,NIFTY,16-Jul-2020,10200,PE,42.8,52.85,25.85,27.3,27.3,10542,80902.32,122625,41100,06-JUL-2020,
OPTIDX,NIFTY,16-Jul-2020,10250,PE,48.6,48.6,30.55,31.95,31.95,597,4605.7,8850,7350,06-JUL-2020,
OPTIDX,NIFTY,16-Jul-2020,10300,PE,61.3,61.3,35.8,37.45,37.45,13830,107288.16,174825,63075,06-JUL-2020,
OPTIDX,NIFTY,16-Jul-2020,10350,PE,57,57.65,42.7,43.7,43.7,283,2207.39,2475,2475,06-JUL-2020,
OPTIDX,NIFTY,16-Jul-2020,10400,PE,79.8,79.85,49.35,51,51,13722,107634.89,249600,167475,06-JUL-2020,
OPTIDX,NIFTY,16-Jul-2020,10450,PE,83.7,87,58,60.2,60.2,543,4282.84,11100,8100,06-JUL-2020,
OPTIDX,NIFTY,16-Jul-2020,10500,PE,100.65,105.9,68.8,71.35,71.35,16195,128511.96,267900,206550,06-JUL-2020,
OPTIDX,NIFTY,16-Jul-2020,10550,PE,115,120.1,81.3,84.55,84.55,916,7310.84,11400,6750,06-JUL-2020,
OPTIDX,NIFTY,16-Jul-2020,10600,PE,171.8,171.85,91.1,97.6,97.6,10512,84422.97,200025,164550,06-JUL-2020,
OPTIDX,NIFTY,16-Jul-2020,10650,PE,156,156,109.85,114.3,114.3,532,4298.44,12300,11475,06-JUL-2020,
OPTIDX,NIFTY,16-Jul-2020,10700,PE,180,184.2,125.4,133.15,133.15,11027,89693.27,145050,138075,06-JUL-2020,
OPTIDX,NIFTY,16-Jul-2020,10750,PE,192,192,144,153,153,459,3755.9,16725,16725,06-JUL-2020,
OPTIDX,NIFTY,16-Jul-2020,10800,PE,238.95,238.95,166.3,178.75,178.75,4731,38987.77,73275,64425,06-JUL-2020,
OPTIDX,NIFTY,16-Jul-2020,10850,PE,0,0,0,1548.05,254.7,0,0,0,0,06-JUL-2020,
OPTIDX,NIFTY,16-Jul-2020,10900,PE,290.35,290.4,220.05,234,234,527,4404.25,20175,14025,06-JUL-2020,
OPTIDX,NIFTY,16-Jul-2020,10950,PE,0,0,0,1626.6,314.6,0,0,0,0,06-JUL-2020,
OPTIDX,NIFTY,16-Jul-2020,11000,PE,372,372,284.1,302.45,302.45,397,3369.25,10650,3975,06-JUL-2020,
OPTIDX,NIFTY,16-Jul-2020,11050,PE,0,0,0,1617.75,381.35,0,0,0,0,06-JUL-2020,
OPTIDX,NIFTY,16-Jul-2020,11100,PE,360,400,360,389,389,4,34.45,150,150,06-JUL-2020,
OPTIDX,NIFTY,16-Jul-2020,11150,PE,0,0,0,1494.95,454.3,0,0,0,0,06-JUL-2020,
OPTIDX,NIFTY,16-Jul-2020,11200,PE,458.05,458.05,458.05,458.05,492.95,1,8.74,75,75,06-JUL-2020,
OPTIDX,NIFTY,16-Jul-2020,11250,PE,0,0,0,1573.9,532.85,0,0,0,0,06-JUL-2020,
OPTIDX,NIFTY,16-Jul-2020,11300,PE,569.85,569.85,535.25,562.35,562.35,10,88.94,600,600,06-JUL-2020,
OPTIDX,NIFTY,16-Jul-2020,11350,PE,0,0,0,1654.7,616.2,0,0,0,0,06-JUL-2020,
OPTIDX,NIFTY,16-Jul-2020,11400,PE,0,0,0,1472.6,659.4,0,0,0,0,06-JUL-2020,
OPTIDX,NIFTY,16-Jul-2020,11450,PE,0,0,0,1515.2,703.55,0,0,0,0,06-JUL-2020,
OPTIDX,NIFTY,16-Jul-2020,11500,PE,0,0,0,1558.15,748.45,0,0,0,0,06-JUL-2020,
OPTIDX,NIFTY,16-Jul-2020,11550,PE,0,0,0,1529.9,794.1,0,0,0,0,06-JUL-2020,
OPTIDX,NIFTY,16-Jul-2020,11600,PE,0,0,0,1494.6,840.4,0,0,0,0,06-JUL-2020,
OPTIDX,NIFTY,16-Jul-2020,11650,PE,0,0,0,1538.05,887.2,0,0,0,0,06-JUL-2020,
OPTIDX,NIFTY,16-Jul-2020,11700,PE,0,0,0,1463.3,934.55,0,0,0,0,06-JUL-2020,
OPTIDX,NIFTY,16-Jul-2020,11750,PE,0,0,0,1509.3,982.3,0,0,0,0,06-JUL-2020,
OPTIDX,NIFTY,16-Jul-2020,11800,PE,0,0,0,1492.6,1030.45,0,0,0,0,06-JUL-2020,
OPTIDX,NIFTY,16-Jul-2020,11850,PE,0,0,0,1391.15,1078.85,0,0,0,0,06-JUL-2020,
OPTIDX,NIFTY,16-Jul-2020,11900,PE,0,0,0,1436.95,1127.55,0,0,0,0,06-JUL-2020,
OPTIDX,NIFTY,16-Jul-2020,11950,PE,0,0,0,1483.05,1176.5,0,0,0,0,06-JUL-2020,
OPTIDX,NIFTY,16-Jul-2020,12000,PE,0,0,0,1439.9,1225.6,0,0,0,0,06-JUL-2020,
OPTIDX,NIFTY,16-Jul-2020,12050,PE,0,0,0,1488.25,1274.9,0,0,0,0,06-JUL-2020,
OPTIDX,NIFTY,16-Jul-2020,12100,PE,0,0,0,1481.8,1324.3,0,0,0,0,06-JUL-2020,
OPTIDX,NIFTY,23-Jul-2020,7550,CE,0,0,0,1719.4,3228.6,0,0,0,0,06-JUL-2020,
OPTIDX,NIFTY,23-Jul-2020,7600,CE,0,0,0,1771.35,3178.7,0,0,0,0,06-JUL-2020,
OPTIDX,NIFTY,23-Jul-2020,7650,CE,0,0,0,1733.25,3128.8,0,0,0,0,06-JUL-2020,
OPTIDX,NIFTY,23-Jul-2020,7700,CE,0,0,0,1695.6,3078.9,0,0,0,0,06-JUL-2020,
OPTIDX,NIFTY,23-Jul-2020,7750,CE,0,0,0,1658.75,3029,0,0,0,0,06-JUL-2020,
OPTIDX,NIFTY,23-Jul-2020,7800,CE,0,0,0,1622,2979.05,0,0,0,0,06-JUL-2020,
OPTIDX,NIFTY,23-Jul-2020,7850,CE,0,0,0,1585.75,2929.15,0,0,0,0,06-JUL-2020,
OPTIDX,NIFTY,23-Jul-2020,7900,CE,0,0,0,1549.95,2879.25,0,0,0,0,06-JUL-2020,
OPTIDX,NIFTY,23-Jul-2020,7950,CE,0,0,0,1514.6,2829.35,0,0,0,0,06-JUL-2020,
OPTIDX,NIFTY,23-Jul-2020,8000,CE,0,0,0,1479.75,2779.45,0,0,0,0,06-JUL-2020,
OPTIDX,NIFTY,23-Jul-2020,8050,CE,0,0,0,1445.45,2729.55,0,0,0,0,06-JUL-2020,
OPTIDX,NIFTY,23-Jul-2020,8100,CE,0,0,0,1411.6,2679.65,0,0,0,0,06-JUL-2020,
OPTIDX,NIFTY,23-Jul-2020,8150,CE,0,0,0,1377.85,2629.75,0,0,0,0,06-JUL-2020,
OPTIDX,NIFTY,23-Jul-2020,8200,CE,0,0,0,1345.05,2579.85,0,0,0,0,06-JUL-2020,
OPTIDX,NIFTY,23-Jul-2020,8250,CE,0,0,0,1312.75,2529.95,0,0,0,0,06-JUL-2020,
OPTIDX,NIFTY,23-Jul-2020,8300,CE,0,0,0,1280.95,2480.05,0,0,0,0,06-JUL-2020,
OPTIDX,NIFTY,23-Jul-2020,8350,CE,0,0,0,1249.65,2430.15,0,0,0,0,06-JUL-2020,
OPTIDX,NIFTY,23-Jul-2020,8400,CE,0,0,0,1218.85,2380.25,0,0,0,0,06-JUL-2020,
OPTIDX,NIFTY,23-Jul-2020,8450,CE,0,0,0,1188.55,2330.35,0,0,0,0,06-JUL-2020,
OPTIDX,NIFTY,23-Jul-2020,8500,CE,0,0,0,1158.8,2280.5,0,0,0,0,06-JUL-2020,
OPTIDX,NIFTY,23-Jul-2020,8550,CE,0,0,0,1129.55,2230.6,0,0,0,0,06-JUL-2020,
OPTIDX,NIFTY,23-Jul-2020,8600,CE,0,0,0,1100.8,2180.7,0,0,0,0,06-JUL-2020,
OPTIDX,NIFTY,23-Jul-2020,8650,CE,0,0,0,1072.55,2130.8,0,0,0,0,06-JUL-2020,
OPTIDX,NIFTY,23-Jul-2020,8700,CE,0,0,0,1044.8,2080.95,0,0,0,0,06-JUL-2020,
OPTIDX,NIFTY,23-Jul-2020,8750,CE,0,0,0,1017.6,2031.05,0,0,0,0,06-JUL-2020,
OPTIDX,NIFTY,23-Jul-2020,8800,CE,0,0,0,990.9,1981.2,0,0,0,0,06-JUL-2020,
OPTIDX,NIFTY,23-Jul-2020,8850,CE,0,0,0,964.7,1931.35,0,0,0,0,06-JUL-2020,
OPTIDX,NIFTY,23-Jul-2020,8900,CE,0,0,0,939,1881.55,0,0,0,0,06-JUL-2020,
OPTIDX,NIFTY,23-Jul-2020,8950,CE,0,0,0,913.8,1831.75,0,0,0,0,06-JUL-2020,
OPTIDX,NIFTY,23-Jul-2020,9000,CE,0,0,0,889.1,1782,0,0,0,0,06-JUL-2020,
OPTIDX,NIFTY,23-Jul-2020,9050,CE,0,0,0,864.9,1732.25,0,0,0,0,06-JUL-2020,
OPTIDX,NIFTY,23-Jul-2020,9100,CE,0,0,0,841.2,1682.6,0,0,0,0,06-JUL-2020,
OPTIDX,NIFTY,23-Jul-2020,9150,CE,0,0,0,817.95,1632.95,0,0,0,0,06-JUL-2020,
OPTIDX,NIFTY,23-Jul-2020,9200,CE,0,0,0,795.25,1583.45,0,0,0,0,06-JUL-2020,
OPTIDX,NIFTY,23-Jul-2020,9250,CE,0,0,0,773,1534,0,0,0,0,06-JUL-2020,
OPTIDX,NIFTY,23-Jul-2020,9300,CE,0,0,0,751.25,1484.65,0,0,0,0,06-JUL-2020,
OPTIDX,NIFTY,23-Jul-2020,9350,CE,0,0,0,729.95,1435.45,0,0,0,0,06-JUL-2020,
OPTIDX,NIFTY,23-Jul-2020,9400,CE,0,0,0,709.15,1386.45,0,0,0,0,06-JUL-2020,
OPTIDX,NIFTY,23-Jul-2020,9450,CE,0,0,0,688.8,1337.6,0,0,0,0,06-JUL-2020,
OPTIDX,NIFTY,23-Jul-2020,9500,CE,0,0,0,686.2,1288.95,0,0,0,0,06-JUL-2020,
OPTIDX,NIFTY,23-Jul-2020,9550,CE,0,0,0,649.45,1240.6,0,0,0,0,06-JUL-2020,
OPTIDX,NIFTY,23-Jul-2020,9600,CE,0,0,0,630.45,1192.55,0,0,0,0,06-JUL-2020,
OPTIDX,NIFTY,23-Jul-2020,9650,CE,0,0,0,611.95,1144.8,0,0,0,0,06-JUL-2020,
OPTIDX,NIFTY,23-Jul-2020,9700,CE,0,0,0,593.85,1097.5,0,0,0,0,06-JUL-2020,
OPTIDX,NIFTY,23-Jul-2020,9750,CE,0,0,0,576.15,1050.6,0,0,0,0,06-JUL-2020,
OPTIDX,NIFTY,23-Jul-2020,9800,CE,0,0,0,558.9,1004.2,0,0,0,0,06-JUL-2020,
OPTIDX,NIFTY,23-Jul-2020,9850,CE,899.95,900.85,899.95,900.85,958.4,2,16.12,150,0,06-JUL-2020,
OPTIDX,NIFTY,23-Jul-2020,9900,CE,900,900,900,900,913.2,1,8.1,75,0,06-JUL-2020,
OPTIDX,NIFTY,23-Jul-2020,9950,CE,0,0,0,509.7,868.65,0,0,0,0,06-JUL-2020,
OPTIDX,NIFTY,23-Jul-2020,10000,CE,741,741,741,741,824.85,1,8.05,150,0,06-JUL-2020,
OPTIDX,NIFTY,23-Jul-2020,10050,CE,0,0,0,478.9,781.9,0,0,0,0,06-JUL-2020,
OPTIDX,NIFTY,23-Jul-2020,10100,CE,0,0,0,464.1,739.8,0,0,0,0,06-JUL-2020,
OPTIDX,NIFTY,23-Jul-2020,10150,CE,0,0,0,449.65,698.65,0,0,0,0,06-JUL-2020,
OPTIDX,NIFTY,23-Jul-2020,10200,CE,500,560,500,560,658.5,2,16.09,150,0,06-JUL-2020,
OPTIDX,NIFTY,23-Jul-2020,10250,CE,0,0,0,421.95,619.4,0,0,0,0,06-JUL-2020,
OPTIDX,NIFTY,23-Jul-2020,10300,CE,565.65,565.65,565.65,565.65,565.65,1,8.14,150,75,06-JUL-2020,
OPTIDX,NIFTY,23-Jul-2020,10350,CE,0,0,0,395.65,544.65,0,0,0,0,06-JUL-2020,
OPTIDX,NIFTY,23-Jul-2020,10400,CE,0,0,0,383.5,509.1,0,0,0,0,06-JUL-2020,
OPTIDX,NIFTY,23-Jul-2020,10450,CE,0,0,0,371.25,474.8,0,0,0,0,06-JUL-2020,
OPTIDX,NIFTY,23-Jul-2020,10500,CE,335.15,360,323.1,323.1,441.85,5,40.64,450,0,06-JUL-2020,
OPTIDX,NIFTY,23-Jul-2020,10550,CE,0,0,0,347.8,410.25,0,0,0,0,06-JUL-2020,
OPTIDX,NIFTY,23-Jul-2020,10600,CE,254.95,311.95,254.95,299.55,299.55,181,1479.03,12075,11475,06-JUL-2020,
OPTIDX,NIFTY,23-Jul-2020,10650,CE,230,230,230,230,351.2,1,8.16,75,75,06-JUL-2020,
OPTIDX,NIFTY,23-Jul-2020,10700,CE,194.15,246.3,194.15,231.55,231.55,75,614.92,2700,2700,06-JUL-2020,
OPTIDX,NIFTY,23-Jul-2020,10750,CE,0,0,0,270.7,297.8,0,0,0,0,06-JUL-2020,
OPTIDX,NIFTY,23-Jul-2020,10800,CE,156.4,190.95,134.1,176.8,176.8,139,1143.49,4125,2700,06-JUL-2020,
OPTIDX,NIFTY,23-Jul-2020,10850,CE,206.75,206.75,143.9,172.35,172.35,5,41.29,150,150,06-JUL-2020,
OPTIDX,NIFTY,23-Jul-2020,10900,CE,133.6,133.6,133.6,133.6,133.6,1,8.27,75,75,06-JUL-2020,
OPTIDX,NIFTY,23-Jul-2020,10950,CE,0,0,0,279.55,207.85,0,0,0,0,06-JUL-2020,
OPTIDX,NIFTY,23-Jul-2020,11000,CE,71.2,101.8,63.3,92.4,92.4,747,6212.82,31425,10425,06-JUL-2020,
OPTIDX,NIFTY,23-Jul-2020,11050,CE,0,0,0,256.95,171,0,0,0,0,06-JUL-2020,
OPTIDX,NIFTY,23-Jul-2020,11100,CE,0,0,0,246.65,154.5,0,0,0,0,06-JUL-2020,
OPTIDX,NIFTY,23-Jul-2020,11150,CE,0,0,0,280.85,139.25,0,0,0,0,06-JUL-2020,
OPTIDX,NIFTY,23-Jul-2020,11200,CE,25.25,55,25.25,41.4,41.4,412,3473.39,12750,12750,06-JUL-2020,
OPTIDX,NIFTY,23-Jul-2020,11250,CE,0,0,0,259.4,112.2,0,0,0,0,06-JUL-2020,
OPTIDX,NIFTY,23-Jul-2020,11300,CE,18,30.8,1.4,27.3,27.3,214,1817.23,4725,3675,06-JUL-2020,
OPTIDX,NIFTY,23-Jul-2020,11350,CE,0,0,0,238.95,89.5,0,0,0,0,06-JUL-2020,
OPTIDX,NIFTY,23-Jul-2020,11400,CE,13.9,18,13.9,18,79.6,12,102.74,750,750,06-JUL-2020,
OPTIDX,NIFTY,23-Jul-2020,11450,CE,0,0,0,139.15,70.6,0,0,0,0,06-JUL-2020,
OPTIDX,NIFTY,23-Jul-2020,11500,CE,12.25,15,11,12.95,12.95,10,86.34,450,450,06-JUL-2020,
OPTIDX,NIFTY,23-Jul-2020,11550,CE,0,0,0,135.15,55.15,0,0,0,0,06-JUL-2020,
OPTIDX,NIFTY,23-Jul-2020,11600,CE,0,0,0,124.7,48.5,0,0,0,0,06-JUL-2020,
OPTIDX,NIFTY,23-Jul-2020,11650,CE,0,0,0,117.5,42.6,0,0,0,0,06-JUL-2020,
OPTIDX,NIFTY,23-Jul-2020,11700,CE,7.5,8.95,6,6.55,37.3,11,96.58,1500,300,06-JUL-2020,
OPTIDX,NIFTY,23-Jul-2020,11750,CE,0,0,0,62.95,32.55,0,0,0,0,06-JUL-2020,
OPTIDX,NIFTY,23-Jul-2020,11800,CE,0,0,0,25,28.35,0,0,0,0,06-JUL-2020,
OPTIDX,NIFTY,23-Jul-2020,11850,CE,7,7,7,7,24.6,4,35.57,300,300,06-JUL-2020,
OPTIDX,NIFTY,23-Jul-2020,11900,CE,0,0,0,66.8,21.35,0,0,0,0,06-JUL-2020,
OPTIDX,NIFTY,23-Jul-2020,11950,CE,0,0,0,61.65,18.45,0,0,0,0,06-JUL-2020,
OPTIDX,NIFTY,23-Jul-2020,12000,CE,0,0,0,31.25,15.9,0,0,0,0,06-JUL-2020,
OPTIDX,NIFTY,23-Jul-2020,12050,CE,0,0,0,28.05,13.65,0,0,0,0,06-JUL-2020,
OPTIDX,NIFTY,23-Jul-2020,12100,CE,0,0,0,20,11.7,0,0,0,0,06-JUL-2020,
OPTIDX,NIFTY,23-Jul-2020,7550,PE,0,0,0,168.85,0.05,0,0,0,0,06-JUL-2020,
OPTIDX,NIFTY,23-Jul-2020,7600,PE,0,0,0,197.55,0.05,0,0,0,0,06-JUL-2020,
OPTIDX,NIFTY,23-Jul-2020,7650,PE,0,0,0,209.05,0.05,0,0,0,0,06-JUL-2020,
OPTIDX,NIFTY,23-Jul-2020,7700,PE,0,0,0,220.95,0.05,0,0,0,0,06-JUL-2020,
OPTIDX,NIFTY,23-Jul-2020,7750,PE,0,0,0,233.65,0.05,0,0,0,0,06-JUL-2020,
OPTIDX,NIFTY,23-Jul-2020,7800,PE,0,0,0,246.45,0.05,0,0,0,0,06-JUL-2020,
OPTIDX,NIFTY,23-Jul-2020,7850,PE,0,0,0,259.75,0.05,0,0,0,0,06-JUL-2020,
OPTIDX,NIFTY,23-Jul-2020,7900,PE,0,0,0,273.5,0.05,0,0,0,0,06-JUL-2020,
OPTIDX,NIFTY,23-Jul-2020,7950,PE,0,0,0,287.75,0.05,0,0,0,0,06-JUL-2020,
OPTIDX,NIFTY,23-Jul-2020,8000,PE,0,0,0,302.45,0.05,0,0,0,0,06-JUL-2020,
OPTIDX,NIFTY,23-Jul-2020,8050,PE,0,0,0,317.65,0.05,0,0,0,0,06-JUL-2020,
OPTIDX,NIFTY,23-Jul-2020,8100,PE,0,0,0,333.35,0.05,0,0,0,0,06-JUL-2020,
OPTIDX,NIFTY,23-Jul-2020,8150,PE,0,0,0,349.2,0.05,0,0,0,0,06-JUL-2020,
OPTIDX,NIFTY,23-Jul-2020,8200,PE,0,0,0,365.95,0.05,0,0,0,0,06-JUL-2020,
OPTIDX,NIFTY,23-Jul-2020,8250,PE,0,0,0,383.2,0.05,0,0,0,0,06-JUL-2020,
OPTIDX,NIFTY,23-Jul-2020,8300,PE,0,0,0,400.95,0.05,0,0,0,0,06-JUL-2020,
OPTIDX,NIFTY,23-Jul-2020,8350,PE,0,0,0,419.2,0.05,0,0,0,0,06-JUL-2020,
OPTIDX,NIFTY,23-Jul-2020,8400,PE,0,0,0,437.95,0.05,0,0,0,0,06-JUL-2020,
OPTIDX,NIFTY,23-Jul-2020,8450,PE,0,0,0,457.25,0.05,0,0,0,0,06-JUL-2020,
OPTIDX,NIFTY,23-Jul-2020,8500,PE,0,0,0,0.35,0.05,0,0,75,0,06-JUL-2020,
OPTIDX,NIFTY,23-Jul-2020,8550,PE,0,0,0,497.3,0.05,0,0,0,0,06-JUL-2020,
OPTIDX,NIFTY,23-Jul-2020,8600,PE,0,0,0,518.15,0.05,0,0,0,0,06-JUL-2020,
OPTIDX,NIFTY,23-Jul-2020,8650,PE,0,0,0,539.45,0.05,0,0,0,0,06-JUL-2020,
OPTIDX,NIFTY,23-Jul-2020,8700,PE,0,0,0,561.3,0.1,0,0,0,0,06-JUL-2020,
OPTIDX,NIFTY,23-Jul-2020,8750,PE,0,0,0,583.6,0.1,0,0,0,0,06-JUL-2020,
OPTIDX,NIFTY,23-Jul-2020,8800,PE,0,0,0,606.45,0.15,0,0,0,0,06-JUL-2020,
OPTIDX,NIFTY,23-Jul-2020,8850,PE,0,0,0,629.8,0.2,0,0,0,0,06-JUL-2020,
OPTIDX,NIFTY,23-Jul-2020,8900,PE,0.8,12.5,0.8,9.5,0.3,9,60.11,75,75,06-JUL-2020,
OPTIDX,NIFTY,23-Jul-2020,8950,PE,0,0,0,678.05,0.4,0,0,0,0,06-JUL-2020,
OPTIDX,NIFTY,23-Jul-2020,9000,PE,0,0,0,18,0.55,0,0,75,0,06-JUL-2020,
OPTIDX,NIFTY,23-Jul-2020,9050,PE,0,0,0,35,0.7,0,0,0,0,06-JUL-2020,
OPTIDX,NIFTY,23-Jul-2020,9100,PE,0,0,0,40,0.95,0,0,0,0,06-JUL-2020,
OPTIDX,NIFTY,23-Jul-2020,9150,PE,0,0,0,35,1.25,0,0,0,0,06-JUL-2020,
OPTIDX,NIFTY,23-Jul-2020,9200,PE,0,0,0,25,1.6,0,0,0,0,06-JUL-2020,
OPTIDX,NIFTY,23-Jul-2020,9250,PE,0,0,0,40,2.05,0,0,0,0,06-JUL-2020,
OPTIDX,NIFTY,23-Jul-2020,9300,PE,0,0,0,40,2.6,0,0,0,0,06-JUL-2020,
OPTIDX,NIFTY,23-Jul-2020,9350,PE,0,0,0,40,3.35,0,0,0,0,06-JUL-2020,
OPTIDX,NIFTY,23-Jul-2020,9400,PE,6,25,6,25,4.2,8,56.49,0,0,06-JUL-2020,
OPTIDX,NIFTY,23-Jul-2020,9450,PE,0,0,0,45,5.25,0,0,0,0,06-JUL-2020,
OPTIDX,NIFTY,23-Jul-2020,9500,PE,17,19.85,13.6,13.9,13.9,181,1291.6,7950,6375,06-JUL-2020,
OPTIDX,NIFTY,23-Jul-2020,9550,PE,0,0,0,106,8.05,0,0,75,0,06-JUL-2020,
OPTIDX,NIFTY,23-Jul-2020,9600,PE,0,0,0,100.3,9.9,0,0,75,0,06-JUL-2020,
OPTIDX,NIFTY,23-Jul-2020,9650,PE,0,0,0,1069.95,12.1,0,0,0,0,06-JUL-2020,
OPTIDX,NIFTY,23-Jul-2020,9700,PE,35.85,35.85,18.4,19.95,19.95,9,65.63,450,300,06-JUL-2020,
OPTIDX,NIFTY,23-Jul-2020,9750,PE,0,0,0,1133.3,17.7,0,0,0,0,06-JUL-2020,
OPTIDX,NIFTY,23-Jul-2020,9800,PE,35.6,40.9,23.75,24.25,24.25,46,339.08,2250,600,06-JUL-2020,
OPTIDX,NIFTY,23-Jul-2020,9850,PE,0,0,0,1198.35,25.25,0,0,0,0,06-JUL-2020,
OPTIDX,NIFTY,23-Jul-2020,9900,PE,49.2,59.75,26.65,31,29.95,101,752.58,1425,1125,06-JUL-2020,
OPTIDX,NIFTY,23-Jul-2020,9950,PE,68.5,68.5,68.5,68.5,35.35,5,37.56,375,375,06-JUL-2020,
OPTIDX,NIFTY,23-Jul-2020,10000,PE,54,55,35,37.05,37.05,541,4073.95,25500,14100,06-JUL-2020,
OPTIDX,NIFTY,23-Jul-2020,10050,PE,0,0,0,1333.35,48.35,0,0,0,0,06-JUL-2020,
OPTIDX,NIFTY,23-Jul-2020,10100,PE,70.2,70.2,42.9,42.9,42.9,17,129.41,1125,825,06-JUL-2020,
OPTIDX,NIFTY,23-Jul-2020,10150,PE,0,0,0,1403.25,64.9,0,0,0,0,06-JUL-2020,
OPTIDX,NIFTY,23-Jul-2020,10200,PE,71.7,91.3,55.6,58.7,58.7,376,2894.51,9375,6525,06-JUL-2020,
OPTIDX,NIFTY,23-Jul-2020,10250,PE,0,0,0,274.8,85.45,0,0,300,0,06-JUL-2020,
OPTIDX,NIFTY,23-Jul-2020,10300,PE,92,94.45,49.15,73.5,73.5,31,241.29,1650,75,06-JUL-2020,
OPTIDX,NIFTY,23-Jul-2020,10350,PE,0,0,0,1547.45,110.55,0,0,0,0,06-JUL-2020,
OPTIDX,NIFTY,23-Jul-2020,10400,PE,129.95,129.95,88.5,93.3,93.3,102,803.18,2700,2475,06-JUL-2020,
OPTIDX,NIFTY,23-Jul-2020,10450,PE,0,0,0,1622.2,140.5,0,0,0,0,06-JUL-2020,
OPTIDX,NIFTY,23-Jul-2020,10500,PE,152.85,152.85,112.1,118.05,118.05,302,2406.76,8850,5475,06-JUL-2020,
OPTIDX,NIFTY,23-Jul-2020,10550,PE,0,0,0,1697.85,175.75,0,0,0,0,06-JUL-2020,
OPTIDX,NIFTY,23-Jul-2020,10600,PE,185,185,140,148.7,148.7,153,1233.61,7125,6450,06-JUL-2020,
OPTIDX,NIFTY,23-Jul-2020,10650,PE,0,0,0,1545.85,216.5,0,0,0,0,06-JUL-2020,
OPTIDX,NIFTY,23-Jul-2020,10700,PE,235.1,235.1,163,187.5,187.5,294,2403.2,10425,10425,06-JUL-2020,
OPTIDX,NIFTY,23-Jul-2020,10750,PE,211,211,211,211,262.85,1,8.22,75,75,06-JUL-2020,
OPTIDX,NIFTY,23-Jul-2020,10800,PE,250,250.95,220,232,232,29,239.97,1650,1650,06-JUL-2020,
OPTIDX,NIFTY,23-Jul-2020,10850,PE,0,0,0,1579.85,314.9,0,0,0,0,06-JUL-2020,
OPTIDX,NIFTY,23-Jul-2020,10900,PE,0,0,0,1618.5,343.05,0,0,0,0,06-JUL-2020,
OPTIDX,NIFTY,23-Jul-2020,10950,PE,0,0,0,1657.45,372.5,0,0,0,0,06-JUL-2020,
OPTIDX,NIFTY,23-Jul-2020,11000,PE,0,0,0,1696.75,403.35,0,0,0,0,06-JUL-2020,
OPTIDX,NIFTY,23-Jul-2020,11050,PE,0,0,0,1648.5,435.5,0,0,0,0,06-JUL-2020,
OPTIDX,NIFTY,23-Jul-2020,11100,PE,0,0,0,1687.8,468.9,0,0,0,0,06-JUL-2020,
OPTIDX,NIFTY,23-Jul-2020,11150,PE,0,0,0,1527.3,503.55,0,0,0,0,06-JUL-2020,
OPTIDX,NIFTY,23-Jul-2020,11200,PE,0,0,0,1566.05,539.4,0,0,0,0,06-JUL-2020,
OPTIDX,NIFTY,23-Jul-2020,11250,PE,0,0,0,1605.15,576.35,0,0,0,0,06-JUL-2020,
OPTIDX,NIFTY,23-Jul-2020,11300,PE,0,0,0,1644.65,614.35,0,0,0,0,06-JUL-2020,
OPTIDX,NIFTY,23-Jul-2020,11350,PE,0,0,0,1684,653.4,0,0,0,0,06-JUL-2020,
OPTIDX,NIFTY,23-Jul-2020,11400,PE,0,0,0,1490.6,693.4,0,0,0,0,06-JUL-2020,
OPTIDX,NIFTY,23-Jul-2020,11450,PE,0,0,0,1532.25,734.3,0,0,0,0,06-JUL-2020,
OPTIDX,NIFTY,23-Jul-2020,11500,PE,0,0,0,1574.3,776.1,0,0,0,0,06-JUL-2020,
OPTIDX,NIFTY,23-Jul-2020,11550,PE,0,0,0,1546.95,818.65,0,0,0,0,06-JUL-2020,
OPTIDX,NIFTY,23-Jul-2020,11600,PE,0,0,0,1512.15,861.95,0,0,0,0,06-JUL-2020,
OPTIDX,NIFTY,23-Jul-2020,11650,PE,0,0,0,1554.65,905.9,0,0,0,0,06-JUL-2020,
OPTIDX,NIFTY,23-Jul-2020,11700,PE,0,0,0,1475.2,950.5,0,0,0,0,06-JUL-2020,
OPTIDX,NIFTY,23-Jul-2020,11750,PE,0,0,0,1519.85,995.65,0,0,0,0,06-JUL-2020,
OPTIDX,NIFTY,23-Jul-2020,11800,PE,0,0,0,1503.55,1041.35,0,0,0,0,06-JUL-2020,
OPTIDX,NIFTY,23-Jul-2020,11850,PE,0,0,0,1409.4,1087.55,0,0,0,0,06-JUL-2020,
OPTIDX,NIFTY,23-Jul-2020,11900,PE,0,0,0,1453.7,1134.15,0,0,0,0,06-JUL-2020,
OPTIDX,NIFTY,23-Jul-2020,11950,PE,0,0,0,1498.4,1181.15,0,0,0,0,06-JUL-2020,
OPTIDX,NIFTY,23-Jul-2020,12000,PE,0,0,0,1449.9,1228.5,0,0,0,0,06-JUL-2020,
OPTIDX,NIFTY,23-Jul-2020,12050,PE,0,0,0,1496.6,1276.15,0,0,0,0,06-JUL-2020,
OPTIDX,NIFTY,23-Jul-2020,12100,PE,0,0,0,1487.1,1324.15,0,0,0,0,06-JUL-2020,
OPTIDX,NIFTY,30-Jul-2020,7300,CE,3776,3776,3340,3430,3484,5,40.38,9975,-75,06-JUL-2020,
OPTIDX,NIFTY,30-Jul-2020,7350,CE,0,0,0,1788.8,3434.15,0,0,0,0,06-JUL-2020,
OPTIDX,NIFTY,30-Jul-2020,7400,CE,0,0,0,1752.3,3384.3,0,0,0,0,06-JUL-2020,
OPTIDX,NIFTY,30-Jul-2020,7450,CE,0,0,0,1715.95,3334.45,0,0,0,0,06-JUL-2020,
OPTIDX,NIFTY,30-Jul-2020,7500,CE,3173.55,3264,3173.55,3231,3231,146,1175.45,354900,8700,06-JUL-2020,
OPTIDX,NIFTY,30-Jul-2020,7550,CE,0,0,0,1644.6,3234.7,0,0,0,0,06-JUL-2020,
OPTIDX,NIFTY,30-Jul-2020,7600,CE,0,0,0,1609.6,3184.85,0,0,0,0,06-JUL-2020,
OPTIDX,NIFTY,30-Jul-2020,7650,CE,0,0,0,1872.85,3135,0,0,0,0,06-JUL-2020,
OPTIDX,NIFTY,30-Jul-2020,7700,CE,0,0,0,2558.75,3085.15,0,0,150,0,06-JUL-2020,
OPTIDX,NIFTY,30-Jul-2020,7750,CE,0,0,0,2062.65,3035.3,0,0,0,0,06-JUL-2020,
OPTIDX,NIFTY,30-Jul-2020,7800,CE,0,0,0,2052,2985.4,0,0,0,0,06-JUL-2020,
OPTIDX,NIFTY,30-Jul-2020,7850,CE,0,0,0,2019.25,2935.55,0,0,0,0,06-JUL-2020,
OPTIDX,NIFTY,30-Jul-2020,7900,CE,0,0,0,1986.9,2885.7,0,0,0,0,06-JUL-2020,
OPTIDX,NIFTY,30-Jul-2020,7950,CE,0,0,0,1954.85,2835.85,0,0,0,0,06-JUL-2020,
OPTIDX,NIFTY,30-Jul-2020,8000,CE,2680,2777,2680,2744.65,2744.65,91,732.14,204750,-1875,06-JUL-2020,
OPTIDX,NIFTY,30-Jul-2020,8050,CE,0,0,0,1891.55,2736.15,0,0,0,0,06-JUL-2020,
OPTIDX,NIFTY,30-Jul-2020,8100,CE,0,0,0,2110.25,2686.25,0,0,1650,0,06-JUL-2020,
OPTIDX,NIFTY,30-Jul-2020,8150,CE,0,0,0,1830.15,2636.4,0,0,0,0,06-JUL-2020,
OPTIDX,NIFTY,30-Jul-2020,8200,CE,0,0,0,2060,2586.55,0,0,1200,0,06-JUL-2020,
OPTIDX,NIFTY,30-Jul-2020,8250,CE,0,0,0,1770.15,2536.7,0,0,0,0,06-JUL-2020,
OPTIDX,NIFTY,30-Jul-2020,8300,CE,2440,2440,2440,2440,2486.9,1,8.05,7650,75,06-JUL-2020,
OPTIDX,NIFTY,30-Jul-2020,8350,CE,0,0,0,2134.65,2437.05,0,0,0,0,06-JUL-2020,
OPTIDX,NIFTY,30-Jul-2020,8400,CE,2333.1,2423.95,2333.1,2382.8,2382.8,4,32.34,4575,0,06-JUL-2020,
OPTIDX,NIFTY,30-Jul-2020,8450,CE,0,0,0,2070.65,2337.4,0,0,0,0,06-JUL-2020,
OPTIDX,NIFTY,30-Jul-2020,8500,CE,2172.4,2277.45,2167.05,2250.2,2250.2,589,4739.78,586125,-11175,06-JUL-2020,
OPTIDX,NIFTY,30-Jul-2020,8550,CE,0,0,0,2007.65,2237.8,0,0,0,0,06-JUL-2020,
OPTIDX,NIFTY,30-Jul-2020,8600,CE,2150,2150,2150,2150,2188,1,8.06,4425,75,06-JUL-2020,
OPTIDX,NIFTY,30-Jul-2020,8650,CE,0,0,0,1946.4,2138.25,0,0,0,0,06-JUL-2020,
OPTIDX,NIFTY,30-Jul-2020,8700,CE,2021.95,2082.25,2021.95,2046,2088.55,4,32.24,13200,-225,06-JUL-2020,
OPTIDX,NIFTY,30-Jul-2020,8750,CE,0,0,0,1886.55,2038.85,0,0,0,0,06-JUL-2020,
OPTIDX,NIFTY,30-Jul-2020,8800,CE,1939,1945,1939,1945,1989.2,2,16.11,4875,-150,06-JUL-2020,
OPTIDX,NIFTY,30-Jul-2020,8850,CE,0,0,0,710,1939.6,0,0,0,0,06-JUL-2020,
OPTIDX,NIFTY,30-Jul-2020,8900,CE,1828.65,1828.65,1828.65,1828.65,1890.05,1,8.04,1200,0,06-JUL-2020,
OPTIDX,NIFTY,30-Jul-2020,8950,CE,0,0,0,1770.9,1840.6,0,0,0,0,06-JUL-2020,
OPTIDX,NIFTY,30-Jul-2020,9000,CE,1670,1781.8,1670,1762.9,1762.9,429,3449.63,337650,-11100,06-JUL-2020,
OPTIDX,NIFTY,30-Jul-2020,9050,CE,0,0,0,1715.1,1741.95,0,0,0,0,06-JUL-2020,
OPTIDX,NIFTY,30-Jul-2020,9100,CE,1582.05,1681.6,1581.8,1649.8,1649.8,115,925.71,33825,-225,06-JUL-2020,
OPTIDX,NIFTY,30-Jul-2020,9150,CE,0,0,0,904.7,1643.75,0,0,150,0,06-JUL-2020,
OPTIDX,NIFTY,30-Jul-2020,9200,CE,1486.45,1580.55,1486.45,1566,1566,18,144.9,30675,-900,06-JUL-2020,
OPTIDX,NIFTY,30-Jul-2020,9250,CE,0,0,0,1607.55,1546.25,0,0,0,0,06-JUL-2020,
OPTIDX,NIFTY,30-Jul-2020,9300,CE,1388.2,1486.05,1388.2,1466.3,1466.3,73,587.58,37950,-1275,06-JUL-2020,
OPTIDX,NIFTY,30-Jul-2020,9350,CE,0,0,0,928.8,1449.5,0,0,75,0,06-JUL-2020,
OPTIDX,NIFTY,30-Jul-2020,9400,CE,1323.3,1391.1,1295.15,1363.5,1363.5,36,290.02,52800,-750,06-JUL-2020,
OPTIDX,NIFTY,30-Jul-2020,9450,CE,0,0,0,948.35,1353.85,0,0,4125,0,06-JUL-2020,
OPTIDX,NIFTY,30-Jul-2020,9500,CE,1195,1302.55,1195,1269.9,1269.9,357,2880.18,367725,1350,06-JUL-2020,
OPTIDX,NIFTY,30-Jul-2020,9550,CE,0,0,0,952.35,1259.55,0,0,825,0,06-JUL-2020,
OPTIDX,NIFTY,30-Jul-2020,9600,CE,1124.15,1197.25,1107.35,1184.25,1184.25,38,306.61,79575,-1350,06-JUL-2020,
OPTIDX,NIFTY,30-Jul-2020,9650,CE,0,0,0,959.3,1166.9,0,0,750,0,06-JUL-2020,
OPTIDX,NIFTY,30-Jul-2020,9700,CE,1004.05,1110.75,1004,1083.95,1083.95,58,468.02,98175,-1350,06-JUL-2020,
OPTIDX,NIFTY,30-Jul-2020,9750,CE,0,0,0,857.65,1076.2,0,0,525,0,06-JUL-2020,
OPTIDX,NIFTY,30-Jul-2020,9800,CE,919,1027.8,919,988.75,988.75,163,1317.54,123150,-5025,06-JUL-2020,
OPTIDX,NIFTY,30-Jul-2020,9850,CE,0,0,0,794.7,987.85,0,0,1125,0,06-JUL-2020,
OPTIDX,NIFTY,30-Jul-2020,9900,CE,836.15,927,826.2,897.95,897.95,200,1618.22,130125,-3675,06-JUL-2020,
OPTIDX,NIFTY,30-Jul-2020,9950,CE,855.85,875,855.85,875,902.25,2,16.22,4725,-75,06-JUL-2020,
OPTIDX,NIFTY,30-Jul-2020,10000,CE,750,840,734,807.9,807.9,2382,19266.86,843675,-45600,06-JUL-2020,
OPTIDX,NIFTY,30-Jul-2020,10050,CE,764.6,764.6,764.6,764.6,764.6,3,24.33,4350,225,06-JUL-2020,
OPTIDX,NIFTY,30-Jul-2020,10100,CE,657.85,750.6,649.8,723.9,723.9,239,1936.5,118125,-7125,06-JUL-2020,
OPTIDX,NIFTY,30-Jul-2020,10150,CE,607.5,687.35,607.5,687.35,740.6,24,194.23,3375,-1275,06-JUL-2020,
OPTIDX,NIFTY,30-Jul-2020,10200,CE,599.95,665.45,567.5,639.95,639.95,1957,15873.76,328875,-29025,06-JUL-2020,
OPTIDX,NIFTY,30-Jul-2020,10250,CE,520.9,619,520.9,599.95,599.95,102,827.65,14550,-3150,06-JUL-2020,
OPTIDX,NIFTY,30-Jul-2020,10300,CE,499,583.2,491.1,556.4,556.4,2398,19490.99,467175,525,06-JUL-2020,
OPTIDX,NIFTY,30-Jul-2020,10350,CE,559.7,559.7,444.25,514.1,514.1,170,1383.32,18600,-4725,06-JUL-2020,
OPTIDX,NIFTY,30-Jul-2020,10400,CE,419.2,503.25,417.8,479,479,3591,29240.85,510450,-64050,06-JUL-2020,
OPTIDX,NIFTY,30-Jul-2020,10450,CE,395.85,466,380.85,442.2,442.2,109,889.75,15975,-3300,06-JUL-2020,
OPTIDX,NIFTY,30-Jul-2020,10500,CE,350,429,350,406.55,406.55,14812,120967.89,1254150,-174075,06-JUL-2020,
OPTIDX,NIFTY,30-Jul-2020,10550,CE,330.15,393,320.35,371.9,371.9,777,6350.16,32250,-2700,06-JUL-2020,
OPTIDX,NIFTY,30-Jul-2020,10600,CE,285.15,359.9,285.15,338.2,338.2,12515,102517.09,750975,-28275,06-JUL-2020,
OPTIDX,NIFTY,30-Jul-2020,10650,CE,290,326.55,259.5,306.85,306.85,980,8040.91,19425,825,06-JUL-2020,
OPTIDX,NIFTY,30-Jul-2020,10700,CE,228,296.3,227.85,276.7,276.7,26566,218474.46,706875,82425,06-JUL-2020,
OPTIDX,NIFTY,30-Jul-2020,10750,CE,212,266,207.65,246.7,246.7,2594,21380.06,46875,28875,06-JUL-2020,
OPTIDX,NIFTY,30-Jul-2020,10800,CE,185.15,237,184.05,219.05,219.05,29948,247327.47,914400,195825,06-JUL-2020,
OPTIDX,NIFTY,30-Jul-2020,10850,CE,188.65,209.9,157.6,194.75,194.75,1246,10315.76,21900,5475,06-JUL-2020,
OPTIDX,NIFTY,30-Jul-2020,10900,CE,137.75,185.3,137.75,170.6,170.6,14073,116753.11,549675,46500,06-JUL-2020,
OPTIDX,NIFTY,30-Jul-2020,10950,CE,122,162.05,121,148.6,148.6,489,4067.86,13125,75,06-JUL-2020,
OPTIDX,NIFTY,30-Jul-2020,11000,CE,109.5,141.2,106.5,128.55,128.55,53364,445122.72,2395575,113625,06-JUL-2020,
OPTIDX,NIFTY,30-Jul-2020,11050,CE,117.3,121.05,79.55,110.65,110.65,2516,21042.12,26100,-41475,06-JUL-2020,
OPTIDX,NIFTY,30-Jul-2020,11100,CE,79.9,103.65,76.65,93.75,93.75,14455,121296.91,508350,142725,06-JUL-2020,
OPTIDX,NIFTY,30-Jul-2020,11150,CE,66,87.9,60.95,79.5,79.5,1880,15825.2,20775,6300,06-JUL-2020,
OPTIDX,NIFTY,30-Jul-2020,11200,CE,59.2,74,53.75,66.7,66.7,19519,164881.61,965850,158550,06-JUL-2020,
OPTIDX,NIFTY,30-Jul-2020,11250,CE,67.85,67.85,43.9,55.9,55.9,2268,19227.63,42600,33825,06-JUL-2020,
OPTIDX,NIFTY,30-Jul-2020,11300,CE,38.2,51.55,36.6,46,46,15839,134770.12,600375,223275,06-JUL-2020,
OPTIDX,NIFTY,30-Jul-2020,11350,CE,34,43.6,22.7,38.15,38.15,563,4808.29,12750,10425,06-JUL-2020,
OPTIDX,NIFTY,30-Jul-2020,11400,CE,21.4,36.2,21.4,32.3,32.3,9503,81468.48,442875,75450,06-JUL-2020,
OPTIDX,NIFTY,30-Jul-2020,11450,CE,0,0,0,166.95,110.8,0,0,0,0,06-JUL-2020,
OPTIDX,NIFTY,30-Jul-2020,11500,CE,17.95,26.1,17.35,22.95,22.95,30085,259966.95,2421525,138750,06-JUL-2020,
OPTIDX,NIFTY,30-Jul-2020,11550,CE,20,21.35,12.5,19.2,19.2,352,3053.82,23100,-1125,06-JUL-2020,
OPTIDX,NIFTY,30-Jul-2020,11600,CE,13.4,17.85,10.85,15.95,15.95,5499,47902.46,226350,48450,06-JUL-2020,
OPTIDX,NIFTY,30-Jul-2020,11650,CE,7.75,16,7.75,14,14,220,1924.31,7275,-5550,06-JUL-2020,
OPTIDX,NIFTY,30-Jul-2020,11700,CE,11.5,12.6,7.85,11.45,11.45,3178,27912.39,182550,48450,06-JUL-2020,
OPTIDX,NIFTY,30-Jul-2020,11750,CE,5.65,10.4,5.5,9.65,9.65,125,1102.35,10650,-2625,06-JUL-2020,
OPTIDX,NIFTY,30-Jul-2020,11800,CE,5.45,8.5,5.45,7.7,7.7,2744,24298.76,258525,-4200,06-JUL-2020,
OPTIDX,NIFTY,30-Jul-2020,11850,CE,6.4,7.6,4.5,7.6,7.6,39,346.78,3825,-150,06-JUL-2020,
OPTIDX,NIFTY,30-Jul-2020,11900,CE,5.35,6.05,4.45,5.75,5.75,4453,39760.72,266025,44475,06-JUL-2020,
OPTIDX,NIFTY,30-Jul-2020,11950,CE,5.5,8,4.3,5.15,5.15,625,5603.98,63150,-4800,06-JUL-2020,
OPTIDX,NIFTY,30-Jul-2020,12000,CE,5,5.05,3.4,4.9,4.9,5457,49131.19,194250,127875,06-JUL-2020,
OPTIDX,NIFTY,30-Jul-2020,12050,CE,9,9,3.2,4.25,4.25,368,3326.85,4575,2700,06-JUL-2020,
OPTIDX,NIFTY,30-Jul-2020,12100,CE,3.6,4.7,2.8,3.95,3.95,800,7261.95,39300,39300,06-JUL-2020,
OPTIDX,NIFTY,30-Jul-2020,7300,PE,3.95,4.35,3.25,3.35,3.35,1046,5729.77,215250,-1425,06-JUL-2020,
OPTIDX,NIFTY,30-Jul-2020,7350,PE,0,0,0,239.55,0.05,0,0,0,0,06-JUL-2020,
OPTIDX,NIFTY,30-Jul-2020,7400,PE,0,0,0,10.45,0.05,0,0,150,0,06-JUL-2020,
OPTIDX,NIFTY,30-Jul-2020,7450,PE,0,0,0,265.65,0.05,0,0,0,0,06-JUL-2020,
OPTIDX,NIFTY,30-Jul-2020,7500,PE,4.05,5.7,4.05,4.25,4.25,2387,13435.06,875400,78450,06-JUL-2020,
OPTIDX,NIFTY,30-Jul-2020,7550,PE,0,0,0,15.8,0.05,0,0,150,0,06-JUL-2020,
OPTIDX,NIFTY,30-Jul-2020,7600,PE,0,0,0,307.7,0.05,0,0,0,0,06-JUL-2020,
OPTIDX,NIFTY,30-Jul-2020,7650,PE,3.05,6.5,3,5.95,5.95,66,378.94,4725,2550,06-JUL-2020,
OPTIDX,NIFTY,30-Jul-2020,7700,PE,5,5.8,4.5,5.25,5.25,144,832.16,43200,-2025,06-JUL-2020,
OPTIDX,NIFTY,30-Jul-2020,7750,PE,0,0,0,511.6,0.05,0,0,0,0,06-JUL-2020,
OPTIDX,NIFTY,30-Jul-2020,7800,PE,0,0,0,15.85,0.05,0,0,825,0,06-JUL-2020,
OPTIDX,NIFTY,30-Jul-2020,7850,PE,0,0,0,477.4,0.05,0,0,0,0,06-JUL-2020,
OPTIDX,NIFTY,30-Jul-2020,7900,PE,0,0,0,20.8,0.05,0,0,1425,0,06-JUL-2020,
OPTIDX,NIFTY,30-Jul-2020,7950,PE,0,0,0,511.75,0.05,0,0,0,0,06-JUL-2020,
OPTIDX,NIFTY,30-Jul-2020,8000,PE,7,7.5,5.55,6.4,6.4,3863,23196.4,1128900,-24675,06-JUL-2020,
OPTIDX,NIFTY,30-Jul-2020,8050,PE,0,0,0,30,0.05,0,0,825,0,06-JUL-2020,
OPTIDX,NIFTY,30-Jul-2020,8100,PE,6.5,6.95,6.05,6.6,6.6,162,984.93,12075,-7725,06-JUL-2020,
OPTIDX,NIFTY,30-Jul-2020,8150,PE,0,0,0,60,0.05,0,0,600,0,06-JUL-2020,
OPTIDX,NIFTY,30-Jul-2020,8200,PE,6.05,7.5,6.05,7.2,0.05,44,270.82,33600,300,06-JUL-2020,
OPTIDX,NIFTY,30-Jul-2020,8250,PE,0,0,0,7.15,0.05,0,0,75,0,06-JUL-2020,
OPTIDX,NIFTY,30-Jul-2020,8300,PE,9.8,9.8,6.3,7.05,7.05,213,1327.04,35550,-2700,06-JUL-2020,
OPTIDX,NIFTY,30-Jul-2020,8350,PE,4.65,4.65,4.65,4.65,4.65,1,6.26,600,0,06-JUL-2020,
OPTIDX,NIFTY,30-Jul-2020,8400,PE,8.3,8.3,6.85,7.65,7.65,493,3108.7,34050,-1800,06-JUL-2020,
OPTIDX,NIFTY,30-Jul-2020,8450,PE,0,0,0,553.65,0.15,0,0,0,0,06-JUL-2020,
OPTIDX,NIFTY,30-Jul-2020,8500,PE,9,9.5,7.3,7.9,7.9,4902,31279.77,1321500,-60450,06-JUL-2020,
OPTIDX,NIFTY,30-Jul-2020,8550,PE,0,0,0,589.4,0.3,0,0,0,0,06-JUL-2020,
OPTIDX,NIFTY,30-Jul-2020,8600,PE,7.75,9.65,7.75,9,9,882,5694.84,81450,2400,06-JUL-2020,
OPTIDX,NIFTY,30-Jul-2020,8650,PE,8.1,9,8.1,8.55,8.55,2,12.98,75,75,06-JUL-2020,
OPTIDX,NIFTY,30-Jul-2020,8700,PE,10.6,10.65,8.95,9.6,9.6,787,5140.96,47250,-2625,06-JUL-2020,
OPTIDX,NIFTY,30-Jul-2020,8750,PE,0,0,0,665.75,0.8,0,0,0,0,06-JUL-2020,
OPTIDX,NIFTY,30-Jul-2020,8800,PE,11.6,12.05,9.95,10.45,10.45,1261,8332.72,167700,75,06-JUL-2020,
OPTIDX,NIFTY,30-Jul-2020,8850,PE,13.95,13.95,10.6,11,11,27,179.44,3450,1050,06-JUL-2020,
OPTIDX,NIFTY,30-Jul-2020,8900,PE,11.85,13.7,10,11.35,11.35,1210,8087.57,80250,-24450,06-JUL-2020,
OPTIDX,NIFTY,30-Jul-2020,8950,PE,14.4,14.4,11.15,11.3,11.3,16,107.54,1200,75,06-JUL-2020,
OPTIDX,NIFTY,30-Jul-2020,9000,PE,16,16.2,8,12.55,12.55,12838,86785.48,2355900,-62175,06-JUL-2020,
OPTIDX,NIFTY,30-Jul-2020,9050,PE,0,0,0,19.95,3.05,0,0,150,0,06-JUL-2020,
OPTIDX,NIFTY,30-Jul-2020,9100,PE,15.3,19.8,13,13.35,13.35,2456,16788.83,527325,14175,06-JUL-2020,
OPTIDX,NIFTY,30-Jul-2020,9150,PE,0,0,0,834.8,4.6,0,0,0,0,06-JUL-2020,
OPTIDX,NIFTY,30-Jul-2020,9200,PE,22.3,22.3,14.7,15.25,15.25,3319,22942.14,702750,-17925,06-JUL-2020,
OPTIDX,NIFTY,30-Jul-2020,9250,PE,11.5,19.5,11.5,16.2,16.2,38,264.08,3075,-750,06-JUL-2020,
OPTIDX,NIFTY,30-Jul-2020,9300,PE,22.7,25.75,17.05,17.5,17.5,5708,39894.49,1337100,-34125,06-JUL-2020,
OPTIDX,NIFTY,30-Jul-2020,9350,PE,22.55,22.7,18.35,19.9,19.9,48,337.35,4875,675,06-JUL-2020,
OPTIDX,NIFTY,30-Jul-2020,9400,PE,27.75,27.75,18.2,19.9,19.9,4095,28937.99,524025,-40275,06-JUL-2020,
OPTIDX,NIFTY,30-Jul-2020,9450,PE,23.5,27.3,20.7,21.65,21.65,111,788.61,8025,-1875,06-JUL-2020,
OPTIDX,NIFTY,30-Jul-2020,9500,PE,28,31.15,22.5,23.85,23.85,18604,132930.37,2318100,-72825,06-JUL-2020,
OPTIDX,NIFTY,30-Jul-2020,9550,PE,35,35.05,25.75,26.4,26.4,100,718.4,22575,-975,06-JUL-2020,
OPTIDX,NIFTY,30-Jul-2020,9600,PE,34.25,36.65,26,27.9,27.9,5520,39873.53,622050,-9600,06-JUL-2020,
OPTIDX,NIFTY,30-Jul-2020,9650,PE,41.7,41.7,30.65,31.05,31.05,180,1307.53,6825,2175,06-JUL-2020,
OPTIDX,NIFTY,30-Jul-2020,9700,PE,40,43.9,30,33.35,33.35,5140,37540.36,604350,-47475,06-JUL-2020,
OPTIDX,NIFTY,30-Jul-2020,9750,PE,55.2,55.25,35.1,36.3,36.3,163,1196.95,8325,-1275,06-JUL-2020,
OPTIDX,NIFTY,30-Jul-2020,9800,PE,51.2,52.4,38,39.65,39.65,11400,84175.47,1315350,13200,06-JUL-2020,
OPTIDX,NIFTY,30-Jul-2020,9850,PE,50.25,57.5,41.75,43.5,43.5,182,1351.13,7725,150,06-JUL-2020,
OPTIDX,NIFTY,30-Jul-2020,9900,PE,60,64.5,45.95,47.9,47.9,9016,67308.86,676725,37200,06-JUL-2020,
OPTIDX,NIFTY,30-Jul-2020,9950,PE,79,79,51.9,52.8,52.8,369,2769.44,10125,-75,06-JUL-2020,
OPTIDX,NIFTY,30-Jul-2020,10000,PE,74.7,90,55.85,58.45,58.45,44914,339053.17,3073425,5775,06-JUL-2020,
OPTIDX,NIFTY,30-Jul-2020,10050,PE,80.85,82,63.4,64.55,64.55,393,2983.19,17100,2100,06-JUL-2020,
OPTIDX,NIFTY,30-Jul-2020,10100,PE,95,95,67.55,70.65,70.65,14602,111450.58,741600,157500,06-JUL-2020,
OPTIDX,NIFTY,30-Jul-2020,10150,PE,100.4,100.4,75.5,77.85,77.85,835,6410.84,32625,-2100,06-JUL-2020,
OPTIDX,NIFTY,30-Jul-2020,10200,PE,129.75,129.75,81.8,85.75,85.75,26781,206769.97,1428150,38550,06-JUL-2020,
OPTIDX,NIFTY,30-Jul-2020,10250,PE,123.1,123.1,91.5,94.75,94.75,869,6747.45,33300,-3450,06-JUL-2020,
OPTIDX,NIFTY,30-Jul-2020,10300,PE,149.8,149.8,99.5,103.95,103.95,19222,150117.71,1112400,27225,06-JUL-2020,
OPTIDX,NIFTY,30-Jul-2020,10350,PE,130.75,143.5,110.5,115.05,115.05,1246,9787.82,44400,2100,06-JUL-2020,
OPTIDX,NIFTY,30-Jul-2020,10400,PE,151,170,120.5,126.8,126.8,17711,139957.99,769875,54450,06-JUL-2020,
OPTIDX,NIFTY,30-Jul-2020,10450,PE,157.8,174.15,132.95,139.9,139.9,738,5867.11,28350,3975,06-JUL-2020,
OPTIDX,NIFTY,30-Jul-2020,10500,PE,175,206.2,145.6,153,153,38988,311831.75,1658100,285300,06-JUL-2020,
OPTIDX,NIFTY,30-Jul-2020,10550,PE,195.35,222.55,157.95,169.2,169.2,1154,9288.97,40800,5325,06-JUL-2020,
OPTIDX,NIFTY,30-Jul-2020,10600,PE,240.75,245,175,186.95,186.95,24014,194443.06,864750,371400,06-JUL-2020,
OPTIDX,NIFTY,30-Jul-2020,10650,PE,260,260,192.85,203.35,203.35,1242,10122.16,22425,6825,06-JUL-2020,
OPTIDX,NIFTY,30-Jul-2020,10700,PE,281,287.75,210.15,222.95,222.95,27125,222453.51,601500,412800,06-JUL-2020,
OPTIDX,NIFTY,30-Jul-2020,10750,PE,272.5,302.95,231.15,243.1,243.1,2953,24366.96,47400,43650,06-JUL-2020,
OPTIDX,NIFTY,30-Jul-2020,10800,PE,333,342,252.45,266.35,266.35,12873,106920.81,273150,220800,06-JUL-2020,
OPTIDX,NIFTY,30-Jul-2020,10850,PE,337.6,347.45,277.2,286.4,286.4,95,794.14,1425,1050,06-JUL-2020,
OPTIDX,NIFTY,30-Jul-2020,10900,PE,382.45,382.45,298.95,316.5,316.5,1499,12624.19,43050,22200,06-JUL-2020,
OPTIDX,NIFTY,30-Jul-2020,10950,PE,403.6,405.75,332.95,345,345,11,93.47,75,-75,06-JUL-2020,
OPTIDX,NIFTY,30-Jul-2020,11000,PE,424.05,444.65,352.75,373.35,373.35,5462,46665.66,423075,88350,06-JUL-2020,
OPTIDX,NIFTY,30-Jul-2020,11050,PE,0,0,0,1912.85,480.15,0,0,0,0,06-JUL-2020,
OPTIDX,NIFTY,30-Jul-2020,11100,PE,484,505,422,435.55,435.55,157,1359.95,17625,4425,06-JUL-2020,
OPTIDX,NIFTY,30-Jul-2020,11150,PE,508.7,519.9,508.7,512.75,545.5,3,26.24,150,75,06-JUL-2020,
OPTIDX,NIFTY,30-Jul-2020,11200,PE,580.95,586,491.75,509.35,509.35,176,1547.36,8775,1125,06-JUL-2020,
OPTIDX,NIFTY,30-Jul-2020,11250,PE,0,0,0,711.55,614.95,0,0,75,0,06-JUL-2020,
OPTIDX,NIFTY,30-Jul-2020,11300,PE,651.9,654,566,592.4,592.4,84,750.49,5550,825,06-JUL-2020,
OPTIDX,NIFTY,30-Jul-2020,11350,PE,0,0,0,2119.5,688.3,0,0,0,0,06-JUL-2020,
OPTIDX,NIFTY,30-Jul-2020,11400,PE,719.05,724.3,659,666.25,666.25,73,661.79,18375,1350,06-JUL-2020,
OPTIDX,NIFTY,30-Jul-2020,11450,PE,0,0,0,1549.45,765.15,0,0,0,0,06-JUL-2020,
OPTIDX,NIFTY,30-Jul-2020,11500,PE,843.05,852.55,738.15,764.35,764.35,2813,25905.32,872475,-52275,06-JUL-2020,
OPTIDX,NIFTY,30-Jul-2020,11550,PE,0,0,0,1564.2,845.3,0,0,0,0,06-JUL-2020,
OPTIDX,NIFTY,30-Jul-2020,11600,PE,899.6,901.2,832.95,851.1,851.1,72,672.75,9300,3825,06-JUL-2020,
OPTIDX,NIFTY,30-Jul-2020,11650,PE,0,0,0,1571.6,928.4,0,0,0,0,06-JUL-2020,
OPTIDX,NIFTY,30-Jul-2020,11700,PE,1000,1000,928.2,962.75,970.95,534,5061.42,39975,38700,06-JUL-2020,
OPTIDX,NIFTY,30-Jul-2020,11750,PE,0,0,0,1535.35,1014.1,0,0,0,0,06-JUL-2020,
OPTIDX,NIFTY,30-Jul-2020,11800,PE,1088.6,1090,1020,1048.05,1048.05,33,318.14,11475,-450,06-JUL-2020,
OPTIDX,NIFTY,30-Jul-2020,11850,PE,0,0,0,1425.5,1102.05,0,0,0,0,06-JUL-2020,
OPTIDX,NIFTY,30-Jul-2020,11900,PE,1209,1220.7,1118.2,1141.5,1141.5,75,734.62,58350,-75,06-JUL-2020,
OPTIDX,NIFTY,30-Jul-2020,11950,PE,0,0,0,1390,1192.05,0,0,150,0,06-JUL-2020,
OPTIDX,NIFTY,30-Jul-2020,12000,PE,1287.1,1301,1219,1243.35,1243.35,154,1531.01,12600,10725,06-JUL-2020,
OPTIDX,NIFTY,30-Jul-2020,12050,PE,0,0,0,1510.1,1283.75,0,0,0,0,06-JUL-2020,
OPTIDX,NIFTY,30-Jul-2020,12100,PE,0,0,0,1499.2,1330.2,0,0,0,0,06-JUL-2020,
OPTIDX,NIFTY,06-Aug-2020,8300,CE,0,0,0,1632.05,2493.9,0,0,0,0,06-JUL-2020,
OPTIDX,NIFTY,06-Aug-2020,8350,CE,0,0,0,1588.45,2444.15,0,0,0,0,06-JUL-2020,
OPTIDX,NIFTY,06-Aug-2020,8400,CE,0,0,0,1638.15,2394.45,0,0,0,0,06-JUL-2020,
OPTIDX,NIFTY,06-Aug-2020,8450,CE,0,0,0,1595.25,2344.75,0,0,0,0,06-JUL-2020,
OPTIDX,NIFTY,06-Aug-2020,8500,CE,0,0,0,1552.8,2295.1,0,0,0,0,06-JUL-2020,
OPTIDX,NIFTY,06-Aug-2020,8550,CE,0,0,0,1650.05,2245.5,0,0,0,0,06-JUL-2020,
OPTIDX,NIFTY,06-Aug-2020,8600,CE,0,0,0,1608.4,2195.95,0,0,0,0,06-JUL-2020,
OPTIDX,NIFTY,06-Aug-2020,8650,CE,0,0,0,1567.2,2146.4,0,0,0,0,06-JUL-2020,
OPTIDX,NIFTY,06-Aug-2020,8700,CE,0,0,0,1526.5,2096.95,0,0,0,0,06-JUL-2020,
OPTIDX,NIFTY,06-Aug-2020,8750,CE,0,0,0,1486.3,2047.6,0,0,0,0,06-JUL-2020,
OPTIDX,NIFTY,06-Aug-2020,8800,CE,0,0,0,1446.6,1998.25,0,0,0,0,06-JUL-2020,
OPTIDX,NIFTY,06-Aug-2020,8850,CE,0,0,0,1407.4,1949.05,0,0,0,0,06-JUL-2020,
OPTIDX,NIFTY,06-Aug-2020,8900,CE,0,0,0,1368.75,1899.95,0,0,0,0,06-JUL-2020,
OPTIDX,NIFTY,06-Aug-2020,8950,CE,0,0,0,1330.65,1851,0,0,0,0,06-JUL-2020,
OPTIDX,NIFTY,06-Aug-2020,9000,CE,0,0,0,1293.1,1802.15,0,0,0,0,06-JUL-2020,
OPTIDX,NIFTY,06-Aug-2020,9050,CE,0,0,0,1256.4,1753.5,0,0,0,0,06-JUL-2020,
OPTIDX,NIFTY,06-Aug-2020,9100,CE,0,0,0,1219.95,1705,0,0,0,0,06-JUL-2020,
OPTIDX,NIFTY,06-Aug-2020,9150,CE,0,0,0,1184.05,1656.7,0,0,0,0,06-JUL-2020,
OPTIDX,NIFTY,06-Aug-2020,9200,CE,0,0,0,1148.8,1608.65,0,0,0,0,06-JUL-2020,
OPTIDX,NIFTY,06-Aug-2020,9250,CE,0,0,0,1113.7,1560.85,0,0,0,0,06-JUL-2020,
OPTIDX,NIFTY,06-Aug-2020,9300,CE,0,0,0,1079.65,1513.35,0,0,0,0,06-JUL-2020,
OPTIDX,NIFTY,06-Aug-2020,9350,CE,0,0,0,1046.3,1466.1,0,0,0,0,06-JUL-2020,
OPTIDX,NIFTY,06-Aug-2020,9400,CE,0,0,0,1013.5,1419.25,0,0,0,0,06-JUL-2020,
OPTIDX,NIFTY,06-Aug-2020,9450,CE,0,0,0,981.35,1372.75,0,0,0,0,06-JUL-2020,
OPTIDX,NIFTY,06-Aug-2020,9500,CE,0,0,0,949.85,1326.65,0,0,0,0,06-JUL-2020,
OPTIDX,NIFTY,06-Aug-2020,9550,CE,0,0,0,919,1280.95,0,0,0,0,06-JUL-2020,
OPTIDX,NIFTY,06-Aug-2020,9600,CE,0,0,0,888.75,1235.75,0,0,0,0,06-JUL-2020,
OPTIDX,NIFTY,06-Aug-2020,9650,CE,0,0,0,859.2,1191.1,0,0,0,0,06-JUL-2020,
OPTIDX,NIFTY,06-Aug-2020,9700,CE,0,0,0,830.25,1146.95,0,0,0,0,06-JUL-2020,
OPTIDX,NIFTY,06-Aug-2020,9750,CE,0,0,0,801.95,1103.4,0,0,0,0,06-JUL-2020,
OPTIDX,NIFTY,06-Aug-2020,9800,CE,0,0,0,774.35,1060.45,0,0,0,0,06-JUL-2020,
OPTIDX,NIFTY,06-Aug-2020,9850,CE,0,0,0,747.35,1018.15,0,0,0,0,06-JUL-2020,
OPTIDX,NIFTY,06-Aug-2020,9900,CE,0,0,0,721.05,976.55,0,0,0,0,06-JUL-2020,
OPTIDX,NIFTY,06-Aug-2020,9950,CE,0,0,0,695.35,935.7,0,0,0,0,06-JUL-2020,
OPTIDX,NIFTY,06-Aug-2020,10000,CE,0,0,0,593.9,895.6,0,0,0,0,06-JUL-2020,
OPTIDX,NIFTY,06-Aug-2020,10050,CE,0,0,0,645.85,856.3,0,0,0,0,06-JUL-2020,
OPTIDX,NIFTY,06-Aug-2020,10100,CE,0,0,0,622.1,817.8,0,0,0,0,06-JUL-2020,
OPTIDX,NIFTY,06-Aug-2020,10150,CE,0,0,0,599,780.2,0,0,0,0,06-JUL-2020,
OPTIDX,NIFTY,06-Aug-2020,10200,CE,0,0,0,576.5,743.5,0,0,0,0,06-JUL-2020,
OPTIDX,NIFTY,06-Aug-2020,10250,CE,0,0,0,554.6,707.7,0,0,0,0,06-JUL-2020,
OPTIDX,NIFTY,06-Aug-2020,10300,CE,0,0,0,533.35,672.85,0,0,0,0,06-JUL-2020,
OPTIDX,NIFTY,06-Aug-2020,10350,CE,0,0,0,512.75,638.95,0,0,0,0,06-JUL-2020,
OPTIDX,NIFTY,06-Aug-2020,10400,CE,0,0,0,492.7,606.05,0,0,0,0,06-JUL-2020,
OPTIDX,NIFTY,06-Aug-2020,10450,CE,0,0,0,473.25,574.15,0,0,0,0,06-JUL-2020,
OPTIDX,NIFTY,06-Aug-2020,10500,CE,0,0,0,454.4,543.25,0,0,0,0,06-JUL-2020,
OPTIDX,NIFTY,06-Aug-2020,10550,CE,0,0,0,436.15,513.4,0,0,0,0,06-JUL-2020,
OPTIDX,NIFTY,06-Aug-2020,10600,CE,0,0,0,418.45,484.6,0,0,0,0,06-JUL-2020,
OPTIDX,NIFTY,06-Aug-2020,10650,CE,300,300,300,300,456.85,2,16.42,150,0,06-JUL-2020,
OPTIDX,NIFTY,06-Aug-2020,10700,CE,0,0,0,384.7,430.15,0,0,0,0,06-JUL-2020,
OPTIDX,NIFTY,06-Aug-2020,10750,CE,0,0,0,368.65,404.5,0,0,0,0,06-JUL-2020,
OPTIDX,NIFTY,06-Aug-2020,10800,CE,0,0,0,353.15,379.85,0,0,0,0,06-JUL-2020,
OPTIDX,NIFTY,06-Aug-2020,10850,CE,205,225,205,225,356.3,8,66.36,600,150,06-JUL-2020,
OPTIDX,NIFTY,06-Aug-2020,10900,CE,0,0,0,323.7,333.75,0,0,0,0,06-JUL-2020,
OPTIDX,NIFTY,06-Aug-2020,10950,CE,0,0,0,309.75,312.25,0,0,0,0,06-JUL-2020,
OPTIDX,NIFTY,06-Aug-2020,11000,CE,257.5,257.5,257.5,257.5,291.75,1,8.44,75,75,06-JUL-2020,
OPTIDX,NIFTY,06-Aug-2020,11050,CE,0,0,0,283.3,272.25,0,0,0,0,06-JUL-2020,
OPTIDX,NIFTY,06-Aug-2020,11100,CE,0,0,0,271.25,253.7,0,0,0,0,06-JUL-2020,
OPTIDX,NIFTY,06-Aug-2020,11150,CE,0,0,0,259.25,236.15,0,0,0,0,06-JUL-2020,
OPTIDX,NIFTY,06-Aug-2020,11200,CE,0,0,0,247.7,219.5,0,0,0,0,06-JUL-2020,
OPTIDX,NIFTY,06-Aug-2020,11250,CE,0,0,0,236.55,203.75,0,0,0,0,06-JUL-2020,
OPTIDX,NIFTY,06-Aug-2020,11300,CE,0,0,0,225.85,188.9,0,0,0,0,06-JUL-2020,
OPTIDX,NIFTY,06-Aug-2020,11350,CE,0,0,0,215.15,174.85,0,0,0,0,06-JUL-2020,
OPTIDX,NIFTY,06-Aug-2020,11400,CE,0,0,0,205.2,161.7,0,0,0,0,06-JUL-2020,
OPTIDX,NIFTY,06-Aug-2020,11450,CE,0,0,0,195.65,149.3,0,0,0,0,06-JUL-2020,
OPTIDX,NIFTY,06-Aug-2020,11500,CE,0,0,0,186.5,137.7,0,0,0,0,06-JUL-2020,
OPTIDX,NIFTY,06-Aug-2020,11550,CE,0,0,0,177.7,126.8,0,0,0,0,06-JUL-2020,
OPTIDX,NIFTY,06-Aug-2020,11600,CE,0,0,0,181.7,116.65,0,0,0,0,06-JUL-2020,
OPTIDX,NIFTY,06-Aug-2020,11650,CE,0,0,0,172.95,107.15,0,0,0,0,06-JUL-2020,
OPTIDX,NIFTY,06-Aug-2020,11700,CE,0,0,0,123.4,98.3,0,0,0,0,06-JUL-2020,
OPTIDX,NIFTY,06-Aug-2020,11750,CE,0,0,0,116.2,90.05,0,0,0,0,06-JUL-2020,
OPTIDX,NIFTY,06-Aug-2020,11800,CE,0,0,0,116.35,82.4,0,0,0,0,06-JUL-2020,
OPTIDX,NIFTY,06-Aug-2020,11850,CE,0,0,0,133,75.3,0,0,0,0,06-JUL-2020,
OPTIDX,NIFTY,06-Aug-2020,11900,CE,0,0,0,125.25,68.75,0,0,0,0,06-JUL-2020,
OPTIDX,NIFTY,06-Aug-2020,11950,CE,0,0,0,117.9,62.65,0,0,0,0,06-JUL-2020,
OPTIDX,NIFTY,06-Aug-2020,12000,CE,0,0,0,83.85,57.05,0,0,0,0,06-JUL-2020,
OPTIDX,NIFTY,06-Aug-2020,12050,CE,0,0,0,78,51.85,0,0,0,0,06-JUL-2020,
OPTIDX,NIFTY,06-Aug-2020,12100,CE,0,0,0,68,47.1,0,0,0,0,06-JUL-2020,
OPTIDX,NIFTY,06-Aug-2020,8300,PE,0,0,0,62.25,0.35,0,0,0,0,06-JUL-2020,
OPTIDX,NIFTY,06-Aug-2020,8350,PE,0,0,0,68.35,0.4,0,0,0,0,06-JUL-2020,
OPTIDX,NIFTY,06-Aug-2020,8400,PE,0,0,0,74.75,0.55,0,0,0,0,06-JUL-2020,
OPTIDX,NIFTY,06-Aug-2020,8450,PE,0,0,0,81.5,0.65,0,0,0,0,06-JUL-2020,
OPTIDX,NIFTY,06-Aug-2020,8500,PE,0,0,0,88.7,0.85,0,0,0,0,06-JUL-2020,
OPTIDX,NIFTY,06-Aug-2020,8550,PE,0,0,0,99.5,1.05,0,0,0,0,06-JUL-2020,
OPTIDX,NIFTY,06-Aug-2020,8600,PE,0,0,0,107.45,1.3,0,0,0,0,06-JUL-2020,
OPTIDX,NIFTY,06-Aug-2020,8650,PE,0,0,0,115.85,1.6,0,0,0,0,06-JUL-2020,
OPTIDX,NIFTY,06-Aug-2020,8700,PE,0,0,0,124.75,1.95,0,0,0,0,06-JUL-2020,
OPTIDX,NIFTY,06-Aug-2020,8750,PE,0,0,0,134.1,2.4,0,0,0,0,06-JUL-2020,
OPTIDX,NIFTY,06-Aug-2020,8800,PE,0,0,0,144,2.9,0,0,0,0,06-JUL-2020,
OPTIDX,NIFTY,06-Aug-2020,8850,PE,0,0,0,154.4,3.55,0,0,0,0,06-JUL-2020,
OPTIDX,NIFTY,06-Aug-2020,8900,PE,0,0,0,165.3,4.25,0,0,0,0,06-JUL-2020,
OPTIDX,NIFTY,06-Aug-2020,8950,PE,0,0,0,176.8,5.1,0,0,0,0,06-JUL-2020,
OPTIDX,NIFTY,06-Aug-2020,9000,PE,0,0,0,44.9,6.1,0,0,0,0,06-JUL-2020,
OPTIDX,NIFTY,06-Aug-2020,9050,PE,0,0,0,201.7,7.25,0,0,0,0,06-JUL-2020,
OPTIDX,NIFTY,06-Aug-2020,9100,PE,0,0,0,214.85,8.55,0,0,0,0,06-JUL-2020,
OPTIDX,NIFTY,06-Aug-2020,9150,PE,0,0,0,228.55,10.1,0,0,0,0,06-JUL-2020,
OPTIDX,NIFTY,06-Aug-2020,9200,PE,0,0,0,242.85,11.85,0,0,0,0,06-JUL-2020,
OPTIDX,NIFTY,06-Aug-2020,9250,PE,0,0,0,257.3,13.9,0,0,0,0,06-JUL-2020,
OPTIDX,NIFTY,06-Aug-2020,9300,PE,0,0,0,272.9,16.2,0,0,0,0,06-JUL-2020,
OPTIDX,NIFTY,06-Aug-2020,9350,PE,0,0,0,289.05,18.8,0,0,0,0,06-JUL-2020,
OPTIDX,NIFTY,06-Aug-2020,9400,PE,0,0,0,305.9,21.7,0,0,0,0,06-JUL-2020,
OPTIDX,NIFTY,06-Aug-2020,9450,PE,0,0,0,323.3,25.05,0,0,0,0,06-JUL-2020,
OPTIDX,NIFTY,06-Aug-2020,9500,PE,0,0,0,341.4,28.75,0,0,0,0,06-JUL-2020,
OPTIDX,NIFTY,06-Aug-2020,9550,PE,0,0,0,360.1,32.9,0,0,0,0,06-JUL-2020,
OPTIDX,NIFTY,06-Aug-2020,9600,PE,0,0,0,379.45,37.55,0,0,0,0,06-JUL-2020,
OPTIDX,NIFTY,06-Aug-2020,9650,PE,0,0,0,399.45,42.65,0,0,0,0,06-JUL-2020,
OPTIDX,NIFTY,06-Aug-2020,9700,PE,0,0,0,420.15,48.35,0,0,0,0,06-JUL-2020,
OPTIDX,NIFTY,06-Aug-2020,9750,PE,0,0,0,441.45,54.6,0,0,0,0,06-JUL-2020,
OPTIDX,NIFTY,06-Aug-2020,9800,PE,0,0,0,463.4,61.5,0,0,0,0,06-JUL-2020,
OPTIDX,NIFTY,06-Aug-2020,9850,PE,0,0,0,486,69,0,0,0,0,06-JUL-2020,
OPTIDX,NIFTY,06-Aug-2020,9900,PE,0,0,0,509.25,77.25,0,0,0,0,06-JUL-2020,
OPTIDX,NIFTY,06-Aug-2020,9950,PE,0,0,0,533.15,86.2,0,0,0,0,06-JUL-2020,
OPTIDX,NIFTY,06-Aug-2020,10000,PE,0,0,0,557.65,95.9,0,0,0,0,06-JUL-2020,
OPTIDX,NIFTY,06-Aug-2020,10050,PE,0,0,0,582.8,106.45,0,0,0,0,06-JUL-2020,
OPTIDX,NIFTY,06-Aug-2020,10100,PE,0,0,0,608.65,117.8,0,0,0,0,06-JUL-2020,
OPTIDX,NIFTY,06-Aug-2020,10150,PE,0,0,0,635.1,130,0,0,0,0,06-JUL-2020,
OPTIDX,NIFTY,06-Aug-2020,10200,PE,0,0,0,662.2,143.1,0,0,0,0,06-JUL-2020,
OPTIDX,NIFTY,06-Aug-2020,10250,PE,0,0,0,689.9,157.1,0,0,0,0,06-JUL-2020,
OPTIDX,NIFTY,06-Aug-2020,10300,PE,0,0,0,718.25,172.05,0,0,0,0,06-JUL-2020,
OPTIDX,NIFTY,06-Aug-2020,10350,PE,0,0,0,747.15,188,0,0,0,0,06-JUL-2020,
OPTIDX,NIFTY,06-Aug-2020,10400,PE,0,0,0,776.7,204.9,0,0,0,0,06-JUL-2020,
OPTIDX,NIFTY,06-Aug-2020,10450,PE,0,0,0,806.85,222.85,0,0,0,0,06-JUL-2020,
OPTIDX,NIFTY,06-Aug-2020,10500,PE,370.2,370.2,220,220,241.75,2,16.19,75,75,06-JUL-2020,
OPTIDX,NIFTY,06-Aug-2020,10550,PE,0,0,0,868.9,261.75,0,0,0,0,06-JUL-2020,
OPTIDX,NIFTY,06-Aug-2020,10600,PE,0,0,0,900.8,282.75,0,0,0,0,06-JUL-2020,
OPTIDX,NIFTY,06-Aug-2020,10650,PE,0,0,0,933.25,304.8,0,0,0,0,06-JUL-2020,
OPTIDX,NIFTY,06-Aug-2020,10700,PE,0,0,0,966.25,327.95,0,0,0,0,06-JUL-2020,
OPTIDX,NIFTY,06-Aug-2020,10750,PE,0,0,0,999.75,352.1,0,0,0,0,06-JUL-2020,
OPTIDX,NIFTY,06-Aug-2020,10800,PE,0,0,0,1033.85,377.3,0,0,0,0,06-JUL-2020,
OPTIDX,NIFTY,06-Aug-2020,10850,PE,0,0,0,1068.45,403.55,0,0,0,0,06-JUL-2020,
OPTIDX,NIFTY,06-Aug-2020,10900,PE,0,0,0,1103.55,430.85,0,0,0,0,06-JUL-2020,
OPTIDX,NIFTY,06-Aug-2020,10950,PE,0,0,0,1139.2,459.15,0,0,0,0,06-JUL-2020,
OPTIDX,NIFTY,06-Aug-2020,11000,PE,0,0,0,1175.3,488.45,0,0,0,0,06-JUL-2020,
OPTIDX,NIFTY,06-Aug-2020,11050,PE,0,0,0,1211.9,518.8,0,0,0,0,06-JUL-2020,
OPTIDX,NIFTY,06-Aug-2020,11100,PE,0,0,0,1249.45,550.05,0,0,0,0,06-JUL-2020,
OPTIDX,NIFTY,06-Aug-2020,11150,PE,0,0,0,1287,582.3,0,0,0,0,06-JUL-2020,
OPTIDX,NIFTY,06-Aug-2020,11200,PE,0,0,0,1325,615.45,0,0,0,0,06-JUL-2020,
OPTIDX,NIFTY,06-Aug-2020,11250,PE,0,0,0,1363.45,649.55,0,0,0,0,06-JUL-2020,
OPTIDX,NIFTY,06-Aug-2020,11300,PE,0,0,0,1402.35,684.5,0,0,0,0,06-JUL-2020,
OPTIDX,NIFTY,06-Aug-2020,11350,PE,0,0,0,1441.2,720.3,0,0,0,0,06-JUL-2020,
OPTIDX,NIFTY,06-Aug-2020,11400,PE,0,0,0,1480.85,756.95,0,0,0,0,06-JUL-2020,
OPTIDX,NIFTY,06-Aug-2020,11450,PE,0,0,0,1520.9,794.4,0,0,0,0,06-JUL-2020,
OPTIDX,NIFTY,06-Aug-2020,11500,PE,0,0,0,1561.35,832.6,0,0,0,0,06-JUL-2020,
OPTIDX,NIFTY,06-Aug-2020,11550,PE,0,0,0,1602.1,871.55,0,0,0,0,06-JUL-2020,
OPTIDX,NIFTY,06-Aug-2020,11600,PE,0,0,0,1547.8,911.2,0,0,0,0,06-JUL-2020,
OPTIDX,NIFTY,06-Aug-2020,11650,PE,0,0,0,1588.7,951.55,0,0,0,0,06-JUL-2020,
OPTIDX,NIFTY,06-Aug-2020,11700,PE,0,0,0,1509.3,992.5,0,0,0,0,06-JUL-2020,
OPTIDX,NIFTY,06-Aug-2020,11750,PE,0,0,0,1551.8,1034.1,0,0,0,0,06-JUL-2020,
OPTIDX,NIFTY,06-Aug-2020,11800,PE,0,0,0,1536.55,1076.25,0,0,0,0,06-JUL-2020,
OPTIDX,NIFTY,06-Aug-2020,11850,PE,0,0,0,1445.3,1119,0,0,0,0,06-JUL-2020,
OPTIDX,NIFTY,06-Aug-2020,11900,PE,0,0,0,1487.3,1162.2,0,0,0,0,06-JUL-2020,
OPTIDX,NIFTY,06-Aug-2020,11950,PE,0,0,0,1529.65,1205.95,0,0,0,0,06-JUL-2020,
OPTIDX,NIFTY,06-Aug-2020,12000,PE,0,0,0,1478.4,1250.15,0,0,0,0,06-JUL-2020,
OPTIDX,NIFTY,06-Aug-2020,12050,PE,0,0,0,1522.35,1294.8,0,0,0,0,06-JUL-2020,
OPTIDX,NIFTY,06-Aug-2020,12100,PE,0,0,0,1510.9,1339.85,0,0,0,0,06-JUL-2020,
OPTIDX,NIFTY,13-Aug-2020,8300,CE,0,0,0,1654.05,2501.25,0,0,0,0,06-JUL-2020,
OPTIDX,NIFTY,13-Aug-2020,8350,CE,0,0,0,1611.25,2451.7,0,0,0,0,06-JUL-2020,
OPTIDX,NIFTY,13-Aug-2020,8400,CE,0,0,0,1660.85,2402.15,0,0,0,0,06-JUL-2020,
OPTIDX,NIFTY,13-Aug-2020,8450,CE,0,0,0,1618.75,2352.7,0,0,0,0,06-JUL-2020,
OPTIDX,NIFTY,13-Aug-2020,8500,CE,0,0,0,1577.05,2303.25,0,0,0,0,06-JUL-2020,
OPTIDX,NIFTY,13-Aug-2020,8550,CE,0,0,0,1535.9,2253.9,0,0,0,0,06-JUL-2020,
OPTIDX,NIFTY,13-Aug-2020,8600,CE,0,0,0,1495.15,2204.65,0,0,0,0,06-JUL-2020,
OPTIDX,NIFTY,13-Aug-2020,8650,CE,0,0,0,1454.95,2155.45,0,0,0,0,06-JUL-2020,
OPTIDX,NIFTY,13-Aug-2020,8700,CE,0,0,0,1415.25,2106.35,0,0,0,0,06-JUL-2020,
OPTIDX,NIFTY,13-Aug-2020,8750,CE,0,0,0,1376.1,2057.35,0,0,0,0,06-JUL-2020,
OPTIDX,NIFTY,13-Aug-2020,8800,CE,0,0,0,1337.5,2008.5,0,0,0,0,06-JUL-2020,
OPTIDX,NIFTY,13-Aug-2020,8850,CE,0,0,0,1299.4,1959.75,0,0,0,0,06-JUL-2020,
OPTIDX,NIFTY,13-Aug-2020,8900,CE,0,0,0,1261.9,1911.2,0,0,0,0,06-JUL-2020,
OPTIDX,NIFTY,13-Aug-2020,8950,CE,0,0,0,1225.3,1862.8,0,0,0,0,06-JUL-2020,
OPTIDX,NIFTY,13-Aug-2020,9000,CE,0,0,0,1188.95,1814.6,0,0,0,0,06-JUL-2020,
OPTIDX,NIFTY,13-Aug-2020,9050,CE,0,0,0,1153.15,1766.6,0,0,0,0,06-JUL-2020,
OPTIDX,NIFTY,13-Aug-2020,9100,CE,0,0,0,1118,1718.85,0,0,0,0,06-JUL-2020,
OPTIDX,NIFTY,13-Aug-2020,9150,CE,0,0,0,1083.05,1671.35,0,0,0,0,06-JUL-2020,
OPTIDX,NIFTY,13-Aug-2020,9200,CE,0,0,0,1049.15,1624.15,0,0,0,0,06-JUL-2020,
OPTIDX,NIFTY,13-Aug-2020,9250,CE,0,0,0,1015.95,1577.2,0,0,0,0,06-JUL-2020,
OPTIDX,NIFTY,13-Aug-2020,9300,CE,0,0,0,983.35,1530.65,0,0,0,0,06-JUL-2020,
OPTIDX,NIFTY,13-Aug-2020,9350,CE,0,0,0,951.35,1484.4,0,0,0,0,06-JUL-2020,
OPTIDX,NIFTY,13-Aug-2020,9400,CE,0,0,0,920.05,1438.55,0,0,0,0,06-JUL-2020,
OPTIDX,NIFTY,13-Aug-2020,9450,CE,0,0,0,889.4,1393.15,0,0,0,0,06-JUL-2020,
OPTIDX,NIFTY,13-Aug-2020,9500,CE,0,0,0,859.4,1348.15,0,0,0,0,06-JUL-2020,
OPTIDX,NIFTY,13-Aug-2020,9550,CE,0,0,0,830.1,1303.65,0,0,0,0,06-JUL-2020,
OPTIDX,NIFTY,13-Aug-2020,9600,CE,0,0,0,801.4,1259.65,0,0,0,0,06-JUL-2020,
OPTIDX,NIFTY,13-Aug-2020,9650,CE,0,0,0,773.4,1216.2,0,0,0,0,06-JUL-2020,
OPTIDX,NIFTY,13-Aug-2020,9700,CE,0,0,0,746.05,1173.3,0,0,0,0,06-JUL-2020,
OPTIDX,NIFTY,13-Aug-2020,9750,CE,0,0,0,719.35,1131,0,0,0,0,06-JUL-2020,
OPTIDX,NIFTY,13-Aug-2020,9800,CE,0,0,0,693.35,1089.3,0,0,0,0,06-JUL-2020,
OPTIDX,NIFTY,13-Aug-2020,9850,CE,0,0,0,668,1048.3,0,0,0,0,06-JUL-2020,
OPTIDX,NIFTY,13-Aug-2020,9900,CE,0,0,0,643.25,1007.95,0,0,0,0,06-JUL-2020,
OPTIDX,NIFTY,13-Aug-2020,9950,CE,0,0,0,619.2,968.35,0,0,0,0,06-JUL-2020,
OPTIDX,NIFTY,13-Aug-2020,10000,CE,0,0,0,595.8,929.5,0,0,0,0,06-JUL-2020,
OPTIDX,NIFTY,13-Aug-2020,10050,CE,0,0,0,573.05,891.35,0,0,0,0,06-JUL-2020,
OPTIDX,NIFTY,13-Aug-2020,10100,CE,0,0,0,550.9,854.05,0,0,0,0,06-JUL-2020,
OPTIDX,NIFTY,13-Aug-2020,10150,CE,0,0,0,529.45,817.55,0,0,0,0,06-JUL-2020,
OPTIDX,NIFTY,13-Aug-2020,10200,CE,0,0,0,508.6,781.9,0,0,0,0,06-JUL-2020,
OPTIDX,NIFTY,13-Aug-2020,10250,CE,0,0,0,488.35,747.1,0,0,0,0,06-JUL-2020,
OPTIDX,NIFTY,13-Aug-2020,10300,CE,0,0,0,468.7,713.15,0,0,0,0,06-JUL-2020,
OPTIDX,NIFTY,13-Aug-2020,10350,CE,0,0,0,449.7,680.1,0,0,0,0,06-JUL-2020,
OPTIDX,NIFTY,13-Aug-2020,10400,CE,0,0,0,431.25,648,0,0,0,0,06-JUL-2020,
OPTIDX,NIFTY,13-Aug-2020,10450,CE,0,0,0,413.45,616.75,0,0,0,0,06-JUL-2020,
OPTIDX,NIFTY,13-Aug-2020,10500,CE,0,0,0,396.15,586.5,0,0,0,0,06-JUL-2020,
OPTIDX,NIFTY,13-Aug-2020,10550,CE,0,0,0,379.5,557.15,0,0,0,0,06-JUL-2020,
OPTIDX,NIFTY,13-Aug-2020,10600,CE,0,0,0,363.35,528.75,0,0,0,0,06-JUL-2020,
OPTIDX,NIFTY,13-Aug-2020,10650,CE,0,0,0,347.75,501.3,0,0,0,0,06-JUL-2020,
OPTIDX,NIFTY,13-Aug-2020,10700,CE,0,0,0,332.7,474.8,0,0,0,0,06-JUL-2020,
OPTIDX,NIFTY,13-Aug-2020,10750,CE,0,0,0,318.2,449.25,0,0,0,0,06-JUL-2020,
OPTIDX,NIFTY,13-Aug-2020,10800,CE,0,0,0,304.15,424.65,0,0,0,0,06-JUL-2020,
OPTIDX,NIFTY,13-Aug-2020,10850,CE,0,0,0,290.65,401,0,0,0,0,06-JUL-2020,
OPTIDX,NIFTY,13-Aug-2020,10900,CE,0,0,0,277.65,378.25,0,0,0,0,06-JUL-2020,
OPTIDX,NIFTY,13-Aug-2020,10950,CE,0,0,0,265.6,356.45,0,0,0,0,06-JUL-2020,
OPTIDX,NIFTY,13-Aug-2020,11000,CE,0,0,0,253.55,335.55,0,0,0,0,06-JUL-2020,
OPTIDX,NIFTY,13-Aug-2020,11050,CE,0,0,0,242,315.55,0,0,0,0,06-JUL-2020,
OPTIDX,NIFTY,13-Aug-2020,11100,CE,0,0,0,230.9,296.45,0,0,0,0,06-JUL-2020,
OPTIDX,NIFTY,13-Aug-2020,11150,CE,0,0,0,220.2,278.2,0,0,0,0,06-JUL-2020,
OPTIDX,NIFTY,13-Aug-2020,11200,CE,0,0,0,209.55,260.85,0,0,0,0,06-JUL-2020,
OPTIDX,NIFTY,13-Aug-2020,11250,CE,0,0,0,199.65,244.3,0,0,0,0,06-JUL-2020,
OPTIDX,NIFTY,13-Aug-2020,11300,CE,0,0,0,190.15,228.55,0,0,0,0,06-JUL-2020,
OPTIDX,NIFTY,13-Aug-2020,11350,CE,0,0,0,181.05,213.6,0,0,0,0,06-JUL-2020,
OPTIDX,NIFTY,13-Aug-2020,11400,CE,0,0,0,172.3,199.45,0,0,0,0,06-JUL-2020,
OPTIDX,NIFTY,13-Aug-2020,11450,CE,0,0,0,167.7,186.05,0,0,0,0,06-JUL-2020,
OPTIDX,NIFTY,13-Aug-2020,11500,CE,0,0,0,165.55,173.35,0,0,0,0,06-JUL-2020,
OPTIDX,NIFTY,13-Aug-2020,11550,CE,0,0,0,157.05,161.35,0,0,0,0,06-JUL-2020,
OPTIDX,NIFTY,13-Aug-2020,11600,CE,0,0,0,148.95,150,0,0,0,0,06-JUL-2020,
OPTIDX,NIFTY,13-Aug-2020,11650,CE,0,0,0,160.1,139.35,0,0,0,0,06-JUL-2020,
OPTIDX,NIFTY,13-Aug-2020,11700,CE,0,0,0,151.7,129.3,0,0,0,0,06-JUL-2020,
OPTIDX,NIFTY,13-Aug-2020,11750,CE,0,0,0,143.7,119.9,0,0,0,0,06-JUL-2020,
OPTIDX,NIFTY,13-Aug-2020,11800,CE,0,0,0,70,111,0,0,75,0,06-JUL-2020,
OPTIDX,NIFTY,13-Aug-2020,11850,CE,0,0,0,163.45,102.7,0,0,0,0,06-JUL-2020,
OPTIDX,NIFTY,13-Aug-2020,11900,CE,0,0,0,154.9,94.95,0,0,0,0,06-JUL-2020,
OPTIDX,NIFTY,13-Aug-2020,11950,CE,0,0,0,146.7,87.65,0,0,0,0,06-JUL-2020,
OPTIDX,NIFTY,13-Aug-2020,12000,CE,0,0,0,112.45,80.85,0,0,0,0,06-JUL-2020,
OPTIDX,NIFTY,13-Aug-2020,12050,CE,0,0,0,105.6,74.5,0,0,0,0,06-JUL-2020,
OPTIDX,NIFTY,13-Aug-2020,12100,CE,0,0,0,95.5,68.6,0,0,0,0,06-JUL-2020,
OPTIDX,NIFTY,13-Aug-2020,8300,PE,0,0,0,76.7,0.95,0,0,0,0,06-JUL-2020,
OPTIDX,NIFTY,13-Aug-2020,8350,PE,0,0,0,83.55,1.15,0,0,0,0,06-JUL-2020,
OPTIDX,NIFTY,13-Aug-2020,8400,PE,0,0,0,89.85,1.4,0,0,0,0,06-JUL-2020,
OPTIDX,NIFTY,13-Aug-2020,8450,PE,0,0,0,97.3,1.75,0,0,0,0,06-JUL-2020,
OPTIDX,NIFTY,13-Aug-2020,8500,PE,0,0,0,105.25,2.1,0,0,0,0,06-JUL-2020,
OPTIDX,NIFTY,13-Aug-2020,8550,PE,0,0,0,113.6,2.5,0,0,0,0,06-JUL-2020,
OPTIDX,NIFTY,13-Aug-2020,8600,PE,0,0,0,122.5,3,0,0,0,0,06-JUL-2020,
OPTIDX,NIFTY,13-Aug-2020,8650,PE,0,0,0,131.9,3.6,0,0,0,0,06-JUL-2020,
OPTIDX,NIFTY,13-Aug-2020,8700,PE,0,0,0,141.8,4.3,0,0,0,0,06-JUL-2020,
OPTIDX,NIFTY,13-Aug-2020,8750,PE,0,0,0,152.2,5.1,0,0,0,0,06-JUL-2020,
OPTIDX,NIFTY,13-Aug-2020,8800,PE,0,0,0,163.2,6,0,0,0,0,06-JUL-2020,
OPTIDX,NIFTY,13-Aug-2020,8850,PE,0,0,0,174.7,7.05,0,0,0,0,06-JUL-2020,
OPTIDX,NIFTY,13-Aug-2020,8900,PE,0,0,0,186.8,8.25,0,0,0,0,06-JUL-2020,
OPTIDX,NIFTY,13-Aug-2020,8950,PE,0,0,0,199.8,9.65,0,0,0,0,06-JUL-2020,
OPTIDX,NIFTY,13-Aug-2020,9000,PE,0,0,0,213,11.2,0,0,0,0,06-JUL-2020,
OPTIDX,NIFTY,13-Aug-2020,9050,PE,0,0,0,226.8,13,0,0,0,0,06-JUL-2020,
OPTIDX,NIFTY,13-Aug-2020,9100,PE,0,0,0,241.2,15.05,0,0,0,0,06-JUL-2020,
OPTIDX,NIFTY,13-Aug-2020,9150,PE,0,0,0,255.85,17.3,0,0,0,0,06-JUL-2020,
OPTIDX,NIFTY,13-Aug-2020,9200,PE,0,0,0,271.6,19.85,0,0,0,0,06-JUL-2020,
OPTIDX,NIFTY,13-Aug-2020,9250,PE,0,0,0,287.95,22.75,0,0,0,0,06-JUL-2020,
OPTIDX,NIFTY,13-Aug-2020,9300,PE,0,0,0,304.9,25.9,0,0,0,0,06-JUL-2020,
OPTIDX,NIFTY,13-Aug-2020,9350,PE,0,0,0,322.55,29.5,0,0,0,0,06-JUL-2020,
OPTIDX,NIFTY,13-Aug-2020,9400,PE,0,0,0,340.85,33.4,0,0,0,0,06-JUL-2020,
OPTIDX,NIFTY,13-Aug-2020,9450,PE,0,0,0,359.75,37.75,0,0,0,0,06-JUL-2020,
OPTIDX,NIFTY,13-Aug-2020,9500,PE,0,0,0,379.35,42.55,0,0,0,0,06-JUL-2020,
OPTIDX,NIFTY,13-Aug-2020,9550,PE,0,0,0,399.6,47.85,0,0,0,0,06-JUL-2020,
OPTIDX,NIFTY,13-Aug-2020,9600,PE,0,0,0,420.55,53.65,0,0,0,0,06-JUL-2020,
OPTIDX,NIFTY,13-Aug-2020,9650,PE,0,0,0,442.1,59.95,0,0,0,0,06-JUL-2020,
OPTIDX,NIFTY,13-Aug-2020,9700,PE,0,0,0,464.35,66.85,0,0,0,0,06-JUL-2020,
OPTIDX,NIFTY,13-Aug-2020,9750,PE,0,0,0,487.25,74.3,0,0,0,0,06-JUL-2020,
OPTIDX,NIFTY,13-Aug-2020,9800,PE,0,0,0,510.85,82.4,0,0,0,0,06-JUL-2020,
OPTIDX,NIFTY,13-Aug-2020,9850,PE,0,0,0,535.05,91.15,0,0,0,0,06-JUL-2020,
OPTIDX,NIFTY,13-Aug-2020,9900,PE,0,0,0,559.9,100.6,0,0,0,0,06-JUL-2020,
OPTIDX,NIFTY,13-Aug-2020,9950,PE,0,0,0,585.45,110.8,0,0,0,0,06-JUL-2020,
OPTIDX,NIFTY,13-Aug-2020,10000,PE,0,0,0,611.65,121.7,0,0,0,0,06-JUL-2020,
OPTIDX,NIFTY,13-Aug-2020,10050,PE,0,0,0,638.45,133.35,0,0,0,0,06-JUL-2020,
OPTIDX,NIFTY,13-Aug-2020,10100,PE,0,0,0,665.95,145.8,0,0,0,0,06-JUL-2020,
OPTIDX,NIFTY,13-Aug-2020,10150,PE,0,0,0,694.05,159.1,0,0,0,0,06-JUL-2020,
OPTIDX,NIFTY,13-Aug-2020,10200,PE,0,0,0,722.8,173.2,0,0,0,0,06-JUL-2020,
OPTIDX,NIFTY,13-Aug-2020,10250,PE,0,0,0,752.15,188.15,0,0,0,0,06-JUL-2020,
OPTIDX,NIFTY,13-Aug-2020,10300,PE,0,0,0,782.1,204,0,0,0,0,06-JUL-2020,
OPTIDX,NIFTY,13-Aug-2020,10350,PE,0,0,0,812.65,220.75,0,0,0,0,06-JUL-2020,
OPTIDX,NIFTY,13-Aug-2020,10400,PE,0,0,0,843.8,238.4,0,0,0,0,06-JUL-2020,
OPTIDX,NIFTY,13-Aug-2020,10450,PE,0,0,0,875.55,257,0,0,0,0,06-JUL-2020,
OPTIDX,NIFTY,13-Aug-2020,10500,PE,0,0,0,907.9,276.5,0,0,0,0,06-JUL-2020,
OPTIDX,NIFTY,13-Aug-2020,10550,PE,0,0,0,940.8,296.9,0,0,0,0,06-JUL-2020,
OPTIDX,NIFTY,13-Aug-2020,10600,PE,0,0,0,974.25,318.3,0,0,0,0,06-JUL-2020,
OPTIDX,NIFTY,13-Aug-2020,10650,PE,0,0,0,1008.25,340.65,0,0,0,0,06-JUL-2020,
OPTIDX,NIFTY,13-Aug-2020,10700,PE,0,0,0,1042.8,363.9,0,0,0,0,06-JUL-2020,
OPTIDX,NIFTY,13-Aug-2020,10750,PE,0,0,0,1077.85,388.15,0,0,0,0,06-JUL-2020,
OPTIDX,NIFTY,13-Aug-2020,10800,PE,0,0,0,1113.45,413.3,0,0,0,0,06-JUL-2020,
OPTIDX,NIFTY,13-Aug-2020,10850,PE,0,0,0,1149.5,439.45,0,0,0,0,06-JUL-2020,
OPTIDX,NIFTY,13-Aug-2020,10900,PE,0,0,0,1186.1,466.5,0,0,0,0,06-JUL-2020,
OPTIDX,NIFTY,13-Aug-2020,10950,PE,0,0,0,1223.6,494.45,0,0,0,0,06-JUL-2020,
OPTIDX,NIFTY,13-Aug-2020,11000,PE,0,0,0,1261.2,523.35,0,0,0,0,06-JUL-2020,
OPTIDX,NIFTY,13-Aug-2020,11050,PE,0,0,0,1299.2,553.1,0,0,0,0,06-JUL-2020,
OPTIDX,NIFTY,13-Aug-2020,11100,PE,0,0,0,1337.7,583.8,0,0,0,0,06-JUL-2020,
OPTIDX,NIFTY,13-Aug-2020,11150,PE,0,0,0,1376.6,615.35,0,0,0,0,06-JUL-2020,
OPTIDX,NIFTY,13-Aug-2020,11200,PE,0,0,0,1415.5,647.75,0,0,0,0,06-JUL-2020,
OPTIDX,NIFTY,13-Aug-2020,11250,PE,0,0,0,1455.2,680.95,0,0,0,0,06-JUL-2020,
OPTIDX,NIFTY,13-Aug-2020,11300,PE,0,0,0,1495.3,715,0,0,0,0,06-JUL-2020,
OPTIDX,NIFTY,13-Aug-2020,11350,PE,0,0,0,1535.8,749.85,0,0,0,0,06-JUL-2020,
OPTIDX,NIFTY,13-Aug-2020,11400,PE,0,0,0,1576.65,785.45,0,0,0,0,06-JUL-2020,
OPTIDX,NIFTY,13-Aug-2020,11450,PE,0,0,0,1555.35,821.85,0,0,0,0,06-JUL-2020,
OPTIDX,NIFTY,13-Aug-2020,11500,PE,0,0,0,1490.4,858.9,0,0,0,0,06-JUL-2020,
OPTIDX,NIFTY,13-Aug-2020,11550,PE,0,0,0,1531.55,896.7,0,0,0,0,06-JUL-2020,
OPTIDX,NIFTY,13-Aug-2020,11600,PE,0,0,0,1573.05,935.15,0,0,0,0,06-JUL-2020,
OPTIDX,NIFTY,13-Aug-2020,11650,PE,0,0,0,1485.75,974.25,0,0,0,0,06-JUL-2020,
OPTIDX,NIFTY,13-Aug-2020,11700,PE,0,0,0,1527.05,1014,0,0,0,0,06-JUL-2020,
OPTIDX,NIFTY,13-Aug-2020,11750,PE,0,0,0,1568.7,1054.35,0,0,0,0,06-JUL-2020,
OPTIDX,NIFTY,13-Aug-2020,11800,PE,0,0,0,1553.9,1095.25,0,0,0,0,06-JUL-2020,
OPTIDX,NIFTY,13-Aug-2020,11850,PE,0,0,0,1465.2,1136.75,0,0,0,0,06-JUL-2020,
OPTIDX,NIFTY,13-Aug-2020,11900,PE,0,0,0,1506.3,1178.75,0,0,0,0,06-JUL-2020,
OPTIDX,NIFTY,13-Aug-2020,11950,PE,0,0,0,1547.8,1221.25,0,0,0,0,06-JUL-2020,
OPTIDX,NIFTY,13-Aug-2020,12000,PE,0,0,0,1496.3,1264.2,0,0,0,0,06-JUL-2020,
OPTIDX,NIFTY,13-Aug-2020,12050,PE,0,0,0,1539.15,1307.65,0,0,0,0,06-JUL-2020,
OPTIDX,NIFTY,13-Aug-2020,12100,PE,0,0,0,1527.5,1351.5,0,0,0,0,06-JUL-2020,
OPTIDX,NIFTY,20-Aug-2020,8600,CE,0,0,0,1657.3,2214.15,0,0,0,0,06-JUL-2020,
OPTIDX,NIFTY,20-Aug-2020,8650,CE,0,0,0,1615.4,2165.35,0,0,0,0,06-JUL-2020,
OPTIDX,NIFTY,20-Aug-2020,8700,CE,0,0,0,1574,2116.65,0,0,0,0,06-JUL-2020,
OPTIDX,NIFTY,20-Aug-2020,8750,CE,0,0,0,1533.1,2068.15,0,0,0,0,06-JUL-2020,
OPTIDX,NIFTY,20-Aug-2020,8800,CE,0,0,0,1492.65,2019.75,0,0,0,0,06-JUL-2020,
OPTIDX,NIFTY,20-Aug-2020,8850,CE,0,0,0,1452.7,1971.6,0,0,0,0,06-JUL-2020,
OPTIDX,NIFTY,20-Aug-2020,8900,CE,0,0,0,1413.25,1923.6,0,0,0,0,06-JUL-2020,
OPTIDX,NIFTY,20-Aug-2020,8950,CE,0,0,0,1374.35,1875.8,0,0,0,0,06-JUL-2020,
OPTIDX,NIFTY,20-Aug-2020,9000,CE,0,0,0,1336,1828.25,0,0,0,0,06-JUL-2020,
OPTIDX,NIFTY,20-Aug-2020,9050,CE,0,0,0,1298.2,1780.95,0,0,0,0,06-JUL-2020,
OPTIDX,NIFTY,20-Aug-2020,9100,CE,0,0,0,1261.3,1733.95,0,0,0,0,06-JUL-2020,
OPTIDX,NIFTY,20-Aug-2020,9150,CE,0,0,0,1224.6,1687.2,0,0,0,0,06-JUL-2020,
OPTIDX,NIFTY,20-Aug-2020,9200,CE,0,0,0,1188.45,1640.8,0,0,0,0,06-JUL-2020,
OPTIDX,NIFTY,20-Aug-2020,9250,CE,0,0,0,1152.95,1594.75,0,0,0,0,06-JUL-2020,
OPTIDX,NIFTY,20-Aug-2020,9300,CE,0,0,0,1118,1549.05,0,0,0,0,06-JUL-2020,
OPTIDX,NIFTY,20-Aug-2020,9350,CE,0,0,0,1083.3,1503.75,0,0,0,0,06-JUL-2020,
OPTIDX,NIFTY,20-Aug-2020,9400,CE,0,0,0,1049.65,1458.85,0,0,0,0,06-JUL-2020,
OPTIDX,NIFTY,20-Aug-2020,9450,CE,0,0,0,1016.65,1414.4,0,0,0,0,06-JUL-2020,
OPTIDX,NIFTY,20-Aug-2020,9500,CE,0,0,0,984.25,1370.4,0,0,0,0,06-JUL-2020,
OPTIDX,NIFTY,20-Aug-2020,9550,CE,0,0,0,952.55,1326.95,0,0,0,0,06-JUL-2020,
OPTIDX,NIFTY,20-Aug-2020,9600,CE,0,0,0,921.45,1284,0,0,0,0,06-JUL-2020,
OPTIDX,NIFTY,20-Aug-2020,9650,CE,0,0,0,891,1241.55,0,0,0,0,06-JUL-2020,
OPTIDX,NIFTY,20-Aug-2020,9700,CE,0,0,0,861.2,1199.7,0,0,0,0,06-JUL-2020,
OPTIDX,NIFTY,20-Aug-2020,9750,CE,0,0,0,832.05,1158.5,0,0,0,0,06-JUL-2020,
OPTIDX,NIFTY,20-Aug-2020,9800,CE,0,0,0,803.55,1117.85,0,0,0,0,06-JUL-2020,
OPTIDX,NIFTY,20-Aug-2020,9850,CE,0,0,0,775.7,1077.9,0,0,0,0,06-JUL-2020,
OPTIDX,NIFTY,20-Aug-2020,9900,CE,0,0,0,748.5,1038.6,0,0,0,0,06-JUL-2020,
OPTIDX,NIFTY,20-Aug-2020,9950,CE,0,0,0,722,1000,0,0,0,0,06-JUL-2020,
OPTIDX,NIFTY,20-Aug-2020,10000,CE,0,0,0,696.1,962.1,0,0,0,0,06-JUL-2020,
OPTIDX,NIFTY,20-Aug-2020,10050,CE,0,0,0,670.9,924.95,0,0,0,0,06-JUL-2020,
OPTIDX,NIFTY,20-Aug-2020,10100,CE,0,0,0,646.25,888.55,0,0,0,0,06-JUL-2020,
OPTIDX,NIFTY,20-Aug-2020,10150,CE,0,0,0,622.35,852.9,0,0,0,0,06-JUL-2020,
OPTIDX,NIFTY,20-Aug-2020,10200,CE,0,0,0,599.05,818.1,0,0,0,0,06-JUL-2020,
OPTIDX,NIFTY,20-Aug-2020,10250,CE,0,0,0,576.4,784.05,0,0,0,0,06-JUL-2020,
OPTIDX,NIFTY,20-Aug-2020,10300,CE,0,0,0,554.35,750.85,0,0,0,0,06-JUL-2020,
OPTIDX,NIFTY,20-Aug-2020,10350,CE,0,0,0,532.95,718.45,0,0,0,0,06-JUL-2020,
OPTIDX,NIFTY,20-Aug-2020,10400,CE,0,0,0,512.2,686.95,0,0,0,0,06-JUL-2020,
OPTIDX,NIFTY,20-Aug-2020,10450,CE,0,0,0,492,656.25,0,0,0,0,06-JUL-2020,
OPTIDX,NIFTY,20-Aug-2020,10500,CE,0,0,0,450,626.45,0,0,75,0,06-JUL-2020,
OPTIDX,NIFTY,20-Aug-2020,10550,CE,0,0,0,453.45,597.5,0,0,0,0,06-JUL-2020,
OPTIDX,NIFTY,20-Aug-2020,10600,CE,0,0,0,435.1,569.4,0,0,0,0,06-JUL-2020,
OPTIDX,NIFTY,20-Aug-2020,10650,CE,0,0,0,417.3,542.2,0,0,0,0,06-JUL-2020,
OPTIDX,NIFTY,20-Aug-2020,10700,CE,0,0,0,400.05,515.85,0,0,0,0,06-JUL-2020,
OPTIDX,NIFTY,20-Aug-2020,10750,CE,0,0,0,383.4,490.4,0,0,0,0,06-JUL-2020,
OPTIDX,NIFTY,20-Aug-2020,10800,CE,0,0,0,367.25,465.8,0,0,0,0,06-JUL-2020,
OPTIDX,NIFTY,20-Aug-2020,10850,CE,0,0,0,351.65,442.1,0,0,0,0,06-JUL-2020,
OPTIDX,NIFTY,20-Aug-2020,10900,CE,0,0,0,336.6,419.2,0,0,0,0,06-JUL-2020,
OPTIDX,NIFTY,20-Aug-2020,10950,CE,0,0,0,322.1,397.2,0,0,0,0,06-JUL-2020,
OPTIDX,NIFTY,20-Aug-2020,11000,CE,0,0,0,308.05,376,0,0,0,0,06-JUL-2020,
OPTIDX,NIFTY,20-Aug-2020,11050,CE,0,0,0,294.55,355.65,0,0,0,0,06-JUL-2020,
OPTIDX,NIFTY,20-Aug-2020,11100,CE,0,0,0,281.5,336.1,0,0,0,0,06-JUL-2020,
OPTIDX,NIFTY,20-Aug-2020,11150,CE,0,0,0,269.4,317.35,0,0,0,0,06-JUL-2020,
OPTIDX,NIFTY,20-Aug-2020,11200,CE,0,0,0,257.35,299.45,0,0,0,0,06-JUL-2020,
OPTIDX,NIFTY,20-Aug-2020,11250,CE,0,0,0,245.75,282.25,0,0,0,0,06-JUL-2020,
OPTIDX,NIFTY,20-Aug-2020,11300,CE,0,0,0,234.6,265.85,0,0,0,0,06-JUL-2020,
OPTIDX,NIFTY,20-Aug-2020,11350,CE,0,0,0,223.9,250.2,0,0,0,0,06-JUL-2020,
OPTIDX,NIFTY,20-Aug-2020,11400,CE,0,0,0,213.15,235.3,0,0,0,0,06-JUL-2020,
OPTIDX,NIFTY,20-Aug-2020,11450,CE,0,0,0,203.2,221.05,0,0,0,0,06-JUL-2020,
OPTIDX,NIFTY,20-Aug-2020,11500,CE,0,0,0,50.4,207.5,0,0,150,0,06-JUL-2020,
OPTIDX,NIFTY,20-Aug-2020,11550,CE,0,0,0,184.5,194.65,0,0,0,0,06-JUL-2020,
OPTIDX,NIFTY,20-Aug-2020,11600,CE,0,0,0,175.7,182.4,0,0,0,0,06-JUL-2020,
OPTIDX,NIFTY,20-Aug-2020,11650,CE,0,0,0,189.05,170.8,0,0,0,0,06-JUL-2020,
OPTIDX,NIFTY,20-Aug-2020,11700,CE,0,0,0,179.95,159.8,0,0,0,0,06-JUL-2020,
OPTIDX,NIFTY,20-Aug-2020,11750,CE,0,0,0,171.25,149.4,0,0,0,0,06-JUL-2020,
OPTIDX,NIFTY,20-Aug-2020,11800,CE,0,0,0,172.4,139.55,0,0,0,0,06-JUL-2020,
OPTIDX,NIFTY,20-Aug-2020,11850,CE,0,0,0,193.75,130.25,0,0,0,0,06-JUL-2020,
OPTIDX,NIFTY,20-Aug-2020,11900,CE,0,0,0,184.45,121.45,0,0,0,0,06-JUL-2020,
OPTIDX,NIFTY,20-Aug-2020,11950,CE,0,0,0,175.55,113.15,0,0,0,0,06-JUL-2020,
OPTIDX,NIFTY,20-Aug-2020,12000,CE,0,0,0,141.5,105.35,0,0,0,0,06-JUL-2020,
OPTIDX,NIFTY,20-Aug-2020,12050,CE,0,0,0,133.7,98,0,0,0,0,06-JUL-2020,
OPTIDX,NIFTY,20-Aug-2020,12100,CE,0,0,0,123.75,91.1,0,0,0,0,06-JUL-2020,
OPTIDX,NIFTY,20-Aug-2020,8600,PE,0,0,0,95.4,5.55,0,0,0,0,06-JUL-2020,
OPTIDX,NIFTY,20-Aug-2020,8650,PE,0,0,0,103.15,6.5,0,0,0,0,06-JUL-2020,
OPTIDX,NIFTY,20-Aug-2020,8700,PE,0,0,0,111.35,7.55,0,0,0,0,06-JUL-2020,
OPTIDX,NIFTY,20-Aug-2020,8750,PE,0,0,0,120,8.75,0,0,0,0,06-JUL-2020,
OPTIDX,NIFTY,20-Aug-2020,8800,PE,0,0,0,129.15,10.15,0,0,0,0,06-JUL-2020,
OPTIDX,NIFTY,20-Aug-2020,8850,PE,0,0,0,138.8,11.7,0,0,0,0,06-JUL-2020,
OPTIDX,NIFTY,20-Aug-2020,8900,PE,0,0,0,148.95,13.4,0,0,0,0,06-JUL-2020,
OPTIDX,NIFTY,20-Aug-2020,8950,PE,0,0,0,159.65,15.4,0,0,0,0,06-JUL-2020,
OPTIDX,NIFTY,20-Aug-2020,9000,PE,0,0,0,170.85,17.55,0,0,0,0,06-JUL-2020,
OPTIDX,NIFTY,20-Aug-2020,9050,PE,0,0,0,182.65,20,0,0,0,0,06-JUL-2020,
OPTIDX,NIFTY,20-Aug-2020,9100,PE,0,0,0,195.35,22.75,0,0,0,0,06-JUL-2020,
OPTIDX,NIFTY,20-Aug-2020,9150,PE,0,0,0,208.25,25.75,0,0,0,0,06-JUL-2020,
OPTIDX,NIFTY,20-Aug-2020,9200,PE,0,0,0,221.7,29.05,0,0,0,0,06-JUL-2020,
OPTIDX,NIFTY,20-Aug-2020,9250,PE,0,0,0,235.75,32.75,0,0,0,0,06-JUL-2020,
OPTIDX,NIFTY,20-Aug-2020,9300,PE,0,0,0,250.4,36.8,0,0,0,0,06-JUL-2020,
OPTIDX,NIFTY,20-Aug-2020,9350,PE,0,0,0,265.3,41.2,0,0,0,0,06-JUL-2020,
OPTIDX,NIFTY,20-Aug-2020,9400,PE,0,0,0,281.25,46.05,0,0,0,0,06-JUL-2020,
OPTIDX,NIFTY,20-Aug-2020,9450,PE,0,0,0,297.85,51.35,0,0,0,0,06-JUL-2020,
OPTIDX,NIFTY,20-Aug-2020,9500,PE,0,0,0,315.05,57.1,0,0,0,0,06-JUL-2020,
OPTIDX,NIFTY,20-Aug-2020,9550,PE,0,0,0,332.9,63.4,0,0,0,0,06-JUL-2020,
OPTIDX,NIFTY,20-Aug-2020,9600,PE,0,0,0,351.4,70.15,0,0,0,0,06-JUL-2020,
OPTIDX,NIFTY,20-Aug-2020,9650,PE,0,0,0,370.55,77.5,0,0,0,0,06-JUL-2020,
OPTIDX,NIFTY,20-Aug-2020,9700,PE,0,0,0,390.35,85.4,0,0,0,0,06-JUL-2020,
OPTIDX,NIFTY,20-Aug-2020,9750,PE,0,0,0,410.75,93.9,0,0,0,0,06-JUL-2020,
OPTIDX,NIFTY,20-Aug-2020,9800,PE,0,0,0,431.85,103,0,0,0,0,06-JUL-2020,
OPTIDX,NIFTY,20-Aug-2020,9850,PE,0,0,0,453.65,112.75,0,0,0,0,06-JUL-2020,
OPTIDX,NIFTY,20-Aug-2020,9900,PE,0,0,0,476.05,123.2,0,0,0,0,06-JUL-2020,
OPTIDX,NIFTY,20-Aug-2020,9950,PE,0,0,0,499.1,134.35,0,0,0,0,06-JUL-2020,
OPTIDX,NIFTY,20-Aug-2020,10000,PE,0,0,0,522.8,146.2,0,0,0,0,06-JUL-2020,
OPTIDX,NIFTY,20-Aug-2020,10050,PE,0,0,0,547.2,158.75,0,0,0,0,06-JUL-2020,
OPTIDX,NIFTY,20-Aug-2020,10100,PE,0,0,0,572.15,172.1,0,0,0,0,06-JUL-2020,
OPTIDX,NIFTY,20-Aug-2020,10150,PE,0,0,0,597.8,186.2,0,0,0,0,06-JUL-2020,
OPTIDX,NIFTY,20-Aug-2020,10200,PE,0,0,0,260,201.1,0,0,75,0,06-JUL-2020,
OPTIDX,NIFTY,20-Aug-2020,10250,PE,0,0,0,651.05,216.85,0,0,0,0,06-JUL-2020,
OPTIDX,NIFTY,20-Aug-2020,10300,PE,0,0,0,678.6,233.35,0,0,0,0,06-JUL-2020,
OPTIDX,NIFTY,20-Aug-2020,10350,PE,0,0,0,706.8,250.75,0,0,0,0,06-JUL-2020,
OPTIDX,NIFTY,20-Aug-2020,10400,PE,0,0,0,735.6,268.95,0,0,0,0,06-JUL-2020,
OPTIDX,NIFTY,20-Aug-2020,10450,PE,0,0,0,765.05,288,0,0,0,0,06-JUL-2020,
OPTIDX,NIFTY,20-Aug-2020,10500,PE,0,0,0,299.25,307.95,0,0,75,0,06-JUL-2020,
OPTIDX,NIFTY,20-Aug-2020,10550,PE,0,0,0,825.7,328.7,0,0,0,0,06-JUL-2020,
OPTIDX,NIFTY,20-Aug-2020,10600,PE,0,0,0,856.9,350.35,0,0,0,0,06-JUL-2020,
OPTIDX,NIFTY,20-Aug-2020,10650,PE,0,0,0,888.7,372.9,0,0,0,0,06-JUL-2020,
OPTIDX,NIFTY,20-Aug-2020,10700,PE,0,0,0,921.05,396.3,0,0,0,0,06-JUL-2020,
OPTIDX,NIFTY,20-Aug-2020,10750,PE,0,0,0,953.95,420.6,0,0,0,0,06-JUL-2020,
OPTIDX,NIFTY,20-Aug-2020,10800,PE,0,0,0,987.4,445.7,0,0,0,0,06-JUL-2020,
OPTIDX,NIFTY,20-Aug-2020,10850,PE,0,0,0,1021.45,471.75,0,0,0,0,06-JUL-2020,
OPTIDX,NIFTY,20-Aug-2020,10900,PE,0,0,0,1055.95,498.6,0,0,0,0,06-JUL-2020,
OPTIDX,NIFTY,20-Aug-2020,10950,PE,0,0,0,1091.05,526.3,0,0,0,0,06-JUL-2020,
OPTIDX,NIFTY,20-Aug-2020,11000,PE,0,0,0,1126.6,554.85,0,0,0,0,06-JUL-2020,
OPTIDX,NIFTY,20-Aug-2020,11050,PE,0,0,0,1162.65,584.25,0,0,0,0,06-JUL-2020,
OPTIDX,NIFTY,20-Aug-2020,11100,PE,0,0,0,1199.2,614.45,0,0,0,0,06-JUL-2020,
OPTIDX,NIFTY,20-Aug-2020,11150,PE,0,0,0,1236.7,645.45,0,0,0,0,06-JUL-2020,
OPTIDX,NIFTY,20-Aug-2020,11200,PE,0,0,0,1274.25,677.25,0,0,0,0,06-JUL-2020,
OPTIDX,NIFTY,20-Aug-2020,11250,PE,0,0,0,1312.25,709.85,0,0,0,0,06-JUL-2020,
OPTIDX,NIFTY,20-Aug-2020,11300,PE,0,0,0,1350.7,743.15,0,0,0,0,06-JUL-2020,
OPTIDX,NIFTY,20-Aug-2020,11350,PE,0,0,0,1389.55,777.25,0,0,0,0,06-JUL-2020,
OPTIDX,NIFTY,20-Aug-2020,11400,PE,0,0,0,1428.4,812.05,0,0,0,0,06-JUL-2020,
OPTIDX,NIFTY,20-Aug-2020,11450,PE,0,0,0,1468.05,847.55,0,0,0,0,06-JUL-2020,
OPTIDX,NIFTY,20-Aug-2020,11500,PE,0,0,0,1508.1,883.75,0,0,0,0,06-JUL-2020,
OPTIDX,NIFTY,20-Aug-2020,11550,PE,0,0,0,1548.55,920.6,0,0,0,0,06-JUL-2020,
OPTIDX,NIFTY,20-Aug-2020,11600,PE,0,0,0,1589.35,958.15,0,0,0,0,06-JUL-2020,
OPTIDX,NIFTY,20-Aug-2020,11650,PE,0,0,0,1504.25,996.25,0,0,0,0,06-JUL-2020,
OPTIDX,NIFTY,20-Aug-2020,11700,PE,0,0,0,1544.75,1035,0,0,0,0,06-JUL-2020,
OPTIDX,NIFTY,20-Aug-2020,11750,PE,0,0,0,1585.65,1074.35,0,0,0,0,06-JUL-2020,
OPTIDX,NIFTY,20-Aug-2020,11800,PE,0,0,0,1571.35,1114.25,0,0,0,0,06-JUL-2020,
OPTIDX,NIFTY,20-Aug-2020,11850,PE,0,0,0,1484.95,1154.65,0,0,0,0,06-JUL-2020,
OPTIDX,NIFTY,20-Aug-2020,11900,PE,0,0,0,1525.3,1195.6,0,0,0,0,06-JUL-2020,
OPTIDX,NIFTY,20-Aug-2020,11950,PE,0,0,0,1566,1237.05,0,0,0,0,06-JUL-2020,
OPTIDX,NIFTY,20-Aug-2020,12000,PE,0,0,0,1514.65,1279,0,0,0,0,06-JUL-2020,
OPTIDX,NIFTY,20-Aug-2020,12050,PE,0,0,0,1556.55,1321.4,0,0,0,0,06-JUL-2020,
OPTIDX,NIFTY,20-Aug-2020,12100,PE,0,0,0,1544.95,1364.25,0,0,0,0,06-JUL-2020,
OPTIDX,NIFTY,27-Aug-2020,8000,CE,2749.55,2758.3,2749.55,2758.3,2813.25,2,16.13,2250,0,06-JUL-2020,
OPTIDX,NIFTY,27-Aug-2020,8050,CE,0,0,0,1833.9,2763.8,0,0,0,0,06-JUL-2020,
OPTIDX,NIFTY,27-Aug-2020,8100,CE,0,0,0,1798.3,2714.4,0,0,0,0,06-JUL-2020,
OPTIDX,NIFTY,27-Aug-2020,8150,CE,0,0,0,1763.15,2665.05,0,0,0,0,06-JUL-2020,
OPTIDX,NIFTY,27-Aug-2020,8200,CE,0,0,0,1728.4,2615.75,0,0,0,0,06-JUL-2020,
OPTIDX,NIFTY,27-Aug-2020,8250,CE,0,0,0,1694.1,2566.55,0,0,0,0,06-JUL-2020,
OPTIDX,NIFTY,27-Aug-2020,8300,CE,0,0,0,1660.2,2517.4,0,0,0,0,06-JUL-2020,
OPTIDX,NIFTY,27-Aug-2020,8350,CE,0,0,0,1626.75,2468.3,0,0,0,0,06-JUL-2020,
OPTIDX,NIFTY,27-Aug-2020,8400,CE,0,0,0,1593.75,2419.3,0,0,0,0,06-JUL-2020,
OPTIDX,NIFTY,27-Aug-2020,8450,CE,0,0,0,1560.8,2370.4,0,0,0,0,06-JUL-2020,
OPTIDX,NIFTY,27-Aug-2020,8500,CE,2200,2272.35,2200,2272.35,2321.6,14,112.51,47850,150,06-JUL-2020,
OPTIDX,NIFTY,27-Aug-2020,8550,CE,0,0,0,1497,2272.95,0,0,0,0,06-JUL-2020,
OPTIDX,NIFTY,27-Aug-2020,8600,CE,0,0,0,1465.75,2224.45,0,0,0,0,06-JUL-2020,
OPTIDX,NIFTY,27-Aug-2020,8650,CE,0,0,0,1434.95,2176.05,0,0,0,0,06-JUL-2020,
OPTIDX,NIFTY,27-Aug-2020,8700,CE,0,0,0,1404.6,2127.85,0,0,0,0,06-JUL-2020,
OPTIDX,NIFTY,27-Aug-2020,8750,CE,0,0,0,1374.7,2079.8,0,0,0,0,06-JUL-2020,
OPTIDX,NIFTY,27-Aug-2020,8800,CE,0,0,0,1345.25,2031.95,0,0,0,0,06-JUL-2020,
OPTIDX,NIFTY,27-Aug-2020,8850,CE,0,0,0,1316.2,1984.3,0,0,0,0,06-JUL-2020,
OPTIDX,NIFTY,27-Aug-2020,8900,CE,0,0,0,1287.65,1936.9,0,0,0,0,06-JUL-2020,
OPTIDX,NIFTY,27-Aug-2020,8950,CE,0,0,0,1259.5,1889.75,0,0,0,0,06-JUL-2020,
OPTIDX,NIFTY,27-Aug-2020,9000,CE,1698.4,1811.7,1698.4,1775.85,1775.85,31,250.57,25125,825,06-JUL-2020,
OPTIDX,NIFTY,27-Aug-2020,9050,CE,0,0,0,1204.55,1796.2,0,0,0,0,06-JUL-2020,
OPTIDX,NIFTY,27-Aug-2020,9100,CE,0,0,0,1177.7,1749.9,0,0,0,0,06-JUL-2020,
OPTIDX,NIFTY,27-Aug-2020,9150,CE,0,0,0,1151.35,1703.9,0,0,0,0,06-JUL-2020,
OPTIDX,NIFTY,27-Aug-2020,9200,CE,0,0,0,1125.4,1658.3,0,0,0,0,06-JUL-2020,
OPTIDX,NIFTY,27-Aug-2020,9250,CE,0,0,0,1099.85,1613,0,0,0,0,06-JUL-2020,
OPTIDX,NIFTY,27-Aug-2020,9300,CE,0,0,0,1074.8,1568.15,0,0,0,0,06-JUL-2020,
OPTIDX,NIFTY,27-Aug-2020,9350,CE,0,0,0,1050.1,1523.65,0,0,0,0,06-JUL-2020,
OPTIDX,NIFTY,27-Aug-2020,9400,CE,0,0,0,1025.9,1479.65,0,0,0,0,06-JUL-2020,
OPTIDX,NIFTY,27-Aug-2020,9450,CE,0,0,0,1002.1,1436.1,0,0,0,0,06-JUL-2020,
OPTIDX,NIFTY,27-Aug-2020,9500,CE,1264.45,1349.55,1258,1318.3,1318.3,229,1851.24,265425,1950,06-JUL-2020,
OPTIDX,NIFTY,27-Aug-2020,9550,CE,0,0,0,955.75,1350.4,0,0,0,0,06-JUL-2020,
OPTIDX,NIFTY,27-Aug-2020,9600,CE,0,0,0,991,1308.35,0,0,225,0,06-JUL-2020,
OPTIDX,NIFTY,27-Aug-2020,9650,CE,0,0,0,911.1,1266.85,0,0,0,0,06-JUL-2020,
OPTIDX,NIFTY,27-Aug-2020,9700,CE,0,0,0,757,1225.95,0,0,75,0,06-JUL-2020,
OPTIDX,NIFTY,27-Aug-2020,9750,CE,0,0,0,868.05,1185.6,0,0,0,0,06-JUL-2020,
OPTIDX,NIFTY,27-Aug-2020,9800,CE,984.6,1070,984.6,1042.95,1145.85,13,105.52,1200,-225,06-JUL-2020,
OPTIDX,NIFTY,27-Aug-2020,9850,CE,0,0,0,826.65,1106.75,0,0,0,0,06-JUL-2020,
OPTIDX,NIFTY,27-Aug-2020,9900,CE,920,940,920,940,1068.35,5,40.6,975,150,06-JUL-2020,
OPTIDX,NIFTY,27-Aug-2020,9950,CE,0,0,0,786.8,1030.55,0,0,0,0,06-JUL-2020,
OPTIDX,NIFTY,27-Aug-2020,10000,CE,829.75,922.6,827.75,893,893,255,2080.93,98850,2925,06-JUL-2020,
OPTIDX,NIFTY,27-Aug-2020,10050,CE,0,0,0,748.55,957.15,0,0,0,0,06-JUL-2020,
OPTIDX,NIFTY,27-Aug-2020,10100,CE,781.4,811.3,781.4,800.6,800.6,7,57.22,2550,150,06-JUL-2020,
OPTIDX,NIFTY,27-Aug-2020,10150,CE,0,0,0,478.55,886.6,0,0,75,0,06-JUL-2020,
OPTIDX,NIFTY,27-Aug-2020,10200,CE,710,750,710,726.65,852.4,17,139.29,9975,-225,06-JUL-2020,
OPTIDX,NIFTY,27-Aug-2020,10250,CE,700,700,700,700,819.05,1,8.21,150,0,06-JUL-2020,
OPTIDX,NIFTY,27-Aug-2020,10300,CE,600.95,685.7,600.95,666.5,666.5,70,574.16,25575,-750,06-JUL-2020,
OPTIDX,NIFTY,27-Aug-2020,10350,CE,0,0,0,642.7,754.55,0,0,0,0,06-JUL-2020,
OPTIDX,NIFTY,27-Aug-2020,10400,CE,555.05,610.05,550,593.05,593.05,96,790.16,72300,-1125,06-JUL-2020,
OPTIDX,NIFTY,27-Aug-2020,10450,CE,0,0,0,449.7,693.3,0,0,75,0,06-JUL-2020,
OPTIDX,NIFTY,27-Aug-2020,10500,CE,484.1,546.85,479.55,522.75,522.75,2515,20769,572025,-3375,06-JUL-2020,
OPTIDX,NIFTY,27-Aug-2020,10550,CE,601.55,601.55,388.45,504.15,635.2,4,33.12,75,0,06-JUL-2020,
OPTIDX,NIFTY,27-Aug-2020,10600,CE,441.3,483,422,460.6,460.6,536,4442.8,28725,-6150,06-JUL-2020,
OPTIDX,NIFTY,27-Aug-2020,10650,CE,0,0,0,371.45,580.35,0,0,75,0,06-JUL-2020,
OPTIDX,NIFTY,27-Aug-2020,10700,CE,383.6,420.6,365.55,400.35,400.35,672,5589.85,27450,5475,06-JUL-2020,
OPTIDX,NIFTY,27-Aug-2020,10750,CE,0,0,0,521.15,528.75,0,0,0,0,06-JUL-2020,
OPTIDX,NIFTY,27-Aug-2020,10800,CE,293.7,365.1,293.7,344.4,344.4,882,7366.79,35325,10500,06-JUL-2020,
OPTIDX,NIFTY,27-Aug-2020,10850,CE,0,0,0,494,480.4,0,0,0,0,06-JUL-2020,
OPTIDX,NIFTY,27-Aug-2020,10900,CE,272.1,308.95,262.9,290.15,290.15,557,4673.15,74925,-4725,06-JUL-2020,
OPTIDX,NIFTY,27-Aug-2020,10950,CE,0,0,0,468.1,435.2,0,0,0,0,06-JUL-2020,
OPTIDX,NIFTY,27-Aug-2020,11000,CE,223.05,261.1,216.45,243.35,243.35,5572,46967.24,682950,73350,06-JUL-2020,
OPTIDX,NIFTY,27-Aug-2020,11050,CE,0,0,0,446.1,393.15,0,0,0,0,06-JUL-2020,
OPTIDX,NIFTY,27-Aug-2020,11100,CE,204.2,214.5,179,198.3,198.3,640,5422.31,30900,17175,06-JUL-2020,
OPTIDX,NIFTY,27-Aug-2020,11150,CE,0,0,0,476.75,354.2,0,0,0,0,06-JUL-2020,
OPTIDX,NIFTY,27-Aug-2020,11200,CE,128.25,174.6,122.85,161.25,161.25,907,7725.21,37650,15075,06-JUL-2020,
OPTIDX,NIFTY,27-Aug-2020,11250,CE,0,0,0,450.7,318.15,0,0,0,0,06-JUL-2020,
OPTIDX,NIFTY,27-Aug-2020,11300,CE,279.6,279.6,85,127.25,127.25,89,762.87,3750,3750,06-JUL-2020,
OPTIDX,NIFTY,27-Aug-2020,11350,CE,0,0,0,426.35,285,0,0,0,0,06-JUL-2020,
OPTIDX,NIFTY,27-Aug-2020,11400,CE,105,115,86,97,97,21,181.14,750,750,06-JUL-2020,
OPTIDX,NIFTY,27-Aug-2020,11450,CE,0,0,0,276.55,254.55,0,0,0,0,06-JUL-2020,
OPTIDX,NIFTY,27-Aug-2020,11500,CE,71.95,87.45,71,80.45,80.45,5220,45327.36,355350,70800,06-JUL-2020,
OPTIDX,NIFTY,27-Aug-2020,11550,CE,0,0,0,273.25,226.75,0,0,0,0,06-JUL-2020,
OPTIDX,NIFTY,27-Aug-2020,11600,CE,74.2,74.2,51.25,64.8,64.8,137,1198.34,7200,5625,06-JUL-2020,
OPTIDX,NIFTY,27-Aug-2020,11650,CE,0,0,0,95,201.4,0,0,75,0,06-JUL-2020,
OPTIDX,NIFTY,27-Aug-2020,11700,CE,0,0,0,208.05,189.6,0,0,0,0,06-JUL-2020,
OPTIDX,NIFTY,27-Aug-2020,11750,CE,0,0,0,198.7,178.4,0,0,0,0,06-JUL-2020,
OPTIDX,NIFTY,27-Aug-2020,11800,CE,0,0,0,200.35,167.7,0,0,0,0,06-JUL-2020,
OPTIDX,NIFTY,27-Aug-2020,11850,CE,0,0,0,223.7,157.55,0,0,0,0,06-JUL-2020,
OPTIDX,NIFTY,27-Aug-2020,11900,CE,0,0,0,213.8,147.95,0,0,0,0,06-JUL-2020,
OPTIDX,NIFTY,27-Aug-2020,11950,CE,26,29,22.05,24.45,138.8,83,745.39,5250,1500,06-JUL-2020,
OPTIDX,NIFTY,27-Aug-2020,12000,CE,35.95,40.4,19,20.65,20.65,1358,12243.7,62400,58725,06-JUL-2020,
OPTIDX,NIFTY,27-Aug-2020,12050,CE,0,0,0,162.05,121.95,0,0,0,0,06-JUL-2020,
OPTIDX,NIFTY,27-Aug-2020,12100,CE,21.8,21.95,15.1,15.85,15.85,778,7071.24,675,675,06-JUL-2020,
OPTIDX,NIFTY,27-Aug-2020,8000,PE,23.65,24.75,18.55,20.25,20.25,1030,6196.13,187725,8700,06-JUL-2020,
OPTIDX,NIFTY,27-Aug-2020,8050,PE,0,0,0,296.05,1.55,0,0,0,0,06-JUL-2020,
OPTIDX,NIFTY,27-Aug-2020,8100,PE,0,0,0,309.85,1.85,0,0,0,0,06-JUL-2020,
OPTIDX,NIFTY,27-Aug-2020,8150,PE,0,0,0,324.1,2.2,0,0,0,0,06-JUL-2020,
OPTIDX,NIFTY,27-Aug-2020,8200,PE,20.1,27,20.1,23.05,23.05,3,18.5,75,75,06-JUL-2020,
OPTIDX,NIFTY,27-Aug-2020,8250,PE,0,0,0,353.8,3.1,0,0,0,0,06-JUL-2020,
OPTIDX,NIFTY,27-Aug-2020,8300,PE,0,0,0,369.3,3.6,0,0,0,0,06-JUL-2020,
OPTIDX,NIFTY,27-Aug-2020,8350,PE,0,0,0,385.25,4.25,0,0,0,0,06-JUL-2020,
OPTIDX,NIFTY,27-Aug-2020,8400,PE,0,0,0,25.05,4.95,0,0,75,0,06-JUL-2020,
OPTIDX,NIFTY,27-Aug-2020,8450,PE,0,0,0,418.1,5.75,0,0,0,0,06-JUL-2020,
OPTIDX,NIFTY,27-Aug-2020,8500,PE,36,37.2,29.2,31.85,31.85,962,6155.51,178425,10950,06-JUL-2020,
OPTIDX,NIFTY,27-Aug-2020,8550,PE,0,0,0,453.1,7.7,0,0,0,0,06-JUL-2020,
OPTIDX,NIFTY,27-Aug-2020,8600,PE,0,0,0,471.25,8.85,0,0,0,0,06-JUL-2020,
OPTIDX,NIFTY,27-Aug-2020,8650,PE,0,0,0,489.85,10.2,0,0,0,0,06-JUL-2020,
OPTIDX,NIFTY,27-Aug-2020,8700,PE,0,0,0,508.9,11.65,0,0,0,0,06-JUL-2020,
OPTIDX,NIFTY,27-Aug-2020,8750,PE,0,0,0,528.35,13.3,0,0,0,0,06-JUL-2020,
OPTIDX,NIFTY,27-Aug-2020,8800,PE,35.7,45,33.05,44.95,15.15,6,39.77,1200,225,06-JUL-2020,
OPTIDX,NIFTY,27-Aug-2020,8850,PE,0,0,0,568.65,17.25,0,0,0,0,06-JUL-2020,
OPTIDX,NIFTY,27-Aug-2020,8900,PE,50,57.45,46,46,46,8,53.69,1500,0,06-JUL-2020,
OPTIDX,NIFTY,27-Aug-2020,8950,PE,0,0,0,610.7,22.05,0,0,0,0,06-JUL-2020,
OPTIDX,NIFTY,27-Aug-2020,9000,PE,60.25,60.25,35,51.85,51.85,2564,17410.66,722175,-2475,06-JUL-2020,
OPTIDX,NIFTY,27-Aug-2020,9050,PE,0,0,0,119,27.95,0,0,75,0,06-JUL-2020,
OPTIDX,NIFTY,27-Aug-2020,9100,PE,0,0,0,89.45,31.3,0,0,1200,0,06-JUL-2020,
OPTIDX,NIFTY,27-Aug-2020,9150,PE,0,0,0,700.15,35.05,0,0,0,0,06-JUL-2020,
OPTIDX,NIFTY,27-Aug-2020,9200,PE,75.65,75.65,59.7,64,39.1,30,208.47,2625,600,06-JUL-2020,
OPTIDX,NIFTY,27-Aug-2020,9250,PE,0,0,0,747.45,43.55,0,0,0,0,06-JUL-2020,
OPTIDX,NIFTY,27-Aug-2020,9300,PE,77.3,77.5,65,66.65,66.65,18,126.48,1950,150,06-JUL-2020,
OPTIDX,NIFTY,27-Aug-2020,9350,PE,0,0,0,796.45,53.6,0,0,0,0,06-JUL-2020,
OPTIDX,NIFTY,27-Aug-2020,9400,PE,85.7,85.7,75.3,77.7,77.7,48,341.35,3825,1725,06-JUL-2020,
OPTIDX,NIFTY,27-Aug-2020,9450,PE,0,0,0,847.25,65.4,0,0,0,0,06-JUL-2020,
OPTIDX,NIFTY,27-Aug-2020,9500,PE,94.85,100.2,83,85.25,85.25,3478,25018.75,469425,27150,06-JUL-2020,
OPTIDX,NIFTY,27-Aug-2020,9550,PE,0,0,0,899.7,79.1,0,0,0,0,06-JUL-2020,
OPTIDX,NIFTY,27-Aug-2020,9600,PE,116.7,119.3,93.1,94.85,94.85,136,989.56,7725,3075,06-JUL-2020,
OPTIDX,NIFTY,27-Aug-2020,9650,PE,0,0,0,953.8,94.95,0,0,0,0,06-JUL-2020,
OPTIDX,NIFTY,27-Aug-2020,9700,PE,130,130,99,106.05,106.05,183,1346.23,20325,375,06-JUL-2020,
OPTIDX,NIFTY,27-Aug-2020,9750,PE,0,0,0,1009.55,113.1,0,0,0,0,06-JUL-2020,
OPTIDX,NIFTY,27-Aug-2020,9800,PE,110,146.55,101.7,117.75,117.75,538,4005.49,600000,375,06-JUL-2020,
OPTIDX,NIFTY,27-Aug-2020,9850,PE,0,0,0,1066.95,133.65,0,0,0,0,06-JUL-2020,
OPTIDX,NIFTY,27-Aug-2020,9900,PE,152.6,164.25,132,133.9,133.9,274,2063.83,11325,4425,06-JUL-2020,
OPTIDX,NIFTY,27-Aug-2020,9950,PE,0,0,0,1125.9,156.85,0,0,0,0,06-JUL-2020,
OPTIDX,NIFTY,27-Aug-2020,10000,PE,191.95,194.5,150,152.85,152.85,4128,31468.3,506175,24450,06-JUL-2020,
OPTIDX,NIFTY,27-Aug-2020,10050,PE,0,0,0,221,182.8,0,0,75,0,06-JUL-2020,
OPTIDX,NIFTY,27-Aug-2020,10100,PE,200,223.55,160.2,172.1,172.1,414,3192.12,17400,5475,06-JUL-2020,
OPTIDX,NIFTY,27-Aug-2020,10150,PE,0,0,0,1248.45,211.65,0,0,0,0,06-JUL-2020,
OPTIDX,NIFTY,27-Aug-2020,10200,PE,231.05,232.3,190,194.55,194.55,1082,8444.27,47775,11625,06-JUL-2020,
OPTIDX,NIFTY,27-Aug-2020,10250,PE,0,0,0,1311.95,243.5,0,0,0,0,06-JUL-2020,
OPTIDX,NIFTY,27-Aug-2020,10300,PE,255.05,268.5,216.15,219.95,219.95,597,4716.1,45900,975,06-JUL-2020,
OPTIDX,NIFTY,27-Aug-2020,10350,PE,0,0,0,1376.95,278.45,0,0,0,0,06-JUL-2020,
OPTIDX,NIFTY,27-Aug-2020,10400,PE,298.45,298.45,242.1,249.55,249.55,429,3431.1,440925,-3075,06-JUL-2020,
OPTIDX,NIFTY,27-Aug-2020,10450,PE,0,0,0,1443.3,316.55,0,0,0,0,06-JUL-2020,
OPTIDX,NIFTY,27-Aug-2020,10500,PE,283.5,331.45,272.5,280.1,280.1,2380,19269.59,297825,47700,06-JUL-2020,
OPTIDX,NIFTY,27-Aug-2020,10550,PE,332.1,332.1,332.1,332.1,357.85,1,8.16,75,75,06-JUL-2020,
OPTIDX,NIFTY,27-Aug-2020,10600,PE,360.05,368.55,306.9,314.45,314.45,615,5042.01,69975,6750,06-JUL-2020,
OPTIDX,NIFTY,27-Aug-2020,10650,PE,0,0,0,1580.15,402.4,0,0,0,0,06-JUL-2020,
OPTIDX,NIFTY,27-Aug-2020,10700,PE,409,409,345.5,353.4,353.4,914,7591.42,27600,20175,06-JUL-2020,
OPTIDX,NIFTY,27-Aug-2020,10750,PE,0,0,0,1650.55,450.2,0,0,0,0,06-JUL-2020,
OPTIDX,NIFTY,27-Aug-2020,10800,PE,448,451.95,384.25,399.35,399.35,474,3984.81,15300,10650,06-JUL-2020,
OPTIDX,NIFTY,27-Aug-2020,10850,PE,0,0,0,1722.2,501.25,0,0,0,0,06-JUL-2020,
OPTIDX,NIFTY,27-Aug-2020,10900,PE,452.95,453.55,429.2,437.35,437.35,25,212.63,5025,375,06-JUL-2020,
OPTIDX,NIFTY,27-Aug-2020,10950,PE,0,0,0,1795.05,555.45,0,0,0,0,06-JUL-2020,
OPTIDX,NIFTY,27-Aug-2020,11000,PE,555.05,562,482.5,493.9,493.9,2277,19649.2,194850,111750,06-JUL-2020,
OPTIDX,NIFTY,27-Aug-2020,11050,PE,0,0,0,1786.3,612.8,0,0,0,0,06-JUL-2020,
OPTIDX,NIFTY,27-Aug-2020,11100,PE,0,0,0,1823.45,642.65,0,0,0,0,06-JUL-2020,
OPTIDX,NIFTY,27-Aug-2020,11150,PE,0,0,0,1671.4,673.25,0,0,0,0,06-JUL-2020,
OPTIDX,NIFTY,27-Aug-2020,11200,PE,0,0,0,1707.65,704.55,0,0,0,0,06-JUL-2020,
OPTIDX,NIFTY,27-Aug-2020,11250,PE,0,0,0,1744.15,736.6,0,0,0,0,06-JUL-2020,
OPTIDX,NIFTY,27-Aug-2020,11300,PE,711.1,711.85,672.7,672.7,769.35,8,72,300,300,06-JUL-2020,
OPTIDX,NIFTY,27-Aug-2020,11350,PE,0,0,0,1818.65,802.8,0,0,0,0,06-JUL-2020,
OPTIDX,NIFTY,27-Aug-2020,11400,PE,0,0,0,1577.9,836.95,0,0,0,0,06-JUL-2020,
OPTIDX,NIFTY,27-Aug-2020,11450,PE,0,0,0,1616.55,871.8,0,0,0,0,06-JUL-2020,
OPTIDX,NIFTY,27-Aug-2020,11500,PE,898.35,900,795.9,819.25,819.25,1158,10711.33,93675,77100,06-JUL-2020,
OPTIDX,NIFTY,27-Aug-2020,11550,PE,0,0,0,1631.75,943.35,0,0,0,0,06-JUL-2020,
OPTIDX,NIFTY,27-Aug-2020,11600,PE,0,0,0,1600.15,980.1,0,0,0,0,06-JUL-2020,
OPTIDX,NIFTY,27-Aug-2020,11650,PE,0,0,0,1639.3,1017.4,0,0,0,0,06-JUL-2020,
OPTIDX,NIFTY,27-Aug-2020,11700,PE,0,0,0,1562.3,1055.35,0,0,0,0,06-JUL-2020,
OPTIDX,NIFTY,27-Aug-2020,11750,PE,0,0,0,1602.55,1093.8,0,0,0,0,06-JUL-2020,
OPTIDX,NIFTY,27-Aug-2020,11800,PE,0,0,0,1588.65,1132.85,0,0,0,0,06-JUL-2020,
OPTIDX,NIFTY,27-Aug-2020,11850,PE,0,0,0,1504.35,1172.4,0,0,0,0,06-JUL-2020,
OPTIDX,NIFTY,27-Aug-2020,11900,PE,0,0,0,1544,1212.45,0,0,0,0,06-JUL-2020,
OPTIDX,NIFTY,27-Aug-2020,11950,PE,0,0,0,1584.05,1253.05,0,0,0,0,06-JUL-2020,
OPTIDX,NIFTY,27-Aug-2020,12000,PE,1330,1330,1233,1256.15,1256.15,38,378.09,2775,2625,06-JUL-2020,
OPTIDX,NIFTY,27-Aug-2020,12050,PE,0,0,0,1574.15,1335.55,0,0,0,0,06-JUL-2020,
OPTIDX,NIFTY,27-Aug-2020,12100,PE,0,0,0,1562.75,1377.5,0,0,0,0,06-JUL-2020,
OPTIDX,NIFTY,03-Sep-2020,9050,CE,0,0,0,1678.55,1812.15,0,0,0,0,06-JUL-2020,
OPTIDX,NIFTY,03-Sep-2020,9100,CE,0,0,0,1637,1766.5,0,0,0,0,06-JUL-2020,
OPTIDX,NIFTY,03-Sep-2020,9150,CE,0,0,0,1595.85,1721.2,0,0,0,0,06-JUL-2020,
OPTIDX,NIFTY,03-Sep-2020,9200,CE,0,0,0,1555.2,1676.3,0,0,0,0,06-JUL-2020,
OPTIDX,NIFTY,03-Sep-2020,9250,CE,0,0,0,1515.05,1631.8,0,0,0,0,06-JUL-2020,
OPTIDX,NIFTY,03-Sep-2020,9300,CE,0,0,0,1475.4,1587.65,0,0,0,0,06-JUL-2020,
OPTIDX,NIFTY,03-Sep-2020,9350,CE,0,0,0,1436.2,1543.95,0,0,0,0,06-JUL-2020,
OPTIDX,NIFTY,03-Sep-2020,9400,CE,0,0,0,1397.55,1500.7,0,0,0,0,06-JUL-2020,
OPTIDX,NIFTY,03-Sep-2020,9450,CE,0,0,0,1359.45,1457.95,0,0,0,0,06-JUL-2020,
OPTIDX,NIFTY,03-Sep-2020,9500,CE,0,0,0,1321.85,1415.65,0,0,0,0,06-JUL-2020,
OPTIDX,NIFTY,03-Sep-2020,9550,CE,0,0,0,1285.2,1373.85,0,0,0,0,06-JUL-2020,
OPTIDX,NIFTY,03-Sep-2020,9600,CE,0,0,0,1248.7,1332.6,0,0,0,0,06-JUL-2020,
OPTIDX,NIFTY,03-Sep-2020,9650,CE,0,0,0,1212.75,1291.9,0,0,0,0,06-JUL-2020,
OPTIDX,NIFTY,03-Sep-2020,9700,CE,0,0,0,1177.35,1251.75,0,0,0,0,06-JUL-2020,
OPTIDX,NIFTY,03-Sep-2020,9750,CE,0,0,0,1142.15,1212.2,0,0,0,0,06-JUL-2020,
OPTIDX,NIFTY,03-Sep-2020,9800,CE,0,0,0,1108.05,1173.25,0,0,0,0,06-JUL-2020,
OPTIDX,NIFTY,03-Sep-2020,9850,CE,0,0,0,1074.55,1134.9,0,0,0,0,06-JUL-2020,
OPTIDX,NIFTY,03-Sep-2020,9900,CE,0,0,0,1041.6,1097.2,0,0,0,0,06-JUL-2020,
OPTIDX,NIFTY,03-Sep-2020,9950,CE,0,0,0,1009.3,1060.15,0,0,0,0,06-JUL-2020,
OPTIDX,NIFTY,03-Sep-2020,10000,CE,0,0,0,977.65,1023.8,0,0,0,0,06-JUL-2020,
OPTIDX,NIFTY,03-Sep-2020,10050,CE,0,0,0,946.6,988.1,0,0,0,0,06-JUL-2020,
OPTIDX,NIFTY,03-Sep-2020,10100,CE,0,0,0,916.15,953.05,0,0,0,0,06-JUL-2020,
OPTIDX,NIFTY,03-Sep-2020,10150,CE,0,0,0,886.4,918.75,0,0,0,0,06-JUL-2020,
OPTIDX,NIFTY,03-Sep-2020,10200,CE,0,0,0,857.2,885.15,0,0,0,0,06-JUL-2020,
OPTIDX,NIFTY,03-Sep-2020,10250,CE,0,0,0,828.7,852.3,0,0,0,0,06-JUL-2020,
OPTIDX,NIFTY,03-Sep-2020,10300,CE,0,0,0,800.8,820.15,0,0,0,0,06-JUL-2020,
OPTIDX,NIFTY,03-Sep-2020,10350,CE,0,0,0,773.55,788.8,0,0,0,0,06-JUL-2020,
OPTIDX,NIFTY,03-Sep-2020,10400,CE,0,0,0,746.95,758.15,0,0,0,0,06-JUL-2020,
OPTIDX,NIFTY,03-Sep-2020,10450,CE,0,0,0,720.95,728.25,0,0,0,0,06-JUL-2020,
OPTIDX,NIFTY,03-Sep-2020,10500,CE,0,0,0,695.6,699.1,0,0,0,0,06-JUL-2020,
OPTIDX,NIFTY,03-Sep-2020,10550,CE,0,0,0,670.85,670.75,0,0,0,0,06-JUL-2020,
OPTIDX,NIFTY,03-Sep-2020,10600,CE,0,0,0,646.75,643.15,0,0,0,0,06-JUL-2020,
OPTIDX,NIFTY,03-Sep-2020,10650,CE,0,0,0,623.25,616.3,0,0,0,0,06-JUL-2020,
OPTIDX,NIFTY,03-Sep-2020,10700,CE,0,0,0,600.4,590.2,0,0,0,0,06-JUL-2020,
OPTIDX,NIFTY,03-Sep-2020,10750,CE,0,0,0,578.15,564.85,0,0,0,0,06-JUL-2020,
OPTIDX,NIFTY,03-Sep-2020,10800,CE,0,0,0,556.55,540.3,0,0,0,0,06-JUL-2020,
OPTIDX,NIFTY,03-Sep-2020,10850,CE,0,0,0,535.5,516.5,0,0,0,0,06-JUL-2020,
OPTIDX,NIFTY,03-Sep-2020,10900,CE,0,0,0,515.1,493.4,0,0,0,0,06-JUL-2020,
OPTIDX,NIFTY,03-Sep-2020,10950,CE,0,0,0,495.25,471.1,0,0,0,0,06-JUL-2020,
OPTIDX,NIFTY,03-Sep-2020,11000,CE,0,0,0,476,449.5,0,0,0,0,06-JUL-2020,
OPTIDX,NIFTY,03-Sep-2020,11050,CE,0,0,0,457.3,428.65,0,0,0,0,06-JUL-2020,
OPTIDX,NIFTY,03-Sep-2020,11100,CE,0,0,0,439.15,408.5,0,0,0,0,06-JUL-2020,
OPTIDX,NIFTY,03-Sep-2020,11150,CE,0,0,0,421.6,389.05,0,0,0,0,06-JUL-2020,
OPTIDX,NIFTY,03-Sep-2020,11200,CE,0,0,0,404.6,370.3,0,0,0,0,06-JUL-2020,
OPTIDX,NIFTY,03-Sep-2020,11250,CE,0,0,0,388.15,352.25,0,0,0,0,06-JUL-2020,
OPTIDX,NIFTY,03-Sep-2020,11300,CE,0,0,0,372.2,334.9,0,0,0,0,06-JUL-2020,
OPTIDX,NIFTY,03-Sep-2020,11350,CE,0,0,0,356.8,318.2,0,0,0,0,06-JUL-2020,
OPTIDX,NIFTY,03-Sep-2020,11400,CE,0,0,0,341.9,302.15,0,0,0,0,06-JUL-2020,
OPTIDX,NIFTY,03-Sep-2020,11450,CE,0,0,0,327.5,286.7,0,0,0,0,06-JUL-2020,
OPTIDX,NIFTY,03-Sep-2020,11500,CE,0,0,0,313.55,271.9,0,0,0,0,06-JUL-2020,
OPTIDX,NIFTY,03-Sep-2020,11550,CE,0,0,0,300.15,257.75,0,0,0,0,06-JUL-2020,
OPTIDX,NIFTY,03-Sep-2020,11600,CE,0,0,0,287.2,244.15,0,0,0,0,06-JUL-2020,
OPTIDX,NIFTY,03-Sep-2020,11650,CE,0,0,0,275.2,231.1,0,0,0,0,06-JUL-2020,
OPTIDX,NIFTY,03-Sep-2020,11700,CE,0,0,0,263.2,218.65,0,0,0,0,06-JUL-2020,
OPTIDX,NIFTY,03-Sep-2020,11750,CE,0,0,0,251.65,206.75,0,0,0,0,06-JUL-2020,
OPTIDX,NIFTY,03-Sep-2020,11800,CE,0,0,0,240.5,195.4,0,0,0,0,06-JUL-2020,
OPTIDX,NIFTY,03-Sep-2020,11850,CE,0,0,0,229.8,184.55,0,0,0,0,06-JUL-2020,
OPTIDX,NIFTY,03-Sep-2020,11900,CE,0,0,0,219.05,174.2,0,0,0,0,06-JUL-2020,
OPTIDX,NIFTY,03-Sep-2020,11950,CE,0,0,0,209.1,164.35,0,0,0,0,06-JUL-2020,
OPTIDX,NIFTY,03-Sep-2020,12000,CE,0,0,0,199.55,154.95,0,0,0,0,06-JUL-2020,
OPTIDX,NIFTY,03-Sep-2020,12050,CE,0,0,0,190.35,146,0,0,0,0,06-JUL-2020,
OPTIDX,NIFTY,03-Sep-2020,12100,CE,0,0,0,181,137.5,0,0,0,0,06-JUL-2020,
OPTIDX,NIFTY,03-Sep-2020,9050,PE,0,0,0,104.05,36.55,0,0,0,0,06-JUL-2020,
OPTIDX,NIFTY,03-Sep-2020,9100,PE,0,0,0,112.05,40.55,0,0,0,0,06-JUL-2020,
OPTIDX,NIFTY,03-Sep-2020,9150,PE,0,0,0,120.55,44.95,0,0,0,0,06-JUL-2020,
OPTIDX,NIFTY,03-Sep-2020,9200,PE,0,0,0,129.5,49.65,0,0,0,0,06-JUL-2020,
OPTIDX,NIFTY,03-Sep-2020,9250,PE,0,0,0,138.95,54.8,0,0,0,0,06-JUL-2020,
OPTIDX,NIFTY,03-Sep-2020,9300,PE,0,0,0,148.85,60.35,0,0,0,0,06-JUL-2020,
OPTIDX,NIFTY,03-Sep-2020,9350,PE,0,0,0,159.3,66.3,0,0,0,0,06-JUL-2020,
OPTIDX,NIFTY,03-Sep-2020,9400,PE,0,0,0,170.25,72.7,0,0,0,0,06-JUL-2020,
OPTIDX,NIFTY,03-Sep-2020,9450,PE,0,0,0,181.7,79.6,0,0,0,0,06-JUL-2020,
OPTIDX,NIFTY,03-Sep-2020,9500,PE,0,0,0,193.75,86.95,0,0,0,0,06-JUL-2020,
OPTIDX,NIFTY,03-Sep-2020,9550,PE,0,0,0,206.65,94.85,0,0,0,0,06-JUL-2020,
OPTIDX,NIFTY,03-Sep-2020,9600,PE,0,0,0,219.75,103.25,0,0,0,0,06-JUL-2020,
OPTIDX,NIFTY,03-Sep-2020,9650,PE,0,0,0,233.4,112.2,0,0,0,0,06-JUL-2020,
OPTIDX,NIFTY,03-Sep-2020,9700,PE,0,0,0,247.65,121.7,0,0,0,0,06-JUL-2020,
OPTIDX,NIFTY,03-Sep-2020,9750,PE,0,0,0,262.05,131.8,0,0,0,0,06-JUL-2020,
OPTIDX,NIFTY,03-Sep-2020,9800,PE,0,0,0,277.5,142.5,0,0,0,0,06-JUL-2020,
OPTIDX,NIFTY,03-Sep-2020,9850,PE,0,0,0,293.6,153.85,0,0,0,0,06-JUL-2020,
OPTIDX,NIFTY,03-Sep-2020,9900,PE,0,0,0,310.25,165.8,0,0,0,0,06-JUL-2020,
OPTIDX,NIFTY,03-Sep-2020,9950,PE,0,0,0,327.55,178.4,0,0,0,0,06-JUL-2020,
OPTIDX,NIFTY,03-Sep-2020,10000,PE,0,0,0,345.5,191.65,0,0,0,0,06-JUL-2020,
OPTIDX,NIFTY,03-Sep-2020,10050,PE,0,0,0,364.05,205.6,0,0,0,0,06-JUL-2020,
OPTIDX,NIFTY,03-Sep-2020,10100,PE,0,0,0,383.2,220.25,0,0,0,0,06-JUL-2020,
OPTIDX,NIFTY,03-Sep-2020,10150,PE,0,0,0,403,235.6,0,0,0,0,06-JUL-2020,
OPTIDX,NIFTY,03-Sep-2020,10200,PE,0,0,0,423.45,251.7,0,0,0,0,06-JUL-2020,
OPTIDX,NIFTY,03-Sep-2020,10250,PE,0,0,0,444.55,268.5,0,0,0,0,06-JUL-2020,
OPTIDX,NIFTY,03-Sep-2020,10300,PE,0,0,0,466.25,286,0,0,0,0,06-JUL-2020,
OPTIDX,NIFTY,03-Sep-2020,10350,PE,0,0,0,488.6,304.25,0,0,0,0,06-JUL-2020,
OPTIDX,NIFTY,03-Sep-2020,10400,PE,0,0,0,400,323.3,0,0,75,0,06-JUL-2020,
OPTIDX,NIFTY,03-Sep-2020,10450,PE,0,0,0,535.2,343.05,0,0,0,0,06-JUL-2020,
OPTIDX,NIFTY,03-Sep-2020,10500,PE,0,0,0,559.4,363.6,0,0,0,0,06-JUL-2020,
OPTIDX,NIFTY,03-Sep-2020,10550,PE,0,0,0,584.25,384.85,0,0,0,0,06-JUL-2020,
OPTIDX,NIFTY,03-Sep-2020,10600,PE,300,300,300,300,406.9,1,8.17,75,75,06-JUL-2020,
OPTIDX,NIFTY,03-Sep-2020,10650,PE,0,0,0,635.9,429.7,0,0,0,0,06-JUL-2020,
OPTIDX,NIFTY,03-Sep-2020,10700,PE,0,0,0,662.65,453.3,0,0,0,0,06-JUL-2020,
OPTIDX,NIFTY,03-Sep-2020,10750,PE,0,0,0,690,477.6,0,0,0,0,06-JUL-2020,
OPTIDX,NIFTY,03-Sep-2020,10800,PE,0,0,0,717.95,502.7,0,0,0,0,06-JUL-2020,
OPTIDX,NIFTY,03-Sep-2020,10850,PE,0,0,0,746.5,528.55,0,0,0,0,06-JUL-2020,
OPTIDX,NIFTY,03-Sep-2020,10900,PE,0,0,0,775.7,555.15,0,0,0,0,06-JUL-2020,
OPTIDX,NIFTY,03-Sep-2020,10950,PE,0,0,0,805.45,582.45,0,0,0,0,06-JUL-2020,
OPTIDX,NIFTY,03-Sep-2020,11000,PE,0,0,0,835.8,610.55,0,0,0,0,06-JUL-2020,
OPTIDX,NIFTY,03-Sep-2020,11050,PE,0,0,0,866.7,639.35,0,0,0,0,06-JUL-2020,
OPTIDX,NIFTY,03-Sep-2020,11100,PE,0,0,0,898.15,668.85,0,0,0,0,06-JUL-2020,
OPTIDX,NIFTY,03-Sep-2020,11150,PE,0,0,0,930.2,699.05,0,0,0,0,06-JUL-2020,
OPTIDX,NIFTY,03-Sep-2020,11200,PE,0,0,0,962.8,730,0,0,0,0,06-JUL-2020,
OPTIDX,NIFTY,03-Sep-2020,11250,PE,0,0,0,995.95,761.6,0,0,0,0,06-JUL-2020,
OPTIDX,NIFTY,03-Sep-2020,11300,PE,0,0,0,1029.6,793.9,0,0,0,0,06-JUL-2020,
OPTIDX,NIFTY,03-Sep-2020,11350,PE,0,0,0,1063.75,826.85,0,0,0,0,06-JUL-2020,
OPTIDX,NIFTY,03-Sep-2020,11400,PE,0,0,0,1098.45,860.45,0,0,0,0,06-JUL-2020,
OPTIDX,NIFTY,03-Sep-2020,11450,PE,0,0,0,1133.65,894.65,0,0,0,0,06-JUL-2020,
OPTIDX,NIFTY,03-Sep-2020,11500,PE,0,0,0,1169.35,929.55,0,0,0,0,06-JUL-2020,
OPTIDX,NIFTY,03-Sep-2020,11550,PE,0,0,0,1205.5,965,0,0,0,0,06-JUL-2020,
OPTIDX,NIFTY,03-Sep-2020,11600,PE,0,0,0,1242.15,1001.05,0,0,0,0,06-JUL-2020,
OPTIDX,NIFTY,03-Sep-2020,11650,PE,0,0,0,1279.75,1037.7,0,0,0,0,06-JUL-2020,
OPTIDX,NIFTY,03-Sep-2020,11700,PE,0,0,0,1317.35,1074.9,0,0,0,0,06-JUL-2020,
OPTIDX,NIFTY,03-Sep-2020,11750,PE,0,0,0,1355.4,1112.7,0,0,0,0,06-JUL-2020,
OPTIDX,NIFTY,03-Sep-2020,11800,PE,0,0,0,1393.9,1150.95,0,0,0,0,06-JUL-2020,
OPTIDX,NIFTY,03-Sep-2020,11850,PE,0,0,0,1432.75,1189.75,0,0,0,0,06-JUL-2020,
OPTIDX,NIFTY,03-Sep-2020,11900,PE,0,0,0,1471.6,1229.1,0,0,0,0,06-JUL-2020,
OPTIDX,NIFTY,03-Sep-2020,11950,PE,0,0,0,1511.25,1268.85,0,0,0,0,06-JUL-2020,
OPTIDX,NIFTY,03-Sep-2020,12000,PE,0,0,0,1551.3,1309.15,0,0,0,0,06-JUL-2020,
OPTIDX,NIFTY,03-Sep-2020,12050,PE,0,0,0,1591.7,1349.85,0,0,0,0,06-JUL-2020,
OPTIDX,NIFTY,03-Sep-2020,12100,PE,0,0,0,1580.5,1391,0,0,0,0,06-JUL-2020,
OPTIDX,NIFTY,24-Sep-2020,5200,CE,0,0,0,2900.5,5611.85,0,0,0,0,06-JUL-2020,
OPTIDX,NIFTY,24-Sep-2020,5300,CE,0,0,0,2830.8,5512.8,0,0,0,0,06-JUL-2020,
OPTIDX,NIFTY,24-Sep-2020,5400,CE,0,0,0,2762.35,5413.7,0,0,0,0,06-JUL-2020,
OPTIDX,NIFTY,24-Sep-2020,5500,CE,0,0,0,2695.2,5314.65,0,0,0,0,06-JUL-2020,
OPTIDX,NIFTY,24-Sep-2020,5600,CE,0,0,0,2629.3,5215.55,0,0,0,0,06-JUL-2020,
OPTIDX,NIFTY,24-Sep-2020,5700,CE,0,0,0,2564.7,5116.5,0,0,0,0,06-JUL-2020,
OPTIDX,NIFTY,24-Sep-2020,5800,CE,0,0,0,2501.35,5017.45,0,0,0,0,06-JUL-2020,
OPTIDX,NIFTY,24-Sep-2020,5900,CE,0,0,0,2948.15,4918.35,0,0,0,0,06-JUL-2020,
OPTIDX,NIFTY,24-Sep-2020,6000,CE,0,0,0,2880.6,4819.3,0,0,0,0,06-JUL-2020,
OPTIDX,NIFTY,24-Sep-2020,6100,CE,0,0,0,2932.3,4720.2,0,0,0,0,06-JUL-2020,
OPTIDX,NIFTY,24-Sep-2020,6200,CE,0,0,0,2863.45,4621.15,0,0,0,0,06-JUL-2020,
OPTIDX,NIFTY,24-Sep-2020,6300,CE,0,0,0,2795.85,4522.1,0,0,0,0,06-JUL-2020,
OPTIDX,NIFTY,24-Sep-2020,6400,CE,0,0,0,2729.4,4423,0,0,0,0,06-JUL-2020,
OPTIDX,NIFTY,24-Sep-2020,6500,CE,0,0,0,2664.2,4323.95,0,0,0,0,06-JUL-2020,
OPTIDX,NIFTY,24-Sep-2020,6600,CE,0,0,0,3023.4,4224.9,0,0,0,0,06-JUL-2020,
OPTIDX,NIFTY,24-Sep-2020,6700,CE,0,0,0,2956.65,4125.85,0,0,0,0,06-JUL-2020,
OPTIDX,NIFTY,24-Sep-2020,6800,CE,0,0,0,2916.85,4026.85,0,0,0,0,06-JUL-2020,
OPTIDX,NIFTY,24-Sep-2020,6900,CE,0,0,0,2844.95,3927.85,0,0,0,0,06-JUL-2020,
OPTIDX,NIFTY,24-Sep-2020,7000,CE,0,0,0,2774,3828.9,0,0,0,0,06-JUL-2020,
OPTIDX,NIFTY,24-Sep-2020,7100,CE,0,0,0,2704.2,3729.95,0,0,0,0,06-JUL-2020,
OPTIDX,NIFTY,24-Sep-2020,7200,CE,0,0,0,2694.3,3631.05,0,0,0,0,06-JUL-2020,
OPTIDX,NIFTY,24-Sep-2020,7300,CE,0,0,0,2609.1,3532.25,0,0,0,0,06-JUL-2020,
OPTIDX,NIFTY,24-Sep-2020,7400,CE,0,0,0,2525.05,3433.55,0,0,0,0,06-JUL-2020,
OPTIDX,NIFTY,24-Sep-2020,7500,CE,0,0,0,2535.9,3334.95,0,0,75,0,06-JUL-2020,
OPTIDX,NIFTY,24-Sep-2020,7600,CE,0,0,0,2360.6,3236.5,0,0,0,0,06-JUL-2020,
OPTIDX,NIFTY,24-Sep-2020,7700,CE,0,0,0,2280.3,3138.25,0,0,0,0,06-JUL-2020,
OPTIDX,NIFTY,24-Sep-2020,7800,CE,0,0,0,2201.35,3040.2,0,0,0,0,06-JUL-2020,
OPTIDX,NIFTY,24-Sep-2020,7900,CE,0,0,0,2123.85,2942.4,0,0,0,0,06-JUL-2020,
OPTIDX,NIFTY,24-Sep-2020,8000,CE,0,0,0,2047.8,2844.95,0,0,0,0,06-JUL-2020,
OPTIDX,NIFTY,24-Sep-2020,8100,CE,0,0,0,2644.45,2747.95,0,0,0,0,06-JUL-2020,
OPTIDX,NIFTY,24-Sep-2020,8200,CE,0,0,0,2555.15,2651.35,0,0,0,0,06-JUL-2020,
OPTIDX,NIFTY,24-Sep-2020,8300,CE,0,0,0,2466.8,2555.3,0,0,0,0,06-JUL-2020,
OPTIDX,NIFTY,24-Sep-2020,8400,CE,0,0,0,2379.5,2459.9,0,0,0,0,06-JUL-2020,
OPTIDX,NIFTY,24-Sep-2020,8500,CE,2244.95,2363.8,2233,2363.6,2365.25,12,97.04,1050,150,06-JUL-2020,
OPTIDX,NIFTY,24-Sep-2020,8600,CE,0,0,0,2691.65,2271.35,0,0,0,0,06-JUL-2020,
OPTIDX,NIFTY,24-Sep-2020,8700,CE,2075,2075,2075,2075,2075,1,8.08,594675,0,06-JUL-2020,
OPTIDX,NIFTY,24-Sep-2020,8800,CE,0,0,0,3054.45,2086.6,0,0,0,0,06-JUL-2020,
OPTIDX,NIFTY,24-Sep-2020,8850,CE,0,0,0,1716.8,2041.05,0,0,0,0,06-JUL-2020,
OPTIDX,NIFTY,24-Sep-2020,8900,CE,0,0,0,3124.85,1995.85,0,0,0,0,06-JUL-2020,
OPTIDX,NIFTY,24-Sep-2020,8950,CE,0,0,0,1639.7,1951,0,0,0,0,06-JUL-2020,
OPTIDX,NIFTY,24-Sep-2020,9000,CE,1775,1858,1770,1830.3,1830.3,22,177.92,17100,1500,06-JUL-2020,
OPTIDX,NIFTY,24-Sep-2020,9050,CE,0,0,0,1564.45,1862.25,0,0,0,0,06-JUL-2020,
OPTIDX,NIFTY,24-Sep-2020,9100,CE,0,0,0,3207.45,1818.4,0,0,0,0,06-JUL-2020,
OPTIDX,NIFTY,24-Sep-2020,9150,CE,0,0,0,1491.45,1774.95,0,0,0,0,06-JUL-2020,
OPTIDX,NIFTY,24-Sep-2020,9200,CE,0,0,0,3201.25,1731.9,0,0,0,0,06-JUL-2020,
OPTIDX,NIFTY,24-Sep-2020,9250,CE,0,0,0,1419.95,1689.3,0,0,0,0,06-JUL-2020,
OPTIDX,NIFTY,24-Sep-2020,9300,CE,0,0,0,3127.85,1647.05,0,0,0,0,06-JUL-2020,
OPTIDX,NIFTY,24-Sep-2020,9350,CE,0,0,0,1350.5,1605.3,0,0,0,0,06-JUL-2020,
OPTIDX,NIFTY,24-Sep-2020,9400,CE,0,0,0,3055.45,1564,0,0,0,0,06-JUL-2020,
OPTIDX,NIFTY,24-Sep-2020,9450,CE,0,0,0,1282.75,1523.15,0,0,0,0,06-JUL-2020,
OPTIDX,NIFTY,24-Sep-2020,9500,CE,1357.75,1405,1348.2,1405,1482.8,3,24.45,49875,150,06-JUL-2020,
OPTIDX,NIFTY,24-Sep-2020,9550,CE,0,0,0,1217.55,1442.95,0,0,0,0,06-JUL-2020,
OPTIDX,NIFTY,24-Sep-2020,9600,CE,0,0,0,2913.95,1403.65,0,0,0,0,06-JUL-2020,
OPTIDX,NIFTY,24-Sep-2020,9650,CE,0,0,0,1154.4,1364.8,0,0,0,0,06-JUL-2020,
OPTIDX,NIFTY,24-Sep-2020,9700,CE,0,0,0,2844.55,1326.55,0,0,0,0,06-JUL-2020,
OPTIDX,NIFTY,24-Sep-2020,9750,CE,0,0,0,1093.4,1288.85,0,0,0,0,06-JUL-2020,
OPTIDX,NIFTY,24-Sep-2020,9800,CE,0,0,0,2776.15,1251.65,0,0,0,0,06-JUL-2020,
OPTIDX,NIFTY,24-Sep-2020,9850,CE,0,0,0,1034.6,1215.1,0,0,0,0,06-JUL-2020,
OPTIDX,NIFTY,24-Sep-2020,9900,CE,0,0,0,2708.8,1179.1,0,0,0,0,06-JUL-2020,
OPTIDX,NIFTY,24-Sep-2020,9950,CE,0,0,0,977.9,1143.7,0,0,0,0,06-JUL-2020,
OPTIDX,NIFTY,24-Sep-2020,10000,CE,920,1017.3,900,980.8,980.8,50,412,5850,1575,06-JUL-2020,
OPTIDX,NIFTY,24-Sep-2020,10050,CE,0,0,0,923.35,1074.7,0,0,0,0,06-JUL-2020,
OPTIDX,NIFTY,24-Sep-2020,10100,CE,0,0,0,668.05,1041.1,0,0,0,0,06-JUL-2020,
OPTIDX,NIFTY,24-Sep-2020,10150,CE,0,0,0,870.95,1008.15,0,0,0,0,06-JUL-2020,
OPTIDX,NIFTY,24-Sep-2020,10200,CE,0,0,0,2513.1,975.85,0,0,0,0,06-JUL-2020,
OPTIDX,NIFTY,24-Sep-2020,10250,CE,0,0,0,820.65,944.15,0,0,0,0,06-JUL-2020,
OPTIDX,NIFTY,24-Sep-2020,10300,CE,0,0,0,2450.05,913.1,0,0,0,0,06-JUL-2020,
OPTIDX,NIFTY,24-Sep-2020,10350,CE,0,0,0,772.55,882.75,0,0,0,0,06-JUL-2020,
OPTIDX,NIFTY,24-Sep-2020,10400,CE,0,0,0,2388.05,853,0,0,0,0,06-JUL-2020,
OPTIDX,NIFTY,24-Sep-2020,10450,CE,0,0,0,726.5,823.9,0,0,0,0,06-JUL-2020,
OPTIDX,NIFTY,24-Sep-2020,10500,CE,580.55,643,580.55,612.65,612.65,106,882.83,14700,4575,06-JUL-2020,
OPTIDX,NIFTY,24-Sep-2020,10550,CE,0,0,0,682.5,767.7,0,0,0,0,06-JUL-2020,
OPTIDX,NIFTY,24-Sep-2020,10600,CE,539,539,539,539,740.55,2,16.7,900,0,06-JUL-2020,
OPTIDX,NIFTY,24-Sep-2020,10650,CE,0,0,0,640.55,714.05,0,0,0,0,06-JUL-2020,
OPTIDX,NIFTY,24-Sep-2020,10700,CE,501,505,480,505,688.25,8,67.2,600,600,06-JUL-2020,
OPTIDX,NIFTY,24-Sep-2020,10750,CE,0,0,0,600.6,663.1,0,0,0,0,06-JUL-2020,
OPTIDX,NIFTY,24-Sep-2020,10800,CE,0,0,0,2150.65,638.55,0,0,0,0,06-JUL-2020,
OPTIDX,NIFTY,24-Sep-2020,10850,CE,0,0,0,562.6,614.7,0,0,0,0,06-JUL-2020,
OPTIDX,NIFTY,24-Sep-2020,10900,CE,0,0,0,2094.15,591.45,0,0,0,0,06-JUL-2020,
OPTIDX,NIFTY,24-Sep-2020,10950,CE,0,0,0,526.45,568.85,0,0,0,0,06-JUL-2020,
OPTIDX,NIFTY,24-Sep-2020,11000,CE,276.35,349.95,276.35,331.65,331.65,419,3559.24,49500,9075,06-JUL-2020,
OPTIDX,NIFTY,24-Sep-2020,11050,CE,0,0,0,492.2,525.55,0,0,0,0,06-JUL-2020,
OPTIDX,NIFTY,24-Sep-2020,11100,CE,0,0,0,1984.45,504.85,0,0,0,0,06-JUL-2020,
OPTIDX,NIFTY,24-Sep-2020,11150,CE,0,0,0,459.75,484.75,0,0,0,0,06-JUL-2020,
OPTIDX,NIFTY,24-Sep-2020,11200,CE,0,0,0,1931.2,465.25,0,0,0,0,06-JUL-2020,
OPTIDX,NIFTY,24-Sep-2020,11250,CE,0,0,0,429,446.35,0,0,0,0,06-JUL-2020,
OPTIDX,NIFTY,24-Sep-2020,11300,CE,0,0,0,1879.05,428,0,0,0,0,06-JUL-2020,
OPTIDX,NIFTY,24-Sep-2020,11350,CE,0,0,0,400,410.3,0,0,0,0,06-JUL-2020,
OPTIDX,NIFTY,24-Sep-2020,11400,CE,0,0,0,1827.95,393.1,0,0,0,0,06-JUL-2020,
OPTIDX,NIFTY,24-Sep-2020,11450,CE,0,0,0,372.6,376.5,0,0,0,0,06-JUL-2020,
OPTIDX,NIFTY,24-Sep-2020,11500,CE,198.5,198.5,134,148.45,148.45,297,2594.09,32400,5550,06-JUL-2020,
OPTIDX,NIFTY,24-Sep-2020,11550,CE,0,0,0,347.2,344.95,0,0,0,0,06-JUL-2020,
OPTIDX,NIFTY,24-Sep-2020,11600,CE,0,0,0,1728.95,330,0,0,0,0,06-JUL-2020,
OPTIDX,NIFTY,24-Sep-2020,11650,CE,0,0,0,322.95,315.55,0,0,0,0,06-JUL-2020,
OPTIDX,NIFTY,24-Sep-2020,11700,CE,0,0,0,1681.05,301.6,0,0,0,0,06-JUL-2020,
OPTIDX,NIFTY,24-Sep-2020,11750,CE,0,0,0,129.7,288.15,0,0,75,0,06-JUL-2020,
OPTIDX,NIFTY,24-Sep-2020,11800,CE,0,0,0,1634.15,275.2,0,0,0,0,06-JUL-2020,
OPTIDX,NIFTY,24-Sep-2020,11850,CE,0,0,0,291.55,262.75,0,0,0,0,06-JUL-2020,
OPTIDX,NIFTY,24-Sep-2020,11900,CE,0,0,0,1588.3,250.75,0,0,0,0,06-JUL-2020,
OPTIDX,NIFTY,24-Sep-2020,11950,CE,0,0,0,267.5,239.2,0,0,0,0,06-JUL-2020,
OPTIDX,NIFTY,24-Sep-2020,12000,CE,56.95,61.05,55,58.15,58.15,358,3237.47,33150,300,06-JUL-2020,
OPTIDX,NIFTY,24-Sep-2020,12050,CE,0,0,0,274.05,217.4,0,0,0,0,06-JUL-2020,
OPTIDX,NIFTY,24-Sep-2020,12100,CE,0,0,0,1499.7,207.15,0,0,0,0,06-JUL-2020,
OPTIDX,NIFTY,24-Sep-2020,12200,CE,0,0,0,98.95,187.8,0,0,300,0,06-JUL-2020,
OPTIDX,NIFTY,24-Sep-2020,12300,CE,0,0,0,1415.1,170.05,0,0,0,0,06-JUL-2020,
OPTIDX,NIFTY,24-Sep-2020,12400,CE,0,0,0,1374.25,153.75,0,0,0,0,06-JUL-2020,
OPTIDX,NIFTY,24-Sep-2020,12500,CE,24,28,22.6,26.65,26.65,46,432.11,10575,1125,06-JUL-2020,
OPTIDX,NIFTY,24-Sep-2020,12600,CE,0,0,0,1295.5,125.1,0,0,0,0,06-JUL-2020,
OPTIDX,NIFTY,24-Sep-2020,12700,CE,0,0,0,1257.55,112.6,0,0,0,0,06-JUL-2020,
OPTIDX,NIFTY,24-Sep-2020,12800,CE,0,0,0,1220.55,101.2,0,0,0,0,06-JUL-2020,
OPTIDX,NIFTY,24-Sep-2020,12900,CE,0,0,0,1184.4,90.8,0,0,0,0,06-JUL-2020,
OPTIDX,NIFTY,24-Sep-2020,13000,CE,19.8,34.15,14.95,15,15,145,1415.78,33975,8850,06-JUL-2020,
OPTIDX,NIFTY,24-Sep-2020,13100,CE,0,0,0,1114.9,72.85,0,0,0,0,06-JUL-2020,
OPTIDX,NIFTY,24-Sep-2020,13200,CE,0,0,0,1081.45,65.1,0,0,0,0,06-JUL-2020,
OPTIDX,NIFTY,24-Sep-2020,13300,CE,0,0,0,1048.85,58.1,0,0,0,0,06-JUL-2020,
OPTIDX,NIFTY,24-Sep-2020,13400,CE,0,0,0,1017.1,51.8,0,0,0,0,06-JUL-2020,
OPTIDX,NIFTY,24-Sep-2020,13500,CE,0,0,0,986.2,46.15,0,0,0,0,06-JUL-2020,
OPTIDX,NIFTY,24-Sep-2020,13600,CE,0,0,0,956.1,41,0,0,0,0,06-JUL-2020,
OPTIDX,NIFTY,24-Sep-2020,13700,CE,0,0,0,926.8,36.4,0,0,0,0,06-JUL-2020,
OPTIDX,NIFTY,24-Sep-2020,13800,CE,0,0,0,898.3,32.3,0,0,0,0,06-JUL-2020,
OPTIDX,NIFTY,24-Sep-2020,13900,CE,0,0,0,870.55,28.6,0,0,0,0,06-JUL-2020,
OPTIDX,NIFTY,24-Sep-2020,14000,CE,0,0,0,843.55,25.35,0,0,0,0,06-JUL-2020,
OPTIDX,NIFTY,24-Sep-2020,14100,CE,0,0,0,475.7,22.4,0,0,0,0,06-JUL-2020,
OPTIDX,NIFTY,24-Sep-2020,14200,CE,0,0,0,340.6,19.75,0,0,0,0,06-JUL-2020,
OPTIDX,NIFTY,24-Sep-2020,14300,CE,0,0,0,339.5,17.45,0,0,0,0,06-JUL-2020,
OPTIDX,NIFTY,24-Sep-2020,14400,CE,0,0,0,256.25,15.35,0,0,0,0,06-JUL-2020,
OPTIDX,NIFTY,24-Sep-2020,14500,CE,0,0,0,112.2,13.5,0,0,75,0,06-JUL-2020,
OPTIDX,NIFTY,24-Sep-2020,14600,CE,0,0,0,119.55,11.85,0,0,0,0,06-JUL-2020,
OPTIDX,NIFTY,24-Sep-2020,14700,CE,0,0,0,69.55,10.4,0,0,0,0,06-JUL-2020,
OPTIDX,NIFTY,24-Sep-2020,14800,CE,0,0,0,101.25,9.15,0,0,0,0,06-JUL-2020,
OPTIDX,NIFTY,24-Sep-2020,5200,PE,0,0,0,331.7,0.05,0,0,0,0,06-JUL-2020,
OPTIDX,NIFTY,24-Sep-2020,5300,PE,0,0,0,358.95,0.05,0,0,0,0,06-JUL-2020,
OPTIDX,NIFTY,24-Sep-2020,5400,PE,0,0,0,387.45,0.05,0,0,0,0,06-JUL-2020,
OPTIDX,NIFTY,24-Sep-2020,5500,PE,0,0,0,417.25,0.05,0,0,0,0,06-JUL-2020,
OPTIDX,NIFTY,24-Sep-2020,5600,PE,0,0,0,448.3,0.05,0,0,0,0,06-JUL-2020,
OPTIDX,NIFTY,24-Sep-2020,5700,PE,0,0,0,480.65,0.05,0,0,0,0,06-JUL-2020,
OPTIDX,NIFTY,24-Sep-2020,5800,PE,0,0,0,514.25,0.05,0,0,0,0,06-JUL-2020,
OPTIDX,NIFTY,24-Sep-2020,5900,PE,0,0,0,409.85,0.05,0,0,0,0,06-JUL-2020,
OPTIDX,NIFTY,24-Sep-2020,6000,PE,0,0,0,19.95,0.05,0,0,3900,0,06-JUL-2020,
OPTIDX,NIFTY,24-Sep-2020,6100,PE,0,0,0,383.3,0.05,0,0,0,0,06-JUL-2020,
OPTIDX,NIFTY,24-Sep-2020,6200,PE,0,0,0,411.5,0.05,0,0,0,0,06-JUL-2020,
OPTIDX,NIFTY,24-Sep-2020,6300,PE,0,0,0,440.95,0.05,0,0,0,0,06-JUL-2020,
OPTIDX,NIFTY,24-Sep-2020,6400,PE,0,0,0,471.55,0.05,0,0,0,0,06-JUL-2020,
OPTIDX,NIFTY,24-Sep-2020,6500,PE,0,0,0,3.25,0.05,0,0,1500,0,06-JUL-2020,
OPTIDX,NIFTY,24-Sep-2020,6600,PE,0,0,0,461.4,0.05,0,0,0,0,06-JUL-2020,
OPTIDX,NIFTY,24-Sep-2020,6700,PE,0,0,0,491.7,0.1,0,0,0,0,06-JUL-2020,
OPTIDX,NIFTY,24-Sep-2020,6800,PE,0,0,0,317.55,0.15,0,0,0,0,06-JUL-2020,
OPTIDX,NIFTY,24-Sep-2020,6900,PE,0,0,0,342.7,0.2,0,0,0,0,06-JUL-2020,
OPTIDX,NIFTY,24-Sep-2020,7000,PE,0,0,0,33,0.3,0,0,1725,0,06-JUL-2020,
OPTIDX,NIFTY,24-Sep-2020,7100,PE,0,0,0,396,0.45,0,0,0,0,06-JUL-2020,
OPTIDX,NIFTY,24-Sep-2020,7200,PE,0,0,0,86,0.65,0,0,0,0,06-JUL-2020,
OPTIDX,NIFTY,24-Sep-2020,7300,PE,0,0,0,97.75,0.95,0,0,0,0,06-JUL-2020,
OPTIDX,NIFTY,24-Sep-2020,7400,PE,0,0,0,110.65,1.3,0,0,0,0,06-JUL-2020,
OPTIDX,NIFTY,24-Sep-2020,7500,PE,34,34,31,32.5,32.5,29,163.83,7200,1275,06-JUL-2020,
OPTIDX,NIFTY,24-Sep-2020,7600,PE,0,0,0,140.15,2.4,0,0,0,0,06-JUL-2020,
OPTIDX,NIFTY,24-Sep-2020,7700,PE,0,0,0,156.85,3.2,0,0,0,0,06-JUL-2020,
OPTIDX,NIFTY,24-Sep-2020,7800,PE,0,0,0,174.85,4.2,0,0,0,0,06-JUL-2020,
OPTIDX,NIFTY,24-Sep-2020,7900,PE,0,0,0,194.35,5.5,0,0,0,0,06-JUL-2020,
OPTIDX,NIFTY,24-Sep-2020,8000,PE,42.05,48.85,40.5,46.05,46.05,316,1906.88,46350,10650,06-JUL-2020,
OPTIDX,NIFTY,24-Sep-2020,8100,PE,0,0,0,44.7,9.2,0,0,0,0,06-JUL-2020,
OPTIDX,NIFTY,24-Sep-2020,8200,PE,0,0,0,52.3,11.65,0,0,0,0,06-JUL-2020,
OPTIDX,NIFTY,24-Sep-2020,8300,PE,0,0,0,60.9,14.7,0,0,0,0,06-JUL-2020,
OPTIDX,NIFTY,24-Sep-2020,8400,PE,0,0,0,70.55,18.35,0,0,0,0,06-JUL-2020,
OPTIDX,NIFTY,24-Sep-2020,8500,PE,61.7,70.9,61.65,65,65,182,1169.23,17250,5100,06-JUL-2020,
OPTIDX,NIFTY,24-Sep-2020,8600,PE,0,0,0,35.45,28,0,0,0,0,06-JUL-2020,
OPTIDX,NIFTY,24-Sep-2020,8700,PE,0,0,0,139.8,34.15,0,0,75,0,06-JUL-2020,
OPTIDX,NIFTY,24-Sep-2020,8800,PE,0,0,0,175.8,41.35,0,0,0,0,06-JUL-2020,
OPTIDX,NIFTY,24-Sep-2020,8850,PE,0,0,0,175.2,45.35,0,0,0,0,06-JUL-2020,
OPTIDX,NIFTY,24-Sep-2020,8900,PE,0,0,0,194.55,49.7,0,0,0,0,06-JUL-2020,
OPTIDX,NIFTY,24-Sep-2020,8950,PE,0,0,0,197,54.35,0,0,0,0,06-JUL-2020,
OPTIDX,NIFTY,24-Sep-2020,9000,PE,106.3,111.85,96.55,98.35,98.35,321,2191.63,55575,6225,06-JUL-2020,
OPTIDX,NIFTY,24-Sep-2020,9050,PE,0,0,0,220.6,64.7,0,0,0,0,06-JUL-2020,
OPTIDX,NIFTY,24-Sep-2020,9100,PE,0,0,0,257.2,70.4,0,0,0,0,06-JUL-2020,
OPTIDX,NIFTY,24-Sep-2020,9150,PE,0,0,0,246.4,76.5,0,0,0,0,06-JUL-2020,
OPTIDX,NIFTY,24-Sep-2020,9200,PE,0,0,0,282.75,82.95,0,0,0,0,06-JUL-2020,
OPTIDX,NIFTY,24-Sep-2020,9250,PE,0,0,0,273.75,89.85,0,0,0,0,06-JUL-2020,
OPTIDX,NIFTY,24-Sep-2020,9300,PE,0,0,0,303.4,97.2,0,0,0,0,06-JUL-2020,
OPTIDX,NIFTY,24-Sep-2020,9350,PE,0,0,0,303.15,104.95,0,0,0,0,06-JUL-2020,
OPTIDX,NIFTY,24-Sep-2020,9400,PE,0,0,0,325.05,113.2,0,0,0,0,06-JUL-2020,
OPTIDX,NIFTY,24-Sep-2020,9450,PE,0,0,0,334.25,121.9,0,0,0,0,06-JUL-2020,
OPTIDX,NIFTY,24-Sep-2020,9500,PE,172.7,178.7,147.9,151.4,151.4,356,2580,42375,14775,06-JUL-2020,
OPTIDX,NIFTY,24-Sep-2020,9550,PE,0,0,0,367.85,140.75,0,0,0,0,06-JUL-2020,
OPTIDX,NIFTY,24-Sep-2020,9600,PE,0,0,0,371.65,150.95,0,0,0,0,06-JUL-2020,
OPTIDX,NIFTY,24-Sep-2020,9650,PE,0,0,0,403.55,161.7,0,0,0,0,06-JUL-2020,
OPTIDX,NIFTY,24-Sep-2020,9700,PE,0,0,0,396.3,172.95,0,0,0,0,06-JUL-2020,
OPTIDX,NIFTY,24-Sep-2020,9750,PE,0,0,0,441.4,184.8,0,0,0,0,06-JUL-2020,
OPTIDX,NIFTY,24-Sep-2020,9800,PE,0,0,0,421.95,197.15,0,0,0,0,06-JUL-2020,
OPTIDX,NIFTY,24-Sep-2020,9850,PE,0,0,0,481.4,210.1,0,0,0,0,06-JUL-2020,
OPTIDX,NIFTY,24-Sep-2020,9900,PE,0,0,0,448.65,223.65,0,0,0,0,06-JUL-2020,
OPTIDX,NIFTY,24-Sep-2020,9950,PE,0,0,0,523.55,237.75,0,0,0,0,06-JUL-2020,
OPTIDX,NIFTY,24-Sep-2020,10000,PE,272,274,231.4,236.5,236.5,313,2405.6,44175,10725,06-JUL-2020,
OPTIDX,NIFTY,24-Sep-2020,10050,PE,0,0,0,567.85,267.85,0,0,0,0,06-JUL-2020,
OPTIDX,NIFTY,24-Sep-2020,10100,PE,0,0,0,505.25,283.8,0,0,0,0,06-JUL-2020,
OPTIDX,NIFTY,24-Sep-2020,10150,PE,0,0,0,614.3,300.4,0,0,0,0,06-JUL-2020,
OPTIDX,NIFTY,24-Sep-2020,10200,PE,306.3,326.2,306.3,312.85,317.6,5,39.43,1425,0,06-JUL-2020,
OPTIDX,NIFTY,24-Sep-2020,10250,PE,0,0,0,662.85,335.45,0,0,0,0,06-JUL-2020,
OPTIDX,NIFTY,24-Sep-2020,10300,PE,361.3,361.3,319.7,346,346,10,79.75,1875,225,06-JUL-2020,
OPTIDX,NIFTY,24-Sep-2020,10350,PE,0,0,0,713.55,373.1,0,0,0,0,06-JUL-2020,
OPTIDX,NIFTY,24-Sep-2020,10400,PE,0,0,0,598.15,392.9,0,0,0,0,06-JUL-2020,
OPTIDX,NIFTY,24-Sep-2020,10450,PE,0,0,0,766.35,413.35,0,0,0,0,06-JUL-2020,
OPTIDX,NIFTY,24-Sep-2020,10500,PE,420.2,421.45,366.05,370.8,370.8,167,1363.7,41625,6750,06-JUL-2020,
OPTIDX,NIFTY,24-Sep-2020,10550,PE,500,500,400,400,456.2,6,49.5,450,450,06-JUL-2020,
OPTIDX,NIFTY,24-Sep-2020,10600,PE,460,460,401.2,401.2,401.2,2,16.54,375,75,06-JUL-2020,
OPTIDX,NIFTY,24-Sep-2020,10650,PE,0,0,0,878.1,501.7,0,0,0,0,06-JUL-2020,
OPTIDX,NIFTY,24-Sep-2020,10700,PE,0,0,0,700.5,525.4,0,0,0,0,06-JUL-2020,
OPTIDX,NIFTY,24-Sep-2020,10750,PE,0,0,0,937,549.75,0,0,0,0,06-JUL-2020,
OPTIDX,NIFTY,24-Sep-2020,10800,PE,0,0,0,736.95,574.8,0,0,0,0,06-JUL-2020,
OPTIDX,NIFTY,24-Sep-2020,10850,PE,0,0,0,997.8,600.45,0,0,0,0,06-JUL-2020,
OPTIDX,NIFTY,24-Sep-2020,10900,PE,0,0,0,774.55,626.75,0,0,0,0,06-JUL-2020,
OPTIDX,NIFTY,24-Sep-2020,10950,PE,0,0,0,1060.55,653.7,0,0,0,0,06-JUL-2020,
OPTIDX,NIFTY,24-Sep-2020,11000,PE,651,651,565,579.7,579.7,206,1790.06,21600,13350,06-JUL-2020,
OPTIDX,NIFTY,24-Sep-2020,11050,PE,0,0,0,1125.1,709.45,0,0,0,0,06-JUL-2020,
OPTIDX,NIFTY,24-Sep-2020,11100,PE,0,0,0,852.9,738.25,0,0,0,0,06-JUL-2020,
OPTIDX,NIFTY,24-Sep-2020,11150,PE,0,0,0,1191.5,767.7,0,0,0,0,06-JUL-2020,
OPTIDX,NIFTY,24-Sep-2020,11200,PE,0,0,0,893.7,797.75,0,0,0,0,06-JUL-2020,
OPTIDX,NIFTY,24-Sep-2020,11250,PE,0,0,0,1259.6,828.35,0,0,0,0,06-JUL-2020,
OPTIDX,NIFTY,24-Sep-2020,11300,PE,0,0,0,935.6,859.6,0,0,0,0,06-JUL-2020,
OPTIDX,NIFTY,24-Sep-2020,11350,PE,0,0,0,1329.4,891.4,0,0,0,0,06-JUL-2020,
OPTIDX,NIFTY,24-Sep-2020,11400,PE,0,0,0,978.55,923.75,0,0,0,0,06-JUL-2020,
OPTIDX,NIFTY,24-Sep-2020,11450,PE,0,0,0,1400.85,956.7,0,0,0,0,06-JUL-2020,
OPTIDX,NIFTY,24-Sep-2020,11500,PE,939,939,877.3,902,990.2,12,111.67,2475,450,06-JUL-2020,
OPTIDX,NIFTY,24-Sep-2020,11550,PE,0,0,0,1474.35,1024.25,0,0,0,0,06-JUL-2020,
OPTIDX,NIFTY,24-Sep-2020,11600,PE,0,0,0,1067.7,1058.8,0,0,0,0,06-JUL-2020,
OPTIDX,NIFTY,24-Sep-2020,11650,PE,0,0,0,1548.9,1093.9,0,0,0,0,06-JUL-2020,
OPTIDX,NIFTY,24-Sep-2020,11700,PE,0,0,0,1113.85,1129.5,0,0,0,0,06-JUL-2020,
OPTIDX,NIFTY,24-Sep-2020,11750,PE,0,0,0,1624.95,1165.55,0,0,0,0,06-JUL-2020,
OPTIDX,NIFTY,24-Sep-2020,11800,PE,0,0,0,1160.95,1202.15,0,0,0,0,06-JUL-2020,
OPTIDX,NIFTY,24-Sep-2020,11850,PE,0,0,0,1625.05,1239.2,0,0,0,0,06-JUL-2020,
OPTIDX,NIFTY,24-Sep-2020,11900,PE,0,0,0,1209.2,1276.75,0,0,0,0,06-JUL-2020,
OPTIDX,NIFTY,24-Sep-2020,11950,PE,0,0,0,1657.4,1314.75,0,0,0,0,06-JUL-2020,
OPTIDX,NIFTY,24-Sep-2020,12000,PE,1339,1350.65,1270,1289.75,1353.15,26,259.43,2100,1650,06-JUL-2020,
OPTIDX,NIFTY,24-Sep-2020,12050,PE,0,0,0,1643.25,1392,0,0,0,0,06-JUL-2020,
OPTIDX,NIFTY,24-Sep-2020,12100,PE,0,0,0,1308.65,1431.3,0,0,0,0,06-JUL-2020,
OPTIDX,NIFTY,24-Sep-2020,12200,PE,0,0,0,1359.9,1511.05,0,0,0,0,06-JUL-2020,
OPTIDX,NIFTY,24-Sep-2020,12300,PE,0,0,0,1412.15,1592.35,0,0,0,0,06-JUL-2020,
OPTIDX,NIFTY,24-Sep-2020,12400,PE,0,0,0,1465.4,1675.1,0,0,0,0,06-JUL-2020,
OPTIDX,NIFTY,24-Sep-2020,12500,PE,1827,1827,1720,1720,1759.2,5,53.55,600,375,06-JUL-2020,
OPTIDX,NIFTY,24-Sep-2020,12600,PE,0,0,0,1574.75,1844.6,0,0,0,0,06-JUL-2020,
OPTIDX,NIFTY,24-Sep-2020,12700,PE,0,0,0,1630.85,1931.15,0,0,0,0,06-JUL-2020,
OPTIDX,NIFTY,24-Sep-2020,12800,PE,0,0,0,1687.85,2018.85,0,0,0,0,06-JUL-2020,
OPTIDX,NIFTY,24-Sep-2020,12900,PE,0,0,0,1745.8,2107.55,0,0,0,0,06-JUL-2020,
OPTIDX,NIFTY,24-Sep-2020,13000,PE,0,0,0,1804.65,2197.2,0,0,0,0,06-JUL-2020,
OPTIDX,NIFTY,24-Sep-2020,13100,PE,0,0,0,1864.4,2287.75,0,0,0,0,06-JUL-2020,
OPTIDX,NIFTY,24-Sep-2020,13200,PE,0,0,0,1925,2379.05,0,0,0,0,06-JUL-2020,
OPTIDX,NIFTY,24-Sep-2020,13300,PE,0,0,0,1986.45,2471.15,0,0,0,0,06-JUL-2020,
OPTIDX,NIFTY,24-Sep-2020,13400,PE,0,0,0,2048.75,2563.9,0,0,0,0,06-JUL-2020,
OPTIDX,NIFTY,24-Sep-2020,13500,PE,0,0,0,2111.9,2657.3,0,0,0,0,06-JUL-2020,
OPTIDX,NIFTY,24-Sep-2020,13600,PE,0,0,0,2175.85,2751.25,0,0,0,0,06-JUL-2020,
OPTIDX,NIFTY,24-Sep-2020,13700,PE,0,0,0,2240.6,2845.75,0,0,0,0,06-JUL-2020,
OPTIDX,NIFTY,24-Sep-2020,13800,PE,0,0,0,2306.15,2940.7,0,0,0,0,06-JUL-2020,
OPTIDX,NIFTY,24-Sep-2020,13900,PE,0,0,0,2372.45,3036.1,0,0,0,0,06-JUL-2020,
OPTIDX,NIFTY,24-Sep-2020,14000,PE,0,0,0,2439.55,3131.85,0,0,0,0,06-JUL-2020,
OPTIDX,NIFTY,24-Sep-2020,14100,PE,0,0,0,2162,3228,0,0,0,0,06-JUL-2020,
OPTIDX,NIFTY,24-Sep-2020,14200,PE,0,0,0,2016.4,3324.45,0,0,0,0,06-JUL-2020,
OPTIDX,NIFTY,24-Sep-2020,14300,PE,0,0,0,2022.65,3421.2,0,0,0,0,06-JUL-2020,
OPTIDX,NIFTY,24-Sep-2020,14400,PE,0,0,0,1961.25,3518.2,0,0,0,0,06-JUL-2020,
OPTIDX,NIFTY,24-Sep-2020,14500,PE,0,0,0,1856.95,3615.4,0,0,0,0,06-JUL-2020,
OPTIDX,NIFTY,24-Sep-2020,14600,PE,0,0,0,1889.95,3712.85,0,0,0,0,06-JUL-2020,
OPTIDX,NIFTY,24-Sep-2020,14700,PE,0,0,0,1876.6,3810.5,0,0,0,0,06-JUL-2020,
OPTIDX,NIFTY,24-Sep-2020,14800,PE,0,0,0,1959.4,3908.25,0,0,0,0,06-JUL-2020,
OPTIDX,NIFTY,31-Dec-2020,7000,CE,3730,3730,3730,3730,3917.9,1,8.04,900,-75,06-JUL-2020,
OPTIDX,NIFTY,31-Dec-2020,7500,CE,0,0,0,2582.25,3443.7,0,0,375,0,06-JUL-2020,
OPTIDX,NIFTY,31-Dec-2020,8000,CE,2860,2860,2850,2854,2854,3,24.42,80925,-150,06-JUL-2020,
OPTIDX,NIFTY,31-Dec-2020,8500,CE,2429.45,2429.45,2429.45,2429.45,2546.4,1,8.19,11475,75,06-JUL-2020,
OPTIDX,NIFTY,31-Dec-2020,9000,CE,1929.3,2010,1929.3,1980.9,2137.95,102,838.31,62250,5625,06-JUL-2020,
OPTIDX,NIFTY,31-Dec-2020,9500,CE,1050,1620,1050,1590,1590,39,322.92,76200,-750,06-JUL-2020,
OPTIDX,NIFTY,31-Dec-2020,9600,CE,0,0,0,574,1695.8,0,0,300,0,06-JUL-2020,
OPTIDX,NIFTY,31-Dec-2020,9700,CE,0,0,0,580,1627.75,0,0,22050,0,06-JUL-2020,
OPTIDX,NIFTY,31-Dec-2020,9800,CE,0,0,0,580.05,1561.4,0,0,2025,0,06-JUL-2020,
OPTIDX,NIFTY,31-Dec-2020,9900,CE,0,0,0,1763,1496.75,0,0,300,0,06-JUL-2020,
OPTIDX,NIFTY,31-Dec-2020,10000,CE,1176.5,1226.5,1165.5,1214.95,1214.95,113,949.04,593550,-1425,06-JUL-2020,
OPTIDX,NIFTY,31-Dec-2020,10200,CE,0,0,0,628,1313.3,0,0,300,0,06-JUL-2020,
OPTIDX,NIFTY,31-Dec-2020,10300,CE,0,0,0,429.2,1255.65,0,0,1800,0,06-JUL-2020,
OPTIDX,NIFTY,31-Dec-2020,10400,CE,0,0,0,850,1199.8,0,0,1275,0,06-JUL-2020,
OPTIDX,NIFTY,31-Dec-2020,10500,CE,858,900.05,844,873,873,213,1815.95,261900,-2625,06-JUL-2020,
OPTIDX,NIFTY,31-Dec-2020,10600,CE,0,0,0,1962,1093.25,0,0,300,0,06-JUL-2020,
OPTIDX,NIFTY,31-Dec-2020,10700,CE,0,0,0,1878,1042.65,0,0,1050,0,06-JUL-2020,
OPTIDX,NIFTY,31-Dec-2020,10800,CE,0,0,0,470,993.7,0,0,12975,0,06-JUL-2020,
OPTIDX,NIFTY,31-Dec-2020,10900,CE,0,0,0,1680,946.5,0,0,1275,0,06-JUL-2020,
OPTIDX,NIFTY,31-Dec-2020,11000,CE,550.6,603,550.6,588.9,588.9,448,3890.82,284550,7125,06-JUL-2020,
OPTIDX,NIFTY,31-Dec-2020,11100,CE,0,0,0,1649,857.15,0,0,225,0,06-JUL-2020,
OPTIDX,NIFTY,31-Dec-2020,11200,CE,0,0,0,1592,815,0,0,975,0,06-JUL-2020,
OPTIDX,NIFTY,31-Dec-2020,11300,CE,0,0,0,300,774.4,0,0,17700,0,06-JUL-2020,
OPTIDX,NIFTY,31-Dec-2020,11400,CE,0,0,0,260,735.4,0,0,16800,0,06-JUL-2020,
OPTIDX,NIFTY,31-Dec-2020,11500,CE,345.15,385.8,342.95,375.75,375.75,322,2865.65,106200,525,06-JUL-2020,
OPTIDX,NIFTY,31-Dec-2020,11600,CE,0,0,0,400,662.1,0,0,5175,0,06-JUL-2020,
OPTIDX,NIFTY,31-Dec-2020,11700,CE,0,0,0,255,627.7,0,0,2250,0,06-JUL-2020,
OPTIDX,NIFTY,31-Dec-2020,11800,CE,126.3,126.3,126.3,126.3,594.75,3,26.83,3225,0,06-JUL-2020,
OPTIDX,NIFTY,31-Dec-2020,11900,CE,0,0,0,1194,563.25,0,0,525,0,06-JUL-2020,
OPTIDX,NIFTY,31-Dec-2020,12000,CE,203.8,218,199,211.75,211.75,730,6684.19,289425,21525,06-JUL-2020,
OPTIDX,NIFTY,31-Dec-2020,12100,CE,0,0,0,1565,504.3,0,0,600,0,06-JUL-2020,
OPTIDX,NIFTY,31-Dec-2020,12200,CE,0,0,0,1505,476.8,0,0,75,0,06-JUL-2020,
OPTIDX,NIFTY,31-Dec-2020,12300,CE,0,0,0,1532,450.55,0,0,375,0,06-JUL-2020,
OPTIDX,NIFTY,31-Dec-2020,12400,CE,0,0,0,1425,425.55,0,0,675,0,06-JUL-2020,
OPTIDX,NIFTY,31-Dec-2020,12500,CE,103,118,103,115.4,115.4,166,1570.3,116400,6375,06-JUL-2020,
OPTIDX,NIFTY,31-Dec-2020,12600,CE,0,0,0,470,379.05,0,0,17625,0,06-JUL-2020,
OPTIDX,NIFTY,31-Dec-2020,13000,CE,61.2,66,60,65.5,65.5,342,3350.77,294975,7725,06-JUL-2020,
OPTIDX,NIFTY,31-Dec-2020,13300,CE,0,0,0,821.8,249.1,0,0,16350,0,06-JUL-2020,
OPTIDX,NIFTY,31-Dec-2020,13500,CE,29,33,29,32.95,32.95,67,679.96,250800,-600,06-JUL-2020,
OPTIDX,NIFTY,31-Dec-2020,14000,CE,21,21.65,20,21.65,21.65,93,977.95,149325,675,06-JUL-2020,
OPTIDX,NIFTY,31-Dec-2020,14500,CE,18,18,18,18,115.6,1,10.88,6900,75,06-JUL-2020,
OPTIDX,NIFTY,31-Dec-2020,14700,CE,0,0,0,31.45,101.2,0,0,225,0,06-JUL-2020,
OPTIDX,NIFTY,31-Dec-2020,4600,PE,0,0,0,31,0.05,0,0,1425,0,06-JUL-2020,
OPTIDX,NIFTY,31-Dec-2020,5000,PE,0,0,0,3.15,0.05,0,0,26025,0,06-JUL-2020,
OPTIDX,NIFTY,31-Dec-2020,5500,PE,0,0,0,36,0.2,0,0,1125,0,06-JUL-2020,
OPTIDX,NIFTY,31-Dec-2020,6000,PE,7.9,17.65,7.9,14.75,14.75,54,243.48,85575,0,06-JUL-2020,
OPTIDX,NIFTY,31-Dec-2020,6500,PE,35,48.95,35,46.25,46.25,9,44.17,6450,150,06-JUL-2020,
OPTIDX,NIFTY,31-Dec-2020,7000,PE,66,66,61.1,65.45,65.45,133,704.64,94875,2325,06-JUL-2020,
OPTIDX,NIFTY,31-Dec-2020,7500,PE,85,86,80,85.25,85.25,57,324.17,420000,2250,06-JUL-2020,
OPTIDX,NIFTY,31-Dec-2020,7600,PE,0,0,0,129.25,30.9,0,0,50100,0,06-JUL-2020,
OPTIDX,NIFTY,31-Dec-2020,7700,PE,0,0,0,130,36.15,0,0,6825,0,06-JUL-2020,
OPTIDX,NIFTY,31-Dec-2020,7800,PE,0,0,0,150,42.15,0,0,119850,0,06-JUL-2020,
OPTIDX,NIFTY,31-Dec-2020,7900,PE,0,0,0,150,48.85,0,0,5325,0,06-JUL-2020,
OPTIDX,NIFTY,31-Dec-2020,8000,PE,119,122.6,113.7,117.3,117.3,2753,16761.04,514350,-148350,06-JUL-2020,
OPTIDX,NIFTY,31-Dec-2020,8100,PE,0,0,0,160,64.8,0,0,30750,0,06-JUL-2020,
OPTIDX,NIFTY,31-Dec-2020,8200,PE,0,0,0,650,74.15,0,0,1200,0,06-JUL-2020,
OPTIDX,NIFTY,31-Dec-2020,8300,PE,0,0,0,170,84.5,0,0,11175,0,06-JUL-2020,
OPTIDX,NIFTY,31-Dec-2020,8400,PE,0,0,0,160.4,95.9,0,0,61200,0,06-JUL-2020,
OPTIDX,NIFTY,31-Dec-2020,8500,PE,162.4,162.5,146,151.35,151.35,332,2154.03,519675,-4500,06-JUL-2020,
OPTIDX,NIFTY,31-Dec-2020,8700,PE,0,0,0,260,137,0,0,375,0,06-JUL-2020,
OPTIDX,NIFTY,31-Dec-2020,9000,PE,230,230,203,209.5,209.5,1053,7275.45,483225,21000,06-JUL-2020,
OPTIDX,NIFTY,31-Dec-2020,9200,PE,0,0,0,400,231.95,0,0,225,0,06-JUL-2020,
OPTIDX,NIFTY,31-Dec-2020,9500,PE,319.5,319.5,285,292.35,292.35,687,5049.32,352350,21675,06-JUL-2020,
OPTIDX,NIFTY,31-Dec-2020,9600,PE,0,0,0,475,335.2,0,0,81525,0,06-JUL-2020,
OPTIDX,NIFTY,31-Dec-2020,9700,PE,0,0,0,490,365.1,0,0,93525,0,06-JUL-2020,
OPTIDX,NIFTY,31-Dec-2020,9800,PE,0,0,0,544,396.7,0,0,86250,0,06-JUL-2020,
OPTIDX,NIFTY,31-Dec-2020,9900,PE,380,380,380,380,380,1,7.71,456675,75,06-JUL-2020,
OPTIDX,NIFTY,31-Dec-2020,10000,PE,454.55,454.55,405.25,410.45,410.45,1599,12496.65,988950,30750,06-JUL-2020,
OPTIDX,NIFTY,31-Dec-2020,10100,PE,440,440,440,440,440,1,7.9,836025,75,06-JUL-2020,
OPTIDX,NIFTY,31-Dec-2020,10200,PE,465,465,455,455.05,455.05,226,1806.03,201675,-16800,06-JUL-2020,
OPTIDX,NIFTY,31-Dec-2020,10300,PE,490,490,490,490,490,1,8.09,271125,75,06-JUL-2020,
OPTIDX,NIFTY,31-Dec-2020,10400,PE,0,0,0,789,622.8,0,0,16500,0,06-JUL-2020,
OPTIDX,NIFTY,31-Dec-2020,10500,PE,610,610,553.1,555.65,555.65,793,6583.64,768450,32475,06-JUL-2020,
OPTIDX,NIFTY,31-Dec-2020,10600,PE,0,0,0,825,712.2,0,0,11325,0,06-JUL-2020,
OPTIDX,NIFTY,31-Dec-2020,10700,PE,0,0,0,900,759.5,0,0,3750,0,06-JUL-2020,
OPTIDX,NIFTY,31-Dec-2020,10800,PE,680,680,680,680,680,1,8.61,102150,75,06-JUL-2020,
OPTIDX,NIFTY,31-Dec-2020,10900,PE,0,0,0,1030,859.3,0,0,7050,0,06-JUL-2020,
OPTIDX,NIFTY,31-Dec-2020,11000,PE,831,831,751,757.75,757.75,272,2404.68,287250,11400,06-JUL-2020,
OPTIDX,NIFTY,31-Dec-2020,11100,PE,0,0,0,890,965.85,0,0,9600,0,06-JUL-2020,
OPTIDX,NIFTY,31-Dec-2020,11200,PE,0,0,0,1150,1021.6,0,0,975,0,06-JUL-2020,
OPTIDX,NIFTY,31-Dec-2020,11300,PE,875,935,875,934.75,934.75,226,2073.78,202650,75,06-JUL-2020,
OPTIDX,NIFTY,31-Dec-2020,11400,PE,0,0,0,1284,1137.95,0,0,150,0,06-JUL-2020,
OPTIDX,NIFTY,31-Dec-2020,11500,PE,1091.95,1091.95,1016,1036.2,1036.2,34,319.92,633675,675,06-JUL-2020,
OPTIDX,NIFTY,31-Dec-2020,11600,PE,0,0,0,1515,1260.5,0,0,9375,0,06-JUL-2020,
OPTIDX,NIFTY,31-Dec-2020,11800,PE,0,0,0,1610,1389.05,0,0,450,0,06-JUL-2020,
OPTIDX,NIFTY,31-Dec-2020,11900,PE,0,0,0,1783,1455.5,0,0,375,0,06-JUL-2020,
OPTIDX,NIFTY,31-Dec-2020,12000,PE,1423.55,1423.55,1350,1350,1350,27,271.09,117675,225,06-JUL-2020,
OPTIDX,NIFTY,31-Dec-2020,12500,PE,1806,1806,1797,1797,1881.7,9,96.52,14625,0,06-JUL-2020,
OPTIDX,NIFTY,31-Dec-2020,13000,PE,2200,2369.35,2200,2200,2268.75,7,79.92,24750,75,06-JUL-2020,
OPTIDX,NIFTY,31-Dec-2020,13500,PE,0,0,0,2975,2679.5,0,0,600,0,06-JUL-2020,
OPTIDX,NIFTY,31-Dec-2020,14000,PE,3127.7,3127.7,3127.7,3127.7,3109.45,1,12.84,20850,-75,06-JUL-2020,
OPTIDX,NIFTY,31-Dec-2020,14500,PE,0,0,0,4114.95,3554.5,0,0,1350,0,06-JUL-2020,
OPTIDX,NIFTY,25-Mar-2021,8000,CE,0,0,0,3454.4,3115.6,0,0,0,0,06-JUL-2020,
OPTIDX,NIFTY,25-Mar-2021,8500,CE,0,0,0,3282.25,2704.55,0,0,0,0,06-JUL-2020,
OPTIDX,NIFTY,25-Mar-2021,9000,CE,0,0,0,3121.25,2322.7,0,0,0,0,06-JUL-2020,
OPTIDX,NIFTY,25-Mar-2021,9500,CE,0,0,0,2970.6,1973.75,0,0,0,0,06-JUL-2020,
OPTIDX,NIFTY,25-Mar-2021,10000,CE,0,0,0,2829.45,1660.15,0,0,0,0,06-JUL-2020,
OPTIDX,NIFTY,25-Mar-2021,10500,CE,0,0,0,2697.1,1382.75,0,0,0,0,06-JUL-2020,
OPTIDX,NIFTY,25-Mar-2021,11000,CE,0,0,0,2572.8,1141,0,0,0,0,06-JUL-2020,
OPTIDX,NIFTY,25-Mar-2021,11500,CE,0,0,0,2527.45,933.35,0,0,0,0,06-JUL-2020,
OPTIDX,NIFTY,25-Mar-2021,12000,CE,0,0,0,374.95,757.3,0,0,375,0,06-JUL-2020,
OPTIDX,NIFTY,25-Mar-2021,12500,CE,0,0,0,689.65,609.9,0,0,0,0,06-JUL-2020,
OPTIDX,NIFTY,25-Mar-2021,13000,CE,0,0,0,1564.45,487.75,0,0,0,0,06-JUL-2020,
OPTIDX,NIFTY,25-Mar-2021,6000,PE,0,0,0,153.15,5.5,0,0,150,0,06-JUL-2020,
OPTIDX,NIFTY,25-Mar-2021,8000,PE,0,0,0,2331.75,111.6,0,0,0,0,06-JUL-2020,
OPTIDX,NIFTY,25-Mar-2021,8500,PE,0,0,0,2629.55,185.5,0,0,0,0,06-JUL-2020,
OPTIDX,NIFTY,25-Mar-2021,9000,PE,347,347,347,347,347,1,7.01,11775,75,06-JUL-2020,
OPTIDX,NIFTY,25-Mar-2021,9500,PE,0,0,0,435,424.7,0,0,150,0,06-JUL-2020,
OPTIDX,NIFTY,25-Mar-2021,10000,PE,0,0,0,660,596.05,0,0,1125,0,06-JUL-2020,
OPTIDX,NIFTY,25-Mar-2021,10500,PE,0,0,0,3924.1,803.6,0,0,0,0,06-JUL-2020,
OPTIDX,NIFTY,25-Mar-2021,11000,PE,0,0,0,4269.75,1046.85,0,0,0,0,06-JUL-2020,
OPTIDX,NIFTY,25-Mar-2021,11500,PE,0,0,0,4317.25,1324.2,0,0,0,0,06-JUL-2020,
OPTIDX,NIFTY,25-Mar-2021,12000,PE,0,0,0,3670.8,1633.1,0,0,0,0,06-JUL-2020,
OPTIDX,NIFTY,25-Mar-2021,12500,PE,0,0,0,2646.6,1970.65,0,0,0,0,06-JUL-2020,
OPTIDX,NIFTY,25-Mar-2021,13000,PE,0,0,0,220.6,2333.5,0,0,0,0,06-JUL-2020,
OPTIDX,NIFTY,24-Jun-2021,8000,CE,0,0,0,2882.1,3257.7,0,0,0,0,06-JUL-2020,
OPTIDX,NIFTY,24-Jun-2021,8500,CE,0,0,0,2609.1,2868.5,0,0,0,0,06-JUL-2020,
OPTIDX,NIFTY,24-Jun-2021,9000,CE,0,0,0,2353.4,2507.1,0,0,0,0,06-JUL-2020,
OPTIDX,NIFTY,24-Jun-2021,9500,CE,0,0,0,2115.15,2175.6,0,0,0,0,06-JUL-2020,
OPTIDX,NIFTY,24-Jun-2021,10000,CE,0,0,0,1806.7,1875.15,0,0,75,0,06-JUL-2020,
OPTIDX,NIFTY,24-Jun-2021,10100,CE,0,0,0,760,1818.8,0,0,1050,0,06-JUL-2020,
OPTIDX,NIFTY,24-Jun-2021,10300,CE,0,0,0,800,1709.9,0,0,600,0,06-JUL-2020,
OPTIDX,NIFTY,24-Jun-2021,10400,CE,0,0,0,850.05,1657.25,0,0,825,0,06-JUL-2020,
OPTIDX,NIFTY,24-Jun-2021,10500,CE,0,0,0,550,1605.9,0,0,900,0,06-JUL-2020,
OPTIDX,NIFTY,24-Jun-2021,10600,CE,0,0,0,935,1555.75,0,0,66375,0,06-JUL-2020,
OPTIDX,NIFTY,24-Jun-2021,10700,CE,0,0,0,900,1506.8,0,0,71175,0,06-JUL-2020,
OPTIDX,NIFTY,24-Jun-2021,10800,CE,0,0,0,2118,1459.05,0,0,54600,0,06-JUL-2020,
OPTIDX,NIFTY,24-Jun-2021,10900,CE,0,0,0,3543,1412.5,0,0,675,0,06-JUL-2020,
OPTIDX,NIFTY,24-Jun-2021,11000,CE,0,0,0,640,1367.15,0,0,8025,0,06-JUL-2020,
OPTIDX,NIFTY,24-Jun-2021,11200,CE,0,0,0,307.1,1279.9,0,0,150,0,06-JUL-2020,
OPTIDX,NIFTY,24-Jun-2021,11300,CE,0,0,0,2130,1237.95,0,0,75,0,06-JUL-2020,
OPTIDX,NIFTY,24-Jun-2021,11400,CE,0,0,0,2480,1197.15,0,0,75,0,06-JUL-2020,
OPTIDX,NIFTY,24-Jun-2021,11500,CE,0,0,0,463,1157.5,0,0,40050,0,06-JUL-2020,
OPTIDX,NIFTY,24-Jun-2021,11600,CE,0,0,0,1390,1118.9,0,0,2325,0,06-JUL-2020,
OPTIDX,NIFTY,24-Jun-2021,11700,CE,0,0,0,1350,1081.35,0,0,51600,0,06-JUL-2020,
OPTIDX,NIFTY,24-Jun-2021,11800,CE,0,0,0,1500,1044.85,0,0,2100,0,06-JUL-2020,
OPTIDX,NIFTY,24-Jun-2021,11900,CE,0,0,0,2235,1009.45,0,0,20925,0,06-JUL-2020,
OPTIDX,NIFTY,24-Jun-2021,12000,CE,0,0,0,390,975,0,0,150,0,06-JUL-2020,
OPTIDX,NIFTY,24-Jun-2021,12100,CE,0,0,0,2085,941.6,0,0,225,0,06-JUL-2020,
OPTIDX,NIFTY,24-Jun-2021,12200,CE,0,0,0,1363,909.15,0,0,450,0,06-JUL-2020,
OPTIDX,NIFTY,24-Jun-2021,12500,CE,0,0,0,900.75,817.5,0,0,0,0,06-JUL-2020,
OPTIDX,NIFTY,24-Jun-2021,13000,CE,0,0,0,220,682.5,0,0,150,0,06-JUL-2020,
OPTIDX,NIFTY,24-Jun-2021,13500,CE,0,0,0,980,567.65,0,0,12750,0,06-JUL-2020,
OPTIDX,NIFTY,24-Jun-2021,14300,CE,0,0,0,408,419.7,0,0,12000,0,06-JUL-2020,
OPTIDX,NIFTY,24-Jun-2021,6000,PE,0,0,0,3.05,14.95,0,0,300,0,06-JUL-2020,
OPTIDX,NIFTY,24-Jun-2021,8000,PE,0,0,0,195.2,171.9,0,0,0,0,06-JUL-2020,
OPTIDX,NIFTY,24-Jun-2021,8100,PE,0,0,0,456,187.95,0,0,4200,0,06-JUL-2020,
OPTIDX,NIFTY,24-Jun-2021,8200,PE,0,0,0,300,205,0,0,2400,0,06-JUL-2020,
OPTIDX,NIFTY,24-Jun-2021,8300,PE,0,0,0,684,223.1,0,0,3375,0,06-JUL-2020,
OPTIDX,NIFTY,24-Jun-2021,8400,PE,0,0,0,400,242.3,0,0,5175,0,06-JUL-2020,
OPTIDX,NIFTY,24-Jun-2021,8500,PE,0,0,0,475,262.55,0,0,1950,0,06-JUL-2020,
OPTIDX,NIFTY,24-Jun-2021,8600,PE,0,0,0,650,283.95,0,0,3600,0,06-JUL-2020,
OPTIDX,NIFTY,24-Jun-2021,8700,PE,0,0,0,530,306.45,0,0,8400,0,06-JUL-2020,
OPTIDX,NIFTY,24-Jun-2021,8800,PE,0,0,0,590,330.15,0,0,3000,0,06-JUL-2020,
OPTIDX,NIFTY,24-Jun-2021,9000,PE,0,0,0,439,381,0,0,3750,0,06-JUL-2020,
OPTIDX,NIFTY,24-Jun-2021,9100,PE,0,0,0,156,408.25,0,0,13575,0,06-JUL-2020,
OPTIDX,NIFTY,24-Jun-2021,9200,PE,0,0,0,226,436.7,0,0,5400,0,06-JUL-2020,
OPTIDX,NIFTY,24-Jun-2021,9500,PE,0,0,0,500,529.4,0,0,750,0,06-JUL-2020,
OPTIDX,NIFTY,24-Jun-2021,9700,PE,0,0,0,214,597.4,0,0,4950,0,06-JUL-2020,
OPTIDX,NIFTY,24-Jun-2021,10000,PE,616.8,616.9,616.8,616.9,708.8,3,23.88,5775,225,06-JUL-2020,
OPTIDX,NIFTY,24-Jun-2021,10100,PE,0,0,0,655,748.45,0,0,4725,0,06-JUL-2020,
OPTIDX,NIFTY,24-Jun-2021,10200,PE,0,0,0,1015,789.3,0,0,80025,0,06-JUL-2020,
OPTIDX,NIFTY,24-Jun-2021,10300,PE,0,0,0,1940,831.45,0,0,9600,0,06-JUL-2020,
OPTIDX,NIFTY,24-Jun-2021,10400,PE,0,0,0,1435,874.8,0,0,6600,0,06-JUL-2020,
OPTIDX,NIFTY,24-Jun-2021,10500,PE,740,740,740,740,740,1,8.43,542100,75,06-JUL-2020,
OPTIDX,NIFTY,24-Jun-2021,10600,PE,0,0,0,2300,965.25,0,0,7425,0,06-JUL-2020,
OPTIDX,NIFTY,24-Jun-2021,10700,PE,0,0,0,711.9,1012.25,0,0,15600,0,06-JUL-2020,
OPTIDX,NIFTY,24-Jun-2021,10800,PE,0,0,0,752.65,1060.5,0,0,9600,0,06-JUL-2020,
OPTIDX,NIFTY,24-Jun-2021,10900,PE,0,0,0,1000,1109.95,0,0,5775,0,06-JUL-2020,
OPTIDX,NIFTY,24-Jun-2021,11000,PE,0,0,0,1300,1160.55,0,0,41475,0,06-JUL-2020,
OPTIDX,NIFTY,24-Jun-2021,11100,PE,0,0,0,1050,1212.3,0,0,825,0,06-JUL-2020,
OPTIDX,NIFTY,24-Jun-2021,11200,PE,0,0,0,1200,1265.2,0,0,14400,0,06-JUL-2020,
OPTIDX,NIFTY,24-Jun-2021,11300,PE,0,0,0,2754.75,1319.25,0,0,1425,0,06-JUL-2020,
OPTIDX,NIFTY,24-Jun-2021,11400,PE,0,0,0,1300,1374.45,0,0,51825,0,06-JUL-2020,
OPTIDX,NIFTY,24-Jun-2021,11500,PE,0,0,0,1259.1,1430.75,0,0,6750,0,06-JUL-2020,
OPTIDX,NIFTY,24-Jun-2021,11600,PE,0,0,0,2091.2,1488.1,0,0,1125,0,06-JUL-2020,
OPTIDX,NIFTY,24-Jun-2021,11700,PE,0,0,0,2115.5,1546.55,0,0,2325,0,06-JUL-2020,
OPTIDX,NIFTY,24-Jun-2021,11900,PE,0,0,0,1725,1666.55,0,0,150,0,06-JUL-2020,
OPTIDX,NIFTY,24-Jun-2021,12000,PE,0,0,0,744.15,1728.1,0,0,0,0,06-JUL-2020,
OPTIDX,NIFTY,24-Jun-2021,12400,PE,0,0,0,3638.35,1984.1,0,0,7725,0,06-JUL-2020,
OPTIDX,NIFTY,24-Jun-2021,12500,PE,0,0,0,886,2050.45,0,0,75,0,06-JUL-2020,
OPTIDX,NIFTY,24-Jun-2021,12700,PE,0,0,0,728.9,2185.85,0,0,29475,0,06-JUL-2020,
OPTIDX,NIFTY,24-Jun-2021,13000,PE,0,0,0,738.3,2395.35,0,0,0,0,06-JUL-2020,
OPTIDX,NIFTY,30-Dec-2021,8000,CE,0,0,0,2562.15,3539.15,0,0,0,0,06-JUL-2020,
OPTIDX,NIFTY,30-Dec-2021,8500,CE,0,0,0,2295.25,3182.25,0,0,0,0,06-JUL-2020,
OPTIDX,NIFTY,30-Dec-2021,9000,CE,0,0,0,2060,2849.8,0,0,8700,0,06-JUL-2020,
OPTIDX,NIFTY,30-Dec-2021,9500,CE,0,0,0,1819.65,2542.55,0,0,0,0,06-JUL-2020,
OPTIDX,NIFTY,30-Dec-2021,10000,CE,0,0,0,1470,2260.6,0,0,1275,0,06-JUL-2020,
OPTIDX,NIFTY,30-Dec-2021,10500,CE,0,0,0,1423.45,2003.6,0,0,0,0,06-JUL-2020,
OPTIDX,NIFTY,30-Dec-2021,10600,CE,0,0,0,1085.4,1955.1,0,0,65550,0,06-JUL-2020,
OPTIDX,NIFTY,30-Dec-2021,10700,CE,0,0,0,1095,1907.55,0,0,69900,0,06-JUL-2020,
OPTIDX,NIFTY,30-Dec-2021,10800,CE,0,0,0,2341.3,1861,0,0,35625,0,06-JUL-2020,
OPTIDX,NIFTY,30-Dec-2021,11000,CE,0,0,0,1447.2,1770.65,0,0,0,0,06-JUL-2020,
OPTIDX,NIFTY,30-Dec-2021,11500,CE,0,0,0,1938,1560.75,0,0,62175,0,06-JUL-2020,
OPTIDX,NIFTY,30-Dec-2021,11600,CE,0,0,0,2406.1,1521.4,0,0,5250,0,06-JUL-2020,
OPTIDX,NIFTY,30-Dec-2021,11700,CE,0,0,0,2480.25,1482.95,0,0,45900,0,06-JUL-2020,
OPTIDX,NIFTY,30-Dec-2021,11800,CE,0,0,0,2261.15,1445.3,0,0,12975,0,06-JUL-2020,
OPTIDX,NIFTY,30-Dec-2021,11900,CE,0,0,0,1750,1408.5,0,0,30525,0,06-JUL-2020,
OPTIDX,NIFTY,30-Dec-2021,12000,CE,0,0,0,702,1372.5,0,0,825,0,06-JUL-2020,
OPTIDX,NIFTY,30-Dec-2021,12500,CE,0,0,0,1025,1204.4,0,0,0,0,06-JUL-2020,
OPTIDX,NIFTY,30-Dec-2021,13000,CE,0,0,0,1167.9,1054.95,0,0,0,0,06-JUL-2020,
OPTIDX,NIFTY,30-Dec-2021,7800,PE,0,0,0,340,247.85,0,0,300,0,06-JUL-2020,
OPTIDX,NIFTY,30-Dec-2021,8000,PE,0,0,0,92.35,286.25,0,0,0,0,06-JUL-2020,
OPTIDX,NIFTY,30-Dec-2021,8500,PE,0,0,0,650,398.75,0,0,5475,0,06-JUL-2020,
OPTIDX,NIFTY,30-Dec-2021,9000,PE,0,0,0,550,535.7,0,0,4050,0,06-JUL-2020,
OPTIDX,NIFTY,30-Dec-2021,9100,PE,0,0,0,203,566.15,0,0,13575,0,06-JUL-2020,
OPTIDX,NIFTY,30-Dec-2021,9200,PE,0,0,0,600,597.55,0,0,5550,0,06-JUL-2020,
OPTIDX,NIFTY,30-Dec-2021,9500,PE,0,0,0,594.8,697.9,0,0,0,0,06-JUL-2020,
OPTIDX,NIFTY,30-Dec-2021,9700,PE,0,0,0,261,769.85,0,0,4950,0,06-JUL-2020,
OPTIDX,NIFTY,30-Dec-2021,10000,PE,658.95,660.35,650,650,650,4,31.97,123900,75,06-JUL-2020,
OPTIDX,NIFTY,30-Dec-2021,10100,PE,0,0,0,1216,925.85,0,0,825,0,06-JUL-2020,
OPTIDX,NIFTY,30-Dec-2021,10200,PE,0,0,0,1385,967.35,0,0,225,0,06-JUL-2020,
OPTIDX,NIFTY,30-Dec-2021,10300,PE,0,0,0,745.45,1009.85,0,0,600,0,06-JUL-2020,
OPTIDX,NIFTY,30-Dec-2021,10400,PE,0,0,0,1601,1053.3,0,0,2925,0,06-JUL-2020,
OPTIDX,NIFTY,30-Dec-2021,10500,PE,818,818,800,800,800,4,33.93,463500,75,06-JUL-2020,
OPTIDX,NIFTY,30-Dec-2021,10600,PE,0,0,0,833.8,1143.15,0,0,11700,0,06-JUL-2020,
OPTIDX,NIFTY,30-Dec-2021,10700,PE,0,0,0,1020.45,1189.5,0,0,9825,0,06-JUL-2020,
OPTIDX,NIFTY,30-Dec-2021,10800,PE,0,0,0,882.05,1236.85,0,0,16800,0,06-JUL-2020,
OPTIDX,NIFTY,30-Dec-2021,10900,PE,0,0,0,1250,1285.1,0,0,3450,0,06-JUL-2020,
OPTIDX,NIFTY,30-Dec-2021,11000,PE,1015,1064.8,1012,1012,1012,8,72.18,155475,300,06-JUL-2020,
OPTIDX,NIFTY,30-Dec-2021,11100,PE,0,0,0,1735.5,1384.35,0,0,150,0,06-JUL-2020,
OPTIDX,NIFTY,30-Dec-2021,11300,PE,0,0,0,1927,1487.3,0,0,675,0,06-JUL-2020,
OPTIDX,NIFTY,30-Dec-2021,11400,PE,0,0,0,2010,1540.1,0,0,1425,0,06-JUL-2020,
OPTIDX,NIFTY,30-Dec-2021,11500,PE,0,0,0,1398.9,1593.75,0,0,900,0,06-JUL-2020,
OPTIDX,NIFTY,30-Dec-2021,11600,PE,0,0,0,739.45,1648.3,0,0,39300,0,06-JUL-2020,
OPTIDX,NIFTY,30-Dec-2021,11700,PE,0,0,0,1500,1703.7,0,0,59400,0,06-JUL-2020,
OPTIDX,NIFTY,30-Dec-2021,12000,PE,0,0,0,1640,1874.95,0,0,225,0,06-JUL-2020,
OPTIDX,NIFTY,30-Dec-2021,12100,PE,0,0,0,1626.7,1933.65,0,0,300,0,06-JUL-2020,
OPTIDX,NIFTY,30-Dec-2021,12200,PE,0,0,0,2572,1993.15,0,0,75,0,06-JUL-2020,
OPTIDX,NIFTY,30-Dec-2021,12300,PE,0,0,0,1897.95,2053.4,0,0,75,0,06-JUL-2020,
OPTIDX,NIFTY,30-Dec-2021,12400,PE,0,0,0,2200,2114.45,0,0,4875,0,06-JUL-2020,
OPTIDX,NIFTY,30-Dec-2021,12500,PE,0,0,0,2825,2176.3,0,0,75150,0,06-JUL-2020,
OPTIDX,NIFTY,30-Dec-2021,12700,PE,0,0,0,2475,2302.1,0,0,450,0,06-JUL-2020,
OPTIDX,NIFTY,30-Dec-2021,12800,PE,0,0,0,934.7,2366.1,0,0,7800,0,06-JUL-2020,
OPTIDX,NIFTY,30-Dec-2021,13000,PE,2445,2445,2395,2395,2395,2,23.13,33675,0,06-JUL-2020,
OPTIDX,NIFTY,30-Jun-2022,8000,CE,0,0,0,3742.15,3790.25,0,0,0,0,06-JUL-2020,
OPTIDX,NIFTY,30-Jun-2022,8500,CE,0,0,0,3385.05,3455.45,0,0,0,0,06-JUL-2020,
OPTIDX,NIFTY,30-Jun-2022,9000,CE,0,0,0,3031.7,3142.45,0,0,0,0,06-JUL-2020,
OPTIDX,NIFTY,30-Jun-2022,9500,CE,0,0,0,2685.1,2851.45,0,0,0,0,06-JUL-2020,
OPTIDX,NIFTY,30-Jun-2022,10000,CE,0,0,0,2348.9,2582.25,0,0,0,0,06-JUL-2020,
OPTIDX,NIFTY,30-Jun-2022,10500,CE,0,0,0,2027.55,2334.25,0,0,0,0,06-JUL-2020,
OPTIDX,NIFTY,30-Jun-2022,11000,CE,0,0,0,1725.6,2106.7,0,0,0,0,06-JUL-2020,
OPTIDX,NIFTY,30-Jun-2022,11500,CE,0,0,0,1447.55,1898.6,0,0,0,0,06-JUL-2020,
OPTIDX,NIFTY,30-Jun-2022,11800,CE,0,0,0,2556.2,1782.7,0,0,12900,0,06-JUL-2020,
OPTIDX,NIFTY,30-Jun-2022,12000,CE,0,0,0,1325.5,1709,0,0,0,0,06-JUL-2020,
OPTIDX,NIFTY,30-Jun-2022,12500,CE,0,0,0,1348.65,1536.65,0,0,0,0,06-JUL-2020,
OPTIDX,NIFTY,30-Jun-2022,13000,CE,0,0,0,1403.85,1380.35,0,0,0,0,06-JUL-2020,
OPTIDX,NIFTY,30-Jun-2022,8000,PE,0,0,0,1.75,379.85,0,0,0,0,06-JUL-2020,
OPTIDX,NIFTY,30-Jun-2022,8100,PE,0,0,0,544,403.05,0,0,150,0,06-JUL-2020,
OPTIDX,NIFTY,30-Jun-2022,8300,PE,0,0,0,500,452.1,0,0,36675,0,06-JUL-2020,
OPTIDX,NIFTY,30-Jun-2022,8500,PE,0,0,0,4.9,504.6,0,0,0,0,06-JUL-2020,
OPTIDX,NIFTY,30-Jun-2022,9000,PE,0,0,0,11.8,651.2,0,0,0,0,06-JUL-2020,
OPTIDX,NIFTY,30-Jun-2022,9500,PE,0,0,0,25.4,819.8,0,0,0,0,06-JUL-2020,
OPTIDX,NIFTY,30-Jun-2022,9700,PE,0,0,0,900,893.35,0,0,75,0,06-JUL-2020,
OPTIDX,NIFTY,30-Jun-2022,9900,PE,0,0,0,959.95,970.35,0,0,150,0,06-JUL-2020,
OPTIDX,NIFTY,30-Jun-2022,10000,PE,0,0,0,625,1010.15,0,0,38775,0,06-JUL-2020,
OPTIDX,NIFTY,30-Jun-2022,10500,PE,820,820,820,820,820,1,8.49,156375,75,06-JUL-2020,
OPTIDX,NIFTY,30-Jun-2022,10700,PE,0,0,0,1521,1312.1,0,0,900,0,06-JUL-2020,
OPTIDX,NIFTY,30-Jun-2022,10800,PE,0,0,0,1344.4,1358.5,0,0,7425,0,06-JUL-2020,
OPTIDX,NIFTY,30-Jun-2022,10900,PE,0,0,0,1394.2,1405.75,0,0,4275,0,06-JUL-2020,
OPTIDX,NIFTY,30-Jun-2022,11000,PE,0,0,0,1860,1453.75,0,0,5100,0,06-JUL-2020,
OPTIDX,NIFTY,30-Jun-2022,11100,PE,0,0,0,1209,1502.5,0,0,8625,0,06-JUL-2020,
OPTIDX,NIFTY,30-Jun-2022,11200,PE,0,0,0,2325,1552.05,0,0,3075,0,06-JUL-2020,
OPTIDX,NIFTY,30-Jun-2022,11300,PE,0,0,0,1392.7,1602.35,0,0,9075,0,06-JUL-2020,
OPTIDX,NIFTY,30-Jun-2022,11400,PE,0,0,0,1440.25,1653.45,0,0,9675,0,06-JUL-2020,
OPTIDX,NIFTY,30-Jun-2022,11500,PE,0,0,0,1408,1705.25,0,0,30375,0,06-JUL-2020,
OPTIDX,NIFTY,30-Jun-2022,11600,PE,0,0,0,1455.65,1757.8,0,0,15300,0,06-JUL-2020,
OPTIDX,NIFTY,30-Jun-2022,11700,PE,0,0,0,1504.1,1811.1,0,0,7275,0,06-JUL-2020,
OPTIDX,NIFTY,30-Jun-2022,11800,PE,0,0,0,1400,1865.05,0,0,15600,0,06-JUL-2020,
OPTIDX,NIFTY,30-Jun-2022,11900,PE,0,0,0,1526.05,1919.8,0,0,18375,0,06-JUL-2020,
OPTIDX,NIFTY,30-Jun-2022,12000,PE,0,0,0,1755,1975.2,0,0,2925,0,06-JUL-2020,
OPTIDX,NIFTY,30-Jun-2022,12100,PE,0,0,0,1835,2031.3,0,0,4575,0,06-JUL-2020,
OPTIDX,NIFTY,30-Jun-2022,12200,PE,0,0,0,1750,2088.05,0,0,4350,0,06-JUL-2020,
OPTIDX,NIFTY,30-Jun-2022,12300,PE,0,0,0,2150,2145.5,0,0,5250,0,06-JUL-2020,
OPTIDX,NIFTY,30-Jun-2022,12500,PE,0,0,0,2300,2262.4,0,0,8475,0,06-JUL-2020,
OPTIDX,NIFTY,30-Jun-2022,12600,PE,1941.8,1941.8,1941.8,1941.8,2321.8,1,10.9,11850,0,06-JUL-2020,
OPTIDX,NIFTY,30-Jun-2022,12700,PE,0,0,0,2370,2381.85,0,0,35775,0,06-JUL-2020,
OPTIDX,NIFTY,30-Jun-2022,12800,PE,0,0,0,2551,2442.55,0,0,525,0,06-JUL-2020,
OPTIDX,NIFTY,30-Jun-2022,13000,PE,0,0,0,2844,2565.7,0,0,28575,0,06-JUL-2020,
OPTIDX,NIFTY,30-Jun-2022,13400,PE,0,0,0,2998.8,2819.15,0,0,225,0,06-JUL-2020,
OPTIDX,NIFTY,29-Dec-2022,8000,CE,0,0,0,4648.75,4023.7,0,0,0,0,06-JUL-2020,
OPTIDX,NIFTY,29-Dec-2022,8500,CE,0,0,0,4342.95,3706.25,0,0,0,0,06-JUL-2020,
OPTIDX,NIFTY,29-Dec-2022,9000,CE,0,0,0,3991.3,3408.5,0,0,0,0,06-JUL-2020,
OPTIDX,NIFTY,29-Dec-2022,9500,CE,0,0,0,3646,3130.35,0,0,0,0,06-JUL-2020,
OPTIDX,NIFTY,29-Dec-2022,10000,CE,0,0,0,3309.35,2871.45,0,0,0,0,06-JUL-2020,
OPTIDX,NIFTY,29-Dec-2022,10500,CE,0,0,0,2983.95,2631.1,0,0,0,0,06-JUL-2020,
OPTIDX,NIFTY,29-Dec-2022,11000,CE,0,0,0,2672.3,2408.75,0,0,0,0,06-JUL-2020,
OPTIDX,NIFTY,29-Dec-2022,11500,CE,0,0,0,2376.8,2203.4,0,0,0,0,06-JUL-2020,
OPTIDX,NIFTY,29-Dec-2022,12000,CE,0,0,0,2099.8,2014.25,0,0,0,0,06-JUL-2020,
OPTIDX,NIFTY,29-Dec-2022,12500,CE,0,0,0,1842,1840.3,0,0,0,0,06-JUL-2020,
OPTIDX,NIFTY,29-Dec-2022,13000,CE,0,0,0,1642.25,1680.6,0,0,0,0,06-JUL-2020,
OPTIDX,NIFTY,29-Dec-2022,14100,CE,0,0,0,1120,1374.8,0,0,112500,0,06-JUL-2020,
OPTIDX,NIFTY,29-Dec-2022,7500,PE,0,0,0,450,346.2,0,0,1125,0,06-JUL-2020,
OPTIDX,NIFTY,29-Dec-2022,7600,PE,0,0,0,120,367.25,0,0,300075,0,06-JUL-2020,
OPTIDX,NIFTY,29-Dec-2022,7700,PE,0,0,0,350,389.05,0,0,75,0,06-JUL-2020,
OPTIDX,NIFTY,29-Dec-2022,8000,PE,0,0,0,7.05,459.1,0,0,0,0,06-JUL-2020,
OPTIDX,NIFTY,29-Dec-2022,8500,PE,350.1,350.1,350.1,350.1,350.1,1,6.63,114900,75,06-JUL-2020,
OPTIDX,NIFTY,29-Dec-2022,8700,PE,380,380,380,380,380,1,6.81,112500,0,06-JUL-2020,
OPTIDX,NIFTY,29-Dec-2022,9000,PE,460.1,460.1,438,443.75,443.75,17,120.41,390150,75,06-JUL-2020,
OPTIDX,NIFTY,29-Dec-2022,9500,PE,550,550,550,550,550,1,7.53,115500,75,06-JUL-2020,
OPTIDX,NIFTY,29-Dec-2022,9700,PE,0,0,0,825,989.7,0,0,3075,0,06-JUL-2020,
OPTIDX,NIFTY,29-Dec-2022,9900,PE,0,0,0,865,1066.85,0,0,75,0,06-JUL-2020,
OPTIDX,NIFTY,29-Dec-2022,10000,PE,700,700,700,700,700,1,8.02,212250,75,06-JUL-2020,
OPTIDX,NIFTY,29-Dec-2022,10500,PE,890,890,890,890,890,1,8.54,310125,75,06-JUL-2020,
OPTIDX,NIFTY,29-Dec-2022,10900,PE,0,0,0,698,1496.85,0,0,75,0,06-JUL-2020,
OPTIDX,NIFTY,29-Dec-2022,11000,PE,0,0,0,2100,1543.75,0,0,450,0,06-JUL-2020,
OPTIDX,NIFTY,29-Dec-2022,11100,PE,0,0,0,769.45,1591.35,0,0,3750,0,06-JUL-2020,
OPTIDX,NIFTY,29-Dec-2022,11200,PE,0,0,0,2000,1639.6,0,0,600,0,06-JUL-2020,
OPTIDX,NIFTY,29-Dec-2022,11300,PE,0,0,0,1491.5,1688.55,0,0,1650,0,06-JUL-2020,
OPTIDX,NIFTY,29-Dec-2022,11400,PE,0,0,0,2300,1738.15,0,0,225,0,06-JUL-2020,
OPTIDX,NIFTY,29-Dec-2022,11500,PE,0,0,0,1590.55,1788.4,0,0,975,0,06-JUL-2020,
OPTIDX,NIFTY,29-Dec-2022,11600,PE,0,0,0,1637.5,1839.25,0,0,4650,0,06-JUL-2020,
OPTIDX,NIFTY,29-Dec-2022,11700,PE,0,0,0,1693.7,1890.8,0,0,600,0,06-JUL-2020,
OPTIDX,NIFTY,29-Dec-2022,11800,PE,0,0,0,1746.8,1942.95,0,0,3075,0,06-JUL-2020,
OPTIDX,NIFTY,29-Dec-2022,11900,PE,0,0,0,1800.9,1995.75,0,0,6900,0,06-JUL-2020,
OPTIDX,NIFTY,29-Dec-2022,12000,PE,0,0,0,1580,2049.15,0,0,15450,0,06-JUL-2020,
OPTIDX,NIFTY,29-Dec-2022,12100,PE,0,0,0,1911.2,2103.15,0,0,10725,0,06-JUL-2020,
OPTIDX,NIFTY,29-Dec-2022,12200,PE,0,0,0,1967.4,2157.8,0,0,14325,0,06-JUL-2020,
OPTIDX,NIFTY,29-Dec-2022,12300,PE,0,0,0,2206,2213,0,0,6000,0,06-JUL-2020,
OPTIDX,NIFTY,29-Dec-2022,12400,PE,0,0,0,2405,2268.8,0,0,150,0,06-JUL-2020,
OPTIDX,NIFTY,29-Dec-2022,12500,PE,0,0,0,401.5,2325.15,0,0,0,0,06-JUL-2020,
OPTIDX,NIFTY,29-Dec-2022,12600,PE,0,0,0,1980,2382.1,0,0,12375,0,06-JUL-2020,
OPTIDX,NIFTY,29-Dec-2022,12700,PE,0,0,0,2550,2439.6,0,0,49950,0,06-JUL-2020,
OPTIDX,NIFTY,29-Dec-2022,12800,PE,0,0,0,2490,2497.65,0,0,185625,0,06-JUL-2020,
OPTIDX,NIFTY,29-Dec-2022,12900,PE,0,0,0,2802.7,2556.25,0,0,6750,0,06-JUL-2020,
OPTIDX,NIFTY,29-Dec-2022,13000,PE,0,0,0,775,2615.4,0,0,75,0,06-JUL-2020,
OPTIDX,NIFTY,29-Dec-2022,13100,PE,0,0,0,2850,2675.1,0,0,4200,0,06-JUL-2020,
OPTIDX,NIFTY,29-Dec-2022,13500,PE,0,0,0,850,2918.95,0,0,75,0,06-JUL-2020,
OPTIDX,NIFTY,29-Dec-2022,14100,PE,0,0,0,1140,3299.45,0,0,112500,0,06-JUL-2020,
OPTIDX,NIFTY,29-Jun-2023,8000,CE,0,0,0,4901.5,4242.05,0,0,0,0,06-JUL-2020,
OPTIDX,NIFTY,29-Jun-2023,8500,CE,0,0,0,1775,3939,0,0,15975,0,06-JUL-2020,
OPTIDX,NIFTY,29-Jun-2023,9000,CE,0,0,0,4392.15,3653.95,0,0,0,0,06-JUL-2020,
OPTIDX,NIFTY,29-Jun-2023,9500,CE,0,0,0,2000,3386.6,0,0,4125,0,06-JUL-2020,
OPTIDX,NIFTY,29-Jun-2023,10000,CE,0,0,0,3730.7,3136.5,0,0,0,0,06-JUL-2020,
OPTIDX,NIFTY,29-Jun-2023,10500,CE,0,0,0,3411.3,2903.1,0,0,0,0,06-JUL-2020,
OPTIDX,NIFTY,29-Jun-2023,11000,CE,0,0,0,1806.85,2685.7,0,0,13800,0,06-JUL-2020,
OPTIDX,NIFTY,29-Jun-2023,11500,CE,0,0,0,2805.2,2483.55,0,0,0,0,06-JUL-2020,
OPTIDX,NIFTY,29-Jun-2023,12000,CE,0,0,0,2522.4,2295.85,0,0,0,0,06-JUL-2020,
OPTIDX,NIFTY,29-Jun-2023,12500,CE,0,0,0,2255.4,2121.85,0,0,0,0,06-JUL-2020,
OPTIDX,NIFTY,29-Jun-2023,13000,CE,0,0,0,2005.65,1960.65,0,0,0,0,06-JUL-2020,
OPTIDX,NIFTY,29-Jun-2023,8000,PE,0,0,0,183.1,526.5,0,0,0,0,06-JUL-2020,
OPTIDX,NIFTY,29-Jun-2023,8500,PE,0,0,0,7.2,663.95,0,0,0,0,06-JUL-2020,
OPTIDX,NIFTY,29-Jun-2023,9000,PE,0,0,0,14,819.4,0,0,0,0,06-JUL-2020,
OPTIDX,NIFTY,29-Jun-2023,9500,PE,0,0,0,361.45,992.55,0,0,0,0,06-JUL-2020,
OPTIDX,NIFTY,29-Jun-2023,10000,PE,750,750,730,730,1182.95,2,16.11,24750,150,06-JUL-2020,
OPTIDX,NIFTY,29-Jun-2023,10500,PE,0,0,0,68.35,1390.05,0,0,0,0,06-JUL-2020,
OPTIDX,NIFTY,29-Jun-2023,11000,PE,0,0,0,104.2,1613.15,0,0,0,0,06-JUL-2020,
OPTIDX,NIFTY,29-Jun-2023,11500,PE,0,0,0,152.35,1851.55,0,0,0,0,06-JUL-2020,
OPTIDX,NIFTY,29-Jun-2023,11900,PE,0,0,0,578.15,2052.65,0,0,11250,0,06-JUL-2020,
OPTIDX,NIFTY,29-Jun-2023,12000,PE,0,0,0,1884.65,2104.35,0,0,0,0,06-JUL-2020,
OPTIDX,NIFTY,29-Jun-2023,12100,PE,1470,1470,1470,1470,1470,1,10.17,62850,-75,06-JUL-2020,
OPTIDX,NIFTY,29-Jun-2023,12200,PE,0,0,0,1448.3,2209.35,0,0,1500,0,06-JUL-2020,
OPTIDX,NIFTY,29-Jun-2023,12500,PE,0,0,0,292.65,2370.85,0,0,0,0,06-JUL-2020,
OPTIDX,NIFTY,29-Jun-2023,13000,PE,0,0,0,387.95,2650.15,0,0,0,0,06-JUL-2020,
OPTIDX,NIFTY,29-Jun-2023,13500,PE,0,0,0,808.05,2941.5,0,0,150,0,06-JUL-2020,
OPTIDX,NIFTY,28-Dec-2023,8000,CE,0,0,0,3949.2,4447.4,0,0,0,0,06-JUL-2020,
OPTIDX,NIFTY,28-Dec-2023,8500,CE,0,0,0,5018.2,4156.75,0,0,0,0,06-JUL-2020,
OPTIDX,NIFTY,28-Dec-2023,9000,CE,0,0,0,4711,3882.65,0,0,0,0,06-JUL-2020,
OPTIDX,NIFTY,28-Dec-2023,9500,CE,0,0,0,4413.35,3624.75,0,0,0,0,06-JUL-2020,
OPTIDX,NIFTY,28-Dec-2023,10000,CE,0,0,0,4126.1,3382.55,0,0,0,0,06-JUL-2020,
OPTIDX,NIFTY,28-Dec-2023,10500,CE,0,0,0,3850.05,3155.5,0,0,0,0,06-JUL-2020,
OPTIDX,NIFTY,28-Dec-2023,11000,CE,0,0,0,3585.85,2942.95,0,0,0,0,06-JUL-2020,
OPTIDX,NIFTY,28-Dec-2023,11500,CE,0,0,0,3334.1,2744.25,0,0,0,0,06-JUL-2020,
OPTIDX,NIFTY,28-Dec-2023,12000,CE,0,0,0,3094.65,2558.65,0,0,0,0,06-JUL-2020,
OPTIDX,NIFTY,28-Dec-2023,12500,CE,0,0,0,2867.95,2385.45,0,0,0,0,06-JUL-2020,
OPTIDX,NIFTY,28-Dec-2023,13000,CE,0,0,0,2654,2223.95,0,0,0,0,06-JUL-2020,
OPTIDX,NIFTY,28-Dec-2023,8000,PE,0,0,0,794.75,584.05,0,0,0,0,06-JUL-2020,
OPTIDX,NIFTY,28-Dec-2023,8500,PE,0,0,0,89.65,724.65,0,0,0,0,06-JUL-2020,
OPTIDX,NIFTY,28-Dec-2023,9000,PE,0,0,0,866.7,881.85,0,0,0,0,06-JUL-2020,
OPTIDX,NIFTY,28-Dec-2023,9500,PE,0,0,0,173.2,1055.2,0,0,0,0,06-JUL-2020,
OPTIDX,NIFTY,28-Dec-2023,10000,PE,0,0,0,230.15,1244.25,0,0,0,0,06-JUL-2020,
OPTIDX,NIFTY,28-Dec-2023,10500,PE,0,0,0,298.3,1448.5,0,0,0,0,06-JUL-2020,
OPTIDX,NIFTY,28-Dec-2023,11000,PE,0,0,0,378.25,1667.2,0,0,0,0,06-JUL-2020,
OPTIDX,NIFTY,28-Dec-2023,11500,PE,0,0,0,470.7,1899.75,0,0,0,0,06-JUL-2020,
OPTIDX,NIFTY,28-Dec-2023,12000,PE,0,0,0,575.45,2145.45,0,0,0,0,06-JUL-2020,
OPTIDX,NIFTY,28-Dec-2023,12500,PE,0,0,0,692.95,2403.5,0,0,0,0,06-JUL-2020,
OPTIDX,NIFTY,28-Dec-2023,12700,PE,0,0,0,1005,2510.05,0,0,450,0,06-JUL-2020,
OPTIDX,NIFTY,28-Dec-2023,13000,PE,0,0,0,5199,2673.3,0,0,0,0,06-JUL-2020,
OPTIDX,NIFTY,28-Dec-2023,13500,PE,0,0,0,790.05,2954.1,0,0,75,0,06-JUL-2020,
OPTIDX,NIFTY,27-Jun-2024,8000,CE,0,0,0,4159.6,4641.35,0,0,0,0,06-JUL-2020,
OPTIDX,NIFTY,27-Jun-2024,8500,CE,0,0,0,4738.8,4361.7,0,0,0,0,06-JUL-2020,
OPTIDX,NIFTY,27-Jun-2024,9000,CE,0,0,0,5023.8,4097.35,0,0,0,0,06-JUL-2020,
OPTIDX,NIFTY,27-Jun-2024,9500,CE,0,0,0,5146.1,3847.95,0,0,0,0,06-JUL-2020,
OPTIDX,NIFTY,27-Jun-2024,10000,CE,0,0,0,4822.75,3612.95,0,0,0,0,06-JUL-2020,
OPTIDX,NIFTY,27-Jun-2024,10500,CE,0,0,0,4508.5,3391.85,0,0,0,0,06-JUL-2020,
OPTIDX,NIFTY,27-Jun-2024,11000,CE,0,0,0,4204.5,3184,0,0,0,0,06-JUL-2020,
OPTIDX,NIFTY,27-Jun-2024,11500,CE,0,0,0,3911.65,2988.85,0,0,0,0,06-JUL-2020,
OPTIDX,NIFTY,27-Jun-2024,12000,CE,0,0,0,3630.8,2805.7,0,0,0,0,06-JUL-2020,
OPTIDX,NIFTY,27-Jun-2024,12500,CE,0,0,0,3362.95,2633.95,0,0,0,0,06-JUL-2020,
OPTIDX,NIFTY,27-Jun-2024,13000,CE,0,0,0,3107.8,2473,0,0,0,0,06-JUL-2020,
OPTIDX,NIFTY,27-Jun-2024,8000,PE,0,0,0,823.85,633.3,0,0,0,0,06-JUL-2020,
OPTIDX,NIFTY,27-Jun-2024,8500,PE,0,0,0,43.15,775.9,0,0,0,0,06-JUL-2020,
OPTIDX,NIFTY,27-Jun-2024,9000,PE,0,0,0,75.05,933.75,0,0,0,0,06-JUL-2020,
OPTIDX,NIFTY,27-Jun-2024,9500,PE,0,0,0,77.4,1106.55,0,0,0,0,06-JUL-2020,
OPTIDX,NIFTY,27-Jun-2024,10000,PE,0,0,0,110.5,1293.8,0,0,0,0,06-JUL-2020,
OPTIDX,NIFTY,27-Jun-2024,10500,PE,0,0,0,152.75,1494.9,0,0,0,0,06-JUL-2020,
OPTIDX,NIFTY,27-Jun-2024,11000,PE,0,0,0,205.2,1709.3,0,0,0,0,06-JUL-2020,
OPTIDX,NIFTY,27-Jun-2024,11500,PE,0,0,0,5284.5,1936.4,0,0,0,0,06-JUL-2020,
OPTIDX,NIFTY,27-Jun-2024,12000,PE,0,0,0,344.45,2175.45,0,0,0,0,06-JUL-2020,
OPTIDX,NIFTY,27-Jun-2024,12500,PE,0,0,0,433.05,2425.95,0,0,0,0,06-JUL-2020,
OPTIDX,NIFTY,27-Jun-2024,13000,PE,0,0,0,534.35,2687.2,0,0,0,0,06-JUL-2020,
OPTIDX,NIFTY,26-Dec-2024,8000,CE,0,0,0,4358.1,4825.3,0,0,0,0,06-JUL-2020,
OPTIDX,NIFTY,26-Dec-2024,8500,CE,0,0,0,4465.25,4555.55,0,0,0,0,06-JUL-2020,
OPTIDX,NIFTY,26-Dec-2024,9000,CE,0,0,0,4544.25,4300.05,0,0,0,0,06-JUL-2020,
OPTIDX,NIFTY,26-Dec-2024,9500,CE,0,0,0,4547.55,4058.4,0,0,0,0,06-JUL-2020,
OPTIDX,NIFTY,26-Dec-2024,10000,CE,0,0,0,4645.35,3830.1,0,0,0,0,06-JUL-2020,
OPTIDX,NIFTY,26-Dec-2024,10500,CE,0,0,0,4287.2,3614.6,0,0,0,0,06-JUL-2020,
OPTIDX,NIFTY,26-Dec-2024,11000,CE,0,0,0,3937.05,3411.35,0,0,0,0,06-JUL-2020,
OPTIDX,NIFTY,26-Dec-2024,11500,CE,0,0,0,3597,3219.8,0,0,0,0,06-JUL-2020,
OPTIDX,NIFTY,26-Dec-2024,12000,CE,0,0,0,3269.05,3039.4,0,0,0,0,06-JUL-2020,
OPTIDX,NIFTY,26-Dec-2024,12500,CE,0,0,0,2955.25,2869.5,0,0,0,0,06-JUL-2020,
OPTIDX,NIFTY,26-Dec-2024,13000,CE,0,0,0,2657.35,2709.55,0,0,0,0,06-JUL-2020,
OPTIDX,NIFTY,26-Dec-2024,8000,PE,0,0,0,846.15,675.65,0,0,0,0,06-JUL-2020,
OPTIDX,NIFTY,26-Dec-2024,8500,PE,0,0,0,466.8,819.25,0,0,0,0,06-JUL-2020,
OPTIDX,NIFTY,26-Dec-2024,9000,PE,0,0,0,155.55,977.1,0,0,0,0,06-JUL-2020,
OPTIDX,NIFTY,26-Dec-2024,9500,PE,0,0,0,52.5,1148.8,0,0,0,0,06-JUL-2020,
OPTIDX,NIFTY,26-Dec-2024,10000,PE,0,0,0,25.35,1333.9,0,0,0,0,06-JUL-2020,
OPTIDX,NIFTY,26-Dec-2024,10500,PE,0,0,0,42.5,1531.75,0,0,0,0,06-JUL-2020,
OPTIDX,NIFTY,26-Dec-2024,11000,PE,0,0,0,67.7,1741.9,0,0,0,0,06-JUL-2020,
OPTIDX,NIFTY,26-Dec-2024,11500,PE,0,0,0,102.9,1963.75,0,0,0,0,06-JUL-2020,
OPTIDX,NIFTY,26-Dec-2024,12000,PE,0,0,0,150.3,2196.65,0,0,0,0,06-JUL-2020,
OPTIDX,NIFTY,26-Dec-2024,12500,PE,0,0,0,211.85,2440.15,0,0,0,0,06-JUL-2020,
OPTIDX,NIFTY,26-Dec-2024,13000,PE,0,0,0,289.25,2693.55,0,0,0,0,06-JUL-2020,
OPTIDX,NIFTY,26-Jun-2025,8000,CE,0,0,0,5026.3,5000.35,0,0,0,0,06-JUL-2020,
OPTIDX,NIFTY,26-Jun-2025,8500,CE,0,0,0,4804.5,4739.65,0,0,0,0,06-JUL-2020,
OPTIDX,NIFTY,26-Jun-2025,9000,CE,0,0,0,4594,4492.25,0,0,0,0,06-JUL-2020,
OPTIDX,NIFTY,26-Jun-2025,9500,CE,0,0,0,4394.3,4257.8,0,0,0,0,06-JUL-2020,
OPTIDX,NIFTY,26-Jun-2025,10000,CE,0,0,0,4204.75,4035.75,0,0,0,0,06-JUL-2020,
OPTIDX,NIFTY,26-Jun-2025,10500,CE,0,0,0,4024.9,3825.6,0,0,0,0,06-JUL-2020,
OPTIDX,NIFTY,26-Jun-2025,11000,CE,0,0,0,3853.85,3626.85,0,0,0,0,06-JUL-2020,
OPTIDX,NIFTY,26-Jun-2025,11500,CE,0,0,0,3691.9,3438.95,0,0,0,0,06-JUL-2020,
OPTIDX,NIFTY,26-Jun-2025,12000,CE,0,0,0,3538.05,3261.4,0,0,0,0,06-JUL-2020,
OPTIDX,NIFTY,26-Jun-2025,12500,CE,0,0,0,3391.95,3093.6,0,0,0,0,06-JUL-2020,
OPTIDX,NIFTY,26-Jun-2025,13000,CE,0,0,0,3253.1,2935.1,0,0,0,0,06-JUL-2020,
OPTIDX,NIFTY,26-Jun-2025,8000,PE,0,0,0,1066.65,711.95,0,0,0,0,06-JUL-2020,
OPTIDX,NIFTY,26-Jun-2025,8500,PE,0,0,0,1240.45,855.95,0,0,0,0,06-JUL-2020,
OPTIDX,NIFTY,26-Jun-2025,9000,PE,0,0,0,1425.55,1013.3,0,0,0,0,06-JUL-2020,
OPTIDX,NIFTY,26-Jun-2025,9500,PE,0,0,0,1621.4,1183.5,0,0,0,0,06-JUL-2020,
OPTIDX,NIFTY,26-Jun-2025,10000,PE,0,0,0,1827.45,1366.2,0,0,0,0,06-JUL-2020,
OPTIDX,NIFTY,26-Jun-2025,10500,PE,0,0,0,2043.2,1560.75,0,0,0,0,06-JUL-2020,
OPTIDX,NIFTY,26-Jun-2025,11000,PE,0,0,0,2267.7,1766.7,0,0,0,0,06-JUL-2020,
OPTIDX,NIFTY,26-Jun-2025,11500,PE,0,0,0,2501.3,1983.5,0,0,0,0,06-JUL-2020,
OPTIDX,NIFTY,26-Jun-2025,12000,PE,0,0,0,2743.1,2210.65,0,0,0,0,06-JUL-2020,
OPTIDX,NIFTY,26-Jun-2025,12500,PE,0,0,0,2992.55,2447.55,0,0,0,0,06-JUL-2020,
OPTIDX,NIFTY,26-Jun-2025,13000,PE,0,0,0,3249.25,2693.75,0,0,0,0,06-JUL-2020,
OPTSTK,ACC,30-Jul-2020,780,CE,0,0,0,429.3,550.2,0,0,0,0,06-JUL-2020,
OPTSTK,ACC,30-Jul-2020,800,CE,0,0,0,412.9,530.25,0,0,0,0,06-JUL-2020,
OPTSTK,ACC,30-Jul-2020,820,CE,0,0,0,396.85,510.3,0,0,0,0,06-JUL-2020,
OPTSTK,ACC,30-Jul-2020,840,CE,0,0,0,381.15,490.35,0,0,0,0,06-JUL-2020,
OPTSTK,ACC,30-Jul-2020,860,CE,0,0,0,365.85,470.4,0,0,0,0,06-JUL-2020,
OPTSTK,ACC,30-Jul-2020,880,CE,0,0,0,351,450.45,0,0,0,0,06-JUL-2020,
OPTSTK,ACC,30-Jul-2020,900,CE,0,0,0,336.45,430.5,0,0,0,0,06-JUL-2020,
OPTSTK,ACC,30-Jul-2020,920,CE,0,0,0,322.3,410.55,0,0,0,0,06-JUL-2020,
OPTSTK,ACC,30-Jul-2020,940,CE,0,0,0,308.6,390.6,0,0,0,0,06-JUL-2020,
OPTSTK,ACC,30-Jul-2020,960,CE,0,0,0,295.3,370.7,0,0,0,0,06-JUL-2020,
OPTSTK,ACC,30-Jul-2020,980,CE,0,0,0,282.4,350.75,0,0,0,0,06-JUL-2020,
OPTSTK,ACC,30-Jul-2020,1000,CE,0,0,0,278.75,330.8,0,0,500,0,06-JUL-2020,
OPTSTK,ACC,30-Jul-2020,1020,CE,0,0,0,257.85,310.9,0,0,0,0,06-JUL-2020,
OPTSTK,ACC,30-Jul-2020,1040,CE,0,0,0,246.2,291,0,0,0,0,06-JUL-2020,
OPTSTK,ACC,30-Jul-2020,1060,CE,0,0,0,234.95,271.15,0,0,0,0,06-JUL-2020,
OPTSTK,ACC,30-Jul-2020,1080,CE,0,0,0,224.1,251.4,0,0,0,0,06-JUL-2020,
OPTSTK,ACC,30-Jul-2020,1100,CE,0,0,0,213.7,231.75,0,0,0,0,06-JUL-2020,
OPTSTK,ACC,30-Jul-2020,1120,CE,0,0,0,203.65,212.3,0,0,0,0,06-JUL-2020,
OPTSTK,ACC,30-Jul-2020,1140,CE,0,0,0,194,193.1,0,0,0,0,06-JUL-2020,
OPTSTK,ACC,30-Jul-2020,1160,CE,0,0,0,132.6,174.3,0,0,1000,0,06-JUL-2020,
OPTSTK,ACC,30-Jul-2020,1180,CE,0,0,0,175.85,156.05,0,0,0,0,06-JUL-2020,
OPTSTK,ACC,30-Jul-2020,1200,CE,138.4,144.3,138.4,144.3,138.4,2,13.41,2000,-1000,06-JUL-2020,
OPTSTK,ACC,30-Jul-2020,1220,CE,0,0,0,127,121.55,0,0,500,0,06-JUL-2020,
OPTSTK,ACC,30-Jul-2020,1240,CE,0,0,0,110.85,105.65,0,0,1500,0,06-JUL-2020,
OPTSTK,ACC,30-Jul-2020,1260,CE,84.5,90,84.5,90,90.8,2,13.47,3000,-1000,06-JUL-2020,
OPTSTK,ACC,30-Jul-2020,1280,CE,0,0,0,81.4,77.15,0,0,6500,0,06-JUL-2020,
OPTSTK,ACC,30-Jul-2020,1300,CE,60,70,55.45,65.3,65.3,79,538.59,87000,-1500,06-JUL-2020,
OPTSTK,ACC,30-Jul-2020,1320,CE,47.95,60,46.9,54.75,54.75,109,748.45,43500,-500,06-JUL-2020,
OPTSTK,ACC,30-Jul-2020,1340,CE,37,49.8,37,45.1,45.1,525,3636.27,109500,26000,06-JUL-2020,
OPTSTK,ACC,30-Jul-2020,1360,CE,31.9,40.75,31.3,37.05,37.05,576,4022.87,139000,16500,06-JUL-2020,
OPTSTK,ACC,30-Jul-2020,1380,CE,25.5,33.3,25.5,30.15,30.15,109,768.81,32500,4000,06-JUL-2020,
OPTSTK,ACC,30-Jul-2020,1400,CE,21.5,26.75,20.3,24.05,24.05,503,3581.05,148500,14000,06-JUL-2020,
OPTSTK,ACC,30-Jul-2020,1420,CE,16.55,20.55,16.55,19.35,19.35,83,596.9,25500,13000,06-JUL-2020,
OPTSTK,ACC,30-Jul-2020,1440,CE,14,16.75,13.45,15.5,15.5,49,356.37,27500,-500,06-JUL-2020,
OPTSTK,ACC,30-Jul-2020,1460,CE,10.85,10.85,10.85,10.85,10.1,1,7.35,3000,0,06-JUL-2020,
OPTSTK,ACC,30-Jul-2020,1480,CE,8,9.4,8,9.4,9.4,3,22.33,5500,-500,06-JUL-2020,
OPTSTK,ACC,30-Jul-2020,1500,CE,6.5,8.15,6.2,7.3,7.3,126,949.35,85000,1000,06-JUL-2020,
OPTSTK,ACC,30-Jul-2020,1520,CE,0,0,0,7.4,4.1,0,0,1500,0,06-JUL-2020,
OPTSTK,ACC,30-Jul-2020,1540,CE,4.45,4.45,4.45,4.45,2.95,2,15.44,11000,0,06-JUL-2020,
OPTSTK,ACC,30-Jul-2020,1560,CE,0,0,0,65.2,2.1,0,0,0,0,06-JUL-2020,
OPTSTK,ACC,30-Jul-2020,1580,CE,0,0,0,61.75,1.5,0,0,0,0,06-JUL-2020,
OPTSTK,ACC,30-Jul-2020,780,PE,0,0,0,20.3,0.05,0,0,0,0,06-JUL-2020,
OPTSTK,ACC,30-Jul-2020,800,PE,0,0,0,23.65,0.05,0,0,0,0,06-JUL-2020,
OPTSTK,ACC,30-Jul-2020,820,PE,0,0,0,27.35,0.05,0,0,0,0,06-JUL-2020,
OPTSTK,ACC,30-Jul-2020,840,PE,0,0,0,31.4,0.05,0,0,0,0,06-JUL-2020,
OPTSTK,ACC,30-Jul-2020,860,PE,0,0,0,35.85,0.05,0,0,0,0,06-JUL-2020,
OPTSTK,ACC,30-Jul-2020,880,PE,0,0,0,40.75,0.05,0,0,0,0,06-JUL-2020,
OPTSTK,ACC,30-Jul-2020,900,PE,0,0,0,0.25,0.05,0,0,500,0,06-JUL-2020,
OPTSTK,ACC,30-Jul-2020,920,PE,0,0,0,0.25,0.05,0,0,500,0,06-JUL-2020,
OPTSTK,ACC,30-Jul-2020,940,PE,0,0,0,57.6,0.05,0,0,0,0,06-JUL-2020,
OPTSTK,ACC,30-Jul-2020,960,PE,0,0,0,64.05,0.05,0,0,0,0,06-JUL-2020,
OPTSTK,ACC,30-Jul-2020,980,PE,0,0,0,70.9,0.05,0,0,0,0,06-JUL-2020,
OPTSTK,ACC,30-Jul-2020,1000,PE,0,0,0,0.25,0.05,0,0,1000,0,06-JUL-2020,
OPTSTK,ACC,30-Jul-2020,1020,PE,0,0,0,0.25,0.05,0,0,500,0,06-JUL-2020,
OPTSTK,ACC,30-Jul-2020,1040,PE,0,0,0,93.9,0.1,0,0,0,0,06-JUL-2020,
OPTSTK,ACC,30-Jul-2020,1060,PE,0,0,0,102.4,0.2,0,0,0,0,06-JUL-2020,
OPTSTK,ACC,30-Jul-2020,1080,PE,0,0,0,5,0.35,0,0,500,0,06-JUL-2020,
OPTSTK,ACC,30-Jul-2020,1100,PE,1.7,1.7,1.7,1.7,0.7,3,16.52,11000,1000,06-JUL-2020,
OPTSTK,ACC,30-Jul-2020,1120,PE,2,2,2,2,1.15,2,11.22,2500,0,06-JUL-2020,
OPTSTK,ACC,30-Jul-2020,1140,PE,0,0,0,140.45,1.95,0,0,0,0,06-JUL-2020,
OPTSTK,ACC,30-Jul-2020,1160,PE,4.5,4.5,4.5,4.5,3.1,1,5.82,4500,-500,06-JUL-2020,
OPTSTK,ACC,30-Jul-2020,1180,PE,6,6.15,6,6,4.75,3,17.79,32000,0,06-JUL-2020,
OPTSTK,ACC,30-Jul-2020,1200,PE,10.9,12.65,8,9.45,9.45,43,260.05,46500,1000,06-JUL-2020,
OPTSTK,ACC,30-Jul-2020,1220,PE,12.9,12.9,12.9,12.9,10.15,1,6.16,11500,500,06-JUL-2020,
OPTSTK,ACC,30-Jul-2020,1240,PE,21,21.15,14.65,16.7,16.7,107,672.46,42500,2500,06-JUL-2020,
OPTSTK,ACC,30-Jul-2020,1260,PE,23.75,23.9,19.55,22.15,22.15,29,185.79,28000,2500,06-JUL-2020,
OPTSTK,ACC,30-Jul-2020,1280,PE,33.8,34.75,25.5,28.7,28.7,42,274.98,14500,-500,06-JUL-2020,
OPTSTK,ACC,30-Jul-2020,1300,PE,42.95,44.5,32.3,36.25,36.25,295,1971.73,52000,15000,06-JUL-2020,
OPTSTK,ACC,30-Jul-2020,1320,PE,51.6,54,41.7,45.75,45.75,37,252.67,22500,-500,06-JUL-2020,
OPTSTK,ACC,30-Jul-2020,1340,PE,55.6,57,52,57,57,8,55.78,3500,-500,06-JUL-2020,
OPTSTK,ACC,30-Jul-2020,1360,PE,0,0,0,78,63.8,0,0,500,0,06-JUL-2020,
OPTSTK,ACC,30-Jul-2020,1380,PE,0,0,0,288.8,76.55,0,0,0,0,06-JUL-2020,
OPTSTK,ACC,30-Jul-2020,1400,PE,0,0,0,125,90.45,0,0,1000,0,06-JUL-2020,
OPTSTK,ACC,30-Jul-2020,1420,PE,117.25,117.25,117.25,117.25,105.45,1,7.68,1500,500,06-JUL-2020,
OPTSTK,ACC,30-Jul-2020,1440,PE,0,0,0,332.6,121.35,0,0,0,0,06-JUL-2020,
OPTSTK,ACC,30-Jul-2020,1460,PE,0,0,0,347.7,138.05,0,0,0,0,06-JUL-2020,
OPTSTK,ACC,30-Jul-2020,1480,PE,0,0,0,215,155.45,0,0,500,0,06-JUL-2020,
OPTSTK,ACC,30-Jul-2020,1500,PE,0,0,0,378.5,173.4,0,0,0,0,06-JUL-2020,
OPTSTK,ACC,30-Jul-2020,1520,PE,0,0,0,394.25,191.85,0,0,0,0,06-JUL-2020,
OPTSTK,ACC,30-Jul-2020,1540,PE,0,0,0,410.2,210.65,0,0,0,0,06-JUL-2020,
OPTSTK,ACC,30-Jul-2020,1560,PE,0,0,0,426.3,229.75,0,0,0,0,06-JUL-2020,
OPTSTK,ACC,30-Jul-2020,1580,PE,0,0,0,442.6,249.05,0,0,0,0,06-JUL-2020,
OPTSTK,ACC,27-Aug-2020,800,CE,0,0,0,489.5,532.85,0,0,0,0,06-JUL-2020,
OPTSTK,ACC,27-Aug-2020,820,CE,0,0,0,471.4,512.95,0,0,0,0,06-JUL-2020,
OPTSTK,ACC,27-Aug-2020,840,CE,0,0,0,453.6,493.1,0,0,0,0,06-JUL-2020,
OPTSTK,ACC,27-Aug-2020,860,CE,0,0,0,436.05,473.2,0,0,0,0,06-JUL-2020,
OPTSTK,ACC,27-Aug-2020,880,CE,0,0,0,418.8,453.35,0,0,0,0,06-JUL-2020,
OPTSTK,ACC,27-Aug-2020,900,CE,0,0,0,401.9,433.5,0,0,0,0,06-JUL-2020,
OPTSTK,ACC,27-Aug-2020,920,CE,0,0,0,385.3,413.65,0,0,0,0,06-JUL-2020,
OPTSTK,ACC,27-Aug-2020,940,CE,0,0,0,369.05,393.85,0,0,0,0,06-JUL-2020,
OPTSTK,ACC,27-Aug-2020,960,CE,0,0,0,353.2,374.1,0,0,0,0,06-JUL-2020,
OPTSTK,ACC,27-Aug-2020,980,CE,0,0,0,337.75,354.4,0,0,0,0,06-JUL-2020,
OPTSTK,ACC,27-Aug-2020,1000,CE,0,0,0,322.65,334.85,0,0,0,0,06-JUL-2020,
OPTSTK,ACC,27-Aug-2020,1020,CE,0,0,0,308.05,315.35,0,0,0,0,06-JUL-2020,
OPTSTK,ACC,27-Aug-2020,1040,CE,0,0,0,293.8,296.1,0,0,0,0,06-JUL-2020,
OPTSTK,ACC,27-Aug-2020,1060,CE,0,0,0,280,277,0,0,0,0,06-JUL-2020,
OPTSTK,ACC,27-Aug-2020,1080,CE,0,0,0,266.6,258.2,0,0,0,0,06-JUL-2020,
OPTSTK,ACC,27-Aug-2020,1100,CE,0,0,0,253.65,239.75,0,0,0,0,06-JUL-2020,
OPTSTK,ACC,27-Aug-2020,1120,CE,0,0,0,241.1,221.7,0,0,0,0,06-JUL-2020,
OPTSTK,ACC,27-Aug-2020,1140,CE,0,0,0,229.05,204.15,0,0,0,0,06-JUL-2020,
OPTSTK,ACC,27-Aug-2020,1160,CE,0,0,0,217.45,187.15,0,0,0,0,06-JUL-2020,
OPTSTK,ACC,27-Aug-2020,1180,CE,0,0,0,206.25,170.75,0,0,0,0,06-JUL-2020,
OPTSTK,ACC,27-Aug-2020,1200,CE,0,0,0,195.55,155.1,0,0,0,0,06-JUL-2020,
OPTSTK,ACC,27-Aug-2020,1220,CE,0,0,0,185.25,140.15,0,0,0,0,06-JUL-2020,
OPTSTK,ACC,27-Aug-2020,1240,CE,0,0,0,175.35,126.05,0,0,0,0,06-JUL-2020,
OPTSTK,ACC,27-Aug-2020,1260,CE,0,0,0,165.9,112.75,0,0,0,0,06-JUL-2020,
OPTSTK,ACC,27-Aug-2020,1280,CE,92,92,92,92,100.35,1,6.86,500,500,06-JUL-2020,
OPTSTK,ACC,27-Aug-2020,1300,CE,0,0,0,148.2,88.85,0,0,0,0,06-JUL-2020,
OPTSTK,ACC,27-Aug-2020,1320,CE,0,0,0,139.95,78.3,0,0,0,0,06-JUL-2020,
OPTSTK,ACC,27-Aug-2020,1340,CE,0,0,0,132.1,68.6,0,0,0,0,06-JUL-2020,
OPTSTK,ACC,27-Aug-2020,1360,CE,0,0,0,124.6,59.8,0,0,0,0,06-JUL-2020,
OPTSTK,ACC,27-Aug-2020,1380,CE,0,0,0,117.45,51.85,0,0,0,0,06-JUL-2020,
OPTSTK,ACC,27-Aug-2020,1400,CE,0,0,0,110.65,44.75,0,0,0,0,06-JUL-2020,
OPTSTK,ACC,27-Aug-2020,1420,CE,0,0,0,104.2,38.4,0,0,0,0,06-JUL-2020,
OPTSTK,ACC,27-Aug-2020,1440,CE,0,0,0,98.1,32.8,0,0,0,0,06-JUL-2020,
OPTSTK,ACC,27-Aug-2020,1460,CE,0,0,0,92.3,27.85,0,0,0,0,06-JUL-2020,
OPTSTK,ACC,27-Aug-2020,1480,CE,0,0,0,86.8,23.55,0,0,0,0,06-JUL-2020,
OPTSTK,ACC,27-Aug-2020,1500,CE,0,0,0,81.6,19.85,0,0,0,0,06-JUL-2020,
OPTSTK,ACC,27-Aug-2020,1520,CE,0,0,0,76.75,16.6,0,0,0,0,06-JUL-2020,
OPTSTK,ACC,27-Aug-2020,1540,CE,0,0,0,72.1,13.85,0,0,0,0,06-JUL-2020,
OPTSTK,ACC,27-Aug-2020,1560,CE,0,0,0,67.7,11.5,0,0,0,0,06-JUL-2020,
OPTSTK,ACC,27-Aug-2020,1580,CE,0,0,0,63.55,9.5,0,0,0,0,06-JUL-2020,
OPTSTK,ACC,27-Aug-2020,800,PE,0,0,0,7.6,0.05,0,0,0,0,06-JUL-2020,
OPTSTK,ACC,27-Aug-2020,820,PE,0,0,0,9.25,0.05,0,0,0,0,06-JUL-2020,
OPTSTK,ACC,27-Aug-2020,840,PE,0,0,0,11.2,0.05,0,0,0,0,06-JUL-2020,
OPTSTK,ACC,27-Aug-2020,860,PE,0,0,0,13.4,0.05,0,0,0,0,06-JUL-2020,
OPTSTK,ACC,27-Aug-2020,880,PE,0,0,0,15.9,0.05,0,0,0,0,06-JUL-2020,
OPTSTK,ACC,27-Aug-2020,900,PE,0,0,0,18.75,0.05,0,0,0,0,06-JUL-2020,
OPTSTK,ACC,27-Aug-2020,920,PE,0,0,0,21.95,0.1,0,0,0,0,06-JUL-2020,
OPTSTK,ACC,27-Aug-2020,940,PE,0,0,0,25.45,0.2,0,0,0,0,06-JUL-2020,
OPTSTK,ACC,27-Aug-2020,960,PE,0,0,0,29.35,0.3,0,0,0,0,06-JUL-2020,
OPTSTK,ACC,27-Aug-2020,980,PE,0,0,0,33.65,0.5,0,0,0,0,06-JUL-2020,
OPTSTK,ACC,27-Aug-2020,1000,PE,0,0,0,38.35,0.8,0,0,0,0,06-JUL-2020,
OPTSTK,ACC,27-Aug-2020,1020,PE,0,0,0,43.45,1.2,0,0,0,0,06-JUL-2020,
OPTSTK,ACC,27-Aug-2020,1040,PE,0,0,0,48.95,1.8,0,0,0,0,06-JUL-2020,
OPTSTK,ACC,27-Aug-2020,1060,PE,0,0,0,54.9,2.6,0,0,0,0,06-JUL-2020,
OPTSTK,ACC,27-Aug-2020,1080,PE,0,0,0,61.3,3.7,0,0,0,0,06-JUL-2020,
OPTSTK,ACC,27-Aug-2020,1100,PE,0,0,0,68.1,5.1,0,0,0,0,06-JUL-2020,
OPTSTK,ACC,27-Aug-2020,1120,PE,0,0,0,75.3,6.95,0,0,0,0,06-JUL-2020,
OPTSTK,ACC,27-Aug-2020,1140,PE,0,0,0,83,9.3,0,0,0,0,06-JUL-2020,
OPTSTK,ACC,27-Aug-2020,1160,PE,0,0,0,14.4,12.15,0,0,500,0,06-JUL-2020,
OPTSTK,ACC,27-Aug-2020,1180,PE,0,0,0,99.75,15.65,0,0,0,0,06-JUL-2020,
OPTSTK,ACC,27-Aug-2020,1200,PE,0,0,0,108.75,19.85,0,0,0,0,06-JUL-2020,
OPTSTK,ACC,27-Aug-2020,1220,PE,0,0,0,118.2,24.8,0,0,0,0,06-JUL-2020,
OPTSTK,ACC,27-Aug-2020,1240,PE,0,0,0,128.1,30.55,0,0,0,0,06-JUL-2020,
OPTSTK,ACC,27-Aug-2020,1260,PE,0,0,0,138.4,37.15,0,0,0,0,06-JUL-2020,
OPTSTK,ACC,27-Aug-2020,1280,PE,0,0,0,149.1,44.65,0,0,0,0,06-JUL-2020,
OPTSTK,ACC,27-Aug-2020,1300,PE,0,0,0,160.2,53,0,0,0,0,06-JUL-2020,
OPTSTK,ACC,27-Aug-2020,1320,PE,0,0,0,171.7,62.3,0,0,0,0,06-JUL-2020,
OPTSTK,ACC,27-Aug-2020,1340,PE,0,0,0,183.6,72.5,0,0,0,0,06-JUL-2020,
OPTSTK,ACC,27-Aug-2020,1360,PE,0,0,0,195.85,83.6,0,0,0,0,06-JUL-2020,
OPTSTK,ACC,27-Aug-2020,1380,PE,0,0,0,208.5,95.55,0,0,0,0,06-JUL-2020,
OPTSTK,ACC,27-Aug-2020,1400,PE,0,0,0,221.45,108.3,0,0,0,0,06-JUL-2020,
OPTSTK,ACC,27-Aug-2020,1420,PE,0,0,0,234.75,121.85,0,0,0,0,06-JUL-2020,
OPTSTK,ACC,27-Aug-2020,1440,PE,0,0,0,248.4,136.1,0,0,0,0,06-JUL-2020,
OPTSTK,ACC,27-Aug-2020,1460,PE,0,0,0,262.35,151.05,0,0,0,0,06-JUL-2020,
OPTSTK,ACC,27-Aug-2020,1480,PE,0,0,0,276.65,166.65,0,0,0,0,06-JUL-2020,
OPTSTK,ACC,27-Aug-2020,1500,PE,0,0,0,291.15,182.8,0,0,0,0,06-JUL-2020,
OPTSTK,ACC,27-Aug-2020,1520,PE,0,0,0,306.05,199.45,0,0,0,0,06-JUL-2020,
OPTSTK,ACC,27-Aug-2020,1540,PE,0,0,0,321.2,216.55,0,0,0,0,06-JUL-2020,
OPTSTK,ACC,27-Aug-2020,1560,PE,0,0,0,336.55,234.05,0,0,0,0,06-JUL-2020,
OPTSTK,ACC,27-Aug-2020,1580,PE,0,0,0,352.15,251.95,0,0,0,0,06-JUL-2020,
OPTSTK,ACC,24-Sep-2020,800,CE,0,0,0,461.4,535.45,0,0,0,0,06-JUL-2020,
OPTSTK,ACC,24-Sep-2020,820,CE,0,0,0,442,515.65,0,0,0,0,06-JUL-2020,
OPTSTK,ACC,24-Sep-2020,840,CE,0,0,0,422.8,495.9,0,0,0,0,06-JUL-2020,
OPTSTK,ACC,24-Sep-2020,860,CE,0,0,0,403.7,476.15,0,0,0,0,06-JUL-2020,
OPTSTK,ACC,24-Sep-2020,880,CE,0,0,0,384.85,456.45,0,0,0,0,06-JUL-2020,
OPTSTK,ACC,24-Sep-2020,900,CE,0,0,0,366.15,436.8,0,0,0,0,06-JUL-2020,
OPTSTK,ACC,24-Sep-2020,920,CE,0,0,0,347.75,417.25,0,0,0,0,06-JUL-2020,
OPTSTK,ACC,24-Sep-2020,940,CE,0,0,0,329.65,397.75,0,0,0,0,06-JUL-2020,
OPTSTK,ACC,24-Sep-2020,960,CE,0,0,0,311.9,378.4,0,0,0,0,06-JUL-2020,
OPTSTK,ACC,24-Sep-2020,980,CE,0,0,0,294.5,359.15,0,0,0,0,06-JUL-2020,
OPTSTK,ACC,24-Sep-2020,1000,CE,0,0,0,277.5,340.15,0,0,0,0,06-JUL-2020,
OPTSTK,ACC,24-Sep-2020,1020,CE,0,0,0,260.95,321.35,0,0,0,0,06-JUL-2020,
OPTSTK,ACC,24-Sep-2020,1040,CE,0,0,0,244.85,302.8,0,0,0,0,06-JUL-2020,
OPTSTK,ACC,24-Sep-2020,1060,CE,0,0,0,229.3,284.6,0,0,0,0,06-JUL-2020,
OPTSTK,ACC,24-Sep-2020,1080,CE,0,0,0,214.35,266.75,0,0,0,0,06-JUL-2020,
OPTSTK,ACC,24-Sep-2020,1100,CE,0,0,0,199.85,249.35,0,0,0,0,06-JUL-2020,
OPTSTK,ACC,24-Sep-2020,1120,CE,0,0,0,186,232.4,0,0,0,0,06-JUL-2020,
OPTSTK,ACC,24-Sep-2020,1140,CE,0,0,0,172.65,215.95,0,0,0,0,06-JUL-2020,
OPTSTK,ACC,24-Sep-2020,1160,CE,0,0,0,160,200.1,0,0,0,0,06-JUL-2020,
OPTSTK,ACC,24-Sep-2020,1180,CE,0,0,0,148,184.8,0,0,0,0,06-JUL-2020,
OPTSTK,ACC,24-Sep-2020,1200,CE,0,0,0,136.6,170.2,0,0,0,0,06-JUL-2020,
OPTSTK,ACC,24-Sep-2020,1220,CE,0,0,0,125.8,156.25,0,0,0,0,06-JUL-2020,
OPTSTK,ACC,24-Sep-2020,1240,CE,0,0,0,115.65,142.95,0,0,0,0,06-JUL-2020,
OPTSTK,ACC,24-Sep-2020,1260,CE,0,0,0,106.1,130.4,0,0,0,0,06-JUL-2020,
OPTSTK,ACC,24-Sep-2020,1280,CE,0,0,0,97.15,118.6,0,0,0,0,06-JUL-2020,
OPTSTK,ACC,24-Sep-2020,1300,CE,0,0,0,88.8,107.5,0,0,0,0,06-JUL-2020,
OPTSTK,ACC,24-Sep-2020,1320,CE,0,0,0,81,97.15,0,0,0,0,06-JUL-2020,
OPTSTK,ACC,24-Sep-2020,1340,CE,0,0,0,73.8,87.5,0,0,0,0,06-JUL-2020,
OPTSTK,ACC,24-Sep-2020,1360,CE,0,0,0,67.05,78.6,0,0,0,0,06-JUL-2020,
OPTSTK,ACC,24-Sep-2020,1380,CE,0,0,0,60.85,70.4,0,0,0,0,06-JUL-2020,
OPTSTK,ACC,24-Sep-2020,1400,CE,0,0,0,55.15,62.85,0,0,0,0,06-JUL-2020,
OPTSTK,ACC,24-Sep-2020,1420,CE,0,0,0,49.85,55.9,0,0,0,0,06-JUL-2020,
OPTSTK,ACC,24-Sep-2020,1440,CE,0,0,0,45.1,49.65,0,0,0,0,06-JUL-2020,
OPTSTK,ACC,24-Sep-2020,1460,CE,0,0,0,40.7,43.9,0,0,0,0,06-JUL-2020,
OPTSTK,ACC,24-Sep-2020,1480,CE,0,0,0,36.65,38.75,0,0,0,0,06-JUL-2020,
OPTSTK,ACC,24-Sep-2020,1500,CE,0,0,0,32.9,34.1,0,0,0,0,06-JUL-2020,
OPTSTK,ACC,24-Sep-2020,1520,CE,0,0,0,29.55,29.9,0,0,0,0,06-JUL-2020,
OPTSTK,ACC,24-Sep-2020,1540,CE,0,0,0,26.5,26.2,0,0,0,0,06-JUL-2020,
OPTSTK,ACC,24-Sep-2020,1560,CE,0,0,0,23.7,22.85,0,0,0,0,06-JUL-2020,
OPTSTK,ACC,24-Sep-2020,1580,CE,0,0,0,21.2,19.9,0,0,0,0,06-JUL-2020,
OPTSTK,ACC,24-Sep-2020,800,PE,0,0,0,1,0.05,0,0,0,0,06-JUL-2020,
OPTSTK,ACC,24-Sep-2020,820,PE,0,0,0,1.4,0.05,0,0,0,0,06-JUL-2020,
OPTSTK,ACC,24-Sep-2020,840,PE,0,0,0,1.95,0.1,0,0,0,0,06-JUL-2020,
OPTSTK,ACC,24-Sep-2020,860,PE,0,0,0,2.65,0.2,0,0,0,0,06-JUL-2020,
OPTSTK,ACC,24-Sep-2020,880,PE,0,0,0,3.5,0.3,0,0,0,0,06-JUL-2020,
OPTSTK,ACC,24-Sep-2020,900,PE,0,0,0,4.6,0.45,0,0,0,0,06-JUL-2020,
OPTSTK,ACC,24-Sep-2020,920,PE,0,0,0,6,0.7,0,0,0,0,06-JUL-2020,
OPTSTK,ACC,24-Sep-2020,940,PE,0,0,0,7.65,1.05,0,0,0,0,06-JUL-2020,
OPTSTK,ACC,24-Sep-2020,960,PE,0,0,0,9.65,1.5,0,0,0,0,06-JUL-2020,
OPTSTK,ACC,24-Sep-2020,980,PE,0,0,0,12,2.1,0,0,0,0,06-JUL-2020,
OPTSTK,ACC,24-Sep-2020,1000,PE,0,0,0,14.8,2.85,0,0,0,0,06-JUL-2020,
OPTSTK,ACC,24-Sep-2020,1020,PE,0,0,0,18,3.9,0,0,0,0,06-JUL-2020,
OPTSTK,ACC,24-Sep-2020,1040,PE,0,0,0,21.7,5.15,0,0,0,0,06-JUL-2020,
OPTSTK,ACC,24-Sep-2020,1060,PE,0,0,0,25.9,6.8,0,0,0,0,06-JUL-2020,
OPTSTK,ACC,24-Sep-2020,1080,PE,0,0,0,30.7,8.75,0,0,0,0,06-JUL-2020,
OPTSTK,ACC,24-Sep-2020,1100,PE,0,0,0,36,11.15,0,0,0,0,06-JUL-2020,
OPTSTK,ACC,24-Sep-2020,1120,PE,0,0,0,41.9,14,0,0,0,0,06-JUL-2020,
OPTSTK,ACC,24-Sep-2020,1140,PE,0,0,0,48.35,17.4,0,0,0,0,06-JUL-2020,
OPTSTK,ACC,24-Sep-2020,1160,PE,0,0,0,55.45,21.35,0,0,0,0,06-JUL-2020,
OPTSTK,ACC,24-Sep-2020,1180,PE,0,0,0,63.2,25.9,0,0,0,0,06-JUL-2020,
OPTSTK,ACC,24-Sep-2020,1200,PE,0,0,0,71.55,31.05,0,0,0,0,06-JUL-2020,
OPTSTK,ACC,24-Sep-2020,1220,PE,0,0,0,80.55,36.9,0,0,0,0,06-JUL-2020,
OPTSTK,ACC,24-Sep-2020,1240,PE,0,0,0,90.15,43.45,0,0,0,0,06-JUL-2020,
OPTSTK,ACC,24-Sep-2020,1260,PE,0,0,0,100.4,50.75,0,0,0,0,06-JUL-2020,
OPTSTK,ACC,24-Sep-2020,1280,PE,0,0,0,111.2,58.75,0,0,0,0,06-JUL-2020,
OPTSTK,ACC,24-Sep-2020,1300,PE,0,0,0,122.6,67.45,0,0,0,0,06-JUL-2020,
OPTSTK,ACC,24-Sep-2020,1320,PE,0,0,0,134.6,76.9,0,0,0,0,06-JUL-2020,
OPTSTK,ACC,24-Sep-2020,1340,PE,0,0,0,147.15,87.1,0,0,0,0,06-JUL-2020,
OPTSTK,ACC,24-Sep-2020,1360,PE,0,0,0,160.2,98,0,0,0,0,06-JUL-2020,
OPTSTK,ACC,24-Sep-2020,1380,PE,0,0,0,173.75,109.6,0,0,0,0,06-JUL-2020,
OPTSTK,ACC,24-Sep-2020,1400,PE,0,0,0,187.8,121.85,0,0,0,0,06-JUL-2020,
OPTSTK,ACC,24-Sep-2020,1420,PE,0,0,0,202.3,134.75,0,0,0,0,06-JUL-2020,
OPTSTK,ACC,24-Sep-2020,1440,PE,0,0,0,217.3,148.25,0,0,0,0,06-JUL-2020,
OPTSTK,ACC,24-Sep-2020,1460,PE,0,0,0,232.65,162.4,0,0,0,0,06-JUL-2020,
OPTSTK,ACC,24-Sep-2020,1480,PE,0,0,0,248.4,177.05,0,0,0,0,06-JUL-2020,
OPTSTK,ACC,24-Sep-2020,1500,PE,0,0,0,264.4,192.2,0,0,0,0,06-JUL-2020,
OPTSTK,ACC,24-Sep-2020,1520,PE,0,0,0,280.8,207.85,0,0,0,0,06-JUL-2020,
OPTSTK,ACC,24-Sep-2020,1540,PE,0,0,0,297.55,223.9,0,0,0,0,06-JUL-2020,
OPTSTK,ACC,24-Sep-2020,1560,PE,0,0,0,314.5,240.4,0,0,0,0,06-JUL-2020,
OPTSTK,ACC,24-Sep-2020,1580,PE,0,0,0,331.8,257.25,0,0,0,0,06-JUL-2020,
OPTSTK,ADANIENT,30-Jul-2020,80,CE,0,0,0,63.85,84.4,0,0,0,0,06-JUL-2020,
OPTSTK,ADANIENT,30-Jul-2020,85,CE,0,0,0,59.55,79.45,0,0,0,0,06-JUL-2020,
OPTSTK,ADANIENT,30-Jul-2020,90,CE,0,0,0,55.35,74.45,0,0,0,0,06-JUL-2020,
OPTSTK,ADANIENT,30-Jul-2020,92.5,CE,0,0,0,51.3,71.95,0,0,0,0,06-JUL-2020,
OPTSTK,ADANIENT,30-Jul-2020,95,CE,0,0,0,51.35,69.45,0,0,0,0,06-JUL-2020,
OPTSTK,ADANIENT,30-Jul-2020,97.5,CE,0,0,0,46.65,66.95,0,0,0,0,06-JUL-2020,
OPTSTK,ADANIENT,30-Jul-2020,100,CE,0,0,0,47.55,64.5,0,0,0,0,06-JUL-2020,
OPTSTK,ADANIENT,30-Jul-2020,102.5,CE,0,0,0,42.1,62,0,0,0,0,06-JUL-2020,
OPTSTK,ADANIENT,30-Jul-2020,105,CE,0,0,0,43.95,59.5,0,0,0,0,06-JUL-2020,
OPTSTK,ADANIENT,30-Jul-2020,107.5,CE,0,0,0,37.75,57,0,0,0,0,06-JUL-2020,
OPTSTK,ADANIENT,30-Jul-2020,110,CE,0,0,0,40.5,54.5,0,0,0,0,06-JUL-2020,
OPTSTK,ADANIENT,30-Jul-2020,112.5,CE,0,0,0,33.6,52,0,0,0,0,06-JUL-2020,
OPTSTK,ADANIENT,30-Jul-2020,115,CE,0,0,0,49.3,49.55,0,0,16000,0,06-JUL-2020,
OPTSTK,ADANIENT,30-Jul-2020,117.5,CE,0,0,0,29.65,47.05,0,0,0,0,06-JUL-2020,
OPTSTK,ADANIENT,30-Jul-2020,120,CE,0,0,0,43.75,44.6,0,0,4000,0,06-JUL-2020,
OPTSTK,ADANIENT,30-Jul-2020,122.5,CE,0,0,0,26.05,42.15,0,0,0,0,06-JUL-2020,
OPTSTK,ADANIENT,30-Jul-2020,125,CE,0,0,0,31.4,39.7,0,0,0,0,06-JUL-2020,
OPTSTK,ADANIENT,30-Jul-2020,127.5,CE,0,0,0,22.65,37.25,0,0,0,0,06-JUL-2020,
OPTSTK,ADANIENT,30-Jul-2020,130,CE,0,0,0,33,34.85,0,0,4000,0,06-JUL-2020,
OPTSTK,ADANIENT,30-Jul-2020,132.5,CE,0,0,0,19.6,32.5,0,0,0,0,06-JUL-2020,
OPTSTK,ADANIENT,30-Jul-2020,135,CE,0,0,0,26.3,30.15,0,0,0,0,06-JUL-2020,
OPTSTK,ADANIENT,30-Jul-2020,137.5,CE,0,0,0,16.85,27.9,0,0,0,0,06-JUL-2020,
OPTSTK,ADANIENT,30-Jul-2020,140,CE,0,0,0,28.35,25.65,0,0,16000,0,06-JUL-2020,
OPTSTK,ADANIENT,30-Jul-2020,142.5,CE,0,0,0,14.4,23.55,0,0,0,0,06-JUL-2020,
OPTSTK,ADANIENT,30-Jul-2020,145,CE,0,0,0,24.8,21.45,0,0,16000,0,06-JUL-2020,
OPTSTK,ADANIENT,30-Jul-2020,147.5,CE,0,0,0,12.2,19.45,0,0,0,0,06-JUL-2020,
OPTSTK,ADANIENT,30-Jul-2020,150,CE,19,20.25,18.5,20.25,17.6,5,33.83,36000,4000,06-JUL-2020,
OPTSTK,ADANIENT,30-Jul-2020,152.5,CE,0,0,0,17.2,15.8,0,0,8000,0,06-JUL-2020,
OPTSTK,ADANIENT,30-Jul-2020,155,CE,14.25,16.5,13.95,15.4,14.1,10,68.25,120000,-8000,06-JUL-2020,
OPTSTK,ADANIENT,30-Jul-2020,157.5,CE,0,0,0,14.45,12.55,0,0,20000,0,06-JUL-2020,
OPTSTK,ADANIENT,30-Jul-2020,160,CE,11.2,13.7,11.2,13.2,13.2,19,131.38,232000,-16000,06-JUL-2020,
OPTSTK,ADANIENT,30-Jul-2020,162.5,CE,9.9,12,9.9,11.35,9.75,4,27.73,32000,-8000,06-JUL-2020,
OPTSTK,ADANIENT,30-Jul-2020,165,CE,9,11.35,8.8,10.55,10.55,43,301.57,148000,-4000,06-JUL-2020,
OPTSTK,ADANIENT,30-Jul-2020,167.5,CE,9.45,9.45,9.05,9.25,9.25,3,21.21,32000,-4000,06-JUL-2020,
OPTSTK,ADANIENT,30-Jul-2020,170,CE,7.1,9.15,6.95,8.45,8.45,130,926.55,828000,-96000,06-JUL-2020,
OPTSTK,ADANIENT,30-Jul-2020,172.5,CE,0,0,0,7.05,5.55,0,0,12000,0,06-JUL-2020,
OPTSTK,ADANIENT,30-Jul-2020,175,CE,5.65,6.65,5.65,6.65,6.65,2,14.49,56000,0,06-JUL-2020,
OPTSTK,ADANIENT,30-Jul-2020,177.5,CE,0,0,0,4.1,4.05,0,0,0,0,06-JUL-2020,
OPTSTK,ADANIENT,30-Jul-2020,180,CE,4.5,5.7,4.4,5.35,5.35,31,229.67,256000,8000,06-JUL-2020,
OPTSTK,ADANIENT,30-Jul-2020,182.5,CE,0,0,0,7.85,2.9,0,0,4000,0,06-JUL-2020,
OPTSTK,ADANIENT,30-Jul-2020,185,CE,0,0,0,3.5,2.45,0,0,44000,0,06-JUL-2020,
OPTSTK,ADANIENT,30-Jul-2020,187.5,CE,0,0,0,6.65,2.05,0,0,0,0,06-JUL-2020,
OPTSTK,ADANIENT,30-Jul-2020,190,CE,3.1,3.6,2.75,3.25,3.25,29,224.15,188000,32000,06-JUL-2020,
OPTSTK,ADANIENT,30-Jul-2020,192.5,CE,0,0,0,2.25,1.4,0,0,0,0,06-JUL-2020,
OPTSTK,ADANIENT,30-Jul-2020,195,CE,2.25,2.75,2.25,2.75,2.75,4,31.59,56000,12000,06-JUL-2020,
OPTSTK,ADANIENT,30-Jul-2020,197.5,CE,0,0,0,1.8,0.95,0,0,0,0,06-JUL-2020,
OPTSTK,ADANIENT,30-Jul-2020,200,CE,1.7,2.15,1.7,2,2,19,153.53,564000,20000,06-JUL-2020,
OPTSTK,ADANIENT,30-Jul-2020,80,PE,0,0,0,1.45,0.05,0,0,0,0,06-JUL-2020,
OPTSTK,ADANIENT,30-Jul-2020,85,PE,0,0,0,2.05,0.05,0,0,0,0,06-JUL-2020,
OPTSTK,ADANIENT,30-Jul-2020,90,PE,0,0,0,2.8,0.05,0,0,0,0,06-JUL-2020,
OPTSTK,ADANIENT,30-Jul-2020,92.5,PE,0,0,0,0.4,0.05,0,0,0,0,06-JUL-2020,
OPTSTK,ADANIENT,30-Jul-2020,95,PE,0,0,0,3.75,0.05,0,0,0,0,06-JUL-2020,
OPTSTK,ADANIENT,30-Jul-2020,97.5,PE,0,0,0,0.65,0.05,0,0,0,0,06-JUL-2020,
OPTSTK,ADANIENT,30-Jul-2020,100,PE,0,0,0,4.9,0.05,0,0,0,0,06-JUL-2020,
OPTSTK,ADANIENT,30-Jul-2020,102.5,PE,0,0,0,1.1,0.05,0,0,0,0,06-JUL-2020,
OPTSTK,ADANIENT,30-Jul-2020,105,PE,0,0,0,1.1,0.05,0,0,4000,0,06-JUL-2020,
OPTSTK,ADANIENT,30-Jul-2020,107.5,PE,0,0,0,1.7,0.05,0,0,0,0,06-JUL-2020,
OPTSTK,ADANIENT,30-Jul-2020,110,PE,0,0,0,7.7,0.05,0,0,0,0,06-JUL-2020,
OPTSTK,ADANIENT,30-Jul-2020,112.5,PE,0,0,0,2.5,0.05,0,0,0,0,06-JUL-2020,
OPTSTK,ADANIENT,30-Jul-2020,115,PE,0,0,0,9.4,0.05,0,0,0,0,06-JUL-2020,
OPTSTK,ADANIENT,30-Jul-2020,117.5,PE,0,0,0,3.55,0.05,0,0,0,0,06-JUL-2020,
OPTSTK,ADANIENT,30-Jul-2020,120,PE,0,0,0,1,0.05,0,0,4000,0,06-JUL-2020,
OPTSTK,ADANIENT,30-Jul-2020,122.5,PE,0,0,0,4.85,0.1,0,0,0,0,06-JUL-2020,
OPTSTK,ADANIENT,30-Jul-2020,125,PE,0,0,0,2,0.15,0,0,4000,0,06-JUL-2020,
OPTSTK,ADANIENT,30-Jul-2020,127.5,PE,0,0,0,3,0.2,0,0,4000,0,06-JUL-2020,
OPTSTK,ADANIENT,30-Jul-2020,130,PE,1.15,1.3,1.1,1.3,0.3,4,20.99,124000,-4000,06-JUL-2020,
OPTSTK,ADANIENT,30-Jul-2020,132.5,PE,0,0,0,3.7,0.4,0,0,4000,0,06-JUL-2020,
OPTSTK,ADANIENT,30-Jul-2020,135,PE,1.9,1.95,1.8,1.8,0.6,3,16.42,156000,4000,06-JUL-2020,
OPTSTK,ADANIENT,30-Jul-2020,137.5,PE,0,0,0,10.55,0.8,0,0,0,0,06-JUL-2020,
OPTSTK,ADANIENT,30-Jul-2020,140,PE,2.9,3,2.3,2.45,2.45,10,57.08,112000,20000,06-JUL-2020,
OPTSTK,ADANIENT,30-Jul-2020,142.5,PE,0,0,0,13.05,1.45,0,0,0,0,06-JUL-2020,
OPTSTK,ADANIENT,30-Jul-2020,145,PE,4.1,4.1,4.1,4.1,1.85,1,5.96,16000,0,06-JUL-2020,
OPTSTK,ADANIENT,30-Jul-2020,147.5,PE,0,0,0,6.7,2.35,0,0,24000,0,06-JUL-2020,
OPTSTK,ADANIENT,30-Jul-2020,150,PE,5.5,5.65,4.4,4.6,4.6,29,179.71,292000,32000,06-JUL-2020,
OPTSTK,ADANIENT,30-Jul-2020,152.5,PE,0,0,0,6.9,3.7,0,0,20000,0,06-JUL-2020,
OPTSTK,ADANIENT,30-Jul-2020,155,PE,7.55,7.8,6.35,6.35,4.5,7,45.33,76000,8000,06-JUL-2020,
OPTSTK,ADANIENT,30-Jul-2020,157.5,PE,0,0,0,10.65,5.4,0,0,8000,0,06-JUL-2020,
OPTSTK,ADANIENT,30-Jul-2020,160,PE,9.95,9.95,8.05,8.25,8.25,28,188.8,236000,28000,06-JUL-2020,
OPTSTK,ADANIENT,30-Jul-2020,162.5,PE,0,0,0,12.15,7.6,0,0,16000,0,06-JUL-2020,
OPTSTK,ADANIENT,30-Jul-2020,165,PE,12.05,12.05,11.05,11.05,8.9,2,14.12,16000,8000,06-JUL-2020,
OPTSTK,ADANIENT,30-Jul-2020,167.5,PE,0,0,0,29.45,10.25,0,0,0,0,06-JUL-2020,
OPTSTK,ADANIENT,30-Jul-2020,170,PE,15.3,15.3,15.3,15.3,11.75,1,7.41,28000,0,06-JUL-2020,
OPTSTK,ADANIENT,30-Jul-2020,172.5,PE,0,0,0,33.35,13.35,0,0,0,0,06-JUL-2020,
OPTSTK,ADANIENT,30-Jul-2020,175,PE,0,0,0,43.9,15.05,0,0,0,0,06-JUL-2020,
OPTSTK,ADANIENT,30-Jul-2020,177.5,PE,0,0,0,37.45,16.85,0,0,0,0,06-JUL-2020,
OPTSTK,ADANIENT,30-Jul-2020,180,PE,21,21,21,21,21,1,8.04,8000,-4000,06-JUL-2020,
OPTSTK,ADANIENT,30-Jul-2020,182.5,PE,0,0,0,41.65,20.7,0,0,0,0,06-JUL-2020,
OPTSTK,ADANIENT,30-Jul-2020,185,PE,0,0,0,51.55,22.7,0,0,0,0,06-JUL-2020,
OPTSTK,ADANIENT,30-Jul-2020,187.5,PE,0,0,0,46,24.8,0,0,0,0,06-JUL-2020,
OPTSTK,ADANIENT,30-Jul-2020,190,PE,0,0,0,55.55,26.95,0,0,0,0,06-JUL-2020,
OPTSTK,ADANIENT,30-Jul-2020,192.5,PE,0,0,0,50.45,29.15,0,0,0,0,06-JUL-2020,
OPTSTK,ADANIENT,30-Jul-2020,195,PE,0,0,0,59.65,31.4,0,0,0,0,06-JUL-2020,
OPTSTK,ADANIENT,30-Jul-2020,197.5,PE,0,0,0,38.65,33.7,0,0,8000,0,06-JUL-2020,
OPTSTK,ADANIENT,30-Jul-2020,200,PE,0,0,0,41,36,0,0,16000,0,06-JUL-2020,
OPTSTK,ADANIENT,27-Aug-2020,82.5,CE,0,0,0,61.5,82.2,0,0,0,0,06-JUL-2020,
OPTSTK,ADANIENT,27-Aug-2020,85,CE,0,0,0,59.15,79.7,0,0,0,0,06-JUL-2020,
OPTSTK,ADANIENT,27-Aug-2020,87.5,CE,0,0,0,56.8,77.25,0,0,0,0,06-JUL-2020,
OPTSTK,ADANIENT,27-Aug-2020,90,CE,0,0,0,54.5,74.75,0,0,0,0,06-JUL-2020,
OPTSTK,ADANIENT,27-Aug-2020,92.5,CE,0,0,0,52.2,72.25,0,0,0,0,06-JUL-2020,
OPTSTK,ADANIENT,27-Aug-2020,95,CE,0,0,0,49.95,69.8,0,0,0,0,06-JUL-2020,
OPTSTK,ADANIENT,27-Aug-2020,97.5,CE,0,0,0,47.75,67.3,0,0,0,0,06-JUL-2020,
OPTSTK,ADANIENT,27-Aug-2020,100,CE,0,0,0,45.6,64.85,0,0,0,0,06-JUL-2020,
OPTSTK,ADANIENT,27-Aug-2020,102.5,CE,0,0,0,43.45,62.4,0,0,0,0,06-JUL-2020,
OPTSTK,ADANIENT,27-Aug-2020,105,CE,0,0,0,41.4,59.9,0,0,0,0,06-JUL-2020,
OPTSTK,ADANIENT,27-Aug-2020,107.5,CE,0,0,0,39.35,57.5,0,0,0,0,06-JUL-2020,
OPTSTK,ADANIENT,27-Aug-2020,110,CE,0,0,0,37.4,55.05,0,0,0,0,06-JUL-2020,
OPTSTK,ADANIENT,27-Aug-2020,112.5,CE,0,0,0,35.5,52.65,0,0,0,0,06-JUL-2020,
OPTSTK,ADANIENT,27-Aug-2020,115,CE,0,0,0,33.65,50.25,0,0,0,0,06-JUL-2020,
OPTSTK,ADANIENT,27-Aug-2020,117.5,CE,0,0,0,31.85,47.85,0,0,0,0,06-JUL-2020,
OPTSTK,ADANIENT,27-Aug-2020,120,CE,0,0,0,30.1,45.5,0,0,0,0,06-JUL-2020,
OPTSTK,ADANIENT,27-Aug-2020,122.5,CE,0,0,0,28.45,43.2,0,0,0,0,06-JUL-2020,
OPTSTK,ADANIENT,27-Aug-2020,125,CE,0,0,0,26.85,40.9,0,0,0,0,06-JUL-2020,
OPTSTK,ADANIENT,27-Aug-2020,127.5,CE,0,0,0,25.3,38.7,0,0,0,0,06-JUL-2020,
OPTSTK,ADANIENT,27-Aug-2020,130,CE,0,0,0,23.8,36.5,0,0,0,0,06-JUL-2020,
OPTSTK,ADANIENT,27-Aug-2020,132.5,CE,0,0,0,22.4,34.35,0,0,0,0,06-JUL-2020,
OPTSTK,ADANIENT,27-Aug-2020,135,CE,0,0,0,21.05,32.3,0,0,0,0,06-JUL-2020,
OPTSTK,ADANIENT,27-Aug-2020,137.5,CE,0,0,0,19.75,30.25,0,0,0,0,06-JUL-2020,
OPTSTK,ADANIENT,27-Aug-2020,140,CE,0,0,0,18.55,28.3,0,0,0,0,06-JUL-2020,
OPTSTK,ADANIENT,27-Aug-2020,142.5,CE,0,0,0,17.35,26.45,0,0,0,0,06-JUL-2020,
OPTSTK,ADANIENT,27-Aug-2020,145,CE,0,0,0,16.25,24.6,0,0,0,0,06-JUL-2020,
OPTSTK,ADANIENT,27-Aug-2020,147.5,CE,0,0,0,15.2,22.9,0,0,0,0,06-JUL-2020,
OPTSTK,ADANIENT,27-Aug-2020,150,CE,0,0,0,14.2,21.2,0,0,0,0,06-JUL-2020,
OPTSTK,ADANIENT,27-Aug-2020,152.5,CE,0,0,0,13.3,19.65,0,0,0,0,06-JUL-2020,
OPTSTK,ADANIENT,27-Aug-2020,155,CE,0,0,0,12.4,18.15,0,0,0,0,06-JUL-2020,
OPTSTK,ADANIENT,27-Aug-2020,157.5,CE,0,0,0,11.55,16.7,0,0,0,0,06-JUL-2020,
OPTSTK,ADANIENT,27-Aug-2020,160,CE,0,0,0,10.75,15.35,0,0,0,0,06-JUL-2020,
OPTSTK,ADANIENT,27-Aug-2020,162.5,CE,0,0,0,10,14.1,0,0,0,0,06-JUL-2020,
OPTSTK,ADANIENT,27-Aug-2020,165,CE,0,0,0,14,12.9,0,0,8000,0,06-JUL-2020,
OPTSTK,ADANIENT,27-Aug-2020,167.5,CE,0,0,0,8.7,11.8,0,0,0,0,06-JUL-2020,
OPTSTK,ADANIENT,27-Aug-2020,170,CE,0,0,0,8.05,10.75,0,0,0,0,06-JUL-2020,
OPTSTK,ADANIENT,27-Aug-2020,172.5,CE,0,0,0,7.5,9.75,0,0,0,0,06-JUL-2020,
OPTSTK,ADANIENT,27-Aug-2020,175,CE,0,0,0,6.95,8.9,0,0,0,0,06-JUL-2020,
OPTSTK,ADANIENT,27-Aug-2020,177.5,CE,0,0,0,6.45,8.05,0,0,0,0,06-JUL-2020,
OPTSTK,ADANIENT,27-Aug-2020,180,CE,0,0,0,6,7.3,0,0,0,0,06-JUL-2020,
OPTSTK,ADANIENT,27-Aug-2020,182.5,CE,0,0,0,5.55,6.6,0,0,0,0,06-JUL-2020,
OPTSTK,ADANIENT,27-Aug-2020,185,CE,0,0,0,5.15,5.95,0,0,0,0,06-JUL-2020,
OPTSTK,ADANIENT,27-Aug-2020,187.5,CE,0,0,0,4.75,5.35,0,0,0,0,06-JUL-2020,
OPTSTK,ADANIENT,27-Aug-2020,190,CE,0,0,0,4.4,4.8,0,0,0,0,06-JUL-2020,
OPTSTK,ADANIENT,27-Aug-2020,192.5,CE,0,0,0,4.1,4.3,0,0,0,0,06-JUL-2020,
OPTSTK,ADANIENT,27-Aug-2020,195,CE,0,0,0,3.8,3.85,0,0,0,0,06-JUL-2020,
OPTSTK,ADANIENT,27-Aug-2020,197.5,CE,0,0,0,3.5,3.45,0,0,0,0,06-JUL-2020,
OPTSTK,ADANIENT,27-Aug-2020,200,CE,0,0,0,3.25,3.05,0,0,0,0,06-JUL-2020,
OPTSTK,ADANIENT,27-Aug-2020,82.5,PE,0,0,0,0.35,0.05,0,0,0,0,06-JUL-2020,
OPTSTK,ADANIENT,27-Aug-2020,85,PE,0,0,0,0.45,0.05,0,0,0,0,06-JUL-2020,
OPTSTK,ADANIENT,27-Aug-2020,87.5,PE,0,0,0,0.6,0.05,0,0,0,0,06-JUL-2020,
OPTSTK,ADANIENT,27-Aug-2020,90,PE,0,0,0,0.75,0.05,0,0,0,0,06-JUL-2020,
OPTSTK,ADANIENT,27-Aug-2020,92.5,PE,0,0,0,0.9,0.05,0,0,0,0,06-JUL-2020,
OPTSTK,ADANIENT,27-Aug-2020,95,PE,0,0,0,1.15,0.05,0,0,0,0,06-JUL-2020,
OPTSTK,ADANIENT,27-Aug-2020,97.5,PE,0,0,0,1.4,0.05,0,0,0,0,06-JUL-2020,
OPTSTK,ADANIENT,27-Aug-2020,100,PE,0,0,0,1.7,0.05,0,0,0,0,06-JUL-2020,
OPTSTK,ADANIENT,27-Aug-2020,102.5,PE,0,0,0,2.05,0.05,0,0,0,0,06-JUL-2020,
OPTSTK,ADANIENT,27-Aug-2020,105,PE,0,0,0,2.45,0.1,0,0,0,0,06-JUL-2020,
OPTSTK,ADANIENT,27-Aug-2020,107.5,PE,0,0,0,2.9,0.15,0,0,0,0,06-JUL-2020,
OPTSTK,ADANIENT,27-Aug-2020,110,PE,0,0,0,3.4,0.2,0,0,0,0,06-JUL-2020,
OPTSTK,ADANIENT,27-Aug-2020,112.5,PE,0,0,0,3.95,0.25,0,0,0,0,06-JUL-2020,
OPTSTK,ADANIENT,27-Aug-2020,115,PE,0,0,0,4.6,0.35,0,0,0,0,06-JUL-2020,
OPTSTK,ADANIENT,27-Aug-2020,117.5,PE,0,0,0,5.25,0.45,0,0,0,0,06-JUL-2020,
OPTSTK,ADANIENT,27-Aug-2020,120,PE,0,0,0,6,0.6,0,0,0,0,06-JUL-2020,
OPTSTK,ADANIENT,27-Aug-2020,122.5,PE,0,0,0,6.8,0.75,0,0,0,0,06-JUL-2020,
OPTSTK,ADANIENT,27-Aug-2020,125,PE,0,0,0,7.65,0.95,0,0,0,0,06-JUL-2020,
OPTSTK,ADANIENT,27-Aug-2020,127.5,PE,0,0,0,8.6,1.2,0,0,0,0,06-JUL-2020,
OPTSTK,ADANIENT,27-Aug-2020,130,PE,0,0,0,6.35,1.5,0,0,68000,0,06-JUL-2020,
OPTSTK,ADANIENT,27-Aug-2020,132.5,PE,0,0,0,10.65,1.85,0,0,0,0,06-JUL-2020,
OPTSTK,ADANIENT,27-Aug-2020,135,PE,0,0,0,11.75,2.25,0,0,0,0,06-JUL-2020,
OPTSTK,ADANIENT,27-Aug-2020,137.5,PE,0,0,0,12.95,2.75,0,0,0,0,06-JUL-2020,
OPTSTK,ADANIENT,27-Aug-2020,140,PE,0,0,0,14.2,3.25,0,0,0,0,06-JUL-2020,
OPTSTK,ADANIENT,27-Aug-2020,142.5,PE,0,0,0,15.5,3.85,0,0,0,0,06-JUL-2020,
OPTSTK,ADANIENT,27-Aug-2020,145,PE,0,0,0,16.85,4.55,0,0,0,0,06-JUL-2020,
OPTSTK,ADANIENT,27-Aug-2020,147.5,PE,0,0,0,18.25,5.3,0,0,0,0,06-JUL-2020,
OPTSTK,ADANIENT,27-Aug-2020,150,PE,9.1,9.1,9.1,9.1,6.1,1,6.36,8000,-4000,06-JUL-2020,
OPTSTK,ADANIENT,27-Aug-2020,152.5,PE,0,0,0,21.25,7,0,0,0,0,06-JUL-2020,
OPTSTK,ADANIENT,27-Aug-2020,155,PE,0,0,0,22.85,8,0,0,0,0,06-JUL-2020,
OPTSTK,ADANIENT,27-Aug-2020,157.5,PE,0,0,0,24.5,9.05,0,0,0,0,06-JUL-2020,
OPTSTK,ADANIENT,27-Aug-2020,160,PE,0,0,0,26.15,10.2,0,0,0,0,06-JUL-2020,
OPTSTK,ADANIENT,27-Aug-2020,162.5,PE,0,0,0,27.9,11.4,0,0,0,0,06-JUL-2020,
OPTSTK,ADANIENT,27-Aug-2020,165,PE,0,0,0,29.65,12.7,0,0,0,0,06-JUL-2020,
OPTSTK,ADANIENT,27-Aug-2020,167.5,PE,0,0,0,31.5,14.05,0,0,0,0,06-JUL-2020,
OPTSTK,ADANIENT,27-Aug-2020,170,PE,0,0,0,33.35,15.5,0,0,0,0,06-JUL-2020,
OPTSTK,ADANIENT,27-Aug-2020,172.5,PE,0,0,0,35.25,17.05,0,0,0,0,06-JUL-2020,
OPTSTK,ADANIENT,27-Aug-2020,175,PE,0,0,0,37.2,18.6,0,0,0,0,06-JUL-2020,
OPTSTK,ADANIENT,27-Aug-2020,177.5,PE,0,0,0,39.15,20.3,0,0,0,0,06-JUL-2020,
OPTSTK,ADANIENT,27-Aug-2020,180,PE,0,0,0,41.15,22,0,0,0,0,06-JUL-2020,
OPTSTK,ADANIENT,27-Aug-2020,182.5,PE,0,0,0,43.2,23.75,0,0,0,0,06-JUL-2020,
OPTSTK,ADANIENT,27-Aug-2020,185,PE,0,0,0,45.25,25.6,0,0,0,0,06-JUL-2020,
OPTSTK,ADANIENT,27-Aug-2020,187.5,PE,0,0,0,47.35,27.5,0,0,0,0,06-JUL-2020,
OPTSTK,ADANIENT,27-Aug-2020,190,PE,0,0,0,49.45,29.45,0,0,0,0,06-JUL-2020,
OPTSTK,ADANIENT,27-Aug-2020,192.5,PE,0,0,0,51.6,31.45,0,0,0,0,06-JUL-2020,
OPTSTK,ADANIENT,27-Aug-2020,195,PE,0,0,0,53.75,33.45,0,0,0,0,06-JUL-2020,
OPTSTK,ADANIENT,27-Aug-2020,197.5,PE,0,0,0,55.95,35.55,0,0,0,0,06-JUL-2020,
OPTSTK,ADANIENT,27-Aug-2020,200,PE,0,0,0,58.15,37.65,0,0,0,0,06-JUL-2020,
OPTSTK,ADANIENT,24-Sep-2020,100,CE,0,0,0,63.75,65.35,0,0,0,0,06-JUL-2020,
OPTSTK,ADANIENT,24-Sep-2020,105,CE,0,0,0,59.25,60.55,0,0,0,0,06-JUL-2020,
OPTSTK,ADANIENT,24-Sep-2020,110,CE,0,0,0,54.85,55.85,0,0,0,0,06-JUL-2020,
OPTSTK,ADANIENT,24-Sep-2020,115,CE,0,0,0,50.65,51.2,0,0,0,0,06-JUL-2020,
OPTSTK,ADANIENT,24-Sep-2020,120,CE,0,0,0,46.6,46.75,0,0,0,0,06-JUL-2020,
OPTSTK,ADANIENT,24-Sep-2020,125,CE,0,0,0,42.75,42.45,0,0,0,0,06-JUL-2020,
OPTSTK,ADANIENT,24-Sep-2020,130,CE,0,0,0,39.05,38.35,0,0,0,0,06-JUL-2020,
OPTSTK,ADANIENT,24-Sep-2020,135,CE,0,0,0,35.6,34.45,0,0,0,0,06-JUL-2020,
OPTSTK,ADANIENT,24-Sep-2020,140,CE,0,0,0,32.35,30.75,0,0,0,0,06-JUL-2020,
OPTSTK,ADANIENT,24-Sep-2020,145,CE,0,0,0,29.3,27.35,0,0,0,0,06-JUL-2020,
OPTSTK,ADANIENT,24-Sep-2020,150,CE,0,0,0,26.5,24.15,0,0,0,0,06-JUL-2020,
OPTSTK,ADANIENT,24-Sep-2020,155,CE,0,0,0,23.9,21.25,0,0,0,0,06-JUL-2020,
OPTSTK,ADANIENT,24-Sep-2020,160,CE,0,0,0,21.45,18.6,0,0,0,0,06-JUL-2020,
OPTSTK,ADANIENT,24-Sep-2020,165,CE,0,0,0,19.25,16.2,0,0,0,0,06-JUL-2020,
OPTSTK,ADANIENT,24-Sep-2020,170,CE,0,0,0,17.25,14.05,0,0,0,0,06-JUL-2020,
OPTSTK,ADANIENT,24-Sep-2020,175,CE,0,0,0,15.4,12.15,0,0,0,0,06-JUL-2020,
OPTSTK,ADANIENT,24-Sep-2020,180,CE,0,0,0,13.75,10.45,0,0,0,0,06-JUL-2020,
OPTSTK,ADANIENT,24-Sep-2020,185,CE,0,0,0,12.25,8.95,0,0,0,0,06-JUL-2020,
OPTSTK,ADANIENT,24-Sep-2020,190,CE,0,0,0,10.85,7.6,0,0,0,0,06-JUL-2020,
OPTSTK,ADANIENT,24-Sep-2020,195,CE,0,0,0,9.65,6.5,0,0,0,0,06-JUL-2020,
OPTSTK,ADANIENT,24-Sep-2020,200,CE,0,0,0,8.55,5.5,0,0,0,0,06-JUL-2020,
OPTSTK,ADANIENT,24-Sep-2020,100,PE,0,0,0,0.95,0.2,0,0,0,0,06-JUL-2020,
OPTSTK,ADANIENT,24-Sep-2020,105,PE,0,0,0,1.4,0.35,0,0,0,0,06-JUL-2020,
OPTSTK,ADANIENT,24-Sep-2020,110,PE,0,0,0,1.95,0.6,0,0,0,0,06-JUL-2020,
OPTSTK,ADANIENT,24-Sep-2020,115,PE,0,0,0,2.65,0.95,0,0,0,0,06-JUL-2020,
OPTSTK,ADANIENT,24-Sep-2020,120,PE,0,0,0,3.55,1.45,0,0,0,0,06-JUL-2020,
OPTSTK,ADANIENT,24-Sep-2020,125,PE,0,0,0,4.65,2.1,0,0,0,0,06-JUL-2020,
OPTSTK,ADANIENT,24-Sep-2020,130,PE,0,0,0,5.9,2.95,0,0,0,0,06-JUL-2020,
OPTSTK,ADANIENT,24-Sep-2020,135,PE,0,0,0,7.4,4,0,0,0,0,06-JUL-2020,
OPTSTK,ADANIENT,24-Sep-2020,140,PE,0,0,0,9.1,5.25,0,0,0,0,06-JUL-2020,
OPTSTK,ADANIENT,24-Sep-2020,145,PE,0,0,0,11,6.8,0,0,0,0,06-JUL-2020,
OPTSTK,ADANIENT,24-Sep-2020,150,PE,0,0,0,13.1,8.55,0,0,0,0,06-JUL-2020,
OPTSTK,ADANIENT,24-Sep-2020,155,PE,0,0,0,15.45,10.6,0,0,0,0,06-JUL-2020,
OPTSTK,ADANIENT,24-Sep-2020,160,PE,0,0,0,17.95,12.9,0,0,0,0,06-JUL-2020,
OPTSTK,ADANIENT,24-Sep-2020,165,PE,0,0,0,20.7,15.45,0,0,0,0,06-JUL-2020,
OPTSTK,ADANIENT,24-Sep-2020,170,PE,0,0,0,23.6,18.25,0,0,0,0,06-JUL-2020,
OPTSTK,ADANIENT,24-Sep-2020,175,PE,0,0,0,26.75,21.3,0,0,0,0,06-JUL-2020,
OPTSTK,ADANIENT,24-Sep-2020,180,PE,0,0,0,30,24.55,0,0,0,0,06-JUL-2020,
OPTSTK,ADANIENT,24-Sep-2020,185,PE,0,0,0,33.45,28,0,0,0,0,06-JUL-2020,
OPTSTK,ADANIENT,24-Sep-2020,190,PE,0,0,0,37,31.65,0,0,0,0,06-JUL-2020,
OPTSTK,ADANIENT,24-Sep-2020,195,PE,0,0,0,40.75,35.45,0,0,0,0,06-JUL-2020,
OPTSTK,ADANIENT,24-Sep-2020,200,PE,0,0,0,44.6,39.45,0,0,0,0,06-JUL-2020,
OPTSTK,ADANIPORTS,30-Jul-2020,170,CE,0,0,0,124.8,189.9,0,0,0,0,06-JUL-2020,
OPTSTK,ADANIPORTS,30-Jul-2020,180,CE,0,0,0,116.05,179.95,0,0,0,0,06-JUL-2020,
OPTSTK,ADANIPORTS,30-Jul-2020,190,CE,0,0,0,107.6,170,0,0,0,0,06-JUL-2020,
OPTSTK,ADANIPORTS,30-Jul-2020,200,CE,0,0,0,99.5,160,0,0,0,0,06-JUL-2020,
OPTSTK,ADANIPORTS,30-Jul-2020,210,CE,0,0,0,91.75,150.05,0,0,0,0,06-JUL-2020,
OPTSTK,ADANIPORTS,30-Jul-2020,220,CE,0,0,0,84.4,140.05,0,0,0,0,06-JUL-2020,
OPTSTK,ADANIPORTS,30-Jul-2020,230,CE,0,0,0,77.45,130.1,0,0,0,0,06-JUL-2020,
OPTSTK,ADANIPORTS,30-Jul-2020,235,CE,0,0,0,104,125.1,0,0,0,0,06-JUL-2020,
OPTSTK,ADANIPORTS,30-Jul-2020,240,CE,0,0,0,70.9,120.1,0,0,0,0,06-JUL-2020,
OPTSTK,ADANIPORTS,30-Jul-2020,245,CE,0,0,0,95.85,115.15,0,0,0,0,06-JUL-2020,
OPTSTK,ADANIPORTS,30-Jul-2020,250,CE,0,0,0,64.75,110.15,0,0,0,0,06-JUL-2020,
OPTSTK,ADANIPORTS,30-Jul-2020,255,CE,0,0,0,88,105.15,0,0,0,0,06-JUL-2020,
OPTSTK,ADANIPORTS,30-Jul-2020,260,CE,0,0,0,59.05,100.2,0,0,0,0,06-JUL-2020,
OPTSTK,ADANIPORTS,30-Jul-2020,265,CE,0,0,0,80.6,95.2,0,0,0,0,06-JUL-2020,
OPTSTK,ADANIPORTS,30-Jul-2020,270,CE,0,0,0,53.75,90.25,0,0,0,0,06-JUL-2020,
OPTSTK,ADANIPORTS,30-Jul-2020,275,CE,0,0,0,73.6,85.3,0,0,0,0,06-JUL-2020,
OPTSTK,ADANIPORTS,30-Jul-2020,280,CE,0,0,0,66,80.4,0,0,7500,0,06-JUL-2020,
OPTSTK,ADANIPORTS,30-Jul-2020,285,CE,0,0,0,66.95,75.5,0,0,0,0,06-JUL-2020,
OPTSTK,ADANIPORTS,30-Jul-2020,290,CE,0,0,0,44.3,70.6,0,0,0,0,06-JUL-2020,
OPTSTK,ADANIPORTS,30-Jul-2020,295,CE,0,0,0,60.75,65.8,0,0,0,0,06-JUL-2020,
OPTSTK,ADANIPORTS,30-Jul-2020,300,CE,0,0,0,50.2,61.05,0,0,12500,0,06-JUL-2020,
OPTSTK,ADANIPORTS,30-Jul-2020,305,CE,0,0,0,43,56.4,0,0,7500,0,06-JUL-2020,
OPTSTK,ADANIPORTS,30-Jul-2020,310,CE,0,0,0,45.65,51.85,0,0,7500,0,06-JUL-2020,
OPTSTK,ADANIPORTS,30-Jul-2020,315,CE,0,0,0,35.45,47.45,0,0,5000,0,06-JUL-2020,
OPTSTK,ADANIPORTS,30-Jul-2020,320,CE,0,0,0,30,43.15,0,0,15000,0,06-JUL-2020,
OPTSTK,ADANIPORTS,30-Jul-2020,325,CE,0,0,0,44.75,39.05,0,0,0,0,06-JUL-2020,
OPTSTK,ADANIPORTS,30-Jul-2020,330,CE,36,36,36,36,35.1,1,9.15,22500,0,06-JUL-2020,
OPTSTK,ADANIPORTS,30-Jul-2020,335,CE,0,0,0,28.25,31.4,0,0,5000,0,06-JUL-2020,
OPTSTK,ADANIPORTS,30-Jul-2020,340,CE,27.85,27.85,23.4,23.4,27.9,7,63.89,102500,-10000,06-JUL-2020,
OPTSTK,ADANIPORTS,30-Jul-2020,345,CE,0,0,0,22.3,24.65,0,0,67500,0,06-JUL-2020,
OPTSTK,ADANIPORTS,30-Jul-2020,350,CE,20.6,21.5,17.45,20.3,20.3,15,138.75,162500,-5000,06-JUL-2020,
OPTSTK,ADANIPORTS,30-Jul-2020,355,CE,17.8,18.7,16,16.45,18.85,10,93.16,180000,0,06-JUL-2020,
OPTSTK,ADANIPORTS,30-Jul-2020,360,CE,15.85,16.5,12,13.1,13.1,257,2402.88,250000,-45000,06-JUL-2020,
OPTSTK,ADANIPORTS,30-Jul-2020,365,CE,13.25,13.3,9.9,11.3,11.3,105,989.61,247500,-17500,06-JUL-2020,
OPTSTK,ADANIPORTS,30-Jul-2020,370,CE,10.6,11.25,8.05,9,9,1031,9796.12,610000,-10000,06-JUL-2020,
OPTSTK,ADANIPORTS,30-Jul-2020,375,CE,8.4,9.5,6.5,7.45,7.45,35,334.84,115000,45000,06-JUL-2020,
OPTSTK,ADANIPORTS,30-Jul-2020,380,CE,8.4,8.4,5.4,6,6,908,8779.43,417500,50000,06-JUL-2020,
OPTSTK,ADANIPORTS,30-Jul-2020,385,CE,5.15,5.7,4.45,4.75,4.75,45,438.85,40000,40000,06-JUL-2020,
OPTSTK,ADANIPORTS,30-Jul-2020,390,CE,5.35,5.35,3.5,3.95,3.95,379,3736.77,202500,2500,06-JUL-2020,
OPTSTK,ADANIPORTS,30-Jul-2020,395,CE,0,0,0,3.2,4.95,0,0,12500,0,06-JUL-2020,
OPTSTK,ADANIPORTS,30-Jul-2020,400,CE,4,4,2.4,2.6,2.6,253,2547.95,820000,122500,06-JUL-2020,
OPTSTK,ADANIPORTS,30-Jul-2020,405,CE,0,0,0,2.85,3.3,0,0,17500,0,06-JUL-2020,
OPTSTK,ADANIPORTS,30-Jul-2020,410,CE,1.85,2.1,1.6,1.75,1.75,87,895.86,265000,102500,06-JUL-2020,
OPTSTK,ADANIPORTS,30-Jul-2020,415,CE,2.5,2.5,1.3,1.55,1.55,9,93.72,30000,0,06-JUL-2020,
OPTSTK,ADANIPORTS,30-Jul-2020,420,CE,0,0,0,12.85,1.75,0,0,0,0,06-JUL-2020,
OPTSTK,ADANIPORTS,30-Jul-2020,170,PE,0,0,0,2.55,0.05,0,0,0,0,06-JUL-2020,
OPTSTK,ADANIPORTS,30-Jul-2020,180,PE,0,0,0,3.65,0.05,0,0,0,0,06-JUL-2020,
OPTSTK,ADANIPORTS,30-Jul-2020,190,PE,0,0,0,5.05,0.05,0,0,0,0,06-JUL-2020,
OPTSTK,ADANIPORTS,30-Jul-2020,200,PE,0,0,0,6.85,0.05,0,0,0,0,06-JUL-2020,
OPTSTK,ADANIPORTS,30-Jul-2020,210,PE,0,0,0,9,0.05,0,0,0,0,06-JUL-2020,
OPTSTK,ADANIPORTS,30-Jul-2020,220,PE,0,0,0,11.5,0.05,0,0,0,0,06-JUL-2020,
OPTSTK,ADANIPORTS,30-Jul-2020,230,PE,0,0,0,14.45,0.05,0,0,0,0,06-JUL-2020,
OPTSTK,ADANIPORTS,30-Jul-2020,235,PE,0,0,0,5.25,0.05,0,0,0,0,06-JUL-2020,
OPTSTK,ADANIPORTS,30-Jul-2020,240,PE,0,0,0,0.5,0.05,0,0,2500,0,06-JUL-2020,
OPTSTK,ADANIPORTS,30-Jul-2020,245,PE,0,0,0,6.95,0.05,0,0,0,0,06-JUL-2020,
OPTSTK,ADANIPORTS,30-Jul-2020,250,PE,0.35,0.35,0.05,0.05,0.05,2,12.51,17500,0,06-JUL-2020,
OPTSTK,ADANIPORTS,30-Jul-2020,255,PE,0,0,0,9.1,0.05,0,0,0,0,06-JUL-2020,
OPTSTK,ADANIPORTS,30-Jul-2020,260,PE,0,0,0,25.65,0.05,0,0,0,0,06-JUL-2020,
OPTSTK,ADANIPORTS,30-Jul-2020,265,PE,0,0,0,11.55,0.05,0,0,0,0,06-JUL-2020,
OPTSTK,ADANIPORTS,30-Jul-2020,270,PE,0,0,0,30.25,0.05,0,0,0,0,06-JUL-2020,
OPTSTK,ADANIPORTS,30-Jul-2020,275,PE,0,0,0,14.45,0.1,0,0,0,0,06-JUL-2020,
OPTSTK,ADANIPORTS,30-Jul-2020,280,PE,0,0,0,35.2,0.15,0,0,0,0,06-JUL-2020,
OPTSTK,ADANIPORTS,30-Jul-2020,285,PE,0,0,0,17.75,0.25,0,0,0,0,06-JUL-2020,
OPTSTK,ADANIPORTS,30-Jul-2020,290,PE,0,0,0,1.3,0.35,0,0,2500,0,06-JUL-2020,
OPTSTK,ADANIPORTS,30-Jul-2020,295,PE,0,0,0,21.5,0.55,0,0,0,0,06-JUL-2020,
OPTSTK,ADANIPORTS,30-Jul-2020,300,PE,0.65,0.65,0.4,0.5,0.5,28,210.34,300000,15000,06-JUL-2020,
OPTSTK,ADANIPORTS,30-Jul-2020,305,PE,0,0,0,25.65,1.1,0,0,0,0,06-JUL-2020,
OPTSTK,ADANIPORTS,30-Jul-2020,310,PE,0.9,1,0.8,1,1,15,116.59,167500,-20000,06-JUL-2020,
OPTSTK,ADANIPORTS,30-Jul-2020,315,PE,0,0,0,1.5,2.1,0,0,72500,0,06-JUL-2020,
OPTSTK,ADANIPORTS,30-Jul-2020,320,PE,1.5,1.85,1.4,1.55,1.55,41,329.65,202500,0,06-JUL-2020,
OPTSTK,ADANIPORTS,30-Jul-2020,325,PE,2.4,2.4,1.9,1.9,1.9,7,57.23,82500,-2500,06-JUL-2020,
OPTSTK,ADANIPORTS,30-Jul-2020,330,PE,2.9,3.35,2.55,2.95,2.95,93,774.13,185000,20000,06-JUL-2020,
OPTSTK,ADANIPORTS,30-Jul-2020,335,PE,3.8,4,3.8,4,6,5,42.36,35000,0,06-JUL-2020,
OPTSTK,ADANIPORTS,30-Jul-2020,340,PE,4.75,5.7,4.4,5.15,5.15,157,1353.74,195000,-5000,06-JUL-2020,
OPTSTK,ADANIPORTS,30-Jul-2020,345,PE,5.75,6.8,5.75,6.8,9.2,4,35.1,90000,-5000,06-JUL-2020,
OPTSTK,ADANIPORTS,30-Jul-2020,350,PE,7.5,9.25,7,8.35,8.35,914,8173.47,252500,0,06-JUL-2020,
OPTSTK,ADANIPORTS,30-Jul-2020,355,PE,8.8,11.3,8.8,10.3,10.3,13,118.59,40000,15000,06-JUL-2020,
OPTSTK,ADANIPORTS,30-Jul-2020,360,PE,12,14.2,10.55,12.85,12.85,637,5922,225000,85000,06-JUL-2020,
OPTSTK,ADANIPORTS,30-Jul-2020,365,PE,14.3,16.15,13.55,14.45,14.45,8,75.88,15000,7500,06-JUL-2020,
OPTSTK,ADANIPORTS,30-Jul-2020,370,PE,17.25,20,17.25,18.85,18.85,9,87.6,12500,7500,06-JUL-2020,
OPTSTK,ADANIPORTS,30-Jul-2020,375,PE,0,0,0,65.75,24.65,0,0,0,0,06-JUL-2020,
OPTSTK,ADANIPORTS,30-Jul-2020,380,PE,23.65,24.1,23.5,24.1,28.05,5,50.46,92500,0,06-JUL-2020,
OPTSTK,ADANIPORTS,30-Jul-2020,385,PE,0,0,0,72.8,31.65,0,0,0,0,06-JUL-2020,
OPTSTK,ADANIPORTS,30-Jul-2020,390,PE,0,0,0,33.25,35.45,0,0,5000,0,06-JUL-2020,
OPTSTK,ADANIPORTS,30-Jul-2020,395,PE,0,0,0,80.2,39.4,0,0,0,0,06-JUL-2020,
OPTSTK,ADANIPORTS,30-Jul-2020,400,PE,0,0,0,119,43.5,0,0,0,0,06-JUL-2020,
OPTSTK,ADANIPORTS,30-Jul-2020,405,PE,0,0,0,87.85,47.7,0,0,0,0,06-JUL-2020,
OPTSTK,ADANIPORTS,30-Jul-2020,410,PE,0,0,0,127.4,52.1,0,0,0,0,06-JUL-2020,
OPTSTK,ADANIPORTS,30-Jul-2020,415,PE,0,0,0,95.7,56.55,0,0,0,0,06-JUL-2020,
OPTSTK,ADANIPORTS,30-Jul-2020,420,PE,0,0,0,118.85,61.1,0,0,0,0,06-JUL-2020,
OPTSTK,ADANIPORTS,27-Aug-2020,210,CE,0,0,0,128.95,150.7,0,0,0,0,06-JUL-2020,
OPTSTK,ADANIPORTS,27-Aug-2020,215,CE,0,0,0,124.7,145.75,0,0,0,0,06-JUL-2020,
OPTSTK,ADANIPORTS,27-Aug-2020,220,CE,0,0,0,120.55,140.8,0,0,0,0,06-JUL-2020,
OPTSTK,ADANIPORTS,27-Aug-2020,225,CE,0,0,0,116.5,135.85,0,0,0,0,06-JUL-2020,
OPTSTK,ADANIPORTS,27-Aug-2020,230,CE,0,0,0,112.5,130.9,0,0,0,0,06-JUL-2020,
OPTSTK,ADANIPORTS,27-Aug-2020,235,CE,0,0,0,108.6,125.95,0,0,0,0,06-JUL-2020,
OPTSTK,ADANIPORTS,27-Aug-2020,240,CE,0,0,0,104.75,121,0,0,0,0,06-JUL-2020,
OPTSTK,ADANIPORTS,27-Aug-2020,245,CE,0,0,0,101,116.1,0,0,0,0,06-JUL-2020,
OPTSTK,ADANIPORTS,27-Aug-2020,250,CE,0,0,0,97.35,111.2,0,0,0,0,06-JUL-2020,
OPTSTK,ADANIPORTS,27-Aug-2020,255,CE,0,0,0,93.8,106.3,0,0,0,0,06-JUL-2020,
OPTSTK,ADANIPORTS,27-Aug-2020,260,CE,0,0,0,90.3,101.45,0,0,0,0,06-JUL-2020,
OPTSTK,ADANIPORTS,27-Aug-2020,265,CE,0,0,0,86.9,96.65,0,0,0,0,06-JUL-2020,
OPTSTK,ADANIPORTS,27-Aug-2020,270,CE,0,0,0,83.6,91.85,0,0,0,0,06-JUL-2020,
OPTSTK,ADANIPORTS,27-Aug-2020,275,CE,0,0,0,80.4,87.15,0,0,0,0,06-JUL-2020,
OPTSTK,ADANIPORTS,27-Aug-2020,280,CE,0,0,0,77.25,82.5,0,0,0,0,06-JUL-2020,
OPTSTK,ADANIPORTS,27-Aug-2020,285,CE,0,0,0,74.2,77.95,0,0,0,0,06-JUL-2020,
OPTSTK,ADANIPORTS,27-Aug-2020,290,CE,0,0,0,71.3,73.45,0,0,0,0,06-JUL-2020,
OPTSTK,ADANIPORTS,27-Aug-2020,295,CE,0,0,0,68.45,69.05,0,0,0,0,06-JUL-2020,
OPTSTK,ADANIPORTS,27-Aug-2020,300,CE,0,0,0,65.7,64.75,0,0,0,0,06-JUL-2020,
OPTSTK,ADANIPORTS,27-Aug-2020,305,CE,0,0,0,63,60.55,0,0,0,0,06-JUL-2020,
OPTSTK,ADANIPORTS,27-Aug-2020,310,CE,0,0,0,60.45,56.5,0,0,0,0,06-JUL-2020,
OPTSTK,ADANIPORTS,27-Aug-2020,315,CE,0,0,0,57.95,52.6,0,0,0,0,06-JUL-2020,
OPTSTK,ADANIPORTS,27-Aug-2020,320,CE,0,0,0,55.55,48.8,0,0,0,0,06-JUL-2020,
OPTSTK,ADANIPORTS,27-Aug-2020,325,CE,0,0,0,53.2,45.2,0,0,0,0,06-JUL-2020,
OPTSTK,ADANIPORTS,27-Aug-2020,330,CE,0,0,0,50.95,41.7,0,0,0,0,06-JUL-2020,
OPTSTK,ADANIPORTS,27-Aug-2020,335,CE,0,0,0,48.8,38.4,0,0,0,0,06-JUL-2020,
OPTSTK,ADANIPORTS,27-Aug-2020,340,CE,0,0,0,46.7,35.3,0,0,0,0,06-JUL-2020,
OPTSTK,ADANIPORTS,27-Aug-2020,345,CE,0,0,0,44.7,32.3,0,0,0,0,06-JUL-2020,
OPTSTK,ADANIPORTS,27-Aug-2020,350,CE,0,0,0,42.8,29.5,0,0,0,0,06-JUL-2020,
OPTSTK,ADANIPORTS,27-Aug-2020,355,CE,0,0,0,40.9,26.9,0,0,0,0,06-JUL-2020,
OPTSTK,ADANIPORTS,27-Aug-2020,360,CE,0,0,0,20.05,24.4,0,0,2500,0,06-JUL-2020,
OPTSTK,ADANIPORTS,27-Aug-2020,365,CE,0,0,0,37.4,22.15,0,0,0,0,06-JUL-2020,
OPTSTK,ADANIPORTS,27-Aug-2020,370,CE,0,0,0,35.75,20,0,0,0,0,06-JUL-2020,
OPTSTK,ADANIPORTS,27-Aug-2020,375,CE,0,0,0,34.2,18.05,0,0,0,0,06-JUL-2020,
OPTSTK,ADANIPORTS,27-Aug-2020,380,CE,0,0,0,32.65,16.2,0,0,0,0,06-JUL-2020,
OPTSTK,ADANIPORTS,27-Aug-2020,385,CE,0,0,0,31.2,14.55,0,0,0,0,06-JUL-2020,
OPTSTK,ADANIPORTS,27-Aug-2020,390,CE,0,0,0,15.1,13,0,0,0,0,06-JUL-2020,
OPTSTK,ADANIPORTS,27-Aug-2020,395,CE,0,0,0,28.45,11.6,0,0,0,0,06-JUL-2020,
OPTSTK,ADANIPORTS,27-Aug-2020,400,CE,0,0,0,10.1,10.35,0,0,0,0,06-JUL-2020,
OPTSTK,ADANIPORTS,27-Aug-2020,405,CE,0,0,0,25.95,9.2,0,0,0,0,06-JUL-2020,
OPTSTK,ADANIPORTS,27-Aug-2020,410,CE,0,0,0,24.8,8.15,0,0,0,0,06-JUL-2020,
OPTSTK,ADANIPORTS,27-Aug-2020,415,CE,0,0,0,23.65,7.2,0,0,0,0,06-JUL-2020,
OPTSTK,ADANIPORTS,27-Aug-2020,420,CE,0,0,0,22.55,6.35,0,0,0,0,06-JUL-2020,
OPTSTK,ADANIPORTS,27-Aug-2020,210,PE,0,0,0,4.6,0.05,0,0,0,0,06-JUL-2020,
OPTSTK,ADANIPORTS,27-Aug-2020,215,PE,0,0,0,5.3,0.05,0,0,0,0,06-JUL-2020,
OPTSTK,ADANIPORTS,27-Aug-2020,220,PE,0,0,0,6.1,0.05,0,0,0,0,06-JUL-2020,
OPTSTK,ADANIPORTS,27-Aug-2020,225,PE,0,0,0,6.95,0.05,0,0,0,0,06-JUL-2020,
OPTSTK,ADANIPORTS,27-Aug-2020,230,PE,0,0,0,7.9,0.05,0,0,0,0,06-JUL-2020,
OPTSTK,ADANIPORTS,27-Aug-2020,235,PE,0,0,0,8.95,0.05,0,0,0,0,06-JUL-2020,
OPTSTK,ADANIPORTS,27-Aug-2020,240,PE,0,0,0,10.05,0.1,0,0,0,0,06-JUL-2020,
OPTSTK,ADANIPORTS,27-Aug-2020,245,PE,0,0,0,11.25,0.15,0,0,0,0,06-JUL-2020,
OPTSTK,ADANIPORTS,27-Aug-2020,250,PE,0,0,0,12.5,0.2,0,0,0,0,06-JUL-2020,
OPTSTK,ADANIPORTS,27-Aug-2020,255,PE,0,0,0,13.9,0.3,0,0,0,0,06-JUL-2020,
OPTSTK,ADANIPORTS,27-Aug-2020,260,PE,0,0,0,15.35,0.45,0,0,0,0,06-JUL-2020,
OPTSTK,ADANIPORTS,27-Aug-2020,265,PE,0,0,0,16.9,0.6,0,0,0,0,06-JUL-2020,
OPTSTK,ADANIPORTS,27-Aug-2020,270,PE,0,0,0,18.5,0.8,0,0,0,0,06-JUL-2020,
OPTSTK,ADANIPORTS,27-Aug-2020,275,PE,0,0,0,20.25,1.05,0,0,0,0,06-JUL-2020,
OPTSTK,ADANIPORTS,27-Aug-2020,280,PE,0,0,0,22.05,1.35,0,0,0,0,06-JUL-2020,
OPTSTK,ADANIPORTS,27-Aug-2020,285,PE,0,0,0,23.95,1.75,0,0,0,0,06-JUL-2020,
OPTSTK,ADANIPORTS,27-Aug-2020,290,PE,0,0,0,25.95,2.25,0,0,0,0,06-JUL-2020,
OPTSTK,ADANIPORTS,27-Aug-2020,295,PE,0,0,0,28.05,2.8,0,0,0,0,06-JUL-2020,
OPTSTK,ADANIPORTS,27-Aug-2020,300,PE,0,0,0,30.25,3.5,0,0,0,0,06-JUL-2020,
OPTSTK,ADANIPORTS,27-Aug-2020,305,PE,0,0,0,32.5,4.25,0,0,0,0,06-JUL-2020,
OPTSTK,ADANIPORTS,27-Aug-2020,310,PE,0,0,0,34.85,5.2,0,0,0,0,06-JUL-2020,
OPTSTK,ADANIPORTS,27-Aug-2020,315,PE,0,0,0,37.3,6.25,0,0,0,0,06-JUL-2020,
OPTSTK,ADANIPORTS,27-Aug-2020,320,PE,0,0,0,39.85,7.45,0,0,0,0,06-JUL-2020,
OPTSTK,ADANIPORTS,27-Aug-2020,325,PE,0,0,0,42.45,8.75,0,0,0,0,06-JUL-2020,
OPTSTK,ADANIPORTS,27-Aug-2020,330,PE,0,0,0,45.15,10.3,0,0,0,0,06-JUL-2020,
OPTSTK,ADANIPORTS,27-Aug-2020,335,PE,0,0,0,47.95,11.95,0,0,0,0,06-JUL-2020,
OPTSTK,ADANIPORTS,27-Aug-2020,340,PE,0,0,0,19.05,13.75,0,0,2500,0,06-JUL-2020,
OPTSTK,ADANIPORTS,27-Aug-2020,345,PE,0,0,0,53.7,15.75,0,0,0,0,06-JUL-2020,
OPTSTK,ADANIPORTS,27-Aug-2020,350,PE,0,0,0,56.75,17.95,0,0,0,0,06-JUL-2020,
OPTSTK,ADANIPORTS,27-Aug-2020,355,PE,0,0,0,59.8,20.3,0,0,0,0,06-JUL-2020,
OPTSTK,ADANIPORTS,27-Aug-2020,360,PE,0,0,0,62.95,22.8,0,0,0,0,06-JUL-2020,
OPTSTK,ADANIPORTS,27-Aug-2020,365,PE,0,0,0,66.2,25.45,0,0,0,0,06-JUL-2020,
OPTSTK,ADANIPORTS,27-Aug-2020,370,PE,0,0,0,69.45,28.3,0,0,0,0,06-JUL-2020,
OPTSTK,ADANIPORTS,27-Aug-2020,375,PE,0,0,0,72.85,31.3,0,0,0,0,06-JUL-2020,
OPTSTK,ADANIPORTS,27-Aug-2020,380,PE,0,0,0,76.25,34.45,0,0,0,0,06-JUL-2020,
OPTSTK,ADANIPORTS,27-Aug-2020,385,PE,0,0,0,79.7,37.75,0,0,0,0,06-JUL-2020,
OPTSTK,ADANIPORTS,27-Aug-2020,390,PE,0,0,0,83.25,41.2,0,0,0,0,06-JUL-2020,
OPTSTK,ADANIPORTS,27-Aug-2020,395,PE,0,0,0,86.85,44.75,0,0,0,0,06-JUL-2020,
OPTSTK,ADANIPORTS,27-Aug-2020,400,PE,0,0,0,90.5,48.45,0,0,0,0,06-JUL-2020,
OPTSTK,ADANIPORTS,27-Aug-2020,405,PE,0,0,0,94.25,52.3,0,0,0,0,06-JUL-2020,
OPTSTK,ADANIPORTS,27-Aug-2020,410,PE,0,0,0,98,56.2,0,0,0,0,06-JUL-2020,
OPTSTK,ADANIPORTS,27-Aug-2020,415,PE,0,0,0,101.8,60.25,0,0,0,0,06-JUL-2020,
OPTSTK,ADANIPORTS,27-Aug-2020,420,PE,0,0,0,105.65,64.35,0,0,0,0,06-JUL-2020,
OPTSTK,ADANIPORTS,24-Sep-2020,225,CE,0,0,0,123.1,136.75,0,0,0,0,06-JUL-2020,
OPTSTK,ADANIPORTS,24-Sep-2020,230,CE,0,0,0,118.5,131.85,0,0,0,0,06-JUL-2020,
OPTSTK,ADANIPORTS,24-Sep-2020,235,CE,0,0,0,113.95,127,0,0,0,0,06-JUL-2020,
OPTSTK,ADANIPORTS,24-Sep-2020,240,CE,0,0,0,109.5,122.15,0,0,0,0,06-JUL-2020,
OPTSTK,ADANIPORTS,24-Sep-2020,245,CE,0,0,0,105.1,117.35,0,0,0,0,06-JUL-2020,
OPTSTK,ADANIPORTS,24-Sep-2020,250,CE,0,0,0,100.75,112.6,0,0,0,0,06-JUL-2020,
OPTSTK,ADANIPORTS,24-Sep-2020,255,CE,0,0,0,96.5,107.9,0,0,0,0,06-JUL-2020,
OPTSTK,ADANIPORTS,24-Sep-2020,260,CE,0,0,0,92.35,103.2,0,0,0,0,06-JUL-2020,
OPTSTK,ADANIPORTS,24-Sep-2020,265,CE,0,0,0,88.25,98.6,0,0,0,0,06-JUL-2020,
OPTSTK,ADANIPORTS,24-Sep-2020,270,CE,0,0,0,84.25,94.05,0,0,0,0,06-JUL-2020,
OPTSTK,ADANIPORTS,24-Sep-2020,275,CE,0,0,0,80.35,89.6,0,0,0,0,06-JUL-2020,
OPTSTK,ADANIPORTS,24-Sep-2020,280,CE,0,0,0,76.6,85.2,0,0,0,0,06-JUL-2020,
OPTSTK,ADANIPORTS,24-Sep-2020,285,CE,0,0,0,72.9,80.9,0,0,0,0,06-JUL-2020,
OPTSTK,ADANIPORTS,24-Sep-2020,290,CE,0,0,0,69.35,76.7,0,0,0,0,06-JUL-2020,
OPTSTK,ADANIPORTS,24-Sep-2020,295,CE,0,0,0,65.85,72.6,0,0,0,0,06-JUL-2020,
OPTSTK,ADANIPORTS,24-Sep-2020,300,CE,0,0,0,62.5,68.6,0,0,0,0,06-JUL-2020,
OPTSTK,ADANIPORTS,24-Sep-2020,305,CE,0,0,0,59.25,64.7,0,0,0,0,06-JUL-2020,
OPTSTK,ADANIPORTS,24-Sep-2020,310,CE,0,0,0,56.1,60.95,0,0,0,0,06-JUL-2020,
OPTSTK,ADANIPORTS,24-Sep-2020,315,CE,0,0,0,53.1,57.3,0,0,0,0,06-JUL-2020,
OPTSTK,ADANIPORTS,24-Sep-2020,320,CE,0,0,0,50.2,53.8,0,0,0,0,06-JUL-2020,
OPTSTK,ADANIPORTS,24-Sep-2020,325,CE,0,0,0,47.45,50.45,0,0,0,0,06-JUL-2020,
OPTSTK,ADANIPORTS,24-Sep-2020,330,CE,0,0,0,44.75,47.2,0,0,0,0,06-JUL-2020,
OPTSTK,ADANIPORTS,24-Sep-2020,335,CE,0,0,0,42.2,44.1,0,0,0,0,06-JUL-2020,
OPTSTK,ADANIPORTS,24-Sep-2020,340,CE,0,0,0,39.8,41.1,0,0,0,0,06-JUL-2020,
OPTSTK,ADANIPORTS,24-Sep-2020,345,CE,0,0,0,37.45,38.3,0,0,0,0,06-JUL-2020,
OPTSTK,ADANIPORTS,24-Sep-2020,350,CE,0,0,0,35.2,35.6,0,0,0,0,06-JUL-2020,
OPTSTK,ADANIPORTS,24-Sep-2020,355,CE,0,0,0,33.1,33.05,0,0,0,0,06-JUL-2020,
OPTSTK,ADANIPORTS,24-Sep-2020,360,CE,0,0,0,31.1,30.6,0,0,0,0,06-JUL-2020,
OPTSTK,ADANIPORTS,24-Sep-2020,365,CE,0,0,0,29.15,28.35,0,0,0,0,06-JUL-2020,
OPTSTK,ADANIPORTS,24-Sep-2020,370,CE,0,0,0,27.35,26.2,0,0,0,0,06-JUL-2020,
OPTSTK,ADANIPORTS,24-Sep-2020,375,CE,0,0,0,25.65,24.15,0,0,0,0,06-JUL-2020,
OPTSTK,ADANIPORTS,24-Sep-2020,380,CE,0,0,0,24,22.25,0,0,0,0,06-JUL-2020,
OPTSTK,ADANIPORTS,24-Sep-2020,385,CE,0,0,0,22.45,20.5,0,0,0,0,06-JUL-2020,
OPTSTK,ADANIPORTS,24-Sep-2020,390,CE,0,0,0,21,18.8,0,0,0,0,06-JUL-2020,
OPTSTK,ADANIPORTS,24-Sep-2020,395,CE,0,0,0,19.65,17.25,0,0,0,0,06-JUL-2020,
OPTSTK,ADANIPORTS,24-Sep-2020,400,CE,0,0,0,18.35,15.8,0,0,0,0,06-JUL-2020,
OPTSTK,ADANIPORTS,24-Sep-2020,405,CE,0,0,0,17.15,14.5,0,0,0,0,06-JUL-2020,
OPTSTK,ADANIPORTS,24-Sep-2020,410,CE,0,0,0,16,13.25,0,0,0,0,06-JUL-2020,
OPTSTK,ADANIPORTS,24-Sep-2020,415,CE,0,0,0,14.9,12.1,0,0,0,0,06-JUL-2020,
OPTSTK,ADANIPORTS,24-Sep-2020,420,CE,0,0,0,13.9,11,0,0,0,0,06-JUL-2020,
OPTSTK,ADANIPORTS,24-Sep-2020,225,PE,0,0,0,1.5,0.2,0,0,0,0,06-JUL-2020,
OPTSTK,ADANIPORTS,24-Sep-2020,230,PE,0,0,0,1.85,0.25,0,0,0,0,06-JUL-2020,
OPTSTK,ADANIPORTS,24-Sep-2020,235,PE,0,0,0,2.25,0.35,0,0,0,0,06-JUL-2020,
OPTSTK,ADANIPORTS,24-Sep-2020,240,PE,0,0,0,2.7,0.5,0,0,0,0,06-JUL-2020,
OPTSTK,ADANIPORTS,24-Sep-2020,245,PE,0,0,0,3.25,0.65,0,0,0,0,06-JUL-2020,
OPTSTK,ADANIPORTS,24-Sep-2020,250,PE,0,0,0,3.85,0.85,0,0,0,0,06-JUL-2020,
OPTSTK,ADANIPORTS,24-Sep-2020,255,PE,0,0,0,4.55,1.05,0,0,0,0,06-JUL-2020,
OPTSTK,ADANIPORTS,24-Sep-2020,260,PE,0,0,0,5.3,1.35,0,0,0,0,06-JUL-2020,
OPTSTK,ADANIPORTS,24-Sep-2020,265,PE,0,0,0,6.15,1.7,0,0,0,0,06-JUL-2020,
OPTSTK,ADANIPORTS,24-Sep-2020,270,PE,0,0,0,7.15,2.1,0,0,0,0,06-JUL-2020,
OPTSTK,ADANIPORTS,24-Sep-2020,275,PE,0,0,0,8.2,2.6,0,0,0,0,06-JUL-2020,
OPTSTK,ADANIPORTS,24-Sep-2020,280,PE,0,0,0,9.35,3.15,0,0,0,0,06-JUL-2020,
OPTSTK,ADANIPORTS,24-Sep-2020,285,PE,0,0,0,10.6,3.8,0,0,0,0,06-JUL-2020,
OPTSTK,ADANIPORTS,24-Sep-2020,290,PE,0,0,0,11.95,4.55,0,0,0,0,06-JUL-2020,
OPTSTK,ADANIPORTS,24-Sep-2020,295,PE,0,0,0,13.45,5.4,0,0,0,0,06-JUL-2020,
OPTSTK,ADANIPORTS,24-Sep-2020,300,PE,0,0,0,15,6.35,0,0,0,0,06-JUL-2020,
OPTSTK,ADANIPORTS,24-Sep-2020,305,PE,0,0,0,16.7,7.45,0,0,0,0,06-JUL-2020,
OPTSTK,ADANIPORTS,24-Sep-2020,310,PE,0,0,0,18.55,8.65,0,0,0,0,06-JUL-2020,
OPTSTK,ADANIPORTS,24-Sep-2020,315,PE,0,0,0,20.45,9.95,0,0,0,0,06-JUL-2020,
OPTSTK,ADANIPORTS,24-Sep-2020,320,PE,0,0,0,22.5,11.4,0,0,0,0,06-JUL-2020,
OPTSTK,ADANIPORTS,24-Sep-2020,325,PE,0,0,0,24.65,12.95,0,0,0,0,06-JUL-2020,
OPTSTK,ADANIPORTS,24-Sep-2020,330,PE,0,0,0,26.95,14.65,0,0,0,0,06-JUL-2020,
OPTSTK,ADANIPORTS,24-Sep-2020,335,PE,0,0,0,29.35,16.5,0,0,0,0,06-JUL-2020,
OPTSTK,ADANIPORTS,24-Sep-2020,340,PE,0,0,0,31.85,18.5,0,0,0,0,06-JUL-2020,
OPTSTK,ADANIPORTS,24-Sep-2020,345,PE,0,0,0,34.45,20.65,0,0,0,0,06-JUL-2020,
OPTSTK,ADANIPORTS,24-Sep-2020,350,PE,0,0,0,37.15,22.9,0,0,0,0,06-JUL-2020,
OPTSTK,ADANIPORTS,24-Sep-2020,355,PE,0,0,0,40,25.3,0,0,0,0,06-JUL-2020,
OPTSTK,ADANIPORTS,24-Sep-2020,360,PE,0,0,0,42.9,27.85,0,0,0,0,06-JUL-2020,
OPTSTK,ADANIPORTS,24-Sep-2020,365,PE,0,0,0,45.95,30.5,0,0,0,0,06-JUL-2020,
OPTSTK,ADANIPORTS,24-Sep-2020,370,PE,0,0,0,49.05,33.3,0,0,0,0,06-JUL-2020,
OPTSTK,ADANIPORTS,24-Sep-2020,375,PE,0,0,0,52.3,36.25,0,0,0,0,06-JUL-2020,
OPTSTK,ADANIPORTS,24-Sep-2020,380,PE,0,0,0,55.6,39.3,0,0,0,0,06-JUL-2020,
OPTSTK,ADANIPORTS,24-Sep-2020,385,PE,0,0,0,59,42.45,0,0,0,0,06-JUL-2020,
OPTSTK,ADANIPORTS,24-Sep-2020,390,PE,0,0,0,62.5,45.75,0,0,0,0,06-JUL-2020,
OPTSTK,ADANIPORTS,24-Sep-2020,395,PE,0,0,0,66.05,49.15,0,0,0,0,06-JUL-2020,
OPTSTK,ADANIPORTS,24-Sep-2020,400,PE,0,0,0,69.7,52.65,0,0,0,0,06-JUL-2020,
OPTSTK,ADANIPORTS,24-Sep-2020,405,PE,0,0,0,73.45,56.25,0,0,0,0,06-JUL-2020,
OPTSTK,ADANIPORTS,24-Sep-2020,410,PE,0,0,0,77.25,60,0,0,0,0,06-JUL-2020,
OPTSTK,ADANIPORTS,24-Sep-2020,415,PE,0,0,0,81.1,63.8,0,0,0,0,06-JUL-2020,
OPTSTK,ADANIPORTS,24-Sep-2020,420,PE,0,0,0,85,67.65,0,0,0,0,06-JUL-2020,
OPTSTK,AMARAJABAT,30-Jul-2020,340,CE,0,0,0,244.1,373.05,0,0,0,0,06-JUL-2020,
OPTSTK,AMARAJABAT,30-Jul-2020,360,CE,0,0,0,227.55,353.1,0,0,0,0,06-JUL-2020,
OPTSTK,AMARAJABAT,30-Jul-2020,380,CE,0,0,0,211.7,333.15,0,0,0,0,06-JUL-2020,
OPTSTK,AMARAJABAT,30-Jul-2020,400,CE,0,0,0,196.55,313.2,0,0,0,0,06-JUL-2020,
OPTSTK,AMARAJABAT,30-Jul-2020,420,CE,0,0,0,182.2,293.25,0,0,0,0,06-JUL-2020,
OPTSTK,AMARAJABAT,30-Jul-2020,430,CE,0,0,0,195.05,283.3,0,0,0,0,06-JUL-2020,
OPTSTK,AMARAJABAT,30-Jul-2020,440,CE,0,0,0,168.55,273.35,0,0,0,0,06-JUL-2020,
OPTSTK,AMARAJABAT,30-Jul-2020,450,CE,0,0,0,178.1,263.35,0,0,0,0,06-JUL-2020,
OPTSTK,AMARAJABAT,30-Jul-2020,460,CE,0,0,0,155.7,253.4,0,0,0,0,06-JUL-2020,
OPTSTK,AMARAJABAT,30-Jul-2020,470,CE,0,0,0,161.95,243.4,0,0,0,0,06-JUL-2020,
OPTSTK,AMARAJABAT,30-Jul-2020,480,CE,0,0,0,143.6,233.45,0,0,0,0,06-JUL-2020,
OPTSTK,AMARAJABAT,30-Jul-2020,490,CE,0,0,0,146.65,223.45,0,0,0,0,06-JUL-2020,
OPTSTK,AMARAJABAT,30-Jul-2020,500,CE,0,0,0,132.3,213.5,0,0,0,0,06-JUL-2020,
OPTSTK,AMARAJABAT,30-Jul-2020,510,CE,0,0,0,132.2,203.55,0,0,0,0,06-JUL-2020,
OPTSTK,AMARAJABAT,30-Jul-2020,520,CE,0,0,0,121.7,193.55,0,0,0,0,06-JUL-2020,
OPTSTK,AMARAJABAT,30-Jul-2020,530,CE,0,0,0,118.7,183.6,0,0,0,0,06-JUL-2020,
OPTSTK,AMARAJABAT,30-Jul-2020,540,CE,0,0,0,111.85,173.7,0,0,0,0,06-JUL-2020,
OPTSTK,AMARAJABAT,30-Jul-2020,550,CE,0,0,0,106.15,163.75,0,0,0,0,06-JUL-2020,
OPTSTK,AMARAJABAT,30-Jul-2020,560,CE,0,0,0,102.7,153.9,0,0,0,0,06-JUL-2020,
OPTSTK,AMARAJABAT,30-Jul-2020,570,CE,0,0,0,94.6,144.05,0,0,0,0,06-JUL-2020,
OPTSTK,AMARAJABAT,30-Jul-2020,580,CE,0,0,0,94.2,134.3,0,0,0,0,06-JUL-2020,
OPTSTK,AMARAJABAT,30-Jul-2020,590,CE,0,0,0,83.95,124.65,0,0,0,0,06-JUL-2020,
OPTSTK,AMARAJABAT,30-Jul-2020,600,CE,0,0,0,86.45,115.15,0,0,2000,0,06-JUL-2020,
OPTSTK,AMARAJABAT,30-Jul-2020,610,CE,0,0,0,74.3,105.8,0,0,0,0,06-JUL-2020,
OPTSTK,AMARAJABAT,30-Jul-2020,620,CE,0,0,0,70.3,96.65,0,0,4000,0,06-JUL-2020,
OPTSTK,AMARAJABAT,30-Jul-2020,630,CE,0,0,0,65.5,87.8,0,0,0,0,06-JUL-2020,
OPTSTK,AMARAJABAT,30-Jul-2020,640,CE,0,0,0,65,79.25,0,0,4000,0,06-JUL-2020,
OPTSTK,AMARAJABAT,30-Jul-2020,650,CE,0,0,0,57.6,71.05,0,0,0,0,06-JUL-2020,
OPTSTK,AMARAJABAT,30-Jul-2020,660,CE,49,60.5,49,60.5,63.25,4,28.64,23000,-1000,06-JUL-2020,
OPTSTK,AMARAJABAT,30-Jul-2020,670,CE,0,0,0,48.55,55.95,0,0,10000,0,06-JUL-2020,
OPTSTK,AMARAJABAT,30-Jul-2020,680,CE,37.15,50,34.85,50,50,18,129.59,18000,-6000,06-JUL-2020,
OPTSTK,AMARAJABAT,30-Jul-2020,690,CE,30.2,40.85,29.5,40.85,42.75,11,79.58,10000,-1000,06-JUL-2020,
OPTSTK,AMARAJABAT,30-Jul-2020,700,CE,27.05,40,23.65,38.35,38.35,441,3228.6,92000,-88000,06-JUL-2020,
OPTSTK,AMARAJABAT,30-Jul-2020,710,CE,22.85,35.55,20.7,33.25,33.25,73,540.93,31000,11000,06-JUL-2020,
OPTSTK,AMARAJABAT,30-Jul-2020,720,CE,19.75,30.5,18,28.9,28.9,167,1245.56,53000,26000,06-JUL-2020,
OPTSTK,AMARAJABAT,30-Jul-2020,730,CE,16.5,26,15.4,24.4,24.4,46,345.99,28000,23000,06-JUL-2020,
OPTSTK,AMARAJABAT,30-Jul-2020,740,CE,15.2,21.65,12,20.5,20.5,63,477.2,28000,2000,06-JUL-2020,
OPTSTK,AMARAJABAT,30-Jul-2020,750,CE,11.15,18.6,8.9,17.55,17.55,214,1634.3,81000,-3000,06-JUL-2020,
OPTSTK,AMARAJABAT,30-Jul-2020,760,CE,9,9,9,9,13.05,2,15.38,5000,2000,06-JUL-2020,
OPTSTK,AMARAJABAT,30-Jul-2020,770,CE,11.2,12.45,11.2,11.6,11.6,4,31.26,5000,4000,06-JUL-2020,
OPTSTK,AMARAJABAT,30-Jul-2020,780,CE,10.7,10.7,10.7,10.7,10.7,2,15.81,9000,1000,06-JUL-2020,
OPTSTK,AMARAJABAT,30-Jul-2020,790,CE,0,0,0,5.5,6.95,0,0,3000,0,06-JUL-2020,
OPTSTK,AMARAJABAT,30-Jul-2020,800,CE,4.3,7.1,3.6,6.75,6.75,83,668.81,75000,6000,06-JUL-2020,
OPTSTK,AMARAJABAT,30-Jul-2020,820,CE,0,0,0,32.1,3.45,0,0,0,0,06-JUL-2020,
OPTSTK,AMARAJABAT,30-Jul-2020,840,CE,0,0,0,17.7,2.1,0,0,0,0,06-JUL-2020,
OPTSTK,AMARAJABAT,30-Jul-2020,340,PE,0,0,0,8.95,0.05,0,0,0,0,06-JUL-2020,
OPTSTK,AMARAJABAT,30-Jul-2020,360,PE,0,0,0,12.15,0.05,0,0,0,0,06-JUL-2020,
OPTSTK,AMARAJABAT,30-Jul-2020,380,PE,0,0,0,16.05,0.05,0,0,0,0,06-JUL-2020,
OPTSTK,AMARAJABAT,30-Jul-2020,400,PE,0,0,0,20.65,0.05,0,0,0,0,06-JUL-2020,
OPTSTK,AMARAJABAT,30-Jul-2020,420,PE,0,0,0,26,0.05,0,0,0,0,06-JUL-2020,
OPTSTK,AMARAJABAT,30-Jul-2020,430,PE,0,0,0,7,0.05,0,0,0,0,06-JUL-2020,
OPTSTK,AMARAJABAT,30-Jul-2020,440,PE,0,0,0,0.25,0.05,0,0,1000,0,06-JUL-2020,
OPTSTK,AMARAJABAT,30-Jul-2020,450,PE,0,0,0,0.25,0.05,0,0,1000,0,06-JUL-2020,
OPTSTK,AMARAJABAT,30-Jul-2020,460,PE,0,0,0,39,0.05,0,0,0,0,06-JUL-2020,
OPTSTK,AMARAJABAT,30-Jul-2020,470,PE,0,0,0,13.6,0.05,0,0,0,0,06-JUL-2020,
OPTSTK,AMARAJABAT,30-Jul-2020,480,PE,0,0,0,46.65,0.05,0,0,0,0,06-JUL-2020,
OPTSTK,AMARAJABAT,30-Jul-2020,490,PE,0,0,0,18.1,0.05,0,0,0,0,06-JUL-2020,
OPTSTK,AMARAJABAT,30-Jul-2020,500,PE,0,0,0,55.1,0.05,0,0,0,0,06-JUL-2020,
OPTSTK,AMARAJABAT,30-Jul-2020,510,PE,0,0,0,1.5,0.05,0,0,1000,0,06-JUL-2020,
OPTSTK,AMARAJABAT,30-Jul-2020,520,PE,0,0,0,3,0.05,0,0,1000,0,06-JUL-2020,
OPTSTK,AMARAJABAT,30-Jul-2020,530,PE,0,0,0,29.85,0.05,0,0,0,0,06-JUL-2020,
OPTSTK,AMARAJABAT,30-Jul-2020,540,PE,0,0,0,74.15,0.05,0,0,0,0,06-JUL-2020,
OPTSTK,AMARAJABAT,30-Jul-2020,550,PE,0,0,0,3.55,0.15,0,0,9000,0,06-JUL-2020,
OPTSTK,AMARAJABAT,30-Jul-2020,560,PE,0,0,0,1.75,0.2,0,0,10000,0,06-JUL-2020,
OPTSTK,AMARAJABAT,30-Jul-2020,570,PE,1.5,1.5,1.4,1.4,0.35,2,11.42,5000,-1000,06-JUL-2020,
OPTSTK,AMARAJABAT,30-Jul-2020,580,PE,0,0,0,5.1,0.6,0,0,1000,0,06-JUL-2020,
OPTSTK,AMARAJABAT,30-Jul-2020,590,PE,2.9,2.9,2.9,2.9,0.9,1,5.92,1000,-1000,06-JUL-2020,
OPTSTK,AMARAJABAT,30-Jul-2020,600,PE,6.6,6.6,2.85,2.95,2.95,18,108.7,29000,3000,06-JUL-2020,
OPTSTK,AMARAJABAT,30-Jul-2020,610,PE,0,0,0,64.75,2,0,0,0,0,06-JUL-2020,
OPTSTK,AMARAJABAT,30-Jul-2020,620,PE,8.3,8.5,4.5,5.05,5.05,38,238.03,134000,15000,06-JUL-2020,
OPTSTK,AMARAJABAT,30-Jul-2020,630,PE,0,0,0,75.8,3.95,0,0,0,0,06-JUL-2020,
OPTSTK,AMARAJABAT,30-Jul-2020,640,PE,15,15,7,7.4,7.4,32,208.2,20000,2000,06-JUL-2020,
OPTSTK,AMARAJABAT,30-Jul-2020,650,PE,12.9,12.9,12.65,12.65,7.15,3,19.88,6000,1000,06-JUL-2020,
OPTSTK,AMARAJABAT,30-Jul-2020,660,PE,19.3,19.7,10.5,11.25,11.25,37,249.8,15000,8000,06-JUL-2020,
OPTSTK,AMARAJABAT,30-Jul-2020,670,PE,0,0,0,19.95,11.95,0,0,9000,0,06-JUL-2020,
OPTSTK,AMARAJABAT,30-Jul-2020,680,PE,26.85,26.85,22.95,23.3,15.1,3,21.13,6000,1000,06-JUL-2020,
OPTSTK,AMARAJABAT,30-Jul-2020,690,PE,34,34,19.05,20.7,20.7,12,85.88,5000,5000,06-JUL-2020,
OPTSTK,AMARAJABAT,30-Jul-2020,700,PE,36.5,36.5,23,24.5,24.5,25,181.37,16000,10000,06-JUL-2020,
OPTSTK,AMARAJABAT,30-Jul-2020,710,PE,0,0,0,128.15,27.6,0,0,0,0,06-JUL-2020,
OPTSTK,AMARAJABAT,30-Jul-2020,720,PE,0,0,0,190.6,32.85,0,0,0,0,06-JUL-2020,
OPTSTK,AMARAJABAT,30-Jul-2020,730,PE,0,0,0,143,38.6,0,0,0,0,06-JUL-2020,
OPTSTK,AMARAJABAT,30-Jul-2020,740,PE,61.2,61.2,61.2,61.2,44.9,1,8.01,2000,1000,06-JUL-2020,
OPTSTK,AMARAJABAT,30-Jul-2020,750,PE,0,0,0,158.4,51.6,0,0,0,0,06-JUL-2020,
OPTSTK,AMARAJABAT,30-Jul-2020,760,PE,0,0,0,221.7,58.8,0,0,0,0,06-JUL-2020,
OPTSTK,AMARAJABAT,30-Jul-2020,770,PE,0,0,0,174.4,66.4,0,0,0,0,06-JUL-2020,
OPTSTK,AMARAJABAT,30-Jul-2020,780,PE,0,0,0,237.75,74.35,0,0,0,0,06-JUL-2020,
OPTSTK,AMARAJABAT,30-Jul-2020,790,PE,0,0,0,190.8,82.65,0,0,0,0,06-JUL-2020,
OPTSTK,AMARAJABAT,30-Jul-2020,800,PE,0,0,0,138.75,91.2,0,0,0,0,06-JUL-2020,
OPTSTK,AMARAJABAT,30-Jul-2020,820,PE,0,0,0,270.85,109.05,0,0,0,0,06-JUL-2020,
OPTSTK,AMARAJABAT,30-Jul-2020,840,PE,0,0,0,253,127.65,0,0,0,0,06-JUL-2020,
OPTSTK,AMARAJABAT,27-Aug-2020,370,CE,0,0,0,253.55,344.35,0,0,0,0,06-JUL-2020,
OPTSTK,AMARAJABAT,27-Aug-2020,380,CE,0,0,0,244.65,334.4,0,0,0,0,06-JUL-2020,
OPTSTK,AMARAJABAT,27-Aug-2020,390,CE,0,0,0,235.85,324.45,0,0,0,0,06-JUL-2020,
OPTSTK,AMARAJABAT,27-Aug-2020,400,CE,0,0,0,227.25,314.5,0,0,0,0,06-JUL-2020,
OPTSTK,AMARAJABAT,27-Aug-2020,410,CE,0,0,0,218.75,304.6,0,0,0,0,06-JUL-2020,
OPTSTK,AMARAJABAT,27-Aug-2020,420,CE,0,0,0,210.45,294.65,0,0,0,0,06-JUL-2020,
OPTSTK,AMARAJABAT,27-Aug-2020,430,CE,0,0,0,202.3,284.7,0,0,0,0,06-JUL-2020,
OPTSTK,AMARAJABAT,27-Aug-2020,440,CE,0,0,0,194.3,274.75,0,0,0,0,06-JUL-2020,
OPTSTK,AMARAJABAT,27-Aug-2020,450,CE,0,0,0,186.55,264.85,0,0,0,0,06-JUL-2020,
OPTSTK,AMARAJABAT,27-Aug-2020,460,CE,0,0,0,178.95,254.95,0,0,0,0,06-JUL-2020,
OPTSTK,AMARAJABAT,27-Aug-2020,470,CE,0,0,0,171.55,245,0,0,0,0,06-JUL-2020,
OPTSTK,AMARAJABAT,27-Aug-2020,480,CE,0,0,0,164.35,235.15,0,0,0,0,06-JUL-2020,
OPTSTK,AMARAJABAT,27-Aug-2020,490,CE,0,0,0,157.35,225.25,0,0,0,0,06-JUL-2020,
OPTSTK,AMARAJABAT,27-Aug-2020,500,CE,0,0,0,150.5,215.4,0,0,0,0,06-JUL-2020,
OPTSTK,AMARAJABAT,27-Aug-2020,510,CE,0,0,0,143.9,205.6,0,0,0,0,06-JUL-2020,
OPTSTK,AMARAJABAT,27-Aug-2020,520,CE,0,0,0,137.55,195.85,0,0,0,0,06-JUL-2020,
OPTSTK,AMARAJABAT,27-Aug-2020,530,CE,0,0,0,131.3,186.2,0,0,0,0,06-JUL-2020,
OPTSTK,AMARAJABAT,27-Aug-2020,540,CE,0,0,0,125.35,176.6,0,0,0,0,06-JUL-2020,
OPTSTK,AMARAJABAT,27-Aug-2020,550,CE,0,0,0,119.6,167.1,0,0,0,0,06-JUL-2020,
OPTSTK,AMARAJABAT,27-Aug-2020,560,CE,0,0,0,114,157.7,0,0,0,0,06-JUL-2020,
OPTSTK,AMARAJABAT,27-Aug-2020,570,CE,0,0,0,108.65,148.5,0,0,0,0,06-JUL-2020,
OPTSTK,AMARAJABAT,27-Aug-2020,580,CE,0,0,0,103.5,139.45,0,0,0,0,06-JUL-2020,
OPTSTK,AMARAJABAT,27-Aug-2020,590,CE,0,0,0,98.55,130.55,0,0,0,0,06-JUL-2020,
OPTSTK,AMARAJABAT,27-Aug-2020,600,CE,0,0,0,93.75,121.9,0,0,0,0,06-JUL-2020,
OPTSTK,AMARAJABAT,27-Aug-2020,610,CE,0,0,0,89.2,113.5,0,0,0,0,06-JUL-2020,
OPTSTK,AMARAJABAT,27-Aug-2020,620,CE,0,0,0,84.8,105.35,0,0,0,0,06-JUL-2020,
OPTSTK,AMARAJABAT,27-Aug-2020,630,CE,0,0,0,80.6,97.5,0,0,0,0,06-JUL-2020,
OPTSTK,AMARAJABAT,27-Aug-2020,640,CE,0,0,0,76.55,89.9,0,0,0,0,06-JUL-2020,
OPTSTK,AMARAJABAT,27-Aug-2020,650,CE,0,0,0,72.7,82.7,0,0,0,0,06-JUL-2020,
OPTSTK,AMARAJABAT,27-Aug-2020,660,CE,0,0,0,69,75.8,0,0,0,0,06-JUL-2020,
OPTSTK,AMARAJABAT,27-Aug-2020,670,CE,0,0,0,65.45,69.25,0,0,0,0,06-JUL-2020,
OPTSTK,AMARAJABAT,27-Aug-2020,680,CE,0,0,0,62.1,63.1,0,0,0,0,06-JUL-2020,
OPTSTK,AMARAJABAT,27-Aug-2020,690,CE,0,0,0,58.9,57.25,0,0,0,0,06-JUL-2020,
OPTSTK,AMARAJABAT,27-Aug-2020,700,CE,0,0,0,55.8,51.8,0,0,0,0,06-JUL-2020,
OPTSTK,AMARAJABAT,27-Aug-2020,710,CE,0,0,0,52.9,46.75,0,0,0,0,06-JUL-2020,
OPTSTK,AMARAJABAT,27-Aug-2020,720,CE,0,0,0,50.1,42,0,0,0,0,06-JUL-2020,
OPTSTK,AMARAJABAT,27-Aug-2020,730,CE,0,0,0,47.45,37.65,0,0,0,0,06-JUL-2020,
OPTSTK,AMARAJABAT,27-Aug-2020,740,CE,0,0,0,44.95,33.65,0,0,0,0,06-JUL-2020,
OPTSTK,AMARAJABAT,27-Aug-2020,750,CE,0,0,0,42.55,29.95,0,0,0,0,06-JUL-2020,
OPTSTK,AMARAJABAT,27-Aug-2020,760,CE,0,0,0,40.3,26.6,0,0,0,0,06-JUL-2020,
OPTSTK,AMARAJABAT,27-Aug-2020,770,CE,0,0,0,38.15,23.55,0,0,0,0,06-JUL-2020,
OPTSTK,AMARAJABAT,27-Aug-2020,780,CE,0,0,0,36.1,20.8,0,0,0,0,06-JUL-2020,
OPTSTK,AMARAJABAT,27-Aug-2020,790,CE,0,0,0,34.15,18.3,0,0,0,0,06-JUL-2020,
OPTSTK,AMARAJABAT,27-Aug-2020,800,CE,0,0,0,32.25,16.05,0,0,0,0,06-JUL-2020,
OPTSTK,AMARAJABAT,27-Aug-2020,820,CE,0,0,0,28.85,12.25,0,0,0,0,06-JUL-2020,
OPTSTK,AMARAJABAT,27-Aug-2020,840,CE,0,0,0,25.75,9.25,0,0,0,0,06-JUL-2020,
OPTSTK,AMARAJABAT,27-Aug-2020,370,PE,0,0,0,4.65,0.05,0,0,0,0,06-JUL-2020,
OPTSTK,AMARAJABAT,27-Aug-2020,380,PE,0,0,0,5.65,0.05,0,0,0,0,06-JUL-2020,
OPTSTK,AMARAJABAT,27-Aug-2020,390,PE,0,0,0,6.75,0.05,0,0,0,0,06-JUL-2020,
OPTSTK,AMARAJABAT,27-Aug-2020,400,PE,0,0,0,8,0.05,0,0,0,0,06-JUL-2020,
OPTSTK,AMARAJABAT,27-Aug-2020,410,PE,0,0,0,9.4,0.05,0,0,0,0,06-JUL-2020,
OPTSTK,AMARAJABAT,27-Aug-2020,420,PE,0,0,0,10.95,0.05,0,0,0,0,06-JUL-2020,
OPTSTK,AMARAJABAT,27-Aug-2020,430,PE,0,0,0,12.65,0.05,0,0,0,0,06-JUL-2020,
OPTSTK,AMARAJABAT,27-Aug-2020,440,PE,0,0,0,14.6,0.05,0,0,0,0,06-JUL-2020,
OPTSTK,AMARAJABAT,27-Aug-2020,450,PE,0,0,0,16.65,0.05,0,0,0,0,06-JUL-2020,
OPTSTK,AMARAJABAT,27-Aug-2020,460,PE,0,0,0,18.95,0.05,0,0,0,0,06-JUL-2020,
OPTSTK,AMARAJABAT,27-Aug-2020,470,PE,0,0,0,21.45,0.1,0,0,0,0,06-JUL-2020,
OPTSTK,AMARAJABAT,27-Aug-2020,480,PE,0,0,0,24.1,0.15,0,0,0,0,06-JUL-2020,
OPTSTK,AMARAJABAT,27-Aug-2020,490,PE,0,0,0,27,0.2,0,0,0,0,06-JUL-2020,
OPTSTK,AMARAJABAT,27-Aug-2020,500,PE,0,0,0,30.05,0.3,0,0,0,0,06-JUL-2020,
OPTSTK,AMARAJABAT,27-Aug-2020,510,PE,0,0,0,33.35,0.45,0,0,0,0,06-JUL-2020,
OPTSTK,AMARAJABAT,27-Aug-2020,520,PE,0,0,0,36.8,0.65,0,0,0,0,06-JUL-2020,
OPTSTK,AMARAJABAT,27-Aug-2020,530,PE,0,0,0,40.5,0.9,0,0,0,0,06-JUL-2020,
OPTSTK,AMARAJABAT,27-Aug-2020,540,PE,0,0,0,44.4,1.25,0,0,0,0,06-JUL-2020,
OPTSTK,AMARAJABAT,27-Aug-2020,550,PE,0,0,0,48.5,1.7,0,0,0,0,06-JUL-2020,
OPTSTK,AMARAJABAT,27-Aug-2020,560,PE,0,0,0,52.8,2.25,0,0,0,0,06-JUL-2020,
OPTSTK,AMARAJABAT,27-Aug-2020,570,PE,0,0,0,57.35,2.95,0,0,0,0,06-JUL-2020,
OPTSTK,AMARAJABAT,27-Aug-2020,580,PE,0,0,0,62.05,3.85,0,0,0,0,06-JUL-2020,
OPTSTK,AMARAJABAT,27-Aug-2020,590,PE,0,0,0,66.95,4.9,0,0,0,0,06-JUL-2020,
OPTSTK,AMARAJABAT,27-Aug-2020,600,PE,0,0,0,72.05,6.2,0,0,0,0,06-JUL-2020,
OPTSTK,AMARAJABAT,27-Aug-2020,610,PE,0,0,0,77.35,7.7,0,0,0,0,06-JUL-2020,
OPTSTK,AMARAJABAT,27-Aug-2020,620,PE,0,0,0,82.85,9.5,0,0,0,0,06-JUL-2020,
OPTSTK,AMARAJABAT,27-Aug-2020,630,PE,0,0,0,88.55,11.6,0,0,0,0,06-JUL-2020,
OPTSTK,AMARAJABAT,27-Aug-2020,640,PE,0,0,0,94.4,13.95,0,0,0,0,06-JUL-2020,
OPTSTK,AMARAJABAT,27-Aug-2020,650,PE,0,0,0,100.4,16.65,0,0,0,0,06-JUL-2020,
OPTSTK,AMARAJABAT,27-Aug-2020,660,PE,0,0,0,106.6,19.7,0,0,0,0,06-JUL-2020,
OPTSTK,AMARAJABAT,27-Aug-2020,670,PE,0,0,0,112.95,23.1,0,0,0,0,06-JUL-2020,
OPTSTK,AMARAJABAT,27-Aug-2020,680,PE,0,0,0,119.45,26.85,0,0,0,0,06-JUL-2020,
OPTSTK,AMARAJABAT,27-Aug-2020,690,PE,0,0,0,126.1,31,0,0,0,0,06-JUL-2020,
OPTSTK,AMARAJABAT,27-Aug-2020,700,PE,0,0,0,132.9,35.5,0,0,0,0,06-JUL-2020,
OPTSTK,AMARAJABAT,27-Aug-2020,710,PE,0,0,0,139.9,40.35,0,0,0,0,06-JUL-2020,
OPTSTK,AMARAJABAT,27-Aug-2020,720,PE,0,0,0,146.95,45.6,0,0,0,0,06-JUL-2020,
OPTSTK,AMARAJABAT,27-Aug-2020,730,PE,0,0,0,154.2,51.15,0,0,0,0,06-JUL-2020,
OPTSTK,AMARAJABAT,27-Aug-2020,740,PE,0,0,0,161.6,57.1,0,0,0,0,06-JUL-2020,
OPTSTK,AMARAJABAT,27-Aug-2020,750,PE,0,0,0,169.05,63.35,0,0,0,0,06-JUL-2020,
OPTSTK,AMARAJABAT,27-Aug-2020,760,PE,0,0,0,176.65,69.9,0,0,0,0,06-JUL-2020,
OPTSTK,AMARAJABAT,27-Aug-2020,770,PE,0,0,0,184.4,76.8,0,0,0,0,06-JUL-2020,
OPTSTK,AMARAJABAT,27-Aug-2020,780,PE,0,0,0,192.2,83.95,0,0,0,0,06-JUL-2020,
OPTSTK,AMARAJABAT,27-Aug-2020,790,PE,0,0,0,200.15,91.4,0,0,0,0,06-JUL-2020,
OPTSTK,AMARAJABAT,27-Aug-2020,800,PE,0,0,0,208.15,99.1,0,0,0,0,06-JUL-2020,
OPTSTK,AMARAJABAT,27-Aug-2020,820,PE,0,0,0,224.5,115.2,0,0,0,0,06-JUL-2020,
OPTSTK,AMARAJABAT,27-Aug-2020,840,PE,0,0,0,241.15,132.05,0,0,0,0,06-JUL-2020,
OPTSTK,AMARAJABAT,24-Sep-2020,380,CE,0,0,0,265.65,335.65,0,0,0,0,06-JUL-2020,
OPTSTK,AMARAJABAT,24-Sep-2020,400,CE,0,0,0,246.6,315.85,0,0,0,0,06-JUL-2020,
OPTSTK,AMARAJABAT,24-Sep-2020,420,CE,0,0,0,227.9,296.05,0,0,0,0,06-JUL-2020,
OPTSTK,AMARAJABAT,24-Sep-2020,440,CE,0,0,0,209.65,276.35,0,0,0,0,06-JUL-2020,
OPTSTK,AMARAJABAT,24-Sep-2020,460,CE,0,0,0,191.9,256.7,0,0,0,0,06-JUL-2020,
OPTSTK,AMARAJABAT,24-Sep-2020,480,CE,0,0,0,174.85,237.25,0,0,0,0,06-JUL-2020,
OPTSTK,AMARAJABAT,24-Sep-2020,500,CE,0,0,0,158.55,218,0,0,0,0,06-JUL-2020,
OPTSTK,AMARAJABAT,24-Sep-2020,520,CE,0,0,0,143.1,199.05,0,0,0,0,06-JUL-2020,
OPTSTK,AMARAJABAT,24-Sep-2020,540,CE,0,0,0,128.5,180.55,0,0,0,0,06-JUL-2020,
OPTSTK,AMARAJABAT,24-Sep-2020,560,CE,0,0,0,114.85,162.65,0,0,0,0,06-JUL-2020,
OPTSTK,AMARAJABAT,24-Sep-2020,580,CE,0,0,0,102.2,145.45,0,0,0,0,06-JUL-2020,
OPTSTK,AMARAJABAT,24-Sep-2020,600,CE,0,0,0,90.55,129.1,0,0,0,0,06-JUL-2020,
OPTSTK,AMARAJABAT,24-Sep-2020,620,CE,0,0,0,79.9,113.65,0,0,0,0,06-JUL-2020,
OPTSTK,AMARAJABAT,24-Sep-2020,640,CE,0,0,0,70.2,99.35,0,0,0,0,06-JUL-2020,
OPTSTK,AMARAJABAT,24-Sep-2020,660,CE,0,0,0,61.45,86.1,0,0,0,0,06-JUL-2020,
OPTSTK,AMARAJABAT,24-Sep-2020,680,CE,0,0,0,53.6,74.1,0,0,0,0,06-JUL-2020,
OPTSTK,AMARAJABAT,24-Sep-2020,700,CE,0,0,0,46.55,63.25,0,0,0,0,06-JUL-2020,
OPTSTK,AMARAJABAT,24-Sep-2020,720,CE,0,0,0,40.35,53.55,0,0,0,0,06-JUL-2020,
OPTSTK,AMARAJABAT,24-Sep-2020,740,CE,0,0,0,34.8,45.05,0,0,0,0,06-JUL-2020,
OPTSTK,AMARAJABAT,24-Sep-2020,760,CE,0,0,0,30,37.6,0,0,0,0,06-JUL-2020,
OPTSTK,AMARAJABAT,24-Sep-2020,780,CE,0,0,0,25.8,31.2,0,0,0,0,06-JUL-2020,
OPTSTK,AMARAJABAT,24-Sep-2020,800,CE,0,0,0,22.1,25.7,0,0,0,0,06-JUL-2020,
OPTSTK,AMARAJABAT,24-Sep-2020,820,CE,0,0,0,18.85,21,0,0,0,0,06-JUL-2020,
OPTSTK,AMARAJABAT,24-Sep-2020,840,CE,0,0,0,16.1,17.1,0,0,0,0,06-JUL-2020,
OPTSTK,AMARAJABAT,24-Sep-2020,380,PE,0,0,0,1,0.05,0,0,0,0,06-JUL-2020,
OPTSTK,AMARAJABAT,24-Sep-2020,400,PE,0,0,0,1.7,0.05,0,0,0,0,06-JUL-2020,
OPTSTK,AMARAJABAT,24-Sep-2020,420,PE,0,0,0,2.75,0.05,0,0,0,0,06-JUL-2020,
OPTSTK,AMARAJABAT,24-Sep-2020,440,PE,0,0,0,4.25,0.15,0,0,0,0,06-JUL-2020,
OPTSTK,AMARAJABAT,24-Sep-2020,460,PE,0,0,0,6.35,0.35,0,0,0,0,06-JUL-2020,
OPTSTK,AMARAJABAT,24-Sep-2020,480,PE,0,0,0,9.05,0.7,0,0,0,0,06-JUL-2020,
OPTSTK,AMARAJABAT,24-Sep-2020,500,PE,0,0,0,12.5,1.25,0,0,0,0,06-JUL-2020,
OPTSTK,AMARAJABAT,24-Sep-2020,520,PE,0,0,0,16.8,2.15,0,0,0,0,06-JUL-2020,
OPTSTK,AMARAJABAT,24-Sep-2020,540,PE,0,0,0,22,3.45,0,0,0,0,06-JUL-2020,
OPTSTK,AMARAJABAT,24-Sep-2020,560,PE,0,0,0,28.15,5.35,0,0,0,0,06-JUL-2020,
OPTSTK,AMARAJABAT,24-Sep-2020,580,PE,0,0,0,35.2,7.95,0,0,0,0,06-JUL-2020,
OPTSTK,AMARAJABAT,24-Sep-2020,600,PE,0,0,0,43.35,11.4,0,0,0,0,06-JUL-2020,
OPTSTK,AMARAJABAT,24-Sep-2020,620,PE,0,0,0,52.45,15.8,0,0,0,0,06-JUL-2020,
OPTSTK,AMARAJABAT,24-Sep-2020,640,PE,0,0,0,62.5,21.3,0,0,0,0,06-JUL-2020,
OPTSTK,AMARAJABAT,24-Sep-2020,660,PE,0,0,0,73.55,27.9,0,0,0,0,06-JUL-2020,
OPTSTK,AMARAJABAT,24-Sep-2020,680,PE,0,0,0,85.45,35.65,0,0,0,0,06-JUL-2020,
OPTSTK,AMARAJABAT,24-Sep-2020,700,PE,0,0,0,98.2,44.65,0,0,0,0,06-JUL-2020,
OPTSTK,AMARAJABAT,24-Sep-2020,720,PE,0,0,0,111.75,54.8,0,0,0,0,06-JUL-2020,
OPTSTK,AMARAJABAT,24-Sep-2020,740,PE,0,0,0,126,66.1,0,0,0,0,06-JUL-2020,
OPTSTK,AMARAJABAT,24-Sep-2020,760,PE,0,0,0,140.95,78.45,0,0,0,0,06-JUL-2020,
OPTSTK,AMARAJABAT,24-Sep-2020,780,PE,0,0,0,156.5,91.85,0,0,0,0,06-JUL-2020,
OPTSTK,AMARAJABAT,24-Sep-2020,800,PE,0,0,0,172.55,106.15,0,0,0,0,06-JUL-2020,
OPTSTK,AMARAJABAT,24-Sep-2020,820,PE,0,0,0,189.1,121.3,0,0,0,0,06-JUL-2020,
OPTSTK,AMARAJABAT,24-Sep-2020,840,PE,0,0,0,206.1,137.2,0,0,0,0,06-JUL-2020,
OPTSTK,AMBUJACEM,30-Jul-2020,100,CE,0,0,0,73.6,94.2,0,0,0,0,06-JUL-2020,
OPTSTK,AMBUJACEM,30-Jul-2020,105,CE,0,0,0,69,89.2,0,0,0,0,06-JUL-2020,
OPTSTK,AMBUJACEM,30-Jul-2020,110,CE,0,0,0,64.5,84.2,0,0,0,0,06-JUL-2020,
OPTSTK,AMBUJACEM,30-Jul-2020,115,CE,0,0,0,60.1,79.2,0,0,0,0,06-JUL-2020,
OPTSTK,AMBUJACEM,30-Jul-2020,120,CE,0,0,0,55.85,74.25,0,0,0,0,06-JUL-2020,
OPTSTK,AMBUJACEM,30-Jul-2020,125,CE,0,0,0,51.75,69.25,0,0,0,0,06-JUL-2020,
OPTSTK,AMBUJACEM,30-Jul-2020,130,CE,0,0,0,47.85,64.25,0,0,0,0,06-JUL-2020,
OPTSTK,AMBUJACEM,30-Jul-2020,132.5,CE,0,0,0,60.65,61.75,0,0,0,0,06-JUL-2020,
OPTSTK,AMBUJACEM,30-Jul-2020,135,CE,0,0,0,44.1,59.3,0,0,0,0,06-JUL-2020,
OPTSTK,AMBUJACEM,30-Jul-2020,137.5,CE,0,0,0,56.05,56.8,0,0,0,0,06-JUL-2020,
OPTSTK,AMBUJACEM,30-Jul-2020,140,CE,0,0,0,40.55,54.3,0,0,0,0,06-JUL-2020,
OPTSTK,AMBUJACEM,30-Jul-2020,142.5,CE,0,0,0,51.6,51.8,0,0,0,0,06-JUL-2020,
OPTSTK,AMBUJACEM,30-Jul-2020,145,CE,0,0,0,37.15,49.3,0,0,0,0,06-JUL-2020,
OPTSTK,AMBUJACEM,30-Jul-2020,147.5,CE,0,0,0,47.25,46.8,0,0,0,0,06-JUL-2020,
OPTSTK,AMBUJACEM,30-Jul-2020,150,CE,0,0,0,34,44.35,0,0,0,0,06-JUL-2020,
OPTSTK,AMBUJACEM,30-Jul-2020,152.5,CE,0,0,0,43.1,41.85,0,0,0,0,06-JUL-2020,
OPTSTK,AMBUJACEM,30-Jul-2020,155,CE,0,0,0,31,39.35,0,0,0,0,06-JUL-2020,
OPTSTK,AMBUJACEM,30-Jul-2020,157.5,CE,0,0,0,39.15,36.9,0,0,0,0,06-JUL-2020,
OPTSTK,AMBUJACEM,30-Jul-2020,160,CE,0,0,0,28.25,34.45,0,0,0,0,06-JUL-2020,
OPTSTK,AMBUJACEM,30-Jul-2020,162.5,CE,0,0,0,35.35,32,0,0,0,0,06-JUL-2020,
OPTSTK,AMBUJACEM,30-Jul-2020,165,CE,0,0,0,25.65,29.6,0,0,0,0,06-JUL-2020,
OPTSTK,AMBUJACEM,30-Jul-2020,167.5,CE,0,0,0,31.8,27.25,0,0,0,0,06-JUL-2020,
OPTSTK,AMBUJACEM,30-Jul-2020,170,CE,0,0,0,23.3,24.95,0,0,0,0,06-JUL-2020,
OPTSTK,AMBUJACEM,30-Jul-2020,172.5,CE,0,0,0,28.45,22.7,0,0,0,0,06-JUL-2020,
OPTSTK,AMBUJACEM,30-Jul-2020,175,CE,0,0,0,16.55,20.5,0,0,6000,0,06-JUL-2020,
OPTSTK,AMBUJACEM,30-Jul-2020,177.5,CE,0,0,0,25.35,18.4,0,0,0,0,06-JUL-2020,
OPTSTK,AMBUJACEM,30-Jul-2020,180,CE,19,19,19,19,16.4,1,5.97,21000,0,06-JUL-2020,
OPTSTK,AMBUJACEM,30-Jul-2020,182.5,CE,0,0,0,22.5,14.5,0,0,0,0,06-JUL-2020,
OPTSTK,AMBUJACEM,30-Jul-2020,185,CE,15.4,15.4,15,15,12.7,2,12.01,30000,-3000,06-JUL-2020,
OPTSTK,AMBUJACEM,30-Jul-2020,187.5,CE,0,0,0,12.45,11.05,0,0,15000,0,06-JUL-2020,
OPTSTK,AMBUJACEM,30-Jul-2020,190,CE,11.5,11.5,9.7,9.75,9.75,10,60.21,276000,-6000,06-JUL-2020,
OPTSTK,AMBUJACEM,30-Jul-2020,192.5,CE,10,10,8.4,8.45,8.45,12,72.67,24000,9000,06-JUL-2020,
OPTSTK,AMBUJACEM,30-Jul-2020,195,CE,8.3,8.75,7.1,7.25,7.25,109,664.16,198000,42000,06-JUL-2020,
OPTSTK,AMBUJACEM,30-Jul-2020,197.5,CE,6.75,7.45,6.6,6.6,5.85,13,79.81,27000,18000,06-JUL-2020,
OPTSTK,AMBUJACEM,30-Jul-2020,200,CE,6.1,6.35,4.95,5.05,5.05,154,950.4,501000,63000,06-JUL-2020,
OPTSTK,AMBUJACEM,30-Jul-2020,202.5,CE,5,5,4.1,4.1,4.1,5,31.05,3000,0,06-JUL-2020,
OPTSTK,AMBUJACEM,30-Jul-2020,205,CE,4.2,4.25,3.35,3.45,3.45,31,194.29,129000,9000,06-JUL-2020,
OPTSTK,AMBUJACEM,30-Jul-2020,207.5,CE,3,3,3,3,2.65,1,6.31,21000,0,06-JUL-2020,
OPTSTK,AMBUJACEM,30-Jul-2020,210,CE,2.75,2.95,2.25,2.3,2.3,55,350.75,303000,36000,06-JUL-2020,
OPTSTK,AMBUJACEM,30-Jul-2020,212.5,CE,0,0,0,2.1,1.7,0,0,18000,0,06-JUL-2020,
OPTSTK,AMBUJACEM,30-Jul-2020,215,CE,1.8,1.9,1.4,1.4,1.4,7,45.51,75000,18000,06-JUL-2020,
OPTSTK,AMBUJACEM,30-Jul-2020,217.5,CE,0,0,0,8.7,1.05,0,0,0,0,06-JUL-2020,
OPTSTK,AMBUJACEM,30-Jul-2020,220,CE,1.2,1.25,0.9,1,1,20,132.62,159000,-6000,06-JUL-2020,
OPTSTK,AMBUJACEM,30-Jul-2020,222.5,CE,0,0,0,7.5,0.65,0,0,0,0,06-JUL-2020,
OPTSTK,AMBUJACEM,30-Jul-2020,225,CE,0.65,0.65,0.65,0.65,0.5,1,6.76,78000,0,06-JUL-2020,
OPTSTK,AMBUJACEM,30-Jul-2020,227.5,CE,0,0,0,6.45,0.35,0,0,0,0,06-JUL-2020,
OPTSTK,AMBUJACEM,30-Jul-2020,230,CE,0.5,0.5,0.3,0.3,0.3,10,69.13,126000,12000,06-JUL-2020,
OPTSTK,AMBUJACEM,30-Jul-2020,235,CE,0,0,0,5.7,0.15,0,0,0,0,06-JUL-2020,
OPTSTK,AMBUJACEM,30-Jul-2020,100,PE,0,0,0,0.7,0.05,0,0,0,0,06-JUL-2020,
OPTSTK,AMBUJACEM,30-Jul-2020,105,PE,0,0,0,1,0.05,0,0,0,0,06-JUL-2020,
OPTSTK,AMBUJACEM,30-Jul-2020,110,PE,0,0,0,1.45,0.05,0,0,0,0,06-JUL-2020,
OPTSTK,AMBUJACEM,30-Jul-2020,115,PE,0,0,0,2,0.05,0,0,0,0,06-JUL-2020,
OPTSTK,AMBUJACEM,30-Jul-2020,120,PE,0,0,0,2.65,0.05,0,0,0,0,06-JUL-2020,
OPTSTK,AMBUJACEM,30-Jul-2020,125,PE,0,0,0,3.5,0.05,0,0,0,0,06-JUL-2020,
OPTSTK,AMBUJACEM,30-Jul-2020,130,PE,0,0,0,0.1,0.05,0,0,12000,0,06-JUL-2020,
OPTSTK,AMBUJACEM,30-Jul-2020,132.5,PE,0,0,0,0.75,0.05,0,0,0,0,06-JUL-2020,
OPTSTK,AMBUJACEM,30-Jul-2020,135,PE,0,0,0,5.75,0.05,0,0,0,0,06-JUL-2020,
OPTSTK,AMBUJACEM,30-Jul-2020,137.5,PE,0,0,0,1.1,0.05,0,0,0,0,06-JUL-2020,
OPTSTK,AMBUJACEM,30-Jul-2020,140,PE,0,0,0,7.1,0.05,0,0,0,0,06-JUL-2020,
OPTSTK,AMBUJACEM,30-Jul-2020,142.5,PE,0,0,0,1.6,0.05,0,0,0,0,06-JUL-2020,
OPTSTK,AMBUJACEM,30-Jul-2020,145,PE,0,0,0,8.7,0.05,0,0,0,0,06-JUL-2020,
OPTSTK,AMBUJACEM,30-Jul-2020,147.5,PE,0,0,0,2.25,0.05,0,0,0,0,06-JUL-2020,
OPTSTK,AMBUJACEM,30-Jul-2020,150,PE,0,0,0,10.45,0.05,0,0,0,0,06-JUL-2020,
OPTSTK,AMBUJACEM,30-Jul-2020,152.5,PE,0,0,0,3,0.05,0,0,0,0,06-JUL-2020,
OPTSTK,AMBUJACEM,30-Jul-2020,155,PE,0,0,0,12.4,0.05,0,0,0,0,06-JUL-2020,
OPTSTK,AMBUJACEM,30-Jul-2020,157.5,PE,0,0,0,4,0.05,0,0,0,0,06-JUL-2020,
OPTSTK,AMBUJACEM,30-Jul-2020,160,PE,0,0,0,0.55,0.1,0,0,111000,0,06-JUL-2020,
OPTSTK,AMBUJACEM,30-Jul-2020,162.5,PE,0,0,0,5.2,0.15,0,0,0,0,06-JUL-2020,
OPTSTK,AMBUJACEM,30-Jul-2020,165,PE,0,0,0,2,0.25,0,0,6000,0,06-JUL-2020,
OPTSTK,AMBUJACEM,30-Jul-2020,167.5,PE,0,0,0,2.3,0.4,0,0,30000,0,06-JUL-2020,
OPTSTK,AMBUJACEM,30-Jul-2020,170,PE,0.75,0.8,0.7,0.8,0.8,19,97.31,204000,6000,06-JUL-2020,
OPTSTK,AMBUJACEM,30-Jul-2020,172.5,PE,0,0,0,8.2,0.8,0,0,0,0,06-JUL-2020,
OPTSTK,AMBUJACEM,30-Jul-2020,175,PE,0,0,0,2.4,1.1,0,0,12000,0,06-JUL-2020,
OPTSTK,AMBUJACEM,30-Jul-2020,177.5,PE,0,0,0,1.85,1.5,0,0,9000,0,06-JUL-2020,
OPTSTK,AMBUJACEM,30-Jul-2020,180,PE,1.85,2.2,1.65,2.15,2.15,27,147.29,282000,6000,06-JUL-2020,
OPTSTK,AMBUJACEM,30-Jul-2020,182.5,PE,0,0,0,8.4,2.55,0,0,15000,0,06-JUL-2020,
OPTSTK,AMBUJACEM,30-Jul-2020,185,PE,2.9,3.35,2.75,3.35,3.35,6,33.84,117000,3000,06-JUL-2020,
OPTSTK,AMBUJACEM,30-Jul-2020,187.5,PE,0,0,0,4.1,4.15,0,0,12000,0,06-JUL-2020,
OPTSTK,AMBUJACEM,30-Jul-2020,190,PE,4.5,5.2,4.2,5.1,5.1,50,291.91,303000,-9000,06-JUL-2020,
OPTSTK,AMBUJACEM,30-Jul-2020,192.5,PE,5.55,6.45,5.55,6.1,6.1,5,29.78,24000,6000,06-JUL-2020,
OPTSTK,AMBUJACEM,30-Jul-2020,195,PE,6.65,7.6,6.2,7.5,7.5,27,163.45,63000,24000,06-JUL-2020,
OPTSTK,AMBUJACEM,30-Jul-2020,197.5,PE,7.55,8.1,7.35,8.1,8.9,7,43.06,15000,9000,06-JUL-2020,
OPTSTK,AMBUJACEM,30-Jul-2020,200,PE,9.45,10.4,9.4,10.3,10.3,9,56.64,48000,9000,06-JUL-2020,
OPTSTK,AMBUJACEM,30-Jul-2020,202.5,PE,0,0,0,22.9,12.05,0,0,0,0,06-JUL-2020,
OPTSTK,AMBUJACEM,30-Jul-2020,205,PE,0,0,0,41.95,13.8,0,0,0,0,06-JUL-2020,
OPTSTK,AMBUJACEM,30-Jul-2020,207.5,PE,0,0,0,26.1,15.7,0,0,0,0,06-JUL-2020,
OPTSTK,AMBUJACEM,30-Jul-2020,210,PE,0,0,0,17.9,17.65,0,0,12000,0,06-JUL-2020,
OPTSTK,AMBUJACEM,30-Jul-2020,212.5,PE,0,0,0,29.5,19.7,0,0,0,0,06-JUL-2020,
OPTSTK,AMBUJACEM,30-Jul-2020,215,PE,0,0,0,49.6,21.85,0,0,0,0,06-JUL-2020,
OPTSTK,AMBUJACEM,30-Jul-2020,217.5,PE,0,0,0,33.1,24.05,0,0,0,0,06-JUL-2020,
OPTSTK,AMBUJACEM,30-Jul-2020,220,PE,0,0,0,53.6,26.3,0,0,0,0,06-JUL-2020,
OPTSTK,AMBUJACEM,30-Jul-2020,222.5,PE,0,0,0,36.85,28.6,0,0,0,0,06-JUL-2020,
OPTSTK,AMBUJACEM,30-Jul-2020,225,PE,0,0,0,57.7,30.95,0,0,0,0,06-JUL-2020,
OPTSTK,AMBUJACEM,30-Jul-2020,227.5,PE,0,0,0,40.75,33.35,0,0,0,0,06-JUL-2020,
OPTSTK,AMBUJACEM,30-Jul-2020,230,PE,0,0,0,61.85,35.75,0,0,0,0,06-JUL-2020,
OPTSTK,AMBUJACEM,30-Jul-2020,235,PE,0,0,0,66.1,40.6,0,0,0,0,06-JUL-2020,
OPTSTK,AMBUJACEM,27-Aug-2020,132.5,CE,0,0,0,62.05,62.2,0,0,0,0,06-JUL-2020,
OPTSTK,AMBUJACEM,27-Aug-2020,135,CE,0,0,0,59.85,59.75,0,0,0,0,06-JUL-2020,
OPTSTK,AMBUJACEM,27-Aug-2020,137.5,CE,0,0,0,57.7,57.25,0,0,0,0,06-JUL-2020,
OPTSTK,AMBUJACEM,27-Aug-2020,140,CE,0,0,0,55.55,54.8,0,0,0,0,06-JUL-2020,
OPTSTK,AMBUJACEM,27-Aug-2020,142.5,CE,0,0,0,53.45,52.35,0,0,0,0,06-JUL-2020,
OPTSTK,AMBUJACEM,27-Aug-2020,145,CE,0,0,0,51.4,49.9,0,0,0,0,06-JUL-2020,
OPTSTK,AMBUJACEM,27-Aug-2020,147.5,CE,0,0,0,49.4,47.45,0,0,0,0,06-JUL-2020,
OPTSTK,AMBUJACEM,27-Aug-2020,150,CE,0,0,0,47.45,45.05,0,0,0,0,06-JUL-2020,
OPTSTK,AMBUJACEM,27-Aug-2020,152.5,CE,0,0,0,45.5,42.65,0,0,0,0,06-JUL-2020,
OPTSTK,AMBUJACEM,27-Aug-2020,155,CE,0,0,0,43.65,40.3,0,0,0,0,06-JUL-2020,
OPTSTK,AMBUJACEM,27-Aug-2020,157.5,CE,0,0,0,41.8,37.95,0,0,0,0,06-JUL-2020,
OPTSTK,AMBUJACEM,27-Aug-2020,160,CE,0,0,0,40.05,35.65,0,0,0,0,06-JUL-2020,
OPTSTK,AMBUJACEM,27-Aug-2020,162.5,CE,0,0,0,38.3,33.4,0,0,0,0,06-JUL-2020,
OPTSTK,AMBUJACEM,27-Aug-2020,165,CE,0,0,0,36.6,31.2,0,0,0,0,06-JUL-2020,
OPTSTK,AMBUJACEM,27-Aug-2020,167.5,CE,0,0,0,34.95,29.05,0,0,0,0,06-JUL-2020,
OPTSTK,AMBUJACEM,27-Aug-2020,170,CE,0,0,0,33.35,26.95,0,0,0,0,06-JUL-2020,
OPTSTK,AMBUJACEM,27-Aug-2020,172.5,CE,0,0,0,31.8,24.95,0,0,0,0,06-JUL-2020,
OPTSTK,AMBUJACEM,27-Aug-2020,175,CE,0,0,0,30.35,23,0,0,0,0,06-JUL-2020,
OPTSTK,AMBUJACEM,27-Aug-2020,177.5,CE,0,0,0,28.9,21.15,0,0,0,0,06-JUL-2020,
OPTSTK,AMBUJACEM,27-Aug-2020,180,CE,0,0,0,27.5,19.35,0,0,0,0,06-JUL-2020,
OPTSTK,AMBUJACEM,27-Aug-2020,182.5,CE,0,0,0,26.15,17.7,0,0,0,0,06-JUL-2020,
OPTSTK,AMBUJACEM,27-Aug-2020,185,CE,0,0,0,24.85,16.1,0,0,0,0,06-JUL-2020,
OPTSTK,AMBUJACEM,27-Aug-2020,187.5,CE,0,0,0,23.65,14.55,0,0,0,0,06-JUL-2020,
OPTSTK,AMBUJACEM,27-Aug-2020,190,CE,0,0,0,22.45,13.15,0,0,0,0,06-JUL-2020,
OPTSTK,AMBUJACEM,27-Aug-2020,192.5,CE,0,0,0,21.3,11.85,0,0,0,0,06-JUL-2020,
OPTSTK,AMBUJACEM,27-Aug-2020,195,CE,0,0,0,20.2,10.6,0,0,0,0,06-JUL-2020,
OPTSTK,AMBUJACEM,27-Aug-2020,197.5,CE,0,0,0,19.15,9.5,0,0,0,0,06-JUL-2020,
OPTSTK,AMBUJACEM,27-Aug-2020,200,CE,0,0,0,18.15,8.45,0,0,0,0,06-JUL-2020,
OPTSTK,AMBUJACEM,27-Aug-2020,202.5,CE,0,0,0,17.15,7.5,0,0,0,0,06-JUL-2020,
OPTSTK,AMBUJACEM,27-Aug-2020,205,CE,0,0,0,16.25,6.6,0,0,0,0,06-JUL-2020,
OPTSTK,AMBUJACEM,27-Aug-2020,207.5,CE,0,0,0,15.35,5.85,0,0,0,0,06-JUL-2020,
OPTSTK,AMBUJACEM,27-Aug-2020,210,CE,0,0,0,14.5,5.1,0,0,0,0,06-JUL-2020,
OPTSTK,AMBUJACEM,27-Aug-2020,212.5,CE,0,0,0,13.7,4.5,0,0,0,0,06-JUL-2020,
OPTSTK,AMBUJACEM,27-Aug-2020,215,CE,0,0,0,12.95,3.9,0,0,0,0,06-JUL-2020,
OPTSTK,AMBUJACEM,27-Aug-2020,217.5,CE,0,0,0,12.25,3.4,0,0,0,0,06-JUL-2020,
OPTSTK,AMBUJACEM,27-Aug-2020,220,CE,0,0,0,11.55,2.95,0,0,0,0,06-JUL-2020,
OPTSTK,AMBUJACEM,27-Aug-2020,222.5,CE,0,0,0,10.9,2.55,0,0,0,0,06-JUL-2020,
OPTSTK,AMBUJACEM,27-Aug-2020,225,CE,0,0,0,10.25,2.2,0,0,0,0,06-JUL-2020,
OPTSTK,AMBUJACEM,27-Aug-2020,227.5,CE,0,0,0,9.7,1.9,0,0,0,0,06-JUL-2020,
OPTSTK,AMBUJACEM,27-Aug-2020,230,CE,0,0,0,9.1,1.6,0,0,0,0,06-JUL-2020,
OPTSTK,AMBUJACEM,27-Aug-2020,235,CE,0,0,0,8.1,1.15,0,0,0,0,06-JUL-2020,
OPTSTK,AMBUJACEM,27-Aug-2020,132.5,PE,0,0,0,1.65,0.05,0,0,0,0,06-JUL-2020,
OPTSTK,AMBUJACEM,27-Aug-2020,135,PE,0,0,0,1.9,0.05,0,0,0,0,06-JUL-2020,
OPTSTK,AMBUJACEM,27-Aug-2020,137.5,PE,0,0,0,2.2,0.05,0,0,0,0,06-JUL-2020,
OPTSTK,AMBUJACEM,27-Aug-2020,140,PE,0,0,0,2.55,0.05,0,0,0,0,06-JUL-2020,
OPTSTK,AMBUJACEM,27-Aug-2020,142.5,PE,0,0,0,2.95,0.1,0,0,0,0,06-JUL-2020,
OPTSTK,AMBUJACEM,27-Aug-2020,145,PE,0,0,0,3.35,0.1,0,0,0,0,06-JUL-2020,
OPTSTK,AMBUJACEM,27-Aug-2020,147.5,PE,0,0,0,3.8,0.15,0,0,0,0,06-JUL-2020,
OPTSTK,AMBUJACEM,27-Aug-2020,150,PE,0,0,0,4.3,0.25,0,0,0,0,06-JUL-2020,
OPTSTK,AMBUJACEM,27-Aug-2020,152.5,PE,0,0,0,4.85,0.35,0,0,0,0,06-JUL-2020,
OPTSTK,AMBUJACEM,27-Aug-2020,155,PE,0,0,0,5.45,0.45,0,0,0,0,06-JUL-2020,
OPTSTK,AMBUJACEM,27-Aug-2020,157.5,PE,0,0,0,6.1,0.6,0,0,0,0,06-JUL-2020,
OPTSTK,AMBUJACEM,27-Aug-2020,160,PE,3.65,3.7,3.65,3.7,0.8,14,68.75,42000,42000,06-JUL-2020,
OPTSTK,AMBUJACEM,27-Aug-2020,162.5,PE,0,0,0,7.5,1,0,0,0,0,06-JUL-2020,
OPTSTK,AMBUJACEM,27-Aug-2020,165,PE,0,0,0,8.3,1.3,0,0,0,0,06-JUL-2020,
OPTSTK,AMBUJACEM,27-Aug-2020,167.5,PE,0,0,0,9.1,1.65,0,0,0,0,06-JUL-2020,
OPTSTK,AMBUJACEM,27-Aug-2020,170,PE,0,0,0,10,2.05,0,0,0,0,06-JUL-2020,
OPTSTK,AMBUJACEM,27-Aug-2020,172.5,PE,0,0,0,10.9,2.5,0,0,0,0,06-JUL-2020,
OPTSTK,AMBUJACEM,27-Aug-2020,175,PE,0,0,0,11.9,3.05,0,0,0,0,06-JUL-2020,
OPTSTK,AMBUJACEM,27-Aug-2020,177.5,PE,0,0,0,12.95,3.7,0,0,0,0,06-JUL-2020,
OPTSTK,AMBUJACEM,27-Aug-2020,180,PE,0,0,0,14,4.4,0,0,0,0,06-JUL-2020,
OPTSTK,AMBUJACEM,27-Aug-2020,182.5,PE,0,0,0,15.15,5.2,0,0,0,0,06-JUL-2020,
OPTSTK,AMBUJACEM,27-Aug-2020,185,PE,0,0,0,16.35,6.05,0,0,0,0,06-JUL-2020,
OPTSTK,AMBUJACEM,27-Aug-2020,187.5,PE,0,0,0,17.55,7.05,0,0,0,0,06-JUL-2020,
OPTSTK,AMBUJACEM,27-Aug-2020,190,PE,0,0,0,18.85,8.1,0,0,0,0,06-JUL-2020,
OPTSTK,AMBUJACEM,27-Aug-2020,192.5,PE,0,0,0,20.15,9.3,0,0,0,0,06-JUL-2020,
OPTSTK,AMBUJACEM,27-Aug-2020,195,PE,0,0,0,21.55,10.55,0,0,0,0,06-JUL-2020,
OPTSTK,AMBUJACEM,27-Aug-2020,197.5,PE,0,0,0,22.95,11.9,0,0,0,0,06-JUL-2020,
OPTSTK,AMBUJACEM,27-Aug-2020,200,PE,0,0,0,24.4,13.35,0,0,0,0,06-JUL-2020,
OPTSTK,AMBUJACEM,27-Aug-2020,202.5,PE,0,0,0,25.9,14.85,0,0,0,0,06-JUL-2020,
OPTSTK,AMBUJACEM,27-Aug-2020,205,PE,0,0,0,27.45,16.5,0,0,0,0,06-JUL-2020,
OPTSTK,AMBUJACEM,27-Aug-2020,207.5,PE,0,0,0,29.05,18.2,0,0,0,0,06-JUL-2020,
OPTSTK,AMBUJACEM,27-Aug-2020,210,PE,0,0,0,30.65,19.95,0,0,0,0,06-JUL-2020,
OPTSTK,AMBUJACEM,27-Aug-2020,212.5,PE,0,0,0,32.35,21.8,0,0,0,0,06-JUL-2020,
OPTSTK,AMBUJACEM,27-Aug-2020,215,PE,0,0,0,34.05,23.7,0,0,0,0,06-JUL-2020,
OPTSTK,AMBUJACEM,27-Aug-2020,217.5,PE,0,0,0,35.8,25.7,0,0,0,0,06-JUL-2020,
OPTSTK,AMBUJACEM,27-Aug-2020,220,PE,0,0,0,37.55,27.7,0,0,0,0,06-JUL-2020,
OPTSTK,AMBUJACEM,27-Aug-2020,222.5,PE,0,0,0,39.4,29.8,0,0,0,0,06-JUL-2020,
OPTSTK,AMBUJACEM,27-Aug-2020,225,PE,0,0,0,41.25,31.95,0,0,0,0,06-JUL-2020,
OPTSTK,AMBUJACEM,27-Aug-2020,227.5,PE,0,0,0,43.1,34.1,0,0,0,0,06-JUL-2020,
OPTSTK,AMBUJACEM,27-Aug-2020,230,PE,0,0,0,45,36.3,0,0,0,0,06-JUL-2020,
OPTSTK,AMBUJACEM,27-Aug-2020,235,PE,0,0,0,48.95,40.85,0,0,0,0,06-JUL-2020,
OPTSTK,AMBUJACEM,24-Sep-2020,135,CE,0,0,0,54.3,60.3,0,0,0,0,06-JUL-2020,
OPTSTK,AMBUJACEM,24-Sep-2020,140,CE,0,0,0,49.95,55.45,0,0,0,0,06-JUL-2020,
OPTSTK,AMBUJACEM,24-Sep-2020,145,CE,0,0,0,45.75,50.7,0,0,0,0,06-JUL-2020,
OPTSTK,AMBUJACEM,24-Sep-2020,150,CE,0,0,0,41.75,46,0,0,0,0,06-JUL-2020,
OPTSTK,AMBUJACEM,24-Sep-2020,155,CE,0,0,0,37.95,41.45,0,0,0,0,06-JUL-2020,
OPTSTK,AMBUJACEM,24-Sep-2020,160,CE,0,0,0,34.3,37.1,0,0,0,0,06-JUL-2020,
OPTSTK,AMBUJACEM,24-Sep-2020,165,CE,0,0,0,30.9,32.9,0,0,0,0,06-JUL-2020,
OPTSTK,AMBUJACEM,24-Sep-2020,170,CE,0,0,0,27.75,28.95,0,0,0,0,06-JUL-2020,
OPTSTK,AMBUJACEM,24-Sep-2020,175,CE,0,0,0,24.8,25.3,0,0,0,0,06-JUL-2020,
OPTSTK,AMBUJACEM,24-Sep-2020,180,CE,0,0,0,22.05,21.85,0,0,0,0,06-JUL-2020,
OPTSTK,AMBUJACEM,24-Sep-2020,185,CE,0,0,0,19.6,18.75,0,0,0,0,06-JUL-2020,
OPTSTK,AMBUJACEM,24-Sep-2020,190,CE,0,0,0,17.3,15.95,0,0,0,0,06-JUL-2020,
OPTSTK,AMBUJACEM,24-Sep-2020,195,CE,0,0,0,15.25,13.45,0,0,0,0,06-JUL-2020,
OPTSTK,AMBUJACEM,24-Sep-2020,200,CE,0,0,0,13.4,11.25,0,0,0,0,06-JUL-2020,
OPTSTK,AMBUJACEM,24-Sep-2020,205,CE,0,0,0,11.7,9.35,0,0,0,0,06-JUL-2020,
OPTSTK,AMBUJACEM,24-Sep-2020,210,CE,0,0,0,10.2,7.65,0,0,0,0,06-JUL-2020,
OPTSTK,AMBUJACEM,24-Sep-2020,215,CE,0,0,0,8.9,6.25,0,0,0,0,06-JUL-2020,
OPTSTK,AMBUJACEM,24-Sep-2020,220,CE,0,0,0,7.7,5.05,0,0,0,0,06-JUL-2020,
OPTSTK,AMBUJACEM,24-Sep-2020,225,CE,0,0,0,6.7,4.1,0,0,0,0,06-JUL-2020,
OPTSTK,AMBUJACEM,24-Sep-2020,230,CE,0,0,0,5.75,3.25,0,0,0,0,06-JUL-2020,
OPTSTK,AMBUJACEM,24-Sep-2020,235,CE,0,0,0,4.95,2.6,0,0,0,0,06-JUL-2020,
OPTSTK,AMBUJACEM,24-Sep-2020,135,PE,0,0,0,1.5,0.15,0,0,0,0,06-JUL-2020,
OPTSTK,AMBUJACEM,24-Sep-2020,140,PE,0,0,0,2.1,0.25,0,0,0,0,06-JUL-2020,
OPTSTK,AMBUJACEM,24-Sep-2020,145,PE,0,0,0,2.85,0.45,0,0,0,0,06-JUL-2020,
OPTSTK,AMBUJACEM,24-Sep-2020,150,PE,0,0,0,3.75,0.7,0,0,0,0,06-JUL-2020,
OPTSTK,AMBUJACEM,24-Sep-2020,155,PE,0,0,0,4.9,1.15,0,0,0,0,06-JUL-2020,
OPTSTK,AMBUJACEM,24-Sep-2020,160,PE,0,0,0,6.2,1.7,0,0,0,0,06-JUL-2020,
OPTSTK,AMBUJACEM,24-Sep-2020,165,PE,0,0,0,7.75,2.5,0,0,0,0,06-JUL-2020,
OPTSTK,AMBUJACEM,24-Sep-2020,170,PE,0,0,0,9.5,3.5,0,0,0,0,06-JUL-2020,
OPTSTK,AMBUJACEM,24-Sep-2020,175,PE,0,0,0,11.5,4.75,0,0,0,0,06-JUL-2020,
OPTSTK,AMBUJACEM,24-Sep-2020,180,PE,0,0,0,13.75,6.3,0,0,0,0,06-JUL-2020,
OPTSTK,AMBUJACEM,24-Sep-2020,185,PE,0,0,0,16.2,8.15,0,0,0,0,06-JUL-2020,
OPTSTK,AMBUJACEM,24-Sep-2020,190,PE,0,0,0,18.85,10.3,0,0,0,0,06-JUL-2020,
OPTSTK,AMBUJACEM,24-Sep-2020,195,PE,0,0,0,21.75,12.75,0,0,0,0,06-JUL-2020,
OPTSTK,AMBUJACEM,24-Sep-2020,200,PE,0,0,0,24.8,15.5,0,0,0,0,06-JUL-2020,
OPTSTK,AMBUJACEM,24-Sep-2020,205,PE,0,0,0,28.1,18.55,0,0,0,0,06-JUL-2020,
OPTSTK,AMBUJACEM,24-Sep-2020,210,PE,0,0,0,31.55,21.85,0,0,0,0,06-JUL-2020,
OPTSTK,AMBUJACEM,24-Sep-2020,215,PE,0,0,0,35.15,25.35,0,0,0,0,06-JUL-2020,
OPTSTK,AMBUJACEM,24-Sep-2020,220,PE,0,0,0,38.9,29.15,0,0,0,0,06-JUL-2020,
OPTSTK,AMBUJACEM,24-Sep-2020,225,PE,0,0,0,42.85,33.1,0,0,0,0,06-JUL-2020,
OPTSTK,AMBUJACEM,24-Sep-2020,230,PE,0,0,0,46.85,37.2,0,0,0,0,06-JUL-2020,
OPTSTK,AMBUJACEM,24-Sep-2020,235,PE,0,0,0,51,41.5,0,0,0,0,06-JUL-2020,
OPTSTK,APOLLOHOSP,30-Jul-2020,1000,CE,0,0,0,420,412.85,0,0,500,0,06-JUL-2020,
OPTSTK,APOLLOHOSP,30-Jul-2020,1020,CE,0,0,0,450.55,392.95,0,0,0,0,06-JUL-2020,
OPTSTK,APOLLOHOSP,30-Jul-2020,1040,CE,0,0,0,436.65,373.05,0,0,0,0,06-JUL-2020,
OPTSTK,APOLLOHOSP,30-Jul-2020,1060,CE,0,0,0,379.9,353.15,0,0,1000,0,06-JUL-2020,
OPTSTK,APOLLOHOSP,30-Jul-2020,1080,CE,0,0,0,361.6,333.35,0,0,1000,0,06-JUL-2020,
OPTSTK,APOLLOHOSP,30-Jul-2020,1100,CE,0,0,0,343.6,313.6,0,0,1000,0,06-JUL-2020,
OPTSTK,APOLLOHOSP,30-Jul-2020,1120,CE,0,0,0,326.65,293.95,0,0,2000,0,06-JUL-2020,
OPTSTK,APOLLOHOSP,30-Jul-2020,1140,CE,0,0,0,309.25,274.4,0,0,2000,0,06-JUL-2020,
OPTSTK,APOLLOHOSP,30-Jul-2020,1160,CE,0,0,0,292.15,255.1,0,0,2000,0,06-JUL-2020,
OPTSTK,APOLLOHOSP,30-Jul-2020,1180,CE,0,0,0,275.3,236.05,0,0,2000,0,06-JUL-2020,
OPTSTK,APOLLOHOSP,30-Jul-2020,1200,CE,0,0,0,336.8,217.35,0,0,0,0,06-JUL-2020,
OPTSTK,APOLLOHOSP,30-Jul-2020,1220,CE,0,0,0,325.75,199.05,0,0,0,0,06-JUL-2020,
OPTSTK,APOLLOHOSP,30-Jul-2020,1240,CE,0,0,0,314.95,181.3,0,0,0,0,06-JUL-2020,
OPTSTK,APOLLOHOSP,30-Jul-2020,1260,CE,154.95,158,148,158,164.1,4,28.26,500,-500,06-JUL-2020,
OPTSTK,APOLLOHOSP,30-Jul-2020,1280,CE,0,0,0,294.3,147.65,0,0,0,0,06-JUL-2020,
OPTSTK,APOLLOHOSP,30-Jul-2020,1300,CE,123,131.5,123,131.5,131.95,5,35.68,6500,-1500,06-JUL-2020,
OPTSTK,APOLLOHOSP,30-Jul-2020,1320,CE,116.25,116.25,114.25,114.25,117.15,3,21.53,8000,-1500,06-JUL-2020,
OPTSTK,APOLLOHOSP,30-Jul-2020,1340,CE,95.3,101.65,95.3,100,103.25,3,21.58,10000,-500,06-JUL-2020,
OPTSTK,APOLLOHOSP,30-Jul-2020,1360,CE,87.1,93,83.8,90.7,90.7,11,79.62,11500,-1000,06-JUL-2020,
OPTSTK,APOLLOHOSP,30-Jul-2020,1380,CE,72,80,67.65,78,78,17,123.59,12500,-3000,06-JUL-2020,
OPTSTK,APOLLOHOSP,30-Jul-2020,1400,CE,61.6,72.75,59.4,68.55,68.55,300,2198.87,119500,0,06-JUL-2020,
OPTSTK,APOLLOHOSP,30-Jul-2020,1420,CE,54.85,63,53.55,59.4,59.4,59,436.43,28500,3500,06-JUL-2020,
OPTSTK,APOLLOHOSP,30-Jul-2020,1440,CE,46,53.8,46,51.5,51.5,31,231,63000,1000,06-JUL-2020,
OPTSTK,APOLLOHOSP,30-Jul-2020,1460,CE,39,46.5,39,44,44,35,263.01,73500,-1500,06-JUL-2020,
OPTSTK,APOLLOHOSP,30-Jul-2020,1480,CE,37,40.5,32.5,37.4,37.4,27,204.73,27000,-2000,06-JUL-2020,
OPTSTK,APOLLOHOSP,30-Jul-2020,1500,CE,30.7,34.6,27.85,32.25,32.25,199,1523.82,179500,-5000,06-JUL-2020,
OPTSTK,APOLLOHOSP,30-Jul-2020,1520,CE,25.4,28.9,25,26.5,26.5,19,146.92,26500,3000,06-JUL-2020,
OPTSTK,APOLLOHOSP,30-Jul-2020,1540,CE,0,0,0,19.65,19.5,0,0,5500,0,06-JUL-2020,
OPTSTK,APOLLOHOSP,30-Jul-2020,1560,CE,18,20.8,18,20.8,15.8,3,23.69,20000,1000,06-JUL-2020,
OPTSTK,APOLLOHOSP,30-Jul-2020,1580,CE,0,0,0,13,12.75,0,0,500,0,06-JUL-2020,
OPTSTK,APOLLOHOSP,30-Jul-2020,1600,CE,11.6,15,11.6,13.5,13.5,34,274.26,75000,-1000,06-JUL-2020,
OPTSTK,APOLLOHOSP,30-Jul-2020,1620,CE,0,0,0,8.75,8.1,0,0,2500,0,06-JUL-2020,
OPTSTK,APOLLOHOSP,30-Jul-2020,1640,CE,0,0,0,7.25,6.4,0,0,3500,0,06-JUL-2020,
OPTSTK,APOLLOHOSP,30-Jul-2020,1660,CE,7,8.4,6.55,7.8,7.8,15,125.07,39000,-500,06-JUL-2020,
OPTSTK,APOLLOHOSP,30-Jul-2020,1680,CE,5.8,6.2,5.8,6.2,6.2,8,67.44,23500,3500,06-JUL-2020,
OPTSTK,APOLLOHOSP,30-Jul-2020,1000,PE,0.4,0.4,0.4,0.4,0.4,1,5,500,0,06-JUL-2020,
OPTSTK,APOLLOHOSP,30-Jul-2020,1020,PE,0,0,0,63.25,0.05,0,0,0,0,06-JUL-2020,
OPTSTK,APOLLOHOSP,30-Jul-2020,1040,PE,0,0,0,69.1,0.1,0,0,0,0,06-JUL-2020,
OPTSTK,APOLLOHOSP,30-Jul-2020,1060,PE,0,0,0,7.85,0.15,0,0,1000,0,06-JUL-2020,
OPTSTK,APOLLOHOSP,30-Jul-2020,1080,PE,0,0,0,81.8,0.25,0,0,0,0,06-JUL-2020,
OPTSTK,APOLLOHOSP,30-Jul-2020,1100,PE,2.3,2.3,2.3,2.3,2.3,1,5.51,21500,-500,06-JUL-2020,
OPTSTK,APOLLOHOSP,30-Jul-2020,1120,PE,0,0,0,95.7,0.75,0,0,0,0,06-JUL-2020,
OPTSTK,APOLLOHOSP,30-Jul-2020,1140,PE,0,0,0,6.4,1.2,0,0,3000,0,06-JUL-2020,
OPTSTK,APOLLOHOSP,30-Jul-2020,1160,PE,8.95,8.95,4.95,5.55,5.55,6,34.97,16000,-2000,06-JUL-2020,
OPTSTK,APOLLOHOSP,30-Jul-2020,1180,PE,0,0,0,18.5,2.7,0,0,4000,0,06-JUL-2020,
OPTSTK,APOLLOHOSP,30-Jul-2020,1200,PE,10.1,10.6,7.5,7.8,7.8,31,187.38,46000,-5000,06-JUL-2020,
OPTSTK,APOLLOHOSP,30-Jul-2020,1220,PE,0,0,0,13.25,5.6,0,0,7500,0,06-JUL-2020,
OPTSTK,APOLLOHOSP,30-Jul-2020,1240,PE,14.85,14.85,11.75,12,12,5,31.31,17000,2000,06-JUL-2020,
OPTSTK,APOLLOHOSP,30-Jul-2020,1260,PE,18.8,21.4,15.15,15.55,15.55,35,223.6,17500,4000,06-JUL-2020,
OPTSTK,APOLLOHOSP,30-Jul-2020,1280,PE,24.45,24.45,24.45,24.45,14,1,6.52,16500,500,06-JUL-2020,
OPTSTK,APOLLOHOSP,30-Jul-2020,1300,PE,26.4,32.7,24,24.2,24.2,99,657.02,95000,5000,06-JUL-2020,
OPTSTK,APOLLOHOSP,30-Jul-2020,1320,PE,39.15,39.15,30.25,30.3,23.4,11,74.42,20500,2500,06-JUL-2020,
OPTSTK,APOLLOHOSP,30-Jul-2020,1340,PE,47.1,47.65,35.5,36.65,36.65,25,172.59,13500,3500,06-JUL-2020,
OPTSTK,APOLLOHOSP,30-Jul-2020,1360,PE,55,56,42.6,45,45,28,197.16,25000,2000,06-JUL-2020,
OPTSTK,APOLLOHOSP,30-Jul-2020,1380,PE,67,67.35,52.65,52.65,44.65,21,151.16,10000,0,06-JUL-2020,
OPTSTK,APOLLOHOSP,30-Jul-2020,1400,PE,71,77,60.05,62.2,62.2,32,234.5,37500,4000,06-JUL-2020,
OPTSTK,APOLLOHOSP,30-Jul-2020,1420,PE,83.35,83.35,71.05,71.05,64,5,37.43,6000,1500,06-JUL-2020,
OPTSTK,APOLLOHOSP,30-Jul-2020,1440,PE,0,0,0,101.2,75.2,0,0,23000,0,06-JUL-2020,
OPTSTK,APOLLOHOSP,30-Jul-2020,1460,PE,104.3,104.3,98.1,98.3,87.4,4,31.19,6000,-1000,06-JUL-2020,
OPTSTK,APOLLOHOSP,30-Jul-2020,1480,PE,0,0,0,274.6,100.6,0,0,0,0,06-JUL-2020,
OPTSTK,APOLLOHOSP,30-Jul-2020,1500,PE,0,0,0,132.45,114.65,0,0,2000,0,06-JUL-2020,
OPTSTK,APOLLOHOSP,30-Jul-2020,1520,PE,0,0,0,299.85,129.5,0,0,0,0,06-JUL-2020,
OPTSTK,APOLLOHOSP,30-Jul-2020,1540,PE,0,0,0,312.8,145.15,0,0,0,0,06-JUL-2020,
OPTSTK,APOLLOHOSP,30-Jul-2020,1560,PE,0,0,0,325.95,161.4,0,0,0,0,06-JUL-2020,
OPTSTK,APOLLOHOSP,30-Jul-2020,1580,PE,0,0,0,339.35,178.3,0,0,0,0,06-JUL-2020,
OPTSTK,APOLLOHOSP,30-Jul-2020,1600,PE,0,0,0,270,195.7,0,0,500,0,06-JUL-2020,
OPTSTK,APOLLOHOSP,30-Jul-2020,1620,PE,0,0,0,366.75,213.55,0,0,0,0,06-JUL-2020,
OPTSTK,APOLLOHOSP,30-Jul-2020,1640,PE,0,0,0,380.75,231.8,0,0,0,0,06-JUL-2020,
OPTSTK,APOLLOHOSP,30-Jul-2020,1660,PE,0,0,0,270,250.35,0,0,500,0,06-JUL-2020,
OPTSTK,APOLLOHOSP,30-Jul-2020,1680,PE,0,0,0,409.3,269.2,0,0,0,0,06-JUL-2020,
OPTSTK,APOLLOHOSP,27-Aug-2020,1000,CE,0,0,0,384.55,417,0,0,0,0,06-JUL-2020,
OPTSTK,APOLLOHOSP,27-Aug-2020,1020,CE,0,0,0,369.35,397.55,0,0,0,0,06-JUL-2020,
OPTSTK,APOLLOHOSP,27-Aug-2020,1040,CE,0,0,0,354.55,378.2,0,0,0,0,06-JUL-2020,
OPTSTK,APOLLOHOSP,27-Aug-2020,1060,CE,0,0,0,340.1,359,0,0,0,0,06-JUL-2020,
OPTSTK,APOLLOHOSP,27-Aug-2020,1080,CE,0,0,0,326.05,340.05,0,0,0,0,06-JUL-2020,
OPTSTK,APOLLOHOSP,27-Aug-2020,1100,CE,0,0,0,312.35,321.3,0,0,0,0,06-JUL-2020,
OPTSTK,APOLLOHOSP,27-Aug-2020,1120,CE,0,0,0,299.05,302.85,0,0,0,0,06-JUL-2020,
OPTSTK,APOLLOHOSP,27-Aug-2020,1140,CE,0,0,0,286.15,284.75,0,0,0,0,06-JUL-2020,
OPTSTK,APOLLOHOSP,27-Aug-2020,1160,CE,0,0,0,273.6,267,0,0,0,0,06-JUL-2020,
OPTSTK,APOLLOHOSP,27-Aug-2020,1180,CE,0,0,0,261.5,249.7,0,0,0,0,06-JUL-2020,
OPTSTK,APOLLOHOSP,27-Aug-2020,1200,CE,0,0,0,249.8,232.85,0,0,0,0,06-JUL-2020,
OPTSTK,APOLLOHOSP,27-Aug-2020,1220,CE,0,0,0,238.5,216.55,0,0,0,0,06-JUL-2020,
OPTSTK,APOLLOHOSP,27-Aug-2020,1240,CE,0,0,0,227.6,200.75,0,0,0,0,06-JUL-2020,
OPTSTK,APOLLOHOSP,27-Aug-2020,1260,CE,0,0,0,217.05,185.6,0,0,0,0,06-JUL-2020,
OPTSTK,APOLLOHOSP,27-Aug-2020,1280,CE,0,0,0,206.95,171.1,0,0,0,0,06-JUL-2020,
OPTSTK,APOLLOHOSP,27-Aug-2020,1300,CE,0,0,0,197.15,157.2,0,0,0,0,06-JUL-2020,
OPTSTK,APOLLOHOSP,27-Aug-2020,1320,CE,0,0,0,187.8,144.05,0,0,0,0,06-JUL-2020,
OPTSTK,APOLLOHOSP,27-Aug-2020,1340,CE,0,0,0,178.75,131.55,0,0,0,0,06-JUL-2020,
OPTSTK,APOLLOHOSP,27-Aug-2020,1360,CE,0,0,0,170.1,119.8,0,0,0,0,06-JUL-2020,
OPTSTK,APOLLOHOSP,27-Aug-2020,1380,CE,0,0,0,161.8,108.75,0,0,0,0,06-JUL-2020,
OPTSTK,APOLLOHOSP,27-Aug-2020,1400,CE,0,0,0,153.8,98.45,0,0,0,0,06-JUL-2020,
OPTSTK,APOLLOHOSP,27-Aug-2020,1420,CE,0,0,0,146.2,88.8,0,0,0,0,06-JUL-2020,
OPTSTK,APOLLOHOSP,27-Aug-2020,1440,CE,0,0,0,138.85,79.9,0,0,0,0,06-JUL-2020,
OPTSTK,APOLLOHOSP,27-Aug-2020,1460,CE,0,0,0,131.85,71.65,0,0,0,0,06-JUL-2020,
OPTSTK,APOLLOHOSP,27-Aug-2020,1480,CE,0,0,0,80.05,64.1,0,0,1000,0,06-JUL-2020,
OPTSTK,APOLLOHOSP,27-Aug-2020,1500,CE,0,0,0,118.8,57.15,0,0,0,0,06-JUL-2020,
OPTSTK,APOLLOHOSP,27-Aug-2020,1520,CE,0,0,0,112.7,50.8,0,0,0,0,06-JUL-2020,
OPTSTK,APOLLOHOSP,27-Aug-2020,1540,CE,0,0,0,106.85,45.05,0,0,0,0,06-JUL-2020,
OPTSTK,APOLLOHOSP,27-Aug-2020,1560,CE,0,0,0,101.3,39.85,0,0,0,0,06-JUL-2020,
OPTSTK,APOLLOHOSP,27-Aug-2020,1580,CE,0,0,0,96,35.15,0,0,0,0,06-JUL-2020,
OPTSTK,APOLLOHOSP,27-Aug-2020,1600,CE,0,0,0,91.05,30.9,0,0,0,0,06-JUL-2020,
OPTSTK,APOLLOHOSP,27-Aug-2020,1620,CE,0,0,0,86.25,27.1,0,0,0,0,06-JUL-2020,
OPTSTK,APOLLOHOSP,27-Aug-2020,1640,CE,0,0,0,81.65,23.7,0,0,0,0,06-JUL-2020,
OPTSTK,APOLLOHOSP,27-Aug-2020,1660,CE,0,0,0,77.35,20.7,0,0,0,0,06-JUL-2020,
OPTSTK,APOLLOHOSP,27-Aug-2020,1680,CE,0,0,0,73.2,18,0,0,0,0,06-JUL-2020,
OPTSTK,APOLLOHOSP,27-Aug-2020,1000,PE,0,0,0,35.35,0.95,0,0,0,0,06-JUL-2020,
OPTSTK,APOLLOHOSP,27-Aug-2020,1020,PE,0,0,0,39.9,1.35,0,0,0,0,06-JUL-2020,
OPTSTK,APOLLOHOSP,27-Aug-2020,1040,PE,0,0,0,44.9,1.85,0,0,0,0,06-JUL-2020,
OPTSTK,APOLLOHOSP,27-Aug-2020,1060,PE,0,0,0,50.2,2.55,0,0,0,0,06-JUL-2020,
OPTSTK,APOLLOHOSP,27-Aug-2020,1080,PE,0,0,0,55.85,3.45,0,0,0,0,06-JUL-2020,
OPTSTK,APOLLOHOSP,27-Aug-2020,1100,PE,0,0,0,61.95,4.6,0,0,0,0,06-JUL-2020,
OPTSTK,APOLLOHOSP,27-Aug-2020,1120,PE,0,0,0,68.4,6.05,0,0,0,0,06-JUL-2020,
OPTSTK,APOLLOHOSP,27-Aug-2020,1140,PE,0,0,0,75.25,7.8,0,0,0,0,06-JUL-2020,
OPTSTK,APOLLOHOSP,27-Aug-2020,1160,PE,0,0,0,82.45,9.95,0,0,0,0,06-JUL-2020,
OPTSTK,APOLLOHOSP,27-Aug-2020,1180,PE,0,0,0,90.1,12.5,0,0,0,0,06-JUL-2020,
OPTSTK,APOLLOHOSP,27-Aug-2020,1200,PE,0,0,0,98.2,15.55,0,0,0,0,06-JUL-2020,
OPTSTK,APOLLOHOSP,27-Aug-2020,1220,PE,0,0,0,106.65,19.1,0,0,0,0,06-JUL-2020,
OPTSTK,APOLLOHOSP,27-Aug-2020,1240,PE,0,0,0,115.5,23.25,0,0,0,0,06-JUL-2020,
OPTSTK,APOLLOHOSP,27-Aug-2020,1260,PE,0,0,0,124.7,27.95,0,0,0,0,06-JUL-2020,
OPTSTK,APOLLOHOSP,27-Aug-2020,1280,PE,0,0,0,134.35,33.3,0,0,0,0,06-JUL-2020,
OPTSTK,APOLLOHOSP,27-Aug-2020,1300,PE,0,0,0,144.35,39.3,0,0,0,0,06-JUL-2020,
OPTSTK,APOLLOHOSP,27-Aug-2020,1320,PE,0,0,0,100.05,46,0,0,500,0,06-JUL-2020,
OPTSTK,APOLLOHOSP,27-Aug-2020,1340,PE,80.05,80.05,80.05,80.05,53.4,1,7.1,500,500,06-JUL-2020,
OPTSTK,APOLLOHOSP,27-Aug-2020,1360,PE,0,0,0,176.55,61.55,0,0,0,0,06-JUL-2020,
OPTSTK,APOLLOHOSP,27-Aug-2020,1380,PE,0,0,0,188,70.35,0,0,0,0,06-JUL-2020,
OPTSTK,APOLLOHOSP,27-Aug-2020,1400,PE,0,0,0,199.75,79.95,0,0,0,0,06-JUL-2020,
OPTSTK,APOLLOHOSP,27-Aug-2020,1420,PE,0,0,0,211.9,90.2,0,0,0,0,06-JUL-2020,
OPTSTK,APOLLOHOSP,27-Aug-2020,1440,PE,0,0,0,224.35,101.15,0,0,0,0,06-JUL-2020,
OPTSTK,APOLLOHOSP,27-Aug-2020,1460,PE,0,0,0,237.1,112.8,0,0,0,0,06-JUL-2020,
OPTSTK,APOLLOHOSP,27-Aug-2020,1480,PE,0,0,0,250.15,125.1,0,0,0,0,06-JUL-2020,
OPTSTK,APOLLOHOSP,27-Aug-2020,1500,PE,0,0,0,263.55,138.05,0,0,0,0,06-JUL-2020,
OPTSTK,APOLLOHOSP,27-Aug-2020,1520,PE,0,0,0,277.2,151.6,0,0,0,0,06-JUL-2020,
OPTSTK,APOLLOHOSP,27-Aug-2020,1540,PE,0,0,0,291.1,165.7,0,0,0,0,06-JUL-2020,
OPTSTK,APOLLOHOSP,27-Aug-2020,1560,PE,0,0,0,305.3,180.4,0,0,0,0,06-JUL-2020,
OPTSTK,APOLLOHOSP,27-Aug-2020,1580,PE,0,0,0,319.75,195.55,0,0,0,0,06-JUL-2020,
OPTSTK,APOLLOHOSP,27-Aug-2020,1600,PE,0,0,0,334.55,211.2,0,0,0,0,06-JUL-2020,
OPTSTK,APOLLOHOSP,27-Aug-2020,1620,PE,0,0,0,349.5,227.25,0,0,0,0,06-JUL-2020,
OPTSTK,APOLLOHOSP,27-Aug-2020,1640,PE,0,0,0,364.7,243.75,0,0,0,0,06-JUL-2020,
OPTSTK,APOLLOHOSP,27-Aug-2020,1660,PE,0,0,0,380.1,260.6,0,0,0,0,06-JUL-2020,
OPTSTK,APOLLOHOSP,27-Aug-2020,1680,PE,0,0,0,395.75,277.8,0,0,0,0,06-JUL-2020,
OPTSTK,APOLLOHOSP,24-Sep-2020,1000,CE,0,0,0,464.6,422.75,0,0,0,0,06-JUL-2020,
OPTSTK,APOLLOHOSP,24-Sep-2020,1020,CE,0,0,0,447.4,403.95,0,0,0,0,06-JUL-2020,
OPTSTK,APOLLOHOSP,24-Sep-2020,1040,CE,0,0,0,430.55,385.35,0,0,0,0,06-JUL-2020,
OPTSTK,APOLLOHOSP,24-Sep-2020,1060,CE,0,0,0,413.95,367,0,0,0,0,06-JUL-2020,
OPTSTK,APOLLOHOSP,24-Sep-2020,1080,CE,0,0,0,397.7,348.95,0,0,0,0,06-JUL-2020,
OPTSTK,APOLLOHOSP,24-Sep-2020,1100,CE,0,0,0,381.8,331.25,0,0,0,0,06-JUL-2020,
OPTSTK,APOLLOHOSP,24-Sep-2020,1120,CE,0,0,0,366.25,313.85,0,0,0,0,06-JUL-2020,
OPTSTK,APOLLOHOSP,24-Sep-2020,1140,CE,0,0,0,351.05,296.9,0,0,0,0,06-JUL-2020,
OPTSTK,APOLLOHOSP,24-Sep-2020,1160,CE,0,0,0,336.3,280.3,0,0,0,0,06-JUL-2020,
OPTSTK,APOLLOHOSP,24-Sep-2020,1180,CE,0,0,0,321.85,264.15,0,0,0,0,06-JUL-2020,
OPTSTK,APOLLOHOSP,24-Sep-2020,1200,CE,0,0,0,307.8,248.5,0,0,0,0,06-JUL-2020,
OPTSTK,APOLLOHOSP,24-Sep-2020,1220,CE,0,0,0,294.15,233.35,0,0,0,0,06-JUL-2020,
OPTSTK,APOLLOHOSP,24-Sep-2020,1240,CE,0,0,0,280.9,218.7,0,0,0,0,06-JUL-2020,
OPTSTK,APOLLOHOSP,24-Sep-2020,1260,CE,0,0,0,268,204.6,0,0,0,0,06-JUL-2020,
OPTSTK,APOLLOHOSP,24-Sep-2020,1280,CE,0,0,0,255.55,191.05,0,0,0,0,06-JUL-2020,
OPTSTK,APOLLOHOSP,24-Sep-2020,1300,CE,0,0,0,243.55,178.05,0,0,0,0,06-JUL-2020,
OPTSTK,APOLLOHOSP,24-Sep-2020,1320,CE,0,0,0,231.95,165.65,0,0,0,0,06-JUL-2020,
OPTSTK,APOLLOHOSP,24-Sep-2020,1340,CE,0,0,0,220.75,153.85,0,0,0,0,06-JUL-2020,
OPTSTK,APOLLOHOSP,24-Sep-2020,1360,CE,0,0,0,209.95,142.6,0,0,0,0,06-JUL-2020,
OPTSTK,APOLLOHOSP,24-Sep-2020,1380,CE,0,0,0,199.6,131.95,0,0,0,0,06-JUL-2020,
OPTSTK,APOLLOHOSP,24-Sep-2020,1400,CE,0,0,0,189.6,121.9,0,0,0,0,06-JUL-2020,
OPTSTK,APOLLOHOSP,24-Sep-2020,1420,CE,0,0,0,180,112.4,0,0,0,0,06-JUL-2020,
OPTSTK,APOLLOHOSP,24-Sep-2020,1440,CE,0,0,0,170.75,103.45,0,0,0,0,06-JUL-2020,
OPTSTK,APOLLOHOSP,24-Sep-2020,1460,CE,0,0,0,161.95,95.05,0,0,0,0,06-JUL-2020,
OPTSTK,APOLLOHOSP,24-Sep-2020,1480,CE,0,0,0,153.45,87.2,0,0,0,0,06-JUL-2020,
OPTSTK,APOLLOHOSP,24-Sep-2020,1500,CE,0,0,0,145.35,79.85,0,0,0,0,06-JUL-2020,
OPTSTK,APOLLOHOSP,24-Sep-2020,1520,CE,0,0,0,137.6,73,0,0,0,0,06-JUL-2020,
OPTSTK,APOLLOHOSP,24-Sep-2020,1540,CE,0,0,0,130.2,66.65,0,0,0,0,06-JUL-2020,
OPTSTK,APOLLOHOSP,24-Sep-2020,1560,CE,0,0,0,123.15,60.75,0,0,0,0,06-JUL-2020,
OPTSTK,APOLLOHOSP,24-Sep-2020,1580,CE,0,0,0,116.4,55.3,0,0,0,0,06-JUL-2020,
OPTSTK,APOLLOHOSP,24-Sep-2020,1600,CE,0,0,0,110,50.25,0,0,0,0,06-JUL-2020,
OPTSTK,APOLLOHOSP,24-Sep-2020,1620,CE,0,0,0,103.85,45.6,0,0,0,0,06-JUL-2020,
OPTSTK,APOLLOHOSP,24-Sep-2020,1640,CE,0,0,0,98.05,41.3,0,0,0,0,06-JUL-2020,
OPTSTK,APOLLOHOSP,24-Sep-2020,1660,CE,0,0,0,92.5,37.4,0,0,0,0,06-JUL-2020,
OPTSTK,APOLLOHOSP,24-Sep-2020,1680,CE,0,0,0,87.25,33.75,0,0,0,0,06-JUL-2020,
OPTSTK,APOLLOHOSP,24-Sep-2020,1000,PE,0,0,0,15.5,3.45,0,0,0,0,06-JUL-2020,
OPTSTK,APOLLOHOSP,24-Sep-2020,1020,PE,0,0,0,18.1,4.45,0,0,0,0,06-JUL-2020,
OPTSTK,APOLLOHOSP,24-Sep-2020,1040,PE,0,0,0,20.95,5.65,0,0,0,0,06-JUL-2020,
OPTSTK,APOLLOHOSP,24-Sep-2020,1060,PE,0,0,0,24.15,7.15,0,0,0,0,06-JUL-2020,
OPTSTK,APOLLOHOSP,24-Sep-2020,1080,PE,0,0,0,27.7,8.9,0,0,0,0,06-JUL-2020,
OPTSTK,APOLLOHOSP,24-Sep-2020,1100,PE,0,0,0,31.55,11,0,0,0,0,06-JUL-2020,
OPTSTK,APOLLOHOSP,24-Sep-2020,1120,PE,0,0,0,35.75,13.45,0,0,0,0,06-JUL-2020,
OPTSTK,APOLLOHOSP,24-Sep-2020,1140,PE,0,0,0,40.35,16.25,0,0,0,0,06-JUL-2020,
OPTSTK,APOLLOHOSP,24-Sep-2020,1160,PE,0,0,0,45.35,19.5,0,0,0,0,06-JUL-2020,
OPTSTK,APOLLOHOSP,24-Sep-2020,1180,PE,0,0,0,50.65,23.2,0,0,0,0,06-JUL-2020,
OPTSTK,APOLLOHOSP,24-Sep-2020,1200,PE,0,0,0,56.35,27.35,0,0,0,0,06-JUL-2020,
OPTSTK,APOLLOHOSP,24-Sep-2020,1220,PE,0,0,0,62.5,32,0,0,0,0,06-JUL-2020,
OPTSTK,APOLLOHOSP,24-Sep-2020,1240,PE,0,0,0,69,37.15,0,0,0,0,06-JUL-2020,
OPTSTK,APOLLOHOSP,24-Sep-2020,1260,PE,0,0,0,75.9,42.85,0,0,0,0,06-JUL-2020,
OPTSTK,APOLLOHOSP,24-Sep-2020,1280,PE,0,0,0,83.2,49.15,0,0,0,0,06-JUL-2020,
OPTSTK,APOLLOHOSP,24-Sep-2020,1300,PE,0,0,0,91,55.95,0,0,0,0,06-JUL-2020,
OPTSTK,APOLLOHOSP,24-Sep-2020,1320,PE,0,0,0,99.15,63.4,0,0,0,0,06-JUL-2020,
OPTSTK,APOLLOHOSP,24-Sep-2020,1340,PE,0,0,0,107.7,71.35,0,0,0,0,06-JUL-2020,
OPTSTK,APOLLOHOSP,24-Sep-2020,1360,PE,0,0,0,116.7,79.95,0,0,0,0,06-JUL-2020,
OPTSTK,APOLLOHOSP,24-Sep-2020,1380,PE,0,0,0,126.1,89.1,0,0,0,0,06-JUL-2020,
OPTSTK,APOLLOHOSP,24-Sep-2020,1400,PE,0,0,0,135.85,98.85,0,0,0,0,06-JUL-2020,
OPTSTK,APOLLOHOSP,24-Sep-2020,1420,PE,0,0,0,146,109.15,0,0,0,0,06-JUL-2020,
OPTSTK,APOLLOHOSP,24-Sep-2020,1440,PE,0,0,0,156.55,120.05,0,0,0,0,06-JUL-2020,
OPTSTK,APOLLOHOSP,24-Sep-2020,1460,PE,0,0,0,167.5,131.45,0,0,0,0,06-JUL-2020,
OPTSTK,APOLLOHOSP,24-Sep-2020,1480,PE,0,0,0,178.8,143.4,0,0,0,0,06-JUL-2020,
OPTSTK,APOLLOHOSP,24-Sep-2020,1500,PE,0,0,0,190.45,155.9,0,0,0,0,06-JUL-2020,
OPTSTK,APOLLOHOSP,24-Sep-2020,1520,PE,0,0,0,202.5,168.85,0,0,0,0,06-JUL-2020,
OPTSTK,APOLLOHOSP,24-Sep-2020,1540,PE,0,0,0,214.85,182.35,0,0,0,0,06-JUL-2020,
OPTSTK,APOLLOHOSP,24-Sep-2020,1560,PE,0,0,0,227.55,196.25,0,0,0,0,06-JUL-2020,
OPTSTK,APOLLOHOSP,24-Sep-2020,1580,PE,0,0,0,240.6,210.6,0,0,0,0,06-JUL-2020,
OPTSTK,APOLLOHOSP,24-Sep-2020,1600,PE,0,0,0,253.95,225.35,0,0,0,0,06-JUL-2020,
OPTSTK,APOLLOHOSP,24-Sep-2020,1620,PE,0,0,0,267.6,240.5,0,0,0,0,06-JUL-2020,
OPTSTK,APOLLOHOSP,24-Sep-2020,1640,PE,0,0,0,281.5,256.05,0,0,0,0,06-JUL-2020,
OPTSTK,APOLLOHOSP,24-Sep-2020,1660,PE,0,0,0,295.75,271.95,0,0,0,0,06-JUL-2020,
OPTSTK,APOLLOHOSP,24-Sep-2020,1680,PE,0,0,0,310.25,288.15,0,0,0,0,06-JUL-2020,
OPTSTK,APOLLOTYRE,30-Jul-2020,52.5,CE,0,0,0,45.25,65.45,0,0,0,0,06-JUL-2020,
OPTSTK,APOLLOTYRE,30-Jul-2020,55,CE,0,0,0,43.05,62.95,0,0,0,0,06-JUL-2020,
OPTSTK,APOLLOTYRE,30-Jul-2020,57.5,CE,0,0,0,40.85,60.45,0,0,0,0,06-JUL-2020,
OPTSTK,APOLLOTYRE,30-Jul-2020,60,CE,0,0,0,38.75,57.95,0,0,0,0,06-JUL-2020,
OPTSTK,APOLLOTYRE,30-Jul-2020,62.5,CE,0,0,0,36.7,55.45,0,0,0,0,06-JUL-2020,
OPTSTK,APOLLOTYRE,30-Jul-2020,65,CE,0,0,0,34.75,53,0,0,0,0,06-JUL-2020,
OPTSTK,APOLLOTYRE,30-Jul-2020,67.5,CE,0,0,0,32.8,50.5,0,0,0,0,06-JUL-2020,
OPTSTK,APOLLOTYRE,30-Jul-2020,70,CE,0,0,0,31,48,0,0,0,0,06-JUL-2020,
OPTSTK,APOLLOTYRE,30-Jul-2020,72.5,CE,0,0,0,29.2,45.5,0,0,0,0,06-JUL-2020,
OPTSTK,APOLLOTYRE,30-Jul-2020,75,CE,0,0,0,27.5,43,0,0,0,0,06-JUL-2020,
OPTSTK,APOLLOTYRE,30-Jul-2020,77.5,CE,0,0,0,25.9,40.5,0,0,0,0,06-JUL-2020,
OPTSTK,APOLLOTYRE,30-Jul-2020,80,CE,0,0,0,24.3,38,0,0,0,0,06-JUL-2020,
OPTSTK,APOLLOTYRE,30-Jul-2020,82.5,CE,0,0,0,22.85,35.55,0,0,0,0,06-JUL-2020,
OPTSTK,APOLLOTYRE,30-Jul-2020,85,CE,0,0,0,21.45,33.05,0,0,0,0,06-JUL-2020,
OPTSTK,APOLLOTYRE,30-Jul-2020,87.5,CE,0,0,0,20.1,30.55,0,0,0,0,06-JUL-2020,
OPTSTK,APOLLOTYRE,30-Jul-2020,90,CE,0,0,0,18.3,28.1,0,0,10000,0,06-JUL-2020,
OPTSTK,APOLLOTYRE,30-Jul-2020,92.5,CE,0,0,0,17.65,25.6,0,0,0,0,06-JUL-2020,
OPTSTK,APOLLOTYRE,30-Jul-2020,95,CE,0,0,0,19.35,23.2,0,0,10000,0,06-JUL-2020,
OPTSTK,APOLLOTYRE,30-Jul-2020,97.5,CE,0,0,0,15.45,20.8,0,0,0,0,06-JUL-2020,
OPTSTK,APOLLOTYRE,30-Jul-2020,100,CE,16.7,18.65,16.2,18.1,18.1,20,117.5,70000,5000,06-JUL-2020,
OPTSTK,APOLLOTYRE,30-Jul-2020,102.5,CE,0,0,0,12.6,16.2,0,0,5000,0,06-JUL-2020,
OPTSTK,APOLLOTYRE,30-Jul-2020,105,CE,12.2,14.2,12,14.05,14.05,20,117.87,80000,-40000,06-JUL-2020,
OPTSTK,APOLLOTYRE,30-Jul-2020,107.5,CE,0,0,0,9.05,12,0,0,40000,0,06-JUL-2020,
OPTSTK,APOLLOTYRE,30-Jul-2020,110,CE,9,10.4,8.6,10.2,10.2,75,448.04,530000,-90000,06-JUL-2020,
OPTSTK,APOLLOTYRE,30-Jul-2020,112.5,CE,7.65,8.8,7.2,8.75,8.75,30,180.58,135000,-50000,06-JUL-2020,
OPTSTK,APOLLOTYRE,30-Jul-2020,115,CE,6,7.45,5.8,7.1,7.1,256,1557.03,450000,-145000,06-JUL-2020,
OPTSTK,APOLLOTYRE,30-Jul-2020,117.5,CE,5,6.2,4.9,5.85,5.85,98,602.93,160000,25000,06-JUL-2020,
OPTSTK,APOLLOTYRE,30-Jul-2020,120,CE,4.05,5,3.9,4.7,4.7,799,4973.1,1235000,165000,06-JUL-2020,
OPTSTK,APOLLOTYRE,30-Jul-2020,122.5,CE,3.2,3.95,3.1,3.7,3.7,39,245.91,135000,45000,06-JUL-2020,
OPTSTK,APOLLOTYRE,30-Jul-2020,125,CE,2.8,3.15,2.45,2.95,2.95,242,1546.66,435000,115000,06-JUL-2020,
OPTSTK,APOLLOTYRE,30-Jul-2020,127.5,CE,2.4,2.45,2,2.45,2.45,7,45.41,110000,10000,06-JUL-2020,
OPTSTK,APOLLOTYRE,30-Jul-2020,130,CE,1.6,1.95,1.55,1.75,1.75,139,915.54,710000,70000,06-JUL-2020,
OPTSTK,APOLLOTYRE,30-Jul-2020,132.5,CE,1.35,1.35,1.05,1.05,1.1,3,20.04,65000,0,06-JUL-2020,
OPTSTK,APOLLOTYRE,30-Jul-2020,135,CE,0.9,1.2,0.9,1.1,1.1,38,258.49,220000,55000,06-JUL-2020,
OPTSTK,APOLLOTYRE,30-Jul-2020,137.5,CE,0.85,0.85,0.85,0.85,0.6,1,6.91,5000,5000,06-JUL-2020,
OPTSTK,APOLLOTYRE,30-Jul-2020,52.5,PE,0,0,0,0.05,0.05,0,0,5000,0,06-JUL-2020,
OPTSTK,APOLLOTYRE,30-Jul-2020,55,PE,0,0,0,1.05,0.05,0,0,0,0,06-JUL-2020,
OPTSTK,APOLLOTYRE,30-Jul-2020,57.5,PE,0,0,0,1.35,0.05,0,0,0,0,06-JUL-2020,
OPTSTK,APOLLOTYRE,30-Jul-2020,60,PE,0,0,0,1.7,0.05,0,0,0,0,06-JUL-2020,
OPTSTK,APOLLOTYRE,30-Jul-2020,62.5,PE,0,0,0,2.1,0.05,0,0,0,0,06-JUL-2020,
OPTSTK,APOLLOTYRE,30-Jul-2020,65,PE,0,0,0,2.6,0.05,0,0,0,0,06-JUL-2020,
OPTSTK,APOLLOTYRE,30-Jul-2020,67.5,PE,0,0,0,3.15,0.05,0,0,0,0,06-JUL-2020,
OPTSTK,APOLLOTYRE,30-Jul-2020,70,PE,0,0,0,3.8,0.05,0,0,0,0,06-JUL-2020,
OPTSTK,APOLLOTYRE,30-Jul-2020,72.5,PE,0,0,0,4.5,0.05,0,0,0,0,06-JUL-2020,
OPTSTK,APOLLOTYRE,30-Jul-2020,75,PE,0,0,0,5.25,0.05,0,0,0,0,06-JUL-2020,
OPTSTK,APOLLOTYRE,30-Jul-2020,77.5,PE,0,0,0,6.1,0.05,0,0,0,0,06-JUL-2020,
OPTSTK,APOLLOTYRE,30-Jul-2020,80,PE,0,0,0,7,0.05,0,0,0,0,06-JUL-2020,
OPTSTK,APOLLOTYRE,30-Jul-2020,82.5,PE,0,0,0,8,0.05,0,0,0,0,06-JUL-2020,
OPTSTK,APOLLOTYRE,30-Jul-2020,85,PE,0,0,0,0.55,0.05,0,0,65000,0,06-JUL-2020,
OPTSTK,APOLLOTYRE,30-Jul-2020,87.5,PE,0,0,0,10.2,0.05,0,0,0,0,06-JUL-2020,
OPTSTK,APOLLOTYRE,30-Jul-2020,90,PE,0,0,0,0.35,0.05,0,0,60000,0,06-JUL-2020,
OPTSTK,APOLLOTYRE,30-Jul-2020,92.5,PE,0,0,0,12.65,0.05,0,0,0,0,06-JUL-2020,
OPTSTK,APOLLOTYRE,30-Jul-2020,95,PE,0.6,0.65,0.4,0.4,0.4,34,162.35,190000,-85000,06-JUL-2020,
OPTSTK,APOLLOTYRE,30-Jul-2020,97.5,PE,0.6,0.6,0.6,0.6,0.2,2,9.81,30000,-10000,06-JUL-2020,
OPTSTK,APOLLOTYRE,30-Jul-2020,100,PE,1.1,1.1,0.65,0.7,0.7,50,252.06,310000,5000,06-JUL-2020,
OPTSTK,APOLLOTYRE,30-Jul-2020,102.5,PE,1.15,1.15,1.15,1.15,0.6,1,5.18,95000,0,06-JUL-2020,
OPTSTK,APOLLOTYRE,30-Jul-2020,105,PE,1.8,2.05,1.25,1.25,1.25,53,282.2,265000,15000,06-JUL-2020,
OPTSTK,APOLLOTYRE,30-Jul-2020,107.5,PE,2.3,2.3,1.7,1.75,1.75,15,82.14,80000,30000,06-JUL-2020,
OPTSTK,APOLLOTYRE,30-Jul-2020,110,PE,3.4,3.65,2.3,2.35,2.35,107,603.78,320000,90000,06-JUL-2020,
OPTSTK,APOLLOTYRE,30-Jul-2020,112.5,PE,4.45,4.7,3.05,3.2,3.2,27,157.44,115000,-5000,06-JUL-2020,
OPTSTK,APOLLOTYRE,30-Jul-2020,115,PE,5.5,6.05,3.9,4.05,4.05,67,401.06,115000,45000,06-JUL-2020,
OPTSTK,APOLLOTYRE,30-Jul-2020,117.5,PE,6.8,6.85,5.2,5.25,5.25,35,215.74,120000,70000,06-JUL-2020,
OPTSTK,APOLLOTYRE,30-Jul-2020,120,PE,8,8.3,6.45,6.75,6.3,16,101.64,120000,25000,06-JUL-2020,
OPTSTK,APOLLOTYRE,30-Jul-2020,122.5,PE,0,0,0,32.35,7.8,0,0,0,0,06-JUL-2020,
OPTSTK,APOLLOTYRE,30-Jul-2020,125,PE,11.35,11.35,11.35,11.35,9.5,1,6.81,20000,5000,06-JUL-2020,
OPTSTK,APOLLOTYRE,30-Jul-2020,127.5,PE,0,0,0,18.55,11.35,0,0,5000,0,06-JUL-2020,
OPTSTK,APOLLOTYRE,30-Jul-2020,130,PE,0,0,0,21.05,13.35,0,0,30000,0,06-JUL-2020,
OPTSTK,APOLLOTYRE,30-Jul-2020,132.5,PE,0,0,0,40.35,15.45,0,0,0,0,06-JUL-2020,
OPTSTK,APOLLOTYRE,30-Jul-2020,135,PE,0,0,0,42.4,17.65,0,0,0,0,06-JUL-2020,
OPTSTK,APOLLOTYRE,30-Jul-2020,137.5,PE,0,0,0,44.5,19.9,0,0,0,0,06-JUL-2020,
OPTSTK,APOLLOTYRE,27-Aug-2020,57.5,CE,0,0,0,41.65,60.65,0,0,0,0,06-JUL-2020,
OPTSTK,APOLLOTYRE,27-Aug-2020,60,CE,0,0,0,39.35,58.15,0,0,0,0,06-JUL-2020,
OPTSTK,APOLLOTYRE,27-Aug-2020,62.5,CE,0,0,0,37.1,55.7,0,0,0,0,06-JUL-2020,
OPTSTK,APOLLOTYRE,27-Aug-2020,65,CE,0,0,0,34.85,53.2,0,0,0,0,06-JUL-2020,
OPTSTK,APOLLOTYRE,27-Aug-2020,67.5,CE,0,0,0,32.7,50.7,0,0,0,0,06-JUL-2020,
OPTSTK,APOLLOTYRE,27-Aug-2020,70,CE,0,0,0,30.65,48.25,0,0,0,0,06-JUL-2020,
OPTSTK,APOLLOTYRE,27-Aug-2020,72.5,CE,0,0,0,28.6,45.75,0,0,0,0,06-JUL-2020,
OPTSTK,APOLLOTYRE,27-Aug-2020,75,CE,0,0,0,26.65,43.25,0,0,0,0,06-JUL-2020,
OPTSTK,APOLLOTYRE,27-Aug-2020,77.5,CE,0,0,0,24.8,40.8,0,0,0,0,06-JUL-2020,
OPTSTK,APOLLOTYRE,27-Aug-2020,80,CE,0,0,0,23.05,38.35,0,0,0,0,06-JUL-2020,
OPTSTK,APOLLOTYRE,27-Aug-2020,82.5,CE,0,0,0,21.35,35.9,0,0,0,0,06-JUL-2020,
OPTSTK,APOLLOTYRE,27-Aug-2020,85,CE,0,0,0,19.75,33.45,0,0,0,0,06-JUL-2020,
OPTSTK,APOLLOTYRE,27-Aug-2020,87.5,CE,0,0,0,18.2,31.05,0,0,0,0,06-JUL-2020,
OPTSTK,APOLLOTYRE,27-Aug-2020,90,CE,0,0,0,16.8,28.7,0,0,0,0,06-JUL-2020,
OPTSTK,APOLLOTYRE,27-Aug-2020,92.5,CE,0,0,0,15.45,26.35,0,0,0,0,06-JUL-2020,
OPTSTK,APOLLOTYRE,27-Aug-2020,95,CE,22,22,22,22,24.1,1,5.85,5000,0,06-JUL-2020,
OPTSTK,APOLLOTYRE,27-Aug-2020,97.5,CE,0,0,0,13,21.9,0,0,0,0,06-JUL-2020,
OPTSTK,APOLLOTYRE,27-Aug-2020,100,CE,0,0,0,11.9,19.8,0,0,0,0,06-JUL-2020,
OPTSTK,APOLLOTYRE,27-Aug-2020,102.5,CE,0,0,0,10.9,17.8,0,0,0,0,06-JUL-2020,
OPTSTK,APOLLOTYRE,27-Aug-2020,105,CE,0,0,0,9.95,15.9,0,0,0,0,06-JUL-2020,
OPTSTK,APOLLOTYRE,27-Aug-2020,107.5,CE,0,0,0,9.05,14.1,0,0,0,0,06-JUL-2020,
OPTSTK,APOLLOTYRE,27-Aug-2020,110,CE,0,0,0,8.25,12.45,0,0,0,0,06-JUL-2020,
OPTSTK,APOLLOTYRE,27-Aug-2020,112.5,CE,0,0,0,7.5,10.9,0,0,0,0,06-JUL-2020,
OPTSTK,APOLLOTYRE,27-Aug-2020,115,CE,0,0,0,5.35,9.5,0,0,10000,0,06-JUL-2020,
OPTSTK,APOLLOTYRE,27-Aug-2020,117.5,CE,0,0,0,6.2,8.2,0,0,0,0,06-JUL-2020,
OPTSTK,APOLLOTYRE,27-Aug-2020,120,CE,0,0,0,5.65,7.1,0,0,0,0,06-JUL-2020,
OPTSTK,APOLLOTYRE,27-Aug-2020,122.5,CE,0,0,0,5.1,6.05,0,0,0,0,06-JUL-2020,
OPTSTK,APOLLOTYRE,27-Aug-2020,125,CE,0,0,0,4.2,5.15,0,0,5000,0,06-JUL-2020,
OPTSTK,APOLLOTYRE,27-Aug-2020,127.5,CE,0,0,0,4.2,4.35,0,0,0,0,06-JUL-2020,
OPTSTK,APOLLOTYRE,27-Aug-2020,130,CE,0,0,0,3.8,3.65,0,0,0,0,06-JUL-2020,
OPTSTK,APOLLOTYRE,27-Aug-2020,132.5,CE,0,0,0,2.05,3.05,0,0,10000,0,06-JUL-2020,
OPTSTK,APOLLOTYRE,27-Aug-2020,135,CE,0,0,0,3.1,2.55,0,0,0,0,06-JUL-2020,
OPTSTK,APOLLOTYRE,27-Aug-2020,137.5,CE,0,0,0,2.8,2.1,0,0,0,0,06-JUL-2020,
OPTSTK,APOLLOTYRE,27-Aug-2020,57.5,PE,0,0,0,0.4,0.05,0,0,0,0,06-JUL-2020,
OPTSTK,APOLLOTYRE,27-Aug-2020,60,PE,0,0,0,0.55,0.05,0,0,0,0,06-JUL-2020,
OPTSTK,APOLLOTYRE,27-Aug-2020,62.5,PE,0,0,0,0.75,0.05,0,0,0,0,06-JUL-2020,
OPTSTK,APOLLOTYRE,27-Aug-2020,65,PE,0,0,0,1.05,0.05,0,0,0,0,06-JUL-2020,
OPTSTK,APOLLOTYRE,27-Aug-2020,67.5,PE,0,0,0,1.35,0.05,0,0,0,0,06-JUL-2020,
OPTSTK,APOLLOTYRE,27-Aug-2020,70,PE,0,0,0,1.75,0.05,0,0,0,0,06-JUL-2020,
OPTSTK,APOLLOTYRE,27-Aug-2020,72.5,PE,0,0,0,2.2,0.05,0,0,0,0,06-JUL-2020,
OPTSTK,APOLLOTYRE,27-Aug-2020,75,PE,0,0,0,2.7,0.05,0,0,0,0,06-JUL-2020,
OPTSTK,APOLLOTYRE,27-Aug-2020,77.5,PE,0,0,0,3.35,0.05,0,0,0,0,06-JUL-2020,
OPTSTK,APOLLOTYRE,27-Aug-2020,80,PE,0,0,0,4,0.05,0,0,0,0,06-JUL-2020,
OPTSTK,APOLLOTYRE,27-Aug-2020,82.5,PE,0,0,0,4.8,0.1,0,0,0,0,06-JUL-2020,
OPTSTK,APOLLOTYRE,27-Aug-2020,85,PE,0,0,0,0.6,0.15,0,0,5000,0,06-JUL-2020,
OPTSTK,APOLLOTYRE,27-Aug-2020,87.5,PE,0,0,0,6.6,0.2,0,0,0,0,06-JUL-2020,
OPTSTK,APOLLOTYRE,27-Aug-2020,90,PE,0,0,0,7.65,0.35,0,0,0,0,06-JUL-2020,
OPTSTK,APOLLOTYRE,27-Aug-2020,92.5,PE,0,0,0,8.75,0.5,0,0,0,0,06-JUL-2020,
OPTSTK,APOLLOTYRE,27-Aug-2020,95,PE,0,0,0,3,0.7,0,0,0,0,06-JUL-2020,
OPTSTK,APOLLOTYRE,27-Aug-2020,97.5,PE,0,0,0,11.25,1,0,0,0,0,06-JUL-2020,
OPTSTK,APOLLOTYRE,27-Aug-2020,100,PE,0,0,0,3.7,1.4,0,0,15000,0,06-JUL-2020,
OPTSTK,APOLLOTYRE,27-Aug-2020,102.5,PE,0,0,0,14.1,1.9,0,0,0,0,06-JUL-2020,
OPTSTK,APOLLOTYRE,27-Aug-2020,105,PE,0,0,0,15.6,2.45,0,0,0,0,06-JUL-2020,
OPTSTK,APOLLOTYRE,27-Aug-2020,107.5,PE,0,0,0,17.2,3.15,0,0,0,0,06-JUL-2020,
OPTSTK,APOLLOTYRE,27-Aug-2020,110,PE,0,0,0,18.85,4,0,0,0,0,06-JUL-2020,
OPTSTK,APOLLOTYRE,27-Aug-2020,112.5,PE,5.4,5.45,5.4,5.45,5.45,2,11.79,10000,10000,06-JUL-2020,
OPTSTK,APOLLOTYRE,27-Aug-2020,115,PE,0,0,0,22.4,6,0,0,0,0,06-JUL-2020,
OPTSTK,APOLLOTYRE,27-Aug-2020,117.5,PE,0,0,0,24.25,7.2,0,0,0,0,06-JUL-2020,
OPTSTK,APOLLOTYRE,27-Aug-2020,120,PE,0,0,0,26.1,8.55,0,0,0,0,06-JUL-2020,
OPTSTK,APOLLOTYRE,27-Aug-2020,122.5,PE,0,0,0,28.05,10,0,0,0,0,06-JUL-2020,
OPTSTK,APOLLOTYRE,27-Aug-2020,125,PE,0,0,0,18,11.6,0,0,5000,0,06-JUL-2020,
OPTSTK,APOLLOTYRE,27-Aug-2020,127.5,PE,0,0,0,32.1,13.3,0,0,0,0,06-JUL-2020,
OPTSTK,APOLLOTYRE,27-Aug-2020,130,PE,0,0,0,34.15,15.05,0,0,0,0,06-JUL-2020,
OPTSTK,APOLLOTYRE,27-Aug-2020,132.5,PE,0,0,0,36.25,16.95,0,0,0,0,06-JUL-2020,
OPTSTK,APOLLOTYRE,27-Aug-2020,135,PE,0,0,0,38.4,18.9,0,0,0,0,06-JUL-2020,
OPTSTK,APOLLOTYRE,27-Aug-2020,137.5,PE,0,0,0,40.55,20.95,0,0,0,0,06-JUL-2020,
OPTSTK,APOLLOTYRE,24-Sep-2020,67.5,CE,0,0,0,45.85,50.95,0,0,0,0,06-JUL-2020,
OPTSTK,APOLLOTYRE,24-Sep-2020,70,CE,0,0,0,43.45,48.5,0,0,0,0,06-JUL-2020,
OPTSTK,APOLLOTYRE,24-Sep-2020,72.5,CE,0,0,0,41.15,46,0,0,0,0,06-JUL-2020,
OPTSTK,APOLLOTYRE,24-Sep-2020,75,CE,0,0,0,38.85,43.6,0,0,0,0,06-JUL-2020,
OPTSTK,APOLLOTYRE,24-Sep-2020,77.5,CE,0,0,0,36.55,41.15,0,0,0,0,06-JUL-2020,
OPTSTK,APOLLOTYRE,24-Sep-2020,80,CE,0,0,0,34.35,38.75,0,0,0,0,06-JUL-2020,
OPTSTK,APOLLOTYRE,24-Sep-2020,82.5,CE,0,0,0,32.25,36.35,0,0,0,0,06-JUL-2020,
OPTSTK,APOLLOTYRE,24-Sep-2020,85,CE,0,0,0,30.15,34,0,0,0,0,06-JUL-2020,
OPTSTK,APOLLOTYRE,24-Sep-2020,87.5,CE,0,0,0,28.15,31.7,0,0,0,0,06-JUL-2020,
OPTSTK,APOLLOTYRE,24-Sep-2020,90,CE,0,0,0,26.2,29.45,0,0,0,0,06-JUL-2020,
OPTSTK,APOLLOTYRE,24-Sep-2020,92.5,CE,0,0,0,24.35,27.3,0,0,0,0,06-JUL-2020,
OPTSTK,APOLLOTYRE,24-Sep-2020,95,CE,0,0,0,22.55,25.15,0,0,0,0,06-JUL-2020,
OPTSTK,APOLLOTYRE,24-Sep-2020,97.5,CE,0,0,0,20.85,23.1,0,0,0,0,06-JUL-2020,
OPTSTK,APOLLOTYRE,24-Sep-2020,100,CE,0,0,0,19.25,21.15,0,0,0,0,06-JUL-2020,
OPTSTK,APOLLOTYRE,24-Sep-2020,102.5,CE,0,0,0,17.7,19.3,0,0,0,0,06-JUL-2020,
OPTSTK,APOLLOTYRE,24-Sep-2020,105,CE,0,0,0,16.3,17.55,0,0,0,0,06-JUL-2020,
OPTSTK,APOLLOTYRE,24-Sep-2020,107.5,CE,0,0,0,14.95,15.85,0,0,0,0,06-JUL-2020,
OPTSTK,APOLLOTYRE,24-Sep-2020,110,CE,0,0,0,13.65,14.3,0,0,0,0,06-JUL-2020,
OPTSTK,APOLLOTYRE,24-Sep-2020,112.5,CE,0,0,0,12.5,12.85,0,0,0,0,06-JUL-2020,
OPTSTK,APOLLOTYRE,24-Sep-2020,115,CE,0,0,0,11.4,11.5,0,0,0,0,06-JUL-2020,
OPTSTK,APOLLOTYRE,24-Sep-2020,117.5,CE,0,0,0,10.35,10.25,0,0,0,0,06-JUL-2020,
OPTSTK,APOLLOTYRE,24-Sep-2020,120,CE,0,0,0,9.45,9.1,0,0,0,0,06-JUL-2020,
OPTSTK,APOLLOTYRE,24-Sep-2020,122.5,CE,0,0,0,8.55,8.05,0,0,0,0,06-JUL-2020,
OPTSTK,APOLLOTYRE,24-Sep-2020,125,CE,0,0,0,7.75,7.1,0,0,0,0,06-JUL-2020,
OPTSTK,APOLLOTYRE,24-Sep-2020,127.5,CE,0,0,0,7,6.25,0,0,0,0,06-JUL-2020,
OPTSTK,APOLLOTYRE,24-Sep-2020,130,CE,0,0,0,6.35,5.5,0,0,0,0,06-JUL-2020,
OPTSTK,APOLLOTYRE,24-Sep-2020,132.5,CE,0,0,0,5.7,4.8,0,0,0,0,06-JUL-2020,
OPTSTK,APOLLOTYRE,24-Sep-2020,135,CE,0,0,0,5.15,4.2,0,0,0,0,06-JUL-2020,
OPTSTK,APOLLOTYRE,24-Sep-2020,137.5,CE,0,0,0,4.65,3.65,0,0,0,0,06-JUL-2020,
OPTSTK,APOLLOTYRE,24-Sep-2020,67.5,PE,0,0,0,0.25,0.05,0,0,0,0,06-JUL-2020,
OPTSTK,APOLLOTYRE,24-Sep-2020,70,PE,0,0,0,0.35,0.05,0,0,0,0,06-JUL-2020,
OPTSTK,APOLLOTYRE,24-Sep-2020,72.5,PE,0,0,0,0.5,0.05,0,0,0,0,06-JUL-2020,
OPTSTK,APOLLOTYRE,24-Sep-2020,75,PE,0,0,0,0.65,0.1,0,0,0,0,06-JUL-2020,
OPTSTK,APOLLOTYRE,24-Sep-2020,77.5,PE,0,0,0,0.9,0.15,0,0,0,0,06-JUL-2020,
OPTSTK,APOLLOTYRE,24-Sep-2020,80,PE,0,0,0,1.15,0.2,0,0,0,0,06-JUL-2020,
OPTSTK,APOLLOTYRE,24-Sep-2020,82.5,PE,0,0,0,1.45,0.3,0,0,0,0,06-JUL-2020,
OPTSTK,APOLLOTYRE,24-Sep-2020,85,PE,0,0,0,1.85,0.45,0,0,0,0,06-JUL-2020,
OPTSTK,APOLLOTYRE,24-Sep-2020,87.5,PE,0,0,0,2.3,0.6,0,0,0,0,06-JUL-2020,
OPTSTK,APOLLOTYRE,24-Sep-2020,90,PE,0,0,0,2.85,0.85,0,0,0,0,06-JUL-2020,
OPTSTK,APOLLOTYRE,24-Sep-2020,92.5,PE,0,0,0,3.45,1.1,0,0,0,0,06-JUL-2020,
OPTSTK,APOLLOTYRE,24-Sep-2020,95,PE,0,0,0,4.15,1.5,0,0,0,0,06-JUL-2020,
OPTSTK,APOLLOTYRE,24-Sep-2020,97.5,PE,0,0,0,4.95,1.9,0,0,0,0,06-JUL-2020,
OPTSTK,APOLLOTYRE,24-Sep-2020,100,PE,0,0,0,5.8,2.45,0,0,0,0,06-JUL-2020,
OPTSTK,APOLLOTYRE,24-Sep-2020,102.5,PE,0,0,0,6.75,3.05,0,0,0,0,06-JUL-2020,
OPTSTK,APOLLOTYRE,24-Sep-2020,105,PE,0,0,0,7.75,3.75,0,0,0,0,06-JUL-2020,
OPTSTK,APOLLOTYRE,24-Sep-2020,107.5,PE,0,0,0,8.9,4.55,0,0,0,0,06-JUL-2020,
OPTSTK,APOLLOTYRE,24-Sep-2020,110,PE,0,0,0,10.1,5.5,0,0,0,0,06-JUL-2020,
OPTSTK,APOLLOTYRE,24-Sep-2020,112.5,PE,0,0,0,11.4,6.5,0,0,0,0,06-JUL-2020,
OPTSTK,APOLLOTYRE,24-Sep-2020,115,PE,0,0,0,12.75,7.65,0,0,0,0,06-JUL-2020,
OPTSTK,APOLLOTYRE,24-Sep-2020,117.5,PE,0,0,0,14.2,8.85,0,0,0,0,06-JUL-2020,
OPTSTK,APOLLOTYRE,24-Sep-2020,120,PE,0,0,0,15.75,10.2,0,0,0,0,06-JUL-2020,
OPTSTK,APOLLOTYRE,24-Sep-2020,122.5,PE,0,0,0,17.35,11.65,0,0,0,0,06-JUL-2020,
OPTSTK,APOLLOTYRE,24-Sep-2020,125,PE,0,0,0,19,13.15,0,0,0,0,06-JUL-2020,
OPTSTK,APOLLOTYRE,24-Sep-2020,127.5,PE,0,0,0,20.75,14.8,0,0,0,0,06-JUL-2020,
OPTSTK,APOLLOTYRE,24-Sep-2020,130,PE,0,0,0,22.5,16.5,0,0,0,0,06-JUL-2020,
OPTSTK,APOLLOTYRE,24-Sep-2020,132.5,PE,0,0,0,24.4,18.25,0,0,0,0,06-JUL-2020,
OPTSTK,APOLLOTYRE,24-Sep-2020,135,PE,0,0,0,26.3,20.1,0,0,0,0,06-JUL-2020,
OPTSTK,APOLLOTYRE,24-Sep-2020,137.5,PE,0,0,0,28.25,22.05,0,0,0,0,06-JUL-2020,
OPTSTK,ASHOKLEY,30-Jul-2020,22.5,CE,0,0,0,30.95,29.3,0,0,0,0,06-JUL-2020,
OPTSTK,ASHOKLEY,30-Jul-2020,25,CE,0,0,0,28.9,26.8,0,0,0,0,06-JUL-2020,
OPTSTK,ASHOKLEY,30-Jul-2020,27.5,CE,0,0,0,26.95,24.35,0,0,0,0,06-JUL-2020,
OPTSTK,ASHOKLEY,30-Jul-2020,30,CE,0,0,0,25.1,21.85,0,0,0,0,06-JUL-2020,
OPTSTK,ASHOKLEY,30-Jul-2020,32,CE,0,0,0,14.25,19.85,0,0,0,0,06-JUL-2020,
OPTSTK,ASHOKLEY,30-Jul-2020,32.5,CE,0,0,0,23.35,19.35,0,0,0,0,06-JUL-2020,
OPTSTK,ASHOKLEY,30-Jul-2020,33,CE,0,0,0,13.5,18.85,0,0,0,0,06-JUL-2020,
OPTSTK,ASHOKLEY,30-Jul-2020,34,CE,0,0,0,12.8,17.85,0,0,0,0,06-JUL-2020,
OPTSTK,ASHOKLEY,30-Jul-2020,35,CE,0,0,0,12,16.85,0,0,9000,0,06-JUL-2020,
OPTSTK,ASHOKLEY,30-Jul-2020,36,CE,0,0,0,11.45,15.9,0,0,0,0,06-JUL-2020,
OPTSTK,ASHOKLEY,30-Jul-2020,37,CE,0,0,0,10.85,14.9,0,0,0,0,06-JUL-2020,
OPTSTK,ASHOKLEY,30-Jul-2020,37.5,CE,0,0,0,20.2,14.4,0,0,0,0,06-JUL-2020,
OPTSTK,ASHOKLEY,30-Jul-2020,38,CE,0,0,0,10.25,13.95,0,0,0,0,06-JUL-2020,
OPTSTK,ASHOKLEY,30-Jul-2020,39,CE,0,0,0,9.65,13,0,0,0,0,06-JUL-2020,
OPTSTK,ASHOKLEY,30-Jul-2020,40,CE,11.15,12.1,10.85,12.1,12.1,9,41.45,144000,54000,06-JUL-2020,
OPTSTK,ASHOKLEY,30-Jul-2020,41,CE,0,0,0,8.6,11.1,0,0,0,0,06-JUL-2020,
OPTSTK,ASHOKLEY,30-Jul-2020,42,CE,0,0,0,8,10.25,0,0,9000,0,06-JUL-2020,
OPTSTK,ASHOKLEY,30-Jul-2020,42.5,CE,0,0,0,17.45,9.8,0,0,0,0,06-JUL-2020,
OPTSTK,ASHOKLEY,30-Jul-2020,43,CE,0,0,0,7.65,9.35,0,0,0,0,06-JUL-2020,
OPTSTK,ASHOKLEY,30-Jul-2020,44,CE,0,0,0,7.2,8.5,0,0,0,0,06-JUL-2020,
OPTSTK,ASHOKLEY,30-Jul-2020,45,CE,6.5,7.85,6.35,7.8,7.8,22,102.94,297000,9000,06-JUL-2020,
OPTSTK,ASHOKLEY,30-Jul-2020,46,CE,7.1,7.1,7.1,7.1,7.1,1,4.77,72000,0,06-JUL-2020,
OPTSTK,ASHOKLEY,30-Jul-2020,47,CE,5,5.65,4.95,5.55,6.25,10,47.12,234000,-54000,06-JUL-2020,
OPTSTK,ASHOKLEY,30-Jul-2020,47.5,CE,4.8,6.05,4.6,5.95,5.95,27,128.08,198000,-90000,06-JUL-2020,
OPTSTK,ASHOKLEY,30-Jul-2020,48,CE,4.2,5.55,4.2,5.5,5.5,95,450.81,297000,-81000,06-JUL-2020,
OPTSTK,ASHOKLEY,30-Jul-2020,49,CE,3.95,4.9,3.6,4.85,4.85,76,363.67,423000,-243000,06-JUL-2020,
OPTSTK,ASHOKLEY,30-Jul-2020,50,CE,3.15,4.4,3.05,4.25,4.25,2273,11000.21,4527000,-1017000,06-JUL-2020,
OPTSTK,ASHOKLEY,30-Jul-2020,51,CE,2.9,3.85,2.8,3.75,3.75,283,1384.36,540000,72000,06-JUL-2020,
OPTSTK,ASHOKLEY,30-Jul-2020,52,CE,2.35,3.5,2.35,3.3,3.3,374,1852.02,1017000,351000,06-JUL-2020,
OPTSTK,ASHOKLEY,30-Jul-2020,52.5,CE,2.4,3.2,2.25,3.1,3.1,207,1028.73,1521000,-9000,06-JUL-2020,
OPTSTK,ASHOKLEY,30-Jul-2020,53,CE,2.05,3,2.05,2.85,2.85,171,854.48,675000,0,06-JUL-2020,
OPTSTK,ASHOKLEY,30-Jul-2020,54,CE,1.9,2.65,1.85,2.5,2.5,139,702.67,558000,-198000,06-JUL-2020,
OPTSTK,ASHOKLEY,30-Jul-2020,55,CE,1.5,2.25,1.5,2.1,2.1,2153,11017.93,5706000,-864000,06-JUL-2020,
OPTSTK,ASHOKLEY,30-Jul-2020,56,CE,1.45,2,1.35,1.9,1.9,86,446.49,918000,81000,06-JUL-2020,
OPTSTK,ASHOKLEY,30-Jul-2020,57,CE,1.2,1.7,1.15,1.6,1.6,70,367.85,774000,45000,06-JUL-2020,
OPTSTK,ASHOKLEY,30-Jul-2020,57.5,CE,1.2,1.55,1.1,1.5,1.5,70,370.46,864000,18000,06-JUL-2020,
OPTSTK,ASHOKLEY,30-Jul-2020,58,CE,1,1.5,1,1.45,1.45,45,239.83,576000,108000,06-JUL-2020,
OPTSTK,ASHOKLEY,30-Jul-2020,59,CE,0.85,1.1,0.85,1.1,1.1,11,59.4,135000,18000,06-JUL-2020,
OPTSTK,ASHOKLEY,30-Jul-2020,60,CE,0.75,1.15,0.7,1,1,1510,8272.66,8379000,-288000,06-JUL-2020,
OPTSTK,ASHOKLEY,30-Jul-2020,61,CE,0.95,0.95,0.95,0.95,0.95,2,11.15,36000,-18000,06-JUL-2020,
OPTSTK,ASHOKLEY,30-Jul-2020,62,CE,0.5,0.9,0.5,0.8,0.8,35,197.55,477000,72000,06-JUL-2020,
OPTSTK,ASHOKLEY,30-Jul-2020,62.5,CE,0.45,0.7,0.45,0.7,0.7,48,272.44,1107000,81000,06-JUL-2020,
OPTSTK,ASHOKLEY,30-Jul-2020,63,CE,0.55,0.65,0.55,0.6,0.6,2,11.44,81000,18000,06-JUL-2020,
OPTSTK,ASHOKLEY,30-Jul-2020,64,CE,0,0,0,1.85,0.45,0,0,9000,0,06-JUL-2020,
OPTSTK,ASHOKLEY,30-Jul-2020,65,CE,0.4,0.55,0.35,0.5,0.5,348,2048.95,3537000,90000,06-JUL-2020,
OPTSTK,ASHOKLEY,30-Jul-2020,66,CE,0.4,0.4,0.4,0.4,0.3,1,5.97,81000,0,06-JUL-2020,
OPTSTK,ASHOKLEY,30-Jul-2020,67,CE,0,0,0,0.25,0.25,0,0,9000,0,06-JUL-2020,
OPTSTK,ASHOKLEY,30-Jul-2020,67.5,CE,0.3,0.3,0.3,0.3,0.25,1,6.1,306000,0,06-JUL-2020,
OPTSTK,ASHOKLEY,30-Jul-2020,68,CE,0,0,0,1.05,0.2,0,0,0,0,06-JUL-2020,
OPTSTK,ASHOKLEY,30-Jul-2020,69,CE,0,0,0,1.75,0.15,0,0,0,0,06-JUL-2020,
OPTSTK,ASHOKLEY,30-Jul-2020,70,CE,0.2,0.25,0.15,0.25,0.25,231,1459.71,3888000,-189000,06-JUL-2020,
OPTSTK,ASHOKLEY,30-Jul-2020,71,CE,0,0,0,1.45,0.1,0,0,0,0,06-JUL-2020,
OPTSTK,ASHOKLEY,30-Jul-2020,72,CE,0.15,0.15,0.15,0.15,0.15,1,6.49,135000,9000,06-JUL-2020,
OPTSTK,ASHOKLEY,30-Jul-2020,72.5,CE,0.15,0.15,0.1,0.15,0.15,27,176.47,1161000,0,06-JUL-2020,
OPTSTK,ASHOKLEY,30-Jul-2020,22.5,PE,0,0,0,0.05,0.05,0,0,126000,0,06-JUL-2020,
OPTSTK,ASHOKLEY,30-Jul-2020,25,PE,0,0,0,0.1,0.05,0,0,0,0,06-JUL-2020,
OPTSTK,ASHOKLEY,30-Jul-2020,27.5,PE,0,0,0,1.75,0.05,0,0,0,0,06-JUL-2020,
OPTSTK,ASHOKLEY,30-Jul-2020,30,PE,0.05,0.1,0.05,0.1,0.05,3,8.11,99000,27000,06-JUL-2020,
OPTSTK,ASHOKLEY,30-Jul-2020,32,PE,0,0,0,1.55,0.05,0,0,0,0,06-JUL-2020,
OPTSTK,ASHOKLEY,30-Jul-2020,32.5,PE,0,0,0,1.45,0.05,0,0,0,0,06-JUL-2020,
OPTSTK,ASHOKLEY,30-Jul-2020,33,PE,0,0,0,1.8,0.05,0,0,0,0,06-JUL-2020,
OPTSTK,ASHOKLEY,30-Jul-2020,34,PE,0,0,0,2.1,0.05,0,0,0,0,06-JUL-2020,
OPTSTK,ASHOKLEY,30-Jul-2020,35,PE,0.1,0.1,0.1,0.1,0.1,32,101.08,1359000,0,06-JUL-2020,
OPTSTK,ASHOKLEY,30-Jul-2020,36,PE,0,0,0,2.75,0.05,0,0,0,0,06-JUL-2020,
OPTSTK,ASHOKLEY,30-Jul-2020,37,PE,0,0,0,0.4,0.05,0,0,9000,0,06-JUL-2020,
OPTSTK,ASHOKLEY,30-Jul-2020,37.5,PE,0.15,0.15,0.15,0.15,0.05,1,3.38,162000,-9000,06-JUL-2020,
OPTSTK,ASHOKLEY,30-Jul-2020,38,PE,0,0,0,0.45,0.1,0,0,36000,0,06-JUL-2020,
OPTSTK,ASHOKLEY,30-Jul-2020,39,PE,0,0,0,0.45,0.1,0,0,18000,0,06-JUL-2020,
OPTSTK,ASHOKLEY,30-Jul-2020,40,PE,0.4,0.4,0.2,0.25,0.25,278,1007.39,5616000,-297000,06-JUL-2020,
OPTSTK,ASHOKLEY,30-Jul-2020,41,PE,0.5,0.5,0.3,0.3,0.3,3,11.18,171000,0,06-JUL-2020,
OPTSTK,ASHOKLEY,30-Jul-2020,42,PE,0.5,0.5,0.35,0.4,0.4,21,80.19,819000,-45000,06-JUL-2020,
OPTSTK,ASHOKLEY,30-Jul-2020,42.5,PE,0.6,0.6,0.4,0.45,0.45,142,549.53,1053000,0,06-JUL-2020,
OPTSTK,ASHOKLEY,30-Jul-2020,43,PE,0.6,0.65,0.5,0.5,0.5,20,78.48,576000,-36000,06-JUL-2020,
OPTSTK,ASHOKLEY,30-Jul-2020,44,PE,0.8,0.85,0.65,0.65,0.65,31,124.83,288000,36000,06-JUL-2020,
OPTSTK,ASHOKLEY,30-Jul-2020,45,PE,1.25,1.25,0.75,0.8,0.8,587,2428.4,4329000,207000,06-JUL-2020,
OPTSTK,ASHOKLEY,30-Jul-2020,46,PE,1.4,1.4,1,1.05,1.05,48,204.17,324000,45000,06-JUL-2020,
OPTSTK,ASHOKLEY,30-Jul-2020,47,PE,1.8,1.8,1.2,1.3,1.3,112,489.93,567000,81000,06-JUL-2020,
OPTSTK,ASHOKLEY,30-Jul-2020,47.5,PE,1.85,1.95,1.35,1.45,1.45,158,700.03,756000,225000,06-JUL-2020,
OPTSTK,ASHOKLEY,30-Jul-2020,48,PE,2.15,2.15,1.55,1.6,1.6,103,462.58,810000,18000,06-JUL-2020,
OPTSTK,ASHOKLEY,30-Jul-2020,49,PE,2.5,2.7,1.9,1.95,1.95,156,720.92,1404000,-18000,06-JUL-2020,
OPTSTK,ASHOKLEY,30-Jul-2020,50,PE,3.5,3.5,2.25,2.35,2.35,553,2627.91,2385000,-27000,06-JUL-2020,
OPTSTK,ASHOKLEY,30-Jul-2020,51,PE,3.3,3.7,2.75,2.85,2.85,95,462.8,423000,198000,06-JUL-2020,
OPTSTK,ASHOKLEY,30-Jul-2020,52,PE,4.3,4.3,3.35,3.4,3.4,35,175.83,351000,27000,06-JUL-2020,
OPTSTK,ASHOKLEY,30-Jul-2020,52.5,PE,4.4,4.5,3.6,3.65,3.65,14,71.3,225000,-18000,06-JUL-2020,
OPTSTK,ASHOKLEY,30-Jul-2020,53,PE,4.85,4.85,4,4,4,6,31.06,216000,0,06-JUL-2020,
OPTSTK,ASHOKLEY,30-Jul-2020,54,PE,0,0,0,6.65,4.6,0,0,126000,0,06-JUL-2020,
OPTSTK,ASHOKLEY,30-Jul-2020,55,PE,6.55,6.55,5.1,5.2,5.2,32,174.94,900000,-18000,06-JUL-2020,
OPTSTK,ASHOKLEY,30-Jul-2020,56,PE,0,0,0,8.2,5.95,0,0,252000,0,06-JUL-2020,
OPTSTK,ASHOKLEY,30-Jul-2020,57,PE,7.75,7.75,6.65,6.7,6.7,6,34.57,180000,-27000,06-JUL-2020,
OPTSTK,ASHOKLEY,30-Jul-2020,57.5,PE,0,0,0,11.6,7.05,0,0,63000,0,06-JUL-2020,
OPTSTK,ASHOKLEY,30-Jul-2020,58,PE,0,0,0,6.4,7.45,0,0,9000,0,06-JUL-2020,
OPTSTK,ASHOKLEY,30-Jul-2020,59,PE,0,0,0,16.85,8.2,0,0,0,0,06-JUL-2020,
OPTSTK,ASHOKLEY,30-Jul-2020,60,PE,10.1,10.1,9.05,9.05,9.05,3,18.79,486000,9000,06-JUL-2020,
OPTSTK,ASHOKLEY,30-Jul-2020,61,PE,0,0,0,18.5,9.9,0,0,0,0,06-JUL-2020,
OPTSTK,ASHOKLEY,30-Jul-2020,62,PE,0,0,0,19.35,10.75,0,0,0,0,06-JUL-2020,
OPTSTK,ASHOKLEY,30-Jul-2020,62.5,PE,0,0,0,15.15,11.2,0,0,9000,0,06-JUL-2020,
OPTSTK,ASHOKLEY,30-Jul-2020,63,PE,0,0,0,20.2,11.65,0,0,0,0,06-JUL-2020,
OPTSTK,ASHOKLEY,30-Jul-2020,64,PE,0,0,0,21.05,12.55,0,0,0,0,06-JUL-2020,
OPTSTK,ASHOKLEY,30-Jul-2020,65,PE,0,0,0,18.5,13.45,0,0,36000,0,06-JUL-2020,
OPTSTK,ASHOKLEY,30-Jul-2020,66,PE,0,0,0,20.95,14.35,0,0,0,0,06-JUL-2020,
OPTSTK,ASHOKLEY,30-Jul-2020,67,PE,0,0,0,19.95,15.3,0,0,0,0,06-JUL-2020,
OPTSTK,ASHOKLEY,30-Jul-2020,67.5,PE,0,0,0,19,15.8,0,0,36000,0,06-JUL-2020,
OPTSTK,ASHOKLEY,30-Jul-2020,68,PE,0,0,0,20.85,16.25,0,0,0,0,06-JUL-2020,
OPTSTK,ASHOKLEY,30-Jul-2020,69,PE,0,0,0,17.2,17.2,0,0,0,0,06-JUL-2020,
OPTSTK,ASHOKLEY,30-Jul-2020,70,PE,0,0,0,21.8,18.2,0,0,135000,0,06-JUL-2020,
OPTSTK,ASHOKLEY,30-Jul-2020,71,PE,0,0,0,18.9,19.15,0,0,0,0,06-JUL-2020,
OPTSTK,ASHOKLEY,30-Jul-2020,72,PE,0,0,0,18.85,20.15,0,0,9000,0,06-JUL-2020,
OPTSTK,ASHOKLEY,30-Jul-2020,72.5,PE,0,0,0,24,20.65,0,0,1179000,0,06-JUL-2020,
OPTSTK,ASHOKLEY,27-Aug-2020,24,CE,0,0,0,21.35,27.9,0,0,0,0,06-JUL-2020,
OPTSTK,ASHOKLEY,27-Aug-2020,25,CE,0,0,0,20.5,26.9,0,0,0,0,06-JUL-2020,
OPTSTK,ASHOKLEY,27-Aug-2020,26,CE,0,0,0,19.65,25.9,0,0,0,0,06-JUL-2020,
OPTSTK,ASHOKLEY,27-Aug-2020,27,CE,0,0,0,18.85,24.9,0,0,0,0,06-JUL-2020,
OPTSTK,ASHOKLEY,27-Aug-2020,28,CE,0,0,0,18.05,23.95,0,0,0,0,06-JUL-2020,
OPTSTK,ASHOKLEY,27-Aug-2020,29,CE,0,0,0,17.3,22.95,0,0,0,0,06-JUL-2020,
OPTSTK,ASHOKLEY,27-Aug-2020,30,CE,0,0,0,16.55,21.95,0,0,0,0,06-JUL-2020,
OPTSTK,ASHOKLEY,27-Aug-2020,31,CE,0,0,0,15.85,21,0,0,0,0,06-JUL-2020,
OPTSTK,ASHOKLEY,27-Aug-2020,32,CE,0,0,0,15.15,20,0,0,0,0,06-JUL-2020,
OPTSTK,ASHOKLEY,27-Aug-2020,33,CE,0,0,0,14.5,19.05,0,0,0,0,06-JUL-2020,
OPTSTK,ASHOKLEY,27-Aug-2020,34,CE,0,0,0,13.85,18.1,0,0,0,0,06-JUL-2020,
OPTSTK,ASHOKLEY,27-Aug-2020,35,CE,0,0,0,13.2,17.2,0,0,0,0,06-JUL-2020,
OPTSTK,ASHOKLEY,27-Aug-2020,36,CE,0,0,0,12.6,16.25,0,0,0,0,06-JUL-2020,
OPTSTK,ASHOKLEY,27-Aug-2020,37,CE,0,0,0,12.05,15.35,0,0,0,0,06-JUL-2020,
OPTSTK,ASHOKLEY,27-Aug-2020,38,CE,0,0,0,11.5,14.45,0,0,0,0,06-JUL-2020,
OPTSTK,ASHOKLEY,27-Aug-2020,39,CE,0,0,0,10.95,13.6,0,0,0,0,06-JUL-2020,
OPTSTK,ASHOKLEY,27-Aug-2020,40,CE,0,0,0,10.45,12.75,0,0,0,0,06-JUL-2020,
OPTSTK,ASHOKLEY,27-Aug-2020,41,CE,0,0,0,9.95,11.95,0,0,0,0,06-JUL-2020,
OPTSTK,ASHOKLEY,27-Aug-2020,42,CE,0,0,0,9.45,11.15,0,0,0,0,06-JUL-2020,
OPTSTK,ASHOKLEY,27-Aug-2020,43,CE,0,0,0,9,10.4,0,0,0,0,06-JUL-2020,
OPTSTK,ASHOKLEY,27-Aug-2020,44,CE,0,0,0,8.6,9.65,0,0,0,0,06-JUL-2020,
OPTSTK,ASHOKLEY,27-Aug-2020,45,CE,0,0,0,7,9,0,0,9000,0,06-JUL-2020,
OPTSTK,ASHOKLEY,27-Aug-2020,46,CE,0,0,0,7.8,8.3,0,0,0,0,06-JUL-2020,
OPTSTK,ASHOKLEY,27-Aug-2020,47,CE,0,0,0,7.4,7.7,0,0,0,0,06-JUL-2020,
OPTSTK,ASHOKLEY,27-Aug-2020,48,CE,0,0,0,7.05,7.1,0,0,0,0,06-JUL-2020,
OPTSTK,ASHOKLEY,27-Aug-2020,49,CE,0,0,0,6.7,6.5,0,0,0,0,06-JUL-2020,
OPTSTK,ASHOKLEY,27-Aug-2020,50,CE,5.45,5.7,5.15,5.7,6,4,19.94,54000,9000,06-JUL-2020,
OPTSTK,ASHOKLEY,27-Aug-2020,51,CE,0,0,0,6.1,5.5,0,0,0,0,06-JUL-2020,
OPTSTK,ASHOKLEY,27-Aug-2020,52,CE,0,0,0,5.8,5,0,0,0,0,06-JUL-2020,
OPTSTK,ASHOKLEY,27-Aug-2020,53,CE,0,0,0,3.45,4.6,0,0,27000,0,06-JUL-2020,
OPTSTK,ASHOKLEY,27-Aug-2020,54,CE,0,0,0,5.25,4.2,0,0,0,0,06-JUL-2020,
OPTSTK,ASHOKLEY,27-Aug-2020,55,CE,3.5,3.5,3.35,3.35,3.8,2,10.51,27000,9000,06-JUL-2020,
OPTSTK,ASHOKLEY,27-Aug-2020,56,CE,0,0,0,4.75,3.45,0,0,0,0,06-JUL-2020,
OPTSTK,ASHOKLEY,27-Aug-2020,57,CE,0,0,0,4.5,3.15,0,0,0,0,06-JUL-2020,
OPTSTK,ASHOKLEY,27-Aug-2020,58,CE,0,0,0,4.3,2.85,0,0,0,0,06-JUL-2020,
OPTSTK,ASHOKLEY,27-Aug-2020,59,CE,0,0,0,4.05,2.55,0,0,9000,0,06-JUL-2020,
OPTSTK,ASHOKLEY,27-Aug-2020,60,CE,2.25,2.25,2.25,2.25,2.3,2,11.2,45000,18000,06-JUL-2020,
OPTSTK,ASHOKLEY,27-Aug-2020,61,CE,0,0,0,3.7,2.1,0,0,0,0,06-JUL-2020,
OPTSTK,ASHOKLEY,27-Aug-2020,62,CE,0,0,0,3.5,1.9,0,0,0,0,06-JUL-2020,
OPTSTK,ASHOKLEY,27-Aug-2020,63,CE,0,0,0,3.35,1.7,0,0,0,0,06-JUL-2020,
OPTSTK,ASHOKLEY,27-Aug-2020,64,CE,0,0,0,3.15,1.5,0,0,0,0,06-JUL-2020,
OPTSTK,ASHOKLEY,27-Aug-2020,65,CE,0,0,0,3.25,1.35,0,0,0,0,06-JUL-2020,
OPTSTK,ASHOKLEY,27-Aug-2020,66,CE,0,0,0,3.1,1.2,0,0,0,0,06-JUL-2020,
OPTSTK,ASHOKLEY,27-Aug-2020,24,PE,0,0,0,0.65,0.05,0,0,0,0,06-JUL-2020,
OPTSTK,ASHOKLEY,27-Aug-2020,25,PE,0,0,0,0.8,0.05,0,0,0,0,06-JUL-2020,
OPTSTK,ASHOKLEY,27-Aug-2020,26,PE,0,0,0,0.95,0.05,0,0,0,0,06-JUL-2020,
OPTSTK,ASHOKLEY,27-Aug-2020,27,PE,0,0,0,1.1,0.05,0,0,0,0,06-JUL-2020,
OPTSTK,ASHOKLEY,27-Aug-2020,28,PE,0,0,0,1.3,0.05,0,0,0,0,06-JUL-2020,
OPTSTK,ASHOKLEY,27-Aug-2020,29,PE,0,0,0,1.55,0.05,0,0,0,0,06-JUL-2020,
OPTSTK,ASHOKLEY,27-Aug-2020,30,PE,0,0,0,1.8,0.05,0,0,0,0,06-JUL-2020,
OPTSTK,ASHOKLEY,27-Aug-2020,31,PE,0,0,0,2.05,0.05,0,0,0,0,06-JUL-2020,
OPTSTK,ASHOKLEY,27-Aug-2020,32,PE,0,0,0,2.35,0.1,0,0,0,0,06-JUL-2020,
OPTSTK,ASHOKLEY,27-Aug-2020,33,PE,0,0,0,2.7,0.1,0,0,0,0,06-JUL-2020,
OPTSTK,ASHOKLEY,27-Aug-2020,34,PE,0,0,0,3,0.15,0,0,0,0,06-JUL-2020,
OPTSTK,ASHOKLEY,27-Aug-2020,35,PE,0,0,0,3.4,0.2,0,0,0,0,06-JUL-2020,
OPTSTK,ASHOKLEY,27-Aug-2020,36,PE,0,0,0,3.75,0.3,0,0,0,0,06-JUL-2020,
OPTSTK,ASHOKLEY,27-Aug-2020,37,PE,0,0,0,4.2,0.4,0,0,0,0,06-JUL-2020,
OPTSTK,ASHOKLEY,27-Aug-2020,38,PE,0,0,0,4.6,0.5,0,0,0,0,06-JUL-2020,
OPTSTK,ASHOKLEY,27-Aug-2020,39,PE,0,0,0,5.05,0.6,0,0,0,0,06-JUL-2020,
OPTSTK,ASHOKLEY,27-Aug-2020,40,PE,0,0,0,5.55,0.75,0,0,0,0,06-JUL-2020,
OPTSTK,ASHOKLEY,27-Aug-2020,41,PE,0,0,0,6.05,0.95,0,0,0,0,06-JUL-2020,
OPTSTK,ASHOKLEY,27-Aug-2020,42,PE,0,0,0,6.55,1.15,0,0,0,0,06-JUL-2020,
OPTSTK,ASHOKLEY,27-Aug-2020,43,PE,0,0,0,7.1,1.4,0,0,0,0,06-JUL-2020,
OPTSTK,ASHOKLEY,27-Aug-2020,44,PE,0,0,0,7.65,1.65,0,0,0,0,06-JUL-2020,
OPTSTK,ASHOKLEY,27-Aug-2020,45,PE,0,0,0,3.6,1.95,0,0,9000,0,06-JUL-2020,
OPTSTK,ASHOKLEY,27-Aug-2020,46,PE,0,0,0,8.85,2.3,0,0,0,0,06-JUL-2020,
OPTSTK,ASHOKLEY,27-Aug-2020,47,PE,0,0,0,9.45,2.65,0,0,0,0,06-JUL-2020,
OPTSTK,ASHOKLEY,27-Aug-2020,48,PE,0,0,0,10.05,3.05,0,0,0,0,06-JUL-2020,
OPTSTK,ASHOKLEY,27-Aug-2020,49,PE,4,4,4,4,4,1,4.77,9000,0,06-JUL-2020,
OPTSTK,ASHOKLEY,27-Aug-2020,50,PE,0,0,0,11.4,3.95,0,0,0,0,06-JUL-2020,
OPTSTK,ASHOKLEY,27-Aug-2020,51,PE,0,0,0,12.05,4.45,0,0,0,0,06-JUL-2020,
OPTSTK,ASHOKLEY,27-Aug-2020,52,PE,0,0,0,5.05,4.95,0,0,9000,0,06-JUL-2020,
OPTSTK,ASHOKLEY,27-Aug-2020,53,PE,0,0,0,13.45,5.5,0,0,0,0,06-JUL-2020,
OPTSTK,ASHOKLEY,27-Aug-2020,54,PE,0,0,0,14.15,6.1,0,0,0,0,06-JUL-2020,
OPTSTK,ASHOKLEY,27-Aug-2020,55,PE,0,0,0,14.9,6.7,0,0,0,0,06-JUL-2020,
OPTSTK,ASHOKLEY,27-Aug-2020,56,PE,0,0,0,15.65,7.35,0,0,0,0,06-JUL-2020,
OPTSTK,ASHOKLEY,27-Aug-2020,57,PE,0,0,0,16.4,8.05,0,0,0,0,06-JUL-2020,
OPTSTK,ASHOKLEY,27-Aug-2020,58,PE,0,0,0,17.2,8.75,0,0,0,0,06-JUL-2020,
OPTSTK,ASHOKLEY,27-Aug-2020,59,PE,0,0,0,17.95,9.45,0,0,0,0,06-JUL-2020,
OPTSTK,ASHOKLEY,27-Aug-2020,60,PE,0,0,0,18.75,10.2,0,0,0,0,06-JUL-2020,
OPTSTK,ASHOKLEY,27-Aug-2020,61,PE,0,0,0,19.55,10.95,0,0,0,0,06-JUL-2020,
OPTSTK,ASHOKLEY,27-Aug-2020,62,PE,0,0,0,20.35,11.75,0,0,0,0,06-JUL-2020,
OPTSTK,ASHOKLEY,27-Aug-2020,63,PE,0,0,0,21.15,12.55,0,0,0,0,06-JUL-2020,
OPTSTK,ASHOKLEY,27-Aug-2020,64,PE,0,0,0,22,13.4,0,0,0,0,06-JUL-2020,
OPTSTK,ASHOKLEY,27-Aug-2020,65,PE,0,0,0,21.1,14.2,0,0,0,0,06-JUL-2020,
OPTSTK,ASHOKLEY,27-Aug-2020,66,PE,0,0,0,21.95,15.05,0,0,0,0,06-JUL-2020,
OPTSTK,ASHOKLEY,24-Sep-2020,31,CE,0,0,0,23.3,21.25,0,0,0,0,06-JUL-2020,
OPTSTK,ASHOKLEY,24-Sep-2020,32,CE,0,0,0,22.4,20.3,0,0,0,0,06-JUL-2020,
OPTSTK,ASHOKLEY,24-Sep-2020,33,CE,0,0,0,21.55,19.4,0,0,0,0,06-JUL-2020,
OPTSTK,ASHOKLEY,24-Sep-2020,34,CE,0,0,0,20.7,18.5,0,0,0,0,06-JUL-2020,
OPTSTK,ASHOKLEY,24-Sep-2020,35,CE,0,0,0,19.85,17.6,0,0,0,0,06-JUL-2020,
OPTSTK,ASHOKLEY,24-Sep-2020,36,CE,0,0,0,19.05,16.75,0,0,0,0,06-JUL-2020,
OPTSTK,ASHOKLEY,24-Sep-2020,37,CE,0,0,0,18.25,15.9,0,0,0,0,06-JUL-2020,
OPTSTK,ASHOKLEY,24-Sep-2020,38,CE,0,0,0,17.45,15.1,0,0,0,0,06-JUL-2020,
OPTSTK,ASHOKLEY,24-Sep-2020,39,CE,0,0,0,16.7,14.3,0,0,0,0,06-JUL-2020,
OPTSTK,ASHOKLEY,24-Sep-2020,40,CE,0,0,0,16,13.5,0,0,0,0,06-JUL-2020,
OPTSTK,ASHOKLEY,24-Sep-2020,41,CE,0,0,0,15.3,12.75,0,0,0,0,06-JUL-2020,
OPTSTK,ASHOKLEY,24-Sep-2020,42,CE,0,0,0,14.6,12.05,0,0,0,0,06-JUL-2020,
OPTSTK,ASHOKLEY,24-Sep-2020,43,CE,0,0,0,13.9,11.35,0,0,0,0,06-JUL-2020,
OPTSTK,ASHOKLEY,24-Sep-2020,44,CE,0,0,0,13.25,10.65,0,0,0,0,06-JUL-2020,
OPTSTK,ASHOKLEY,24-Sep-2020,45,CE,0,0,0,12.65,10.05,0,0,0,0,06-JUL-2020,
OPTSTK,ASHOKLEY,24-Sep-2020,46,CE,0,0,0,12.05,9.4,0,0,0,0,06-JUL-2020,
OPTSTK,ASHOKLEY,24-Sep-2020,47,CE,0,0,0,11.45,8.8,0,0,0,0,06-JUL-2020,
OPTSTK,ASHOKLEY,24-Sep-2020,48,CE,0,0,0,10.9,8.25,0,0,0,0,06-JUL-2020,
OPTSTK,ASHOKLEY,24-Sep-2020,49,CE,0,0,0,10.4,7.75,0,0,0,0,06-JUL-2020,
OPTSTK,ASHOKLEY,24-Sep-2020,50,CE,0,0,0,9.85,7.2,0,0,0,0,06-JUL-2020,
OPTSTK,ASHOKLEY,24-Sep-2020,51,CE,0,0,0,9.4,6.75,0,0,0,0,06-JUL-2020,
OPTSTK,ASHOKLEY,24-Sep-2020,52,CE,0,0,0,8.9,6.3,0,0,0,0,06-JUL-2020,
OPTSTK,ASHOKLEY,24-Sep-2020,53,CE,0,0,0,8.45,5.85,0,0,0,0,06-JUL-2020,
OPTSTK,ASHOKLEY,24-Sep-2020,54,CE,0,0,0,8,5.45,0,0,0,0,06-JUL-2020,
OPTSTK,ASHOKLEY,24-Sep-2020,55,CE,0,0,0,7.6,5.05,0,0,0,0,06-JUL-2020,
OPTSTK,ASHOKLEY,24-Sep-2020,56,CE,0,0,0,7.2,4.7,0,0,0,0,06-JUL-2020,
OPTSTK,ASHOKLEY,24-Sep-2020,57,CE,0,0,0,6.85,4.4,0,0,0,0,06-JUL-2020,
OPTSTK,ASHOKLEY,24-Sep-2020,58,CE,0,0,0,6.5,4.05,0,0,0,0,06-JUL-2020,
OPTSTK,ASHOKLEY,24-Sep-2020,59,CE,0,0,0,6.15,3.75,0,0,0,0,06-JUL-2020,
OPTSTK,ASHOKLEY,24-Sep-2020,60,CE,0,0,0,5.8,3.5,0,0,0,0,06-JUL-2020,
OPTSTK,ASHOKLEY,24-Sep-2020,61,CE,0,0,0,5.5,3.25,0,0,0,0,06-JUL-2020,
OPTSTK,ASHOKLEY,24-Sep-2020,62,CE,0,0,0,5.2,3,0,0,0,0,06-JUL-2020,
OPTSTK,ASHOKLEY,24-Sep-2020,63,CE,0,0,0,4.95,2.75,0,0,0,0,06-JUL-2020,
OPTSTK,ASHOKLEY,24-Sep-2020,64,CE,0,0,0,4.65,2.55,0,0,0,0,06-JUL-2020,
OPTSTK,ASHOKLEY,24-Sep-2020,65,CE,0,0,0,4.4,2.35,0,0,0,0,06-JUL-2020,
OPTSTK,ASHOKLEY,24-Sep-2020,66,CE,0,0,0,4.15,2.15,0,0,0,0,06-JUL-2020,
OPTSTK,ASHOKLEY,24-Sep-2020,31,PE,0,0,0,0.5,0.2,0,0,0,0,06-JUL-2020,
OPTSTK,ASHOKLEY,24-Sep-2020,32,PE,0,0,0,0.6,0.25,0,0,0,0,06-JUL-2020,
OPTSTK,ASHOKLEY,24-Sep-2020,33,PE,0,0,0,0.7,0.35,0,0,0,0,06-JUL-2020,
OPTSTK,ASHOKLEY,24-Sep-2020,34,PE,0,0,0,0.85,0.45,0,0,0,0,06-JUL-2020,
OPTSTK,ASHOKLEY,24-Sep-2020,35,PE,0,0,0,1,0.55,0,0,0,0,06-JUL-2020,
OPTSTK,ASHOKLEY,24-Sep-2020,36,PE,0,0,0,1.15,0.65,0,0,0,0,06-JUL-2020,
OPTSTK,ASHOKLEY,24-Sep-2020,37,PE,0,0,0,1.35,0.8,0,0,0,0,06-JUL-2020,
OPTSTK,ASHOKLEY,24-Sep-2020,38,PE,0,0,0,1.6,1,0,0,0,0,06-JUL-2020,
OPTSTK,ASHOKLEY,24-Sep-2020,39,PE,0,0,0,1.8,1.15,0,0,0,0,06-JUL-2020,
OPTSTK,ASHOKLEY,24-Sep-2020,40,PE,0,0,0,2.05,1.4,0,0,0,0,06-JUL-2020,
OPTSTK,ASHOKLEY,24-Sep-2020,41,PE,0,0,0,2.35,1.65,0,0,0,0,06-JUL-2020,
OPTSTK,ASHOKLEY,24-Sep-2020,42,PE,0,0,0,2.65,1.9,0,0,0,0,06-JUL-2020,
OPTSTK,ASHOKLEY,24-Sep-2020,43,PE,0,0,0,2.95,2.2,0,0,0,0,06-JUL-2020,
OPTSTK,ASHOKLEY,24-Sep-2020,44,PE,0,0,0,3.3,2.5,0,0,0,0,06-JUL-2020,
OPTSTK,ASHOKLEY,24-Sep-2020,45,PE,0,0,0,4,2.85,0,0,9000,0,06-JUL-2020,
OPTSTK,ASHOKLEY,24-Sep-2020,46,PE,0,0,0,4.05,3.25,0,0,0,0,06-JUL-2020,
OPTSTK,ASHOKLEY,24-Sep-2020,47,PE,0,0,0,4.5,3.65,0,0,0,0,06-JUL-2020,
OPTSTK,ASHOKLEY,24-Sep-2020,48,PE,0,0,0,4.9,4.05,0,0,0,0,06-JUL-2020,
OPTSTK,ASHOKLEY,24-Sep-2020,49,PE,0,0,0,5.35,4.55,0,0,0,0,06-JUL-2020,
OPTSTK,ASHOKLEY,24-Sep-2020,50,PE,0,0,0,5.85,5,0,0,0,0,06-JUL-2020,
OPTSTK,ASHOKLEY,24-Sep-2020,51,PE,0,0,0,6.35,5.5,0,0,0,0,06-JUL-2020,
OPTSTK,ASHOKLEY,24-Sep-2020,52,PE,0,0,0,6.85,6.05,0,0,0,0,06-JUL-2020,
OPTSTK,ASHOKLEY,24-Sep-2020,53,PE,0,0,0,7.4,6.6,0,0,0,0,06-JUL-2020,
OPTSTK,ASHOKLEY,24-Sep-2020,54,PE,0,0,0,7.95,7.2,0,0,0,0,06-JUL-2020,
OPTSTK,ASHOKLEY,24-Sep-2020,55,PE,0,0,0,8.5,7.8,0,0,0,0,06-JUL-2020,
OPTSTK,ASHOKLEY,24-Sep-2020,56,PE,0,0,0,9.1,8.45,0,0,0,0,06-JUL-2020,
OPTSTK,ASHOKLEY,24-Sep-2020,57,PE,0,0,0,9.75,9.1,0,0,0,0,06-JUL-2020,
OPTSTK,ASHOKLEY,24-Sep-2020,58,PE,0,0,0,10.35,9.75,0,0,0,0,06-JUL-2020,
OPTSTK,ASHOKLEY,24-Sep-2020,59,PE,0,0,0,11,10.45,0,0,0,0,06-JUL-2020,
OPTSTK,ASHOKLEY,24-Sep-2020,60,PE,0,0,0,11.65,11.2,0,0,0,0,06-JUL-2020,
OPTSTK,ASHOKLEY,24-Sep-2020,61,PE,0,0,0,12.35,11.9,0,0,0,0,06-JUL-2020,
OPTSTK,ASHOKLEY,24-Sep-2020,62,PE,0,0,0,13.05,12.65,0,0,0,0,06-JUL-2020,
OPTSTK,ASHOKLEY,24-Sep-2020,63,PE,0,0,0,13.75,13.45,0,0,0,0,06-JUL-2020,
OPTSTK,ASHOKLEY,24-Sep-2020,64,PE,0,0,0,14.45,14.2,0,0,0,0,06-JUL-2020,
OPTSTK,ASHOKLEY,24-Sep-2020,65,PE,0,0,0,15.2,15,0,0,0,0,06-JUL-2020,
OPTSTK,ASHOKLEY,24-Sep-2020,66,PE,0,0,0,15.95,15.8,0,0,0,0,06-JUL-2020,
OPTSTK,ASIANPAINT,30-Jul-2020,1300,CE,0,0,0,439.1,412.45,0,0,0,0,06-JUL-2020,
OPTSTK,ASIANPAINT,30-Jul-2020,1320,CE,0,0,0,424.15,392.5,0,0,0,0,06-JUL-2020,
OPTSTK,ASIANPAINT,30-Jul-2020,1340,CE,0,0,0,409.5,372.6,0,0,0,0,06-JUL-2020,
OPTSTK,ASIANPAINT,30-Jul-2020,1360,CE,0,0,0,464.1,352.7,0,0,0,0,06-JUL-2020,
OPTSTK,ASIANPAINT,30-Jul-2020,1380,CE,0,0,0,449.05,332.85,0,0,0,0,06-JUL-2020,
OPTSTK,ASIANPAINT,30-Jul-2020,1400,CE,0,0,0,290.35,313,0,0,600,0,06-JUL-2020,
OPTSTK,ASIANPAINT,30-Jul-2020,1420,CE,0,0,0,419.95,293.3,0,0,0,0,06-JUL-2020,
OPTSTK,ASIANPAINT,30-Jul-2020,1440,CE,0,0,0,405.85,273.65,0,0,0,0,06-JUL-2020,
OPTSTK,ASIANPAINT,30-Jul-2020,1460,CE,0,0,0,392,254.2,0,0,0,0,06-JUL-2020,
OPTSTK,ASIANPAINT,30-Jul-2020,1480,CE,0,0,0,378.5,235,0,0,0,0,06-JUL-2020,
OPTSTK,ASIANPAINT,30-Jul-2020,1500,CE,0,0,0,195,216.05,0,0,1500,0,06-JUL-2020,
OPTSTK,ASIANPAINT,30-Jul-2020,1520,CE,0,0,0,352.45,197.5,0,0,0,0,06-JUL-2020,
OPTSTK,ASIANPAINT,30-Jul-2020,1540,CE,0,0,0,164,179.4,0,0,600,0,06-JUL-2020,
OPTSTK,ASIANPAINT,30-Jul-2020,1560,CE,0,0,0,327.6,161.9,0,0,0,0,06-JUL-2020,
OPTSTK,ASIANPAINT,30-Jul-2020,1580,CE,0,0,0,315.65,145.05,0,0,0,0,06-JUL-2020,
OPTSTK,ASIANPAINT,30-Jul-2020,1600,CE,121.1,132,121.1,130.95,130.95,6,31.1,9600,-300,06-JUL-2020,
OPTSTK,ASIANPAINT,30-Jul-2020,1620,CE,0,0,0,109.2,113.85,0,0,4200,0,06-JUL-2020,
OPTSTK,ASIANPAINT,30-Jul-2020,1640,CE,104.4,104.4,104.4,104.4,99.65,1,5.23,5400,0,06-JUL-2020,
OPTSTK,ASIANPAINT,30-Jul-2020,1660,CE,80.35,89.75,80.25,89.75,89.75,7,36.62,6900,300,06-JUL-2020,
OPTSTK,ASIANPAINT,30-Jul-2020,1680,CE,74,77.35,67.75,76.45,76.45,73,383.89,19500,-600,06-JUL-2020,
OPTSTK,ASIANPAINT,30-Jul-2020,1700,CE,64.15,67.05,56.85,65.8,65.8,586,3098.95,96900,7500,06-JUL-2020,
OPTSTK,ASIANPAINT,30-Jul-2020,1720,CE,55.55,57.8,48,56.4,56.4,478,2544.18,76800,7800,06-JUL-2020,
OPTSTK,ASIANPAINT,30-Jul-2020,1740,CE,47.7,48.75,40,47.3,47.3,419,2244.24,89400,-9000,06-JUL-2020,
OPTSTK,ASIANPAINT,30-Jul-2020,1760,CE,37,41,33.7,39.9,39.9,248,1337.87,48900,300,06-JUL-2020,
OPTSTK,ASIANPAINT,30-Jul-2020,1780,CE,30.1,33,27.5,32.75,32.75,54,293.39,25500,300,06-JUL-2020,
OPTSTK,ASIANPAINT,30-Jul-2020,1800,CE,27.05,28,22.65,26.95,26.95,448,2453.84,173700,4200,06-JUL-2020,
OPTSTK,ASIANPAINT,30-Jul-2020,1820,CE,18.65,22.95,18.65,22.1,22.1,48,265.09,26100,-1500,06-JUL-2020,
OPTSTK,ASIANPAINT,30-Jul-2020,1840,CE,16.9,20,16,19.3,19.3,12,66.88,20700,-300,06-JUL-2020,
OPTSTK,ASIANPAINT,30-Jul-2020,1860,CE,14.5,15.15,12.35,14.7,14.7,25,140.55,34500,900,06-JUL-2020,
OPTSTK,ASIANPAINT,30-Jul-2020,1880,CE,10,11.95,10,11.85,9.9,7,39.71,3300,-900,06-JUL-2020,
OPTSTK,ASIANPAINT,30-Jul-2020,1900,CE,10,10.25,8.25,9.95,9.95,213,1219.93,85500,-7800,06-JUL-2020,
OPTSTK,ASIANPAINT,30-Jul-2020,1920,CE,6.85,7.9,6.8,6.8,5.9,5,28.9,5400,-300,06-JUL-2020,
OPTSTK,ASIANPAINT,30-Jul-2020,1940,CE,0,0,0,4.8,4.5,0,0,900,0,06-JUL-2020,
OPTSTK,ASIANPAINT,30-Jul-2020,1960,CE,0,0,0,4.15,3.4,0,0,1200,0,06-JUL-2020,
OPTSTK,ASIANPAINT,30-Jul-2020,1980,CE,0,0,0,140.2,2.55,0,0,0,0,06-JUL-2020,
OPTSTK,ASIANPAINT,30-Jul-2020,2000,CE,3.2,3.55,2.95,3.5,3.5,77,462.73,128100,-3000,06-JUL-2020,
OPTSTK,ASIANPAINT,30-Jul-2020,2020,CE,3,3,2,2,1.4,2,12.13,3900,0,06-JUL-2020,
OPTSTK,ASIANPAINT,30-Jul-2020,2040,CE,0,0,0,4.45,1,0,0,1500,0,06-JUL-2020,
OPTSTK,ASIANPAINT,30-Jul-2020,2060,CE,2,2,1.95,2,2,5,30.92,8400,-600,06-JUL-2020,
OPTSTK,ASIANPAINT,30-Jul-2020,1300,PE,1,1,1,1,1,2,7.8,8400,-600,06-JUL-2020,
OPTSTK,ASIANPAINT,30-Jul-2020,1320,PE,0,0,0,50.8,0.05,0,0,0,0,06-JUL-2020,
OPTSTK,ASIANPAINT,30-Jul-2020,1340,PE,0,0,0,55.9,0.05,0,0,0,0,06-JUL-2020,
OPTSTK,ASIANPAINT,30-Jul-2020,1360,PE,0,0,0,0.4,0.1,0,0,600,0,06-JUL-2020,
OPTSTK,ASIANPAINT,30-Jul-2020,1380,PE,0,0,0,52.9,0.2,0,0,0,0,06-JUL-2020,
OPTSTK,ASIANPAINT,30-Jul-2020,1400,PE,3,3.1,1.45,1.75,1.75,22,92.54,30900,2400,06-JUL-2020,
OPTSTK,ASIANPAINT,30-Jul-2020,1420,PE,0,0,0,63.25,0.55,0,0,0,0,06-JUL-2020,
OPTSTK,ASIANPAINT,30-Jul-2020,1440,PE,0,0,0,2.5,0.85,0,0,1500,0,06-JUL-2020,
OPTSTK,ASIANPAINT,30-Jul-2020,1460,PE,0,0,0,74.8,1.35,0,0,0,0,06-JUL-2020,
OPTSTK,ASIANPAINT,30-Jul-2020,1480,PE,3.45,3.45,3.45,3.45,2.05,1,4.45,8100,-300,06-JUL-2020,
OPTSTK,ASIANPAINT,30-Jul-2020,1500,PE,5.95,6.5,4.75,4.95,4.95,217,980.09,118200,-7500,06-JUL-2020,
OPTSTK,ASIANPAINT,30-Jul-2020,1520,PE,7,7,7,7,4.45,1,4.58,2100,-300,06-JUL-2020,
OPTSTK,ASIANPAINT,30-Jul-2020,1540,PE,10.5,10.5,8.5,9.05,6.3,29,134.78,11400,-300,06-JUL-2020,
OPTSTK,ASIANPAINT,30-Jul-2020,1560,PE,12.25,12.25,12,12,8.75,2,9.43,20100,0,06-JUL-2020,
OPTSTK,ASIANPAINT,30-Jul-2020,1580,PE,12.85,15,12.85,14,14,5,23.9,12300,-300,06-JUL-2020,
OPTSTK,ASIANPAINT,30-Jul-2020,1600,PE,16.75,22.4,16.65,18.45,18.45,251,1219.36,110400,-5700,06-JUL-2020,
OPTSTK,ASIANPAINT,30-Jul-2020,1620,PE,29,29,22.5,22.5,22.5,45,222,33000,5100,06-JUL-2020,
OPTSTK,ASIANPAINT,30-Jul-2020,1640,PE,32.5,35.25,28.2,28.6,28.6,60,300.71,49800,2100,06-JUL-2020,
OPTSTK,ASIANPAINT,30-Jul-2020,1660,PE,39.25,43.6,34.6,35.15,35.15,181,921.7,52200,16200,06-JUL-2020,
OPTSTK,ASIANPAINT,30-Jul-2020,1680,PE,47.95,52,42.2,42.85,42.85,162,838.3,45900,-1200,06-JUL-2020,
OPTSTK,ASIANPAINT,30-Jul-2020,1700,PE,57.95,62.25,50.95,51.7,51.7,222,1168.75,54300,3900,06-JUL-2020,
OPTSTK,ASIANPAINT,30-Jul-2020,1720,PE,73.5,73.5,60.65,62.2,62.2,31,165.95,11400,600,06-JUL-2020,
OPTSTK,ASIANPAINT,30-Jul-2020,1740,PE,78.85,78.85,73,73.2,73.2,15,81.65,14700,1200,06-JUL-2020,
OPTSTK,ASIANPAINT,30-Jul-2020,1760,PE,93,93,87.2,87.2,83.5,12,66.55,5400,0,06-JUL-2020,
OPTSTK,ASIANPAINT,30-Jul-2020,1780,PE,0,0,0,120.55,96.8,0,0,3000,0,06-JUL-2020,
OPTSTK,ASIANPAINT,30-Jul-2020,1800,PE,125,125,115.35,115.35,111,4,23.03,6300,300,06-JUL-2020,
OPTSTK,ASIANPAINT,30-Jul-2020,1820,PE,0,0,0,130,126.15,0,0,1200,0,06-JUL-2020,
OPTSTK,ASIANPAINT,30-Jul-2020,1840,PE,0,0,0,246.85,142.05,0,0,0,0,06-JUL-2020,
OPTSTK,ASIANPAINT,30-Jul-2020,1860,PE,0,0,0,258.9,158.65,0,0,0,0,06-JUL-2020,
OPTSTK,ASIANPAINT,30-Jul-2020,1880,PE,0,0,0,271.15,175.85,0,0,0,0,06-JUL-2020,
OPTSTK,ASIANPAINT,30-Jul-2020,1900,PE,0,0,0,283.7,193.55,0,0,0,0,06-JUL-2020,
OPTSTK,ASIANPAINT,30-Jul-2020,1920,PE,0,0,0,296.5,211.75,0,0,0,0,06-JUL-2020,
OPTSTK,ASIANPAINT,30-Jul-2020,1940,PE,0,0,0,309.6,230.25,0,0,0,0,06-JUL-2020,
OPTSTK,ASIANPAINT,30-Jul-2020,1960,PE,0,0,0,322.85,249.1,0,0,0,0,06-JUL-2020,
OPTSTK,ASIANPAINT,30-Jul-2020,1980,PE,0,0,0,336.4,268.2,0,0,0,0,06-JUL-2020,
OPTSTK,ASIANPAINT,30-Jul-2020,2000,PE,0,0,0,350.15,287.5,0,0,0,0,06-JUL-2020,
OPTSTK,ASIANPAINT,30-Jul-2020,2020,PE,0,0,0,364.15,306.95,0,0,0,0,06-JUL-2020,
OPTSTK,ASIANPAINT,30-Jul-2020,2040,PE,0,0,0,378.35,326.5,0,0,0,0,06-JUL-2020,
OPTSTK,ASIANPAINT,30-Jul-2020,2060,PE,0,0,0,392.8,346.2,0,0,0,0,06-JUL-2020,
OPTSTK,ASIANPAINT,27-Aug-2020,1300,CE,0,0,0,395,417.35,0,0,0,0,06-JUL-2020,
OPTSTK,ASIANPAINT,27-Aug-2020,1320,CE,0,0,0,379.55,397.75,0,0,0,0,06-JUL-2020,
OPTSTK,ASIANPAINT,27-Aug-2020,1340,CE,0,0,0,364.45,378.3,0,0,0,0,06-JUL-2020,
OPTSTK,ASIANPAINT,27-Aug-2020,1360,CE,0,0,0,349.7,359,0,0,0,0,06-JUL-2020,
OPTSTK,ASIANPAINT,27-Aug-2020,1380,CE,0,0,0,335.3,339.8,0,0,0,0,06-JUL-2020,
OPTSTK,ASIANPAINT,27-Aug-2020,1400,CE,0,0,0,321.3,320.85,0,0,0,0,06-JUL-2020,
OPTSTK,ASIANPAINT,27-Aug-2020,1420,CE,0,0,0,307.6,302.2,0,0,0,0,06-JUL-2020,
OPTSTK,ASIANPAINT,27-Aug-2020,1440,CE,0,0,0,294.35,283.8,0,0,0,0,06-JUL-2020,
OPTSTK,ASIANPAINT,27-Aug-2020,1460,CE,0,0,0,281.35,265.7,0,0,0,0,06-JUL-2020,
OPTSTK,ASIANPAINT,27-Aug-2020,1480,CE,0,0,0,268.85,248.05,0,0,0,0,06-JUL-2020,
OPTSTK,ASIANPAINT,27-Aug-2020,1500,CE,0,0,0,256.75,230.85,0,0,0,0,06-JUL-2020,
OPTSTK,ASIANPAINT,27-Aug-2020,1520,CE,0,0,0,245,214.1,0,0,0,0,06-JUL-2020,
OPTSTK,ASIANPAINT,27-Aug-2020,1540,CE,0,0,0,233.65,197.95,0,0,0,0,06-JUL-2020,
OPTSTK,ASIANPAINT,27-Aug-2020,1560,CE,0,0,0,222.7,182.35,0,0,0,0,06-JUL-2020,
OPTSTK,ASIANPAINT,27-Aug-2020,1580,CE,0,0,0,212.1,167.4,0,0,0,0,06-JUL-2020,
OPTSTK,ASIANPAINT,27-Aug-2020,1600,CE,0,0,0,201.9,153.15,0,0,0,0,06-JUL-2020,
OPTSTK,ASIANPAINT,27-Aug-2020,1620,CE,0,0,0,192.05,139.55,0,0,0,0,06-JUL-2020,
OPTSTK,ASIANPAINT,27-Aug-2020,1640,CE,0,0,0,182.6,126.7,0,0,0,0,06-JUL-2020,
OPTSTK,ASIANPAINT,27-Aug-2020,1660,CE,0,0,0,173.5,114.65,0,0,0,0,06-JUL-2020,
OPTSTK,ASIANPAINT,27-Aug-2020,1680,CE,0,0,0,164.8,103.3,0,0,0,0,06-JUL-2020,
OPTSTK,ASIANPAINT,27-Aug-2020,1700,CE,0,0,0,156.4,92.75,0,0,0,0,06-JUL-2020,
OPTSTK,ASIANPAINT,27-Aug-2020,1720,CE,0,0,0,77.5,82.95,0,0,0,0,06-JUL-2020,
OPTSTK,ASIANPAINT,27-Aug-2020,1740,CE,0,0,0,140.65,73.9,0,0,0,0,06-JUL-2020,
OPTSTK,ASIANPAINT,27-Aug-2020,1760,CE,0,0,0,133.3,65.55,0,0,0,0,06-JUL-2020,
OPTSTK,ASIANPAINT,27-Aug-2020,1780,CE,0,0,0,55.95,57.95,0,0,600,0,06-JUL-2020,
OPTSTK,ASIANPAINT,27-Aug-2020,1800,CE,0,0,0,119.5,51.05,0,0,0,0,06-JUL-2020,
OPTSTK,ASIANPAINT,27-Aug-2020,1820,CE,0,0,0,113.05,44.8,0,0,0,0,06-JUL-2020,
OPTSTK,ASIANPAINT,27-Aug-2020,1840,CE,0,0,0,106.9,39.15,0,0,0,0,06-JUL-2020,
OPTSTK,ASIANPAINT,27-Aug-2020,1860,CE,0,0,0,101.05,34.1,0,0,0,0,06-JUL-2020,
OPTSTK,ASIANPAINT,27-Aug-2020,1880,CE,0,0,0,95.5,29.6,0,0,0,0,06-JUL-2020,
OPTSTK,ASIANPAINT,27-Aug-2020,1900,CE,0,0,0,90.2,25.55,0,0,0,0,06-JUL-2020,
OPTSTK,ASIANPAINT,27-Aug-2020,1920,CE,0,0,0,85.2,22,0,0,0,0,06-JUL-2020,
OPTSTK,ASIANPAINT,27-Aug-2020,1940,CE,0,0,0,80.4,18.9,0,0,0,0,06-JUL-2020,
OPTSTK,ASIANPAINT,27-Aug-2020,1960,CE,0,0,0,75.85,16.15,0,0,0,0,06-JUL-2020,
OPTSTK,ASIANPAINT,27-Aug-2020,1980,CE,0,0,0,71.55,13.75,0,0,0,0,06-JUL-2020,
OPTSTK,ASIANPAINT,27-Aug-2020,2000,CE,18,18,18,18,11.7,1,6.05,900,300,06-JUL-2020,
OPTSTK,ASIANPAINT,27-Aug-2020,2020,CE,0,0,0,63.55,9.9,0,0,0,0,06-JUL-2020,
OPTSTK,ASIANPAINT,27-Aug-2020,2040,CE,0,0,0,59.85,8.35,0,0,0,0,06-JUL-2020,
OPTSTK,ASIANPAINT,27-Aug-2020,2060,CE,0,0,0,56.3,7,0,0,0,0,06-JUL-2020,
OPTSTK,ASIANPAINT,27-Aug-2020,1300,PE,0,0,0,35.6,0.7,0,0,0,0,06-JUL-2020,
OPTSTK,ASIANPAINT,27-Aug-2020,1320,PE,0,0,0,39.9,1,0,0,0,0,06-JUL-2020,
OPTSTK,ASIANPAINT,27-Aug-2020,1340,PE,0,0,0,44.55,1.4,0,0,0,0,06-JUL-2020,
OPTSTK,ASIANPAINT,27-Aug-2020,1360,PE,0,0,0,49.6,1.95,0,0,0,0,06-JUL-2020,
OPTSTK,ASIANPAINT,27-Aug-2020,1380,PE,0,0,0,54.95,2.7,0,0,0,0,06-JUL-2020,
OPTSTK,ASIANPAINT,27-Aug-2020,1400,PE,0,0,0,60.7,3.6,0,0,0,0,06-JUL-2020,
OPTSTK,ASIANPAINT,27-Aug-2020,1420,PE,0,0,0,66.8,4.8,0,0,0,0,06-JUL-2020,
OPTSTK,ASIANPAINT,27-Aug-2020,1440,PE,0,0,0,73.25,6.3,0,0,0,0,06-JUL-2020,
OPTSTK,ASIANPAINT,27-Aug-2020,1460,PE,0,0,0,80.05,8.1,0,0,0,0,06-JUL-2020,
OPTSTK,ASIANPAINT,27-Aug-2020,1480,PE,0,0,0,87.3,10.3,0,0,0,0,06-JUL-2020,
OPTSTK,ASIANPAINT,27-Aug-2020,1500,PE,15.95,15.95,15.95,15.95,13,2,9.09,900,600,06-JUL-2020,
OPTSTK,ASIANPAINT,27-Aug-2020,1520,PE,0,0,0,102.95,16.15,0,0,0,0,06-JUL-2020,
OPTSTK,ASIANPAINT,27-Aug-2020,1540,PE,0,0,0,111.35,19.85,0,0,0,0,06-JUL-2020,
OPTSTK,ASIANPAINT,27-Aug-2020,1560,PE,0,0,0,120.15,24.15,0,0,0,0,06-JUL-2020,
OPTSTK,ASIANPAINT,27-Aug-2020,1580,PE,0,0,0,129.35,29.05,0,0,0,0,06-JUL-2020,
OPTSTK,ASIANPAINT,27-Aug-2020,1600,PE,0,0,0,138.9,34.65,0,0,0,0,06-JUL-2020,
OPTSTK,ASIANPAINT,27-Aug-2020,1620,PE,0,0,0,60.05,41,0,0,300,0,06-JUL-2020,
OPTSTK,ASIANPAINT,27-Aug-2020,1640,PE,0,0,0,159.1,48,0,0,0,0,06-JUL-2020,
OPTSTK,ASIANPAINT,27-Aug-2020,1660,PE,0,0,0,169.75,55.8,0,0,0,0,06-JUL-2020,
OPTSTK,ASIANPAINT,27-Aug-2020,1680,PE,0,0,0,180.8,64.35,0,0,0,0,06-JUL-2020,
OPTSTK,ASIANPAINT,27-Aug-2020,1700,PE,0,0,0,192.15,73.65,0,0,0,0,06-JUL-2020,
OPTSTK,ASIANPAINT,27-Aug-2020,1720,PE,0,0,0,203.9,83.75,0,0,0,0,06-JUL-2020,
OPTSTK,ASIANPAINT,27-Aug-2020,1740,PE,0,0,0,215.95,94.6,0,0,0,0,06-JUL-2020,
OPTSTK,ASIANPAINT,27-Aug-2020,1760,PE,0,0,0,228.3,106.15,0,0,0,0,06-JUL-2020,
OPTSTK,ASIANPAINT,27-Aug-2020,1780,PE,0,0,0,241,118.4,0,0,0,0,06-JUL-2020,
OPTSTK,ASIANPAINT,27-Aug-2020,1800,PE,0,0,0,254.05,131.4,0,0,0,0,06-JUL-2020,
OPTSTK,ASIANPAINT,27-Aug-2020,1820,PE,0,0,0,267.35,145,0,0,0,0,06-JUL-2020,
OPTSTK,ASIANPAINT,27-Aug-2020,1840,PE,0,0,0,281,159.25,0,0,0,0,06-JUL-2020,
OPTSTK,ASIANPAINT,27-Aug-2020,1860,PE,0,0,0,294.9,174.05,0,0,0,0,06-JUL-2020,
OPTSTK,ASIANPAINT,27-Aug-2020,1880,PE,0,0,0,309.05,189.45,0,0,0,0,06-JUL-2020,
OPTSTK,ASIANPAINT,27-Aug-2020,1900,PE,0,0,0,323.5,205.3,0,0,0,0,06-JUL-2020,
OPTSTK,ASIANPAINT,27-Aug-2020,1920,PE,0,0,0,338.3,221.65,0,0,0,0,06-JUL-2020,
OPTSTK,ASIANPAINT,27-Aug-2020,1940,PE,0,0,0,353.25,238.4,0,0,0,0,06-JUL-2020,
OPTSTK,ASIANPAINT,27-Aug-2020,1960,PE,0,0,0,368.45,255.55,0,0,0,0,06-JUL-2020,
OPTSTK,ASIANPAINT,27-Aug-2020,1980,PE,0,0,0,383.9,273,0,0,0,0,06-JUL-2020,
OPTSTK,ASIANPAINT,27-Aug-2020,2000,PE,0,0,0,399.55,290.8,0,0,0,0,06-JUL-2020,
OPTSTK,ASIANPAINT,27-Aug-2020,2020,PE,0,0,0,415.4,308.9,0,0,0,0,06-JUL-2020,
OPTSTK,ASIANPAINT,27-Aug-2020,2040,PE,0,0,0,431.5,327.25,0,0,0,0,06-JUL-2020,
OPTSTK,ASIANPAINT,27-Aug-2020,2060,PE,0,0,0,447.7,345.8,0,0,0,0,06-JUL-2020,
OPTSTK,ASIANPAINT,24-Sep-2020,1300,CE,0,0,0,418.7,423.6,0,0,0,0,06-JUL-2020,
OPTSTK,ASIANPAINT,24-Sep-2020,1320,CE,0,0,0,401.4,404.6,0,0,0,0,06-JUL-2020,
OPTSTK,ASIANPAINT,24-Sep-2020,1340,CE,0,0,0,384.45,385.75,0,0,0,0,06-JUL-2020,
OPTSTK,ASIANPAINT,24-Sep-2020,1360,CE,0,0,0,367.8,367.2,0,0,0,0,06-JUL-2020,
OPTSTK,ASIANPAINT,24-Sep-2020,1380,CE,0,0,0,351.45,348.85,0,0,0,0,06-JUL-2020,
OPTSTK,ASIANPAINT,24-Sep-2020,1400,CE,0,0,0,335.5,330.8,0,0,0,0,06-JUL-2020,
OPTSTK,ASIANPAINT,24-Sep-2020,1420,CE,0,0,0,319.95,313.05,0,0,0,0,06-JUL-2020,
OPTSTK,ASIANPAINT,24-Sep-2020,1440,CE,0,0,0,304.75,295.7,0,0,0,0,06-JUL-2020,
OPTSTK,ASIANPAINT,24-Sep-2020,1460,CE,0,0,0,290,278.7,0,0,0,0,06-JUL-2020,
OPTSTK,ASIANPAINT,24-Sep-2020,1480,CE,0,0,0,275.65,262.15,0,0,0,0,06-JUL-2020,
OPTSTK,ASIANPAINT,24-Sep-2020,1500,CE,0,0,0,261.7,246.05,0,0,0,0,06-JUL-2020,
OPTSTK,ASIANPAINT,24-Sep-2020,1520,CE,0,0,0,248.1,230.4,0,0,0,0,06-JUL-2020,
OPTSTK,ASIANPAINT,24-Sep-2020,1540,CE,0,0,0,235.05,215.3,0,0,0,0,06-JUL-2020,
OPTSTK,ASIANPAINT,24-Sep-2020,1560,CE,0,0,0,222.4,200.75,0,0,0,0,06-JUL-2020,
OPTSTK,ASIANPAINT,24-Sep-2020,1580,CE,0,0,0,210.25,186.75,0,0,0,0,06-JUL-2020,
OPTSTK,ASIANPAINT,24-Sep-2020,1600,CE,0,0,0,198.55,173.3,0,0,0,0,06-JUL-2020,
OPTSTK,ASIANPAINT,24-Sep-2020,1620,CE,0,0,0,187.3,160.5,0,0,0,0,06-JUL-2020,
OPTSTK,ASIANPAINT,24-Sep-2020,1640,CE,0,0,0,176.5,148.3,0,0,0,0,06-JUL-2020,
OPTSTK,ASIANPAINT,24-Sep-2020,1660,CE,0,0,0,166.15,136.65,0,0,0,0,06-JUL-2020,
OPTSTK,ASIANPAINT,24-Sep-2020,1680,CE,0,0,0,156.25,125.7,0,0,0,0,06-JUL-2020,
OPTSTK,ASIANPAINT,24-Sep-2020,1700,CE,0,0,0,146.75,115.3,0,0,0,0,06-JUL-2020,
OPTSTK,ASIANPAINT,24-Sep-2020,1720,CE,0,0,0,137.75,105.55,0,0,0,0,06-JUL-2020,
OPTSTK,ASIANPAINT,24-Sep-2020,1740,CE,0,0,0,129.15,96.4,0,0,0,0,06-JUL-2020,
OPTSTK,ASIANPAINT,24-Sep-2020,1760,CE,0,0,0,120.95,87.85,0,0,0,0,06-JUL-2020,
OPTSTK,ASIANPAINT,24-Sep-2020,1780,CE,0,0,0,113.2,79.85,0,0,0,0,06-JUL-2020,
OPTSTK,ASIANPAINT,24-Sep-2020,1800,CE,0,0,0,105.85,72.45,0,0,0,0,06-JUL-2020,
OPTSTK,ASIANPAINT,24-Sep-2020,1820,CE,0,0,0,98.85,65.6,0,0,0,0,06-JUL-2020,
OPTSTK,ASIANPAINT,24-Sep-2020,1840,CE,0,0,0,92.25,59.2,0,0,0,0,06-JUL-2020,
OPTSTK,ASIANPAINT,24-Sep-2020,1860,CE,0,0,0,86,53.35,0,0,0,0,06-JUL-2020,
OPTSTK,ASIANPAINT,24-Sep-2020,1880,CE,0,0,0,80.15,48,0,0,0,0,06-JUL-2020,
OPTSTK,ASIANPAINT,24-Sep-2020,1900,CE,0,0,0,74.6,43.05,0,0,0,0,06-JUL-2020,
OPTSTK,ASIANPAINT,24-Sep-2020,1920,CE,0,0,0,69.35,38.55,0,0,0,0,06-JUL-2020,
OPTSTK,ASIANPAINT,24-Sep-2020,1940,CE,0,0,0,64.55,34.45,0,0,0,0,06-JUL-2020,
OPTSTK,ASIANPAINT,24-Sep-2020,1960,CE,0,0,0,59.95,30.75,0,0,0,0,06-JUL-2020,
OPTSTK,ASIANPAINT,24-Sep-2020,1980,CE,0,0,0,55.65,27.35,0,0,0,0,06-JUL-2020,
OPTSTK,ASIANPAINT,24-Sep-2020,2000,CE,0,0,0,51.6,24.3,0,0,0,0,06-JUL-2020,
OPTSTK,ASIANPAINT,24-Sep-2020,2020,CE,0,0,0,47.75,21.55,0,0,0,0,06-JUL-2020,
OPTSTK,ASIANPAINT,24-Sep-2020,2040,CE,0,0,0,44.2,19.05,0,0,0,0,06-JUL-2020,
OPTSTK,ASIANPAINT,24-Sep-2020,2060,CE,0,0,0,40.9,16.85,0,0,0,0,06-JUL-2020,
OPTSTK,ASIANPAINT,24-Sep-2020,1300,PE,0,0,0,14.6,2.7,0,0,0,0,06-JUL-2020,
OPTSTK,ASIANPAINT,24-Sep-2020,1320,PE,0,0,0,17.1,3.55,0,0,0,0,06-JUL-2020,
OPTSTK,ASIANPAINT,24-Sep-2020,1340,PE,0,0,0,19.9,4.55,0,0,0,0,06-JUL-2020,
OPTSTK,ASIANPAINT,24-Sep-2020,1360,PE,0,0,0,23,5.8,0,0,0,0,06-JUL-2020,
OPTSTK,ASIANPAINT,24-Sep-2020,1380,PE,0,0,0,26.45,7.25,0,0,0,0,06-JUL-2020,
OPTSTK,ASIANPAINT,24-Sep-2020,1400,PE,0,0,0,30.3,9,0,0,0,0,06-JUL-2020,
OPTSTK,ASIANPAINT,24-Sep-2020,1420,PE,0,0,0,34.45,11.1,0,0,0,0,06-JUL-2020,
OPTSTK,ASIANPAINT,24-Sep-2020,1440,PE,0,0,0,39.05,13.55,0,0,0,0,06-JUL-2020,
OPTSTK,ASIANPAINT,24-Sep-2020,1460,PE,0,0,0,44.1,16.35,0,0,0,0,06-JUL-2020,
OPTSTK,ASIANPAINT,24-Sep-2020,1480,PE,0,0,0,49.45,19.65,0,0,0,0,06-JUL-2020,
OPTSTK,ASIANPAINT,24-Sep-2020,1500,PE,0,0,0,55.3,23.35,0,0,0,0,06-JUL-2020,
OPTSTK,ASIANPAINT,24-Sep-2020,1520,PE,0,0,0,61.45,27.55,0,0,0,0,06-JUL-2020,
OPTSTK,ASIANPAINT,24-Sep-2020,1540,PE,0,0,0,68.15,32.25,0,0,0,0,06-JUL-2020,
OPTSTK,ASIANPAINT,24-Sep-2020,1560,PE,0,0,0,75.3,37.5,0,0,0,0,06-JUL-2020,
OPTSTK,ASIANPAINT,24-Sep-2020,1580,PE,0,0,0,82.9,43.3,0,0,0,0,06-JUL-2020,
OPTSTK,ASIANPAINT,24-Sep-2020,1600,PE,0,0,0,91,49.7,0,0,0,0,06-JUL-2020,
OPTSTK,ASIANPAINT,24-Sep-2020,1620,PE,0,0,0,99.5,56.7,0,0,0,0,06-JUL-2020,
OPTSTK,ASIANPAINT,24-Sep-2020,1640,PE,0,0,0,108.45,64.25,0,0,0,0,06-JUL-2020,
OPTSTK,ASIANPAINT,24-Sep-2020,1660,PE,0,0,0,117.9,72.5,0,0,0,0,06-JUL-2020,
OPTSTK,ASIANPAINT,24-Sep-2020,1680,PE,0,0,0,127.75,81.3,0,0,0,0,06-JUL-2020,
OPTSTK,ASIANPAINT,24-Sep-2020,1700,PE,0,0,0,138.05,90.75,0,0,0,0,06-JUL-2020,
OPTSTK,ASIANPAINT,24-Sep-2020,1720,PE,0,0,0,148.8,100.8,0,0,0,0,06-JUL-2020,
OPTSTK,ASIANPAINT,24-Sep-2020,1740,PE,0,0,0,159.95,111.45,0,0,0,0,06-JUL-2020,
OPTSTK,ASIANPAINT,24-Sep-2020,1760,PE,0,0,0,171.55,122.75,0,0,0,0,06-JUL-2020,
OPTSTK,ASIANPAINT,24-Sep-2020,1780,PE,0,0,0,183.55,134.55,0,0,0,0,06-JUL-2020,
OPTSTK,ASIANPAINT,24-Sep-2020,1800,PE,0,0,0,195.95,146.95,0,0,0,0,06-JUL-2020,
OPTSTK,ASIANPAINT,24-Sep-2020,1820,PE,0,0,0,208.75,159.9,0,0,0,0,06-JUL-2020,
OPTSTK,ASIANPAINT,24-Sep-2020,1840,PE,0,0,0,221.9,173.35,0,0,0,0,06-JUL-2020,
OPTSTK,ASIANPAINT,24-Sep-2020,1860,PE,0,0,0,235.45,187.35,0,0,0,0,06-JUL-2020,
OPTSTK,ASIANPAINT,24-Sep-2020,1880,PE,0,0,0,249.35,201.75,0,0,0,0,06-JUL-2020,
OPTSTK,ASIANPAINT,24-Sep-2020,1900,PE,0,0,0,263.55,216.65,0,0,0,0,06-JUL-2020,
OPTSTK,ASIANPAINT,24-Sep-2020,1920,PE,0,0,0,278.1,231.95,0,0,0,0,06-JUL-2020,
OPTSTK,ASIANPAINT,24-Sep-2020,1940,PE,0,0,0,293.05,247.65,0,0,0,0,06-JUL-2020,
OPTSTK,ASIANPAINT,24-Sep-2020,1960,PE,0,0,0,308.2,263.75,0,0,0,0,06-JUL-2020,
OPTSTK,ASIANPAINT,24-Sep-2020,1980,PE,0,0,0,323.65,280.2,0,0,0,0,06-JUL-2020,
OPTSTK,ASIANPAINT,24-Sep-2020,2000,PE,0,0,0,339.4,296.95,0,0,0,0,06-JUL-2020,
OPTSTK,ASIANPAINT,24-Sep-2020,2020,PE,0,0,0,355.3,314,0,0,0,0,06-JUL-2020,
OPTSTK,ASIANPAINT,24-Sep-2020,2040,PE,0,0,0,371.55,331.35,0,0,0,0,06-JUL-2020,
OPTSTK,ASIANPAINT,24-Sep-2020,2060,PE,0,0,0,388,348.95,0,0,0,0,06-JUL-2020,
OPTSTK,AUROPHARMA,30-Jul-2020,420,CE,0,0,0,255.15,349.05,0,0,0,0,06-JUL-2020,
OPTSTK,AUROPHARMA,30-Jul-2020,440,CE,0,0,0,242.6,329.15,0,0,0,0,06-JUL-2020,
OPTSTK,AUROPHARMA,30-Jul-2020,460,CE,0,0,0,230.65,309.2,0,0,0,0,06-JUL-2020,
OPTSTK,AUROPHARMA,30-Jul-2020,480,CE,0,0,0,219.25,289.25,0,0,0,0,06-JUL-2020,
OPTSTK,AUROPHARMA,30-Jul-2020,500,CE,0,0,0,208.35,269.35,0,0,0,0,06-JUL-2020,
OPTSTK,AUROPHARMA,30-Jul-2020,520,CE,0,0,0,198,249.45,0,0,0,0,06-JUL-2020,
OPTSTK,AUROPHARMA,30-Jul-2020,540,CE,0,0,0,188.15,229.65,0,0,0,0,06-JUL-2020,
OPTSTK,AUROPHARMA,30-Jul-2020,560,CE,0,0,0,178.8,210,0,0,0,0,06-JUL-2020,
OPTSTK,AUROPHARMA,30-Jul-2020,580,CE,0,0,0,169.9,190.55,0,0,0,0,06-JUL-2020,
OPTSTK,AUROPHARMA,30-Jul-2020,600,CE,0,0,0,130,171.5,0,0,1300,0,06-JUL-2020,
OPTSTK,AUROPHARMA,30-Jul-2020,620,CE,0,0,0,153.4,152.9,0,0,0,0,06-JUL-2020,
OPTSTK,AUROPHARMA,30-Jul-2020,640,CE,0,0,0,145.8,134.95,0,0,0,0,06-JUL-2020,
OPTSTK,AUROPHARMA,30-Jul-2020,660,CE,0,0,0,138.55,117.85,0,0,0,0,06-JUL-2020,
OPTSTK,AUROPHARMA,30-Jul-2020,680,CE,0,0,0,119.05,101.75,0,0,1300,0,06-JUL-2020,
OPTSTK,AUROPHARMA,30-Jul-2020,700,CE,84.5,84.5,80,80.05,86.85,4,40.62,9100,0,06-JUL-2020,
OPTSTK,AUROPHARMA,30-Jul-2020,720,CE,68.75,68.75,68.75,68.75,73.25,2,20.5,6500,2600,06-JUL-2020,
OPTSTK,AUROPHARMA,30-Jul-2020,740,CE,55.25,55.25,55.25,55.25,61.05,2,20.67,11700,0,06-JUL-2020,
OPTSTK,AUROPHARMA,30-Jul-2020,760,CE,42.55,43.3,39,41.3,41.3,54,562.6,54600,18200,06-JUL-2020,
OPTSTK,AUROPHARMA,30-Jul-2020,780,CE,39.45,39.65,29.9,31.6,31.6,574,6059.61,171600,42900,06-JUL-2020,
OPTSTK,AUROPHARMA,30-Jul-2020,800,CE,29.5,29.5,22.35,23.8,23.8,921,9868.74,505700,24700,06-JUL-2020,
OPTSTK,AUROPHARMA,30-Jul-2020,820,CE,22.1,22.1,16.5,17.6,17.6,250,2723.78,279500,27300,06-JUL-2020,
OPTSTK,AUROPHARMA,30-Jul-2020,840,CE,15.9,16,11.9,12.7,12.7,244,2705.67,429000,13000,06-JUL-2020,
OPTSTK,AUROPHARMA,30-Jul-2020,860,CE,9.45,10,8.45,9.1,9.1,93,1050.82,239200,-22100,06-JUL-2020,
OPTSTK,AUROPHARMA,30-Jul-2020,880,CE,8.2,8.2,6,6.5,6.5,95,1094.85,104000,-1300,06-JUL-2020,
OPTSTK,AUROPHARMA,30-Jul-2020,900,CE,5.2,6,4.3,4.6,4.6,162,1905.45,270400,10400,06-JUL-2020,
OPTSTK,AUROPHARMA,30-Jul-2020,920,CE,3.9,3.9,2.85,3.05,3.05,55,660.13,76700,20800,06-JUL-2020,
OPTSTK,AUROPHARMA,30-Jul-2020,940,CE,2.6,2.6,2.05,2.25,2.25,29,355.24,128700,-9100,06-JUL-2020,
OPTSTK,AUROPHARMA,30-Jul-2020,420,PE,0,0,0,44,0.05,0,0,0,0,06-JUL-2020,
OPTSTK,AUROPHARMA,30-Jul-2020,440,PE,0,0,0,51.2,0.05,0,0,0,0,06-JUL-2020,
OPTSTK,AUROPHARMA,30-Jul-2020,460,PE,0,0,0,58.95,0.05,0,0,0,0,06-JUL-2020,
OPTSTK,AUROPHARMA,30-Jul-2020,480,PE,0,0,0,67.3,0.05,0,0,0,0,06-JUL-2020,
OPTSTK,AUROPHARMA,30-Jul-2020,500,PE,0,0,0,0.5,0.05,0,0,48100,0,06-JUL-2020,
OPTSTK,AUROPHARMA,30-Jul-2020,520,PE,0,0,0,85.55,0.1,0,0,0,0,06-JUL-2020,
OPTSTK,AUROPHARMA,30-Jul-2020,540,PE,0,0,0,0.95,0.25,0,0,1300,0,06-JUL-2020,
OPTSTK,AUROPHARMA,30-Jul-2020,560,PE,0,0,0,105.85,0.55,0,0,0,0,06-JUL-2020,
OPTSTK,AUROPHARMA,30-Jul-2020,580,PE,0,0,0,116.7,1.05,0,0,0,0,06-JUL-2020,
OPTSTK,AUROPHARMA,30-Jul-2020,600,PE,1.85,1.85,1,1.05,1.9,9,70.33,144300,-3900,06-JUL-2020,
OPTSTK,AUROPHARMA,30-Jul-2020,620,PE,0,0,0,139.7,3.25,0,0,0,0,06-JUL-2020,
OPTSTK,AUROPHARMA,30-Jul-2020,640,PE,0,0,0,4.5,5.25,0,0,5200,0,06-JUL-2020,
OPTSTK,AUROPHARMA,30-Jul-2020,660,PE,3.5,5,3.5,4.3,4.3,89,768.86,79300,14300,06-JUL-2020,
OPTSTK,AUROPHARMA,30-Jul-2020,680,PE,5.8,7.65,5.7,6.7,6.7,55,491.1,89700,11700,06-JUL-2020,
OPTSTK,AUROPHARMA,30-Jul-2020,700,PE,9.05,11.35,8.55,10.05,10.05,167,1542.37,208000,5200,06-JUL-2020,
OPTSTK,AUROPHARMA,30-Jul-2020,720,PE,15.7,16.7,14.05,15.1,15.1,93,889.53,124800,2600,06-JUL-2020,
OPTSTK,AUROPHARMA,30-Jul-2020,740,PE,18.55,24,18.55,21.9,21.9,226,2239.54,200200,26000,06-JUL-2020,
OPTSTK,AUROPHARMA,30-Jul-2020,760,PE,25.65,32.55,25.65,30.15,30.15,803,8257.97,172900,36400,06-JUL-2020,
OPTSTK,AUROPHARMA,30-Jul-2020,780,PE,35.4,43.55,35.4,40.5,40.5,150,1601.03,126100,1300,06-JUL-2020,
OPTSTK,AUROPHARMA,30-Jul-2020,800,PE,51.35,55.5,49.55,52.65,52.65,51,565.7,79300,-9100,06-JUL-2020,
OPTSTK,AUROPHARMA,30-Jul-2020,820,PE,68,68,65.55,65.55,75.9,3,34.56,24700,-2600,06-JUL-2020,
OPTSTK,AUROPHARMA,30-Jul-2020,840,PE,84.85,84.85,83.45,83.45,90.2,2,24.02,6500,2600,06-JUL-2020,
OPTSTK,AUROPHARMA,30-Jul-2020,860,PE,0,0,0,290.85,105.6,0,0,0,0,06-JUL-2020,
OPTSTK,AUROPHARMA,30-Jul-2020,880,PE,114.2,114.2,114.2,114.2,121.85,2,25.84,7800,2600,06-JUL-2020,
OPTSTK,AUROPHARMA,30-Jul-2020,900,PE,0,0,0,138.85,138.85,0,0,2600,0,06-JUL-2020,
OPTSTK,AUROPHARMA,30-Jul-2020,920,PE,0,0,0,245.85,156.5,0,0,0,0,06-JUL-2020,
OPTSTK,AUROPHARMA,30-Jul-2020,940,PE,0,0,0,252.05,174.65,0,0,0,0,06-JUL-2020,
OPTSTK,AUROPHARMA,27-Aug-2020,440,CE,0,0,0,292.7,330.75,0,0,0,0,06-JUL-2020,
OPTSTK,AUROPHARMA,27-Aug-2020,460,CE,0,0,0,276.45,311.05,0,0,0,0,06-JUL-2020,
OPTSTK,AUROPHARMA,27-Aug-2020,480,CE,0,0,0,260.8,291.45,0,0,0,0,06-JUL-2020,
OPTSTK,AUROPHARMA,27-Aug-2020,500,CE,0,0,0,245.7,272.05,0,0,0,0,06-JUL-2020,
OPTSTK,AUROPHARMA,27-Aug-2020,520,CE,0,0,0,231.2,252.9,0,0,0,0,06-JUL-2020,
OPTSTK,AUROPHARMA,27-Aug-2020,540,CE,0,0,0,217.35,234.1,0,0,0,0,06-JUL-2020,
OPTSTK,AUROPHARMA,27-Aug-2020,560,CE,0,0,0,204.1,215.7,0,0,0,0,06-JUL-2020,
OPTSTK,AUROPHARMA,27-Aug-2020,580,CE,0,0,0,191.45,197.8,0,0,0,0,06-JUL-2020,
OPTSTK,AUROPHARMA,27-Aug-2020,600,CE,0,0,0,179.4,180.5,0,0,0,0,06-JUL-2020,
OPTSTK,AUROPHARMA,27-Aug-2020,620,CE,0,0,0,167.95,163.9,0,0,0,0,06-JUL-2020,
OPTSTK,AUROPHARMA,27-Aug-2020,640,CE,0,0,0,157.15,148.1,0,0,0,0,06-JUL-2020,
OPTSTK,AUROPHARMA,27-Aug-2020,660,CE,0,0,0,146.95,133.15,0,0,0,0,06-JUL-2020,
OPTSTK,AUROPHARMA,27-Aug-2020,680,CE,0,0,0,137.3,119.1,0,0,0,0,06-JUL-2020,
OPTSTK,AUROPHARMA,27-Aug-2020,700,CE,0,0,0,128.2,106,0,0,0,0,06-JUL-2020,
OPTSTK,AUROPHARMA,27-Aug-2020,720,CE,0,0,0,119.6,93.85,0,0,0,0,06-JUL-2020,
OPTSTK,AUROPHARMA,27-Aug-2020,740,CE,0,0,0,111.55,82.75,0,0,0,0,06-JUL-2020,
OPTSTK,AUROPHARMA,27-Aug-2020,760,CE,0,0,0,64.05,72.6,0,0,1300,0,06-JUL-2020,
OPTSTK,AUROPHARMA,27-Aug-2020,780,CE,0,0,0,96.9,63.4,0,0,0,0,06-JUL-2020,
OPTSTK,AUROPHARMA,27-Aug-2020,800,CE,0,0,0,49,55.1,0,0,5200,0,06-JUL-2020,
OPTSTK,AUROPHARMA,27-Aug-2020,820,CE,0,0,0,84,47.7,0,0,0,0,06-JUL-2020,
OPTSTK,AUROPHARMA,27-Aug-2020,840,CE,0,0,0,29,41.15,0,0,2600,0,06-JUL-2020,
OPTSTK,AUROPHARMA,27-Aug-2020,860,CE,0,0,0,72.75,35.3,0,0,0,0,06-JUL-2020,
OPTSTK,AUROPHARMA,27-Aug-2020,880,CE,0,0,0,67.7,30.2,0,0,0,0,06-JUL-2020,
OPTSTK,AUROPHARMA,27-Aug-2020,900,CE,0,0,0,16.05,25.75,0,0,6500,0,06-JUL-2020,
OPTSTK,AUROPHARMA,27-Aug-2020,920,CE,0,0,0,58.55,21.9,0,0,0,0,06-JUL-2020,
OPTSTK,AUROPHARMA,27-Aug-2020,940,CE,0,0,0,54.45,18.5,0,0,0,0,06-JUL-2020,
OPTSTK,AUROPHARMA,27-Aug-2020,440,PE,0,0,0,13.4,0.2,0,0,0,0,06-JUL-2020,
OPTSTK,AUROPHARMA,27-Aug-2020,460,PE,0,0,0,16.9,0.4,0,0,0,0,06-JUL-2020,
OPTSTK,AUROPHARMA,27-Aug-2020,480,PE,0,0,0,21,0.7,0,0,0,0,06-JUL-2020,
OPTSTK,AUROPHARMA,27-Aug-2020,500,PE,0,0,0,25.7,1.15,0,0,0,0,06-JUL-2020,
OPTSTK,AUROPHARMA,27-Aug-2020,520,PE,0,0,0,30.95,1.9,0,0,0,0,06-JUL-2020,
OPTSTK,AUROPHARMA,27-Aug-2020,540,PE,0,0,0,36.85,2.95,0,0,0,0,06-JUL-2020,
OPTSTK,AUROPHARMA,27-Aug-2020,560,PE,0,0,0,43.35,4.4,0,0,0,0,06-JUL-2020,
OPTSTK,AUROPHARMA,27-Aug-2020,580,PE,0,0,0,50.45,6.4,0,0,0,0,06-JUL-2020,
OPTSTK,AUROPHARMA,27-Aug-2020,600,PE,0,0,0,58.15,8.95,0,0,0,0,06-JUL-2020,
OPTSTK,AUROPHARMA,27-Aug-2020,620,PE,0,0,0,66.5,12.25,0,0,0,0,06-JUL-2020,
OPTSTK,AUROPHARMA,27-Aug-2020,640,PE,0,0,0,75.45,16.35,0,0,0,0,06-JUL-2020,
OPTSTK,AUROPHARMA,27-Aug-2020,660,PE,0,0,0,85,21.25,0,0,0,0,06-JUL-2020,
OPTSTK,AUROPHARMA,27-Aug-2020,680,PE,0,0,0,95.1,27.1,0,0,0,0,06-JUL-2020,
OPTSTK,AUROPHARMA,27-Aug-2020,700,PE,0,0,0,105.75,33.85,0,0,0,0,06-JUL-2020,
OPTSTK,AUROPHARMA,27-Aug-2020,720,PE,28,28,28,28,28,1,9.72,1300,1300,06-JUL-2020,
OPTSTK,AUROPHARMA,27-Aug-2020,740,PE,38.05,38.05,38.05,38.05,50.35,1,10.11,2600,-1300,06-JUL-2020,
OPTSTK,AUROPHARMA,27-Aug-2020,760,PE,46.5,46.5,46.5,46.5,46.5,1,10.48,2600,1300,06-JUL-2020,
OPTSTK,AUROPHARMA,27-Aug-2020,780,PE,0,0,0,153.45,70.8,0,0,0,0,06-JUL-2020,
OPTSTK,AUROPHARMA,27-Aug-2020,800,PE,0,0,0,65,82.4,0,0,2600,0,06-JUL-2020,
OPTSTK,AUROPHARMA,27-Aug-2020,820,PE,0,0,0,180.1,94.85,0,0,0,0,06-JUL-2020,
OPTSTK,AUROPHARMA,27-Aug-2020,840,PE,0,0,0,194.05,108.15,0,0,0,0,06-JUL-2020,
OPTSTK,AUROPHARMA,27-Aug-2020,860,PE,0,0,0,208.35,122.25,0,0,0,0,06-JUL-2020,
OPTSTK,AUROPHARMA,27-Aug-2020,880,PE,0,0,0,223.1,137,0,0,0,0,06-JUL-2020,
OPTSTK,AUROPHARMA,27-Aug-2020,900,PE,0,0,0,238.1,152.4,0,0,0,0,06-JUL-2020,
OPTSTK,AUROPHARMA,27-Aug-2020,920,PE,0,0,0,253.45,168.4,0,0,0,0,06-JUL-2020,
OPTSTK,AUROPHARMA,27-Aug-2020,940,PE,0,0,0,269.1,184.95,0,0,0,0,06-JUL-2020,
OPTSTK,AUROPHARMA,24-Sep-2020,460,CE,0,0,0,341.9,313.8,0,0,0,0,06-JUL-2020,
OPTSTK,AUROPHARMA,24-Sep-2020,480,CE,0,0,0,324.25,294.85,0,0,0,0,06-JUL-2020,
OPTSTK,AUROPHARMA,24-Sep-2020,500,CE,0,0,0,307.05,276.2,0,0,0,0,06-JUL-2020,
OPTSTK,AUROPHARMA,24-Sep-2020,520,CE,0,0,0,290.3,257.95,0,0,0,0,06-JUL-2020,
OPTSTK,AUROPHARMA,24-Sep-2020,540,CE,0,0,0,274.1,240.2,0,0,0,0,06-JUL-2020,
OPTSTK,AUROPHARMA,24-Sep-2020,560,CE,0,0,0,258.4,222.9,0,0,0,0,06-JUL-2020,
OPTSTK,AUROPHARMA,24-Sep-2020,580,CE,0,0,0,243.3,206.25,0,0,0,0,06-JUL-2020,
OPTSTK,AUROPHARMA,24-Sep-2020,600,CE,0,0,0,228.75,190.2,0,0,0,0,06-JUL-2020,
OPTSTK,AUROPHARMA,24-Sep-2020,620,CE,0,0,0,214.8,174.9,0,0,0,0,06-JUL-2020,
OPTSTK,AUROPHARMA,24-Sep-2020,640,CE,0,0,0,201.45,160.3,0,0,0,0,06-JUL-2020,
OPTSTK,AUROPHARMA,24-Sep-2020,660,CE,0,0,0,188.7,146.5,0,0,0,0,06-JUL-2020,
OPTSTK,AUROPHARMA,24-Sep-2020,680,CE,0,0,0,176.55,133.5,0,0,0,0,06-JUL-2020,
OPTSTK,AUROPHARMA,24-Sep-2020,700,CE,0,0,0,165.05,121.3,0,0,0,0,06-JUL-2020,
OPTSTK,AUROPHARMA,24-Sep-2020,720,CE,0,0,0,154.1,109.9,0,0,0,0,06-JUL-2020,
OPTSTK,AUROPHARMA,24-Sep-2020,740,CE,0,0,0,143.75,99.35,0,0,0,0,06-JUL-2020,
OPTSTK,AUROPHARMA,24-Sep-2020,760,CE,0,0,0,134,89.55,0,0,0,0,06-JUL-2020,
OPTSTK,AUROPHARMA,24-Sep-2020,780,CE,0,0,0,124.8,80.5,0,0,0,0,06-JUL-2020,
OPTSTK,AUROPHARMA,24-Sep-2020,800,CE,0,0,0,116.15,72.2,0,0,0,0,06-JUL-2020,
OPTSTK,AUROPHARMA,24-Sep-2020,820,CE,0,0,0,108,64.6,0,0,0,0,06-JUL-2020,
OPTSTK,AUROPHARMA,24-Sep-2020,840,CE,0,0,0,100.35,57.7,0,0,0,0,06-JUL-2020,
OPTSTK,AUROPHARMA,24-Sep-2020,860,CE,0,0,0,93.15,51.4,0,0,0,0,06-JUL-2020,
OPTSTK,AUROPHARMA,24-Sep-2020,880,CE,0,0,0,86.45,45.75,0,0,0,0,06-JUL-2020,
OPTSTK,AUROPHARMA,24-Sep-2020,900,CE,0,0,0,80.2,40.6,0,0,0,0,06-JUL-2020,
OPTSTK,AUROPHARMA,24-Sep-2020,920,CE,0,0,0,74.35,35.95,0,0,0,0,06-JUL-2020,
OPTSTK,AUROPHARMA,24-Sep-2020,940,CE,0,0,0,68.85,31.8,0,0,0,0,06-JUL-2020,
OPTSTK,AUROPHARMA,24-Sep-2020,460,PE,0,0,0,6.7,1.65,0,0,0,0,06-JUL-2020,
OPTSTK,AUROPHARMA,24-Sep-2020,480,PE,0,0,0,8.85,2.5,0,0,0,0,06-JUL-2020,
OPTSTK,AUROPHARMA,24-Sep-2020,500,PE,0,0,0,11.4,3.65,0,0,0,0,06-JUL-2020,
OPTSTK,AUROPHARMA,24-Sep-2020,520,PE,0,0,0,14.45,5.25,0,0,0,0,06-JUL-2020,
OPTSTK,AUROPHARMA,24-Sep-2020,540,PE,0,0,0,18,7.25,0,0,0,0,06-JUL-2020,
OPTSTK,AUROPHARMA,24-Sep-2020,560,PE,0,0,0,22.05,9.8,0,0,0,0,06-JUL-2020,
OPTSTK,AUROPHARMA,24-Sep-2020,580,PE,0,0,0,26.7,12.95,0,0,0,0,06-JUL-2020,
OPTSTK,AUROPHARMA,24-Sep-2020,600,PE,0,0,0,31.95,16.75,0,0,0,0,06-JUL-2020,
OPTSTK,AUROPHARMA,24-Sep-2020,620,PE,0,0,0,37.75,21.25,0,0,0,0,06-JUL-2020,
OPTSTK,AUROPHARMA,24-Sep-2020,640,PE,0,0,0,44.2,26.5,0,0,0,0,06-JUL-2020,
OPTSTK,AUROPHARMA,24-Sep-2020,660,PE,0,0,0,51.2,32.5,0,0,0,0,06-JUL-2020,
OPTSTK,AUROPHARMA,24-Sep-2020,680,PE,0,0,0,58.8,39.3,0,0,0,0,06-JUL-2020,
OPTSTK,AUROPHARMA,24-Sep-2020,700,PE,0,0,0,67.05,46.9,0,0,0,0,06-JUL-2020,
OPTSTK,AUROPHARMA,24-Sep-2020,720,PE,0,0,0,75.9,55.35,0,0,0,0,06-JUL-2020,
OPTSTK,AUROPHARMA,24-Sep-2020,740,PE,0,0,0,85.35,64.55,0,0,0,0,06-JUL-2020,
OPTSTK,AUROPHARMA,24-Sep-2020,760,PE,0,0,0,95.35,74.6,0,0,0,0,06-JUL-2020,
OPTSTK,AUROPHARMA,24-Sep-2020,780,PE,0,0,0,105.9,85.35,0,0,0,0,06-JUL-2020,
OPTSTK,AUROPHARMA,24-Sep-2020,800,PE,0,0,0,117,96.9,0,0,0,0,06-JUL-2020,
OPTSTK,AUROPHARMA,24-Sep-2020,820,PE,0,0,0,128.6,109.1,0,0,0,0,06-JUL-2020,
OPTSTK,AUROPHARMA,24-Sep-2020,840,PE,0,0,0,140.75,122,0,0,0,0,06-JUL-2020,
OPTSTK,AUROPHARMA,24-Sep-2020,860,PE,0,0,0,153.35,135.55,0,0,0,0,06-JUL-2020,
OPTSTK,AUROPHARMA,24-Sep-2020,880,PE,0,0,0,166.4,149.65,0,0,0,0,06-JUL-2020,
OPTSTK,AUROPHARMA,24-Sep-2020,900,PE,0,0,0,179.9,164.35,0,0,0,0,06-JUL-2020,
OPTSTK,AUROPHARMA,24-Sep-2020,920,PE,0,0,0,193.8,179.55,0,0,0,0,06-JUL-2020,
OPTSTK,AUROPHARMA,24-Sep-2020,940,PE,0,0,0,208.1,195.2,0,0,0,0,06-JUL-2020,
OPTSTK,AXISBANK,30-Jul-2020,200,CE,0,0,0,257.15,234.55,0,0,0,0,06-JUL-2020,
OPTSTK,AXISBANK,30-Jul-2020,220,CE,0,0,0,241.35,214.6,0,0,0,0,06-JUL-2020,
OPTSTK,AXISBANK,30-Jul-2020,240,CE,0,0,0,226.4,194.65,0,0,0,0,06-JUL-2020,
OPTSTK,AXISBANK,30-Jul-2020,260,CE,0,0,0,165.5,174.75,0,0,1200,0,06-JUL-2020,
OPTSTK,AXISBANK,30-Jul-2020,270,CE,0,0,0,142.25,164.75,0,0,0,0,06-JUL-2020,
OPTSTK,AXISBANK,30-Jul-2020,280,CE,0,0,0,112,154.8,0,0,0,0,06-JUL-2020,
OPTSTK,AXISBANK,30-Jul-2020,290,CE,0,0,0,130.4,144.85,0,0,2400,0,06-JUL-2020,
OPTSTK,AXISBANK,30-Jul-2020,300,CE,0,0,0,186.4,134.9,0,0,0,0,06-JUL-2020,
OPTSTK,AXISBANK,30-Jul-2020,310,CE,0,0,0,116.3,125,0,0,0,0,06-JUL-2020,
OPTSTK,AXISBANK,30-Jul-2020,320,CE,115,115,115,115,115.2,1,5.22,4800,0,06-JUL-2020,
OPTSTK,AXISBANK,30-Jul-2020,330,CE,0,0,0,104.85,105.45,0,0,0,0,06-JUL-2020,
OPTSTK,AXISBANK,30-Jul-2020,340,CE,0,0,0,86.5,95.9,0,0,8400,0,06-JUL-2020,
OPTSTK,AXISBANK,30-Jul-2020,350,CE,90.95,90.95,84.9,88,88,3,15.76,14400,1200,06-JUL-2020,
OPTSTK,AXISBANK,30-Jul-2020,360,CE,77,79,77,79,77.45,7,36.84,21600,-8400,06-JUL-2020,
OPTSTK,AXISBANK,30-Jul-2020,370,CE,66.85,71.05,66.85,71,68.7,6,31.69,19200,0,06-JUL-2020,
OPTSTK,AXISBANK,30-Jul-2020,380,CE,63.2,63.2,60.45,60.5,60.4,14,74.11,51600,-2400,06-JUL-2020,
OPTSTK,AXISBANK,30-Jul-2020,390,CE,51.4,55.15,51.4,53.4,53.4,6,31.89,25200,0,06-JUL-2020,
OPTSTK,AXISBANK,30-Jul-2020,400,CE,45.4,48.8,45.2,46.05,46.05,103,551.95,434400,-14400,06-JUL-2020,
OPTSTK,AXISBANK,30-Jul-2020,410,CE,38.45,41.35,38,39.2,39.2,38,205.09,375600,-12000,06-JUL-2020,
OPTSTK,AXISBANK,30-Jul-2020,420,CE,33,35.55,32.05,33,33,386,2101.13,1495200,-116400,06-JUL-2020,
OPTSTK,AXISBANK,30-Jul-2020,430,CE,27.65,29.95,26.4,27.35,27.35,1464,8047.46,796800,-244800,06-JUL-2020,
OPTSTK,AXISBANK,30-Jul-2020,440,CE,22.3,24.9,22,22.6,22.6,2163,12028.71,1750800,27600,06-JUL-2020,
OPTSTK,AXISBANK,30-Jul-2020,450,CE,18.7,20.45,17.9,18.3,18.3,1536,8646.37,1284000,-93600,06-JUL-2020,
OPTSTK,AXISBANK,30-Jul-2020,460,CE,14.95,16.65,14.25,14.6,14.6,2667,15221.55,1933200,162000,06-JUL-2020,
OPTSTK,AXISBANK,30-Jul-2020,470,CE,11.5,13.35,11.25,11.6,11.6,701,4057.04,346800,-22800,06-JUL-2020,
OPTSTK,AXISBANK,30-Jul-2020,480,CE,9.6,10.7,8.75,9,9,938,5511.99,727200,14400,06-JUL-2020,
OPTSTK,AXISBANK,30-Jul-2020,490,CE,7.1,8.35,6.8,7,7,243,1451.16,278400,7200,06-JUL-2020,
OPTSTK,AXISBANK,30-Jul-2020,500,CE,5.95,6.65,5.35,5.45,5.45,1116,6776.6,1479600,-52800,06-JUL-2020,
OPTSTK,AXISBANK,30-Jul-2020,510,CE,4.55,5.15,4,4.1,4.1,134,827.46,182400,-15600,06-JUL-2020,
OPTSTK,AXISBANK,30-Jul-2020,520,CE,3.4,3.85,3,3.05,3.05,282,1771.31,598800,-1200,06-JUL-2020,
OPTSTK,AXISBANK,30-Jul-2020,530,CE,2.4,2.8,2.2,2.3,2.3,337,2153.75,296400,87600,06-JUL-2020,
OPTSTK,AXISBANK,30-Jul-2020,540,CE,1.95,2.25,1.65,1.75,1.75,285,1853.49,672000,55200,06-JUL-2020,
OPTSTK,AXISBANK,30-Jul-2020,550,CE,1.45,1.7,1.35,1.35,1.35,115,761.07,190800,43200,06-JUL-2020,
OPTSTK,AXISBANK,30-Jul-2020,560,CE,1.2,1.4,1,1.1,1.1,57,383.86,249600,1200,06-JUL-2020,
OPTSTK,AXISBANK,30-Jul-2020,570,CE,1,1,0.85,0.85,0.85,2,13.7,33600,0,06-JUL-2020,
OPTSTK,AXISBANK,30-Jul-2020,580,CE,0.85,0.85,0.65,0.75,0.75,10,69.69,159600,2400,06-JUL-2020,
OPTSTK,AXISBANK,30-Jul-2020,600,CE,0.5,0.65,0.5,0.55,0.55,46,331.51,350400,1200,06-JUL-2020,
OPTSTK,AXISBANK,30-Jul-2020,200,PE,0,0,0,0.25,0.05,0,0,13200,0,06-JUL-2020,
OPTSTK,AXISBANK,30-Jul-2020,220,PE,0,0,0,13.7,0.05,0,0,0,0,06-JUL-2020,
OPTSTK,AXISBANK,30-Jul-2020,240,PE,0,0,0,0.6,0.05,0,0,13200,0,06-JUL-2020,
OPTSTK,AXISBANK,30-Jul-2020,260,PE,0,0,0,0.9,0.05,0,0,1200,0,06-JUL-2020,
OPTSTK,AXISBANK,30-Jul-2020,270,PE,0,0,0,19,0.05,0,0,0,0,06-JUL-2020,
OPTSTK,AXISBANK,30-Jul-2020,280,PE,0.55,0.55,0.4,0.4,0.4,8,26.92,208800,-6000,06-JUL-2020,
OPTSTK,AXISBANK,30-Jul-2020,290,PE,0,0,0,0.6,0.05,0,0,2400,0,06-JUL-2020,
OPTSTK,AXISBANK,30-Jul-2020,300,PE,0.8,1.1,0.8,0.95,0.95,36,130.01,502800,-4800,06-JUL-2020,
OPTSTK,AXISBANK,30-Jul-2020,310,PE,0,0,0,1.35,0.15,0,0,28800,0,06-JUL-2020,
OPTSTK,AXISBANK,30-Jul-2020,320,PE,1.8,1.8,1.25,1.4,1.4,20,77.14,146400,-9600,06-JUL-2020,
OPTSTK,AXISBANK,30-Jul-2020,330,PE,1.95,1.95,1.6,1.65,1.65,19,75.62,110400,-14400,06-JUL-2020,
OPTSTK,AXISBANK,30-Jul-2020,340,PE,2.2,2.45,2.05,2.15,2.15,100,410.66,259200,-26400,06-JUL-2020,
OPTSTK,AXISBANK,30-Jul-2020,350,PE,3.1,3.15,2.7,2.85,2.85,341,1444.34,475200,-60000,06-JUL-2020,
OPTSTK,AXISBANK,30-Jul-2020,360,PE,3.75,4.15,3.3,3.5,3.5,579,2527.56,938400,-154800,06-JUL-2020,
OPTSTK,AXISBANK,30-Jul-2020,370,PE,5.15,5.45,4.45,4.6,4.6,424,1907.73,423600,37200,06-JUL-2020,
OPTSTK,AXISBANK,30-Jul-2020,380,PE,7,7.3,5.9,6.2,6.2,523,2426.46,672000,19200,06-JUL-2020,
OPTSTK,AXISBANK,30-Jul-2020,390,PE,9.1,9.6,7.85,8.25,8.25,631,3017.48,426000,132000,06-JUL-2020,
OPTSTK,AXISBANK,30-Jul-2020,400,PE,11.85,12.45,10.3,10.9,10.9,1082,5342.35,1234800,64800,06-JUL-2020,
OPTSTK,AXISBANK,30-Jul-2020,410,PE,15.2,15.95,13.45,14,14,487,2481.62,523200,22800,06-JUL-2020,
OPTSTK,AXISBANK,30-Jul-2020,420,PE,19.1,20,17,17.85,17.85,853,4488.63,1058400,0,06-JUL-2020,
OPTSTK,AXISBANK,30-Jul-2020,430,PE,24.95,24.95,21.2,22.2,22.2,821,4463.3,520800,4800,06-JUL-2020,
OPTSTK,AXISBANK,30-Jul-2020,440,PE,29.2,30.05,26.4,27.4,27.4,339,1904.64,198000,-4800,06-JUL-2020,
OPTSTK,AXISBANK,30-Jul-2020,450,PE,36,36,31.6,33.15,33.15,100,580.2,147600,9600,06-JUL-2020,
OPTSTK,AXISBANK,30-Jul-2020,460,PE,42.05,42.35,38.55,39.5,39.5,20,120.05,56400,3600,06-JUL-2020,
OPTSTK,AXISBANK,30-Jul-2020,470,PE,0,0,0,48.45,46.75,0,0,9600,0,06-JUL-2020,
OPTSTK,AXISBANK,30-Jul-2020,480,PE,0,0,0,64.9,54.25,0,0,3600,0,06-JUL-2020,
OPTSTK,AXISBANK,30-Jul-2020,490,PE,63.9,63.9,62,62,62.2,2,13.27,2400,0,06-JUL-2020,
OPTSTK,AXISBANK,30-Jul-2020,500,PE,0,0,0,74.85,70.5,0,0,12000,0,06-JUL-2020,
OPTSTK,AXISBANK,30-Jul-2020,510,PE,0,0,0,154.45,79.15,0,0,0,0,06-JUL-2020,
OPTSTK,AXISBANK,30-Jul-2020,520,PE,0,0,0,160.05,88.05,0,0,0,0,06-JUL-2020,
OPTSTK,AXISBANK,30-Jul-2020,530,PE,0,0,0,170.2,97.2,0,0,0,0,06-JUL-2020,
OPTSTK,AXISBANK,30-Jul-2020,540,PE,0,0,0,114.9,106.5,0,0,9600,0,06-JUL-2020,
OPTSTK,AXISBANK,30-Jul-2020,550,PE,0,0,0,186.35,115.95,0,0,0,0,06-JUL-2020,
OPTSTK,AXISBANK,30-Jul-2020,560,PE,0,0,0,169,125.55,0,0,1200,0,06-JUL-2020,
OPTSTK,AXISBANK,30-Jul-2020,570,PE,134.95,134.95,134.95,134.95,135.25,1,8.45,1200,1200,06-JUL-2020,
OPTSTK,AXISBANK,30-Jul-2020,580,PE,0,0,0,163.65,145,0,0,10800,0,06-JUL-2020,
OPTSTK,AXISBANK,30-Jul-2020,600,PE,165.55,165.55,165.55,165.55,164.65,1,9.18,8400,-1200,06-JUL-2020,
OPTSTK,AXISBANK,27-Aug-2020,230,CE,0,0,0,179.65,205.4,0,0,0,0,06-JUL-2020,
OPTSTK,AXISBANK,27-Aug-2020,240,CE,0,0,0,172.45,195.5,0,0,0,0,06-JUL-2020,
OPTSTK,AXISBANK,27-Aug-2020,250,CE,0,0,0,165.5,185.6,0,0,0,0,06-JUL-2020,
OPTSTK,AXISBANK,27-Aug-2020,260,CE,0,0,0,158.75,175.75,0,0,0,0,06-JUL-2020,
OPTSTK,AXISBANK,27-Aug-2020,270,CE,0,0,0,152.25,165.9,0,0,0,0,06-JUL-2020,
OPTSTK,AXISBANK,27-Aug-2020,280,CE,0,0,0,146,156.15,0,0,0,0,06-JUL-2020,
OPTSTK,AXISBANK,27-Aug-2020,290,CE,0,0,0,140,146.5,0,0,0,0,06-JUL-2020,
OPTSTK,AXISBANK,27-Aug-2020,300,CE,0,0,0,134.2,136.95,0,0,0,0,06-JUL-2020,
OPTSTK,AXISBANK,27-Aug-2020,310,CE,0,0,0,128.65,127.55,0,0,0,0,06-JUL-2020,
OPTSTK,AXISBANK,27-Aug-2020,320,CE,0,0,0,123.3,118.35,0,0,0,0,06-JUL-2020,
OPTSTK,AXISBANK,27-Aug-2020,330,CE,0,0,0,118.15,109.4,0,0,0,0,06-JUL-2020,
OPTSTK,AXISBANK,27-Aug-2020,340,CE,0,0,0,113.2,100.7,0,0,0,0,06-JUL-2020,
OPTSTK,AXISBANK,27-Aug-2020,350,CE,0,0,0,108.5,92.35,0,0,0,0,06-JUL-2020,
OPTSTK,AXISBANK,27-Aug-2020,360,CE,0,0,0,103.95,84.3,0,0,0,0,06-JUL-2020,
OPTSTK,AXISBANK,27-Aug-2020,370,CE,0,0,0,99.6,76.6,0,0,0,0,06-JUL-2020,
OPTSTK,AXISBANK,27-Aug-2020,380,CE,0,0,0,58.95,69.35,0,0,1200,0,06-JUL-2020,
OPTSTK,AXISBANK,27-Aug-2020,390,CE,0,0,0,91.45,62.5,0,0,0,0,06-JUL-2020,
OPTSTK,AXISBANK,27-Aug-2020,400,CE,0,0,0,53,56.1,0,0,1200,0,06-JUL-2020,
OPTSTK,AXISBANK,27-Aug-2020,410,CE,0,0,0,48.1,50.15,0,0,1200,0,06-JUL-2020,
OPTSTK,AXISBANK,27-Aug-2020,420,CE,45,45,45,45,44.65,2,11.16,7200,2400,06-JUL-2020,
OPTSTK,AXISBANK,27-Aug-2020,430,CE,0,0,0,37.5,39.6,0,0,3600,0,06-JUL-2020,
OPTSTK,AXISBANK,27-Aug-2020,440,CE,0,0,0,73.9,35,0,0,0,0,06-JUL-2020,
OPTSTK,AXISBANK,27-Aug-2020,450,CE,0,0,0,28.4,30.8,0,0,13200,0,06-JUL-2020,
OPTSTK,AXISBANK,27-Aug-2020,460,CE,29.55,29.55,29.55,29.55,27,1,5.87,2400,1200,06-JUL-2020,
OPTSTK,AXISBANK,27-Aug-2020,470,CE,0,0,0,65.05,23.55,0,0,0,0,06-JUL-2020,
OPTSTK,AXISBANK,27-Aug-2020,480,CE,0,0,0,15.8,20.5,0,0,2400,0,06-JUL-2020,
OPTSTK,AXISBANK,27-Aug-2020,490,CE,0,0,0,13.5,17.8,0,0,1200,0,06-JUL-2020,
OPTSTK,AXISBANK,27-Aug-2020,500,CE,17.4,17.4,15,15.4,15.4,11,68.11,32400,6000,06-JUL-2020,
OPTSTK,AXISBANK,27-Aug-2020,510,CE,0,0,0,54.95,13.25,0,0,0,0,06-JUL-2020,
OPTSTK,AXISBANK,27-Aug-2020,520,CE,0,0,0,12.85,11.4,0,0,1200,0,06-JUL-2020,
OPTSTK,AXISBANK,27-Aug-2020,530,CE,0,0,0,50.55,9.8,0,0,0,0,06-JUL-2020,
OPTSTK,AXISBANK,27-Aug-2020,540,CE,0,0,0,8.8,8.35,0,0,1200,0,06-JUL-2020,
OPTSTK,AXISBANK,27-Aug-2020,550,CE,0,0,0,6,7.1,0,0,1200,0,06-JUL-2020,
OPTSTK,AXISBANK,27-Aug-2020,230,PE,0,0,0,0.05,0.05,0,0,4800,0,06-JUL-2020,
OPTSTK,AXISBANK,27-Aug-2020,240,PE,0,0,0,18.55,0.05,0,0,0,0,06-JUL-2020,
OPTSTK,AXISBANK,27-Aug-2020,250,PE,0,0,0,21.5,0.1,0,0,0,0,06-JUL-2020,
OPTSTK,AXISBANK,27-Aug-2020,260,PE,0,0,0,24.65,0.15,0,0,0,0,06-JUL-2020,
OPTSTK,AXISBANK,27-Aug-2020,270,PE,0,0,0,28.05,0.3,0,0,0,0,06-JUL-2020,
OPTSTK,AXISBANK,27-Aug-2020,280,PE,0,0,0,31.65,0.45,0,0,0,0,06-JUL-2020,
OPTSTK,AXISBANK,27-Aug-2020,290,PE,0,0,0,35.55,0.75,0,0,0,0,06-JUL-2020,
OPTSTK,AXISBANK,27-Aug-2020,300,PE,0,0,0,39.6,1.15,0,0,0,0,06-JUL-2020,
OPTSTK,AXISBANK,27-Aug-2020,310,PE,0,0,0,43.95,1.7,0,0,0,0,06-JUL-2020,
OPTSTK,AXISBANK,27-Aug-2020,320,PE,0,0,0,3.5,2.45,0,0,2400,0,06-JUL-2020,
OPTSTK,AXISBANK,27-Aug-2020,330,PE,0,0,0,53.2,3.4,0,0,0,0,06-JUL-2020,
OPTSTK,AXISBANK,27-Aug-2020,340,PE,0,0,0,21.1,4.65,0,0,1200,0,06-JUL-2020,
OPTSTK,AXISBANK,27-Aug-2020,350,PE,8,8.9,8,8.9,8.9,2,8.6,10800,0,06-JUL-2020,
OPTSTK,AXISBANK,27-Aug-2020,360,PE,9.7,9.7,9.7,9.7,8.1,13,57.67,15600,14400,06-JUL-2020,
OPTSTK,AXISBANK,27-Aug-2020,370,PE,0,0,0,26.05,10.4,0,0,1200,0,06-JUL-2020,
OPTSTK,AXISBANK,27-Aug-2020,380,PE,13,13,13,13,13.05,2,9.43,2400,2400,06-JUL-2020,
OPTSTK,AXISBANK,27-Aug-2020,390,PE,0,0,0,85.75,16.15,0,0,0,0,06-JUL-2020,
OPTSTK,AXISBANK,27-Aug-2020,400,PE,21,22.5,20,20,19.7,9,45.46,64800,7200,06-JUL-2020,
OPTSTK,AXISBANK,27-Aug-2020,410,PE,0,0,0,27.05,23.7,0,0,1200,0,06-JUL-2020,
OPTSTK,AXISBANK,27-Aug-2020,420,PE,0,0,0,104.4,28.15,0,0,0,0,06-JUL-2020,
OPTSTK,AXISBANK,27-Aug-2020,430,PE,0,0,0,110.9,33,0,0,0,0,06-JUL-2020,
OPTSTK,AXISBANK,27-Aug-2020,440,PE,0,0,0,117.6,38.3,0,0,0,0,06-JUL-2020,
OPTSTK,AXISBANK,27-Aug-2020,450,PE,0,0,0,124.4,44.05,0,0,0,0,06-JUL-2020,
OPTSTK,AXISBANK,27-Aug-2020,460,PE,0,0,0,131.3,50.2,0,0,0,0,06-JUL-2020,
OPTSTK,AXISBANK,27-Aug-2020,470,PE,0,0,0,138.4,56.75,0,0,0,0,06-JUL-2020,
OPTSTK,AXISBANK,27-Aug-2020,480,PE,0,0,0,145.55,63.6,0,0,0,0,06-JUL-2020,
OPTSTK,AXISBANK,27-Aug-2020,490,PE,0,0,0,152.85,70.85,0,0,0,0,06-JUL-2020,
OPTSTK,AXISBANK,27-Aug-2020,500,PE,0,0,0,81.75,78.4,0,0,2400,0,06-JUL-2020,
OPTSTK,AXISBANK,27-Aug-2020,510,PE,0,0,0,167.85,86.2,0,0,0,0,06-JUL-2020,
OPTSTK,AXISBANK,27-Aug-2020,520,PE,0,0,0,175.45,94.25,0,0,0,0,06-JUL-2020,
OPTSTK,AXISBANK,27-Aug-2020,530,PE,0,0,0,183.2,102.6,0,0,0,0,06-JUL-2020,
OPTSTK,AXISBANK,27-Aug-2020,540,PE,0,0,0,191,111.1,0,0,0,0,06-JUL-2020,
OPTSTK,AXISBANK,27-Aug-2020,550,PE,0,0,0,198.9,119.8,0,0,0,0,06-JUL-2020,
OPTSTK,AXISBANK,24-Sep-2020,260,CE,0,0,0,170.9,177.15,0,0,0,0,06-JUL-2020,
OPTSTK,AXISBANK,24-Sep-2020,270,CE,0,0,0,162.55,167.6,0,0,0,0,06-JUL-2020,
OPTSTK,AXISBANK,24-Sep-2020,280,CE,0,0,0,154.4,158.2,0,0,0,0,06-JUL-2020,
OPTSTK,AXISBANK,24-Sep-2020,290,CE,0,0,0,146.5,148.95,0,0,0,0,06-JUL-2020,
OPTSTK,AXISBANK,24-Sep-2020,300,CE,0,0,0,138.85,139.9,0,0,0,0,06-JUL-2020,
OPTSTK,AXISBANK,24-Sep-2020,310,CE,0,0,0,131.5,131,0,0,0,0,06-JUL-2020,
OPTSTK,AXISBANK,24-Sep-2020,320,CE,0,0,0,124.35,122.4,0,0,0,0,06-JUL-2020,
OPTSTK,AXISBANK,24-Sep-2020,330,CE,0,0,0,117.5,114.05,0,0,0,0,06-JUL-2020,
OPTSTK,AXISBANK,24-Sep-2020,340,CE,0,0,0,110.95,105.95,0,0,0,0,06-JUL-2020,
OPTSTK,AXISBANK,24-Sep-2020,350,CE,0,0,0,104.65,98.2,0,0,0,0,06-JUL-2020,
OPTSTK,AXISBANK,24-Sep-2020,360,CE,0,0,0,98.6,90.8,0,0,0,0,06-JUL-2020,
OPTSTK,AXISBANK,24-Sep-2020,370,CE,0,0,0,92.85,83.7,0,0,0,0,06-JUL-2020,
OPTSTK,AXISBANK,24-Sep-2020,380,CE,0,0,0,66.85,77,0,0,1200,0,06-JUL-2020,
OPTSTK,AXISBANK,24-Sep-2020,390,CE,0,0,0,82.2,70.65,0,0,0,0,06-JUL-2020,
OPTSTK,AXISBANK,24-Sep-2020,400,CE,0,0,0,77.25,64.65,0,0,0,0,06-JUL-2020,
OPTSTK,AXISBANK,24-Sep-2020,410,CE,0,0,0,72.55,59.05,0,0,0,0,06-JUL-2020,
OPTSTK,AXISBANK,24-Sep-2020,420,CE,0,0,0,68.1,53.8,0,0,0,0,06-JUL-2020,
OPTSTK,AXISBANK,24-Sep-2020,430,CE,0,0,0,63.85,48.9,0,0,0,0,06-JUL-2020,
OPTSTK,AXISBANK,24-Sep-2020,440,CE,0,0,0,59.9,44.35,0,0,0,0,06-JUL-2020,
OPTSTK,AXISBANK,24-Sep-2020,450,CE,0,0,0,56.1,40.15,0,0,0,0,06-JUL-2020,
OPTSTK,AXISBANK,24-Sep-2020,460,CE,0,0,0,52.55,36.25,0,0,0,0,06-JUL-2020,
OPTSTK,AXISBANK,24-Sep-2020,470,CE,0,0,0,49.2,32.7,0,0,0,0,06-JUL-2020,
OPTSTK,AXISBANK,24-Sep-2020,480,CE,0,0,0,46.05,29.45,0,0,0,0,06-JUL-2020,
OPTSTK,AXISBANK,24-Sep-2020,490,CE,0,0,0,43.1,26.45,0,0,0,0,06-JUL-2020,
OPTSTK,AXISBANK,24-Sep-2020,500,CE,0,0,0,40.3,23.7,0,0,0,0,06-JUL-2020,
OPTSTK,AXISBANK,24-Sep-2020,510,CE,0,0,0,37.7,21.25,0,0,0,0,06-JUL-2020,
OPTSTK,AXISBANK,24-Sep-2020,520,CE,0,0,0,35.25,19,0,0,0,0,06-JUL-2020,
OPTSTK,AXISBANK,24-Sep-2020,530,CE,0,0,0,32.95,16.95,0,0,0,0,06-JUL-2020,
OPTSTK,AXISBANK,24-Sep-2020,540,CE,0,0,0,30.75,15.1,0,0,0,0,06-JUL-2020,
OPTSTK,AXISBANK,24-Sep-2020,550,CE,0,0,0,28.75,13.45,0,0,0,0,06-JUL-2020,
OPTSTK,AXISBANK,24-Sep-2020,260,PE,0,0,0,6.2,0.75,0,0,0,0,06-JUL-2020,
OPTSTK,AXISBANK,24-Sep-2020,270,PE,0,0,0,7.7,1.1,0,0,0,0,06-JUL-2020,
OPTSTK,AXISBANK,24-Sep-2020,280,PE,0,0,0,9.45,1.6,0,0,0,0,06-JUL-2020,
OPTSTK,AXISBANK,24-Sep-2020,290,PE,0,0,0,11.45,2.25,0,0,0,0,06-JUL-2020,
OPTSTK,AXISBANK,24-Sep-2020,300,PE,0,0,0,4.5,3.1,0,0,1200,0,06-JUL-2020,
OPTSTK,AXISBANK,24-Sep-2020,310,PE,0,0,0,16.2,4.15,0,0,0,0,06-JUL-2020,
OPTSTK,AXISBANK,24-Sep-2020,320,PE,0,0,0,18.95,5.45,0,0,0,0,06-JUL-2020,
OPTSTK,AXISBANK,24-Sep-2020,330,PE,0,0,0,22,7,0,0,0,0,06-JUL-2020,
OPTSTK,AXISBANK,24-Sep-2020,340,PE,0,0,0,25.3,8.8,0,0,0,0,06-JUL-2020,
OPTSTK,AXISBANK,24-Sep-2020,350,PE,0,0,0,28.9,10.95,0,0,0,0,06-JUL-2020,
OPTSTK,AXISBANK,24-Sep-2020,360,PE,0,0,0,32.75,13.45,0,0,0,0,06-JUL-2020,
OPTSTK,AXISBANK,24-Sep-2020,370,PE,0,0,0,36.9,16.3,0,0,0,0,06-JUL-2020,
OPTSTK,AXISBANK,24-Sep-2020,380,PE,0,0,0,20.45,19.5,0,0,1200,0,06-JUL-2020,
OPTSTK,AXISBANK,24-Sep-2020,390,PE,0,0,0,45.95,23.05,0,0,0,0,06-JUL-2020,
OPTSTK,AXISBANK,24-Sep-2020,400,PE,0,0,0,50.9,26.95,0,0,0,0,06-JUL-2020,
OPTSTK,AXISBANK,24-Sep-2020,410,PE,0,0,0,56.1,31.25,0,0,0,0,06-JUL-2020,
OPTSTK,AXISBANK,24-Sep-2020,420,PE,0,0,0,61.5,35.9,0,0,0,0,06-JUL-2020,
OPTSTK,AXISBANK,24-Sep-2020,430,PE,0,0,0,67.2,40.9,0,0,0,0,06-JUL-2020,
OPTSTK,AXISBANK,24-Sep-2020,440,PE,0,0,0,73.05,46.3,0,0,0,0,06-JUL-2020,
OPTSTK,AXISBANK,24-Sep-2020,450,PE,0,0,0,79.2,52,0,0,0,0,06-JUL-2020,
OPTSTK,AXISBANK,24-Sep-2020,460,PE,0,0,0,85.5,58,0,0,0,0,06-JUL-2020,
OPTSTK,AXISBANK,24-Sep-2020,470,PE,0,0,0,92.05,64.35,0,0,0,0,06-JUL-2020,
OPTSTK,AXISBANK,24-Sep-2020,480,PE,0,0,0,98.8,71,0,0,0,0,06-JUL-2020,
OPTSTK,AXISBANK,24-Sep-2020,490,PE,0,0,0,105.7,77.9,0,0,0,0,06-JUL-2020,
OPTSTK,AXISBANK,24-Sep-2020,500,PE,0,0,0,112.8,85.1,0,0,0,0,06-JUL-2020,
OPTSTK,AXISBANK,24-Sep-2020,510,PE,0,0,0,120.05,92.5,0,0,0,0,06-JUL-2020,
OPTSTK,AXISBANK,24-Sep-2020,520,PE,0,0,0,127.5,100.15,0,0,0,0,06-JUL-2020,
OPTSTK,AXISBANK,24-Sep-2020,530,PE,0,0,0,135.1,108.05,0,0,0,0,06-JUL-2020,
OPTSTK,AXISBANK,24-Sep-2020,540,PE,0,0,0,142.8,116.1,0,0,0,0,06-JUL-2020,
OPTSTK,AXISBANK,24-Sep-2020,550,PE,0,0,0,150.65,124.35,0,0,0,0,06-JUL-2020,
OPTSTK,BAJAJ-AUTO,30-Jul-2020,1600,CE,0,0,0,1068.75,1301.55,0,0,0,0,06-JUL-2020,
OPTSTK,BAJAJ-AUTO,30-Jul-2020,1650,CE,0,0,0,1025.05,1251.7,0,0,0,0,06-JUL-2020,
OPTSTK,BAJAJ-AUTO,30-Jul-2020,1700,CE,0,0,0,982.25,1201.85,0,0,0,0,06-JUL-2020,
OPTSTK,BAJAJ-AUTO,30-Jul-2020,1750,CE,0,0,0,940.3,1152,0,0,0,0,06-JUL-2020,
OPTSTK,BAJAJ-AUTO,30-Jul-2020,1800,CE,0,0,0,899.4,1102.1,0,0,0,0,06-JUL-2020,
OPTSTK,BAJAJ-AUTO,30-Jul-2020,1850,CE,0,0,0,859.45,1052.25,0,0,0,0,06-JUL-2020,
OPTSTK,BAJAJ-AUTO,30-Jul-2020,1900,CE,0,0,0,820.55,1002.4,0,0,0,0,06-JUL-2020,
OPTSTK,BAJAJ-AUTO,30-Jul-2020,1950,CE,0,0,0,782.75,952.55,0,0,0,0,06-JUL-2020,
OPTSTK,BAJAJ-AUTO,30-Jul-2020,2000,CE,0,0,0,746.1,902.7,0,0,0,0,06-JUL-2020,
OPTSTK,BAJAJ-AUTO,30-Jul-2020,2050,CE,0,0,0,710.5,852.8,0,0,0,0,06-JUL-2020,
OPTSTK,BAJAJ-AUTO,30-Jul-2020,2100,CE,0,0,0,676.1,802.95,0,0,0,0,06-JUL-2020,
OPTSTK,BAJAJ-AUTO,30-Jul-2020,2150,CE,0,0,0,642.85,753.1,0,0,0,0,06-JUL-2020,
OPTSTK,BAJAJ-AUTO,30-Jul-2020,2200,CE,0,0,0,610.75,703.3,0,0,0,0,06-JUL-2020,
OPTSTK,BAJAJ-AUTO,30-Jul-2020,2250,CE,0,0,0,579.75,653.5,0,0,0,0,06-JUL-2020,
OPTSTK,BAJAJ-AUTO,30-Jul-2020,2300,CE,0,0,0,501.7,603.8,0,0,500,0,06-JUL-2020,
OPTSTK,BAJAJ-AUTO,30-Jul-2020,2350,CE,0,0,0,458.4,554.3,0,0,500,0,06-JUL-2020,
OPTSTK,BAJAJ-AUTO,30-Jul-2020,2400,CE,0,0,0,494.2,505.1,0,0,0,0,06-JUL-2020,
OPTSTK,BAJAJ-AUTO,30-Jul-2020,2450,CE,0,0,0,383.55,456.4,0,0,500,0,06-JUL-2020,
OPTSTK,BAJAJ-AUTO,30-Jul-2020,2500,CE,0,0,0,340,408.5,0,0,1500,0,06-JUL-2020,
OPTSTK,BAJAJ-AUTO,30-Jul-2020,2550,CE,0,0,0,418.9,361.75,0,0,0,0,06-JUL-2020,
OPTSTK,BAJAJ-AUTO,30-Jul-2020,2600,CE,0,0,0,266.25,316.6,0,0,750,0,06-JUL-2020,
OPTSTK,BAJAJ-AUTO,30-Jul-2020,2650,CE,0,0,0,374.15,273.5,0,0,0,0,06-JUL-2020,
OPTSTK,BAJAJ-AUTO,30-Jul-2020,2700,CE,0,0,0,243.1,233,0,0,3250,0,06-JUL-2020,
OPTSTK,BAJAJ-AUTO,30-Jul-2020,2750,CE,200.4,200.4,200.4,200.4,195.6,1,7.37,1250,-250,06-JUL-2020,
OPTSTK,BAJAJ-AUTO,30-Jul-2020,2800,CE,171.85,176.2,162.25,173.6,173.6,5,37.13,16250,-250,06-JUL-2020,
OPTSTK,BAJAJ-AUTO,30-Jul-2020,2850,CE,136,143.65,135,140.1,140.1,15,112.12,11250,1000,06-JUL-2020,
OPTSTK,BAJAJ-AUTO,30-Jul-2020,2900,CE,121.9,121.9,101.5,114.05,114.05,668,5032.82,47250,14500,06-JUL-2020,
OPTSTK,BAJAJ-AUTO,30-Jul-2020,2950,CE,97.35,101.45,81.55,90.1,90.1,183,1390.6,21250,6000,06-JUL-2020,
OPTSTK,BAJAJ-AUTO,30-Jul-2020,3000,CE,81,81,61.35,70.75,70.75,737,5654.48,74250,4500,06-JUL-2020,
OPTSTK,BAJAJ-AUTO,30-Jul-2020,3050,CE,56.95,58.5,48.45,55.4,55.4,94,729.3,12500,1250,06-JUL-2020,
OPTSTK,BAJAJ-AUTO,30-Jul-2020,3100,CE,49.25,49.25,35.15,41.15,41.15,371,2912.2,58250,11750,06-JUL-2020,
OPTSTK,BAJAJ-AUTO,30-Jul-2020,3150,CE,33,33,29.65,29.9,26.25,3,23.85,1500,250,06-JUL-2020,
OPTSTK,BAJAJ-AUTO,30-Jul-2020,3200,CE,20.5,24.7,19.45,23.45,23.45,232,1869.26,51750,8750,06-JUL-2020,
OPTSTK,BAJAJ-AUTO,30-Jul-2020,3250,CE,0,0,0,183.25,13.3,0,0,0,0,06-JUL-2020,
OPTSTK,BAJAJ-AUTO,30-Jul-2020,3300,CE,10.4,13.05,10.4,12.95,12.95,15,124.19,13250,1250,06-JUL-2020,
OPTSTK,BAJAJ-AUTO,30-Jul-2020,3350,CE,0,0,0,161.95,6.3,0,0,0,0,06-JUL-2020,
OPTSTK,BAJAJ-AUTO,30-Jul-2020,3400,CE,8.75,8.75,5.7,7.7,7.7,31,264.05,26500,2250,06-JUL-2020,
OPTSTK,BAJAJ-AUTO,30-Jul-2020,3450,CE,0,0,0,143,2.8,0,0,0,0,06-JUL-2020,
OPTSTK,BAJAJ-AUTO,30-Jul-2020,3500,CE,0,0,0,134.35,1.8,0,0,0,0,06-JUL-2020,
OPTSTK,BAJAJ-AUTO,30-Jul-2020,1600,PE,0,0,0,25.15,0.05,0,0,0,0,06-JUL-2020,
OPTSTK,BAJAJ-AUTO,30-Jul-2020,1650,PE,0,0,0,30.85,0.05,0,0,0,0,06-JUL-2020,
OPTSTK,BAJAJ-AUTO,30-Jul-2020,1700,PE,0,0,0,37.4,0.05,0,0,0,0,06-JUL-2020,
OPTSTK,BAJAJ-AUTO,30-Jul-2020,1750,PE,0,0,0,44.85,0.05,0,0,0,0,06-JUL-2020,
OPTSTK,BAJAJ-AUTO,30-Jul-2020,1800,PE,0,0,0,53.25,0.05,0,0,0,0,06-JUL-2020,
OPTSTK,BAJAJ-AUTO,30-Jul-2020,1850,PE,0,0,0,62.7,0.05,0,0,0,0,06-JUL-2020,
OPTSTK,BAJAJ-AUTO,30-Jul-2020,1900,PE,0,0,0,73.15,0.05,0,0,0,0,06-JUL-2020,
OPTSTK,BAJAJ-AUTO,30-Jul-2020,1950,PE,0,0,0,5.45,0.05,0,0,250,0,06-JUL-2020,
OPTSTK,BAJAJ-AUTO,30-Jul-2020,2000,PE,0,0,0,6.95,0.05,0,0,1250,0,06-JUL-2020,
OPTSTK,BAJAJ-AUTO,30-Jul-2020,2050,PE,0,0,0,0.25,0.05,0,0,250,0,06-JUL-2020,
OPTSTK,BAJAJ-AUTO,30-Jul-2020,2100,PE,0,0,0,0.25,0.05,0,0,250,0,06-JUL-2020,
OPTSTK,BAJAJ-AUTO,30-Jul-2020,2150,PE,0,0,0,142.3,0.05,0,0,0,0,06-JUL-2020,
OPTSTK,BAJAJ-AUTO,30-Jul-2020,2200,PE,0,0,0,7.95,0.05,0,0,750,0,06-JUL-2020,
OPTSTK,BAJAJ-AUTO,30-Jul-2020,2250,PE,0,0,0,177.95,0.15,0,0,0,0,06-JUL-2020,
OPTSTK,BAJAJ-AUTO,30-Jul-2020,2300,PE,4,4,3.7,3.7,0.3,4,23.03,19750,250,06-JUL-2020,
OPTSTK,BAJAJ-AUTO,30-Jul-2020,2350,PE,0,0,0,218.5,0.65,0,0,0,0,06-JUL-2020,
OPTSTK,BAJAJ-AUTO,30-Jul-2020,2400,PE,3.9,3.9,3.9,3.9,1.3,1,6,16250,0,06-JUL-2020,
OPTSTK,BAJAJ-AUTO,30-Jul-2020,2450,PE,5.1,5.1,5.1,5.1,2.45,1,6.13,2750,0,06-JUL-2020,
OPTSTK,BAJAJ-AUTO,30-Jul-2020,2500,PE,10.25,14,8.75,10.45,10.45,65,408.08,45000,2750,06-JUL-2020,
OPTSTK,BAJAJ-AUTO,30-Jul-2020,2550,PE,11.7,11.7,11.7,11.7,7.5,1,6.4,6750,0,06-JUL-2020,
OPTSTK,BAJAJ-AUTO,30-Jul-2020,2600,PE,23.95,23.95,18.65,19.35,19.35,38,248.93,23750,2250,06-JUL-2020,
OPTSTK,BAJAJ-AUTO,30-Jul-2020,2650,PE,26.8,27.25,25.5,27.05,27.05,21,140.52,13250,1500,06-JUL-2020,
OPTSTK,BAJAJ-AUTO,30-Jul-2020,2700,PE,34,42.5,34,36.2,36.2,269,1841.29,27750,-1500,06-JUL-2020,
OPTSTK,BAJAJ-AUTO,30-Jul-2020,2750,PE,50.75,54.7,46.3,48,48,66,461.94,18250,3500,06-JUL-2020,
OPTSTK,BAJAJ-AUTO,30-Jul-2020,2800,PE,55.55,73.55,54,63.3,63.3,241,1726.85,37750,1500,06-JUL-2020,
OPTSTK,BAJAJ-AUTO,30-Jul-2020,2850,PE,68,97.05,68,81.05,81.05,137,1005.44,13250,1000,06-JUL-2020,
OPTSTK,BAJAJ-AUTO,30-Jul-2020,2900,PE,94.65,118.8,91,105.05,105.05,398,2991.96,32000,11250,06-JUL-2020,
OPTSTK,BAJAJ-AUTO,30-Jul-2020,2950,PE,115.95,139,115.95,128.75,128.75,18,138.72,2750,500,06-JUL-2020,
OPTSTK,BAJAJ-AUTO,30-Jul-2020,3000,PE,156.8,176.05,156.8,160.35,160.35,39,308.49,6000,1000,06-JUL-2020,
OPTSTK,BAJAJ-AUTO,30-Jul-2020,3050,PE,0,0,0,621.75,192.55,0,0,0,0,06-JUL-2020,
OPTSTK,BAJAJ-AUTO,30-Jul-2020,3100,PE,0,0,0,217,230.1,0,0,1000,0,06-JUL-2020,
OPTSTK,BAJAJ-AUTO,30-Jul-2020,3150,PE,266,266,266,266,270.35,1,8.54,0,-250,06-JUL-2020,
OPTSTK,BAJAJ-AUTO,30-Jul-2020,3200,PE,0,0,0,380,312.8,0,0,250,0,06-JUL-2020,
OPTSTK,BAJAJ-AUTO,30-Jul-2020,3250,PE,0,0,0,768.75,357.15,0,0,0,0,06-JUL-2020,
OPTSTK,BAJAJ-AUTO,30-Jul-2020,3300,PE,400,400,400,400,400,2,18.5,0,0,06-JUL-2020,
OPTSTK,BAJAJ-AUTO,30-Jul-2020,3350,PE,0,0,0,846.2,449.85,0,0,0,0,06-JUL-2020,
OPTSTK,BAJAJ-AUTO,30-Jul-2020,3400,PE,0,0,0,560,497.65,0,0,250,0,06-JUL-2020,
OPTSTK,BAJAJ-AUTO,30-Jul-2020,3450,PE,0,0,0,926,546.05,0,0,0,0,06-JUL-2020,
OPTSTK,BAJAJ-AUTO,30-Jul-2020,3500,PE,0,0,0,966.7,594.95,0,0,0,0,06-JUL-2020,
OPTSTK,BAJAJ-AUTO,27-Aug-2020,1600,CE,0,0,0,1037.3,1306.75,0,0,0,0,06-JUL-2020,
OPTSTK,BAJAJ-AUTO,27-Aug-2020,1650,CE,0,0,0,992.5,1257.05,0,0,0,0,06-JUL-2020,
OPTSTK,BAJAJ-AUTO,27-Aug-2020,1700,CE,0,0,0,948.55,1207.35,0,0,0,0,06-JUL-2020,
OPTSTK,BAJAJ-AUTO,27-Aug-2020,1750,CE,0,0,0,905.45,1157.65,0,0,0,0,06-JUL-2020,
OPTSTK,BAJAJ-AUTO,27-Aug-2020,1800,CE,0,0,0,863.35,1107.95,0,0,0,0,06-JUL-2020,
OPTSTK,BAJAJ-AUTO,27-Aug-2020,1850,CE,0,0,0,822.25,1058.3,0,0,0,0,06-JUL-2020,
OPTSTK,BAJAJ-AUTO,27-Aug-2020,1900,CE,0,0,0,782.2,1008.6,0,0,0,0,06-JUL-2020,
OPTSTK,BAJAJ-AUTO,27-Aug-2020,1950,CE,0,0,0,743.25,958.95,0,0,0,0,06-JUL-2020,
OPTSTK,BAJAJ-AUTO,27-Aug-2020,2000,CE,0,0,0,705.5,909.35,0,0,0,0,06-JUL-2020,
OPTSTK,BAJAJ-AUTO,27-Aug-2020,2050,CE,0,0,0,668.95,859.8,0,0,0,0,06-JUL-2020,
OPTSTK,BAJAJ-AUTO,27-Aug-2020,2100,CE,0,0,0,633.6,810.4,0,0,0,0,06-JUL-2020,
OPTSTK,BAJAJ-AUTO,27-Aug-2020,2150,CE,0,0,0,599.5,761.15,0,0,0,0,06-JUL-2020,
OPTSTK,BAJAJ-AUTO,27-Aug-2020,2200,CE,0,0,0,566.65,712.2,0,0,0,0,06-JUL-2020,
OPTSTK,BAJAJ-AUTO,27-Aug-2020,2250,CE,0,0,0,535,663.6,0,0,0,0,06-JUL-2020,
OPTSTK,BAJAJ-AUTO,27-Aug-2020,2300,CE,0,0,0,504.7,615.6,0,0,0,0,06-JUL-2020,
OPTSTK,BAJAJ-AUTO,27-Aug-2020,2350,CE,0,0,0,475.75,568.25,0,0,0,0,06-JUL-2020,
OPTSTK,BAJAJ-AUTO,27-Aug-2020,2400,CE,0,0,0,448,521.9,0,0,0,0,06-JUL-2020,
OPTSTK,BAJAJ-AUTO,27-Aug-2020,2450,CE,0,0,0,421.55,476.65,0,0,0,0,06-JUL-2020,
OPTSTK,BAJAJ-AUTO,27-Aug-2020,2500,CE,0,0,0,396.3,432.8,0,0,0,0,06-JUL-2020,
OPTSTK,BAJAJ-AUTO,27-Aug-2020,2550,CE,0,0,0,372.3,390.55,0,0,0,0,06-JUL-2020,
OPTSTK,BAJAJ-AUTO,27-Aug-2020,2600,CE,0,0,0,349.5,350.25,0,0,0,0,06-JUL-2020,
OPTSTK,BAJAJ-AUTO,27-Aug-2020,2650,CE,0,0,0,327.8,312,0,0,0,0,06-JUL-2020,
OPTSTK,BAJAJ-AUTO,27-Aug-2020,2700,CE,0,0,0,307.25,276.05,0,0,0,0,06-JUL-2020,
OPTSTK,BAJAJ-AUTO,27-Aug-2020,2750,CE,0,0,0,287.8,242.6,0,0,0,0,06-JUL-2020,
OPTSTK,BAJAJ-AUTO,27-Aug-2020,2800,CE,0,0,0,269.4,211.65,0,0,0,0,06-JUL-2020,
OPTSTK,BAJAJ-AUTO,27-Aug-2020,2850,CE,0,0,0,252.05,183.4,0,0,0,0,06-JUL-2020,
OPTSTK,BAJAJ-AUTO,27-Aug-2020,2900,CE,0,0,0,152.35,157.75,0,0,500,0,06-JUL-2020,
OPTSTK,BAJAJ-AUTO,27-Aug-2020,2950,CE,0,0,0,220.15,134.7,0,0,0,0,06-JUL-2020,
OPTSTK,BAJAJ-AUTO,27-Aug-2020,3000,CE,0,0,0,205.6,114.25,0,0,0,0,06-JUL-2020,
OPTSTK,BAJAJ-AUTO,27-Aug-2020,3050,CE,0,0,0,191.9,96.15,0,0,0,0,06-JUL-2020,
OPTSTK,BAJAJ-AUTO,27-Aug-2020,3100,CE,0,0,0,179.15,80.4,0,0,0,0,06-JUL-2020,
OPTSTK,BAJAJ-AUTO,27-Aug-2020,3150,CE,0,0,0,167.1,66.75,0,0,0,0,06-JUL-2020,
OPTSTK,BAJAJ-AUTO,27-Aug-2020,3200,CE,0,0,0,155.75,55.05,0,0,0,0,06-JUL-2020,
OPTSTK,BAJAJ-AUTO,27-Aug-2020,3250,CE,0,0,0,145.15,45.05,0,0,0,0,06-JUL-2020,
OPTSTK,BAJAJ-AUTO,27-Aug-2020,3300,CE,0,0,0,135.2,36.65,0,0,0,0,06-JUL-2020,
OPTSTK,BAJAJ-AUTO,27-Aug-2020,3350,CE,0,0,0,125.9,29.65,0,0,0,0,06-JUL-2020,
OPTSTK,BAJAJ-AUTO,27-Aug-2020,3400,CE,0,0,0,117.2,23.8,0,0,0,0,06-JUL-2020,
OPTSTK,BAJAJ-AUTO,27-Aug-2020,3450,CE,0,0,0,108.95,19,0,0,0,0,06-JUL-2020,
OPTSTK,BAJAJ-AUTO,27-Aug-2020,3500,CE,0,0,0,101.35,15.1,0,0,0,0,06-JUL-2020,
OPTSTK,BAJAJ-AUTO,27-Aug-2020,1600,PE,0,0,0,17.85,0.05,0,0,0,0,06-JUL-2020,
OPTSTK,BAJAJ-AUTO,27-Aug-2020,1650,PE,0,0,0,22.45,0.05,0,0,0,0,06-JUL-2020,
OPTSTK,BAJAJ-AUTO,27-Aug-2020,1700,PE,0,0,0,27.9,0.05,0,0,0,0,06-JUL-2020,
OPTSTK,BAJAJ-AUTO,27-Aug-2020,1750,PE,0,0,0,34.2,0.05,0,0,0,0,06-JUL-2020,
OPTSTK,BAJAJ-AUTO,27-Aug-2020,1800,PE,0,0,0,41.5,0.05,0,0,0,0,06-JUL-2020,
OPTSTK,BAJAJ-AUTO,27-Aug-2020,1850,PE,0,0,0,49.75,0.05,0,0,0,0,06-JUL-2020,
OPTSTK,BAJAJ-AUTO,27-Aug-2020,1900,PE,0,0,0,59.1,0.05,0,0,0,0,06-JUL-2020,
OPTSTK,BAJAJ-AUTO,27-Aug-2020,1950,PE,0,0,0,69.55,0.1,0,0,0,0,06-JUL-2020,
OPTSTK,BAJAJ-AUTO,27-Aug-2020,2000,PE,0,0,0,81.2,0.2,0,0,0,0,06-JUL-2020,
OPTSTK,BAJAJ-AUTO,27-Aug-2020,2050,PE,0,0,0,94.1,0.35,0,0,0,0,06-JUL-2020,
OPTSTK,BAJAJ-AUTO,27-Aug-2020,2100,PE,0,0,0,108.1,0.6,0,0,0,0,06-JUL-2020,
OPTSTK,BAJAJ-AUTO,27-Aug-2020,2150,PE,0,0,0,123.4,1.1,0,0,0,0,06-JUL-2020,
OPTSTK,BAJAJ-AUTO,27-Aug-2020,2200,PE,0,0,0,139.95,1.8,0,0,0,0,06-JUL-2020,
OPTSTK,BAJAJ-AUTO,27-Aug-2020,2250,PE,0,0,0,157.65,2.95,0,0,0,0,06-JUL-2020,
OPTSTK,BAJAJ-AUTO,27-Aug-2020,2300,PE,0,0,0,176.8,4.6,0,0,0,0,06-JUL-2020,
OPTSTK,BAJAJ-AUTO,27-Aug-2020,2350,PE,0,0,0,197.2,7,0,0,0,0,06-JUL-2020,
OPTSTK,BAJAJ-AUTO,27-Aug-2020,2400,PE,0,0,0,218.85,10.3,0,0,0,0,06-JUL-2020,
OPTSTK,BAJAJ-AUTO,27-Aug-2020,2450,PE,0,0,0,241.8,14.75,0,0,0,0,06-JUL-2020,
OPTSTK,BAJAJ-AUTO,27-Aug-2020,2500,PE,0,0,0,265.95,20.6,0,0,0,0,06-JUL-2020,
OPTSTK,BAJAJ-AUTO,27-Aug-2020,2550,PE,0,0,0,291.35,28.05,0,0,0,0,06-JUL-2020,
OPTSTK,BAJAJ-AUTO,27-Aug-2020,2600,PE,0,0,0,317.9,37.45,0,0,0,0,06-JUL-2020,
OPTSTK,BAJAJ-AUTO,27-Aug-2020,2650,PE,0,0,0,345.65,48.9,0,0,0,0,06-JUL-2020,
OPTSTK,BAJAJ-AUTO,27-Aug-2020,2700,PE,0,0,0,374.5,62.65,0,0,0,0,06-JUL-2020,
OPTSTK,BAJAJ-AUTO,27-Aug-2020,2750,PE,0,0,0,404.4,78.9,0,0,0,0,06-JUL-2020,
OPTSTK,BAJAJ-AUTO,27-Aug-2020,2800,PE,0,0,0,435.4,97.65,0,0,0,0,06-JUL-2020,
OPTSTK,BAJAJ-AUTO,27-Aug-2020,2850,PE,0,0,0,467.4,119.05,0,0,0,0,06-JUL-2020,
OPTSTK,BAJAJ-AUTO,27-Aug-2020,2900,PE,0,0,0,500.4,143.15,0,0,0,0,06-JUL-2020,
OPTSTK,BAJAJ-AUTO,27-Aug-2020,2950,PE,0,0,0,534.35,169.8,0,0,0,0,06-JUL-2020,
OPTSTK,BAJAJ-AUTO,27-Aug-2020,3000,PE,0,0,0,569.2,199,0,0,0,0,06-JUL-2020,
OPTSTK,BAJAJ-AUTO,27-Aug-2020,3050,PE,0,0,0,604.9,230.65,0,0,0,0,06-JUL-2020,
OPTSTK,BAJAJ-AUTO,27-Aug-2020,3100,PE,0,0,0,641.5,264.6,0,0,0,0,06-JUL-2020,
OPTSTK,BAJAJ-AUTO,27-Aug-2020,3150,PE,0,0,0,678.85,300.65,0,0,0,0,06-JUL-2020,
OPTSTK,BAJAJ-AUTO,27-Aug-2020,3200,PE,0,0,0,716.9,338.6,0,0,0,0,06-JUL-2020,
OPTSTK,BAJAJ-AUTO,27-Aug-2020,3250,PE,0,0,0,755.7,378.35,0,0,0,0,06-JUL-2020,
OPTSTK,BAJAJ-AUTO,27-Aug-2020,3300,PE,0,0,0,795.15,419.65,0,0,0,0,06-JUL-2020,
OPTSTK,BAJAJ-AUTO,27-Aug-2020,3350,PE,0,0,0,835.25,462.3,0,0,0,0,06-JUL-2020,
OPTSTK,BAJAJ-AUTO,27-Aug-2020,3400,PE,0,0,0,875.95,506.2,0,0,0,0,06-JUL-2020,
OPTSTK,BAJAJ-AUTO,27-Aug-2020,3450,PE,0,0,0,917.05,551.1,0,0,0,0,06-JUL-2020,
OPTSTK,BAJAJ-AUTO,27-Aug-2020,3500,PE,0,0,0,958.85,596.85,0,0,0,0,06-JUL-2020,
OPTSTK,BAJAJ-AUTO,24-Sep-2020,1700,CE,0,0,0,1143.15,1212.9,0,0,0,0,06-JUL-2020,
OPTSTK,BAJAJ-AUTO,24-Sep-2020,1750,CE,0,0,0,1094.95,1163.4,0,0,0,0,06-JUL-2020,
OPTSTK,BAJAJ-AUTO,24-Sep-2020,1800,CE,0,0,0,1047.15,1113.95,0,0,0,0,06-JUL-2020,
OPTSTK,BAJAJ-AUTO,24-Sep-2020,1850,CE,0,0,0,999.8,1064.5,0,0,0,0,06-JUL-2020,
OPTSTK,BAJAJ-AUTO,24-Sep-2020,1900,CE,0,0,0,953,1015.15,0,0,0,0,06-JUL-2020,
OPTSTK,BAJAJ-AUTO,24-Sep-2020,1950,CE,0,0,0,906.8,965.95,0,0,0,0,06-JUL-2020,
OPTSTK,BAJAJ-AUTO,24-Sep-2020,2000,CE,0,0,0,861.35,916.9,0,0,0,0,06-JUL-2020,
OPTSTK,BAJAJ-AUTO,24-Sep-2020,2050,CE,0,0,0,816.75,868.05,0,0,0,0,06-JUL-2020,
OPTSTK,BAJAJ-AUTO,24-Sep-2020,2100,CE,0,0,0,773,819.55,0,0,0,0,06-JUL-2020,
OPTSTK,BAJAJ-AUTO,24-Sep-2020,2150,CE,0,0,0,730.3,771.45,0,0,0,0,06-JUL-2020,
OPTSTK,BAJAJ-AUTO,24-Sep-2020,2200,CE,0,0,0,688.65,723.95,0,0,0,0,06-JUL-2020,
OPTSTK,BAJAJ-AUTO,24-Sep-2020,2250,CE,0,0,0,648.2,677.05,0,0,0,0,06-JUL-2020,
OPTSTK,BAJAJ-AUTO,24-Sep-2020,2300,CE,0,0,0,609,631.05,0,0,0,0,06-JUL-2020,
OPTSTK,BAJAJ-AUTO,24-Sep-2020,2350,CE,0,0,0,571.1,586,0,0,0,0,06-JUL-2020,
OPTSTK,BAJAJ-AUTO,24-Sep-2020,2400,CE,0,0,0,534.65,542.15,0,0,0,0,06-JUL-2020,
OPTSTK,BAJAJ-AUTO,24-Sep-2020,2450,CE,0,0,0,499.5,499.6,0,0,0,0,06-JUL-2020,
OPTSTK,BAJAJ-AUTO,24-Sep-2020,2500,CE,0,0,0,465.8,458.55,0,0,0,0,06-JUL-2020,
OPTSTK,BAJAJ-AUTO,24-Sep-2020,2550,CE,0,0,0,433.55,419.15,0,0,0,0,06-JUL-2020,
OPTSTK,BAJAJ-AUTO,24-Sep-2020,2600,CE,0,0,0,402.9,381.5,0,0,0,0,06-JUL-2020,
OPTSTK,BAJAJ-AUTO,24-Sep-2020,2650,CE,0,0,0,373.8,345.8,0,0,0,0,06-JUL-2020,
OPTSTK,BAJAJ-AUTO,24-Sep-2020,2700,CE,0,0,0,346.2,312.1,0,0,0,0,06-JUL-2020,
OPTSTK,BAJAJ-AUTO,24-Sep-2020,2750,CE,0,0,0,320.1,280.45,0,0,0,0,06-JUL-2020,
OPTSTK,BAJAJ-AUTO,24-Sep-2020,2800,CE,0,0,0,295.45,250.95,0,0,0,0,06-JUL-2020,
OPTSTK,BAJAJ-AUTO,24-Sep-2020,2850,CE,0,0,0,272.3,223.55,0,0,0,0,06-JUL-2020,
OPTSTK,BAJAJ-AUTO,24-Sep-2020,2900,CE,0,0,0,250.55,198.3,0,0,0,0,06-JUL-2020,
OPTSTK,BAJAJ-AUTO,24-Sep-2020,2950,CE,0,0,0,230.2,175.2,0,0,0,0,06-JUL-2020,
OPTSTK,BAJAJ-AUTO,24-Sep-2020,3000,CE,0,0,0,211.2,154.1,0,0,0,0,06-JUL-2020,
OPTSTK,BAJAJ-AUTO,24-Sep-2020,3050,CE,0,0,0,193.5,134.95,0,0,0,0,06-JUL-2020,
OPTSTK,BAJAJ-AUTO,24-Sep-2020,3100,CE,0,0,0,177,117.75,0,0,0,0,06-JUL-2020,
OPTSTK,BAJAJ-AUTO,24-Sep-2020,3150,CE,0,0,0,161.7,102.3,0,0,0,0,06-JUL-2020,
OPTSTK,BAJAJ-AUTO,24-Sep-2020,3200,CE,0,0,0,147.55,88.55,0,0,0,0,06-JUL-2020,
OPTSTK,BAJAJ-AUTO,24-Sep-2020,3250,CE,0,0,0,134.45,76.3,0,0,0,0,06-JUL-2020,
OPTSTK,BAJAJ-AUTO,24-Sep-2020,3300,CE,0,0,0,122.55,65.55,0,0,0,0,06-JUL-2020,
OPTSTK,BAJAJ-AUTO,24-Sep-2020,3350,CE,0,0,0,111.45,56.1,0,0,0,0,06-JUL-2020,
OPTSTK,BAJAJ-AUTO,24-Sep-2020,3400,CE,0,0,0,101.25,47.8,0,0,0,0,06-JUL-2020,
OPTSTK,BAJAJ-AUTO,24-Sep-2020,3450,CE,0,0,0,91.75,40.6,0,0,0,0,06-JUL-2020,
OPTSTK,BAJAJ-AUTO,24-Sep-2020,3500,CE,0,0,0,83.15,34.4,0,0,0,0,06-JUL-2020,
OPTSTK,BAJAJ-AUTO,24-Sep-2020,1700,PE,0,0,0,3,0.05,0,0,0,0,06-JUL-2020,
OPTSTK,BAJAJ-AUTO,24-Sep-2020,1750,PE,0,0,0,4.2,0.05,0,0,0,0,06-JUL-2020,
OPTSTK,BAJAJ-AUTO,24-Sep-2020,1800,PE,0,0,0,5.8,0.15,0,0,0,0,06-JUL-2020,
OPTSTK,BAJAJ-AUTO,24-Sep-2020,1850,PE,0,0,0,7.9,0.25,0,0,0,0,06-JUL-2020,
OPTSTK,BAJAJ-AUTO,24-Sep-2020,1900,PE,0,0,0,10.5,0.45,0,0,0,0,06-JUL-2020,
OPTSTK,BAJAJ-AUTO,24-Sep-2020,1950,PE,0,0,0,13.75,0.75,0,0,0,0,06-JUL-2020,
OPTSTK,BAJAJ-AUTO,24-Sep-2020,2000,PE,0,0,0,17.7,1.25,0,0,0,0,06-JUL-2020,
OPTSTK,BAJAJ-AUTO,24-Sep-2020,2050,PE,0,0,0,22.5,1.95,0,0,0,0,06-JUL-2020,
OPTSTK,BAJAJ-AUTO,24-Sep-2020,2100,PE,0,0,0,28.2,2.95,0,0,0,0,06-JUL-2020,
OPTSTK,BAJAJ-AUTO,24-Sep-2020,2150,PE,0,0,0,34.9,4.45,0,0,0,0,06-JUL-2020,
OPTSTK,BAJAJ-AUTO,24-Sep-2020,2200,PE,0,0,0,42.7,6.45,0,0,0,0,06-JUL-2020,
OPTSTK,BAJAJ-AUTO,24-Sep-2020,2250,PE,0,0,0,51.65,9.1,0,0,0,0,06-JUL-2020,
OPTSTK,BAJAJ-AUTO,24-Sep-2020,2300,PE,0,0,0,61.85,12.6,0,0,0,0,06-JUL-2020,
OPTSTK,BAJAJ-AUTO,24-Sep-2020,2350,PE,0,0,0,73.4,17.1,0,0,0,0,06-JUL-2020,
OPTSTK,BAJAJ-AUTO,24-Sep-2020,2400,PE,0,0,0,86.35,22.8,0,0,0,0,06-JUL-2020,
OPTSTK,BAJAJ-AUTO,24-Sep-2020,2450,PE,0,0,0,100.6,29.8,0,0,0,0,06-JUL-2020,
OPTSTK,BAJAJ-AUTO,24-Sep-2020,2500,PE,0,0,0,116.35,38.25,0,0,0,0,06-JUL-2020,
OPTSTK,BAJAJ-AUTO,24-Sep-2020,2550,PE,0,0,0,133.5,48.4,0,0,0,0,06-JUL-2020,
OPTSTK,BAJAJ-AUTO,24-Sep-2020,2600,PE,0,0,0,152.3,60.3,0,0,0,0,06-JUL-2020,
OPTSTK,BAJAJ-AUTO,24-Sep-2020,2650,PE,0,0,0,172.6,74.15,0,0,0,0,06-JUL-2020,
OPTSTK,BAJAJ-AUTO,24-Sep-2020,2700,PE,0,0,0,194.4,89.95,0,0,0,0,06-JUL-2020,
OPTSTK,BAJAJ-AUTO,24-Sep-2020,2750,PE,0,0,0,217.75,107.85,0,0,0,0,06-JUL-2020,
OPTSTK,BAJAJ-AUTO,24-Sep-2020,2800,PE,0,0,0,242.55,127.85,0,0,0,0,06-JUL-2020,
OPTSTK,BAJAJ-AUTO,24-Sep-2020,2850,PE,0,0,0,268.8,150.05,0,0,0,0,06-JUL-2020,
OPTSTK,BAJAJ-AUTO,24-Sep-2020,2900,PE,0,0,0,296.5,174.35,0,0,0,0,06-JUL-2020,
OPTSTK,BAJAJ-AUTO,24-Sep-2020,2950,PE,0,0,0,325.55,200.7,0,0,0,0,06-JUL-2020,
OPTSTK,BAJAJ-AUTO,24-Sep-2020,3000,PE,0,0,0,355.95,229.15,0,0,0,0,06-JUL-2020,
OPTSTK,BAJAJ-AUTO,24-Sep-2020,3050,PE,0,0,0,387.65,259.6,0,0,0,0,06-JUL-2020,
OPTSTK,BAJAJ-AUTO,24-Sep-2020,3100,PE,0,0,0,420.6,291.9,0,0,0,0,06-JUL-2020,
OPTSTK,BAJAJ-AUTO,24-Sep-2020,3150,PE,0,0,0,454.75,326,0,0,0,0,06-JUL-2020,
OPTSTK,BAJAJ-AUTO,24-Sep-2020,3200,PE,0,0,0,490,361.75,0,0,0,0,06-JUL-2020,
OPTSTK,BAJAJ-AUTO,24-Sep-2020,3250,PE,0,0,0,526.3,399.1,0,0,0,0,06-JUL-2020,
OPTSTK,BAJAJ-AUTO,24-Sep-2020,3300,PE,0,0,0,563.8,437.85,0,0,0,0,06-JUL-2020,
OPTSTK,BAJAJ-AUTO,24-Sep-2020,3350,PE,0,0,0,602.1,477.95,0,0,0,0,06-JUL-2020,
OPTSTK,BAJAJ-AUTO,24-Sep-2020,3400,PE,0,0,0,641.35,519.2,0,0,0,0,06-JUL-2020,
OPTSTK,BAJAJ-AUTO,24-Sep-2020,3450,PE,0,0,0,681.3,561.55,0,0,0,0,06-JUL-2020,
OPTSTK,BAJAJ-AUTO,24-Sep-2020,3500,PE,0,0,0,722.1,604.85,0,0,0,0,06-JUL-2020,
OPTSTK,BAJAJFINSV,30-Jul-2020,3100,CE,0,0,0,2230.85,3193.55,0,0,0,0,06-JUL-2020,
OPTSTK,BAJAJFINSV,30-Jul-2020,3200,CE,0,0,0,3058,3093.85,0,0,2500,0,06-JUL-2020,
OPTSTK,BAJAJFINSV,30-Jul-2020,3300,CE,0,0,0,2837,2994.1,0,0,1250,0,06-JUL-2020,
OPTSTK,BAJAJFINSV,30-Jul-2020,3400,CE,0,0,0,2015.85,2894.4,0,0,0,0,06-JUL-2020,
OPTSTK,BAJAJFINSV,30-Jul-2020,3500,CE,0,0,0,1947.9,2794.65,0,0,0,0,06-JUL-2020,
OPTSTK,BAJAJFINSV,30-Jul-2020,3600,CE,0,0,0,1881.85,2694.95,0,0,0,0,06-JUL-2020,
OPTSTK,BAJAJFINSV,30-Jul-2020,3700,CE,0,0,0,1817.7,2595.25,0,0,0,0,06-JUL-2020,
OPTSTK,BAJAJFINSV,30-Jul-2020,3800,CE,0,0,0,1755.4,2495.55,0,0,0,0,06-JUL-2020,
OPTSTK,BAJAJFINSV,30-Jul-2020,3900,CE,0,0,0,1694.95,2395.85,0,0,0,0,06-JUL-2020,
OPTSTK,BAJAJFINSV,30-Jul-2020,4000,CE,0,0,0,2279.7,2296.15,0,0,1875,0,06-JUL-2020,
OPTSTK,BAJAJFINSV,30-Jul-2020,4100,CE,0,0,0,1579.5,2196.55,0,0,0,0,06-JUL-2020,
OPTSTK,BAJAJFINSV,30-Jul-2020,4200,CE,0,0,0,1524.25,2096.95,0,0,0,0,06-JUL-2020,
OPTSTK,BAJAJFINSV,30-Jul-2020,4300,CE,0,0,0,1470.95,1997.55,0,0,0,0,06-JUL-2020,
OPTSTK,BAJAJFINSV,30-Jul-2020,4400,CE,0,0,0,1419.4,1898.3,0,0,0,0,06-JUL-2020,
OPTSTK,BAJAJFINSV,30-Jul-2020,4500,CE,0,0,0,1665,1799.3,0,0,250,0,06-JUL-2020,
OPTSTK,BAJAJFINSV,30-Jul-2020,4600,CE,0,0,0,1321.25,1700.7,0,0,0,0,06-JUL-2020,
OPTSTK,BAJAJFINSV,30-Jul-2020,4700,CE,0,0,0,1274.6,1602.7,0,0,0,0,06-JUL-2020,
OPTSTK,BAJAJFINSV,30-Jul-2020,4800,CE,0,0,0,1229.5,1505.45,0,0,0,0,06-JUL-2020,
OPTSTK,BAJAJFINSV,30-Jul-2020,4900,CE,0,0,0,1185.95,1409.15,0,0,0,0,06-JUL-2020,
OPTSTK,BAJAJFINSV,30-Jul-2020,5000,CE,0,0,0,1105,1314.15,0,0,625,0,06-JUL-2020,
OPTSTK,BAJAJFINSV,30-Jul-2020,5100,CE,0,0,0,708,1220.8,0,0,625,0,06-JUL-2020,
OPTSTK,BAJAJFINSV,30-Jul-2020,5200,CE,0,0,0,950,1129.35,0,0,250,0,06-JUL-2020,
OPTSTK,BAJAJFINSV,30-Jul-2020,5300,CE,0,0,0,1003,1040.25,0,0,125,0,06-JUL-2020,
OPTSTK,BAJAJFINSV,30-Jul-2020,5400,CE,0,0,0,989.55,953.8,0,0,0,0,06-JUL-2020,
OPTSTK,BAJAJFINSV,30-Jul-2020,5500,CE,0,0,0,550,870.45,0,0,3875,0,06-JUL-2020,
OPTSTK,BAJAJFINSV,30-Jul-2020,5600,CE,0,0,0,650,790.55,0,0,1625,0,06-JUL-2020,
OPTSTK,BAJAJFINSV,30-Jul-2020,5700,CE,0,0,0,616.2,714.4,0,0,1625,0,06-JUL-2020,
OPTSTK,BAJAJFINSV,30-Jul-2020,5800,CE,0,0,0,537.45,642.35,0,0,1125,0,06-JUL-2020,
OPTSTK,BAJAJFINSV,30-Jul-2020,5900,CE,485.7,585,485.7,585,574.55,5,40.11,2500,-125,06-JUL-2020,
OPTSTK,BAJAJFINSV,30-Jul-2020,6000,CE,450,522.9,429.7,510.9,510.9,33,267.53,12000,-375,06-JUL-2020,
OPTSTK,BAJAJFINSV,30-Jul-2020,6100,CE,390.95,462.7,370.95,446.6,446.6,48,391.25,6625,375,06-JUL-2020,
OPTSTK,BAJAJFINSV,30-Jul-2020,6200,CE,347.35,410,320,389.45,389.45,388,3185.92,23875,-500,06-JUL-2020,
OPTSTK,BAJAJFINSV,30-Jul-2020,6300,CE,285,365.65,276.5,342.3,342.3,389,3225.86,17125,5125,06-JUL-2020,
OPTSTK,BAJAJFINSV,30-Jul-2020,6400,CE,261,315.4,239.25,296.65,296.65,890,7431.39,12750,3375,06-JUL-2020,
OPTSTK,BAJAJFINSV,30-Jul-2020,6500,CE,227.9,275.85,203.7,256.45,256.45,1013,8540.36,27125,7125,06-JUL-2020,
OPTSTK,BAJAJFINSV,30-Jul-2020,6600,CE,210.25,238.2,172.95,217,217,406,3447.61,9625,3625,06-JUL-2020,
OPTSTK,BAJAJFINSV,30-Jul-2020,6700,CE,176.95,202.75,148,185.5,185.5,221,1896.09,8875,4750,06-JUL-2020,
OPTSTK,BAJAJFINSV,30-Jul-2020,6800,CE,134.9,171.25,133.4,155.55,155.55,49,425.72,12000,625,06-JUL-2020,
OPTSTK,BAJAJFINSV,30-Jul-2020,6900,CE,110.85,147.2,110.85,139.05,139.05,13,114.17,3375,375,06-JUL-2020,
OPTSTK,BAJAJFINSV,30-Jul-2020,7000,CE,96.95,124.95,87.75,112.6,112.6,429,3811.94,32000,-750,06-JUL-2020,
OPTSTK,BAJAJFINSV,30-Jul-2020,7100,CE,84,111,69.9,83,100.1,17,152.78,4375,875,06-JUL-2020,
OPTSTK,BAJAJFINSV,30-Jul-2020,7200,CE,72,87,60,66.85,66.85,19,172.84,1875,125,06-JUL-2020,
OPTSTK,BAJAJFINSV,30-Jul-2020,7300,CE,63.9,75.65,53,65.2,65.2,91,837.48,12750,3125,06-JUL-2020,
OPTSTK,BAJAJFINSV,30-Jul-2020,3100,PE,0,0,0,187.2,0.05,0,0,0,0,06-JUL-2020,
OPTSTK,BAJAJFINSV,30-Jul-2020,3200,PE,0,0,0,2.95,0.05,0,0,2625,0,06-JUL-2020,
OPTSTK,BAJAJFINSV,30-Jul-2020,3300,PE,2.9,2.9,2.6,2.6,2.6,6,24.77,1375,0,06-JUL-2020,
OPTSTK,BAJAJFINSV,30-Jul-2020,3400,PE,0,0,0,0.5,0.05,0,0,125,0,06-JUL-2020,
OPTSTK,BAJAJFINSV,30-Jul-2020,3500,PE,0,0,0,299.2,0.05,0,0,0,0,06-JUL-2020,
OPTSTK,BAJAJFINSV,30-Jul-2020,3600,PE,0,0,0,331.9,0.05,0,0,0,0,06-JUL-2020,
OPTSTK,BAJAJFINSV,30-Jul-2020,3700,PE,0,0,0,366.45,0.05,0,0,0,0,06-JUL-2020,
OPTSTK,BAJAJFINSV,30-Jul-2020,3800,PE,0,0,0,402.9,0.05,0,0,0,0,06-JUL-2020,
OPTSTK,BAJAJFINSV,30-Jul-2020,3900,PE,0,0,0,10,0.05,0,0,375,0,06-JUL-2020,
OPTSTK,BAJAJFINSV,30-Jul-2020,4000,PE,0,0,0,4.2,0.1,0,0,6000,0,06-JUL-2020,
OPTSTK,BAJAJFINSV,30-Jul-2020,4100,PE,0,0,0,523.2,0.2,0,0,0,0,06-JUL-2020,
OPTSTK,BAJAJFINSV,30-Jul-2020,4200,PE,0,0,0,5.15,0.35,0,0,375,0,06-JUL-2020,
OPTSTK,BAJAJFINSV,30-Jul-2020,4300,PE,0,0,0,612.15,0.65,0,0,0,0,06-JUL-2020,
OPTSTK,BAJAJFINSV,30-Jul-2020,4400,PE,0,0,0,659.3,1.1,0,0,0,0,06-JUL-2020,
OPTSTK,BAJAJFINSV,30-Jul-2020,4500,PE,7.75,12.8,7.75,10,1.85,6,33.82,19750,-250,06-JUL-2020,
OPTSTK,BAJAJFINSV,30-Jul-2020,4600,PE,0,0,0,758.6,3,0,0,0,0,06-JUL-2020,
OPTSTK,BAJAJFINSV,30-Jul-2020,4700,PE,0,0,0,2.3,4.7,0,0,4750,0,06-JUL-2020,
OPTSTK,BAJAJFINSV,30-Jul-2020,4800,PE,0,0,0,30,7.15,0,0,625,0,06-JUL-2020,
OPTSTK,BAJAJFINSV,30-Jul-2020,4900,PE,0,0,0,65.1,10.6,0,0,750,0,06-JUL-2020,
OPTSTK,BAJAJFINSV,30-Jul-2020,5000,PE,27.55,32.5,23.75,25.65,25.65,65,408.5,25000,-2500,06-JUL-2020,
OPTSTK,BAJAJFINSV,30-Jul-2020,5100,PE,38.2,38.2,29,30.55,21.65,5,32.07,2125,-125,06-JUL-2020,
OPTSTK,BAJAJFINSV,30-Jul-2020,5200,PE,50.65,50.65,50.65,50.65,29.95,1,6.56,11000,0,06-JUL-2020,
OPTSTK,BAJAJFINSV,30-Jul-2020,5300,PE,0,0,0,70,40.55,0,0,875,0,06-JUL-2020,
OPTSTK,BAJAJFINSV,30-Jul-2020,5400,PE,74.1,77.2,57,57,53.85,8,54.7,3250,-250,06-JUL-2020,
OPTSTK,BAJAJFINSV,30-Jul-2020,5500,PE,93.85,94.75,71,73.95,73.95,108,753.59,17750,125,06-JUL-2020,
OPTSTK,BAJAJFINSV,30-Jul-2020,5600,PE,108,108.1,95,95,95,3,21.38,4750,0,06-JUL-2020,
OPTSTK,BAJAJFINSV,30-Jul-2020,5700,PE,129.5,145.85,108.5,113.85,113.85,49,356.86,4625,625,06-JUL-2020,
OPTSTK,BAJAJFINSV,30-Jul-2020,5800,PE,157.25,177.2,133.1,136.95,136.95,91,677.03,21125,-625,06-JUL-2020,
OPTSTK,BAJAJFINSV,30-Jul-2020,5900,PE,193.75,214.5,162.2,166.8,166.8,78,593.35,6625,625,06-JUL-2020,
OPTSTK,BAJAJFINSV,30-Jul-2020,6000,PE,251,255.45,192,201.95,201.95,563,4379.32,19000,7250,06-JUL-2020,
OPTSTK,BAJAJFINSV,30-Jul-2020,6100,PE,272.9,298.75,232.5,241.35,241.35,146,1160.93,5375,1000,06-JUL-2020,
OPTSTK,BAJAJFINSV,30-Jul-2020,6200,PE,348.85,356,276.65,285.25,285.25,806,6560.56,11250,3750,06-JUL-2020,
OPTSTK,BAJAJFINSV,30-Jul-2020,6300,PE,400.25,402.25,325,334.45,334.45,61,506.9,3875,2000,06-JUL-2020,
OPTSTK,BAJAJFINSV,30-Jul-2020,6400,PE,400.2,400.2,395,395,401.1,2,16.99,375,125,06-JUL-2020,
OPTSTK,BAJAJFINSV,30-Jul-2020,6500,PE,510,510,445,454.3,460.3,3,26.13,1375,250,06-JUL-2020,
OPTSTK,BAJAJFINSV,30-Jul-2020,6600,PE,0,0,0,2052.65,523.65,0,0,0,0,06-JUL-2020,
OPTSTK,BAJAJFINSV,30-Jul-2020,6700,PE,0,0,0,2128.7,591.05,0,0,0,0,06-JUL-2020,
OPTSTK,BAJAJFINSV,30-Jul-2020,6800,PE,0,0,0,1044.7,662.2,0,0,250,0,06-JUL-2020,
OPTSTK,BAJAJFINSV,30-Jul-2020,6900,PE,0,0,0,1020,736.8,0,0,375,0,06-JUL-2020,
OPTSTK,BAJAJFINSV,30-Jul-2020,7000,PE,852,852,852,852,814.65,1,9.81,250,-125,06-JUL-2020,
OPTSTK,BAJAJFINSV,30-Jul-2020,7100,PE,0,0,0,1380,895.4,0,0,125,0,06-JUL-2020,
OPTSTK,BAJAJFINSV,30-Jul-2020,7200,PE,0,0,0,2065.85,978.75,0,0,0,0,06-JUL-2020,
OPTSTK,BAJAJFINSV,30-Jul-2020,7300,PE,0,0,0,2071.7,1064.45,0,0,0,0,06-JUL-2020,
OPTSTK,BAJAJFINSV,27-Aug-2020,3100,CE,0,0,0,1408.6,3203.65,0,0,0,0,06-JUL-2020,
OPTSTK,BAJAJFINSV,27-Aug-2020,3200,CE,0,0,0,1338.8,3104.3,0,0,0,0,06-JUL-2020,
OPTSTK,BAJAJFINSV,27-Aug-2020,3300,CE,0,0,0,1271.5,3005,0,0,0,0,06-JUL-2020,
OPTSTK,BAJAJFINSV,27-Aug-2020,3400,CE,0,0,0,1206.8,2905.75,0,0,0,0,06-JUL-2020,
OPTSTK,BAJAJFINSV,27-Aug-2020,3500,CE,0,0,0,1144.65,2806.55,0,0,0,0,06-JUL-2020,
OPTSTK,BAJAJFINSV,27-Aug-2020,3600,CE,0,0,0,1084.9,2707.5,0,0,0,0,06-JUL-2020,
OPTSTK,BAJAJFINSV,27-Aug-2020,3700,CE,0,0,0,1027.85,2608.55,0,0,0,0,06-JUL-2020,
OPTSTK,BAJAJFINSV,27-Aug-2020,3800,CE,0,0,0,973.25,2509.85,0,0,0,0,06-JUL-2020,
OPTSTK,BAJAJFINSV,27-Aug-2020,3900,CE,0,0,0,921.1,2411.45,0,0,0,0,06-JUL-2020,
OPTSTK,BAJAJFINSV,27-Aug-2020,4000,CE,0,0,0,871.35,2313.45,0,0,0,0,06-JUL-2020,
OPTSTK,BAJAJFINSV,27-Aug-2020,4100,CE,0,0,0,823.9,2215.95,0,0,0,0,06-JUL-2020,
OPTSTK,BAJAJFINSV,27-Aug-2020,4200,CE,0,0,0,778.7,2119.05,0,0,0,0,06-JUL-2020,
OPTSTK,BAJAJFINSV,27-Aug-2020,4300,CE,0,0,0,735.75,2022.9,0,0,0,0,06-JUL-2020,
OPTSTK,BAJAJFINSV,27-Aug-2020,4400,CE,0,0,0,694.85,1927.65,0,0,0,0,06-JUL-2020,
OPTSTK,BAJAJFINSV,27-Aug-2020,4500,CE,0,0,0,656.05,1833.55,0,0,0,0,06-JUL-2020,
OPTSTK,BAJAJFINSV,27-Aug-2020,4600,CE,0,0,0,619.2,1740.7,0,0,0,0,06-JUL-2020,
OPTSTK,BAJAJFINSV,27-Aug-2020,4700,CE,0,0,0,584.3,1649.3,0,0,0,0,06-JUL-2020,
OPTSTK,BAJAJFINSV,27-Aug-2020,4800,CE,0,0,0,551.15,1559.55,0,0,0,0,06-JUL-2020,
OPTSTK,BAJAJFINSV,27-Aug-2020,4900,CE,0,0,0,519.8,1471.65,0,0,0,0,06-JUL-2020,
OPTSTK,BAJAJFINSV,27-Aug-2020,5000,CE,0,0,0,490.1,1385.85,0,0,0,0,06-JUL-2020,
OPTSTK,BAJAJFINSV,27-Aug-2020,5100,CE,0,0,0,462,1302.25,0,0,0,0,06-JUL-2020,
OPTSTK,BAJAJFINSV,27-Aug-2020,5200,CE,0,0,0,435.45,1221.1,0,0,0,0,06-JUL-2020,
OPTSTK,BAJAJFINSV,27-Aug-2020,5300,CE,0,0,0,410.6,1142.55,0,0,0,0,06-JUL-2020,
OPTSTK,BAJAJFINSV,27-Aug-2020,5400,CE,0,0,0,386.9,1066.7,0,0,0,0,06-JUL-2020,
OPTSTK,BAJAJFINSV,27-Aug-2020,5500,CE,0,0,0,364.55,993.75,0,0,0,0,06-JUL-2020,
OPTSTK,BAJAJFINSV,27-Aug-2020,5600,CE,0,0,0,343.45,923.75,0,0,0,0,06-JUL-2020,
OPTSTK,BAJAJFINSV,27-Aug-2020,5700,CE,0,0,0,323.55,856.85,0,0,0,0,06-JUL-2020,
OPTSTK,BAJAJFINSV,27-Aug-2020,5800,CE,0,0,0,304.75,793.05,0,0,0,0,06-JUL-2020,
OPTSTK,BAJAJFINSV,27-Aug-2020,5900,CE,0,0,0,287.05,732.45,0,0,0,0,06-JUL-2020,
OPTSTK,BAJAJFINSV,27-Aug-2020,6000,CE,0,0,0,270.4,675.05,0,0,0,0,06-JUL-2020,
OPTSTK,BAJAJFINSV,27-Aug-2020,6100,CE,0,0,0,254.65,620.85,0,0,0,0,06-JUL-2020,
OPTSTK,BAJAJFINSV,27-Aug-2020,6200,CE,0,0,0,239.85,569.8,0,0,0,0,06-JUL-2020,
OPTSTK,BAJAJFINSV,27-Aug-2020,6300,CE,0,0,0,225.7,521.9,0,0,0,0,06-JUL-2020,
OPTSTK,BAJAJFINSV,27-Aug-2020,6400,CE,0,0,0,214.45,477.05,0,0,0,0,06-JUL-2020,
OPTSTK,BAJAJFINSV,27-Aug-2020,6500,CE,0,0,0,280.3,435.2,0,0,0,0,06-JUL-2020,
OPTSTK,BAJAJFINSV,27-Aug-2020,6600,CE,0,0,0,264.05,396.25,0,0,0,0,06-JUL-2020,
OPTSTK,BAJAJFINSV,27-Aug-2020,6700,CE,0,0,0,248.7,360.15,0,0,0,0,06-JUL-2020,
OPTSTK,BAJAJFINSV,27-Aug-2020,6800,CE,0,0,0,234.05,326.7,0,0,0,0,06-JUL-2020,
OPTSTK,BAJAJFINSV,27-Aug-2020,6900,CE,0,0,0,239.75,295.8,0,0,0,0,06-JUL-2020,
OPTSTK,BAJAJFINSV,27-Aug-2020,7000,CE,0,0,0,223.8,267.35,0,0,0,0,06-JUL-2020,
OPTSTK,BAJAJFINSV,27-Aug-2020,7100,CE,0,0,0,209.05,241.25,0,0,0,0,06-JUL-2020,
OPTSTK,BAJAJFINSV,27-Aug-2020,7200,CE,0,0,0,195.2,217.3,0,0,0,0,06-JUL-2020,
OPTSTK,BAJAJFINSV,27-Aug-2020,7300,CE,0,0,0,207,195.4,0,0,0,0,06-JUL-2020,
OPTSTK,BAJAJFINSV,27-Aug-2020,3100,PE,0,0,0,185.05,0.05,0,0,0,0,06-JUL-2020,
OPTSTK,BAJAJFINSV,27-Aug-2020,3200,PE,0,0,0,214,0.1,0,0,0,0,06-JUL-2020,
OPTSTK,BAJAJFINSV,27-Aug-2020,3300,PE,0,0,0,245.5,0.2,0,0,0,0,06-JUL-2020,
OPTSTK,BAJAJFINSV,27-Aug-2020,3400,PE,0,0,0,279.6,0.3,0,0,0,0,06-JUL-2020,
OPTSTK,BAJAJFINSV,27-Aug-2020,3500,PE,0,0,0,316.2,0.5,0,0,0,0,06-JUL-2020,
OPTSTK,BAJAJFINSV,27-Aug-2020,3600,PE,0,0,0,355.2,0.85,0,0,0,0,06-JUL-2020,
OPTSTK,BAJAJFINSV,27-Aug-2020,3700,PE,0,0,0,396.95,1.35,0,0,0,0,06-JUL-2020,
OPTSTK,BAJAJFINSV,27-Aug-2020,3800,PE,0,0,0,441.15,2.05,0,0,0,0,06-JUL-2020,
OPTSTK,BAJAJFINSV,27-Aug-2020,3900,PE,0,0,0,487.8,3.05,0,0,0,0,06-JUL-2020,
OPTSTK,BAJAJFINSV,27-Aug-2020,4000,PE,0,0,0,536.8,4.4,0,0,0,0,06-JUL-2020,
OPTSTK,BAJAJFINSV,27-Aug-2020,4100,PE,0,0,0,588.15,6.3,0,0,0,0,06-JUL-2020,
OPTSTK,BAJAJFINSV,27-Aug-2020,4200,PE,0,0,0,641.75,8.8,0,0,0,0,06-JUL-2020,
OPTSTK,BAJAJFINSV,27-Aug-2020,4300,PE,0,0,0,697.55,12.05,0,0,0,0,06-JUL-2020,
OPTSTK,BAJAJFINSV,27-Aug-2020,4400,PE,0,0,0,755.5,16.2,0,0,0,0,06-JUL-2020,
OPTSTK,BAJAJFINSV,27-Aug-2020,4500,PE,0,0,0,815.45,21.45,0,0,0,0,06-JUL-2020,
OPTSTK,BAJAJFINSV,27-Aug-2020,4600,PE,0,0,0,877.4,28,0,0,0,0,06-JUL-2020,
OPTSTK,BAJAJFINSV,27-Aug-2020,4700,PE,0,0,0,941.25,36,0,0,0,0,06-JUL-2020,
OPTSTK,BAJAJFINSV,27-Aug-2020,4800,PE,0,0,0,1006.95,45.65,0,0,0,0,06-JUL-2020,
OPTSTK,BAJAJFINSV,27-Aug-2020,4900,PE,0,0,0,1074.35,57.2,0,0,0,0,06-JUL-2020,
OPTSTK,BAJAJFINSV,27-Aug-2020,5000,PE,0,0,0,1143.45,70.75,0,0,0,0,06-JUL-2020,
OPTSTK,BAJAJFINSV,27-Aug-2020,5100,PE,0,0,0,1214.15,86.55,0,0,0,0,06-JUL-2020,
OPTSTK,BAJAJFINSV,27-Aug-2020,5200,PE,0,0,0,1286.35,104.8,0,0,0,0,06-JUL-2020,
OPTSTK,BAJAJFINSV,27-Aug-2020,5300,PE,0,0,0,1360.3,125.65,0,0,0,0,06-JUL-2020,
OPTSTK,BAJAJFINSV,27-Aug-2020,5400,PE,0,0,0,1435.4,149.2,0,0,0,0,06-JUL-2020,
OPTSTK,BAJAJFINSV,27-Aug-2020,5500,PE,0,0,0,350,175.65,0,0,125,0,06-JUL-2020,
OPTSTK,BAJAJFINSV,27-Aug-2020,5600,PE,0,0,0,1589.5,205.05,0,0,0,0,06-JUL-2020,
OPTSTK,BAJAJFINSV,27-Aug-2020,5700,PE,0,0,0,1668.4,237.55,0,0,0,0,06-JUL-2020,
OPTSTK,BAJAJFINSV,27-Aug-2020,5800,PE,0,0,0,1748.4,273.15,0,0,0,0,06-JUL-2020,
OPTSTK,BAJAJFINSV,27-Aug-2020,5900,PE,0,0,0,1829.5,311.95,0,0,0,0,06-JUL-2020,
OPTSTK,BAJAJFINSV,27-Aug-2020,6000,PE,0,0,0,1911.6,353.95,0,0,0,0,06-JUL-2020,
OPTSTK,BAJAJFINSV,27-Aug-2020,6100,PE,0,0,0,1994.65,399.1,0,0,0,0,06-JUL-2020,
OPTSTK,BAJAJFINSV,27-Aug-2020,6200,PE,0,0,0,2078.6,447.5,0,0,0,0,06-JUL-2020,
OPTSTK,BAJAJFINSV,27-Aug-2020,6300,PE,0,0,0,2163.25,498.95,0,0,0,0,06-JUL-2020,
OPTSTK,BAJAJFINSV,27-Aug-2020,6400,PE,0,0,0,2134.55,553.55,0,0,0,0,06-JUL-2020,
OPTSTK,BAJAJFINSV,27-Aug-2020,6500,PE,0,0,0,1941.8,611.1,0,0,0,0,06-JUL-2020,
OPTSTK,BAJAJFINSV,27-Aug-2020,6600,PE,0,0,0,2024.35,671.55,0,0,0,0,06-JUL-2020,
OPTSTK,BAJAJFINSV,27-Aug-2020,6700,PE,0,0,0,2107.85,734.8,0,0,0,0,06-JUL-2020,
OPTSTK,BAJAJFINSV,27-Aug-2020,6800,PE,0,0,0,2192.05,800.75,0,0,0,0,06-JUL-2020,
OPTSTK,BAJAJFINSV,27-Aug-2020,6900,PE,0,0,0,1876.15,869.25,0,0,0,0,06-JUL-2020,
OPTSTK,BAJAJFINSV,27-Aug-2020,7000,PE,0,0,0,1959.05,940.2,0,0,0,0,06-JUL-2020,
OPTSTK,BAJAJFINSV,27-Aug-2020,7100,PE,0,0,0,2043.15,1013.5,0,0,0,0,06-JUL-2020,
OPTSTK,BAJAJFINSV,27-Aug-2020,7200,PE,0,0,0,2128.2,1088.95,0,0,0,0,06-JUL-2020,
OPTSTK,BAJAJFINSV,27-Aug-2020,7300,PE,0,0,0,2138.8,1166.45,0,0,0,0,06-JUL-2020,
OPTSTK,BAJAJFINSV,24-Sep-2020,3800,CE,0,0,0,2337.05,2529.9,0,0,0,0,06-JUL-2020,
OPTSTK,BAJAJFINSV,24-Sep-2020,3900,CE,0,0,0,2251.35,2434.1,0,0,0,0,06-JUL-2020,
OPTSTK,BAJAJFINSV,24-Sep-2020,4000,CE,0,0,0,2167.2,2339.05,0,0,0,0,06-JUL-2020,
OPTSTK,BAJAJFINSV,24-Sep-2020,4100,CE,0,0,0,2084.75,2244.95,0,0,0,0,06-JUL-2020,
OPTSTK,BAJAJFINSV,24-Sep-2020,4200,CE,0,0,0,2004.05,2151.9,0,0,0,0,06-JUL-2020,
OPTSTK,BAJAJFINSV,24-Sep-2020,4300,CE,0,0,0,1925.15,2060.05,0,0,0,0,06-JUL-2020,
OPTSTK,BAJAJFINSV,24-Sep-2020,4400,CE,0,0,0,1848.1,1969.55,0,0,0,0,06-JUL-2020,
OPTSTK,BAJAJFINSV,24-Sep-2020,4500,CE,0,0,0,1773,1880.55,0,0,0,0,06-JUL-2020,
OPTSTK,BAJAJFINSV,24-Sep-2020,4600,CE,0,0,0,1699.95,1793.15,0,0,0,0,06-JUL-2020,
OPTSTK,BAJAJFINSV,24-Sep-2020,4700,CE,0,0,0,1628.75,1707.55,0,0,0,0,06-JUL-2020,
OPTSTK,BAJAJFINSV,24-Sep-2020,4800,CE,0,0,0,1559.55,1623.85,0,0,0,0,06-JUL-2020,
OPTSTK,BAJAJFINSV,24-Sep-2020,4900,CE,0,0,0,1492.4,1542.15,0,0,0,0,06-JUL-2020,
OPTSTK,BAJAJFINSV,24-Sep-2020,5000,CE,0,0,0,1427.35,1462.6,0,0,0,0,06-JUL-2020,
OPTSTK,BAJAJFINSV,24-Sep-2020,5100,CE,0,0,0,1364.3,1385.3,0,0,0,0,06-JUL-2020,
OPTSTK,BAJAJFINSV,24-Sep-2020,5200,CE,0,0,0,1303.15,1310.3,0,0,0,0,06-JUL-2020,
OPTSTK,BAJAJFINSV,24-Sep-2020,5300,CE,0,0,0,1244.35,1237.75,0,0,0,0,06-JUL-2020,
OPTSTK,BAJAJFINSV,24-Sep-2020,5400,CE,0,0,0,1187.55,1167.7,0,0,0,0,06-JUL-2020,
OPTSTK,BAJAJFINSV,24-Sep-2020,5500,CE,0,0,0,1132.75,1100.15,0,0,0,0,06-JUL-2020,
OPTSTK,BAJAJFINSV,24-Sep-2020,5600,CE,0,0,0,1080,1035.2,0,0,0,0,06-JUL-2020,
OPTSTK,BAJAJFINSV,24-Sep-2020,5700,CE,0,0,0,1029.25,972.8,0,0,0,0,06-JUL-2020,
OPTSTK,BAJAJFINSV,24-Sep-2020,5800,CE,0,0,0,980.4,913.05,0,0,0,0,06-JUL-2020,
OPTSTK,BAJAJFINSV,24-Sep-2020,5900,CE,0,0,0,933.45,855.95,0,0,0,0,06-JUL-2020,
OPTSTK,BAJAJFINSV,24-Sep-2020,6000,CE,0,0,0,888.45,801.45,0,0,0,0,06-JUL-2020,
OPTSTK,BAJAJFINSV,24-Sep-2020,6100,CE,0,0,0,845.2,749.5,0,0,0,0,06-JUL-2020,
OPTSTK,BAJAJFINSV,24-Sep-2020,6200,CE,0,0,0,803.8,700.15,0,0,0,0,06-JUL-2020,
OPTSTK,BAJAJFINSV,24-Sep-2020,6300,CE,0,0,0,764.1,653.3,0,0,0,0,06-JUL-2020,
OPTSTK,BAJAJFINSV,24-Sep-2020,6400,CE,0,0,0,726.15,608.9,0,0,0,0,06-JUL-2020,
OPTSTK,BAJAJFINSV,24-Sep-2020,6500,CE,0,0,0,689.8,566.9,0,0,0,0,06-JUL-2020,
OPTSTK,BAJAJFINSV,24-Sep-2020,6600,CE,0,0,0,655.1,527.25,0,0,0,0,06-JUL-2020,
OPTSTK,BAJAJFINSV,24-Sep-2020,6700,CE,0,0,0,621.9,489.9,0,0,0,0,06-JUL-2020,
OPTSTK,BAJAJFINSV,24-Sep-2020,6800,CE,0,0,0,590.25,454.7,0,0,0,0,06-JUL-2020,
OPTSTK,BAJAJFINSV,24-Sep-2020,6900,CE,0,0,0,560,421.65,0,0,0,0,06-JUL-2020,
OPTSTK,BAJAJFINSV,24-Sep-2020,7000,CE,0,0,0,531.2,390.6,0,0,0,0,06-JUL-2020,
OPTSTK,BAJAJFINSV,24-Sep-2020,7100,CE,0,0,0,503.7,361.55,0,0,0,0,06-JUL-2020,
OPTSTK,BAJAJFINSV,24-Sep-2020,7200,CE,0,0,0,477.55,334.35,0,0,0,0,06-JUL-2020,
OPTSTK,BAJAJFINSV,24-Sep-2020,7300,CE,0,0,0,452.95,308.9,0,0,0,0,06-JUL-2020,
OPTSTK,BAJAJFINSV,24-Sep-2020,3800,PE,0,0,0,71.8,9.8,0,0,0,0,06-JUL-2020,
OPTSTK,BAJAJFINSV,24-Sep-2020,3900,PE,0,0,0,84.95,13,0,0,0,0,06-JUL-2020,
OPTSTK,BAJAJFINSV,24-Sep-2020,4000,PE,0,0,0,99.65,17.05,0,0,0,0,06-JUL-2020,
OPTSTK,BAJAJFINSV,24-Sep-2020,4100,PE,0,0,0,116.05,22,0,0,0,0,06-JUL-2020,
OPTSTK,BAJAJFINSV,24-Sep-2020,4200,PE,0,0,0,134.2,28.05,0,0,0,0,06-JUL-2020,
OPTSTK,BAJAJFINSV,24-Sep-2020,4300,PE,0,0,0,154.1,35.3,0,0,0,0,06-JUL-2020,
OPTSTK,BAJAJFINSV,24-Sep-2020,4400,PE,0,0,0,175.9,43.85,0,0,0,0,06-JUL-2020,
OPTSTK,BAJAJFINSV,24-Sep-2020,4500,PE,0,0,0,199.65,53.9,0,0,0,0,06-JUL-2020,
OPTSTK,BAJAJFINSV,24-Sep-2020,4600,PE,0,0,0,225.45,65.6,0,0,0,0,06-JUL-2020,
OPTSTK,BAJAJFINSV,24-Sep-2020,4700,PE,0,0,0,253.1,79.1,0,0,0,0,06-JUL-2020,
OPTSTK,BAJAJFINSV,24-Sep-2020,4800,PE,0,0,0,282.75,94.45,0,0,0,0,06-JUL-2020,
OPTSTK,BAJAJFINSV,24-Sep-2020,4900,PE,0,0,0,314.45,111.85,0,0,0,0,06-JUL-2020,
OPTSTK,BAJAJFINSV,24-Sep-2020,5000,PE,0,0,0,348.2,131.35,0,0,0,0,06-JUL-2020,
OPTSTK,BAJAJFINSV,24-Sep-2020,5100,PE,0,0,0,384,153.1,0,0,0,0,06-JUL-2020,
OPTSTK,BAJAJFINSV,24-Sep-2020,5200,PE,0,0,0,421.7,177.2,0,0,0,0,06-JUL-2020,
OPTSTK,BAJAJFINSV,24-Sep-2020,5300,PE,0,0,0,461.7,203.7,0,0,0,0,06-JUL-2020,
OPTSTK,BAJAJFINSV,24-Sep-2020,5400,PE,0,0,0,503.75,232.7,0,0,0,0,06-JUL-2020,
OPTSTK,BAJAJFINSV,24-Sep-2020,5500,PE,0,0,0,547.8,264.25,0,0,0,0,06-JUL-2020,
OPTSTK,BAJAJFINSV,24-Sep-2020,5600,PE,0,0,0,593.9,298.35,0,0,0,0,06-JUL-2020,
OPTSTK,BAJAJFINSV,24-Sep-2020,5700,PE,0,0,0,641.95,335.05,0,0,0,0,06-JUL-2020,
OPTSTK,BAJAJFINSV,24-Sep-2020,5800,PE,0,0,0,691.95,374.4,0,0,0,0,06-JUL-2020,
OPTSTK,BAJAJFINSV,24-Sep-2020,5900,PE,0,0,0,743.9,416.35,0,0,0,0,06-JUL-2020,
OPTSTK,BAJAJFINSV,24-Sep-2020,6000,PE,0,0,0,797.65,460.9,0,0,0,0,06-JUL-2020,
OPTSTK,BAJAJFINSV,24-Sep-2020,6100,PE,0,0,0,853.3,508.05,0,0,0,0,06-JUL-2020,
OPTSTK,BAJAJFINSV,24-Sep-2020,6200,PE,0,0,0,910.7,557.75,0,0,0,0,06-JUL-2020,
OPTSTK,BAJAJFINSV,24-Sep-2020,6300,PE,0,0,0,969.9,610,0,0,0,0,06-JUL-2020,
OPTSTK,BAJAJFINSV,24-Sep-2020,6400,PE,0,0,0,1030.75,664.65,0,0,0,0,06-JUL-2020,
OPTSTK,BAJAJFINSV,24-Sep-2020,6500,PE,0,0,0,1093.25,721.75,0,0,0,0,06-JUL-2020,
OPTSTK,BAJAJFINSV,24-Sep-2020,6600,PE,0,0,0,1157.4,781.15,0,0,0,0,06-JUL-2020,
OPTSTK,BAJAJFINSV,24-Sep-2020,6700,PE,0,0,0,1223.05,842.85,0,0,0,0,06-JUL-2020,
OPTSTK,BAJAJFINSV,24-Sep-2020,6800,PE,0,0,0,1290.2,906.75,0,0,0,0,06-JUL-2020,
OPTSTK,BAJAJFINSV,24-Sep-2020,6900,PE,0,0,0,1358.8,972.75,0,0,0,0,06-JUL-2020,
OPTSTK,BAJAJFINSV,24-Sep-2020,7000,PE,0,0,0,1428.85,1040.8,0,0,0,0,06-JUL-2020,
OPTSTK,BAJAJFINSV,24-Sep-2020,7100,PE,0,0,0,1500.2,1110.8,0,0,0,0,06-JUL-2020,
OPTSTK,BAJAJFINSV,24-Sep-2020,7200,PE,0,0,0,1572.85,1182.65,0,0,0,0,06-JUL-2020,
OPTSTK,BAJAJFINSV,24-Sep-2020,7300,PE,0,0,0,1647.1,1256.3,0,0,0,0,06-JUL-2020,
OPTSTK,BAJFINANCE,30-Jul-2020,1000,CE,0,0,0,1364.8,2111.6,0,0,0,0,06-JUL-2020,
OPTSTK,BAJFINANCE,30-Jul-2020,1100,CE,0,0,0,1281.7,2011.85,0,0,0,0,06-JUL-2020,
OPTSTK,BAJFINANCE,30-Jul-2020,1200,CE,0,0,0,1202.45,1912.15,0,0,0,0,06-JUL-2020,
OPTSTK,BAJFINANCE,30-Jul-2020,1300,CE,0,0,0,1127.1,1812.45,0,0,0,0,06-JUL-2020,
OPTSTK,BAJFINANCE,30-Jul-2020,1400,CE,0,0,0,1055.7,1712.7,0,0,0,0,06-JUL-2020,
OPTSTK,BAJFINANCE,30-Jul-2020,1500,CE,0,0,0,988.2,1613,0,0,0,0,06-JUL-2020,
OPTSTK,BAJFINANCE,30-Jul-2020,1550,CE,0,0,0,536.05,1563.15,0,0,0,0,06-JUL-2020,
OPTSTK,BAJFINANCE,30-Jul-2020,1600,CE,0,0,0,924.65,1513.25,0,0,0,0,06-JUL-2020,
OPTSTK,BAJFINANCE,30-Jul-2020,1650,CE,0,0,0,475.15,1463.4,0,0,0,0,06-JUL-2020,
OPTSTK,BAJFINANCE,30-Jul-2020,1700,CE,0,0,0,864.85,1413.55,0,0,0,0,06-JUL-2020,
OPTSTK,BAJFINANCE,30-Jul-2020,1750,CE,0,0,0,754.4,1363.7,0,0,0,0,06-JUL-2020,
OPTSTK,BAJFINANCE,30-Jul-2020,1800,CE,0,0,0,808.75,1313.85,0,0,0,0,06-JUL-2020,
OPTSTK,BAJFINANCE,30-Jul-2020,1850,CE,0,0,0,370.25,1264,0,0,0,0,06-JUL-2020,
OPTSTK,BAJFINANCE,30-Jul-2020,1900,CE,0,0,0,756.1,1214.15,0,0,0,0,06-JUL-2020,
OPTSTK,BAJFINANCE,30-Jul-2020,1950,CE,0,0,0,325.65,1164.35,0,0,0,0,06-JUL-2020,
OPTSTK,BAJFINANCE,30-Jul-2020,2000,CE,1020,1115,1000,1115,1115,3,22.83,9250,-250,06-JUL-2020,
OPTSTK,BAJFINANCE,30-Jul-2020,2050,CE,0,0,0,285.9,1064.9,0,0,0,0,06-JUL-2020,
OPTSTK,BAJFINANCE,30-Jul-2020,2100,CE,0,0,0,836.65,1015.25,0,0,4250,0,06-JUL-2020,
OPTSTK,BAJFINANCE,30-Jul-2020,2150,CE,0,0,0,250.55,965.8,0,0,0,0,06-JUL-2020,
OPTSTK,BAJFINANCE,30-Jul-2020,2200,CE,0,0,0,753.75,916.5,0,0,8250,0,06-JUL-2020,
OPTSTK,BAJFINANCE,30-Jul-2020,2250,CE,0,0,0,500,867.45,0,0,250,0,06-JUL-2020,
OPTSTK,BAJFINANCE,30-Jul-2020,2300,CE,705.45,750,705.45,750,818.8,2,15.13,8500,250,06-JUL-2020,
OPTSTK,BAJFINANCE,30-Jul-2020,2350,CE,723.65,723.65,723.65,723.65,770.55,1,7.68,500,0,06-JUL-2020,
OPTSTK,BAJFINANCE,30-Jul-2020,2400,CE,620,640.35,620,640.35,722.9,2,15.15,17000,0,06-JUL-2020,
OPTSTK,BAJFINANCE,30-Jul-2020,2450,CE,0,0,0,627.65,676,0,0,2750,0,06-JUL-2020,
OPTSTK,BAJFINANCE,30-Jul-2020,2500,CE,525,656.3,525,648.6,648.6,9,69.23,29750,-1500,06-JUL-2020,
OPTSTK,BAJFINANCE,30-Jul-2020,2550,CE,495,495,495,495,584.9,1,7.61,1250,0,06-JUL-2020,
OPTSTK,BAJFINANCE,30-Jul-2020,2600,CE,562,562,554.45,558.25,558.25,2,15.79,19000,0,06-JUL-2020,
OPTSTK,BAJFINANCE,30-Jul-2020,2650,CE,417.35,459.25,417.35,459.25,498.55,2,15.44,3750,-250,06-JUL-2020,
OPTSTK,BAJFINANCE,30-Jul-2020,2700,CE,389.15,482.55,359.85,469.8,469.8,47,365.99,25750,-4500,06-JUL-2020,
OPTSTK,BAJFINANCE,30-Jul-2020,2750,CE,346.75,435.8,346.75,435.8,435.8,3,23.53,5250,0,06-JUL-2020,
OPTSTK,BAJFINANCE,30-Jul-2020,2800,CE,290,405,282.05,387.1,387.1,141,1107.67,59500,-13250,06-JUL-2020,
OPTSTK,BAJFINANCE,30-Jul-2020,2850,CE,265.5,343,265,343,345,18,141.32,13000,-1750,06-JUL-2020,
OPTSTK,BAJFINANCE,30-Jul-2020,2900,CE,238.5,340.7,228.85,324.85,324.85,440,3488.67,81750,-13500,06-JUL-2020,
OPTSTK,BAJFINANCE,30-Jul-2020,2950,CE,205,307.85,204.75,290.85,290.85,353,2809.44,23750,-15750,06-JUL-2020,
OPTSTK,BAJFINANCE,30-Jul-2020,3000,CE,178.55,280,178.55,263.75,263.75,3885,31222.84,245000,-124250,06-JUL-2020,
OPTSTK,BAJFINANCE,30-Jul-2020,3050,CE,161.6,250,156,237.3,237.3,1027,8330.38,31750,-8000,06-JUL-2020,
OPTSTK,BAJFINANCE,30-Jul-2020,3100,CE,144.15,225,140,209.9,209.9,4566,37431.8,191750,30250,06-JUL-2020,
OPTSTK,BAJFINANCE,30-Jul-2020,3150,CE,124.7,201,124.5,190.4,190.4,1182,9782.64,129250,109750,06-JUL-2020,
OPTSTK,BAJFINANCE,30-Jul-2020,3200,CE,114.6,179,106.05,166.45,166.45,3777,31525.45,211250,4750,06-JUL-2020,
OPTSTK,BAJFINANCE,30-Jul-2020,3250,CE,96.3,158,95,147.35,147.35,224,1892.47,21750,9500,06-JUL-2020,
OPTSTK,BAJFINANCE,30-Jul-2020,3300,CE,81.75,140,80.35,127.35,127.35,2669,22727.69,193750,37000,06-JUL-2020,
OPTSTK,BAJFINANCE,30-Jul-2020,3350,CE,82,123.25,70.45,114.95,114.95,109,939.25,8500,2250,06-JUL-2020,
OPTSTK,BAJFINANCE,30-Jul-2020,3400,CE,61.8,107.7,60.05,99.15,99.15,1827,15895.68,139000,1500,06-JUL-2020,
OPTSTK,BAJFINANCE,30-Jul-2020,3450,CE,59.25,100.35,52.15,88.95,88.95,51,449.35,6750,-250,06-JUL-2020,
OPTSTK,BAJFINANCE,30-Jul-2020,3500,CE,44.95,82.15,43.8,74.35,74.35,3665,32618.55,322000,-11500,06-JUL-2020,
OPTSTK,BAJFINANCE,30-Jul-2020,3550,CE,50,70.3,50,65,65,9,81.24,2250,250,06-JUL-2020,
OPTSTK,BAJFINANCE,30-Jul-2020,3600,CE,32.05,61.7,31,55.9,55.9,849,7738.2,127250,23500,06-JUL-2020,
OPTSTK,BAJFINANCE,30-Jul-2020,3700,CE,27.95,46.6,23.15,42,42,403,3764.7,55000,6000,06-JUL-2020,
OPTSTK,BAJFINANCE,30-Jul-2020,3800,CE,17,34.2,16.85,30.4,30.4,679,6492.3,121500,31500,06-JUL-2020,
OPTSTK,BAJFINANCE,30-Jul-2020,3900,CE,13.1,24.9,12.4,22,22,1108,10851.92,204250,-25750,06-JUL-2020,
OPTSTK,BAJFINANCE,30-Jul-2020,1000,PE,0,0,0,34,0.05,0,0,0,0,06-JUL-2020,
OPTSTK,BAJFINANCE,30-Jul-2020,1100,PE,0,0,0,49.7,0.05,0,0,0,0,06-JUL-2020,
OPTSTK,BAJFINANCE,30-Jul-2020,1200,PE,0,0,0,10,0.05,0,0,250,0,06-JUL-2020,
OPTSTK,BAJFINANCE,30-Jul-2020,1300,PE,0,0,0,3,0.05,0,0,500,0,06-JUL-2020,
OPTSTK,BAJFINANCE,30-Jul-2020,1400,PE,0,0,0,0.25,0.05,0,0,250,0,06-JUL-2020,
OPTSTK,BAJFINANCE,30-Jul-2020,1500,PE,2.85,2.85,1.55,1.55,0.05,6,22.53,2250,0,06-JUL-2020,
OPTSTK,BAJFINANCE,30-Jul-2020,1550,PE,0,0,0,125.3,0.05,0,0,0,0,06-JUL-2020,
OPTSTK,BAJFINANCE,30-Jul-2020,1600,PE,2.25,2.45,2,2.45,2.45,9,36.04,26250,-750,06-JUL-2020,
OPTSTK,BAJFINANCE,30-Jul-2020,1650,PE,0,0,0,163.55,0.05,0,0,0,0,06-JUL-2020,
OPTSTK,BAJFINANCE,30-Jul-2020,1700,PE,0,0,0,2.6,0.05,0,0,28000,0,06-JUL-2020,
OPTSTK,BAJFINANCE,30-Jul-2020,1750,PE,0,0,0,207.55,0.05,0,0,0,0,06-JUL-2020,
OPTSTK,BAJFINANCE,30-Jul-2020,1800,PE,3.15,3.45,2.9,2.95,2.95,32,144.25,55250,-3250,06-JUL-2020,
OPTSTK,BAJFINANCE,30-Jul-2020,1850,PE,0,0,0,256.95,0.05,0,0,0,0,06-JUL-2020,
OPTSTK,BAJFINANCE,30-Jul-2020,1900,PE,4,4,2.85,3.1,3.1,28,133.23,35500,-2500,06-JUL-2020,
OPTSTK,BAJFINANCE,30-Jul-2020,1950,PE,0,0,0,10,0.1,0,0,500,0,06-JUL-2020,
OPTSTK,BAJFINANCE,30-Jul-2020,2000,PE,5.55,5.75,4.3,4.5,4.5,160,801.9,297750,-1000,06-JUL-2020,
OPTSTK,BAJFINANCE,30-Jul-2020,2050,PE,0,0,0,11.45,0.35,0,0,500,0,06-JUL-2020,
OPTSTK,BAJFINANCE,30-Jul-2020,2100,PE,6,6.9,5.65,6,6,42,221.14,45500,-500,06-JUL-2020,
OPTSTK,BAJFINANCE,30-Jul-2020,2150,PE,5.5,13,5,6.05,6.05,15,80.89,2000,1000,06-JUL-2020,
OPTSTK,BAJFINANCE,30-Jul-2020,2200,PE,10.05,11,7.05,7.6,7.6,357,1970.72,111500,-8500,06-JUL-2020,
OPTSTK,BAJFINANCE,30-Jul-2020,2250,PE,0,0,0,20,2.4,0,0,750,0,06-JUL-2020,
OPTSTK,BAJFINANCE,30-Jul-2020,2300,PE,20,20,10.5,11.3,11.3,212,1225.75,103250,-3500,06-JUL-2020,
OPTSTK,BAJFINANCE,30-Jul-2020,2350,PE,22.8,22.8,12.1,13.7,13.7,13,76.84,3750,500,06-JUL-2020,
OPTSTK,BAJFINANCE,30-Jul-2020,2400,PE,21.15,25,15.5,16.65,16.65,538,3254.77,223250,-2000,06-JUL-2020,
OPTSTK,BAJFINANCE,30-Jul-2020,2450,PE,35,35,18,21.95,21.95,18,111.44,5750,0,06-JUL-2020,
OPTSTK,BAJFINANCE,30-Jul-2020,2500,PE,42,42,24.35,25.75,25.75,1634,10339.39,384250,34750,06-JUL-2020,
OPTSTK,BAJFINANCE,30-Jul-2020,2550,PE,45.95,45.95,30.1,31.7,31.7,24,155.16,8250,-250,06-JUL-2020,
OPTSTK,BAJFINANCE,30-Jul-2020,2600,PE,57.4,57.4,36.5,38.2,38.2,1244,8227.35,229750,44000,06-JUL-2020,
OPTSTK,BAJFINANCE,30-Jul-2020,2650,PE,67.6,69.25,44.75,46.75,46.75,55,371.87,17750,3250,06-JUL-2020,
OPTSTK,BAJFINANCE,30-Jul-2020,2700,PE,81.45,83.75,53.45,56.65,56.65,1677,11596.44,149250,9500,06-JUL-2020,
OPTSTK,BAJFINANCE,30-Jul-2020,2750,PE,92,97.45,64.95,66.6,66.6,385,2722.8,44000,9250,06-JUL-2020,
OPTSTK,BAJFINANCE,30-Jul-2020,2800,PE,120.05,120.05,77.05,80.6,80.6,1954,14138.58,237000,53500,06-JUL-2020,
OPTSTK,BAJFINANCE,30-Jul-2020,2850,PE,132.2,134.1,92,94.95,94.95,464,3439.97,53500,-6250,06-JUL-2020,
OPTSTK,BAJFINANCE,30-Jul-2020,2900,PE,153.05,158,108,111.55,111.55,1696,12862.66,169750,38000,06-JUL-2020,
OPTSTK,BAJFINANCE,30-Jul-2020,2950,PE,180.3,180.3,125.25,130.2,130.2,689,5345.86,37500,-500,06-JUL-2020,
OPTSTK,BAJFINANCE,30-Jul-2020,3000,PE,213.3,213.3,144.6,149.05,149.05,2976,23587.72,215250,-15750,06-JUL-2020,
OPTSTK,BAJFINANCE,30-Jul-2020,3050,PE,220,222,166.55,171.65,171.65,220,1779.55,15500,7500,06-JUL-2020,
OPTSTK,BAJFINANCE,30-Jul-2020,3100,PE,242,256.4,189.8,195.9,195.9,404,3334.71,40500,27250,06-JUL-2020,
OPTSTK,BAJFINANCE,30-Jul-2020,3150,PE,267.25,267.25,238.5,238.5,238.5,4,34.02,4500,500,06-JUL-2020,
OPTSTK,BAJFINANCE,30-Jul-2020,3200,PE,328,329,245,251.2,251.2,42,365.66,12000,2000,06-JUL-2020,
OPTSTK,BAJFINANCE,30-Jul-2020,3250,PE,284.95,284.95,284.95,284.95,284.95,1,8.83,250,250,06-JUL-2020,
OPTSTK,BAJFINANCE,30-Jul-2020,3300,PE,380,380,307.3,312.1,312.1,14,127.42,5250,1500,06-JUL-2020,
OPTSTK,BAJFINANCE,30-Jul-2020,3350,PE,0,0,0,890.1,333.8,0,0,0,0,06-JUL-2020,
OPTSTK,BAJFINANCE,30-Jul-2020,3400,PE,495.55,495.55,455,455,369.9,2,19.37,750,250,06-JUL-2020,
OPTSTK,BAJFINANCE,30-Jul-2020,3450,PE,0,0,0,947.6,407.55,0,0,0,0,06-JUL-2020,
OPTSTK,BAJFINANCE,30-Jul-2020,3500,PE,545,545,452,452,452,4,39.96,10500,0,06-JUL-2020,
OPTSTK,BAJFINANCE,30-Jul-2020,3550,PE,0,0,0,688.3,487.05,0,0,500,0,06-JUL-2020,
OPTSTK,BAJFINANCE,30-Jul-2020,3600,PE,0,0,0,730.25,528.65,0,0,500,0,06-JUL-2020,
OPTSTK,BAJFINANCE,30-Jul-2020,3700,PE,0,0,0,1567.8,614.95,0,0,0,0,06-JUL-2020,
OPTSTK,BAJFINANCE,30-Jul-2020,3800,PE,0,0,0,1652.5,704.75,0,0,0,0,06-JUL-2020,
OPTSTK,BAJFINANCE,30-Jul-2020,3900,PE,0,0,0,985,797.2,0,0,500,0,06-JUL-2020,
OPTSTK,BAJFINANCE,27-Aug-2020,1050,CE,0,0,0,944.55,2065.15,0,0,0,0,06-JUL-2020,
OPTSTK,BAJFINANCE,27-Aug-2020,1100,CE,0,0,0,903.4,2015.45,0,0,0,0,06-JUL-2020,
OPTSTK,BAJFINANCE,27-Aug-2020,1150,CE,0,0,0,863.4,1965.75,0,0,0,0,06-JUL-2020,
OPTSTK,BAJFINANCE,27-Aug-2020,1200,CE,0,0,0,824.6,1916.05,0,0,0,0,06-JUL-2020,
OPTSTK,BAJFINANCE,27-Aug-2020,1250,CE,0,0,0,787.1,1866.35,0,0,0,0,06-JUL-2020,
OPTSTK,BAJFINANCE,27-Aug-2020,1300,CE,0,0,0,750.85,1816.65,0,0,0,0,06-JUL-2020,
OPTSTK,BAJFINANCE,27-Aug-2020,1350,CE,0,0,0,715.85,1766.95,0,0,0,0,06-JUL-2020,
OPTSTK,BAJFINANCE,27-Aug-2020,1400,CE,0,0,0,682.1,1717.25,0,0,0,0,06-JUL-2020,
OPTSTK,BAJFINANCE,27-Aug-2020,1450,CE,0,0,0,649.65,1667.6,0,0,0,0,06-JUL-2020,
OPTSTK,BAJFINANCE,27-Aug-2020,1500,CE,0,0,0,618.5,1617.9,0,0,0,0,06-JUL-2020,
OPTSTK,BAJFINANCE,27-Aug-2020,1550,CE,0,0,0,588.55,1568.3,0,0,0,0,06-JUL-2020,
OPTSTK,BAJFINANCE,27-Aug-2020,1600,CE,0,0,0,559.9,1518.65,0,0,0,0,06-JUL-2020,
OPTSTK,BAJFINANCE,27-Aug-2020,1650,CE,0,0,0,532.4,1469.1,0,0,0,0,06-JUL-2020,
OPTSTK,BAJFINANCE,27-Aug-2020,1700,CE,0,0,0,506.15,1419.6,0,0,0,0,06-JUL-2020,
OPTSTK,BAJFINANCE,27-Aug-2020,1750,CE,0,0,0,481.05,1370.2,0,0,0,0,06-JUL-2020,
OPTSTK,BAJFINANCE,27-Aug-2020,1800,CE,0,0,0,457.1,1320.9,0,0,0,0,06-JUL-2020,
OPTSTK,BAJFINANCE,27-Aug-2020,1850,CE,0,0,0,434.25,1271.75,0,0,0,0,06-JUL-2020,
OPTSTK,BAJFINANCE,27-Aug-2020,1900,CE,0,0,0,412.45,1222.8,0,0,0,0,06-JUL-2020,
OPTSTK,BAJFINANCE,27-Aug-2020,1950,CE,0,0,0,391.7,1174.15,0,0,0,0,06-JUL-2020,
OPTSTK,BAJFINANCE,27-Aug-2020,2000,CE,0,0,0,371.9,1125.8,0,0,0,0,06-JUL-2020,
OPTSTK,BAJFINANCE,27-Aug-2020,2050,CE,0,0,0,353.1,1077.8,0,0,0,0,06-JUL-2020,
OPTSTK,BAJFINANCE,27-Aug-2020,2100,CE,0,0,0,335.2,1030.25,0,0,0,0,06-JUL-2020,
OPTSTK,BAJFINANCE,27-Aug-2020,2150,CE,0,0,0,318.15,983.3,0,0,0,0,06-JUL-2020,
OPTSTK,BAJFINANCE,27-Aug-2020,2200,CE,0,0,0,301.95,936.9,0,0,0,0,06-JUL-2020,
OPTSTK,BAJFINANCE,27-Aug-2020,2250,CE,0,0,0,286.6,891.2,0,0,0,0,06-JUL-2020,
OPTSTK,BAJFINANCE,27-Aug-2020,2300,CE,0,0,0,411.45,846.3,0,0,250,0,06-JUL-2020,
OPTSTK,BAJFINANCE,27-Aug-2020,2350,CE,0,0,0,258.1,802.3,0,0,0,0,06-JUL-2020,
OPTSTK,BAJFINANCE,27-Aug-2020,2400,CE,0,0,0,244.9,759.25,0,0,0,0,06-JUL-2020,
OPTSTK,BAJFINANCE,27-Aug-2020,2450,CE,0,0,0,232.5,717.2,0,0,0,0,06-JUL-2020,
OPTSTK,BAJFINANCE,27-Aug-2020,2500,CE,0,0,0,260,676.3,0,0,500,0,06-JUL-2020,
OPTSTK,BAJFINANCE,27-Aug-2020,2550,CE,0,0,0,209.45,636.6,0,0,0,0,06-JUL-2020,
OPTSTK,BAJFINANCE,27-Aug-2020,2600,CE,0,0,0,510,598.15,0,0,250,0,06-JUL-2020,
OPTSTK,BAJFINANCE,27-Aug-2020,2650,CE,0,0,0,188.65,561,0,0,0,0,06-JUL-2020,
OPTSTK,BAJFINANCE,27-Aug-2020,2700,CE,450,450,450,450,525.25,1,7.87,1000,0,06-JUL-2020,
OPTSTK,BAJFINANCE,27-Aug-2020,2750,CE,0,0,0,405,490.9,0,0,1000,0,06-JUL-2020,
OPTSTK,BAJFINANCE,27-Aug-2020,2800,CE,0,0,0,367.1,458,0,0,5500,0,06-JUL-2020,
OPTSTK,BAJFINANCE,27-Aug-2020,2850,CE,0,0,0,153.2,426.55,0,0,0,0,06-JUL-2020,
OPTSTK,BAJFINANCE,27-Aug-2020,2900,CE,0,0,0,277,396.55,0,0,750,0,06-JUL-2020,
OPTSTK,BAJFINANCE,27-Aug-2020,2950,CE,0,0,0,107.25,368.05,0,0,250,0,06-JUL-2020,
OPTSTK,BAJFINANCE,27-Aug-2020,3000,CE,257.45,356.7,257.45,353.35,353.35,16,131.57,7250,-250,06-JUL-2020,
OPTSTK,BAJFINANCE,27-Aug-2020,3050,CE,0,0,0,157.35,315.5,0,0,0,0,06-JUL-2020,
OPTSTK,BAJFINANCE,27-Aug-2020,3100,CE,224.2,282,224.2,282,282,15,125.6,8000,-250,06-JUL-2020,
OPTSTK,BAJFINANCE,27-Aug-2020,3150,CE,0,0,0,123.5,268.65,0,0,0,0,06-JUL-2020,
OPTSTK,BAJFINANCE,27-Aug-2020,3200,CE,184,251.5,184,251.5,251.5,4,34.09,2000,750,06-JUL-2020,
OPTSTK,BAJFINANCE,27-Aug-2020,3250,CE,0,0,0,107.75,227.4,0,0,0,0,06-JUL-2020,
OPTSTK,BAJFINANCE,27-Aug-2020,3300,CE,159.6,194,159.6,194,208.7,16,139.09,3250,1250,06-JUL-2020,
OPTSTK,BAJFINANCE,27-Aug-2020,3350,CE,0,0,0,125.25,191.3,0,0,0,0,06-JUL-2020,
OPTSTK,BAJFINANCE,27-Aug-2020,3400,CE,130.95,130.95,130.95,130.95,175.1,1,8.82,0,-250,06-JUL-2020,
OPTSTK,BAJFINANCE,27-Aug-2020,3450,CE,0,0,0,93.9,160.05,0,0,0,0,06-JUL-2020,
OPTSTK,BAJFINANCE,27-Aug-2020,3500,CE,105.85,155.05,97.7,148.55,148.55,63,570.01,16750,7250,06-JUL-2020,
OPTSTK,BAJFINANCE,27-Aug-2020,1050,PE,0,0,0,34.1,0.05,0,0,0,0,06-JUL-2020,
OPTSTK,BAJFINANCE,27-Aug-2020,1100,PE,0,0,0,42.35,0.05,0,0,0,0,06-JUL-2020,
OPTSTK,BAJFINANCE,27-Aug-2020,1150,PE,0,0,0,51.75,0.05,0,0,0,0,06-JUL-2020,
OPTSTK,BAJFINANCE,27-Aug-2020,1200,PE,0,0,0,62.35,0.05,0,0,0,0,06-JUL-2020,
OPTSTK,BAJFINANCE,27-Aug-2020,1250,PE,0,0,0,74.2,0.05,0,0,0,0,06-JUL-2020,
OPTSTK,BAJFINANCE,27-Aug-2020,1300,PE,0,0,0,87.35,0.05,0,0,0,0,06-JUL-2020,
OPTSTK,BAJFINANCE,27-Aug-2020,1350,PE,0,0,0,19,0.05,0,0,250,0,06-JUL-2020,
OPTSTK,BAJFINANCE,27-Aug-2020,1400,PE,0,0,0,117.4,0.05,0,0,0,0,06-JUL-2020,
OPTSTK,BAJFINANCE,27-Aug-2020,1450,PE,0,0,0,134.35,0.05,0,0,0,0,06-JUL-2020,
OPTSTK,BAJFINANCE,27-Aug-2020,1500,PE,0,0,0,152.55,0.05,0,0,0,0,06-JUL-2020,
OPTSTK,BAJFINANCE,27-Aug-2020,1550,PE,0,0,0,172.05,0.1,0,0,0,0,06-JUL-2020,
OPTSTK,BAJFINANCE,27-Aug-2020,1600,PE,0,0,0,192.75,0.2,0,0,0,0,06-JUL-2020,
OPTSTK,BAJFINANCE,27-Aug-2020,1650,PE,0,0,0,214.65,0.35,0,0,0,0,06-JUL-2020,
OPTSTK,BAJFINANCE,27-Aug-2020,1700,PE,0,0,0,237.8,0.55,0,0,0,0,06-JUL-2020,
OPTSTK,BAJFINANCE,27-Aug-2020,1750,PE,0,0,0,262.1,0.8,0,0,0,0,06-JUL-2020,
OPTSTK,BAJFINANCE,27-Aug-2020,1800,PE,0,0,0,287.55,1.2,0,0,0,0,06-JUL-2020,
OPTSTK,BAJFINANCE,27-Aug-2020,1850,PE,0,0,0,314.1,1.8,0,0,0,0,06-JUL-2020,
OPTSTK,BAJFINANCE,27-Aug-2020,1900,PE,0,0,0,341.7,2.55,0,0,0,0,06-JUL-2020,
OPTSTK,BAJFINANCE,27-Aug-2020,1950,PE,0,0,0,25,3.55,0,0,1000,0,06-JUL-2020,
OPTSTK,BAJFINANCE,27-Aug-2020,2000,PE,11,11,11,11,11,1,5.02,1000,250,06-JUL-2020,
OPTSTK,BAJFINANCE,27-Aug-2020,2050,PE,0,0,0,430.5,6.6,0,0,0,0,06-JUL-2020,
OPTSTK,BAJFINANCE,27-Aug-2020,2100,PE,0,0,0,462,8.8,0,0,0,0,06-JUL-2020,
OPTSTK,BAJFINANCE,27-Aug-2020,2150,PE,0,0,0,494.35,11.5,0,0,0,0,06-JUL-2020,
OPTSTK,BAJFINANCE,27-Aug-2020,2200,PE,0,0,0,42.8,14.8,0,0,2750,0,06-JUL-2020,
OPTSTK,BAJFINANCE,27-Aug-2020,2250,PE,0,0,0,561.55,18.85,0,0,0,0,06-JUL-2020,
OPTSTK,BAJFINANCE,27-Aug-2020,2300,PE,0,0,0,60,23.65,0,0,1000,0,06-JUL-2020,
OPTSTK,BAJFINANCE,27-Aug-2020,2350,PE,0,0,0,70,29.3,0,0,250,0,06-JUL-2020,
OPTSTK,BAJFINANCE,27-Aug-2020,2400,PE,0,0,0,668.05,35.95,0,0,0,0,06-JUL-2020,
OPTSTK,BAJFINANCE,27-Aug-2020,2450,PE,0,0,0,80,43.65,0,0,500,0,06-JUL-2020,
OPTSTK,BAJFINANCE,27-Aug-2020,2500,PE,91.8,91.8,65,66.7,66.7,29,186.79,20250,3500,06-JUL-2020,
OPTSTK,BAJFINANCE,27-Aug-2020,2550,PE,0,0,0,780.75,62.4,0,0,0,0,06-JUL-2020,
OPTSTK,BAJFINANCE,27-Aug-2020,2600,PE,100,100,85,86.7,86.7,8,53.8,2250,1750,06-JUL-2020,
OPTSTK,BAJFINANCE,27-Aug-2020,2650,PE,0,0,0,858.8,86.25,0,0,0,0,06-JUL-2020,
OPTSTK,BAJFINANCE,27-Aug-2020,2700,PE,0,0,0,186.55,100.15,0,0,1750,0,06-JUL-2020,
OPTSTK,BAJFINANCE,27-Aug-2020,2750,PE,0,0,0,938.9,115.5,0,0,0,0,06-JUL-2020,
OPTSTK,BAJFINANCE,27-Aug-2020,2800,PE,0,0,0,280,132.3,0,0,250,0,06-JUL-2020,
OPTSTK,BAJFINANCE,27-Aug-2020,2850,PE,190.05,190.05,190.05,190.05,150.55,1,7.6,250,250,06-JUL-2020,
OPTSTK,BAJFINANCE,27-Aug-2020,2900,PE,195.05,195.05,195.05,195.05,195.05,1,7.73,500,250,06-JUL-2020,
OPTSTK,BAJFINANCE,27-Aug-2020,2950,PE,0,0,0,929.95,191.45,0,0,0,0,06-JUL-2020,
OPTSTK,BAJFINANCE,27-Aug-2020,3000,PE,279,279,223.05,224.55,224.55,8,65.22,2000,1000,06-JUL-2020,
OPTSTK,BAJFINANCE,27-Aug-2020,3050,PE,0,0,0,1011.15,238.25,0,0,0,0,06-JUL-2020,
OPTSTK,BAJFINANCE,27-Aug-2020,3100,PE,315,315,315,315,263.85,1,8.53,250,0,06-JUL-2020,
OPTSTK,BAJFINANCE,27-Aug-2020,3150,PE,0,0,0,891.3,290.85,0,0,0,0,06-JUL-2020,
OPTSTK,BAJFINANCE,27-Aug-2020,3200,PE,375,375.7,375,375.7,319.25,5,44.69,250,-1000,06-JUL-2020,
OPTSTK,BAJFINANCE,27-Aug-2020,3250,PE,0,0,0,974.4,348.95,0,0,0,0,06-JUL-2020,
OPTSTK,BAJFINANCE,27-Aug-2020,3300,PE,0,0,0,968.65,380,0,0,0,0,06-JUL-2020,
OPTSTK,BAJFINANCE,27-Aug-2020,3350,PE,0,0,0,932.85,412.3,0,0,0,0,06-JUL-2020,
OPTSTK,BAJFINANCE,27-Aug-2020,3400,PE,0,0,0,974.3,445.75,0,0,0,0,06-JUL-2020,
OPTSTK,BAJFINANCE,27-Aug-2020,3450,PE,0,0,0,986.7,480.4,0,0,0,0,06-JUL-2020,
OPTSTK,BAJFINANCE,27-Aug-2020,3500,PE,0,0,0,894.5,516.15,0,0,0,0,06-JUL-2020,
OPTSTK,BAJFINANCE,24-Sep-2020,2000,CE,0,0,0,1091.55,1142.85,0,0,0,0,06-JUL-2020,
OPTSTK,BAJFINANCE,24-Sep-2020,2050,CE,0,0,0,1051.5,1097.1,0,0,0,0,06-JUL-2020,
OPTSTK,BAJFINANCE,24-Sep-2020,2100,CE,0,0,0,1012.4,1052.05,0,0,0,0,06-JUL-2020,
OPTSTK,BAJFINANCE,24-Sep-2020,2150,CE,0,0,0,974.15,1007.65,0,0,0,0,06-JUL-2020,
OPTSTK,BAJFINANCE,24-Sep-2020,2200,CE,0,0,0,936.9,964.1,0,0,0,0,06-JUL-2020,
OPTSTK,BAJFINANCE,24-Sep-2020,2250,CE,0,0,0,900.55,921.4,0,0,0,0,06-JUL-2020,
OPTSTK,BAJFINANCE,24-Sep-2020,2300,CE,0,0,0,865.1,879.55,0,0,0,0,06-JUL-2020,
OPTSTK,BAJFINANCE,24-Sep-2020,2350,CE,0,0,0,830.65,838.7,0,0,0,0,06-JUL-2020,
OPTSTK,BAJFINANCE,24-Sep-2020,2400,CE,0,0,0,797.2,798.85,0,0,0,0,06-JUL-2020,
OPTSTK,BAJFINANCE,24-Sep-2020,2450,CE,0,0,0,764.7,760.05,0,0,0,0,06-JUL-2020,
OPTSTK,BAJFINANCE,24-Sep-2020,2500,CE,0,0,0,733.2,722.35,0,0,0,0,06-JUL-2020,
OPTSTK,BAJFINANCE,24-Sep-2020,2550,CE,0,0,0,702.55,685.75,0,0,0,0,06-JUL-2020,
OPTSTK,BAJFINANCE,24-Sep-2020,2600,CE,0,0,0,673,650.35,0,0,0,0,06-JUL-2020,
OPTSTK,BAJFINANCE,24-Sep-2020,2650,CE,0,0,0,644.45,616.1,0,0,0,0,06-JUL-2020,
OPTSTK,BAJFINANCE,24-Sep-2020,2700,CE,0,0,0,616.9,583.05,0,0,0,0,06-JUL-2020,
OPTSTK,BAJFINANCE,24-Sep-2020,2750,CE,0,0,0,590.25,551.2,0,0,0,0,06-JUL-2020,
OPTSTK,BAJFINANCE,24-Sep-2020,2800,CE,0,0,0,564.55,520.6,0,0,0,0,06-JUL-2020,
OPTSTK,BAJFINANCE,24-Sep-2020,2850,CE,0,0,0,539.75,491.2,0,0,0,0,06-JUL-2020,
OPTSTK,BAJFINANCE,24-Sep-2020,2900,CE,0,0,0,515.9,463,0,0,0,0,06-JUL-2020,
OPTSTK,BAJFINANCE,24-Sep-2020,2950,CE,0,0,0,492.95,436.05,0,0,0,0,06-JUL-2020,
OPTSTK,BAJFINANCE,24-Sep-2020,3000,CE,0,0,0,470.85,410.25,0,0,0,0,06-JUL-2020,
OPTSTK,BAJFINANCE,24-Sep-2020,3050,CE,0,0,0,449.6,385.65,0,0,0,0,06-JUL-2020,
OPTSTK,BAJFINANCE,24-Sep-2020,3100,CE,0,0,0,429.2,362.2,0,0,0,0,06-JUL-2020,
OPTSTK,BAJFINANCE,24-Sep-2020,3150,CE,0,0,0,409.6,339.9,0,0,0,0,06-JUL-2020,
OPTSTK,BAJFINANCE,24-Sep-2020,3200,CE,0,0,0,390.75,318.7,0,0,0,0,06-JUL-2020,
OPTSTK,BAJFINANCE,24-Sep-2020,3250,CE,0,0,0,372.75,298.6,0,0,0,0,06-JUL-2020,
OPTSTK,BAJFINANCE,24-Sep-2020,3300,CE,0,0,0,355.45,279.55,0,0,0,0,06-JUL-2020,
OPTSTK,BAJFINANCE,24-Sep-2020,3350,CE,0,0,0,338.85,261.5,0,0,0,0,06-JUL-2020,
OPTSTK,BAJFINANCE,24-Sep-2020,3400,CE,0,0,0,323,244.4,0,0,0,0,06-JUL-2020,
OPTSTK,BAJFINANCE,24-Sep-2020,3450,CE,0,0,0,307.8,228.3,0,0,0,0,06-JUL-2020,
OPTSTK,BAJFINANCE,24-Sep-2020,3500,CE,0,0,0,160,213.1,0,0,250,0,06-JUL-2020,
OPTSTK,BAJFINANCE,24-Sep-2020,2000,PE,0,0,0,63,15.5,0,0,0,0,06-JUL-2020,
OPTSTK,BAJFINANCE,24-Sep-2020,2050,PE,0,0,0,72.4,19.3,0,0,0,0,06-JUL-2020,
OPTSTK,BAJFINANCE,24-Sep-2020,2100,PE,0,0,0,82.65,23.75,0,0,0,0,06-JUL-2020,
OPTSTK,BAJFINANCE,24-Sep-2020,2150,PE,0,0,0,93.85,28.95,0,0,0,0,06-JUL-2020,
OPTSTK,BAJFINANCE,24-Sep-2020,2200,PE,0,0,0,106.05,34.9,0,0,0,0,06-JUL-2020,
OPTSTK,BAJFINANCE,24-Sep-2020,2250,PE,0,0,0,119.1,41.7,0,0,0,0,06-JUL-2020,
OPTSTK,BAJFINANCE,24-Sep-2020,2300,PE,0,0,0,133.1,49.45,0,0,0,0,06-JUL-2020,
OPTSTK,BAJFINANCE,24-Sep-2020,2350,PE,0,0,0,148.05,58.1,0,0,0,0,06-JUL-2020,
OPTSTK,BAJFINANCE,24-Sep-2020,2400,PE,0,0,0,164,67.8,0,0,0,0,06-JUL-2020,
OPTSTK,BAJFINANCE,24-Sep-2020,2450,PE,0,0,0,180.9,78.55,0,0,0,0,06-JUL-2020,
OPTSTK,BAJFINANCE,24-Sep-2020,2500,PE,0,0,0,198.85,90.35,0,0,0,0,06-JUL-2020,
OPTSTK,BAJFINANCE,24-Sep-2020,2550,PE,0,0,0,217.6,103.35,0,0,0,0,06-JUL-2020,
OPTSTK,BAJFINANCE,24-Sep-2020,2600,PE,0,0,0,237.5,117.45,0,0,0,0,06-JUL-2020,
OPTSTK,BAJFINANCE,24-Sep-2020,2650,PE,0,0,0,258.35,132.75,0,0,0,0,06-JUL-2020,
OPTSTK,BAJFINANCE,24-Sep-2020,2700,PE,171.35,171.35,171.35,171.35,149.2,1,7.17,250,250,06-JUL-2020,
OPTSTK,BAJFINANCE,24-Sep-2020,2750,PE,0,0,0,303,166.95,0,0,0,0,06-JUL-2020,
OPTSTK,BAJFINANCE,24-Sep-2020,2800,PE,0,0,0,305,185.85,0,0,0,0,06-JUL-2020,
OPTSTK,BAJFINANCE,24-Sep-2020,2850,PE,0,0,0,351.35,206,0,0,0,0,06-JUL-2020,
OPTSTK,BAJFINANCE,24-Sep-2020,2900,PE,0,0,0,376.9,227.35,0,0,0,0,06-JUL-2020,
OPTSTK,BAJFINANCE,24-Sep-2020,2950,PE,0,0,0,403.35,249.9,0,0,0,0,06-JUL-2020,
OPTSTK,BAJFINANCE,24-Sep-2020,3000,PE,330,330,330,330,273.65,2,16.65,0,-500,06-JUL-2020,
OPTSTK,BAJFINANCE,24-Sep-2020,3050,PE,0,0,0,458.85,298.6,0,0,0,0,06-JUL-2020,
OPTSTK,BAJFINANCE,24-Sep-2020,3100,PE,0,0,0,487.85,324.65,0,0,0,0,06-JUL-2020,
OPTSTK,BAJFINANCE,24-Sep-2020,3150,PE,0,0,0,517.7,351.9,0,0,0,0,06-JUL-2020,
OPTSTK,BAJFINANCE,24-Sep-2020,3200,PE,0,0,0,548.3,380.25,0,0,0,0,06-JUL-2020,
OPTSTK,BAJFINANCE,24-Sep-2020,3250,PE,0,0,0,579.7,409.65,0,0,0,0,06-JUL-2020,
OPTSTK,BAJFINANCE,24-Sep-2020,3300,PE,0,0,0,611.8,440.15,0,0,0,0,06-JUL-2020,
OPTSTK,BAJFINANCE,24-Sep-2020,3350,PE,0,0,0,644.65,471.6,0,0,0,0,06-JUL-2020,
OPTSTK,BAJFINANCE,24-Sep-2020,3400,PE,0,0,0,678.2,504.1,0,0,0,0,06-JUL-2020,
OPTSTK,BAJFINANCE,24-Sep-2020,3450,PE,0,0,0,712.4,537.5,0,0,0,0,06-JUL-2020,
OPTSTK,BAJFINANCE,24-Sep-2020,3500,PE,0,0,0,747.3,571.85,0,0,0,0,06-JUL-2020,
OPTSTK,BALKRISIND,30-Jul-2020,540,CE,0,0,0,415.35,773.7,0,0,0,0,06-JUL-2020,
OPTSTK,BALKRISIND,30-Jul-2020,560,CE,0,0,0,398.55,753.75,0,0,0,0,06-JUL-2020,
OPTSTK,BALKRISIND,30-Jul-2020,580,CE,0,0,0,382.15,733.8,0,0,0,0,06-JUL-2020,
OPTSTK,BALKRISIND,30-Jul-2020,600,CE,0,0,0,366.15,713.85,0,0,0,0,06-JUL-2020,
OPTSTK,BALKRISIND,30-Jul-2020,620,CE,0,0,0,350.55,693.95,0,0,0,0,06-JUL-2020,
OPTSTK,BALKRISIND,30-Jul-2020,640,CE,0,0,0,335.45,674,0,0,0,0,06-JUL-2020,
OPTSTK,BALKRISIND,30-Jul-2020,660,CE,0,0,0,320.75,654.05,0,0,0,0,06-JUL-2020,
OPTSTK,BALKRISIND,30-Jul-2020,680,CE,0,0,0,306.5,634.1,0,0,0,0,06-JUL-2020,
OPTSTK,BALKRISIND,30-Jul-2020,700,CE,0,0,0,292.75,614.15,0,0,0,0,06-JUL-2020,
OPTSTK,BALKRISIND,30-Jul-2020,720,CE,0,0,0,279.45,594.2,0,0,0,0,06-JUL-2020,
OPTSTK,BALKRISIND,30-Jul-2020,740,CE,0,0,0,266.55,574.25,0,0,0,0,06-JUL-2020,
OPTSTK,BALKRISIND,30-Jul-2020,760,CE,0,0,0,254.2,554.3,0,0,0,0,06-JUL-2020,
OPTSTK,BALKRISIND,30-Jul-2020,780,CE,0,0,0,242.25,534.4,0,0,0,0,06-JUL-2020,
OPTSTK,BALKRISIND,30-Jul-2020,800,CE,0,0,0,230.75,514.45,0,0,0,0,06-JUL-2020,
OPTSTK,BALKRISIND,30-Jul-2020,820,CE,0,0,0,219.75,494.5,0,0,0,0,06-JUL-2020,
OPTSTK,BALKRISIND,30-Jul-2020,840,CE,0,0,0,209.15,474.55,0,0,0,0,06-JUL-2020,
OPTSTK,BALKRISIND,30-Jul-2020,860,CE,0,0,0,199,454.6,0,0,0,0,06-JUL-2020,
OPTSTK,BALKRISIND,30-Jul-2020,880,CE,0,0,0,189.3,434.65,0,0,0,0,06-JUL-2020,
OPTSTK,BALKRISIND,30-Jul-2020,900,CE,0,0,0,180,414.75,0,0,0,0,06-JUL-2020,
OPTSTK,BALKRISIND,30-Jul-2020,920,CE,0,0,0,171.1,394.8,0,0,0,0,06-JUL-2020,
OPTSTK,BALKRISIND,30-Jul-2020,940,CE,0,0,0,162.6,374.9,0,0,0,0,06-JUL-2020,
OPTSTK,BALKRISIND,30-Jul-2020,960,CE,0,0,0,154.45,355,0,0,0,0,06-JUL-2020,
OPTSTK,BALKRISIND,30-Jul-2020,980,CE,0,0,0,146.7,335.15,0,0,0,0,06-JUL-2020,
OPTSTK,BALKRISIND,30-Jul-2020,1000,CE,0,0,0,139.3,315.4,0,0,0,0,06-JUL-2020,
OPTSTK,BALKRISIND,30-Jul-2020,1020,CE,0,0,0,211,295.7,0,0,1600,0,06-JUL-2020,
OPTSTK,BALKRISIND,30-Jul-2020,1040,CE,0,0,0,125.5,276.15,0,0,0,0,06-JUL-2020,
OPTSTK,BALKRISIND,30-Jul-2020,1060,CE,0,0,0,119.1,256.85,0,0,0,0,06-JUL-2020,
OPTSTK,BALKRISIND,30-Jul-2020,1080,CE,0,0,0,113,237.75,0,0,0,0,06-JUL-2020,
OPTSTK,BALKRISIND,30-Jul-2020,1100,CE,0,0,0,144.8,218.95,0,0,7200,0,06-JUL-2020,
OPTSTK,BALKRISIND,30-Jul-2020,1120,CE,0,0,0,101.7,200.6,0,0,0,0,06-JUL-2020,
OPTSTK,BALKRISIND,30-Jul-2020,1140,CE,0,0,0,115,182.75,0,0,800,0,06-JUL-2020,
OPTSTK,BALKRISIND,30-Jul-2020,1160,CE,0,0,0,91.5,165.55,0,0,0,0,06-JUL-2020,
OPTSTK,BALKRISIND,30-Jul-2020,1180,CE,0,0,0,122.15,149,0,0,1600,0,06-JUL-2020,
OPTSTK,BALKRISIND,30-Jul-2020,1200,CE,121,125,121,125,125,2,21.16,26400,-1600,06-JUL-2020,
OPTSTK,BALKRISIND,30-Jul-2020,1220,CE,0,0,0,90.85,118.35,0,0,3200,0,06-JUL-2020,
OPTSTK,BALKRISIND,30-Jul-2020,1240,CE,90,91.05,88,91.05,91.05,7,74.48,15200,2400,06-JUL-2020,
OPTSTK,BALKRISIND,30-Jul-2020,1260,CE,72.05,72.05,72.05,72.05,91.45,3,31.96,15200,-1600,06-JUL-2020,
OPTSTK,BALKRISIND,30-Jul-2020,1280,CE,62.45,72.1,61.1,64.7,79.5,7,75.33,12800,1600,06-JUL-2020,
OPTSTK,BALKRISIND,30-Jul-2020,1300,CE,50.8,61,49.35,53.75,53.75,138,1493.5,98400,-6400,06-JUL-2020,
OPTSTK,BALKRISIND,30-Jul-2020,1320,CE,50,51.65,39.05,43.7,43.7,267,2915.37,63200,12000,06-JUL-2020,
OPTSTK,BALKRISIND,30-Jul-2020,1340,CE,40,43,32,35.8,35.8,71,782.03,32000,8000,06-JUL-2020,
OPTSTK,BALKRISIND,30-Jul-2020,1360,CE,28.1,34.1,24.65,27.55,27.55,77,855.06,51200,1600,06-JUL-2020,
OPTSTK,BALKRISIND,30-Jul-2020,1380,CE,23,28,20.25,21.45,21.45,22,247.01,13600,1600,06-JUL-2020,
OPTSTK,BALKRISIND,30-Jul-2020,1400,CE,18.2,22.75,15.15,16.85,16.85,283,3211.52,121600,-8000,06-JUL-2020,
OPTSTK,BALKRISIND,30-Jul-2020,1420,CE,0,0,0,16,24.35,0,0,800,0,06-JUL-2020,
OPTSTK,BALKRISIND,30-Jul-2020,1440,CE,11.5,11.5,8.8,9.9,19.95,5,58,19200,800,06-JUL-2020,
OPTSTK,BALKRISIND,30-Jul-2020,1460,CE,6.9,6.9,6.9,6.9,6.9,1,11.73,800,800,06-JUL-2020,
OPTSTK,BALKRISIND,30-Jul-2020,1480,CE,6.7,9.5,5,6.7,13.15,14,166.57,14400,4800,06-JUL-2020,
OPTSTK,BALKRISIND,30-Jul-2020,1500,CE,0,0,0,3,10.55,0,0,1600,0,06-JUL-2020,
OPTSTK,BALKRISIND,30-Jul-2020,1520,CE,0,0,0,25.35,8.4,0,0,0,0,06-JUL-2020,
OPTSTK,BALKRISIND,30-Jul-2020,1540,CE,0,0,0,23.1,6.7,0,0,0,0,06-JUL-2020,
OPTSTK,BALKRISIND,30-Jul-2020,1560,CE,0,0,0,19.5,5.25,0,0,0,0,06-JUL-2020,
OPTSTK,BALKRISIND,30-Jul-2020,540,PE,0,0,0,13.7,0.05,0,0,0,0,06-JUL-2020,
OPTSTK,BALKRISIND,30-Jul-2020,560,PE,0,0,0,16.65,0.05,0,0,0,0,06-JUL-2020,
OPTSTK,BALKRISIND,30-Jul-2020,580,PE,0,0,0,20,0.05,0,0,0,0,06-JUL-2020,
OPTSTK,BALKRISIND,30-Jul-2020,600,PE,0,0,0,23.75,0.05,0,0,0,0,06-JUL-2020,
OPTSTK,BALKRISIND,30-Jul-2020,620,PE,0,0,0,27.9,0.05,0,0,0,0,06-JUL-2020,
OPTSTK,BALKRISIND,30-Jul-2020,640,PE,0,0,0,32.5,0.05,0,0,0,0,06-JUL-2020,
OPTSTK,BALKRISIND,30-Jul-2020,660,PE,0,0,0,37.6,0.05,0,0,0,0,06-JUL-2020,
OPTSTK,BALKRISIND,30-Jul-2020,680,PE,0,0,0,43.1,0.05,0,0,0,0,06-JUL-2020,
OPTSTK,BALKRISIND,30-Jul-2020,700,PE,0,0,0,49.05,0.05,0,0,0,0,06-JUL-2020,
OPTSTK,BALKRISIND,30-Jul-2020,720,PE,0,0,0,55.5,0.05,0,0,0,0,06-JUL-2020,
OPTSTK,BALKRISIND,30-Jul-2020,740,PE,0,0,0,62.4,0.05,0,0,0,0,06-JUL-2020,
OPTSTK,BALKRISIND,30-Jul-2020,760,PE,0,0,0,69.75,0.05,0,0,0,0,06-JUL-2020,
OPTSTK,BALKRISIND,30-Jul-2020,780,PE,0,0,0,77.55,0.05,0,0,0,0,06-JUL-2020,
OPTSTK,BALKRISIND,30-Jul-2020,800,PE,0,0,0,85.8,0.05,0,0,0,0,06-JUL-2020,
OPTSTK,BALKRISIND,30-Jul-2020,820,PE,0,0,0,94.55,0.05,0,0,0,0,06-JUL-2020,
OPTSTK,BALKRISIND,30-Jul-2020,840,PE,0,0,0,103.7,0.05,0,0,0,0,06-JUL-2020,
OPTSTK,BALKRISIND,30-Jul-2020,860,PE,0,0,0,113.3,0.05,0,0,0,0,06-JUL-2020,
OPTSTK,BALKRISIND,30-Jul-2020,880,PE,0,0,0,0.25,0.05,0,0,800,0,06-JUL-2020,
OPTSTK,BALKRISIND,30-Jul-2020,900,PE,0,0,0,0.25,0.05,0,0,800,0,06-JUL-2020,
OPTSTK,BALKRISIND,30-Jul-2020,920,PE,0,0,0,144.65,0.05,0,0,0,0,06-JUL-2020,
OPTSTK,BALKRISIND,30-Jul-2020,940,PE,0,0,0,2,0.05,0,0,800,0,06-JUL-2020,
OPTSTK,BALKRISIND,30-Jul-2020,960,PE,0,0,0,6,0.15,0,0,4800,0,06-JUL-2020,
OPTSTK,BALKRISIND,30-Jul-2020,980,PE,0,0,0,179.5,0.25,0,0,0,0,06-JUL-2020,
OPTSTK,BALKRISIND,30-Jul-2020,1000,PE,1,1,1,1,0.4,1,8,24800,0,06-JUL-2020,
OPTSTK,BALKRISIND,30-Jul-2020,1020,PE,0,0,0,204.5,0.65,0,0,0,0,06-JUL-2020,
OPTSTK,BALKRISIND,30-Jul-2020,1040,PE,0,0,0,2.75,1.05,0,0,800,0,06-JUL-2020,
OPTSTK,BALKRISIND,30-Jul-2020,1060,PE,0,0,0,230.9,1.65,0,0,0,0,06-JUL-2020,
OPTSTK,BALKRISIND,30-Jul-2020,1080,PE,0,0,0,8.75,2.5,0,0,1600,0,06-JUL-2020,
OPTSTK,BALKRISIND,30-Jul-2020,1100,PE,3.95,3.95,2.1,2.1,2.1,4,35.29,14400,0,06-JUL-2020,
OPTSTK,BALKRISIND,30-Jul-2020,1120,PE,0,0,0,5.4,5.3,0,0,0,0,06-JUL-2020,
OPTSTK,BALKRISIND,30-Jul-2020,1140,PE,0,0,0,12.15,7.4,0,0,21600,0,06-JUL-2020,
OPTSTK,BALKRISIND,30-Jul-2020,1160,PE,0,0,0,302,10.1,0,0,0,0,06-JUL-2020,
OPTSTK,BALKRISIND,30-Jul-2020,1180,PE,8,8,8,8,13.5,1,9.5,21600,-800,06-JUL-2020,
OPTSTK,BALKRISIND,30-Jul-2020,1200,PE,11.15,13.45,9.2,10.05,10.05,77,746.3,51200,-8800,06-JUL-2020,
OPTSTK,BALKRISIND,30-Jul-2020,1220,PE,15.65,15.7,12.05,12.9,22.75,13,128.36,15200,-800,06-JUL-2020,
OPTSTK,BALKRISIND,30-Jul-2020,1240,PE,19.9,23.3,17.55,17.55,17.55,27,272.31,21600,3200,06-JUL-2020,
OPTSTK,BALKRISIND,30-Jul-2020,1260,PE,20.2,28.05,20.2,23.25,23.25,21,215.82,33600,4800,06-JUL-2020,
OPTSTK,BALKRISIND,30-Jul-2020,1280,PE,35,36.1,29.65,30.9,30.9,24,251.98,9600,6400,06-JUL-2020,
OPTSTK,BALKRISIND,30-Jul-2020,1300,PE,43.5,48,37.4,39.25,39.25,92,987.86,48800,800,06-JUL-2020,
OPTSTK,BALKRISIND,30-Jul-2020,1320,PE,54.85,56.65,47.8,55,62.95,9,98.9,4000,800,06-JUL-2020,
OPTSTK,BALKRISIND,30-Jul-2020,1340,PE,0,0,0,444.85,74.1,0,0,0,0,06-JUL-2020,
OPTSTK,BALKRISIND,30-Jul-2020,1360,PE,0,0,0,118.95,86.25,0,0,3200,0,06-JUL-2020,
OPTSTK,BALKRISIND,30-Jul-2020,1380,PE,0,0,0,103.85,99.35,0,0,4000,0,06-JUL-2020,
OPTSTK,BALKRISIND,30-Jul-2020,1400,PE,106.1,106.1,100.75,100.75,113.35,3,36.06,8000,0,06-JUL-2020,
OPTSTK,BALKRISIND,30-Jul-2020,1420,PE,0,0,0,200.5,128.2,0,0,1600,0,06-JUL-2020,
OPTSTK,BALKRISIND,30-Jul-2020,1440,PE,0,0,0,221.85,143.75,0,0,1600,0,06-JUL-2020,
OPTSTK,BALKRISIND,30-Jul-2020,1460,PE,0,0,0,396.55,160,0,0,0,0,06-JUL-2020,
OPTSTK,BALKRISIND,30-Jul-2020,1480,PE,0,0,0,414.25,176.8,0,0,0,0,06-JUL-2020,
OPTSTK,BALKRISIND,30-Jul-2020,1500,PE,0,0,0,407.1,194.15,0,0,0,0,06-JUL-2020,
OPTSTK,BALKRISIND,30-Jul-2020,1520,PE,0,0,0,388.1,212,0,0,0,0,06-JUL-2020,
OPTSTK,BALKRISIND,30-Jul-2020,1540,PE,0,0,0,405.7,230.2,0,0,0,0,06-JUL-2020,
OPTSTK,BALKRISIND,30-Jul-2020,1560,PE,0,0,0,415.75,248.7,0,0,0,0,06-JUL-2020,
OPTSTK,BALKRISIND,27-Aug-2020,700,CE,0,0,0,424.35,616.45,0,0,0,0,06-JUL-2020,
OPTSTK,BALKRISIND,27-Aug-2020,720,CE,0,0,0,406.85,596.55,0,0,0,0,06-JUL-2020,
OPTSTK,BALKRISIND,27-Aug-2020,740,CE,0,0,0,389.7,576.7,0,0,0,0,06-JUL-2020,
OPTSTK,BALKRISIND,27-Aug-2020,760,CE,0,0,0,372.9,556.8,0,0,0,0,06-JUL-2020,
OPTSTK,BALKRISIND,27-Aug-2020,780,CE,0,0,0,356.45,536.95,0,0,0,0,06-JUL-2020,
OPTSTK,BALKRISIND,27-Aug-2020,800,CE,0,0,0,340.4,517.1,0,0,0,0,06-JUL-2020,
OPTSTK,BALKRISIND,27-Aug-2020,820,CE,0,0,0,324.8,497.3,0,0,0,0,06-JUL-2020,
OPTSTK,BALKRISIND,27-Aug-2020,840,CE,0,0,0,309.6,477.5,0,0,0,0,06-JUL-2020,
OPTSTK,BALKRISIND,27-Aug-2020,860,CE,0,0,0,294.85,457.75,0,0,0,0,06-JUL-2020,
OPTSTK,BALKRISIND,27-Aug-2020,880,CE,0,0,0,280.55,438.05,0,0,0,0,06-JUL-2020,
OPTSTK,BALKRISIND,27-Aug-2020,900,CE,0,0,0,266.7,418.45,0,0,0,0,06-JUL-2020,
OPTSTK,BALKRISIND,27-Aug-2020,920,CE,0,0,0,253.3,398.9,0,0,0,0,06-JUL-2020,
OPTSTK,BALKRISIND,27-Aug-2020,940,CE,0,0,0,240.4,379.55,0,0,0,0,06-JUL-2020,
OPTSTK,BALKRISIND,27-Aug-2020,960,CE,0,0,0,227.95,360.3,0,0,0,0,06-JUL-2020,
OPTSTK,BALKRISIND,27-Aug-2020,980,CE,0,0,0,216,341.3,0,0,0,0,06-JUL-2020,
OPTSTK,BALKRISIND,27-Aug-2020,1000,CE,0,0,0,204.5,322.5,0,0,0,0,06-JUL-2020,
OPTSTK,BALKRISIND,27-Aug-2020,1020,CE,0,0,0,193.5,304,0,0,0,0,06-JUL-2020,
OPTSTK,BALKRISIND,27-Aug-2020,1040,CE,0,0,0,182.95,285.85,0,0,0,0,06-JUL-2020,
OPTSTK,BALKRISIND,27-Aug-2020,1060,CE,0,0,0,172.85,268.05,0,0,0,0,06-JUL-2020,
OPTSTK,BALKRISIND,27-Aug-2020,1080,CE,0,0,0,163.2,250.7,0,0,0,0,06-JUL-2020,
OPTSTK,BALKRISIND,27-Aug-2020,1100,CE,0,0,0,154,233.8,0,0,0,0,06-JUL-2020,
OPTSTK,BALKRISIND,27-Aug-2020,1120,CE,0,0,0,145.2,217.4,0,0,0,0,06-JUL-2020,
OPTSTK,BALKRISIND,27-Aug-2020,1140,CE,0,0,0,136.85,201.6,0,0,0,0,06-JUL-2020,
OPTSTK,BALKRISIND,27-Aug-2020,1160,CE,0,0,0,128.9,186.4,0,0,0,0,06-JUL-2020,
OPTSTK,BALKRISIND,27-Aug-2020,1180,CE,0,0,0,121.35,171.85,0,0,0,0,06-JUL-2020,
OPTSTK,BALKRISIND,27-Aug-2020,1200,CE,0,0,0,110.65,157.95,0,0,800,0,06-JUL-2020,
OPTSTK,BALKRISIND,27-Aug-2020,1220,CE,0,0,0,107.4,144.75,0,0,0,0,06-JUL-2020,
OPTSTK,BALKRISIND,27-Aug-2020,1240,CE,0,0,0,100.95,132.25,0,0,0,0,06-JUL-2020,
OPTSTK,BALKRISIND,27-Aug-2020,1260,CE,0,0,0,94.85,120.5,0,0,0,0,06-JUL-2020,
OPTSTK,BALKRISIND,27-Aug-2020,1280,CE,0,0,0,89.05,109.4,0,0,0,0,06-JUL-2020,
OPTSTK,BALKRISIND,27-Aug-2020,1300,CE,0,0,0,83.6,99.1,0,0,0,0,06-JUL-2020,
OPTSTK,BALKRISIND,27-Aug-2020,1320,CE,0,0,0,78.5,89.45,0,0,0,0,06-JUL-2020,
OPTSTK,BALKRISIND,27-Aug-2020,1340,CE,0,0,0,73.65,80.55,0,0,0,0,06-JUL-2020,
OPTSTK,BALKRISIND,27-Aug-2020,1360,CE,0,0,0,69.1,72.3,0,0,0,0,06-JUL-2020,
OPTSTK,BALKRISIND,27-Aug-2020,1380,CE,0,0,0,64.75,64.75,0,0,0,0,06-JUL-2020,
OPTSTK,BALKRISIND,27-Aug-2020,1400,CE,0,0,0,60.7,57.8,0,0,0,0,06-JUL-2020,
OPTSTK,BALKRISIND,27-Aug-2020,1420,CE,0,0,0,56.85,51.45,0,0,0,0,06-JUL-2020,
OPTSTK,BALKRISIND,27-Aug-2020,1440,CE,0,0,0,53.25,45.65,0,0,0,0,06-JUL-2020,
OPTSTK,BALKRISIND,27-Aug-2020,1460,CE,0,0,0,49.9,40.45,0,0,0,0,06-JUL-2020,
OPTSTK,BALKRISIND,27-Aug-2020,1480,CE,0,0,0,46.65,35.7,0,0,0,0,06-JUL-2020,
OPTSTK,BALKRISIND,27-Aug-2020,1500,CE,0,0,0,43.65,31.45,0,0,0,0,06-JUL-2020,
OPTSTK,BALKRISIND,27-Aug-2020,1520,CE,0,0,0,44.45,27.65,0,0,0,0,06-JUL-2020,
OPTSTK,BALKRISIND,27-Aug-2020,1540,CE,0,0,0,41.5,24.25,0,0,0,0,06-JUL-2020,
OPTSTK,BALKRISIND,27-Aug-2020,1560,CE,0,0,0,36.55,21.2,0,0,0,0,06-JUL-2020,
OPTSTK,BALKRISIND,27-Aug-2020,700,PE,0,0,0,10.2,0.05,0,0,0,0,06-JUL-2020,
OPTSTK,BALKRISIND,27-Aug-2020,720,PE,0,0,0,12.45,0.05,0,0,0,0,06-JUL-2020,
OPTSTK,BALKRISIND,27-Aug-2020,740,PE,0,0,0,15.05,0.05,0,0,0,0,06-JUL-2020,
OPTSTK,BALKRISIND,27-Aug-2020,760,PE,0,0,0,18,0.05,0,0,0,0,06-JUL-2020,
OPTSTK,BALKRISIND,27-Aug-2020,780,PE,0,0,0,21.3,0.05,0,0,0,0,06-JUL-2020,
OPTSTK,BALKRISIND,27-Aug-2020,800,PE,0,0,0,25.05,0.1,0,0,0,0,06-JUL-2020,
OPTSTK,BALKRISIND,27-Aug-2020,820,PE,0,0,0,29.15,0.15,0,0,0,0,06-JUL-2020,
OPTSTK,BALKRISIND,27-Aug-2020,840,PE,0,0,0,33.75,0.25,0,0,0,0,06-JUL-2020,
OPTSTK,BALKRISIND,27-Aug-2020,860,PE,0,0,0,38.75,0.35,0,0,0,0,06-JUL-2020,
OPTSTK,BALKRISIND,27-Aug-2020,880,PE,0,0,0,44.2,0.55,0,0,0,0,06-JUL-2020,
OPTSTK,BALKRISIND,27-Aug-2020,900,PE,0,0,0,50.1,0.8,0,0,0,0,06-JUL-2020,
OPTSTK,BALKRISIND,27-Aug-2020,920,PE,0,0,0,56.5,1.15,0,0,0,0,06-JUL-2020,
OPTSTK,BALKRISIND,27-Aug-2020,940,PE,0,0,0,63.35,1.65,0,0,0,0,06-JUL-2020,
OPTSTK,BALKRISIND,27-Aug-2020,960,PE,0,0,0,70.6,2.3,0,0,0,0,06-JUL-2020,
OPTSTK,BALKRISIND,27-Aug-2020,980,PE,0,0,0,78.45,3.15,0,0,0,0,06-JUL-2020,
OPTSTK,BALKRISIND,27-Aug-2020,1000,PE,0,0,0,86.7,4.25,0,0,0,0,06-JUL-2020,
OPTSTK,BALKRISIND,27-Aug-2020,1020,PE,0,0,0,95.45,5.65,0,0,0,0,06-JUL-2020,
OPTSTK,BALKRISIND,27-Aug-2020,1040,PE,0,0,0,104.65,7.35,0,0,0,0,06-JUL-2020,
OPTSTK,BALKRISIND,27-Aug-2020,1060,PE,0,0,0,114.3,9.45,0,0,0,0,06-JUL-2020,
OPTSTK,BALKRISIND,27-Aug-2020,1080,PE,0,0,0,124.45,11.95,0,0,0,0,06-JUL-2020,
OPTSTK,BALKRISIND,27-Aug-2020,1100,PE,0,0,0,135,14.95,0,0,0,0,06-JUL-2020,
OPTSTK,BALKRISIND,27-Aug-2020,1120,PE,0,0,0,145.95,18.45,0,0,0,0,06-JUL-2020,
OPTSTK,BALKRISIND,27-Aug-2020,1140,PE,0,0,0,157.4,22.55,0,0,0,0,06-JUL-2020,
OPTSTK,BALKRISIND,27-Aug-2020,1160,PE,0,0,0,169.2,27.2,0,0,0,0,06-JUL-2020,
OPTSTK,BALKRISIND,27-Aug-2020,1180,PE,0,0,0,181.4,32.55,0,0,0,0,06-JUL-2020,
OPTSTK,BALKRISIND,27-Aug-2020,1200,PE,0,0,0,27,38.5,0,0,2400,0,06-JUL-2020,
OPTSTK,BALKRISIND,27-Aug-2020,1220,PE,0,0,0,206.95,45.2,0,0,0,0,06-JUL-2020,
OPTSTK,BALKRISIND,27-Aug-2020,1240,PE,0,0,0,220.25,52.55,0,0,0,0,06-JUL-2020,
OPTSTK,BALKRISIND,27-Aug-2020,1260,PE,0,0,0,233.9,60.65,0,0,0,0,06-JUL-2020,
OPTSTK,BALKRISIND,27-Aug-2020,1280,PE,0,0,0,247.9,69.5,0,0,0,0,06-JUL-2020,
OPTSTK,BALKRISIND,27-Aug-2020,1300,PE,0,0,0,262.2,79.05,0,0,0,0,06-JUL-2020,
OPTSTK,BALKRISIND,27-Aug-2020,1320,PE,0,0,0,276.85,89.3,0,0,0,0,06-JUL-2020,
OPTSTK,BALKRISIND,27-Aug-2020,1340,PE,0,0,0,291.75,100.25,0,0,0,0,06-JUL-2020,
OPTSTK,BALKRISIND,27-Aug-2020,1360,PE,0,0,0,306.9,111.9,0,0,0,0,06-JUL-2020,
OPTSTK,BALKRISIND,27-Aug-2020,1380,PE,0,0,0,322.35,124.2,0,0,0,0,06-JUL-2020,
OPTSTK,BALKRISIND,27-Aug-2020,1400,PE,0,0,0,338.05,137.15,0,0,0,0,06-JUL-2020,
OPTSTK,BALKRISIND,27-Aug-2020,1420,PE,0,0,0,354,150.65,0,0,0,0,06-JUL-2020,
OPTSTK,BALKRISIND,27-Aug-2020,1440,PE,0,0,0,370.15,164.8,0,0,0,0,06-JUL-2020,
OPTSTK,BALKRISIND,27-Aug-2020,1460,PE,0,0,0,386.5,179.45,0,0,0,0,06-JUL-2020,
OPTSTK,BALKRISIND,27-Aug-2020,1480,PE,0,0,0,403.05,194.6,0,0,0,0,06-JUL-2020,
OPTSTK,BALKRISIND,27-Aug-2020,1500,PE,0,0,0,419.8,210.2,0,0,0,0,06-JUL-2020,
OPTSTK,BALKRISIND,27-Aug-2020,1520,PE,0,0,0,401.55,226.3,0,0,0,0,06-JUL-2020,
OPTSTK,BALKRISIND,27-Aug-2020,1540,PE,0,0,0,418.35,242.75,0,0,0,0,06-JUL-2020,
OPTSTK,BALKRISIND,27-Aug-2020,1560,PE,0,0,0,427.05,259.6,0,0,0,0,06-JUL-2020,
OPTSTK,BALKRISIND,24-Sep-2020,760,CE,0,0,0,492.05,559.55,0,0,0,0,06-JUL-2020,
OPTSTK,BALKRISIND,24-Sep-2020,780,CE,0,0,0,473.8,539.85,0,0,0,0,06-JUL-2020,
OPTSTK,BALKRISIND,24-Sep-2020,800,CE,0,0,0,455.75,520.25,0,0,0,0,06-JUL-2020,
OPTSTK,BALKRISIND,24-Sep-2020,820,CE,0,0,0,438,500.7,0,0,0,0,06-JUL-2020,
OPTSTK,BALKRISIND,24-Sep-2020,840,CE,0,0,0,420.55,481.25,0,0,0,0,06-JUL-2020,
OPTSTK,BALKRISIND,24-Sep-2020,860,CE,0,0,0,403.4,461.9,0,0,0,0,06-JUL-2020,
OPTSTK,BALKRISIND,24-Sep-2020,880,CE,0,0,0,386.6,442.7,0,0,0,0,06-JUL-2020,
OPTSTK,BALKRISIND,24-Sep-2020,900,CE,0,0,0,370.15,423.65,0,0,0,0,06-JUL-2020,
OPTSTK,BALKRISIND,24-Sep-2020,920,CE,0,0,0,354.05,404.75,0,0,0,0,06-JUL-2020,
OPTSTK,BALKRISIND,24-Sep-2020,940,CE,0,0,0,338.35,386.15,0,0,0,0,06-JUL-2020,
OPTSTK,BALKRISIND,24-Sep-2020,960,CE,0,0,0,323.05,367.75,0,0,0,0,06-JUL-2020,
OPTSTK,BALKRISIND,24-Sep-2020,980,CE,0,0,0,308.2,349.65,0,0,0,0,06-JUL-2020,
OPTSTK,BALKRISIND,24-Sep-2020,1000,CE,0,0,0,293.75,331.85,0,0,0,0,06-JUL-2020,
OPTSTK,BALKRISIND,24-Sep-2020,1020,CE,0,0,0,279.75,314.45,0,0,0,0,06-JUL-2020,
OPTSTK,BALKRISIND,24-Sep-2020,1040,CE,0,0,0,266.15,297.4,0,0,0,0,06-JUL-2020,
OPTSTK,BALKRISIND,24-Sep-2020,1060,CE,0,0,0,253.05,280.8,0,0,0,0,06-JUL-2020,
OPTSTK,BALKRISIND,24-Sep-2020,1080,CE,0,0,0,240.3,264.6,0,0,0,0,06-JUL-2020,
OPTSTK,BALKRISIND,24-Sep-2020,1100,CE,0,0,0,228.1,248.95,0,0,0,0,06-JUL-2020,
OPTSTK,BALKRISIND,24-Sep-2020,1120,CE,0,0,0,216.3,233.75,0,0,0,0,06-JUL-2020,
OPTSTK,BALKRISIND,24-Sep-2020,1140,CE,0,0,0,205,219.1,0,0,0,0,06-JUL-2020,
OPTSTK,BALKRISIND,24-Sep-2020,1160,CE,0,0,0,194.15,204.95,0,0,0,0,06-JUL-2020,
OPTSTK,BALKRISIND,24-Sep-2020,1180,CE,0,0,0,183.75,191.4,0,0,0,0,06-JUL-2020,
OPTSTK,BALKRISIND,24-Sep-2020,1200,CE,0,0,0,173.75,178.45,0,0,0,0,06-JUL-2020,
OPTSTK,BALKRISIND,24-Sep-2020,1220,CE,0,0,0,164.2,166.05,0,0,0,0,06-JUL-2020,
OPTSTK,BALKRISIND,24-Sep-2020,1240,CE,0,0,0,155.05,154.25,0,0,0,0,06-JUL-2020,
OPTSTK,BALKRISIND,24-Sep-2020,1260,CE,0,0,0,146.35,143,0,0,0,0,06-JUL-2020,
OPTSTK,BALKRISIND,24-Sep-2020,1280,CE,0,0,0,138.05,132.4,0,0,0,0,06-JUL-2020,
OPTSTK,BALKRISIND,24-Sep-2020,1300,CE,0,0,0,130.1,122.35,0,0,0,0,06-JUL-2020,
OPTSTK,BALKRISIND,24-Sep-2020,1320,CE,0,0,0,122.6,112.85,0,0,0,0,06-JUL-2020,
OPTSTK,BALKRISIND,24-Sep-2020,1340,CE,0,0,0,115.4,103.95,0,0,0,0,06-JUL-2020,
OPTSTK,BALKRISIND,24-Sep-2020,1360,CE,0,0,0,108.6,95.55,0,0,0,0,06-JUL-2020,
OPTSTK,BALKRISIND,24-Sep-2020,1380,CE,0,0,0,102.15,87.75,0,0,0,0,06-JUL-2020,
OPTSTK,BALKRISIND,24-Sep-2020,1400,CE,0,0,0,96.05,80.4,0,0,0,0,06-JUL-2020,
OPTSTK,BALKRISIND,24-Sep-2020,1420,CE,0,0,0,90.2,73.6,0,0,0,0,06-JUL-2020,
OPTSTK,BALKRISIND,24-Sep-2020,1440,CE,0,0,0,84.75,67.25,0,0,0,0,06-JUL-2020,
OPTSTK,BALKRISIND,24-Sep-2020,1460,CE,0,0,0,79.55,61.35,0,0,0,0,06-JUL-2020,
OPTSTK,BALKRISIND,24-Sep-2020,1480,CE,0,0,0,74.7,55.9,0,0,0,0,06-JUL-2020,
OPTSTK,BALKRISIND,24-Sep-2020,1500,CE,0,0,0,70.1,50.85,0,0,0,0,06-JUL-2020,
OPTSTK,BALKRISIND,24-Sep-2020,1520,CE,0,0,0,65.7,46.25,0,0,0,0,06-JUL-2020,
OPTSTK,BALKRISIND,24-Sep-2020,1540,CE,0,0,0,61.6,41.95,0,0,0,0,06-JUL-2020,
OPTSTK,BALKRISIND,24-Sep-2020,1560,CE,0,0,0,57.75,38,0,0,0,0,06-JUL-2020,
OPTSTK,BALKRISIND,24-Sep-2020,760,PE,0,0,0,6.3,0.3,0,0,0,0,06-JUL-2020,
OPTSTK,BALKRISIND,24-Sep-2020,780,PE,0,0,0,7.8,0.45,0,0,0,0,06-JUL-2020,
OPTSTK,BALKRISIND,24-Sep-2020,800,PE,0,0,0,9.5,0.65,0,0,0,0,06-JUL-2020,
OPTSTK,BALKRISIND,24-Sep-2020,820,PE,0,0,0,11.55,0.9,0,0,0,0,06-JUL-2020,
OPTSTK,BALKRISIND,24-Sep-2020,840,PE,0,0,0,13.85,1.25,0,0,0,0,06-JUL-2020,
OPTSTK,BALKRISIND,24-Sep-2020,860,PE,0,0,0,16.45,1.7,0,0,0,0,06-JUL-2020,
OPTSTK,BALKRISIND,24-Sep-2020,880,PE,0,0,0,19.45,2.3,0,0,0,0,06-JUL-2020,
OPTSTK,BALKRISIND,24-Sep-2020,900,PE,0,0,0,22.75,3.1,0,0,0,0,06-JUL-2020,
OPTSTK,BALKRISIND,24-Sep-2020,920,PE,0,0,0,26.45,4.05,0,0,0,0,06-JUL-2020,
OPTSTK,BALKRISIND,24-Sep-2020,940,PE,0,0,0,30.5,5.2,0,0,0,0,06-JUL-2020,
OPTSTK,BALKRISIND,24-Sep-2020,960,PE,0,0,0,35,6.65,0,0,0,0,06-JUL-2020,
OPTSTK,BALKRISIND,24-Sep-2020,980,PE,0,0,0,39.9,8.35,0,0,0,0,06-JUL-2020,
OPTSTK,BALKRISIND,24-Sep-2020,1000,PE,0,0,0,45.2,10.4,0,0,0,0,06-JUL-2020,
OPTSTK,BALKRISIND,24-Sep-2020,1020,PE,0,0,0,50.95,12.8,0,0,0,0,06-JUL-2020,
OPTSTK,BALKRISIND,24-Sep-2020,1040,PE,0,0,0,57.15,15.55,0,0,0,0,06-JUL-2020,
OPTSTK,BALKRISIND,24-Sep-2020,1060,PE,0,0,0,63.8,18.75,0,0,0,0,06-JUL-2020,
OPTSTK,BALKRISIND,24-Sep-2020,1080,PE,0,0,0,70.8,22.4,0,0,0,0,06-JUL-2020,
OPTSTK,BALKRISIND,24-Sep-2020,1100,PE,0,0,0,78.4,26.55,0,0,0,0,06-JUL-2020,
OPTSTK,BALKRISIND,24-Sep-2020,1120,PE,0,0,0,86.4,31.15,0,0,0,0,06-JUL-2020,
OPTSTK,BALKRISIND,24-Sep-2020,1140,PE,0,0,0,94.85,36.3,0,0,0,0,06-JUL-2020,
OPTSTK,BALKRISIND,24-Sep-2020,1160,PE,0,0,0,103.75,42,0,0,0,0,06-JUL-2020,
OPTSTK,BALKRISIND,24-Sep-2020,1180,PE,0,0,0,113.1,48.3,0,0,0,0,06-JUL-2020,
OPTSTK,BALKRISIND,24-Sep-2020,1200,PE,0,0,0,122.85,55.1,0,0,0,0,06-JUL-2020,
OPTSTK,BALKRISIND,24-Sep-2020,1220,PE,0,0,0,133.1,62.55,0,0,0,0,06-JUL-2020,
OPTSTK,BALKRISIND,24-Sep-2020,1240,PE,0,0,0,143.7,70.55,0,0,0,0,06-JUL-2020,
OPTSTK,BALKRISIND,24-Sep-2020,1260,PE,0,0,0,154.8,79.15,0,0,0,0,06-JUL-2020,
OPTSTK,BALKRISIND,24-Sep-2020,1280,PE,0,0,0,166.25,88.3,0,0,0,0,06-JUL-2020,
OPTSTK,BALKRISIND,24-Sep-2020,1300,PE,0,0,0,178.1,98.1,0,0,0,0,06-JUL-2020,
OPTSTK,BALKRISIND,24-Sep-2020,1320,PE,0,0,0,190.3,108.4,0,0,0,0,06-JUL-2020,
OPTSTK,BALKRISIND,24-Sep-2020,1340,PE,0,0,0,202.9,119.3,0,0,0,0,06-JUL-2020,
OPTSTK,BALKRISIND,24-Sep-2020,1360,PE,0,0,0,215.9,130.75,0,0,0,0,06-JUL-2020,
OPTSTK,BALKRISIND,24-Sep-2020,1380,PE,0,0,0,229.2,142.75,0,0,0,0,06-JUL-2020,
OPTSTK,BALKRISIND,24-Sep-2020,1400,PE,0,0,0,242.85,155.25,0,0,0,0,06-JUL-2020,
OPTSTK,BALKRISIND,24-Sep-2020,1420,PE,0,0,0,256.8,168.25,0,0,0,0,06-JUL-2020,
OPTSTK,BALKRISIND,24-Sep-2020,1440,PE,0,0,0,271.1,181.7,0,0,0,0,06-JUL-2020,
OPTSTK,BALKRISIND,24-Sep-2020,1460,PE,0,0,0,285.65,195.65,0,0,0,0,06-JUL-2020,
OPTSTK,BALKRISIND,24-Sep-2020,1480,PE,0,0,0,300.6,210,0,0,0,0,06-JUL-2020,
OPTSTK,BALKRISIND,24-Sep-2020,1500,PE,0,0,0,315.75,224.75,0,0,0,0,06-JUL-2020,
OPTSTK,BALKRISIND,24-Sep-2020,1520,PE,0,0,0,331.15,239.95,0,0,0,0,06-JUL-2020,
OPTSTK,BALKRISIND,24-Sep-2020,1540,PE,0,0,0,346.8,255.45,0,0,0,0,06-JUL-2020,
OPTSTK,BALKRISIND,24-Sep-2020,1560,PE,0,0,0,362.7,271.35,0,0,0,0,06-JUL-2020,
OPTSTK,BANDHANBNK,30-Jul-2020,120,CE,268.5,268.5,268.5,268.5,237.3,3,20.97,5400,5400,06-JUL-2020,
OPTSTK,BANDHANBNK,30-Jul-2020,130,CE,0,0,0,150.15,227.3,0,0,0,0,06-JUL-2020,
OPTSTK,BANDHANBNK,30-Jul-2020,140,CE,0,0,0,143.75,217.35,0,0,0,0,06-JUL-2020,
OPTSTK,BANDHANBNK,30-Jul-2020,150,CE,0,0,0,137.65,207.35,0,0,0,0,06-JUL-2020,
OPTSTK,BANDHANBNK,30-Jul-2020,160,CE,0,0,0,131.85,197.4,0,0,0,0,06-JUL-2020,
OPTSTK,BANDHANBNK,30-Jul-2020,170,CE,0,0,0,126.35,187.4,0,0,0,0,06-JUL-2020,
OPTSTK,BANDHANBNK,30-Jul-2020,180,CE,0,0,0,121.1,177.45,0,0,0,0,06-JUL-2020,
OPTSTK,BANDHANBNK,30-Jul-2020,190,CE,0,0,0,100.35,167.5,0,0,1800,0,06-JUL-2020,
OPTSTK,BANDHANBNK,30-Jul-2020,200,CE,0,0,0,92,157.5,0,0,1800,0,06-JUL-2020,
OPTSTK,BANDHANBNK,30-Jul-2020,210,CE,0,0,0,67.7,147.55,0,0,3600,0,06-JUL-2020,
OPTSTK,BANDHANBNK,30-Jul-2020,220,CE,0,0,0,112.8,137.55,0,0,3600,0,06-JUL-2020,
OPTSTK,BANDHANBNK,30-Jul-2020,230,CE,0,0,0,54.6,127.6,0,0,1800,0,06-JUL-2020,
OPTSTK,BANDHANBNK,30-Jul-2020,240,CE,0,0,0,80,117.6,0,0,5400,0,06-JUL-2020,
OPTSTK,BANDHANBNK,30-Jul-2020,250,CE,0,0,0,96.3,107.65,0,0,12600,0,06-JUL-2020,
OPTSTK,BANDHANBNK,30-Jul-2020,260,CE,0,0,0,71.25,97.7,0,0,10800,0,06-JUL-2020,
OPTSTK,BANDHANBNK,30-Jul-2020,270,CE,0,0,0,65.45,87.7,0,0,5400,0,06-JUL-2020,
OPTSTK,BANDHANBNK,30-Jul-2020,280,CE,0,0,0,57.7,77.8,0,0,14400,0,06-JUL-2020,
OPTSTK,BANDHANBNK,30-Jul-2020,290,CE,0,0,0,45.05,67.9,0,0,1800,0,06-JUL-2020,
OPTSTK,BANDHANBNK,30-Jul-2020,300,CE,0,0,0,56.45,58.2,0,0,43200,0,06-JUL-2020,
OPTSTK,BANDHANBNK,30-Jul-2020,310,CE,49.55,49.6,49.55,49.6,48.75,2,12.94,14400,-1800,06-JUL-2020,
OPTSTK,BANDHANBNK,30-Jul-2020,320,CE,44.8,49.2,43.65,46.35,39.8,8,52.79,77400,0,06-JUL-2020,
OPTSTK,BANDHANBNK,30-Jul-2020,330,CE,38.45,41.8,36.35,39.85,39.85,46,305.88,165600,-9000,06-JUL-2020,
OPTSTK,BANDHANBNK,30-Jul-2020,340,CE,30.55,35.4,29.55,33.95,33.95,77,515.44,212400,-14400,06-JUL-2020,
OPTSTK,BANDHANBNK,30-Jul-2020,350,CE,27.65,30.2,23.95,27.95,27.95,240,1627.87,262800,-25200,06-JUL-2020,
OPTSTK,BANDHANBNK,30-Jul-2020,360,CE,22.85,25.05,19.9,23.05,23.05,347,2389.13,356400,41400,06-JUL-2020,
OPTSTK,BANDHANBNK,30-Jul-2020,370,CE,17.95,20.8,16.65,18.8,18.8,155,1084.84,156600,12600,06-JUL-2020,
OPTSTK,BANDHANBNK,30-Jul-2020,380,CE,15.2,16.9,13.3,15.05,15.05,138,980.91,322200,19800,06-JUL-2020,
OPTSTK,BANDHANBNK,30-Jul-2020,390,CE,11.2,13,10.9,12.1,12.1,28,202.4,68400,9000,06-JUL-2020,
OPTSTK,BANDHANBNK,30-Jul-2020,400,CE,9.85,11.2,8.45,9.8,9.8,303,2234.16,394200,-18000,06-JUL-2020,
OPTSTK,BANDHANBNK,30-Jul-2020,410,CE,8,9.4,7.35,7.7,7.7,12,90.26,25200,14400,06-JUL-2020,
OPTSTK,BANDHANBNK,30-Jul-2020,120,PE,0.15,0.15,0.15,0.15,0.05,3,6.48,16200,5400,06-JUL-2020,
OPTSTK,BANDHANBNK,30-Jul-2020,130,PE,0,0,0,16.15,0.05,0,0,0,0,06-JUL-2020,
OPTSTK,BANDHANBNK,30-Jul-2020,140,PE,0,0,0,19.6,0.05,0,0,0,0,06-JUL-2020,
OPTSTK,BANDHANBNK,30-Jul-2020,150,PE,0,0,0,23.4,0.05,0,0,0,0,06-JUL-2020,
OPTSTK,BANDHANBNK,30-Jul-2020,160,PE,0,0,0,27.45,0.05,0,0,0,0,06-JUL-2020,
OPTSTK,BANDHANBNK,30-Jul-2020,170,PE,0,0,0,31.85,0.05,0,0,0,0,06-JUL-2020,
OPTSTK,BANDHANBNK,30-Jul-2020,180,PE,0,0,0,1,0.05,0,0,1800,0,06-JUL-2020,
OPTSTK,BANDHANBNK,30-Jul-2020,190,PE,0,0,0,1.2,0.05,0,0,1800,0,06-JUL-2020,
OPTSTK,BANDHANBNK,30-Jul-2020,200,PE,0.1,0.65,0.1,0.5,0.5,6,21.64,77400,1800,06-JUL-2020,
OPTSTK,BANDHANBNK,30-Jul-2020,210,PE,0,0,0,1.2,0.05,0,0,5400,0,06-JUL-2020,
OPTSTK,BANDHANBNK,30-Jul-2020,220,PE,0.15,0.75,0.15,0.75,0.05,2,7.93,45000,0,06-JUL-2020,
OPTSTK,BANDHANBNK,30-Jul-2020,230,PE,0,0,0,3.3,0.05,0,0,10800,0,06-JUL-2020,
OPTSTK,BANDHANBNK,30-Jul-2020,240,PE,0,0,0,1.5,0.05,0,0,48600,0,06-JUL-2020,
OPTSTK,BANDHANBNK,30-Jul-2020,250,PE,1.55,1.6,1.15,1.35,0.05,11,49.77,81000,5400,06-JUL-2020,
OPTSTK,BANDHANBNK,30-Jul-2020,260,PE,2.5,2.5,1.5,2.05,0.05,5,23.57,46800,0,06-JUL-2020,
OPTSTK,BANDHANBNK,30-Jul-2020,270,PE,0,0,0,4,0.05,0,0,32400,0,06-JUL-2020,
OPTSTK,BANDHANBNK,30-Jul-2020,280,PE,4.45,4.45,2.95,3.5,3.5,17,86.75,190800,0,06-JUL-2020,
OPTSTK,BANDHANBNK,30-Jul-2020,290,PE,4.75,5.15,4,4.25,4.25,20,106.02,144000,-19800,06-JUL-2020,
OPTSTK,BANDHANBNK,30-Jul-2020,300,PE,6.4,7.2,5.6,5.75,5.75,181,998.09,426600,19800,06-JUL-2020,
OPTSTK,BANDHANBNK,30-Jul-2020,310,PE,9.55,9.55,7.4,7.5,7.5,17,97.37,70200,7200,06-JUL-2020,
OPTSTK,BANDHANBNK,30-Jul-2020,320,PE,11.3,12.15,9.6,9.8,9.8,51,303.73,210600,25200,06-JUL-2020,
OPTSTK,BANDHANBNK,30-Jul-2020,330,PE,15,15.7,12.15,12.45,12.45,62,383.52,138600,10800,06-JUL-2020,
OPTSTK,BANDHANBNK,30-Jul-2020,340,PE,17.5,20.25,15.45,15.85,15.85,134,862.77,183600,48600,06-JUL-2020,
OPTSTK,BANDHANBNK,30-Jul-2020,350,PE,24.8,25,19.6,20.1,20.1,72,482.54,136800,46800,06-JUL-2020,
OPTSTK,BANDHANBNK,30-Jul-2020,360,PE,29.15,29.95,24.6,24.9,24.9,30,209.06,61200,25200,06-JUL-2020,
OPTSTK,BANDHANBNK,30-Jul-2020,370,PE,34.75,34.75,34.2,34.2,20.8,5,36.41,12600,5400,06-JUL-2020,
OPTSTK,BANDHANBNK,30-Jul-2020,380,PE,0,0,0,45.15,27.8,0,0,5400,0,06-JUL-2020,
OPTSTK,BANDHANBNK,30-Jul-2020,390,PE,0,0,0,75.1,35.65,0,0,1800,0,06-JUL-2020,
OPTSTK,BANDHANBNK,30-Jul-2020,400,PE,0,0,0,66.05,44.2,0,0,1800,0,06-JUL-2020,
OPTSTK,BANDHANBNK,30-Jul-2020,410,PE,0,0,0,108.95,53.25,0,0,0,0,06-JUL-2020,
OPTSTK,BANDHANBNK,27-Aug-2020,120,CE,0,0,0,111.65,237.65,0,0,0,0,06-JUL-2020,
OPTSTK,BANDHANBNK,27-Aug-2020,130,CE,0,0,0,104.35,227.75,0,0,0,0,06-JUL-2020,
OPTSTK,BANDHANBNK,27-Aug-2020,140,CE,0,0,0,97.45,217.8,0,0,0,0,06-JUL-2020,
OPTSTK,BANDHANBNK,27-Aug-2020,150,CE,0,0,0,91,207.85,0,0,0,0,06-JUL-2020,
OPTSTK,BANDHANBNK,27-Aug-2020,160,CE,0,0,0,84.9,197.9,0,0,0,0,06-JUL-2020,
OPTSTK,BANDHANBNK,27-Aug-2020,170,CE,0,0,0,79.2,188,0,0,0,0,06-JUL-2020,
OPTSTK,BANDHANBNK,27-Aug-2020,180,CE,0,0,0,73.9,178.05,0,0,0,0,06-JUL-2020,
OPTSTK,BANDHANBNK,27-Aug-2020,190,CE,0,0,0,68.9,168.1,0,0,0,0,06-JUL-2020,
OPTSTK,BANDHANBNK,27-Aug-2020,200,CE,0,0,0,64.3,158.15,0,0,0,0,06-JUL-2020,
OPTSTK,BANDHANBNK,27-Aug-2020,210,CE,0,0,0,59.95,148.2,0,0,0,0,06-JUL-2020,
OPTSTK,BANDHANBNK,27-Aug-2020,220,CE,0,0,0,55.95,138.3,0,0,0,0,06-JUL-2020,
OPTSTK,BANDHANBNK,27-Aug-2020,230,CE,0,0,0,52.2,128.35,0,0,0,0,06-JUL-2020,
OPTSTK,BANDHANBNK,27-Aug-2020,240,CE,0,0,0,48.75,118.45,0,0,0,0,06-JUL-2020,
OPTSTK,BANDHANBNK,27-Aug-2020,250,CE,0,0,0,45.5,108.55,0,0,0,0,06-JUL-2020,
OPTSTK,BANDHANBNK,27-Aug-2020,260,CE,0,0,0,42.5,98.7,0,0,0,0,06-JUL-2020,
OPTSTK,BANDHANBNK,27-Aug-2020,270,CE,0,0,0,39.7,88.95,0,0,0,0,06-JUL-2020,
OPTSTK,BANDHANBNK,27-Aug-2020,280,CE,0,0,0,37.1,79.35,0,0,0,0,06-JUL-2020,
OPTSTK,BANDHANBNK,27-Aug-2020,290,CE,0,0,0,34.7,70,0,0,0,0,06-JUL-2020,
OPTSTK,BANDHANBNK,27-Aug-2020,300,CE,0,0,0,55.9,61,0,0,1800,0,06-JUL-2020,
OPTSTK,BANDHANBNK,27-Aug-2020,310,CE,0,0,0,30.35,52.5,0,0,0,0,06-JUL-2020,
OPTSTK,BANDHANBNK,27-Aug-2020,320,CE,0,0,0,28.4,44.5,0,0,0,0,06-JUL-2020,
OPTSTK,BANDHANBNK,27-Aug-2020,330,CE,0,0,0,24.15,37.2,0,0,0,0,06-JUL-2020,
OPTSTK,BANDHANBNK,27-Aug-2020,340,CE,0,0,0,42.75,30.6,0,0,1800,0,06-JUL-2020,
OPTSTK,BANDHANBNK,27-Aug-2020,350,CE,0,0,0,20.45,24.8,0,0,0,0,06-JUL-2020,
OPTSTK,BANDHANBNK,27-Aug-2020,360,CE,0,0,0,30.6,19.8,0,0,1800,0,06-JUL-2020,
OPTSTK,BANDHANBNK,27-Aug-2020,370,CE,0,0,0,21,15.55,0,0,0,0,06-JUL-2020,
OPTSTK,BANDHANBNK,27-Aug-2020,380,CE,0,0,0,22.6,12.05,0,0,0,0,06-JUL-2020,
OPTSTK,BANDHANBNK,27-Aug-2020,390,CE,0,0,0,20.55,9.2,0,0,0,0,06-JUL-2020,
OPTSTK,BANDHANBNK,27-Aug-2020,400,CE,0,0,0,14.5,6.9,0,0,1800,0,06-JUL-2020,
OPTSTK,BANDHANBNK,27-Aug-2020,410,CE,0,0,0,23.2,5.1,0,0,0,0,06-JUL-2020,
OPTSTK,BANDHANBNK,27-Aug-2020,120,PE,0,0,0,7.95,0.05,0,0,0,0,06-JUL-2020,
OPTSTK,BANDHANBNK,27-Aug-2020,130,PE,0,0,0,10.5,0.05,0,0,0,0,06-JUL-2020,
OPTSTK,BANDHANBNK,27-Aug-2020,140,PE,0,0,0,13.5,0.05,0,0,0,0,06-JUL-2020,
OPTSTK,BANDHANBNK,27-Aug-2020,150,PE,0,0,0,16.9,0.05,0,0,0,0,06-JUL-2020,
OPTSTK,BANDHANBNK,27-Aug-2020,160,PE,0,0,0,20.7,0.05,0,0,0,0,06-JUL-2020,
OPTSTK,BANDHANBNK,27-Aug-2020,170,PE,0,0,0,24.9,0.05,0,0,0,0,06-JUL-2020,
OPTSTK,BANDHANBNK,27-Aug-2020,180,PE,0,0,0,29.45,0.05,0,0,0,0,06-JUL-2020,
OPTSTK,BANDHANBNK,27-Aug-2020,190,PE,0,0,0,34.35,0.05,0,0,0,0,06-JUL-2020,
OPTSTK,BANDHANBNK,27-Aug-2020,200,PE,0,0,0,39.6,0.05,0,0,0,0,06-JUL-2020,
OPTSTK,BANDHANBNK,27-Aug-2020,210,PE,0,0,0,45.15,0.05,0,0,0,0,06-JUL-2020,
OPTSTK,BANDHANBNK,27-Aug-2020,220,PE,0,0,0,51,0.05,0,0,0,0,06-JUL-2020,
OPTSTK,BANDHANBNK,27-Aug-2020,230,PE,0,0,0,57.15,0.05,0,0,0,0,06-JUL-2020,
OPTSTK,BANDHANBNK,27-Aug-2020,240,PE,0,0,0,63.55,0.05,0,0,0,0,06-JUL-2020,
OPTSTK,BANDHANBNK,27-Aug-2020,250,PE,0,0,0,70.2,0.05,0,0,0,0,06-JUL-2020,
OPTSTK,BANDHANBNK,27-Aug-2020,260,PE,0,0,0,77.1,0.15,0,0,0,0,06-JUL-2020,
OPTSTK,BANDHANBNK,27-Aug-2020,270,PE,0,0,0,84.15,0.35,0,0,0,0,06-JUL-2020,
OPTSTK,BANDHANBNK,27-Aug-2020,280,PE,0,0,0,10.05,0.7,0,0,1800,0,06-JUL-2020,
OPTSTK,BANDHANBNK,27-Aug-2020,290,PE,0,0,0,98.9,1.3,0,0,0,0,06-JUL-2020,
OPTSTK,BANDHANBNK,27-Aug-2020,300,PE,12.75,12.75,12.75,12.75,2.25,1,5.62,3600,1800,06-JUL-2020,
OPTSTK,BANDHANBNK,27-Aug-2020,310,PE,0,0,0,114.35,3.65,0,0,0,0,06-JUL-2020,
OPTSTK,BANDHANBNK,27-Aug-2020,320,PE,0,0,0,122.3,5.6,0,0,0,0,06-JUL-2020,
OPTSTK,BANDHANBNK,27-Aug-2020,330,PE,0,0,0,123.7,8.25,0,0,0,0,06-JUL-2020,
OPTSTK,BANDHANBNK,27-Aug-2020,340,PE,28.1,28.85,27.55,28.15,28.15,26,172.27,46800,45000,06-JUL-2020,
OPTSTK,BANDHANBNK,27-Aug-2020,350,PE,0,0,0,116.25,15.75,0,0,0,0,06-JUL-2020,
OPTSTK,BANDHANBNK,27-Aug-2020,360,PE,0,0,0,114.6,20.65,0,0,0,0,06-JUL-2020,
OPTSTK,BANDHANBNK,27-Aug-2020,370,PE,0,0,0,118.45,26.35,0,0,0,0,06-JUL-2020,
OPTSTK,BANDHANBNK,27-Aug-2020,380,PE,0,0,0,115.45,32.8,0,0,0,0,06-JUL-2020,
OPTSTK,BANDHANBNK,27-Aug-2020,390,PE,0,0,0,116.55,39.85,0,0,0,0,06-JUL-2020,
OPTSTK,BANDHANBNK,27-Aug-2020,400,PE,0,0,0,73.05,47.55,0,0,1800,0,06-JUL-2020,
OPTSTK,BANDHANBNK,27-Aug-2020,410,PE,0,0,0,118.45,55.7,0,0,0,0,06-JUL-2020,
OPTSTK,BANDHANBNK,24-Sep-2020,220,CE,0,0,0,131.85,139.05,0,0,0,0,06-JUL-2020,
OPTSTK,BANDHANBNK,24-Sep-2020,230,CE,0,0,0,124.75,129.15,0,0,0,0,06-JUL-2020,
OPTSTK,BANDHANBNK,24-Sep-2020,240,CE,0,0,0,117.95,119.35,0,0,0,0,06-JUL-2020,
OPTSTK,BANDHANBNK,24-Sep-2020,250,CE,0,0,0,111.45,109.65,0,0,0,0,06-JUL-2020,
OPTSTK,BANDHANBNK,24-Sep-2020,260,CE,0,0,0,105.2,100.05,0,0,0,0,06-JUL-2020,
OPTSTK,BANDHANBNK,24-Sep-2020,270,CE,0,0,0,99.3,90.6,0,0,0,0,06-JUL-2020,
OPTSTK,BANDHANBNK,24-Sep-2020,280,CE,0,0,0,93.65,81.45,0,0,0,0,06-JUL-2020,
OPTSTK,BANDHANBNK,24-Sep-2020,290,CE,0,0,0,88.3,72.6,0,0,0,0,06-JUL-2020,
OPTSTK,BANDHANBNK,24-Sep-2020,300,CE,0,0,0,83.2,64.15,0,0,0,0,06-JUL-2020,
OPTSTK,BANDHANBNK,24-Sep-2020,310,CE,0,0,0,78.4,56.2,0,0,0,0,06-JUL-2020,
OPTSTK,BANDHANBNK,24-Sep-2020,320,CE,0,0,0,73.85,48.75,0,0,0,0,06-JUL-2020,
OPTSTK,BANDHANBNK,24-Sep-2020,330,CE,0,0,0,69.55,41.9,0,0,0,0,06-JUL-2020,
OPTSTK,BANDHANBNK,24-Sep-2020,340,CE,0,0,0,65.45,35.7,0,0,0,0,06-JUL-2020,
OPTSTK,BANDHANBNK,24-Sep-2020,350,CE,0,0,0,61.6,30.1,0,0,0,0,06-JUL-2020,
OPTSTK,BANDHANBNK,24-Sep-2020,360,CE,0,0,0,58,25.2,0,0,0,0,06-JUL-2020,
OPTSTK,BANDHANBNK,24-Sep-2020,370,CE,0,0,0,54.55,20.85,0,0,0,0,06-JUL-2020,
OPTSTK,BANDHANBNK,24-Sep-2020,380,CE,0,0,0,51.35,17.15,0,0,0,0,06-JUL-2020,
OPTSTK,BANDHANBNK,24-Sep-2020,390,CE,0,0,0,48.3,13.95,0,0,0,0,06-JUL-2020,
OPTSTK,BANDHANBNK,24-Sep-2020,400,CE,0,0,0,16.75,11.25,0,0,7200,0,06-JUL-2020,
OPTSTK,BANDHANBNK,24-Sep-2020,410,CE,0,0,0,42.75,9.05,0,0,0,0,06-JUL-2020,
OPTSTK,BANDHANBNK,24-Sep-2020,220,PE,0,0,0,13.9,0.05,0,0,0,0,06-JUL-2020,
OPTSTK,BANDHANBNK,24-Sep-2020,230,PE,0,0,0,16.7,0.1,0,0,0,0,06-JUL-2020,
OPTSTK,BANDHANBNK,24-Sep-2020,240,PE,0,0,0,19.75,0.2,0,0,0,0,06-JUL-2020,
OPTSTK,BANDHANBNK,24-Sep-2020,250,PE,0,0,0,23.15,0.35,0,0,0,0,06-JUL-2020,
OPTSTK,BANDHANBNK,24-Sep-2020,260,PE,0,0,0,26.8,0.65,0,0,0,0,06-JUL-2020,
OPTSTK,BANDHANBNK,24-Sep-2020,270,PE,0,0,0,30.75,1.15,0,0,0,0,06-JUL-2020,
OPTSTK,BANDHANBNK,24-Sep-2020,280,PE,0,0,0,35,1.9,0,0,0,0,06-JUL-2020,
OPTSTK,BANDHANBNK,24-Sep-2020,290,PE,0,0,0,39.55,2.95,0,0,0,0,06-JUL-2020,
OPTSTK,BANDHANBNK,24-Sep-2020,300,PE,0,0,0,44.35,4.4,0,0,0,0,06-JUL-2020,
OPTSTK,BANDHANBNK,24-Sep-2020,310,PE,0,0,0,49.4,6.35,0,0,0,0,06-JUL-2020,
OPTSTK,BANDHANBNK,24-Sep-2020,320,PE,0,0,0,54.75,8.85,0,0,0,0,06-JUL-2020,
OPTSTK,BANDHANBNK,24-Sep-2020,330,PE,0,0,0,60.3,11.9,0,0,0,0,06-JUL-2020,
OPTSTK,BANDHANBNK,24-Sep-2020,340,PE,0,0,0,66.15,15.6,0,0,0,0,06-JUL-2020,
OPTSTK,BANDHANBNK,24-Sep-2020,350,PE,0,0,0,72.15,19.95,0,0,0,0,06-JUL-2020,
OPTSTK,BANDHANBNK,24-Sep-2020,360,PE,0,0,0,78.4,24.9,0,0,0,0,06-JUL-2020,
OPTSTK,BANDHANBNK,24-Sep-2020,370,PE,0,0,0,84.9,30.5,0,0,0,0,06-JUL-2020,
OPTSTK,BANDHANBNK,24-Sep-2020,380,PE,0,0,0,91.55,36.65,0,0,0,0,06-JUL-2020,
OPTSTK,BANDHANBNK,24-Sep-2020,390,PE,0,0,0,98.4,43.4,0,0,0,0,06-JUL-2020,
OPTSTK,BANDHANBNK,24-Sep-2020,400,PE,0,0,0,105.4,50.6,0,0,0,0,06-JUL-2020,
OPTSTK,BANDHANBNK,24-Sep-2020,410,PE,0,0,0,112.6,58.25,0,0,0,0,06-JUL-2020,
OPTSTK,BANKBARODA,30-Jul-2020,22.5,CE,0,0,0,27.05,29,0,0,0,0,06-JUL-2020,
OPTSTK,BANKBARODA,30-Jul-2020,25,CE,0,0,0,24.7,26.5,0,0,0,0,06-JUL-2020,
OPTSTK,BANKBARODA,30-Jul-2020,27.5,CE,0,0,0,22.35,24.05,0,0,0,0,06-JUL-2020,
OPTSTK,BANKBARODA,30-Jul-2020,29,CE,0,0,0,10.8,22.55,0,0,0,0,06-JUL-2020,
OPTSTK,BANKBARODA,30-Jul-2020,30,CE,0,0,0,20.15,21.55,0,0,0,0,06-JUL-2020,
OPTSTK,BANKBARODA,30-Jul-2020,31,CE,0,0,0,9.3,20.55,0,0,0,0,06-JUL-2020,
OPTSTK,BANKBARODA,30-Jul-2020,32,CE,0,0,0,8.6,19.55,0,0,0,0,06-JUL-2020,
OPTSTK,BANKBARODA,30-Jul-2020,32.5,CE,0,0,0,18,19.05,0,0,0,0,06-JUL-2020,
OPTSTK,BANKBARODA,30-Jul-2020,33,CE,0,0,0,7.95,18.55,0,0,0,0,06-JUL-2020,
OPTSTK,BANKBARODA,30-Jul-2020,34,CE,0,0,0,7.3,17.55,0,0,0,0,06-JUL-2020,
OPTSTK,BANKBARODA,30-Jul-2020,35,CE,0,0,0,16.05,16.55,0,0,0,0,06-JUL-2020,
OPTSTK,BANKBARODA,30-Jul-2020,36,CE,0,0,0,6.15,15.55,0,0,0,0,06-JUL-2020,
OPTSTK,BANKBARODA,30-Jul-2020,37,CE,0,0,0,5.65,14.55,0,0,0,0,06-JUL-2020,
OPTSTK,BANKBARODA,30-Jul-2020,37.5,CE,0,0,0,14.2,14.05,0,0,0,0,06-JUL-2020,
OPTSTK,BANKBARODA,30-Jul-2020,38,CE,0,0,0,5.15,13.6,0,0,0,0,06-JUL-2020,
OPTSTK,BANKBARODA,30-Jul-2020,39,CE,0,0,0,4.7,12.6,0,0,0,0,06-JUL-2020,
OPTSTK,BANKBARODA,30-Jul-2020,40,CE,0,0,0,12,11.65,0,0,295200,0,06-JUL-2020,
OPTSTK,BANKBARODA,30-Jul-2020,41,CE,0,0,0,3.9,10.65,0,0,0,0,06-JUL-2020,
OPTSTK,BANKBARODA,30-Jul-2020,42,CE,10,10,10,10,9.75,1,4.26,16400,8200,06-JUL-2020,
OPTSTK,BANKBARODA,30-Jul-2020,42.5,CE,0,0,0,10.9,9.25,0,0,0,0,06-JUL-2020,
OPTSTK,BANKBARODA,30-Jul-2020,43,CE,0,0,0,3.25,8.8,0,0,0,0,06-JUL-2020,
OPTSTK,BANKBARODA,30-Jul-2020,44,CE,0,0,0,2.95,7.95,0,0,0,0,06-JUL-2020,
OPTSTK,BANKBARODA,30-Jul-2020,45,CE,7.9,7.9,7.4,7.4,7.1,8,34.53,262400,-16400,06-JUL-2020,
OPTSTK,BANKBARODA,30-Jul-2020,46,CE,0,0,0,2.4,6.25,0,0,0,0,06-JUL-2020,
OPTSTK,BANKBARODA,30-Jul-2020,47,CE,6.35,6.35,6.35,6.35,5.5,1,4.37,106600,0,06-JUL-2020,
OPTSTK,BANKBARODA,30-Jul-2020,47.5,CE,5.65,5.8,5.35,5.7,5.15,11,47.97,295200,-41000,06-JUL-2020,
OPTSTK,BANKBARODA,30-Jul-2020,48,CE,5.5,5.5,5.5,5.5,4.8,1,4.38,114800,0,06-JUL-2020,
OPTSTK,BANKBARODA,30-Jul-2020,49,CE,0,0,0,4.45,4.15,0,0,164000,0,06-JUL-2020,
OPTSTK,BANKBARODA,30-Jul-2020,50,CE,4.05,4.75,3.95,4.4,4.4,123,548.85,2009000,-90200,06-JUL-2020,
OPTSTK,BANKBARODA,30-Jul-2020,51,CE,3.65,4.1,3.45,3.9,3.9,46,207.12,426400,0,06-JUL-2020,
OPTSTK,BANKBARODA,30-Jul-2020,52,CE,3.4,3.75,3.1,3.45,3.45,106,482.03,615000,90200,06-JUL-2020,
OPTSTK,BANKBARODA,30-Jul-2020,52.5,CE,3.2,3.5,3,3.3,3.3,58,265.34,500200,-57400,06-JUL-2020,
OPTSTK,BANKBARODA,30-Jul-2020,53,CE,3.05,3.4,2.7,3.05,2.1,61,280.24,565800,8200,06-JUL-2020,
OPTSTK,BANKBARODA,30-Jul-2020,54,CE,2.7,2.95,2.5,2.7,1.75,43,200.24,565800,65600,06-JUL-2020,
OPTSTK,BANKBARODA,30-Jul-2020,55,CE,2.3,2.65,2.1,2.35,2.35,456,2147.65,4756000,-32800,06-JUL-2020,
OPTSTK,BANKBARODA,30-Jul-2020,56,CE,2.25,2.25,2,2.1,1.15,19,90.64,508400,65600,06-JUL-2020,
OPTSTK,BANKBARODA,30-Jul-2020,57,CE,1.8,1.8,1.75,1.75,0.95,2,9.63,270600,0,06-JUL-2020,
OPTSTK,BANKBARODA,30-Jul-2020,57.5,CE,1.75,1.8,1.6,1.6,1.6,11,53.42,213200,16400,06-JUL-2020,
OPTSTK,BANKBARODA,30-Jul-2020,58,CE,1.9,1.9,1.4,1.4,0.75,2,9.78,65600,8200,06-JUL-2020,
OPTSTK,BANKBARODA,30-Jul-2020,59,CE,1.35,1.35,1.35,1.35,0.6,1,4.94,73800,8200,06-JUL-2020,
OPTSTK,BANKBARODA,30-Jul-2020,60,CE,1.15,1.3,1.05,1.15,1.15,284,1424.87,3977000,-8200,06-JUL-2020,
OPTSTK,BANKBARODA,30-Jul-2020,61,CE,1.05,1.05,1.05,1.05,1.05,2,10.17,180400,0,06-JUL-2020,
OPTSTK,BANKBARODA,30-Jul-2020,62,CE,0.9,0.9,0.9,0.9,0.3,1,5.15,49200,8200,06-JUL-2020,
OPTSTK,BANKBARODA,30-Jul-2020,62.5,CE,0.75,0.75,0.75,0.75,0.25,3,15.55,426400,-8200,06-JUL-2020,
OPTSTK,BANKBARODA,30-Jul-2020,63,CE,0,0,0,0.7,0.2,0,0,0,0,06-JUL-2020,
OPTSTK,BANKBARODA,30-Jul-2020,64,CE,0,0,0,0.6,0.15,0,0,0,0,06-JUL-2020,
OPTSTK,BANKBARODA,30-Jul-2020,65,CE,0.55,0.6,0.5,0.55,0.55,74,397.7,1435000,-41000,06-JUL-2020,
OPTSTK,BANKBARODA,30-Jul-2020,67.5,CE,0.4,0.4,0.4,0.4,0.05,1,5.56,278800,0,06-JUL-2020,
OPTSTK,BANKBARODA,30-Jul-2020,70,CE,0.25,0.3,0.25,0.3,0.3,7,40.34,1623600,-16400,06-JUL-2020,
OPTSTK,BANKBARODA,30-Jul-2020,72.5,CE,0,0,0,0.2,0.05,0,0,196800,0,06-JUL-2020,
OPTSTK,BANKBARODA,30-Jul-2020,75,CE,0.15,0.15,0.15,0.15,0.05,3,18.48,697000,-8200,06-JUL-2020,
OPTSTK,BANKBARODA,30-Jul-2020,77.5,CE,0.2,0.2,0.15,0.15,0.05,2,12.73,73800,16400,06-JUL-2020,
OPTSTK,BANKBARODA,30-Jul-2020,80,CE,0.15,0.15,0.1,0.1,0.1,11,72.26,508400,-16400,06-JUL-2020,
OPTSTK,BANKBARODA,30-Jul-2020,22.5,PE,0.05,0.05,0.05,0.05,0.05,1,1.84,16400,0,06-JUL-2020,
OPTSTK,BANKBARODA,30-Jul-2020,25,PE,0,0,0,0.3,0.05,0,0,24600,0,06-JUL-2020,
OPTSTK,BANKBARODA,30-Jul-2020,27.5,PE,0,0,0,0.35,0.05,0,0,0,0,06-JUL-2020,
OPTSTK,BANKBARODA,30-Jul-2020,29,PE,0,0,0,0.95,0.05,0,0,0,0,06-JUL-2020,
OPTSTK,BANKBARODA,30-Jul-2020,30,PE,0.1,0.1,0.1,0.1,0.05,1,2.46,65600,0,06-JUL-2020,
OPTSTK,BANKBARODA,30-Jul-2020,31,PE,0,0,0,1.45,0.05,0,0,0,0,06-JUL-2020,
OPTSTK,BANKBARODA,30-Jul-2020,32,PE,0,0,0,1.7,0.05,0,0,0,0,06-JUL-2020,
OPTSTK,BANKBARODA,30-Jul-2020,32.5,PE,0,0,0,0.1,0.05,0,0,24600,0,06-JUL-2020,
OPTSTK,BANKBARODA,30-Jul-2020,33,PE,0.05,0.05,0.05,0.05,0.05,1,2.71,8200,0,06-JUL-2020,
OPTSTK,BANKBARODA,30-Jul-2020,34,PE,0,0,0,0.05,0.05,0,0,16400,0,06-JUL-2020,
OPTSTK,BANKBARODA,30-Jul-2020,35,PE,0.1,0.1,0.1,0.1,0.05,2,5.75,360800,0,06-JUL-2020,
OPTSTK,BANKBARODA,30-Jul-2020,36,PE,0,0,0,0.2,0.05,0,0,16400,0,06-JUL-2020,
OPTSTK,BANKBARODA,30-Jul-2020,37,PE,0.15,0.15,0.15,0.15,0.05,2,6.09,32800,-16400,06-JUL-2020,
OPTSTK,BANKBARODA,30-Jul-2020,37.5,PE,0,0,0,0.2,0.05,0,0,114800,0,06-JUL-2020,
OPTSTK,BANKBARODA,30-Jul-2020,38,PE,0,0,0,0.4,0.05,0,0,32800,0,06-JUL-2020,
OPTSTK,BANKBARODA,30-Jul-2020,39,PE,0,0,0,1.7,0.05,0,0,16400,0,06-JUL-2020,
OPTSTK,BANKBARODA,30-Jul-2020,40,PE,0.35,0.35,0.3,0.35,0.05,61,201.7,2041800,49200,06-JUL-2020,
OPTSTK,BANKBARODA,30-Jul-2020,41,PE,0,0,0,0.85,0.1,0,0,24600,0,06-JUL-2020,
OPTSTK,BANKBARODA,30-Jul-2020,42,PE,0.5,0.5,0.4,0.5,0.15,3,10.44,65600,16400,06-JUL-2020,
OPTSTK,BANKBARODA,30-Jul-2020,42.5,PE,0.55,0.6,0.5,0.6,0.6,13,45.89,508400,-41000,06-JUL-2020,
OPTSTK,BANKBARODA,30-Jul-2020,43,PE,0.75,0.75,0.65,0.65,0.25,2,7.16,106600,8200,06-JUL-2020,
OPTSTK,BANKBARODA,30-Jul-2020,44,PE,0.8,0.85,0.8,0.85,0.35,4,14.7,196800,24600,06-JUL-2020,
OPTSTK,BANKBARODA,30-Jul-2020,45,PE,1.1,1.15,1,1.1,1.1,127,479.77,3181600,32800,06-JUL-2020,
OPTSTK,BANKBARODA,30-Jul-2020,46,PE,1.35,1.35,1.25,1.25,0.7,3,11.63,205000,0,06-JUL-2020,
OPTSTK,BANKBARODA,30-Jul-2020,47,PE,1.7,1.75,1.6,1.65,0.95,11,43.88,278800,-24600,06-JUL-2020,
OPTSTK,BANKBARODA,30-Jul-2020,47.5,PE,1.85,1.85,1.65,1.75,1.75,22,88.86,541200,-24600,06-JUL-2020,
OPTSTK,BANKBARODA,30-Jul-2020,48,PE,2.1,2.1,1.75,2,1.2,22,90.2,401800,73800,06-JUL-2020,
OPTSTK,BANKBARODA,30-Jul-2020,49,PE,2.3,2.45,2.25,2.3,2.3,10,42.09,213200,16400,06-JUL-2020,
OPTSTK,BANKBARODA,30-Jul-2020,50,PE,2.9,2.95,2.55,2.8,2.8,172,744.13,1648200,8200,06-JUL-2020,
OPTSTK,BANKBARODA,30-Jul-2020,51,PE,3.2,3.35,3.1,3.2,2.4,12,53.35,180400,8200,06-JUL-2020,
OPTSTK,BANKBARODA,30-Jul-2020,52,PE,3.9,3.95,3.6,3.7,3.7,25,114.32,229600,49200,06-JUL-2020,
OPTSTK,BANKBARODA,30-Jul-2020,52.5,PE,4.2,4.25,3.85,4,4,24,111.24,237800,-16400,06-JUL-2020,
OPTSTK,BANKBARODA,30-Jul-2020,53,PE,4.5,4.5,4.3,4.5,3.5,4,18.82,196800,8200,06-JUL-2020,
OPTSTK,BANKBARODA,30-Jul-2020,54,PE,5,5.2,4.7,4.85,4.15,10,48.37,123000,-57400,06-JUL-2020,
OPTSTK,BANKBARODA,30-Jul-2020,55,PE,5.8,5.95,5.45,5.7,5.7,13,64.69,303400,-73800,06-JUL-2020,
OPTSTK,BANKBARODA,30-Jul-2020,56,PE,6.25,6.45,6.15,6.15,5.55,5,25.53,65600,-24600,06-JUL-2020,
OPTSTK,BANKBARODA,30-Jul-2020,57,PE,0,0,0,9.8,6.35,0,0,98400,0,06-JUL-2020,
OPTSTK,BANKBARODA,30-Jul-2020,57.5,PE,0,0,0,8,6.75,0,0,32800,0,06-JUL-2020,
OPTSTK,BANKBARODA,30-Jul-2020,58,PE,0,0,0,8.05,7.15,0,0,8200,0,06-JUL-2020,
OPTSTK,BANKBARODA,30-Jul-2020,59,PE,0,0,0,17,8,0,0,0,0,06-JUL-2020,
OPTSTK,BANKBARODA,30-Jul-2020,60,PE,9.4,9.4,9.4,9.4,8.85,1,5.69,114800,-8200,06-JUL-2020,
OPTSTK,BANKBARODA,30-Jul-2020,61,PE,0,0,0,10.7,9.75,0,0,8200,0,06-JUL-2020,
OPTSTK,BANKBARODA,30-Jul-2020,62,PE,0,0,0,15.85,10.65,0,0,0,0,06-JUL-2020,
OPTSTK,BANKBARODA,30-Jul-2020,62.5,PE,0,0,0,15.85,11.15,0,0,0,0,06-JUL-2020,
OPTSTK,BANKBARODA,30-Jul-2020,63,PE,0,0,0,16.75,11.6,0,0,0,0,06-JUL-2020,
OPTSTK,BANKBARODA,30-Jul-2020,64,PE,0,0,0,17.65,12.55,0,0,0,0,06-JUL-2020,
OPTSTK,BANKBARODA,30-Jul-2020,65,PE,0,0,0,17.85,13.5,0,0,0,0,06-JUL-2020,
OPTSTK,BANKBARODA,30-Jul-2020,67.5,PE,0,0,0,19.9,15.9,0,0,0,0,06-JUL-2020,
OPTSTK,BANKBARODA,30-Jul-2020,70,PE,0,0,0,19,18.4,0,0,41000,0,06-JUL-2020,
OPTSTK,BANKBARODA,30-Jul-2020,72.5,PE,0,0,0,24.15,20.85,0,0,0,0,06-JUL-2020,
OPTSTK,BANKBARODA,30-Jul-2020,75,PE,0,0,0,23.05,23.35,0,0,180400,0,06-JUL-2020,
OPTSTK,BANKBARODA,30-Jul-2020,77.5,PE,0,0,0,28.6,25.85,0,0,0,0,06-JUL-2020,
OPTSTK,BANKBARODA,30-Jul-2020,80,PE,29,29,28.3,28.3,28.3,2,17.81,65600,0,06-JUL-2020,
OPTSTK,BANKBARODA,27-Aug-2020,23,CE,0,0,0,16.25,28.6,0,0,0,0,06-JUL-2020,
OPTSTK,BANKBARODA,27-Aug-2020,24,CE,0,0,0,15.4,27.6,0,0,0,0,06-JUL-2020,
OPTSTK,BANKBARODA,27-Aug-2020,25,CE,0,0,0,14.55,26.6,0,0,0,0,06-JUL-2020,
OPTSTK,BANKBARODA,27-Aug-2020,26,CE,0,0,0,13.75,25.6,0,0,0,0,06-JUL-2020,
OPTSTK,BANKBARODA,27-Aug-2020,27,CE,0,0,0,12.95,24.6,0,0,0,0,06-JUL-2020,
OPTSTK,BANKBARODA,27-Aug-2020,28,CE,0,0,0,12.15,23.6,0,0,0,0,06-JUL-2020,
OPTSTK,BANKBARODA,27-Aug-2020,29,CE,0,0,0,11.45,22.65,0,0,0,0,06-JUL-2020,
OPTSTK,BANKBARODA,27-Aug-2020,30,CE,0,0,0,10.7,21.65,0,0,0,0,06-JUL-2020,
OPTSTK,BANKBARODA,27-Aug-2020,31,CE,0,0,0,10.05,20.65,0,0,0,0,06-JUL-2020,
OPTSTK,BANKBARODA,27-Aug-2020,32,CE,0,0,0,9.4,19.65,0,0,0,0,06-JUL-2020,
OPTSTK,BANKBARODA,27-Aug-2020,33,CE,0,0,0,8.8,18.7,0,0,0,0,06-JUL-2020,
OPTSTK,BANKBARODA,27-Aug-2020,34,CE,0,0,0,8.2,17.7,0,0,0,0,06-JUL-2020,
OPTSTK,BANKBARODA,27-Aug-2020,35,CE,0,0,0,7.65,16.75,0,0,0,0,06-JUL-2020,
OPTSTK,BANKBARODA,27-Aug-2020,36,CE,0,0,0,7.1,15.75,0,0,0,0,06-JUL-2020,
OPTSTK,BANKBARODA,27-Aug-2020,37,CE,0,0,0,6.6,14.8,0,0,0,0,06-JUL-2020,
OPTSTK,BANKBARODA,27-Aug-2020,38,CE,0,0,0,6.15,13.9,0,0,0,0,06-JUL-2020,
OPTSTK,BANKBARODA,27-Aug-2020,39,CE,0,0,0,5.7,12.95,0,0,0,0,06-JUL-2020,
OPTSTK,BANKBARODA,27-Aug-2020,40,CE,0,0,0,5.3,12.1,0,0,0,0,06-JUL-2020,
OPTSTK,BANKBARODA,27-Aug-2020,41,CE,0,0,0,4.95,11.2,0,0,0,0,06-JUL-2020,
OPTSTK,BANKBARODA,27-Aug-2020,42,CE,0,0,0,4.55,10.35,0,0,0,0,06-JUL-2020,
OPTSTK,BANKBARODA,27-Aug-2020,43,CE,0,0,0,4.25,9.55,0,0,0,0,06-JUL-2020,
OPTSTK,BANKBARODA,27-Aug-2020,44,CE,0,0,0,3.9,8.75,0,0,0,0,06-JUL-2020,
OPTSTK,BANKBARODA,27-Aug-2020,45,CE,0,0,0,3.6,8,0,0,0,0,06-JUL-2020,
OPTSTK,BANKBARODA,27-Aug-2020,46,CE,0,0,0,3.35,7.3,0,0,0,0,06-JUL-2020,
OPTSTK,BANKBARODA,27-Aug-2020,47,CE,0,0,0,3.1,6.65,0,0,0,0,06-JUL-2020,
OPTSTK,BANKBARODA,27-Aug-2020,48,CE,0,0,0,2.85,6,0,0,0,0,06-JUL-2020,
OPTSTK,BANKBARODA,27-Aug-2020,49,CE,0,0,0,2.65,5.4,0,0,0,0,06-JUL-2020,
OPTSTK,BANKBARODA,27-Aug-2020,50,CE,0,0,0,6.5,4.9,0,0,155800,0,06-JUL-2020,
OPTSTK,BANKBARODA,27-Aug-2020,51,CE,0,0,0,2.25,4.35,0,0,0,0,06-JUL-2020,
OPTSTK,BANKBARODA,27-Aug-2020,52,CE,0,0,0,2.1,3.9,0,0,0,0,06-JUL-2020,
OPTSTK,BANKBARODA,27-Aug-2020,53,CE,0,0,0,4.4,3.45,0,0,16400,0,06-JUL-2020,
OPTSTK,BANKBARODA,27-Aug-2020,54,CE,0,0,0,1.75,3.1,0,0,0,0,06-JUL-2020,
OPTSTK,BANKBARODA,27-Aug-2020,55,CE,0,0,0,5.5,2.7,0,0,8200,0,06-JUL-2020,
OPTSTK,BANKBARODA,27-Aug-2020,56,CE,0,0,0,4.25,2.4,0,0,8200,0,06-JUL-2020,
OPTSTK,BANKBARODA,27-Aug-2020,57,CE,0,0,0,1.4,2.1,0,0,0,0,06-JUL-2020,
OPTSTK,BANKBARODA,27-Aug-2020,58,CE,0,0,0,4.4,1.85,0,0,8200,0,06-JUL-2020,
OPTSTK,BANKBARODA,27-Aug-2020,59,CE,0,0,0,1.6,1.6,0,0,0,0,06-JUL-2020,
OPTSTK,BANKBARODA,27-Aug-2020,60,CE,0,0,0,2.8,1.4,0,0,49200,0,06-JUL-2020,
OPTSTK,BANKBARODA,27-Aug-2020,61,CE,0,0,0,2.05,1.2,0,0,16400,0,06-JUL-2020,
OPTSTK,BANKBARODA,27-Aug-2020,62,CE,0,0,0,1.5,1.05,0,0,0,0,06-JUL-2020,
OPTSTK,BANKBARODA,27-Aug-2020,23,PE,0,0,0,0.4,0.05,0,0,0,0,06-JUL-2020,
OPTSTK,BANKBARODA,27-Aug-2020,24,PE,0,0,0,0.5,0.05,0,0,0,0,06-JUL-2020,
OPTSTK,BANKBARODA,27-Aug-2020,25,PE,0,0,0,0.65,0.05,0,0,0,0,06-JUL-2020,
OPTSTK,BANKBARODA,27-Aug-2020,26,PE,0,0,0,0.8,0.05,0,0,0,0,06-JUL-2020,
OPTSTK,BANKBARODA,27-Aug-2020,27,PE,0,0,0,1,0.05,0,0,0,0,06-JUL-2020,
OPTSTK,BANKBARODA,27-Aug-2020,28,PE,0,0,0,1.2,0.05,0,0,0,0,06-JUL-2020,
OPTSTK,BANKBARODA,27-Aug-2020,29,PE,0,0,0,1.45,0.05,0,0,0,0,06-JUL-2020,
OPTSTK,BANKBARODA,27-Aug-2020,30,PE,0,0,0,1.75,0.05,0,0,0,0,06-JUL-2020,
OPTSTK,BANKBARODA,27-Aug-2020,31,PE,0,0,0,2.05,0.05,0,0,0,0,06-JUL-2020,
OPTSTK,BANKBARODA,27-Aug-2020,32,PE,0,0,0,2.4,0.05,0,0,0,0,06-JUL-2020,
OPTSTK,BANKBARODA,27-Aug-2020,33,PE,0,0,0,2.8,0.05,0,0,0,0,06-JUL-2020,
OPTSTK,BANKBARODA,27-Aug-2020,34,PE,0,0,0,3.2,0.05,0,0,0,0,06-JUL-2020,
OPTSTK,BANKBARODA,27-Aug-2020,35,PE,0,0,0,3.6,0.05,0,0,0,0,06-JUL-2020,
OPTSTK,BANKBARODA,27-Aug-2020,36,PE,0,0,0,4.1,0.1,0,0,0,0,06-JUL-2020,
OPTSTK,BANKBARODA,27-Aug-2020,37,PE,0,0,0,4.55,0.15,0,0,0,0,06-JUL-2020,
OPTSTK,BANKBARODA,27-Aug-2020,38,PE,0,0,0,5.1,0.2,0,0,0,0,06-JUL-2020,
OPTSTK,BANKBARODA,27-Aug-2020,39,PE,0,0,0,5.65,0.3,0,0,0,0,06-JUL-2020,
OPTSTK,BANKBARODA,27-Aug-2020,40,PE,1,1.05,1,1.05,0.4,2,6.72,32800,16400,06-JUL-2020,
OPTSTK,BANKBARODA,27-Aug-2020,41,PE,0,0,0,1.05,0.5,0,0,8200,0,06-JUL-2020,
OPTSTK,BANKBARODA,27-Aug-2020,42,PE,0,0,0,7.45,0.65,0,0,0,0,06-JUL-2020,
OPTSTK,BANKBARODA,27-Aug-2020,43,PE,0,0,0,8.1,0.85,0,0,0,0,06-JUL-2020,
OPTSTK,BANKBARODA,27-Aug-2020,44,PE,0,0,0,8.8,1.05,0,0,0,0,06-JUL-2020,
OPTSTK,BANKBARODA,27-Aug-2020,45,PE,0,0,0,5.1,1.3,0,0,8200,0,06-JUL-2020,
OPTSTK,BANKBARODA,27-Aug-2020,46,PE,0,0,0,10.2,1.6,0,0,0,0,06-JUL-2020,
OPTSTK,BANKBARODA,27-Aug-2020,47,PE,0,0,0,10.95,1.9,0,0,0,0,06-JUL-2020,
OPTSTK,BANKBARODA,27-Aug-2020,48,PE,0,0,0,11.7,2.25,0,0,0,0,06-JUL-2020,
OPTSTK,BANKBARODA,27-Aug-2020,49,PE,0,0,0,12.45,2.7,0,0,0,0,06-JUL-2020,
OPTSTK,BANKBARODA,27-Aug-2020,50,PE,0,0,0,13.25,3.1,0,0,0,0,06-JUL-2020,
OPTSTK,BANKBARODA,27-Aug-2020,51,PE,0,0,0,14.05,3.6,0,0,0,0,06-JUL-2020,
OPTSTK,BANKBARODA,27-Aug-2020,52,PE,0,0,0,14.85,4.15,0,0,0,0,06-JUL-2020,
OPTSTK,BANKBARODA,27-Aug-2020,53,PE,0,0,0,15.7,4.7,0,0,0,0,06-JUL-2020,
OPTSTK,BANKBARODA,27-Aug-2020,54,PE,0,0,0,16.5,5.3,0,0,0,0,06-JUL-2020,
OPTSTK,BANKBARODA,27-Aug-2020,55,PE,0,0,0,17.35,5.95,0,0,0,0,06-JUL-2020,
OPTSTK,BANKBARODA,27-Aug-2020,56,PE,0,0,0,18.25,6.6,0,0,0,0,06-JUL-2020,
OPTSTK,BANKBARODA,27-Aug-2020,57,PE,0,0,0,19.1,7.3,0,0,0,0,06-JUL-2020,
OPTSTK,BANKBARODA,27-Aug-2020,58,PE,0,0,0,16.65,8.05,0,0,0,0,06-JUL-2020,
OPTSTK,BANKBARODA,27-Aug-2020,59,PE,0,0,0,17.5,8.8,0,0,0,0,06-JUL-2020,
OPTSTK,BANKBARODA,27-Aug-2020,60,PE,0,0,0,18.35,9.6,0,0,0,0,06-JUL-2020,
OPTSTK,BANKBARODA,27-Aug-2020,61,PE,0,0,0,18.25,10.4,0,0,0,0,06-JUL-2020,
OPTSTK,BANKBARODA,27-Aug-2020,62,PE,0,0,0,16.35,11.25,0,0,0,0,06-JUL-2020,
OPTSTK,BANKBARODA,24-Sep-2020,32,CE,0,0,0,20.7,19.85,0,0,0,0,06-JUL-2020,
OPTSTK,BANKBARODA,24-Sep-2020,33,CE,0,0,0,19.8,18.85,0,0,0,0,06-JUL-2020,
OPTSTK,BANKBARODA,24-Sep-2020,34,CE,0,0,0,18.9,17.95,0,0,0,0,06-JUL-2020,
OPTSTK,BANKBARODA,24-Sep-2020,35,CE,0,0,0,18.05,17,0,0,0,0,06-JUL-2020,
OPTSTK,BANKBARODA,24-Sep-2020,36,CE,0,0,0,17.2,16.1,0,0,0,0,06-JUL-2020,
OPTSTK,BANKBARODA,24-Sep-2020,37,CE,0,0,0,16.35,15.2,0,0,0,0,06-JUL-2020,
OPTSTK,BANKBARODA,24-Sep-2020,38,CE,0,0,0,15.55,14.3,0,0,0,0,06-JUL-2020,
OPTSTK,BANKBARODA,24-Sep-2020,39,CE,0,0,0,14.75,13.45,0,0,0,0,06-JUL-2020,
OPTSTK,BANKBARODA,24-Sep-2020,40,CE,0,0,0,14,12.6,0,0,0,0,06-JUL-2020,
OPTSTK,BANKBARODA,24-Sep-2020,41,CE,0,0,0,13.25,11.8,0,0,0,0,06-JUL-2020,
OPTSTK,BANKBARODA,24-Sep-2020,42,CE,0,0,0,12.5,11,0,0,0,0,06-JUL-2020,
OPTSTK,BANKBARODA,24-Sep-2020,43,CE,0,0,0,11.85,10.25,0,0,0,0,06-JUL-2020,
OPTSTK,BANKBARODA,24-Sep-2020,44,CE,0,0,0,11.15,9.55,0,0,0,0,06-JUL-2020,
OPTSTK,BANKBARODA,24-Sep-2020,45,CE,0,0,0,10.5,8.85,0,0,0,0,06-JUL-2020,
OPTSTK,BANKBARODA,24-Sep-2020,46,CE,0,0,0,9.9,8.2,0,0,0,0,06-JUL-2020,
OPTSTK,BANKBARODA,24-Sep-2020,47,CE,0,0,0,9.3,7.55,0,0,0,0,06-JUL-2020,
OPTSTK,BANKBARODA,24-Sep-2020,48,CE,0,0,0,8.75,6.95,0,0,0,0,06-JUL-2020,
OPTSTK,BANKBARODA,24-Sep-2020,49,CE,0,0,0,8.25,6.4,0,0,0,0,06-JUL-2020,
OPTSTK,BANKBARODA,24-Sep-2020,50,CE,0,0,0,7.7,5.9,0,0,0,0,06-JUL-2020,
OPTSTK,BANKBARODA,24-Sep-2020,51,CE,0,0,0,7.25,5.4,0,0,0,0,06-JUL-2020,
OPTSTK,BANKBARODA,24-Sep-2020,52,CE,0,0,0,6.8,4.95,0,0,0,0,06-JUL-2020,
OPTSTK,BANKBARODA,24-Sep-2020,53,CE,0,0,0,6.35,4.5,0,0,0,0,06-JUL-2020,
OPTSTK,BANKBARODA,24-Sep-2020,54,CE,0,0,0,5.95,4.1,0,0,0,0,06-JUL-2020,
OPTSTK,BANKBARODA,24-Sep-2020,55,CE,0,0,0,5.55,3.75,0,0,0,0,06-JUL-2020,
OPTSTK,BANKBARODA,24-Sep-2020,56,CE,0,0,0,5.15,3.4,0,0,0,0,06-JUL-2020,
OPTSTK,BANKBARODA,24-Sep-2020,57,CE,0,0,0,4.85,3.05,0,0,0,0,06-JUL-2020,
OPTSTK,BANKBARODA,24-Sep-2020,58,CE,0,0,0,4.5,2.8,0,0,0,0,06-JUL-2020,
OPTSTK,BANKBARODA,24-Sep-2020,59,CE,0,0,0,4.2,2.5,0,0,0,0,06-JUL-2020,
OPTSTK,BANKBARODA,24-Sep-2020,60,CE,0,0,0,3.9,2.25,0,0,0,0,06-JUL-2020,
OPTSTK,BANKBARODA,24-Sep-2020,61,CE,0,0,0,3.65,2.05,0,0,0,0,06-JUL-2020,
OPTSTK,BANKBARODA,24-Sep-2020,62,CE,2.65,2.65,2.65,2.65,1.85,1,5.3,8200,8200,06-JUL-2020,
OPTSTK,BANKBARODA,24-Sep-2020,32,PE,0,0,0,0.35,0.1,0,0,0,0,06-JUL-2020,
OPTSTK,BANKBARODA,24-Sep-2020,33,PE,0,0,0,0.4,0.1,0,0,0,0,06-JUL-2020,
OPTSTK,BANKBARODA,24-Sep-2020,34,PE,0,0,0,0.5,0.15,0,0,0,0,06-JUL-2020,
OPTSTK,BANKBARODA,24-Sep-2020,35,PE,0,0,0,0.65,0.2,0,0,0,0,06-JUL-2020,
OPTSTK,BANKBARODA,24-Sep-2020,36,PE,0,0,0,0.75,0.3,0,0,0,0,06-JUL-2020,
OPTSTK,BANKBARODA,24-Sep-2020,37,PE,0,0,0,0.9,0.4,0,0,0,0,06-JUL-2020,
OPTSTK,BANKBARODA,24-Sep-2020,38,PE,0,0,0,1.1,0.5,0,0,0,0,06-JUL-2020,
OPTSTK,BANKBARODA,24-Sep-2020,39,PE,0,0,0,1.3,0.65,0,0,0,0,06-JUL-2020,
OPTSTK,BANKBARODA,24-Sep-2020,40,PE,0,0,0,1.5,0.8,0,0,0,0,06-JUL-2020,
OPTSTK,BANKBARODA,24-Sep-2020,41,PE,0,0,0,1.75,0.95,0,0,0,0,06-JUL-2020,
OPTSTK,BANKBARODA,24-Sep-2020,42,PE,0,0,0,2.05,1.15,0,0,0,0,06-JUL-2020,
OPTSTK,BANKBARODA,24-Sep-2020,43,PE,0,0,0,2.35,1.4,0,0,0,0,06-JUL-2020,
OPTSTK,BANKBARODA,24-Sep-2020,44,PE,0,0,0,2.65,1.7,0,0,0,0,06-JUL-2020,
OPTSTK,BANKBARODA,24-Sep-2020,45,PE,0,0,0,3,2,0,0,0,0,06-JUL-2020,
OPTSTK,BANKBARODA,24-Sep-2020,46,PE,0,0,0,3.4,2.3,0,0,0,0,06-JUL-2020,
OPTSTK,BANKBARODA,24-Sep-2020,47,PE,0,0,0,3.8,2.7,0,0,0,0,06-JUL-2020,
OPTSTK,BANKBARODA,24-Sep-2020,48,PE,0,0,0,4.2,3.1,0,0,0,0,06-JUL-2020,
OPTSTK,BANKBARODA,24-Sep-2020,49,PE,0,0,0,4.65,3.5,0,0,0,0,06-JUL-2020,
OPTSTK,BANKBARODA,24-Sep-2020,50,PE,0,0,0,5.15,4,0,0,0,0,06-JUL-2020,
OPTSTK,BANKBARODA,24-Sep-2020,51,PE,5.35,5.35,5.35,5.35,4.45,1,4.62,8200,8200,06-JUL-2020,
OPTSTK,BANKBARODA,24-Sep-2020,52,PE,0,0,0,6.15,5,0,0,0,0,06-JUL-2020,
OPTSTK,BANKBARODA,24-Sep-2020,53,PE,0,0,0,6.75,5.55,0,0,0,0,06-JUL-2020,
OPTSTK,BANKBARODA,24-Sep-2020,54,PE,0,0,0,7.3,6.15,0,0,0,0,06-JUL-2020,
OPTSTK,BANKBARODA,24-Sep-2020,55,PE,0,0,0,7.9,6.75,0,0,0,0,06-JUL-2020,
OPTSTK,BANKBARODA,24-Sep-2020,56,PE,0,0,0,8.5,7.4,0,0,0,0,06-JUL-2020,
OPTSTK,BANKBARODA,24-Sep-2020,57,PE,0,0,0,9.15,8.1,0,0,0,0,06-JUL-2020,
OPTSTK,BANKBARODA,24-Sep-2020,58,PE,0,0,0,9.85,8.8,0,0,0,0,06-JUL-2020,
OPTSTK,BANKBARODA,24-Sep-2020,59,PE,0,0,0,10.5,9.5,0,0,0,0,06-JUL-2020,
OPTSTK,BANKBARODA,24-Sep-2020,60,PE,0,0,0,11.2,10.25,0,0,0,0,06-JUL-2020,
OPTSTK,BANKBARODA,24-Sep-2020,61,PE,0,0,0,11.95,11.05,0,0,0,0,06-JUL-2020,
OPTSTK,BANKBARODA,24-Sep-2020,62,PE,0,0,0,12.65,11.8,0,0,0,0,06-JUL-2020,
OPTSTK,BATAINDIA,30-Jul-2020,960,CE,0,0,0,447.4,378.1,0,0,0,0,06-JUL-2020,
OPTSTK,BATAINDIA,30-Jul-2020,980,CE,0,0,0,431.6,358.15,0,0,0,0,06-JUL-2020,
OPTSTK,BATAINDIA,30-Jul-2020,1000,CE,0,0,0,416.1,338.25,0,0,0,0,06-JUL-2020,
OPTSTK,BATAINDIA,30-Jul-2020,1020,CE,0,0,0,401,318.35,0,0,0,0,06-JUL-2020,
OPTSTK,BATAINDIA,30-Jul-2020,1040,CE,0,0,0,386.25,298.45,0,0,0,0,06-JUL-2020,
OPTSTK,BATAINDIA,30-Jul-2020,1060,CE,0,0,0,371.8,278.65,0,0,0,0,06-JUL-2020,
OPTSTK,BATAINDIA,30-Jul-2020,1080,CE,0,0,0,254.25,258.95,0,0,1100,0,06-JUL-2020,
OPTSTK,BATAINDIA,30-Jul-2020,1100,CE,0,0,0,344,239.35,0,0,0,0,06-JUL-2020,
OPTSTK,BATAINDIA,30-Jul-2020,1120,CE,161,161,161,161,220,1,7.04,1650,0,06-JUL-2020,
OPTSTK,BATAINDIA,30-Jul-2020,1140,CE,0,0,0,317.65,200.9,0,0,0,0,06-JUL-2020,
OPTSTK,BATAINDIA,30-Jul-2020,1160,CE,0,0,0,305.05,182.25,0,0,0,0,06-JUL-2020,
OPTSTK,BATAINDIA,30-Jul-2020,1180,CE,0,0,0,113.05,164.05,0,0,550,0,06-JUL-2020,
OPTSTK,BATAINDIA,30-Jul-2020,1200,CE,131.95,142,131.95,142,146.5,2,14.7,550,-550,06-JUL-2020,
OPTSTK,BATAINDIA,30-Jul-2020,1220,CE,0,0,0,127.95,129.7,0,0,550,0,06-JUL-2020,
OPTSTK,BATAINDIA,30-Jul-2020,1240,CE,120.85,120.85,120.85,120.85,113.8,1,7.48,1100,0,06-JUL-2020,
OPTSTK,BATAINDIA,30-Jul-2020,1260,CE,90.5,90.5,87.45,87.45,98.9,2,14.83,1650,0,06-JUL-2020,
OPTSTK,BATAINDIA,30-Jul-2020,1280,CE,69.25,89.85,69.25,78.5,78.5,10,74.77,18700,-3300,06-JUL-2020,
OPTSTK,BATAINDIA,30-Jul-2020,1300,CE,61.15,78,58.35,68.15,68.15,485,3643.37,72600,-64900,06-JUL-2020,
OPTSTK,BATAINDIA,30-Jul-2020,1320,CE,50,66.5,49,57.2,57.2,392,2967.42,59400,-15950,06-JUL-2020,
OPTSTK,BATAINDIA,30-Jul-2020,1340,CE,43.7,56,40.1,47,47,711,5427.15,59400,2200,06-JUL-2020,
OPTSTK,BATAINDIA,30-Jul-2020,1360,CE,35,46.3,33.9,38.5,38.5,1491,11480.78,146850,-57750,06-JUL-2020,
OPTSTK,BATAINDIA,30-Jul-2020,1380,CE,32.2,38,27.35,31,31,689,5354.92,45100,17050,06-JUL-2020,
OPTSTK,BATAINDIA,30-Jul-2020,1400,CE,22.95,31.3,21.65,25,25,1326,10400.49,145750,-25300,06-JUL-2020,
OPTSTK,BATAINDIA,30-Jul-2020,1420,CE,16.35,21,16.35,19.45,19.45,3,23.74,9350,0,06-JUL-2020,
OPTSTK,BATAINDIA,30-Jul-2020,1440,CE,16.5,21,14.4,15.6,15.6,20,160.4,13750,550,06-JUL-2020,
OPTSTK,BATAINDIA,30-Jul-2020,1460,CE,11,11,11,11,13.6,2,16.18,550,0,06-JUL-2020,
OPTSTK,BATAINDIA,30-Jul-2020,1480,CE,0,0,0,151.3,10.5,0,0,0,0,06-JUL-2020,
OPTSTK,BATAINDIA,30-Jul-2020,1500,CE,8.3,10.45,6.75,8,8,190,1576.4,45100,550,06-JUL-2020,
OPTSTK,BATAINDIA,30-Jul-2020,1520,CE,0,0,0,137.8,6.05,0,0,0,0,06-JUL-2020,
OPTSTK,BATAINDIA,30-Jul-2020,1540,CE,0,0,0,131.45,4.55,0,0,0,0,06-JUL-2020,
OPTSTK,BATAINDIA,30-Jul-2020,1560,CE,0,0,0,125.35,3.35,0,0,0,0,06-JUL-2020,
OPTSTK,BATAINDIA,30-Jul-2020,1580,CE,0,0,0,119.55,2.45,0,0,0,0,06-JUL-2020,
OPTSTK,BATAINDIA,30-Jul-2020,1600,CE,3.35,3.9,2.65,2.75,1.8,26,229.26,24750,9900,06-JUL-2020,
OPTSTK,BATAINDIA,30-Jul-2020,1620,CE,0,0,0,1.9,1.3,0,0,1100,0,06-JUL-2020,
OPTSTK,BATAINDIA,30-Jul-2020,1640,CE,0,0,0,103.55,0.9,0,0,0,0,06-JUL-2020,
OPTSTK,BATAINDIA,30-Jul-2020,1660,CE,0,0,0,98.65,0.65,0,0,0,0,06-JUL-2020,
OPTSTK,BATAINDIA,30-Jul-2020,1680,CE,0,0,0,94,0.45,0,0,0,0,06-JUL-2020,
OPTSTK,BATAINDIA,30-Jul-2020,960,PE,0,0,0,30.05,0.05,0,0,0,0,06-JUL-2020,
OPTSTK,BATAINDIA,30-Jul-2020,980,PE,0,0,0,3.95,0.05,0,0,550,0,06-JUL-2020,
OPTSTK,BATAINDIA,30-Jul-2020,1000,PE,0,0,0,2,0.05,0,0,550,0,06-JUL-2020,
OPTSTK,BATAINDIA,30-Jul-2020,1020,PE,0,0,0,42.9,0.1,0,0,0,0,06-JUL-2020,
OPTSTK,BATAINDIA,30-Jul-2020,1040,PE,0,0,0,47.9,0.15,0,0,0,0,06-JUL-2020,
OPTSTK,BATAINDIA,30-Jul-2020,1060,PE,0,0,0,53.2,0.3,0,0,0,0,06-JUL-2020,
OPTSTK,BATAINDIA,30-Jul-2020,1080,PE,0,0,0,58.9,0.5,0,0,0,0,06-JUL-2020,
OPTSTK,BATAINDIA,30-Jul-2020,1100,PE,3.5,3.5,2,2.45,2.45,32,194.03,25300,-5500,06-JUL-2020,
OPTSTK,BATAINDIA,30-Jul-2020,1120,PE,0,0,0,71.3,1.45,0,0,0,0,06-JUL-2020,
OPTSTK,BATAINDIA,30-Jul-2020,1140,PE,0,0,0,78.1,2.35,0,0,0,0,06-JUL-2020,
OPTSTK,BATAINDIA,30-Jul-2020,1160,PE,0,0,0,85.2,3.6,0,0,0,0,06-JUL-2020,
OPTSTK,BATAINDIA,30-Jul-2020,1180,PE,9,9,6.15,7.15,7.15,20,130.55,27500,-4400,06-JUL-2020,
OPTSTK,BATAINDIA,30-Jul-2020,1200,PE,15.6,15.6,8,9.55,9.55,387,2576.25,110550,-2750,06-JUL-2020,
OPTSTK,BATAINDIA,30-Jul-2020,1220,PE,10.6,13.4,10.6,12.5,12.5,18,121.99,7150,3300,06-JUL-2020,
OPTSTK,BATAINDIA,30-Jul-2020,1240,PE,20.5,21.7,14.05,16.7,16.7,167,1154.63,37400,5500,06-JUL-2020,
OPTSTK,BATAINDIA,30-Jul-2020,1260,PE,30,30.45,18.5,21.6,21.6,316,2228.99,24750,-14300,06-JUL-2020,
OPTSTK,BATAINDIA,30-Jul-2020,1280,PE,37,37.45,24.1,27.5,27.5,189,1360.62,48950,12650,06-JUL-2020,
OPTSTK,BATAINDIA,30-Jul-2020,1300,PE,45.05,46,30.4,35.2,35.2,556,4079.9,57750,9350,06-JUL-2020,
OPTSTK,BATAINDIA,30-Jul-2020,1320,PE,53.4,53.4,38.1,43,43,82,614.43,11550,7700,06-JUL-2020,
OPTSTK,BATAINDIA,30-Jul-2020,1340,PE,63,63,48,53.6,53.6,29,221.9,6050,550,06-JUL-2020,
OPTSTK,BATAINDIA,30-Jul-2020,1360,PE,63.9,63.9,63.9,63.9,62.8,1,7.83,3300,0,06-JUL-2020,
OPTSTK,BATAINDIA,30-Jul-2020,1380,PE,0,0,0,187.5,75,0,0,0,0,06-JUL-2020,
OPTSTK,BATAINDIA,30-Jul-2020,1400,PE,87,90,87,90,90,3,24.55,3850,0,06-JUL-2020,
OPTSTK,BATAINDIA,30-Jul-2020,1420,PE,0,0,0,128,102.7,0,0,1100,0,06-JUL-2020,
OPTSTK,BATAINDIA,30-Jul-2020,1440,PE,0,0,0,222.5,118,0,0,0,0,06-JUL-2020,
OPTSTK,BATAINDIA,30-Jul-2020,1460,PE,0,0,0,234.8,134.1,0,0,0,0,06-JUL-2020,
OPTSTK,BATAINDIA,30-Jul-2020,1480,PE,0,0,0,247.35,150.95,0,0,0,0,06-JUL-2020,
OPTSTK,BATAINDIA,30-Jul-2020,1500,PE,0,0,0,204.1,168.45,0,0,2200,0,06-JUL-2020,
OPTSTK,BATAINDIA,30-Jul-2020,1520,PE,0,0,0,273.35,186.4,0,0,0,0,06-JUL-2020,
OPTSTK,BATAINDIA,30-Jul-2020,1540,PE,0,0,0,286.75,204.85,0,0,0,0,06-JUL-2020,
OPTSTK,BATAINDIA,30-Jul-2020,1560,PE,0,0,0,300.45,223.6,0,0,0,0,06-JUL-2020,
OPTSTK,BATAINDIA,30-Jul-2020,1580,PE,0,0,0,314.35,242.65,0,0,0,0,06-JUL-2020,
OPTSTK,BATAINDIA,30-Jul-2020,1600,PE,0,0,0,271.6,261.9,0,0,0,0,06-JUL-2020,
OPTSTK,BATAINDIA,30-Jul-2020,1620,PE,0,0,0,342.95,281.35,0,0,0,0,06-JUL-2020,
OPTSTK,BATAINDIA,30-Jul-2020,1640,PE,0,0,0,309,300.95,0,0,550,0,06-JUL-2020,
OPTSTK,BATAINDIA,30-Jul-2020,1660,PE,0,0,0,372.5,320.6,0,0,0,0,06-JUL-2020,
OPTSTK,BATAINDIA,30-Jul-2020,1680,PE,0,0,0,387.55,340.35,0,0,0,0,06-JUL-2020,
OPTSTK,BATAINDIA,27-Aug-2020,960,CE,0,0,0,372.95,381.65,0,0,0,0,06-JUL-2020,
OPTSTK,BATAINDIA,27-Aug-2020,980,CE,0,0,0,356.7,362.05,0,0,0,0,06-JUL-2020,
OPTSTK,BATAINDIA,27-Aug-2020,1000,CE,0,0,0,340.8,342.55,0,0,0,0,06-JUL-2020,
OPTSTK,BATAINDIA,27-Aug-2020,1020,CE,0,0,0,325.3,323.2,0,0,0,0,06-JUL-2020,
OPTSTK,BATAINDIA,27-Aug-2020,1040,CE,0,0,0,310.2,304.05,0,0,0,0,06-JUL-2020,
OPTSTK,BATAINDIA,27-Aug-2020,1060,CE,0,0,0,295.55,285.1,0,0,0,0,06-JUL-2020,
OPTSTK,BATAINDIA,27-Aug-2020,1080,CE,0,0,0,281.3,266.45,0,0,0,0,06-JUL-2020,
OPTSTK,BATAINDIA,27-Aug-2020,1100,CE,0,0,0,267.5,248.2,0,0,0,0,06-JUL-2020,
OPTSTK,BATAINDIA,27-Aug-2020,1120,CE,0,0,0,254.1,230.35,0,0,0,0,06-JUL-2020,
OPTSTK,BATAINDIA,27-Aug-2020,1140,CE,0,0,0,241.15,212.95,0,0,0,0,06-JUL-2020,
OPTSTK,BATAINDIA,27-Aug-2020,1160,CE,0,0,0,228.7,196.1,0,0,0,0,06-JUL-2020,
OPTSTK,BATAINDIA,27-Aug-2020,1180,CE,0,0,0,216.7,179.85,0,0,0,0,06-JUL-2020,
OPTSTK,BATAINDIA,27-Aug-2020,1200,CE,0,0,0,205.2,164.3,0,0,0,0,06-JUL-2020,
OPTSTK,BATAINDIA,27-Aug-2020,1220,CE,0,0,0,194.1,149.45,0,0,0,0,06-JUL-2020,
OPTSTK,BATAINDIA,27-Aug-2020,1240,CE,0,0,0,95,135.35,0,0,550,0,06-JUL-2020,
OPTSTK,BATAINDIA,27-Aug-2020,1260,CE,0,0,0,173.3,122.05,0,0,0,0,06-JUL-2020,
OPTSTK,BATAINDIA,27-Aug-2020,1280,CE,0,0,0,163.55,109.6,0,0,0,0,06-JUL-2020,
OPTSTK,BATAINDIA,27-Aug-2020,1300,CE,0,0,0,154.25,97.95,0,0,0,0,06-JUL-2020,
OPTSTK,BATAINDIA,27-Aug-2020,1320,CE,0,0,0,145.35,87.15,0,0,0,0,06-JUL-2020,
OPTSTK,BATAINDIA,27-Aug-2020,1340,CE,0,0,0,136.85,77.2,0,0,0,0,06-JUL-2020,
OPTSTK,BATAINDIA,27-Aug-2020,1360,CE,0,0,0,128.8,68.1,0,0,0,0,06-JUL-2020,
OPTSTK,BATAINDIA,27-Aug-2020,1380,CE,0,0,0,121.15,59.8,0,0,0,0,06-JUL-2020,
OPTSTK,BATAINDIA,27-Aug-2020,1400,CE,0,0,0,113.85,52.3,0,0,0,0,06-JUL-2020,
OPTSTK,BATAINDIA,27-Aug-2020,1420,CE,0,0,0,106.9,45.5,0,0,0,0,06-JUL-2020,
OPTSTK,BATAINDIA,27-Aug-2020,1440,CE,0,0,0,100.35,39.45,0,0,0,0,06-JUL-2020,
OPTSTK,BATAINDIA,27-Aug-2020,1460,CE,0,0,0,94.15,34.05,0,0,0,0,06-JUL-2020,
OPTSTK,BATAINDIA,27-Aug-2020,1480,CE,0,0,0,88.25,29.3,0,0,0,0,06-JUL-2020,
OPTSTK,BATAINDIA,27-Aug-2020,1500,CE,0,0,0,82.7,25.05,0,0,0,0,06-JUL-2020,
OPTSTK,BATAINDIA,27-Aug-2020,1520,CE,0,0,0,77.45,21.35,0,0,0,0,06-JUL-2020,
OPTSTK,BATAINDIA,27-Aug-2020,1540,CE,0,0,0,72.55,18.15,0,0,0,0,06-JUL-2020,
OPTSTK,BATAINDIA,27-Aug-2020,1560,CE,0,0,0,67.9,15.35,0,0,0,0,06-JUL-2020,
OPTSTK,BATAINDIA,27-Aug-2020,1580,CE,0,0,0,63.5,12.95,0,0,0,0,06-JUL-2020,
OPTSTK,BATAINDIA,27-Aug-2020,1600,CE,0,0,0,59.35,10.85,0,0,0,0,06-JUL-2020,
OPTSTK,BATAINDIA,27-Aug-2020,1620,CE,0,0,0,55.5,9.1,0,0,0,0,06-JUL-2020,
OPTSTK,BATAINDIA,27-Aug-2020,1640,CE,0,0,0,51.85,7.6,0,0,0,0,06-JUL-2020,
OPTSTK,BATAINDIA,27-Aug-2020,1660,CE,0,0,0,48.35,6.3,0,0,0,0,06-JUL-2020,
OPTSTK,BATAINDIA,27-Aug-2020,1680,CE,0,0,0,45.1,5.2,0,0,0,0,06-JUL-2020,
OPTSTK,BATAINDIA,27-Aug-2020,960,PE,0,0,0,21.25,0.5,0,0,0,0,06-JUL-2020,
OPTSTK,BATAINDIA,27-Aug-2020,980,PE,0,0,0,24.75,0.75,0,0,0,0,06-JUL-2020,
OPTSTK,BATAINDIA,27-Aug-2020,1000,PE,0,0,0,28.6,1.1,0,0,0,0,06-JUL-2020,
OPTSTK,BATAINDIA,27-Aug-2020,1020,PE,0,0,0,32.85,1.65,0,0,0,0,06-JUL-2020,
OPTSTK,BATAINDIA,27-Aug-2020,1040,PE,0,0,0,37.5,2.35,0,0,0,0,06-JUL-2020,
OPTSTK,BATAINDIA,27-Aug-2020,1060,PE,0,0,0,42.65,3.3,0,0,0,0,06-JUL-2020,
OPTSTK,BATAINDIA,27-Aug-2020,1080,PE,0,0,0,48.15,4.55,0,0,0,0,06-JUL-2020,
OPTSTK,BATAINDIA,27-Aug-2020,1100,PE,0,0,0,54.1,6.15,0,0,0,0,06-JUL-2020,
OPTSTK,BATAINDIA,27-Aug-2020,1120,PE,0,0,0,60.45,8.15,0,0,0,0,06-JUL-2020,
OPTSTK,BATAINDIA,27-Aug-2020,1140,PE,0,0,0,67.25,10.65,0,0,0,0,06-JUL-2020,
OPTSTK,BATAINDIA,27-Aug-2020,1160,PE,0,0,0,74.6,13.7,0,0,0,0,06-JUL-2020,
OPTSTK,BATAINDIA,27-Aug-2020,1180,PE,0,0,0,82.35,17.35,0,0,0,0,06-JUL-2020,
OPTSTK,BATAINDIA,27-Aug-2020,1200,PE,0,0,0,90.55,21.65,0,0,0,0,06-JUL-2020,
OPTSTK,BATAINDIA,27-Aug-2020,1220,PE,0,0,0,99.25,26.7,0,0,0,0,06-JUL-2020,
OPTSTK,BATAINDIA,27-Aug-2020,1240,PE,0,0,0,108.35,32.45,0,0,0,0,06-JUL-2020,
OPTSTK,BATAINDIA,27-Aug-2020,1260,PE,0,0,0,117.95,39.05,0,0,0,0,06-JUL-2020,
OPTSTK,BATAINDIA,27-Aug-2020,1280,PE,0,0,0,127.95,46.45,0,0,0,0,06-JUL-2020,
OPTSTK,BATAINDIA,27-Aug-2020,1300,PE,0,0,0,80,54.7,0,0,1100,0,06-JUL-2020,
OPTSTK,BATAINDIA,27-Aug-2020,1320,PE,0,0,0,149.25,63.8,0,0,0,0,06-JUL-2020,
OPTSTK,BATAINDIA,27-Aug-2020,1340,PE,0,0,0,160.55,73.7,0,0,0,0,06-JUL-2020,
OPTSTK,BATAINDIA,27-Aug-2020,1360,PE,0,0,0,172.25,84.5,0,0,0,0,06-JUL-2020,
OPTSTK,BATAINDIA,27-Aug-2020,1380,PE,0,0,0,184.35,96.05,0,0,0,0,06-JUL-2020,
OPTSTK,BATAINDIA,27-Aug-2020,1400,PE,0,0,0,196.8,108.45,0,0,0,0,06-JUL-2020,
OPTSTK,BATAINDIA,27-Aug-2020,1420,PE,0,0,0,209.65,121.55,0,0,0,0,06-JUL-2020,
OPTSTK,BATAINDIA,27-Aug-2020,1440,PE,0,0,0,222.85,135.35,0,0,0,0,06-JUL-2020,
OPTSTK,BATAINDIA,27-Aug-2020,1460,PE,0,0,0,236.35,149.85,0,0,0,0,06-JUL-2020,
OPTSTK,BATAINDIA,27-Aug-2020,1480,PE,0,0,0,250.25,164.95,0,0,0,0,06-JUL-2020,
OPTSTK,BATAINDIA,27-Aug-2020,1500,PE,0,0,0,264.45,180.6,0,0,0,0,06-JUL-2020,
OPTSTK,BATAINDIA,27-Aug-2020,1520,PE,0,0,0,278.95,196.8,0,0,0,0,06-JUL-2020,
OPTSTK,BATAINDIA,27-Aug-2020,1540,PE,0,0,0,293.8,213.45,0,0,0,0,06-JUL-2020,
OPTSTK,BATAINDIA,27-Aug-2020,1560,PE,0,0,0,308.9,230.55,0,0,0,0,06-JUL-2020,
OPTSTK,BATAINDIA,27-Aug-2020,1580,PE,0,0,0,324.25,248,0,0,0,0,06-JUL-2020,
OPTSTK,BATAINDIA,27-Aug-2020,1600,PE,0,0,0,339.9,265.8,0,0,0,0,06-JUL-2020,
OPTSTK,BATAINDIA,27-Aug-2020,1620,PE,0,0,0,355.75,283.9,0,0,0,0,06-JUL-2020,
OPTSTK,BATAINDIA,27-Aug-2020,1640,PE,0,0,0,371.85,302.3,0,0,0,0,06-JUL-2020,
OPTSTK,BATAINDIA,27-Aug-2020,1660,PE,0,0,0,388.15,320.9,0,0,0,0,06-JUL-2020,
OPTSTK,BATAINDIA,27-Aug-2020,1680,PE,0,0,0,404.65,339.7,0,0,0,0,06-JUL-2020,
OPTSTK,BATAINDIA,24-Sep-2020,960,CE,0,0,0,384.05,386.35,0,0,0,0,06-JUL-2020,
OPTSTK,BATAINDIA,24-Sep-2020,980,CE,0,0,0,366.95,367.25,0,0,0,0,06-JUL-2020,
OPTSTK,BATAINDIA,24-Sep-2020,1000,CE,0,0,0,350.2,348.4,0,0,0,0,06-JUL-2020,
OPTSTK,BATAINDIA,24-Sep-2020,1020,CE,0,0,0,333.8,329.8,0,0,0,0,06-JUL-2020,
OPTSTK,BATAINDIA,24-Sep-2020,1040,CE,0,0,0,317.8,311.45,0,0,0,0,06-JUL-2020,
OPTSTK,BATAINDIA,24-Sep-2020,1060,CE,0,0,0,302.25,293.45,0,0,0,0,06-JUL-2020,
OPTSTK,BATAINDIA,24-Sep-2020,1080,CE,0,0,0,287.1,275.85,0,0,0,0,06-JUL-2020,
OPTSTK,BATAINDIA,24-Sep-2020,1100,CE,0,0,0,272.45,258.65,0,0,0,0,06-JUL-2020,
OPTSTK,BATAINDIA,24-Sep-2020,1120,CE,0,0,0,258.2,241.9,0,0,0,0,06-JUL-2020,
OPTSTK,BATAINDIA,24-Sep-2020,1140,CE,0,0,0,244.4,225.65,0,0,0,0,06-JUL-2020,
OPTSTK,BATAINDIA,24-Sep-2020,1160,CE,0,0,0,231.1,209.95,0,0,0,0,06-JUL-2020,
OPTSTK,BATAINDIA,24-Sep-2020,1180,CE,0,0,0,218.2,194.85,0,0,0,0,06-JUL-2020,
OPTSTK,BATAINDIA,24-Sep-2020,1200,CE,0,0,0,205.9,180.35,0,0,0,0,06-JUL-2020,
OPTSTK,BATAINDIA,24-Sep-2020,1220,CE,0,0,0,194.05,166.45,0,0,0,0,06-JUL-2020,
OPTSTK,BATAINDIA,24-Sep-2020,1240,CE,0,0,0,182.7,153.25,0,0,0,0,06-JUL-2020,
OPTSTK,BATAINDIA,24-Sep-2020,1260,CE,0,0,0,171.85,140.7,0,0,0,0,06-JUL-2020,
OPTSTK,BATAINDIA,24-Sep-2020,1280,CE,0,0,0,161.45,128.85,0,0,0,0,06-JUL-2020,
OPTSTK,BATAINDIA,24-Sep-2020,1300,CE,0,0,0,151.55,117.65,0,0,0,0,06-JUL-2020,
OPTSTK,BATAINDIA,24-Sep-2020,1320,CE,0,0,0,142.15,107.15,0,0,0,0,06-JUL-2020,
OPTSTK,BATAINDIA,24-Sep-2020,1340,CE,0,0,0,133.15,97.35,0,0,0,0,06-JUL-2020,
OPTSTK,BATAINDIA,24-Sep-2020,1360,CE,0,0,0,124.65,88.2,0,0,0,0,06-JUL-2020,
OPTSTK,BATAINDIA,24-Sep-2020,1380,CE,0,0,0,116.55,79.75,0,0,0,0,06-JUL-2020,
OPTSTK,BATAINDIA,24-Sep-2020,1400,CE,0,0,0,108.9,71.85,0,0,0,0,06-JUL-2020,
OPTSTK,BATAINDIA,24-Sep-2020,1420,CE,0,0,0,101.65,64.65,0,0,0,0,06-JUL-2020,
OPTSTK,BATAINDIA,24-Sep-2020,1440,CE,0,0,0,94.8,57.95,0,0,0,0,06-JUL-2020,
OPTSTK,BATAINDIA,24-Sep-2020,1460,CE,0,0,0,88.35,51.9,0,0,0,0,06-JUL-2020,
OPTSTK,BATAINDIA,24-Sep-2020,1480,CE,0,0,0,82.3,46.3,0,0,0,0,06-JUL-2020,
OPTSTK,BATAINDIA,24-Sep-2020,1500,CE,0,0,0,76.6,41.25,0,0,0,0,06-JUL-2020,
OPTSTK,BATAINDIA,24-Sep-2020,1520,CE,0,0,0,71.2,36.65,0,0,0,0,06-JUL-2020,
OPTSTK,BATAINDIA,24-Sep-2020,1540,CE,0,0,0,66.25,32.5,0,0,0,0,06-JUL-2020,
OPTSTK,BATAINDIA,24-Sep-2020,1560,CE,0,0,0,61.5,28.75,0,0,0,0,06-JUL-2020,
OPTSTK,BATAINDIA,24-Sep-2020,1580,CE,0,0,0,57.1,25.4,0,0,0,0,06-JUL-2020,
OPTSTK,BATAINDIA,24-Sep-2020,1600,CE,0,0,0,52.95,22.35,0,0,0,0,06-JUL-2020,
OPTSTK,BATAINDIA,24-Sep-2020,1620,CE,0,0,0,49.1,19.65,0,0,0,0,06-JUL-2020,
OPTSTK,BATAINDIA,24-Sep-2020,1640,CE,0,0,0,45.45,17.25,0,0,0,0,06-JUL-2020,
OPTSTK,BATAINDIA,24-Sep-2020,1660,CE,0,0,0,42.05,15.1,0,0,0,0,06-JUL-2020,
OPTSTK,BATAINDIA,24-Sep-2020,1680,CE,0,0,0,38.9,13.2,0,0,0,0,06-JUL-2020,
OPTSTK,BATAINDIA,24-Sep-2020,960,PE,0,0,0,13.85,2.05,0,0,0,0,06-JUL-2020,
OPTSTK,BATAINDIA,24-Sep-2020,980,PE,0,0,0,16.5,2.8,0,0,0,0,06-JUL-2020,
OPTSTK,BATAINDIA,24-Sep-2020,1000,PE,0,0,0,19.55,3.75,0,0,0,0,06-JUL-2020,
OPTSTK,BATAINDIA,24-Sep-2020,1020,PE,0,0,0,22.9,4.95,0,0,0,0,06-JUL-2020,
OPTSTK,BATAINDIA,24-Sep-2020,1040,PE,0,0,0,26.7,6.4,0,0,0,0,06-JUL-2020,
OPTSTK,BATAINDIA,24-Sep-2020,1060,PE,0,0,0,30.9,8.25,0,0,0,0,06-JUL-2020,
OPTSTK,BATAINDIA,24-Sep-2020,1080,PE,0,0,0,35.5,10.45,0,0,0,0,06-JUL-2020,
OPTSTK,BATAINDIA,24-Sep-2020,1100,PE,0,0,0,40.6,13.05,0,0,0,0,06-JUL-2020,
OPTSTK,BATAINDIA,24-Sep-2020,1120,PE,0,0,0,46.15,16.1,0,0,0,0,06-JUL-2020,
OPTSTK,BATAINDIA,24-Sep-2020,1140,PE,0,0,0,52.1,19.7,0,0,0,0,06-JUL-2020,
OPTSTK,BATAINDIA,24-Sep-2020,1160,PE,0,0,0,58.55,23.8,0,0,0,0,06-JUL-2020,
OPTSTK,BATAINDIA,24-Sep-2020,1180,PE,0,0,0,65.45,28.5,0,0,0,0,06-JUL-2020,
OPTSTK,BATAINDIA,24-Sep-2020,1200,PE,0,0,0,72.9,33.8,0,0,0,0,06-JUL-2020,
OPTSTK,BATAINDIA,24-Sep-2020,1220,PE,0,0,0,80.85,39.75,0,0,0,0,06-JUL-2020,
OPTSTK,BATAINDIA,24-Sep-2020,1240,PE,0,0,0,89.25,46.35,0,0,0,0,06-JUL-2020,
OPTSTK,BATAINDIA,24-Sep-2020,1260,PE,0,0,0,98.2,53.6,0,0,0,0,06-JUL-2020,
OPTSTK,BATAINDIA,24-Sep-2020,1280,PE,0,0,0,107.55,61.55,0,0,0,0,06-JUL-2020,
OPTSTK,BATAINDIA,24-Sep-2020,1300,PE,0,0,0,117.45,70.2,0,0,0,0,06-JUL-2020,
OPTSTK,BATAINDIA,24-Sep-2020,1320,PE,0,0,0,127.75,79.55,0,0,0,0,06-JUL-2020,
OPTSTK,BATAINDIA,24-Sep-2020,1340,PE,0,0,0,138.55,89.55,0,0,0,0,06-JUL-2020,
OPTSTK,BATAINDIA,24-Sep-2020,1360,PE,0,0,0,149.8,100.2,0,0,0,0,06-JUL-2020,
OPTSTK,BATAINDIA,24-Sep-2020,1380,PE,0,0,0,161.5,111.55,0,0,0,0,06-JUL-2020,
OPTSTK,BATAINDIA,24-Sep-2020,1400,PE,0,0,0,173.6,123.5,0,0,0,0,06-JUL-2020,
OPTSTK,BATAINDIA,24-Sep-2020,1420,PE,0,0,0,186.15,136.05,0,0,0,0,06-JUL-2020,
OPTSTK,BATAINDIA,24-Sep-2020,1440,PE,0,0,0,199.05,149.2,0,0,0,0,06-JUL-2020,
OPTSTK,BATAINDIA,24-Sep-2020,1460,PE,0,0,0,212.4,162.95,0,0,0,0,06-JUL-2020,
OPTSTK,BATAINDIA,24-Sep-2020,1480,PE,0,0,0,226.1,177.2,0,0,0,0,06-JUL-2020,
OPTSTK,BATAINDIA,24-Sep-2020,1500,PE,0,0,0,240.15,191.95,0,0,0,0,06-JUL-2020,
OPTSTK,BATAINDIA,24-Sep-2020,1520,PE,0,0,0,254.55,207.15,0,0,0,0,06-JUL-2020,
OPTSTK,BATAINDIA,24-Sep-2020,1540,PE,0,0,0,269.3,222.8,0,0,0,0,06-JUL-2020,
OPTSTK,BATAINDIA,24-Sep-2020,1560,PE,0,0,0,284.35,238.9,0,0,0,0,06-JUL-2020,
OPTSTK,BATAINDIA,24-Sep-2020,1580,PE,0,0,0,299.7,255.35,0,0,0,0,06-JUL-2020,
OPTSTK,BATAINDIA,24-Sep-2020,1600,PE,0,0,0,315.35,272.15,0,0,0,0,06-JUL-2020,
OPTSTK,BATAINDIA,24-Sep-2020,1620,PE,0,0,0,331.25,289.25,0,0,0,0,06-JUL-2020,
OPTSTK,BATAINDIA,24-Sep-2020,1640,PE,0,0,0,347.35,306.65,0,0,0,0,06-JUL-2020,
OPTSTK,BATAINDIA,24-Sep-2020,1660,PE,0,0,0,363.75,324.3,0,0,0,0,06-JUL-2020,
OPTSTK,BATAINDIA,24-Sep-2020,1680,PE,0,0,0,380.35,342.25,0,0,0,0,06-JUL-2020,
OPTSTK,BEL,30-Jul-2020,42.5,CE,0,0,0,31.05,59.8,0,0,0,0,06-JUL-2020,
OPTSTK,BEL,30-Jul-2020,45,CE,0,0,0,28.95,57.35,0,0,0,0,06-JUL-2020,
OPTSTK,BEL,30-Jul-2020,47.5,CE,0,0,0,26.9,54.85,0,0,0,0,06-JUL-2020,
OPTSTK,BEL,30-Jul-2020,50,CE,0,0,0,24.95,52.35,0,0,0,0,06-JUL-2020,
OPTSTK,BEL,30-Jul-2020,52.5,CE,0,0,0,23.1,49.85,0,0,0,0,06-JUL-2020,
OPTSTK,BEL,30-Jul-2020,55,CE,0,0,0,21.35,47.35,0,0,0,0,06-JUL-2020,
OPTSTK,BEL,30-Jul-2020,56,CE,0,0,0,16.75,46.35,0,0,0,0,06-JUL-2020,
OPTSTK,BEL,30-Jul-2020,57,CE,0,0,0,16.05,45.35,0,0,0,0,06-JUL-2020,
OPTSTK,BEL,30-Jul-2020,57.5,CE,0,0,0,19.7,44.85,0,0,0,0,06-JUL-2020,
OPTSTK,BEL,30-Jul-2020,58,CE,0,0,0,15.35,44.35,0,0,0,0,06-JUL-2020,
OPTSTK,BEL,30-Jul-2020,59,CE,0,0,0,14.7,43.35,0,0,0,0,06-JUL-2020,
OPTSTK,BEL,30-Jul-2020,60,CE,0,0,0,18.15,42.35,0,0,0,0,06-JUL-2020,
OPTSTK,BEL,30-Jul-2020,61,CE,0,0,0,13.45,41.35,0,0,0,0,06-JUL-2020,
OPTSTK,BEL,30-Jul-2020,62,CE,0,0,0,12.85,40.35,0,0,0,0,06-JUL-2020,
OPTSTK,BEL,30-Jul-2020,62.5,CE,0,0,0,16.65,39.85,0,0,0,0,06-JUL-2020,
OPTSTK,BEL,30-Jul-2020,63,CE,0,0,0,12.25,39.4,0,0,0,0,06-JUL-2020,
OPTSTK,BEL,30-Jul-2020,64,CE,0,0,0,11.7,38.4,0,0,0,0,06-JUL-2020,
OPTSTK,BEL,30-Jul-2020,65,CE,0,0,0,19,37.4,0,0,15200,0,06-JUL-2020,
OPTSTK,BEL,30-Jul-2020,66,CE,0,0,0,10.6,36.4,0,0,0,0,06-JUL-2020,
OPTSTK,BEL,30-Jul-2020,67,CE,0,0,0,10.1,35.4,0,0,0,0,06-JUL-2020,
OPTSTK,BEL,30-Jul-2020,67.5,CE,0,0,0,14,34.9,0,0,0,0,06-JUL-2020,
OPTSTK,BEL,30-Jul-2020,68,CE,0,0,0,9.65,34.4,0,0,0,0,06-JUL-2020,
OPTSTK,BEL,30-Jul-2020,69,CE,0,0,0,9.15,33.4,0,0,0,0,06-JUL-2020,
OPTSTK,BEL,30-Jul-2020,70,CE,26.3,26.3,26.3,26.3,32.4,1,7.31,83600,0,06-JUL-2020,
OPTSTK,BEL,30-Jul-2020,71,CE,0,0,0,18.75,31.4,0,0,15200,0,06-JUL-2020,
OPTSTK,BEL,30-Jul-2020,72,CE,0,0,0,7.9,30.4,0,0,0,0,06-JUL-2020,
OPTSTK,BEL,30-Jul-2020,72.5,CE,0,0,0,11.75,29.9,0,0,0,0,06-JUL-2020,
OPTSTK,BEL,30-Jul-2020,73,CE,0,0,0,7.5,29.4,0,0,0,0,06-JUL-2020,
OPTSTK,BEL,30-Jul-2020,74,CE,0,0,0,20,28.45,0,0,0,0,06-JUL-2020,
OPTSTK,BEL,30-Jul-2020,75,CE,22.15,22.15,22.15,22.15,27.45,1,7.38,296400,0,06-JUL-2020,
OPTSTK,BEL,30-Jul-2020,76,CE,0,0,0,9.7,26.45,0,0,7600,0,06-JUL-2020,
OPTSTK,BEL,30-Jul-2020,77,CE,0,0,0,8.95,25.5,0,0,7600,0,06-JUL-2020,
OPTSTK,BEL,30-Jul-2020,77.5,CE,0,0,0,9.8,25,0,0,0,0,06-JUL-2020,
OPTSTK,BEL,30-Jul-2020,78,CE,0,0,0,8.3,24.5,0,0,0,0,06-JUL-2020,
OPTSTK,BEL,30-Jul-2020,79,CE,0,0,0,5.45,23.55,0,0,0,0,06-JUL-2020,
OPTSTK,BEL,30-Jul-2020,80,CE,17.5,21.6,17.3,21.6,21.6,13,97.78,463600,0,06-JUL-2020,
OPTSTK,BEL,30-Jul-2020,81,CE,0,0,0,9.15,21.6,0,0,15200,0,06-JUL-2020,
OPTSTK,BEL,30-Jul-2020,82,CE,0,0,0,7.6,20.65,0,0,7600,0,06-JUL-2020,
OPTSTK,BEL,30-Jul-2020,82.5,CE,16.3,17.2,16.3,17.2,20.2,2,15.08,30400,0,06-JUL-2020,
OPTSTK,BEL,30-Jul-2020,83,CE,0,0,0,15,19.75,0,0,83600,0,06-JUL-2020,
OPTSTK,BEL,30-Jul-2020,84,CE,18,18.7,18,18.7,18.8,3,23.35,68400,-15200,06-JUL-2020,
OPTSTK,BEL,30-Jul-2020,85,CE,13,18.1,13,16.9,16.9,14,106.44,501600,0,06-JUL-2020,
OPTSTK,BEL,30-Jul-2020,86,CE,13.25,14,13.25,14,17,2,15.14,68400,0,06-JUL-2020,
OPTSTK,BEL,30-Jul-2020,87,CE,12.2,13.2,12.2,12.95,16.1,7,53.04,129200,0,06-JUL-2020,
OPTSTK,BEL,30-Jul-2020,87.5,CE,11.9,14.95,11.9,14.75,15.65,5,38.45,182400,0,06-JUL-2020,
OPTSTK,BEL,30-Jul-2020,88,CE,11.45,11.45,11.45,11.45,15.25,1,7.55,144400,-7600,06-JUL-2020,
OPTSTK,BEL,30-Jul-2020,89,CE,14.9,14.9,14.9,14.9,14.4,1,7.89,106400,7600,06-JUL-2020,
OPTSTK,BEL,30-Jul-2020,90,CE,9,13.95,8.75,13.1,13.1,135,1034.56,1368000,-250800,06-JUL-2020,
OPTSTK,BEL,30-Jul-2020,91,CE,0,0,0,8.5,12.75,0,0,136800,0,06-JUL-2020,
OPTSTK,BEL,30-Jul-2020,92,CE,8.2,8.5,8.2,8.5,11.95,2,15.25,121600,0,06-JUL-2020,
OPTSTK,BEL,30-Jul-2020,92.5,CE,7.95,10.05,7.95,10,11.6,8,61.61,167200,-15200,06-JUL-2020,
OPTSTK,BEL,30-Jul-2020,93,CE,7.2,10.9,7.2,10.85,10.85,5,38.8,114000,0,06-JUL-2020,
OPTSTK,BEL,30-Jul-2020,94,CE,6.9,10.2,6.5,10.2,10.2,8,61.76,121600,-15200,06-JUL-2020,
OPTSTK,BEL,30-Jul-2020,95,CE,6.1,10.2,5.75,9.3,9.3,329,2554.62,1345200,-608000,06-JUL-2020,
OPTSTK,BEL,30-Jul-2020,96,CE,5.4,9.45,5.35,9.45,9.1,23,179.1,91200,-38000,06-JUL-2020,
OPTSTK,BEL,30-Jul-2020,97,CE,5,8.5,4.8,8.25,8.25,62,485.22,212800,-60800,06-JUL-2020,
OPTSTK,BEL,30-Jul-2020,97.5,CE,5,8.5,4.65,7.95,7.95,252,1982.48,668800,-15200,06-JUL-2020,
OPTSTK,BEL,30-Jul-2020,98,CE,4.65,7.9,4.5,7.45,7.45,78,612.5,258400,190000,06-JUL-2020,
OPTSTK,BEL,30-Jul-2020,99,CE,3.85,7.5,3.85,6.75,6.75,108,854.77,174800,136800,06-JUL-2020,
OPTSTK,BEL,30-Jul-2020,100,CE,3.85,7,3.4,6.35,6.35,1935,15413.03,3663200,-68400,06-JUL-2020,
OPTSTK,BEL,30-Jul-2020,101,CE,3.5,6.35,3.25,5.95,5.95,427,3430.8,646000,159600,06-JUL-2020,
OPTSTK,BEL,30-Jul-2020,102,CE,3.65,6,3.35,5.5,5.5,73,593.21,174800,174800,06-JUL-2020,
OPTSTK,BEL,30-Jul-2020,103,CE,5.2,5.2,4.8,5.05,5.05,5,41.04,38000,38000,06-JUL-2020,
OPTSTK,BEL,30-Jul-2020,104,CE,0,0,0,0.85,4.75,0,0,0,0,06-JUL-2020,
OPTSTK,BEL,30-Jul-2020,105,CE,2.5,4.7,2.1,4.25,4.25,843,6953.56,1345200,1345200,06-JUL-2020,
OPTSTK,BEL,30-Jul-2020,106,CE,4.55,4.55,3.75,4,4,6,50.19,45600,45600,06-JUL-2020,
OPTSTK,BEL,30-Jul-2020,107,CE,1.6,3.95,1.6,3.45,3.45,44,368.12,144400,144400,06-JUL-2020,
OPTSTK,BEL,30-Jul-2020,108,CE,2.55,3.75,2.55,3.2,3.2,40,337.96,235600,235600,06-JUL-2020,
OPTSTK,BEL,30-Jul-2020,109,CE,1.35,3.15,1.2,2.85,2.85,320,2707.84,912000,912000,06-JUL-2020,
OPTSTK,BEL,30-Jul-2020,42.5,PE,0,0,0,0.05,0.05,0,0,7600,0,06-JUL-2020,
OPTSTK,BEL,30-Jul-2020,45,PE,0,0,0,1.3,0.05,0,0,0,0,06-JUL-2020,
OPTSTK,BEL,30-Jul-2020,47.5,PE,0,0,0,1.7,0.05,0,0,0,0,06-JUL-2020,
OPTSTK,BEL,30-Jul-2020,50,PE,0,0,0,2.25,0.05,0,0,0,0,06-JUL-2020,
OPTSTK,BEL,30-Jul-2020,52.5,PE,0,0,0,2.85,0.05,0,0,0,0,06-JUL-2020,
OPTSTK,BEL,30-Jul-2020,55,PE,0.1,1.7,0.1,1.7,0.05,4,16.99,30400,15200,06-JUL-2020,
OPTSTK,BEL,30-Jul-2020,56,PE,0,0,0,2.65,0.05,0,0,0,0,06-JUL-2020,
OPTSTK,BEL,30-Jul-2020,57,PE,0,0,0,2.9,0.05,0,0,0,0,06-JUL-2020,
OPTSTK,BEL,30-Jul-2020,57.5,PE,0,0,0,2.1,0.05,0,0,7600,0,06-JUL-2020,
OPTSTK,BEL,30-Jul-2020,58,PE,0,0,0,3.25,0.05,0,0,0,0,06-JUL-2020,
OPTSTK,BEL,30-Jul-2020,59,PE,0,0,0,3.55,0.05,0,0,0,0,06-JUL-2020,
OPTSTK,BEL,30-Jul-2020,60,PE,0.1,0.1,0.1,0.1,0.05,1,4.56,281200,0,06-JUL-2020,
OPTSTK,BEL,30-Jul-2020,61,PE,0,0,0,4.25,0.05,0,0,0,0,06-JUL-2020,
OPTSTK,BEL,30-Jul-2020,62,PE,0,0,0,4.65,0.05,0,0,0,0,06-JUL-2020,
OPTSTK,BEL,30-Jul-2020,62.5,PE,0,0,0,2.1,0.05,0,0,7600,0,06-JUL-2020,
OPTSTK,BEL,30-Jul-2020,63,PE,0,0,0,5.05,0.05,0,0,0,0,06-JUL-2020,
OPTSTK,BEL,30-Jul-2020,64,PE,0,0,0,5.5,0.05,0,0,0,0,06-JUL-2020,
OPTSTK,BEL,30-Jul-2020,65,PE,0.1,0.1,0.1,0.1,0.05,3,14.84,190000,-22800,06-JUL-2020,
OPTSTK,BEL,30-Jul-2020,66,PE,0,0,0,6.4,0.05,0,0,0,0,06-JUL-2020,
OPTSTK,BEL,30-Jul-2020,67,PE,0,0,0,6.9,0.05,0,0,0,0,06-JUL-2020,
OPTSTK,BEL,30-Jul-2020,67.5,PE,0,0,0,0.15,0.05,0,0,83600,0,06-JUL-2020,
OPTSTK,BEL,30-Jul-2020,68,PE,0,0,0,7.4,0.05,0,0,0,0,06-JUL-2020,
OPTSTK,BEL,30-Jul-2020,69,PE,0,0,0,4.3,0.05,0,0,7600,0,06-JUL-2020,
OPTSTK,BEL,30-Jul-2020,70,PE,0.15,0.15,0.1,0.15,0.15,23,122.6,562400,-98800,06-JUL-2020,
OPTSTK,BEL,30-Jul-2020,71,PE,0,0,0,9.05,0.05,0,0,0,0,06-JUL-2020,
OPTSTK,BEL,30-Jul-2020,72,PE,0,0,0,0.2,0.05,0,0,15200,0,06-JUL-2020,
OPTSTK,BEL,30-Jul-2020,72.5,PE,0.15,0.15,0.1,0.1,0.1,3,16.55,22800,-7600,06-JUL-2020,
OPTSTK,BEL,30-Jul-2020,73,PE,0,0,0,10.2,0.05,0,0,0,0,06-JUL-2020,
OPTSTK,BEL,30-Jul-2020,74,PE,0,0,0,4.8,0.05,0,0,22800,0,06-JUL-2020,
OPTSTK,BEL,30-Jul-2020,75,PE,0.2,0.25,0.15,0.2,0.2,44,251.47,752400,-83600,06-JUL-2020,
OPTSTK,BEL,30-Jul-2020,76,PE,0,0,0,12.1,0.05,0,0,0,0,06-JUL-2020,
OPTSTK,BEL,30-Jul-2020,77,PE,0,0,0,0.3,0.05,0,0,22800,0,06-JUL-2020,
OPTSTK,BEL,30-Jul-2020,77.5,PE,0.2,0.2,0.2,0.2,0.2,3,17.71,30400,0,06-JUL-2020,
OPTSTK,BEL,30-Jul-2020,78,PE,0.3,0.3,0.3,0.3,0.1,1,5.95,38000,-7600,06-JUL-2020,
OPTSTK,BEL,30-Jul-2020,79,PE,0,0,0,1.6,0.1,0,0,15200,0,06-JUL-2020,
OPTSTK,BEL,30-Jul-2020,80,PE,0.55,0.55,0.25,0.3,0.3,161,983.46,1877200,182400,06-JUL-2020,
OPTSTK,BEL,30-Jul-2020,81,PE,0.7,0.7,0.7,0.7,0.2,2,12.41,60800,-15200,06-JUL-2020,
OPTSTK,BEL,30-Jul-2020,82,PE,0.7,0.7,0.4,0.4,0.25,2,12.54,30400,0,06-JUL-2020,
OPTSTK,BEL,30-Jul-2020,82.5,PE,0.9,0.9,0.45,0.45,0.45,7,44.21,197600,-15200,06-JUL-2020,
OPTSTK,BEL,30-Jul-2020,83,PE,0.7,0.7,0.45,0.45,0.45,5,31.74,144400,-7600,06-JUL-2020,
OPTSTK,BEL,30-Jul-2020,84,PE,1.1,1.1,0.5,0.6,0.6,11,70.75,273600,-15200,06-JUL-2020,
OPTSTK,BEL,30-Jul-2020,85,PE,1,1.1,0.6,0.65,0.65,187,1219.92,1512400,7600,06-JUL-2020,
OPTSTK,BEL,30-Jul-2020,86,PE,1,1.1,0.8,0.8,0.8,11,72.72,136800,-7600,06-JUL-2020,
OPTSTK,BEL,30-Jul-2020,87,PE,1.3,1.35,0.9,0.9,0.9,13,87.05,129200,15200,06-JUL-2020,
OPTSTK,BEL,30-Jul-2020,87.5,PE,1.2,1.3,0.85,0.9,0.9,11,74.02,281200,15200,06-JUL-2020,
OPTSTK,BEL,30-Jul-2020,88,PE,1.55,1.55,0.8,0.8,0.8,9,61.02,364800,-15200,06-JUL-2020,
OPTSTK,BEL,30-Jul-2020,89,PE,1.85,1.85,1.15,1.2,1.2,8,54.92,83600,7600,06-JUL-2020,
OPTSTK,BEL,30-Jul-2020,90,PE,2,2.25,1.25,1.35,1.35,531,3700.23,2204000,547200,06-JUL-2020,
OPTSTK,BEL,30-Jul-2020,91,PE,2.4,2.4,1.5,1.55,1.55,7,49.38,60800,0,06-JUL-2020,
OPTSTK,BEL,30-Jul-2020,92,PE,2.5,2.65,1.65,1.8,1.8,19,135.65,190000,22800,06-JUL-2020,
OPTSTK,BEL,30-Jul-2020,92.5,PE,3,3,1.85,1.9,1.9,34,245.07,190000,121600,06-JUL-2020,
OPTSTK,BEL,30-Jul-2020,93,PE,2.5,3.15,1.9,2.05,2.05,31,224.69,144400,45600,06-JUL-2020,
OPTSTK,BEL,30-Jul-2020,94,PE,3.5,3.5,2.2,2.2,2.2,14,103.18,60800,45600,06-JUL-2020,
OPTSTK,BEL,30-Jul-2020,95,PE,3.5,4.05,2.45,2.65,2.65,465,3475.1,1238800,380000,06-JUL-2020,
OPTSTK,BEL,30-Jul-2020,96,PE,3.65,4.55,2.8,2.95,2.95,10,75.61,45600,15200,06-JUL-2020,
OPTSTK,BEL,30-Jul-2020,97,PE,5,5.1,3.1,3.25,3.25,118,905.16,235600,159600,06-JUL-2020,
OPTSTK,BEL,30-Jul-2020,97.5,PE,5,5.45,3.45,3.7,3.7,21,162.86,121600,60800,06-JUL-2020,
OPTSTK,BEL,30-Jul-2020,98,PE,5.5,5.5,3.45,3.75,3.75,49,381.57,159600,144400,06-JUL-2020,
OPTSTK,BEL,30-Jul-2020,99,PE,3.9,3.9,3.8,3.85,3.85,3,23.44,22800,22800,06-JUL-2020,
OPTSTK,BEL,30-Jul-2020,100,PE,6.45,6.85,4.25,4.6,4.6,224,1787.47,630800,547200,06-JUL-2020,
OPTSTK,BEL,30-Jul-2020,101,PE,6.25,6.25,4.95,5.4,5.4,6,48.51,30400,22800,06-JUL-2020,
OPTSTK,BEL,30-Jul-2020,102,PE,5.6,5.8,5.4,5.65,5.65,5,40.89,22800,22800,06-JUL-2020,
OPTSTK,BEL,30-Jul-2020,103,PE,0,0,0,23.35,5.7,0,0,0,0,06-JUL-2020,
OPTSTK,BEL,30-Jul-2020,104,PE,0,0,0,24.25,6.25,0,0,0,0,06-JUL-2020,
OPTSTK,BEL,30-Jul-2020,105,PE,7,7.8,7,7.4,7.4,6,51.22,38000,38000,06-JUL-2020,
OPTSTK,BEL,30-Jul-2020,106,PE,0,0,0,23.15,7.45,0,0,0,0,06-JUL-2020,
OPTSTK,BEL,30-Jul-2020,107,PE,0,0,0,24.05,8.1,0,0,0,0,06-JUL-2020,
OPTSTK,BEL,30-Jul-2020,108,PE,0,0,0,24.55,8.75,0,0,0,0,06-JUL-2020,
OPTSTK,BEL,30-Jul-2020,109,PE,0,0,0,23.95,9.45,0,0,0,0,06-JUL-2020,
OPTSTK,BEL,27-Aug-2020,46,CE,0,0,0,25.55,56.5,0,0,0,0,06-JUL-2020,
OPTSTK,BEL,27-Aug-2020,47,CE,0,0,0,24.7,55.5,0,0,0,0,06-JUL-2020,
OPTSTK,BEL,27-Aug-2020,48,CE,0,0,0,23.9,54.5,0,0,0,0,06-JUL-2020,
OPTSTK,BEL,27-Aug-2020,49,CE,0,0,0,23.15,53.5,0,0,0,0,06-JUL-2020,
OPTSTK,BEL,27-Aug-2020,50,CE,0,0,0,22.35,52.5,0,0,0,0,06-JUL-2020,
OPTSTK,BEL,27-Aug-2020,51,CE,0,0,0,21.6,51.5,0,0,0,0,06-JUL-2020,
OPTSTK,BEL,27-Aug-2020,52,CE,0,0,0,20.9,50.5,0,0,0,0,06-JUL-2020,
OPTSTK,BEL,27-Aug-2020,53,CE,0,0,0,20.15,49.5,0,0,0,0,06-JUL-2020,
OPTSTK,BEL,27-Aug-2020,54,CE,0,0,0,19.45,48.55,0,0,0,0,06-JUL-2020,
OPTSTK,BEL,27-Aug-2020,55,CE,0,0,0,18.8,47.55,0,0,0,0,06-JUL-2020,
OPTSTK,BEL,27-Aug-2020,56,CE,0,0,0,18.1,46.55,0,0,0,0,06-JUL-2020,
OPTSTK,BEL,27-Aug-2020,57,CE,0,0,0,17.45,45.55,0,0,0,0,06-JUL-2020,
OPTSTK,BEL,27-Aug-2020,58,CE,0,0,0,16.85,44.55,0,0,0,0,06-JUL-2020,
OPTSTK,BEL,27-Aug-2020,59,CE,0,0,0,16.2,43.55,0,0,0,0,06-JUL-2020,
OPTSTK,BEL,27-Aug-2020,60,CE,0,0,0,15.6,42.6,0,0,0,0,06-JUL-2020,
OPTSTK,BEL,27-Aug-2020,61,CE,0,0,0,15.05,41.6,0,0,0,0,06-JUL-2020,
OPTSTK,BEL,27-Aug-2020,62,CE,0,0,0,14.45,40.6,0,0,0,0,06-JUL-2020,
OPTSTK,BEL,27-Aug-2020,63,CE,0,0,0,13.9,39.6,0,0,0,0,06-JUL-2020,
OPTSTK,BEL,27-Aug-2020,64,CE,0,0,0,13.4,38.65,0,0,0,0,06-JUL-2020,
OPTSTK,BEL,27-Aug-2020,65,CE,0,0,0,12.9,37.65,0,0,0,0,06-JUL-2020,
OPTSTK,BEL,27-Aug-2020,66,CE,0,0,0,12.4,36.65,0,0,0,0,06-JUL-2020,
OPTSTK,BEL,27-Aug-2020,67,CE,0,0,0,11.9,35.7,0,0,0,0,06-JUL-2020,
OPTSTK,BEL,27-Aug-2020,68,CE,0,0,0,11.45,34.7,0,0,0,0,06-JUL-2020,
OPTSTK,BEL,27-Aug-2020,69,CE,0,0,0,11,33.75,0,0,0,0,06-JUL-2020,
OPTSTK,BEL,27-Aug-2020,70,CE,0,0,0,10.55,32.8,0,0,0,0,06-JUL-2020,
OPTSTK,BEL,27-Aug-2020,71,CE,0,0,0,10.1,31.8,0,0,0,0,06-JUL-2020,
OPTSTK,BEL,27-Aug-2020,72,CE,0,0,0,9.7,30.85,0,0,0,0,06-JUL-2020,
OPTSTK,BEL,27-Aug-2020,73,CE,0,0,0,9.3,29.9,0,0,0,0,06-JUL-2020,
OPTSTK,BEL,27-Aug-2020,74,CE,0,0,0,8.95,28.95,0,0,0,0,06-JUL-2020,
OPTSTK,BEL,27-Aug-2020,75,CE,0,0,0,8.6,28.05,0,0,0,0,06-JUL-2020,
OPTSTK,BEL,27-Aug-2020,76,CE,0,0,0,8.25,27.1,0,0,0,0,06-JUL-2020,
OPTSTK,BEL,27-Aug-2020,77,CE,0,0,0,7.9,26.2,0,0,0,0,06-JUL-2020,
OPTSTK,BEL,27-Aug-2020,78,CE,0,0,0,7.55,25.3,0,0,0,0,06-JUL-2020,
OPTSTK,BEL,27-Aug-2020,79,CE,0,0,0,7.25,24.4,0,0,0,0,06-JUL-2020,
OPTSTK,BEL,27-Aug-2020,80,CE,0,0,0,6.95,23.5,0,0,0,0,06-JUL-2020,
OPTSTK,BEL,27-Aug-2020,81,CE,0,0,0,6.65,22.65,0,0,0,0,06-JUL-2020,
OPTSTK,BEL,27-Aug-2020,82,CE,0,0,0,6.4,21.8,0,0,0,0,06-JUL-2020,
OPTSTK,BEL,27-Aug-2020,83,CE,0,0,0,6.1,20.95,0,0,0,0,06-JUL-2020,
OPTSTK,BEL,27-Aug-2020,84,CE,0,0,0,5.85,20.1,0,0,0,0,06-JUL-2020,
OPTSTK,BEL,27-Aug-2020,85,CE,0,0,0,5.6,19.3,0,0,0,0,06-JUL-2020,
OPTSTK,BEL,27-Aug-2020,86,CE,0,0,0,5.35,18.5,0,0,0,0,06-JUL-2020,
OPTSTK,BEL,27-Aug-2020,87,CE,0,0,0,5.15,17.75,0,0,0,0,06-JUL-2020,
OPTSTK,BEL,27-Aug-2020,88,CE,0,0,0,4.9,16.95,0,0,0,0,06-JUL-2020,
OPTSTK,BEL,27-Aug-2020,89,CE,0,0,0,4.7,16.25,0,0,0,0,06-JUL-2020,
OPTSTK,BEL,27-Aug-2020,90,CE,0,0,0,4.5,15.5,0,0,0,0,06-JUL-2020,
OPTSTK,BEL,27-Aug-2020,91,CE,0,0,0,4.3,14.8,0,0,0,0,06-JUL-2020,
OPTSTK,BEL,27-Aug-2020,92,CE,0,0,0,4.15,14.1,0,0,0,0,06-JUL-2020,
OPTSTK,BEL,27-Aug-2020,93,CE,0,0,0,3.95,13.45,0,0,0,0,06-JUL-2020,
OPTSTK,BEL,27-Aug-2020,94,CE,0,0,0,3.8,12.8,0,0,0,0,06-JUL-2020,
OPTSTK,BEL,27-Aug-2020,95,CE,0,0,0,6.9,12.15,0,0,7600,0,06-JUL-2020,
OPTSTK,BEL,27-Aug-2020,96,CE,0,0,0,2.55,11.55,0,0,0,0,06-JUL-2020,
OPTSTK,BEL,27-Aug-2020,97,CE,0,0,0,2.4,11,0,0,0,0,06-JUL-2020,
OPTSTK,BEL,27-Aug-2020,98,CE,7.45,7.45,7.45,7.45,10.4,1,8.01,7600,7600,06-JUL-2020,
OPTSTK,BEL,27-Aug-2020,99,CE,0,0,0,2.15,9.85,0,0,0,0,06-JUL-2020,
OPTSTK,BEL,27-Aug-2020,100,CE,7.5,8,7.5,8,9.35,3,24.54,30400,22800,06-JUL-2020,
OPTSTK,BEL,27-Aug-2020,101,CE,0,0,0,1.85,8.85,0,0,0,0,06-JUL-2020,
OPTSTK,BEL,27-Aug-2020,102,CE,6.5,6.5,6.5,6.5,8.35,1,8.24,7600,7600,06-JUL-2020,
OPTSTK,BEL,27-Aug-2020,103,CE,0,0,0,2.15,7.9,0,0,0,0,06-JUL-2020,
OPTSTK,BEL,27-Aug-2020,104,CE,0,0,0,2.05,7.45,0,0,0,0,06-JUL-2020,
OPTSTK,BEL,27-Aug-2020,105,CE,0,0,0,2.1,7,0,0,0,0,06-JUL-2020,
OPTSTK,BEL,27-Aug-2020,106,CE,0,0,0,2.35,6.6,0,0,0,0,06-JUL-2020,
OPTSTK,BEL,27-Aug-2020,107,CE,0,0,0,2.2,6.2,0,0,0,0,06-JUL-2020,
OPTSTK,BEL,27-Aug-2020,108,CE,0,0,0,2,5.85,0,0,0,0,06-JUL-2020,
OPTSTK,BEL,27-Aug-2020,109,CE,0,0,0,2.05,5.5,0,0,0,0,06-JUL-2020,
OPTSTK,BEL,27-Aug-2020,46,PE,0,0,0,1.35,0.05,0,0,0,0,06-JUL-2020,
OPTSTK,BEL,27-Aug-2020,47,PE,0,0,0,1.5,0.05,0,0,0,0,06-JUL-2020,
OPTSTK,BEL,27-Aug-2020,48,PE,0,0,0,1.7,0.05,0,0,0,0,06-JUL-2020,
OPTSTK,BEL,27-Aug-2020,49,PE,0,0,0,1.9,0.05,0,0,0,0,06-JUL-2020,
OPTSTK,BEL,27-Aug-2020,50,PE,0,0,0,2.1,0.05,0,0,0,0,06-JUL-2020,
OPTSTK,BEL,27-Aug-2020,51,PE,0,0,0,2.35,0.05,0,0,0,0,06-JUL-2020,
OPTSTK,BEL,27-Aug-2020,52,PE,0,0,0,2.6,0.05,0,0,0,0,06-JUL-2020,
OPTSTK,BEL,27-Aug-2020,53,PE,0,0,0,2.9,0.05,0,0,0,0,06-JUL-2020,
OPTSTK,BEL,27-Aug-2020,54,PE,0,0,0,3.15,0.05,0,0,0,0,06-JUL-2020,
OPTSTK,BEL,27-Aug-2020,55,PE,0,0,0,3.45,0.05,0,0,0,0,06-JUL-2020,
OPTSTK,BEL,27-Aug-2020,56,PE,0,0,0,3.8,0.05,0,0,0,0,06-JUL-2020,
OPTSTK,BEL,27-Aug-2020,57,PE,0,0,0,4.1,0.05,0,0,0,0,06-JUL-2020,
OPTSTK,BEL,27-Aug-2020,58,PE,0,0,0,4.5,0.05,0,0,0,0,06-JUL-2020,
OPTSTK,BEL,27-Aug-2020,59,PE,0,0,0,4.85,0.05,0,0,0,0,06-JUL-2020,
OPTSTK,BEL,27-Aug-2020,60,PE,0,0,0,5.25,0.05,0,0,0,0,06-JUL-2020,
OPTSTK,BEL,27-Aug-2020,61,PE,0,0,0,5.65,0.05,0,0,0,0,06-JUL-2020,
OPTSTK,BEL,27-Aug-2020,62,PE,0,0,0,6.05,0.05,0,0,0,0,06-JUL-2020,
OPTSTK,BEL,27-Aug-2020,63,PE,0,0,0,6.5,0.05,0,0,0,0,06-JUL-2020,
OPTSTK,BEL,27-Aug-2020,64,PE,0,0,0,6.95,0.05,0,0,0,0,06-JUL-2020,
OPTSTK,BEL,27-Aug-2020,65,PE,0,0,0,7.45,0.05,0,0,0,0,06-JUL-2020,
OPTSTK,BEL,27-Aug-2020,66,PE,0,0,0,7.95,0.05,0,0,0,0,06-JUL-2020,
OPTSTK,BEL,27-Aug-2020,67,PE,0,0,0,8.45,0.1,0,0,0,0,06-JUL-2020,
OPTSTK,BEL,27-Aug-2020,68,PE,0,0,0,8.95,0.1,0,0,0,0,06-JUL-2020,
OPTSTK,BEL,27-Aug-2020,69,PE,0,0,0,9.5,0.15,0,0,0,0,06-JUL-2020,
OPTSTK,BEL,27-Aug-2020,70,PE,0,0,0,3.85,0.15,0,0,152000,0,06-JUL-2020,
OPTSTK,BEL,27-Aug-2020,71,PE,0,0,0,10.6,0.2,0,0,0,0,06-JUL-2020,
OPTSTK,BEL,27-Aug-2020,72,PE,0,0,0,11.2,0.25,0,0,0,0,06-JUL-2020,
OPTSTK,BEL,27-Aug-2020,73,PE,0,0,0,11.8,0.25,0,0,0,0,06-JUL-2020,
OPTSTK,BEL,27-Aug-2020,74,PE,0,0,0,12.4,0.3,0,0,0,0,06-JUL-2020,
OPTSTK,BEL,27-Aug-2020,75,PE,0,0,0,13,0.4,0,0,0,0,06-JUL-2020,
OPTSTK,BEL,27-Aug-2020,76,PE,0,0,0,13.65,0.45,0,0,0,0,06-JUL-2020,
OPTSTK,BEL,27-Aug-2020,77,PE,0,0,0,14.3,0.55,0,0,0,0,06-JUL-2020,
OPTSTK,BEL,27-Aug-2020,78,PE,0,0,0,14.95,0.6,0,0,0,0,06-JUL-2020,
OPTSTK,BEL,27-Aug-2020,79,PE,0,0,0,15.65,0.7,0,0,0,0,06-JUL-2020,
OPTSTK,BEL,27-Aug-2020,80,PE,0,0,0,16.35,0.85,0,0,0,0,06-JUL-2020,
OPTSTK,BEL,27-Aug-2020,81,PE,0,0,0,17.05,0.95,0,0,0,0,06-JUL-2020,
OPTSTK,BEL,27-Aug-2020,82,PE,0,0,0,17.75,1.1,0,0,0,0,06-JUL-2020,
OPTSTK,BEL,27-Aug-2020,83,PE,0,0,0,18.45,1.25,0,0,0,0,06-JUL-2020,
OPTSTK,BEL,27-Aug-2020,84,PE,0,0,0,19.2,1.4,0,0,0,0,06-JUL-2020,
OPTSTK,BEL,27-Aug-2020,85,PE,0,0,0,19.95,1.6,0,0,0,0,06-JUL-2020,
OPTSTK,BEL,27-Aug-2020,86,PE,0,0,0,20.7,1.8,0,0,0,0,06-JUL-2020,
OPTSTK,BEL,27-Aug-2020,87,PE,0,0,0,21.45,2,0,0,0,0,06-JUL-2020,
OPTSTK,BEL,27-Aug-2020,88,PE,0,0,0,22.2,2.25,0,0,0,0,06-JUL-2020,
OPTSTK,BEL,27-Aug-2020,89,PE,0,0,0,23,2.5,0,0,0,0,06-JUL-2020,
OPTSTK,BEL,27-Aug-2020,90,PE,0,0,0,23.75,2.75,0,0,0,0,06-JUL-2020,
OPTSTK,BEL,27-Aug-2020,91,PE,0,0,0,24.55,3.05,0,0,0,0,06-JUL-2020,
OPTSTK,BEL,27-Aug-2020,92,PE,0,0,0,25.35,3.35,0,0,0,0,06-JUL-2020,
OPTSTK,BEL,27-Aug-2020,93,PE,0,0,0,26.2,3.7,0,0,0,0,06-JUL-2020,
OPTSTK,BEL,27-Aug-2020,94,PE,0,0,0,27,4.05,0,0,0,0,06-JUL-2020,
OPTSTK,BEL,27-Aug-2020,95,PE,0,0,0,23.05,4.4,0,0,0,0,06-JUL-2020,
OPTSTK,BEL,27-Aug-2020,96,PE,0,0,0,23.9,4.8,0,0,0,0,06-JUL-2020,
OPTSTK,BEL,27-Aug-2020,97,PE,0,0,0,24.7,5.2,0,0,0,0,06-JUL-2020,
OPTSTK,BEL,27-Aug-2020,98,PE,0,0,0,25.55,5.6,0,0,0,0,06-JUL-2020,
OPTSTK,BEL,27-Aug-2020,99,PE,0,0,0,25.5,6.05,0,0,0,0,06-JUL-2020,
OPTSTK,BEL,27-Aug-2020,100,PE,0,0,0,24.25,6.55,0,0,0,0,06-JUL-2020,
OPTSTK,BEL,27-Aug-2020,101,PE,0,0,0,25.1,7.05,0,0,0,0,06-JUL-2020,
OPTSTK,BEL,27-Aug-2020,102,PE,0,0,0,23.4,7.55,0,0,0,0,06-JUL-2020,
OPTSTK,BEL,27-Aug-2020,103,PE,0,0,0,24.25,8.05,0,0,0,0,06-JUL-2020,
OPTSTK,BEL,27-Aug-2020,104,PE,0,0,0,25.1,8.6,0,0,0,0,06-JUL-2020,
OPTSTK,BEL,27-Aug-2020,105,PE,0,0,0,24.9,9.2,0,0,0,0,06-JUL-2020,
OPTSTK,BEL,27-Aug-2020,106,PE,0,0,0,24.15,9.75,0,0,0,0,06-JUL-2020,
OPTSTK,BEL,27-Aug-2020,107,PE,0,0,0,25,10.4,0,0,0,0,06-JUL-2020,
OPTSTK,BEL,27-Aug-2020,108,PE,0,0,0,25.45,11,0,0,0,0,06-JUL-2020,
OPTSTK,BEL,27-Aug-2020,109,PE,0,0,0,24.9,11.65,0,0,0,0,06-JUL-2020,
OPTSTK,BEL,24-Sep-2020,60,CE,0,0,0,25.7,42.85,0,0,0,0,06-JUL-2020,
OPTSTK,BEL,24-Sep-2020,61,CE,0,0,0,24.9,41.85,0,0,0,0,06-JUL-2020,
OPTSTK,BEL,24-Sep-2020,62,CE,0,0,0,24.1,40.9,0,0,0,0,06-JUL-2020,
OPTSTK,BEL,24-Sep-2020,63,CE,0,0,0,23.3,39.95,0,0,0,0,06-JUL-2020,
OPTSTK,BEL,24-Sep-2020,64,CE,0,0,0,22.5,38.95,0,0,0,0,06-JUL-2020,
OPTSTK,BEL,24-Sep-2020,65,CE,0,0,0,21.75,38,0,0,0,0,06-JUL-2020,
OPTSTK,BEL,24-Sep-2020,66,CE,0,0,0,21,37.05,0,0,0,0,06-JUL-2020,
OPTSTK,BEL,24-Sep-2020,67,CE,0,0,0,20.25,36.1,0,0,0,0,06-JUL-2020,
OPTSTK,BEL,24-Sep-2020,68,CE,0,0,0,19.55,35.2,0,0,0,0,06-JUL-2020,
OPTSTK,BEL,24-Sep-2020,69,CE,0,0,0,18.8,34.25,0,0,0,0,06-JUL-2020,
OPTSTK,BEL,24-Sep-2020,70,CE,0,0,0,18.15,33.35,0,0,0,0,06-JUL-2020,
OPTSTK,BEL,24-Sep-2020,71,CE,0,0,0,17.45,32.4,0,0,0,0,06-JUL-2020,
OPTSTK,BEL,24-Sep-2020,72,CE,0,0,0,16.8,31.5,0,0,0,0,06-JUL-2020,
OPTSTK,BEL,24-Sep-2020,73,CE,0,0,0,16.15,30.6,0,0,0,0,06-JUL-2020,
OPTSTK,BEL,24-Sep-2020,74,CE,0,0,0,15.55,29.7,0,0,0,0,06-JUL-2020,
OPTSTK,BEL,24-Sep-2020,75,CE,0,0,0,14.95,28.85,0,0,0,0,06-JUL-2020,
OPTSTK,BEL,24-Sep-2020,76,CE,0,0,0,14.35,27.95,0,0,0,0,06-JUL-2020,
OPTSTK,BEL,24-Sep-2020,77,CE,0,0,0,13.8,27.1,0,0,0,0,06-JUL-2020,
OPTSTK,BEL,24-Sep-2020,78,CE,0,0,0,13.25,26.25,0,0,0,0,06-JUL-2020,
OPTSTK,BEL,24-Sep-2020,79,CE,0,0,0,12.7,25.4,0,0,0,0,06-JUL-2020,
OPTSTK,BEL,24-Sep-2020,80,CE,0,0,0,12.2,24.6,0,0,0,0,06-JUL-2020,
OPTSTK,BEL,24-Sep-2020,81,CE,0,0,0,11.7,23.8,0,0,0,0,06-JUL-2020,
OPTSTK,BEL,24-Sep-2020,82,CE,0,0,0,11.2,23,0,0,0,0,06-JUL-2020,
OPTSTK,BEL,24-Sep-2020,83,CE,0,0,0,10.75,22.2,0,0,0,0,06-JUL-2020,
OPTSTK,BEL,24-Sep-2020,84,CE,0,0,0,10.3,21.45,0,0,0,0,06-JUL-2020,
OPTSTK,BEL,24-Sep-2020,85,CE,0,0,0,9.85,20.7,0,0,0,0,06-JUL-2020,
OPTSTK,BEL,24-Sep-2020,86,CE,0,0,0,9.4,19.95,0,0,0,0,06-JUL-2020,
OPTSTK,BEL,24-Sep-2020,87,CE,0,0,0,9,19.25,0,0,0,0,06-JUL-2020,
OPTSTK,BEL,24-Sep-2020,88,CE,0,0,0,8.6,18.55,0,0,0,0,06-JUL-2020,
OPTSTK,BEL,24-Sep-2020,89,CE,0,0,0,8.25,17.85,0,0,0,0,06-JUL-2020,
OPTSTK,BEL,24-Sep-2020,90,CE,0,0,0,7.85,17.2,0,0,0,0,06-JUL-2020,
OPTSTK,BEL,24-Sep-2020,91,CE,0,0,0,7.5,16.5,0,0,0,0,06-JUL-2020,
OPTSTK,BEL,24-Sep-2020,92,CE,0,0,0,7.2,15.9,0,0,0,0,06-JUL-2020,
OPTSTK,BEL,24-Sep-2020,93,CE,0,0,0,6.85,15.25,0,0,0,0,06-JUL-2020,
OPTSTK,BEL,24-Sep-2020,94,CE,0,0,0,6.55,14.65,0,0,0,0,06-JUL-2020,
OPTSTK,BEL,24-Sep-2020,95,CE,0,0,0,6.25,14.05,0,0,0,0,06-JUL-2020,
OPTSTK,BEL,24-Sep-2020,96,CE,0,0,0,5.95,13.5,0,0,0,0,06-JUL-2020,
OPTSTK,BEL,24-Sep-2020,97,CE,0,0,0,5.7,12.95,0,0,0,0,06-JUL-2020,
OPTSTK,BEL,24-Sep-2020,98,CE,0,0,0,5.4,12.4,0,0,0,0,06-JUL-2020,
OPTSTK,BEL,24-Sep-2020,99,CE,0,0,0,5.15,11.85,0,0,0,0,06-JUL-2020,
OPTSTK,BEL,24-Sep-2020,100,CE,0,0,0,4.95,11.35,0,0,0,0,06-JUL-2020,
OPTSTK,BEL,24-Sep-2020,101,CE,0,0,0,4.7,10.9,0,0,0,0,06-JUL-2020,
OPTSTK,BEL,24-Sep-2020,102,CE,0,0,0,4.45,10.4,0,0,0,0,06-JUL-2020,
OPTSTK,BEL,24-Sep-2020,103,CE,0,0,0,4.25,9.95,0,0,0,0,06-JUL-2020,
OPTSTK,BEL,24-Sep-2020,104,CE,0,0,0,4.05,9.5,0,0,0,0,06-JUL-2020,
OPTSTK,BEL,24-Sep-2020,105,CE,0,0,0,3.85,9.1,0,0,0,0,06-JUL-2020,
OPTSTK,BEL,24-Sep-2020,106,CE,0,0,0,3.7,8.65,0,0,0,0,06-JUL-2020,
OPTSTK,BEL,24-Sep-2020,107,CE,0,0,0,3.5,8.25,0,0,0,0,06-JUL-2020,
OPTSTK,BEL,24-Sep-2020,108,CE,0,0,0,3.35,7.9,0,0,0,0,06-JUL-2020,
OPTSTK,BEL,24-Sep-2020,109,CE,0,0,0,3.4,7.5,0,0,0,0,06-JUL-2020,
OPTSTK,BEL,24-Sep-2020,60,PE,0,0,0,1.3,0.1,0,0,0,0,06-JUL-2020,
OPTSTK,BEL,24-Sep-2020,61,PE,0,0,0,1.5,0.1,0,0,0,0,06-JUL-2020,
OPTSTK,BEL,24-Sep-2020,62,PE,0,0,0,1.65,0.1,0,0,0,0,06-JUL-2020,
OPTSTK,BEL,24-Sep-2020,63,PE,0,0,0,1.85,0.15,0,0,0,0,06-JUL-2020,
OPTSTK,BEL,24-Sep-2020,64,PE,0,0,0,2.05,0.2,0,0,0,0,06-JUL-2020,
OPTSTK,BEL,24-Sep-2020,65,PE,0,0,0,2.3,0.2,0,0,0,0,06-JUL-2020,
OPTSTK,BEL,24-Sep-2020,66,PE,0,0,0,2.5,0.25,0,0,0,0,06-JUL-2020,
OPTSTK,BEL,24-Sep-2020,67,PE,0,0,0,2.75,0.3,0,0,0,0,06-JUL-2020,
OPTSTK,BEL,24-Sep-2020,68,PE,0,0,0,3.05,0.35,0,0,0,0,06-JUL-2020,
OPTSTK,BEL,24-Sep-2020,69,PE,0,0,0,3.3,0.4,0,0,0,0,06-JUL-2020,
OPTSTK,BEL,24-Sep-2020,70,PE,0,0,0,3.6,0.5,0,0,0,0,06-JUL-2020,
OPTSTK,BEL,24-Sep-2020,71,PE,0,0,0,3.95,0.55,0,0,0,0,06-JUL-2020,
OPTSTK,BEL,24-Sep-2020,72,PE,0,0,0,4.25,0.65,0,0,0,0,06-JUL-2020,
OPTSTK,BEL,24-Sep-2020,73,PE,0,0,0,4.6,0.7,0,0,0,0,06-JUL-2020,
OPTSTK,BEL,24-Sep-2020,74,PE,0,0,0,5,0.8,0,0,0,0,06-JUL-2020,
OPTSTK,BEL,24-Sep-2020,75,PE,0,0,0,5.4,0.95,0,0,0,0,06-JUL-2020,
OPTSTK,BEL,24-Sep-2020,76,PE,0,0,0,5.8,1.05,0,0,0,0,06-JUL-2020,
OPTSTK,BEL,24-Sep-2020,77,PE,0,0,0,6.2,1.2,0,0,0,0,06-JUL-2020,
OPTSTK,BEL,24-Sep-2020,78,PE,0,0,0,6.65,1.35,0,0,0,0,06-JUL-2020,
OPTSTK,BEL,24-Sep-2020,79,PE,0,0,0,7.1,1.5,0,0,0,0,06-JUL-2020,
OPTSTK,BEL,24-Sep-2020,80,PE,0,0,0,7.55,1.65,0,0,0,0,06-JUL-2020,
OPTSTK,BEL,24-Sep-2020,81,PE,0,0,0,8.05,1.85,0,0,0,0,06-JUL-2020,
OPTSTK,BEL,24-Sep-2020,82,PE,0,0,0,8.55,2.05,0,0,0,0,06-JUL-2020,
OPTSTK,BEL,24-Sep-2020,83,PE,0,0,0,9.05,2.25,0,0,0,0,06-JUL-2020,
OPTSTK,BEL,24-Sep-2020,84,PE,0,0,0,9.6,2.45,0,0,0,0,06-JUL-2020,
OPTSTK,BEL,24-Sep-2020,85,PE,0,0,0,10.15,2.7,0,0,0,0,06-JUL-2020,
OPTSTK,BEL,24-Sep-2020,86,PE,0,0,0,10.7,2.95,0,0,0,0,06-JUL-2020,
OPTSTK,BEL,24-Sep-2020,87,PE,0,0,0,11.3,3.25,0,0,0,0,06-JUL-2020,
OPTSTK,BEL,24-Sep-2020,88,PE,0,0,0,11.9,3.5,0,0,0,0,06-JUL-2020,
OPTSTK,BEL,24-Sep-2020,89,PE,0,0,0,12.5,3.8,0,0,0,0,06-JUL-2020,
OPTSTK,BEL,24-Sep-2020,90,PE,0,0,0,13.15,4.15,0,0,0,0,06-JUL-2020,
OPTSTK,BEL,24-Sep-2020,91,PE,0,0,0,13.75,4.5,0,0,0,0,06-JUL-2020,
OPTSTK,BEL,24-Sep-2020,92,PE,0,0,0,14.4,4.85,0,0,0,0,06-JUL-2020,
OPTSTK,BEL,24-Sep-2020,93,PE,0,0,0,15.1,5.2,0,0,0,0,06-JUL-2020,
OPTSTK,BEL,24-Sep-2020,94,PE,0,0,0,15.75,5.6,0,0,0,0,06-JUL-2020,
OPTSTK,BEL,24-Sep-2020,95,PE,0,0,0,16.45,6,0,0,0,0,06-JUL-2020,
OPTSTK,BEL,24-Sep-2020,96,PE,0,0,0,17.15,6.4,0,0,0,0,06-JUL-2020,
OPTSTK,BEL,24-Sep-2020,97,PE,0,0,0,17.85,6.85,0,0,0,0,06-JUL-2020,
OPTSTK,BEL,24-Sep-2020,98,PE,0,0,0,18.6,7.3,0,0,0,0,06-JUL-2020,
OPTSTK,BEL,24-Sep-2020,99,PE,0,0,0,19.3,7.75,0,0,0,0,06-JUL-2020,
OPTSTK,BEL,24-Sep-2020,100,PE,0,0,0,20.05,8.25,0,0,0,0,06-JUL-2020,
OPTSTK,BEL,24-Sep-2020,101,PE,0,0,0,20.8,8.75,0,0,0,0,06-JUL-2020,
OPTSTK,BEL,24-Sep-2020,102,PE,0,0,0,21.6,9.25,0,0,0,0,06-JUL-2020,
OPTSTK,BEL,24-Sep-2020,103,PE,0,0,0,22.35,9.8,0,0,0,0,06-JUL-2020,
OPTSTK,BEL,24-Sep-2020,104,PE,0,0,0,23.15,10.35,0,0,0,0,06-JUL-2020,
OPTSTK,BEL,24-Sep-2020,105,PE,0,0,0,23.95,10.9,0,0,0,0,06-JUL-2020,
OPTSTK,BEL,24-Sep-2020,106,PE,0,0,0,24.75,11.5,0,0,0,0,06-JUL-2020,
OPTSTK,BEL,24-Sep-2020,107,PE,0,0,0,25.55,12.1,0,0,0,0,06-JUL-2020,
OPTSTK,BEL,24-Sep-2020,108,PE,0,0,0,26.4,12.7,0,0,0,0,06-JUL-2020,
OPTSTK,BEL,24-Sep-2020,109,PE,0,0,0,25.9,13.3,0,0,0,0,06-JUL-2020,
OPTSTK,BERGEPAINT,30-Jul-2020,310,CE,0,0,0,205.15,197.2,0,0,0,0,06-JUL-2020,
OPTSTK,BERGEPAINT,30-Jul-2020,320,CE,0,0,0,196.1,187.25,0,0,0,0,06-JUL-2020,
OPTSTK,BERGEPAINT,30-Jul-2020,330,CE,0,0,0,187.2,177.25,0,0,0,0,06-JUL-2020,
OPTSTK,BERGEPAINT,30-Jul-2020,340,CE,0,0,0,178.45,167.3,0,0,0,0,06-JUL-2020,
OPTSTK,BERGEPAINT,30-Jul-2020,350,CE,0,0,0,169.9,157.35,0,0,0,0,06-JUL-2020,
OPTSTK,BERGEPAINT,30-Jul-2020,360,CE,0,0,0,161.55,147.35,0,0,0,0,06-JUL-2020,
OPTSTK,BERGEPAINT,30-Jul-2020,370,CE,0,0,0,153.4,137.4,0,0,0,0,06-JUL-2020,
OPTSTK,BERGEPAINT,30-Jul-2020,380,CE,0,0,0,145.5,127.4,0,0,0,0,06-JUL-2020,
OPTSTK,BERGEPAINT,30-Jul-2020,390,CE,0,0,0,137.8,117.45,0,0,0,0,06-JUL-2020,
OPTSTK,BERGEPAINT,30-Jul-2020,400,CE,0,0,0,130.4,107.55,0,0,0,0,06-JUL-2020,
OPTSTK,BERGEPAINT,30-Jul-2020,410,CE,0,0,0,123.2,97.65,0,0,0,0,06-JUL-2020,
OPTSTK,BERGEPAINT,30-Jul-2020,420,CE,0,0,0,116.3,87.85,0,0,0,0,06-JUL-2020,
OPTSTK,BERGEPAINT,30-Jul-2020,430,CE,0,0,0,109.65,78.15,0,0,0,0,06-JUL-2020,
OPTSTK,BERGEPAINT,30-Jul-2020,440,CE,0,0,0,103.2,68.7,0,0,0,0,06-JUL-2020,
OPTSTK,BERGEPAINT,30-Jul-2020,450,CE,0,0,0,97.1,59.6,0,0,0,0,06-JUL-2020,
OPTSTK,BERGEPAINT,30-Jul-2020,460,CE,0,0,0,91.25,50.9,0,0,0,0,06-JUL-2020,
OPTSTK,BERGEPAINT,30-Jul-2020,470,CE,0,0,0,85.65,42.75,0,0,0,0,06-JUL-2020,
OPTSTK,BERGEPAINT,30-Jul-2020,480,CE,0,0,0,35.35,35.25,0,0,1100,0,06-JUL-2020,
OPTSTK,BERGEPAINT,30-Jul-2020,490,CE,32.1,32.1,32.1,32.1,28.55,1,5.74,1100,-1100,06-JUL-2020,
OPTSTK,BERGEPAINT,30-Jul-2020,500,CE,27,30,24.5,25.3,25.3,94,544.9,46200,-25300,06-JUL-2020,
OPTSTK,BERGEPAINT,30-Jul-2020,510,CE,22.4,24.75,20.2,20.55,20.55,83,486.09,27500,-9900,06-JUL-2020,
OPTSTK,BERGEPAINT,30-Jul-2020,520,CE,17.95,20.4,15.7,16.45,16.45,231,1366.74,80300,-8800,06-JUL-2020,
OPTSTK,BERGEPAINT,30-Jul-2020,530,CE,13.1,16.45,12.45,13.1,13.1,376,2254.31,126500,107800,06-JUL-2020,
OPTSTK,BERGEPAINT,30-Jul-2020,540,CE,10.35,13.3,9.5,9.95,9.95,44,266.79,47300,7700,06-JUL-2020,
OPTSTK,BERGEPAINT,30-Jul-2020,550,CE,8.5,9.95,7.5,8,8,132,810.97,313500,-12100,06-JUL-2020,
OPTSTK,BERGEPAINT,30-Jul-2020,560,CE,6.45,7,6,6,6,9,56.07,20900,-1100,06-JUL-2020,
OPTSTK,BERGEPAINT,30-Jul-2020,570,CE,4.5,5,4.5,5,5,2,12.64,19800,1100,06-JUL-2020,
OPTSTK,BERGEPAINT,30-Jul-2020,580,CE,2.4,4.25,2.4,3.6,3.6,7,44.92,22000,0,06-JUL-2020,
OPTSTK,BERGEPAINT,30-Jul-2020,590,CE,1.5,1.5,1.5,1.5,1.1,1,6.5,14300,1100,06-JUL-2020,
OPTSTK,BERGEPAINT,30-Jul-2020,600,CE,2,3.05,1.5,1.5,0.7,10,66.24,39600,-2200,06-JUL-2020,
OPTSTK,BERGEPAINT,30-Jul-2020,610,CE,0,0,0,32.45,0.45,0,0,0,0,06-JUL-2020,
OPTSTK,BERGEPAINT,30-Jul-2020,620,CE,0,0,0,0.85,0.3,0,0,8800,0,06-JUL-2020,
OPTSTK,BERGEPAINT,30-Jul-2020,630,CE,0,0,0,27.95,0.15,0,0,0,0,06-JUL-2020,
OPTSTK,BERGEPAINT,30-Jul-2020,640,CE,0,0,0,25.9,0.1,0,0,0,0,06-JUL-2020,
OPTSTK,BERGEPAINT,30-Jul-2020,650,CE,0,0,0,0.25,0.05,0,0,2200,0,06-JUL-2020,
OPTSTK,BERGEPAINT,30-Jul-2020,660,CE,0,0,0,0.25,0.05,0,0,1100,0,06-JUL-2020,
OPTSTK,BERGEPAINT,30-Jul-2020,670,CE,0,0,0,20.6,0.05,0,0,0,0,06-JUL-2020,
OPTSTK,BERGEPAINT,30-Jul-2020,680,CE,0,0,0,19.1,0.05,0,0,0,0,06-JUL-2020,
OPTSTK,BERGEPAINT,30-Jul-2020,310,PE,0,0,0,2.85,0.05,0,0,0,0,06-JUL-2020,
OPTSTK,BERGEPAINT,30-Jul-2020,320,PE,0,0,0,3.65,0.05,0,0,0,0,06-JUL-2020,
OPTSTK,BERGEPAINT,30-Jul-2020,330,PE,0,0,0,4.6,0.05,0,0,0,0,06-JUL-2020,
OPTSTK,BERGEPAINT,30-Jul-2020,340,PE,0,0,0,5.75,0.05,0,0,0,0,06-JUL-2020,
OPTSTK,BERGEPAINT,30-Jul-2020,350,PE,0,0,0,7.05,0.05,0,0,0,0,06-JUL-2020,
OPTSTK,BERGEPAINT,30-Jul-2020,360,PE,0,0,0,8.6,0.05,0,0,0,0,06-JUL-2020,
OPTSTK,BERGEPAINT,30-Jul-2020,370,PE,0,0,0,10.3,0.05,0,0,0,0,06-JUL-2020,
OPTSTK,BERGEPAINT,30-Jul-2020,380,PE,0,0,0,12.25,0.05,0,0,0,0,06-JUL-2020,
OPTSTK,BERGEPAINT,30-Jul-2020,390,PE,0,0,0,14.45,0.05,0,0,0,0,06-JUL-2020,
OPTSTK,BERGEPAINT,30-Jul-2020,400,PE,1,1.1,1,1.1,0.05,2,8.82,4400,2200,06-JUL-2020,
OPTSTK,BERGEPAINT,30-Jul-2020,410,PE,0,0,0,19.6,0.15,0,0,0,0,06-JUL-2020,
OPTSTK,BERGEPAINT,30-Jul-2020,420,PE,0,0,0,22.55,0.3,0,0,0,0,06-JUL-2020,
OPTSTK,BERGEPAINT,30-Jul-2020,430,PE,0,0,0,25.8,0.6,0,0,0,0,06-JUL-2020,
OPTSTK,BERGEPAINT,30-Jul-2020,440,PE,0,0,0,4.75,1.15,0,0,2200,0,06-JUL-2020,
OPTSTK,BERGEPAINT,30-Jul-2020,450,PE,4.05,4.05,4.05,4.05,2,1,4.99,23100,0,06-JUL-2020,
OPTSTK,BERGEPAINT,30-Jul-2020,460,PE,0,0,0,6,3.25,0,0,6600,0,06-JUL-2020,
OPTSTK,BERGEPAINT,30-Jul-2020,470,PE,7,7,7,7,5.1,1,5.24,2200,0,06-JUL-2020,
OPTSTK,BERGEPAINT,30-Jul-2020,480,PE,10,10,7.45,9.7,9.7,18,96.76,17600,-2200,06-JUL-2020,
OPTSTK,BERGEPAINT,30-Jul-2020,490,PE,12.45,13.85,12.45,13.85,13.85,5,27.65,6600,4400,06-JUL-2020,
OPTSTK,BERGEPAINT,30-Jul-2020,500,PE,17.25,18.8,14,17.1,17.1,30,170.41,70400,5500,06-JUL-2020,
OPTSTK,BERGEPAINT,30-Jul-2020,510,PE,23.1,23.1,18.55,19.25,19.85,6,34.98,8800,0,06-JUL-2020,
OPTSTK,BERGEPAINT,30-Jul-2020,520,PE,24.7,26.95,24.7,26.95,25.6,4,24.02,23100,-3300,06-JUL-2020,
OPTSTK,BERGEPAINT,30-Jul-2020,530,PE,32.3,32.3,32.3,32.3,32.2,1,6.18,4400,0,06-JUL-2020,
OPTSTK,BERGEPAINT,30-Jul-2020,540,PE,0,0,0,32,39.45,0,0,5500,0,06-JUL-2020,
OPTSTK,BERGEPAINT,30-Jul-2020,550,PE,0,0,0,53.1,47.35,0,0,11000,0,06-JUL-2020,
OPTSTK,BERGEPAINT,30-Jul-2020,560,PE,0,0,0,91.1,55.75,0,0,0,0,06-JUL-2020,
OPTSTK,BERGEPAINT,30-Jul-2020,570,PE,0,0,0,97.8,64.55,0,0,0,0,06-JUL-2020,
OPTSTK,BERGEPAINT,30-Jul-2020,580,PE,0,0,0,104.65,73.7,0,0,0,0,06-JUL-2020,
OPTSTK,BERGEPAINT,30-Jul-2020,590,PE,0,0,0,72.5,83.1,0,0,2200,0,06-JUL-2020,
OPTSTK,BERGEPAINT,30-Jul-2020,600,PE,0,0,0,118.9,92.7,0,0,0,0,06-JUL-2020,
OPTSTK,BERGEPAINT,30-Jul-2020,610,PE,0,0,0,83.35,102.4,0,0,1100,0,06-JUL-2020,
OPTSTK,BERGEPAINT,30-Jul-2020,620,PE,0,0,0,133.85,112.2,0,0,0,0,06-JUL-2020,
OPTSTK,BERGEPAINT,30-Jul-2020,630,PE,0,0,0,141.55,122.05,0,0,0,0,06-JUL-2020,
OPTSTK,BERGEPAINT,30-Jul-2020,640,PE,0,0,0,149.4,131.95,0,0,0,0,06-JUL-2020,
OPTSTK,BERGEPAINT,30-Jul-2020,650,PE,0,0,0,157.4,141.9,0,0,0,0,06-JUL-2020,
OPTSTK,BERGEPAINT,30-Jul-2020,660,PE,0,0,0,165.5,151.85,0,0,0,0,06-JUL-2020,
OPTSTK,BERGEPAINT,30-Jul-2020,670,PE,0,0,0,173.7,161.8,0,0,0,0,06-JUL-2020,
OPTSTK,BERGEPAINT,30-Jul-2020,680,PE,0,0,0,182.05,171.75,0,0,0,0,06-JUL-2020,
OPTSTK,BERGEPAINT,27-Aug-2020,310,CE,0,0,0,156.1,198.2,0,0,0,0,06-JUL-2020,
OPTSTK,BERGEPAINT,27-Aug-2020,320,CE,0,0,0,146.95,188.3,0,0,0,0,06-JUL-2020,
OPTSTK,BERGEPAINT,27-Aug-2020,330,CE,0,0,0,138,178.35,0,0,0,0,06-JUL-2020,
OPTSTK,BERGEPAINT,27-Aug-2020,340,CE,0,0,0,129.25,168.45,0,0,0,0,06-JUL-2020,
OPTSTK,BERGEPAINT,27-Aug-2020,350,CE,0,0,0,120.7,158.5,0,0,0,0,06-JUL-2020,
OPTSTK,BERGEPAINT,27-Aug-2020,360,CE,0,0,0,112.45,148.6,0,0,0,0,06-JUL-2020,
OPTSTK,BERGEPAINT,27-Aug-2020,370,CE,0,0,0,104.5,138.75,0,0,0,0,06-JUL-2020,
OPTSTK,BERGEPAINT,27-Aug-2020,380,CE,0,0,0,96.85,129,0,0,0,0,06-JUL-2020,
OPTSTK,BERGEPAINT,27-Aug-2020,390,CE,0,0,0,89.55,119.25,0,0,0,0,06-JUL-2020,
OPTSTK,BERGEPAINT,27-Aug-2020,400,CE,0,0,0,82.55,109.7,0,0,0,0,06-JUL-2020,
OPTSTK,BERGEPAINT,27-Aug-2020,410,CE,0,0,0,75.9,100.3,0,0,0,0,06-JUL-2020,
OPTSTK,BERGEPAINT,27-Aug-2020,420,CE,0,0,0,69.65,91.1,0,0,0,0,06-JUL-2020,
OPTSTK,BERGEPAINT,27-Aug-2020,430,CE,0,0,0,63.75,82.2,0,0,0,0,06-JUL-2020,
OPTSTK,BERGEPAINT,27-Aug-2020,440,CE,0,0,0,58.2,73.6,0,0,0,0,06-JUL-2020,
OPTSTK,BERGEPAINT,27-Aug-2020,450,CE,0,0,0,53,65.45,0,0,0,0,06-JUL-2020,
OPTSTK,BERGEPAINT,27-Aug-2020,460,CE,0,0,0,48.15,57.7,0,0,0,0,06-JUL-2020,
OPTSTK,BERGEPAINT,27-Aug-2020,470,CE,0,0,0,43.65,50.5,0,0,0,0,06-JUL-2020,
OPTSTK,BERGEPAINT,27-Aug-2020,480,CE,0,0,0,39.5,43.8,0,0,0,0,06-JUL-2020,
OPTSTK,BERGEPAINT,27-Aug-2020,490,CE,0,0,0,35.7,37.7,0,0,0,0,06-JUL-2020,
OPTSTK,BERGEPAINT,27-Aug-2020,500,CE,0,0,0,32.15,32.15,0,0,0,0,06-JUL-2020,
OPTSTK,BERGEPAINT,27-Aug-2020,510,CE,0,0,0,28.95,27.2,0,0,0,0,06-JUL-2020,
OPTSTK,BERGEPAINT,27-Aug-2020,520,CE,0,0,0,25.95,22.8,0,0,0,0,06-JUL-2020,
OPTSTK,BERGEPAINT,27-Aug-2020,530,CE,0,0,0,23.3,19,0,0,0,0,06-JUL-2020,
OPTSTK,BERGEPAINT,27-Aug-2020,540,CE,0,0,0,20.85,15.65,0,0,0,0,06-JUL-2020,
OPTSTK,BERGEPAINT,27-Aug-2020,550,CE,0,0,0,18.65,12.8,0,0,0,0,06-JUL-2020,
OPTSTK,BERGEPAINT,27-Aug-2020,560,CE,0,0,0,16.65,10.4,0,0,0,0,06-JUL-2020,
OPTSTK,BERGEPAINT,27-Aug-2020,570,CE,0,0,0,14.8,8.35,0,0,0,0,06-JUL-2020,
OPTSTK,BERGEPAINT,27-Aug-2020,580,CE,0,0,0,13.15,6.7,0,0,0,0,06-JUL-2020,
OPTSTK,BERGEPAINT,27-Aug-2020,590,CE,0,0,0,11.7,5.3,0,0,0,0,06-JUL-2020,
OPTSTK,BERGEPAINT,27-Aug-2020,600,CE,0,0,0,10.4,4.15,0,0,0,0,06-JUL-2020,
OPTSTK,BERGEPAINT,27-Aug-2020,610,CE,0,0,0,9.2,3.25,0,0,0,0,06-JUL-2020,
OPTSTK,BERGEPAINT,27-Aug-2020,620,CE,0,0,0,8.15,2.55,0,0,0,0,06-JUL-2020,
OPTSTK,BERGEPAINT,27-Aug-2020,630,CE,0,0,0,7.2,1.95,0,0,0,0,06-JUL-2020,
OPTSTK,BERGEPAINT,27-Aug-2020,640,CE,0,0,0,6.35,1.5,0,0,0,0,06-JUL-2020,
OPTSTK,BERGEPAINT,27-Aug-2020,310,PE,0,0,0,1.95,0.05,0,0,0,0,06-JUL-2020,
OPTSTK,BERGEPAINT,27-Aug-2020,320,PE,0,0,0,2.7,0.05,0,0,0,0,06-JUL-2020,
OPTSTK,BERGEPAINT,27-Aug-2020,330,PE,0,0,0,3.6,0.05,0,0,0,0,06-JUL-2020,
OPTSTK,BERGEPAINT,27-Aug-2020,340,PE,0,0,0,4.7,0.05,0,0,0,0,06-JUL-2020,
OPTSTK,BERGEPAINT,27-Aug-2020,350,PE,0,0,0,6.05,0.05,0,0,0,0,06-JUL-2020,
OPTSTK,BERGEPAINT,27-Aug-2020,360,PE,0,0,0,7.7,0.1,0,0,0,0,06-JUL-2020,
OPTSTK,BERGEPAINT,27-Aug-2020,370,PE,0,0,0,9.6,0.2,0,0,0,0,06-JUL-2020,
OPTSTK,BERGEPAINT,27-Aug-2020,380,PE,0,0,0,11.85,0.35,0,0,0,0,06-JUL-2020,
OPTSTK,BERGEPAINT,27-Aug-2020,390,PE,0,0,0,14.4,0.55,0,0,0,0,06-JUL-2020,
OPTSTK,BERGEPAINT,27-Aug-2020,400,PE,0,0,0,17.3,0.9,0,0,0,0,06-JUL-2020,
OPTSTK,BERGEPAINT,27-Aug-2020,410,PE,0,0,0,20.55,1.45,0,0,0,0,06-JUL-2020,
OPTSTK,BERGEPAINT,27-Aug-2020,420,PE,0,0,0,24.15,2.2,0,0,0,0,06-JUL-2020,
OPTSTK,BERGEPAINT,27-Aug-2020,430,PE,0,0,0,28.1,3.25,0,0,0,0,06-JUL-2020,
OPTSTK,BERGEPAINT,27-Aug-2020,440,PE,0,0,0,32.45,4.6,0,0,0,0,06-JUL-2020,
OPTSTK,BERGEPAINT,27-Aug-2020,450,PE,0,0,0,37.15,6.35,0,0,0,0,06-JUL-2020,
OPTSTK,BERGEPAINT,27-Aug-2020,460,PE,0,0,0,42.15,8.6,0,0,0,0,06-JUL-2020,
OPTSTK,BERGEPAINT,27-Aug-2020,470,PE,0,0,0,47.55,11.3,0,0,0,0,06-JUL-2020,
OPTSTK,BERGEPAINT,27-Aug-2020,480,PE,0,0,0,53.3,14.55,0,0,0,0,06-JUL-2020,
OPTSTK,BERGEPAINT,27-Aug-2020,490,PE,0,0,0,59.35,18.4,0,0,0,0,06-JUL-2020,
OPTSTK,BERGEPAINT,27-Aug-2020,500,PE,0,0,0,65.7,22.8,0,0,0,0,06-JUL-2020,
OPTSTK,BERGEPAINT,27-Aug-2020,510,PE,0,0,0,72.35,27.8,0,0,0,0,06-JUL-2020,
OPTSTK,BERGEPAINT,27-Aug-2020,520,PE,0,0,0,79.25,33.35,0,0,0,0,06-JUL-2020,
OPTSTK,BERGEPAINT,27-Aug-2020,530,PE,0,0,0,86.45,39.45,0,0,0,0,06-JUL-2020,
OPTSTK,BERGEPAINT,27-Aug-2020,540,PE,0,0,0,93.9,46.05,0,0,0,0,06-JUL-2020,
OPTSTK,BERGEPAINT,27-Aug-2020,550,PE,0,0,0,101.55,53.15,0,0,0,0,06-JUL-2020,
OPTSTK,BERGEPAINT,27-Aug-2020,560,PE,0,0,0,109.45,60.65,0,0,0,0,06-JUL-2020,
OPTSTK,BERGEPAINT,27-Aug-2020,570,PE,0,0,0,117.5,68.6,0,0,0,0,06-JUL-2020,
OPTSTK,BERGEPAINT,27-Aug-2020,580,PE,0,0,0,125.7,76.85,0,0,0,0,06-JUL-2020,
OPTSTK,BERGEPAINT,27-Aug-2020,590,PE,0,0,0,134.15,85.4,0,0,0,0,06-JUL-2020,
OPTSTK,BERGEPAINT,27-Aug-2020,600,PE,0,0,0,142.7,94.2,0,0,0,0,06-JUL-2020,
OPTSTK,BERGEPAINT,27-Aug-2020,610,PE,0,0,0,151.4,103.25,0,0,0,0,06-JUL-2020,
OPTSTK,BERGEPAINT,27-Aug-2020,620,PE,0,0,0,160.2,112.45,0,0,0,0,06-JUL-2020,
OPTSTK,BERGEPAINT,27-Aug-2020,630,PE,0,0,0,169.15,121.8,0,0,0,0,06-JUL-2020,
OPTSTK,BERGEPAINT,27-Aug-2020,640,PE,0,0,0,178.2,131.3,0,0,0,0,06-JUL-2020,
OPTSTK,BERGEPAINT,24-Sep-2020,320,CE,0,0,0,204.6,189.35,0,0,0,0,06-JUL-2020,
OPTSTK,BERGEPAINT,24-Sep-2020,330,CE,0,0,0,195.05,179.5,0,0,0,0,06-JUL-2020,
OPTSTK,BERGEPAINT,24-Sep-2020,340,CE,0,0,0,185.55,169.7,0,0,0,0,06-JUL-2020,
OPTSTK,BERGEPAINT,24-Sep-2020,350,CE,0,0,0,176.15,159.9,0,0,0,0,06-JUL-2020,
OPTSTK,BERGEPAINT,24-Sep-2020,360,CE,0,0,0,166.95,150.2,0,0,0,0,06-JUL-2020,
OPTSTK,BERGEPAINT,24-Sep-2020,370,CE,0,0,0,157.85,140.55,0,0,0,0,06-JUL-2020,
OPTSTK,BERGEPAINT,24-Sep-2020,380,CE,0,0,0,148.95,131.05,0,0,0,0,06-JUL-2020,
OPTSTK,BERGEPAINT,24-Sep-2020,390,CE,0,0,0,140.25,121.7,0,0,0,0,06-JUL-2020,
OPTSTK,BERGEPAINT,24-Sep-2020,400,CE,0,0,0,131.75,112.55,0,0,0,0,06-JUL-2020,
OPTSTK,BERGEPAINT,24-Sep-2020,410,CE,0,0,0,123.5,103.6,0,0,0,0,06-JUL-2020,
OPTSTK,BERGEPAINT,24-Sep-2020,420,CE,0,0,0,115.55,94.95,0,0,0,0,06-JUL-2020,
OPTSTK,BERGEPAINT,24-Sep-2020,430,CE,0,0,0,107.85,86.55,0,0,0,0,06-JUL-2020,
OPTSTK,BERGEPAINT,24-Sep-2020,440,CE,0,0,0,100.45,78.55,0,0,0,0,06-JUL-2020,
OPTSTK,BERGEPAINT,24-Sep-2020,450,CE,0,0,0,93.35,70.95,0,0,0,0,06-JUL-2020,
OPTSTK,BERGEPAINT,24-Sep-2020,460,CE,0,0,0,86.55,63.75,0,0,0,0,06-JUL-2020,
OPTSTK,BERGEPAINT,24-Sep-2020,470,CE,0,0,0,80.1,57,0,0,0,0,06-JUL-2020,
OPTSTK,BERGEPAINT,24-Sep-2020,480,CE,0,0,0,73.95,50.7,0,0,0,0,06-JUL-2020,
OPTSTK,BERGEPAINT,24-Sep-2020,490,CE,0,0,0,68.15,44.85,0,0,0,0,06-JUL-2020,
OPTSTK,BERGEPAINT,24-Sep-2020,500,CE,0,0,0,62.7,39.45,0,0,0,0,06-JUL-2020,
OPTSTK,BERGEPAINT,24-Sep-2020,510,CE,0,0,0,57.55,34.55,0,0,0,0,06-JUL-2020,
OPTSTK,BERGEPAINT,24-Sep-2020,520,CE,0,0,0,52.7,30.15,0,0,0,0,06-JUL-2020,
OPTSTK,BERGEPAINT,24-Sep-2020,530,CE,0,0,0,48.2,26.15,0,0,0,0,06-JUL-2020,
OPTSTK,BERGEPAINT,24-Sep-2020,540,CE,0,0,0,44,22.55,0,0,0,0,06-JUL-2020,
OPTSTK,BERGEPAINT,24-Sep-2020,550,CE,0,0,0,40.1,19.35,0,0,0,0,06-JUL-2020,
OPTSTK,BERGEPAINT,24-Sep-2020,560,CE,0,0,0,36.45,16.55,0,0,0,0,06-JUL-2020,
OPTSTK,BERGEPAINT,24-Sep-2020,570,CE,0,0,0,33.1,14.1,0,0,0,0,06-JUL-2020,
OPTSTK,BERGEPAINT,24-Sep-2020,580,CE,0,0,0,30,11.95,0,0,0,0,06-JUL-2020,
OPTSTK,BERGEPAINT,24-Sep-2020,590,CE,0,0,0,27.2,10.05,0,0,0,0,06-JUL-2020,
OPTSTK,BERGEPAINT,24-Sep-2020,600,CE,0,0,0,24.6,8.45,0,0,0,0,06-JUL-2020,
OPTSTK,BERGEPAINT,24-Sep-2020,610,CE,0,0,0,22.2,7.1,0,0,0,0,06-JUL-2020,
OPTSTK,BERGEPAINT,24-Sep-2020,620,CE,0,0,0,20,5.9,0,0,0,0,06-JUL-2020,
OPTSTK,BERGEPAINT,24-Sep-2020,630,CE,0,0,0,18.05,4.9,0,0,0,0,06-JUL-2020,
OPTSTK,BERGEPAINT,24-Sep-2020,640,CE,0,0,0,16.2,4.05,0,0,0,0,06-JUL-2020,
OPTSTK,BERGEPAINT,24-Sep-2020,320,PE,0,0,0,0.7,0.05,0,0,0,0,06-JUL-2020,
OPTSTK,BERGEPAINT,24-Sep-2020,330,PE,0,0,0,1,0.1,0,0,0,0,06-JUL-2020,
OPTSTK,BERGEPAINT,24-Sep-2020,340,PE,0,0,0,1.4,0.2,0,0,0,0,06-JUL-2020,
OPTSTK,BERGEPAINT,24-Sep-2020,350,PE,0,0,0,1.9,0.3,0,0,0,0,06-JUL-2020,
OPTSTK,BERGEPAINT,24-Sep-2020,360,PE,0,0,0,2.55,0.5,0,0,0,0,06-JUL-2020,
OPTSTK,BERGEPAINT,24-Sep-2020,370,PE,0,0,0,3.35,0.75,0,0,0,0,06-JUL-2020,
OPTSTK,BERGEPAINT,24-Sep-2020,380,PE,0,0,0,4.35,1.15,0,0,0,0,06-JUL-2020,
OPTSTK,BERGEPAINT,24-Sep-2020,390,PE,0,0,0,5.5,1.75,0,0,0,0,06-JUL-2020,
OPTSTK,BERGEPAINT,24-Sep-2020,400,PE,0,0,0,6.9,2.45,0,0,0,0,06-JUL-2020,
OPTSTK,BERGEPAINT,24-Sep-2020,410,PE,0,0,0,8.55,3.45,0,0,0,0,06-JUL-2020,
OPTSTK,BERGEPAINT,24-Sep-2020,420,PE,0,0,0,10.45,4.7,0,0,0,0,06-JUL-2020,
OPTSTK,BERGEPAINT,24-Sep-2020,430,PE,0,0,0,12.65,6.25,0,0,0,0,06-JUL-2020,
OPTSTK,BERGEPAINT,24-Sep-2020,440,PE,0,0,0,15.15,8.15,0,0,0,0,06-JUL-2020,
OPTSTK,BERGEPAINT,24-Sep-2020,450,PE,0,0,0,17.95,10.45,0,0,0,0,06-JUL-2020,
OPTSTK,BERGEPAINT,24-Sep-2020,460,PE,0,0,0,21.05,13.15,0,0,0,0,06-JUL-2020,
OPTSTK,BERGEPAINT,24-Sep-2020,470,PE,0,0,0,24.45,16.3,0,0,0,0,06-JUL-2020,
OPTSTK,BERGEPAINT,24-Sep-2020,480,PE,0,0,0,28.2,19.9,0,0,0,0,06-JUL-2020,
OPTSTK,BERGEPAINT,24-Sep-2020,490,PE,0,0,0,32.25,23.95,0,0,0,0,06-JUL-2020,
OPTSTK,BERGEPAINT,24-Sep-2020,500,PE,0,0,0,36.7,28.5,0,0,0,0,06-JUL-2020,
OPTSTK,BERGEPAINT,24-Sep-2020,510,PE,0,0,0,41.4,33.5,0,0,0,0,06-JUL-2020,
OPTSTK,BERGEPAINT,24-Sep-2020,520,PE,0,0,0,46.5,38.95,0,0,0,0,06-JUL-2020,
OPTSTK,BERGEPAINT,24-Sep-2020,530,PE,0,0,0,51.85,44.85,0,0,0,0,06-JUL-2020,
OPTSTK,BERGEPAINT,24-Sep-2020,540,PE,0,0,0,57.55,51.2,0,0,0,0,06-JUL-2020,
OPTSTK,BERGEPAINT,24-Sep-2020,550,PE,0,0,0,63.5,57.9,0,0,0,0,06-JUL-2020,
OPTSTK,BERGEPAINT,24-Sep-2020,560,PE,0,0,0,69.75,65,0,0,0,0,06-JUL-2020,
OPTSTK,BERGEPAINT,24-Sep-2020,570,PE,0,0,0,76.3,72.45,0,0,0,0,06-JUL-2020,
OPTSTK,BERGEPAINT,24-Sep-2020,580,PE,0,0,0,83.1,80.2,0,0,0,0,06-JUL-2020,
OPTSTK,BERGEPAINT,24-Sep-2020,590,PE,0,0,0,90.15,88.25,0,0,0,0,06-JUL-2020,
OPTSTK,BERGEPAINT,24-Sep-2020,600,PE,0,0,0,97.45,96.55,0,0,0,0,06-JUL-2020,
OPTSTK,BERGEPAINT,24-Sep-2020,610,PE,0,0,0,104.95,105.1,0,0,0,0,06-JUL-2020,
OPTSTK,BERGEPAINT,24-Sep-2020,620,PE,0,0,0,112.65,113.8,0,0,0,0,06-JUL-2020,
OPTSTK,BERGEPAINT,24-Sep-2020,630,PE,0,0,0,120.5,122.7,0,0,0,0,06-JUL-2020,
OPTSTK,BERGEPAINT,24-Sep-2020,640,PE,0,0,0,128.55,131.75,0,0,0,0,06-JUL-2020,
OPTSTK,BHARATFORG,30-Jul-2020,150,CE,0,0,0,167.5,218.75,0,0,0,0,06-JUL-2020,
OPTSTK,BHARATFORG,30-Jul-2020,160,CE,0,0,0,159.45,208.8,0,0,0,0,06-JUL-2020,
OPTSTK,BHARATFORG,30-Jul-2020,170,CE,0,0,0,151.75,198.8,0,0,0,0,06-JUL-2020,
OPTSTK,BHARATFORG,30-Jul-2020,180,CE,0,0,0,144.3,188.85,0,0,0,0,06-JUL-2020,
OPTSTK,BHARATFORG,30-Jul-2020,190,CE,0,0,0,137.15,178.9,0,0,0,0,06-JUL-2020,
OPTSTK,BHARATFORG,30-Jul-2020,200,CE,0,0,0,130.35,168.9,0,0,0,0,06-JUL-2020,
OPTSTK,BHARATFORG,30-Jul-2020,210,CE,0,0,0,123.8,158.95,0,0,0,0,06-JUL-2020,
OPTSTK,BHARATFORG,30-Jul-2020,220,CE,0,0,0,117.55,148.95,0,0,0,0,06-JUL-2020,
OPTSTK,BHARATFORG,30-Jul-2020,230,CE,0,0,0,111.6,139,0,0,0,0,06-JUL-2020,
OPTSTK,BHARATFORG,30-Jul-2020,240,CE,0,0,0,105.9,129.05,0,0,0,0,06-JUL-2020,
OPTSTK,BHARATFORG,30-Jul-2020,250,CE,0,0,0,100.5,119.05,0,0,0,0,06-JUL-2020,
OPTSTK,BHARATFORG,30-Jul-2020,255,CE,0,0,0,73.55,114.1,0,0,0,0,06-JUL-2020,
OPTSTK,BHARATFORG,30-Jul-2020,260,CE,0,0,0,95.35,109.15,0,0,0,0,06-JUL-2020,
OPTSTK,BHARATFORG,30-Jul-2020,265,CE,0,0,0,67.45,104.15,0,0,0,0,06-JUL-2020,
OPTSTK,BHARATFORG,30-Jul-2020,270,CE,0,0,0,90.5,99.25,0,0,0,0,06-JUL-2020,
OPTSTK,BHARATFORG,30-Jul-2020,275,CE,0,0,0,61.8,94.3,0,0,0,0,06-JUL-2020,
OPTSTK,BHARATFORG,30-Jul-2020,280,CE,0,0,0,43.55,89.4,0,0,1500,0,06-JUL-2020,
OPTSTK,BHARATFORG,30-Jul-2020,285,CE,0,0,0,56.5,84.55,0,0,0,0,06-JUL-2020,
OPTSTK,BHARATFORG,30-Jul-2020,290,CE,0,0,0,39.7,79.75,0,0,16500,0,06-JUL-2020,
OPTSTK,BHARATFORG,30-Jul-2020,295,CE,0,0,0,51.55,75,0,0,0,0,06-JUL-2020,
OPTSTK,BHARATFORG,30-Jul-2020,300,CE,58,65,58,65,70.3,9,49.02,27000,-7500,06-JUL-2020,
OPTSTK,BHARATFORG,30-Jul-2020,305,CE,0,0,0,47,65.7,0,0,0,0,06-JUL-2020,
OPTSTK,BHARATFORG,30-Jul-2020,310,CE,0,0,0,43.7,61.2,0,0,31500,0,06-JUL-2020,
OPTSTK,BHARATFORG,30-Jul-2020,315,CE,0,0,0,28.2,56.8,0,0,13500,0,06-JUL-2020,
OPTSTK,BHARATFORG,30-Jul-2020,320,CE,42.05,52,42.05,51.85,51.85,12,66.19,133500,-3000,06-JUL-2020,
OPTSTK,BHARATFORG,30-Jul-2020,325,CE,0,0,0,27.75,48.35,0,0,19500,0,06-JUL-2020,
OPTSTK,BHARATFORG,30-Jul-2020,330,CE,37.8,40,37.8,39.5,44.4,10,55.38,79500,0,06-JUL-2020,
OPTSTK,BHARATFORG,30-Jul-2020,335,CE,34.2,34.2,34.2,34.2,40.55,1,5.53,15000,0,06-JUL-2020,
OPTSTK,BHARATFORG,30-Jul-2020,340,CE,29.5,36,27.45,35.25,35.25,24,133.6,97500,-10500,06-JUL-2020,
OPTSTK,BHARATFORG,30-Jul-2020,345,CE,28.75,28.75,27,27,33.5,4,22.37,21000,-1500,06-JUL-2020,
OPTSTK,BHARATFORG,30-Jul-2020,350,CE,24,29.4,20.4,28.25,28.25,238,1337.06,228000,-4500,06-JUL-2020,
OPTSTK,BHARATFORG,30-Jul-2020,355,CE,19.75,25.1,19.75,24.55,24.55,9,50.94,12000,-3000,06-JUL-2020,
OPTSTK,BHARATFORG,30-Jul-2020,360,CE,19.6,22.8,15.5,22.2,22.2,486,2763.3,157500,-42000,06-JUL-2020,
OPTSTK,BHARATFORG,30-Jul-2020,365,CE,16.9,20.1,15.6,19.3,19.3,62,355.39,33000,12000,06-JUL-2020,
OPTSTK,BHARATFORG,30-Jul-2020,370,CE,15.4,17.6,11.65,16.85,16.85,715,4126.22,123000,-52500,06-JUL-2020,
OPTSTK,BHARATFORG,30-Jul-2020,375,CE,12,15.05,12,14.8,14.8,12,69.93,10500,4500,06-JUL-2020,
OPTSTK,BHARATFORG,30-Jul-2020,380,CE,10.4,13.35,8.7,12.85,12.85,716,4199.98,180000,-57000,06-JUL-2020,
OPTSTK,BHARATFORG,30-Jul-2020,385,CE,0,0,0,19.4,13.1,0,0,1500,0,06-JUL-2020,
OPTSTK,BHARATFORG,30-Jul-2020,390,CE,7.45,9.95,7.45,9.4,9.4,137,818.43,90000,10500,06-JUL-2020,
OPTSTK,BHARATFORG,30-Jul-2020,395,CE,0,0,0,19.45,9.95,0,0,0,0,06-JUL-2020,
OPTSTK,BHARATFORG,30-Jul-2020,400,CE,5.8,7.1,4.8,6.8,6.8,361,2198.77,279000,36000,06-JUL-2020,
OPTSTK,BHARATFORG,30-Jul-2020,405,CE,0,0,0,17.6,7.4,0,0,0,0,06-JUL-2020,
OPTSTK,BHARATFORG,30-Jul-2020,410,CE,4,5,3.9,4.75,4.75,18,111.87,19500,9000,06-JUL-2020,
OPTSTK,BHARATFORG,30-Jul-2020,415,CE,0,0,0,15.9,5.45,0,0,0,0,06-JUL-2020,
OPTSTK,BHARATFORG,30-Jul-2020,420,CE,3,3.5,2.4,3.4,3.4,49,310.93,61500,15000,06-JUL-2020,
OPTSTK,BHARATFORG,30-Jul-2020,425,CE,0,0,0,19.55,3.95,0,0,0,0,06-JUL-2020,
OPTSTK,BHARATFORG,30-Jul-2020,430,CE,0,0,0,39.4,3.35,0,0,0,0,06-JUL-2020,
OPTSTK,BHARATFORG,30-Jul-2020,435,CE,0,0,0,17.75,2.8,0,0,0,0,06-JUL-2020,
OPTSTK,BHARATFORG,30-Jul-2020,440,CE,2.25,2.25,1.6,1.65,2.35,5,33.13,12000,6000,06-JUL-2020,
OPTSTK,BHARATFORG,30-Jul-2020,150,PE,0,0,0,6.4,0.05,0,0,0,0,06-JUL-2020,
OPTSTK,BHARATFORG,30-Jul-2020,160,PE,0,0,0,8.25,0.05,0,0,0,0,06-JUL-2020,
OPTSTK,BHARATFORG,30-Jul-2020,170,PE,0,0,0,10.4,0.05,0,0,0,0,06-JUL-2020,
OPTSTK,BHARATFORG,30-Jul-2020,180,PE,0,0,0,12.8,0.05,0,0,0,0,06-JUL-2020,
OPTSTK,BHARATFORG,30-Jul-2020,190,PE,0,0,0,15.55,0.05,0,0,0,0,06-JUL-2020,
OPTSTK,BHARATFORG,30-Jul-2020,200,PE,0,0,0,18.6,0.05,0,0,0,0,06-JUL-2020,
OPTSTK,BHARATFORG,30-Jul-2020,210,PE,0,0,0,21.95,0.05,0,0,0,0,06-JUL-2020,
OPTSTK,BHARATFORG,30-Jul-2020,220,PE,0,0,0,25.55,0.05,0,0,0,0,06-JUL-2020,
OPTSTK,BHARATFORG,30-Jul-2020,230,PE,0,0,0,1.05,0.05,0,0,0,0,06-JUL-2020,
OPTSTK,BHARATFORG,30-Jul-2020,240,PE,0,0,0,2,0.05,0,0,1500,0,06-JUL-2020,
OPTSTK,BHARATFORG,30-Jul-2020,250,PE,0.5,0.5,0.3,0.3,0.05,2,7.51,70500,0,06-JUL-2020,
OPTSTK,BHARATFORG,30-Jul-2020,255,PE,0,0,0,19.45,0.05,0,0,0,0,06-JUL-2020,
OPTSTK,BHARATFORG,30-Jul-2020,260,PE,0.65,0.65,0.5,0.5,0.5,3,11.72,37500,-1500,06-JUL-2020,
OPTSTK,BHARATFORG,30-Jul-2020,265,PE,0.55,0.55,0.55,0.55,0.1,1,3.98,45000,0,06-JUL-2020,
OPTSTK,BHARATFORG,30-Jul-2020,270,PE,0.7,0.75,0.45,0.45,0.15,4,16.23,21000,-3000,06-JUL-2020,
OPTSTK,BHARATFORG,30-Jul-2020,275,PE,0,0,0,1,0.2,0,0,4500,0,06-JUL-2020,
OPTSTK,BHARATFORG,30-Jul-2020,280,PE,1.15,1.15,0.75,0.75,0.3,11,46.35,172500,-6000,06-JUL-2020,
OPTSTK,BHARATFORG,30-Jul-2020,285,PE,0,0,0,32.15,0.4,0,0,0,0,06-JUL-2020,
OPTSTK,BHARATFORG,30-Jul-2020,290,PE,1.9,1.9,0.9,1,1,14,61.16,145500,-1500,06-JUL-2020,
OPTSTK,BHARATFORG,30-Jul-2020,295,PE,0,0,0,3.4,0.8,0,0,4500,0,06-JUL-2020,
OPTSTK,BHARATFORG,30-Jul-2020,300,PE,2.6,2.7,1.6,1.65,1.65,107,484.77,489000,3000,06-JUL-2020,
OPTSTK,BHARATFORG,30-Jul-2020,305,PE,1.35,1.35,1.35,1.35,1.5,1,4.59,4500,0,06-JUL-2020,
OPTSTK,BHARATFORG,30-Jul-2020,310,PE,3.3,3.3,2.15,2.2,2.2,37,173.6,141000,-12000,06-JUL-2020,
OPTSTK,BHARATFORG,30-Jul-2020,315,PE,0,0,0,5.85,2.55,0,0,7500,0,06-JUL-2020,
OPTSTK,BHARATFORG,30-Jul-2020,320,PE,5.3,5.55,3.1,3.2,3.2,108,525.33,241500,16500,06-JUL-2020,
OPTSTK,BHARATFORG,30-Jul-2020,325,PE,6,6,6,6,4.1,2,9.93,24000,-1500,06-JUL-2020,
OPTSTK,BHARATFORG,30-Jul-2020,330,PE,7.15,7.7,4.5,4.7,4.7,66,332.92,141000,3000,06-JUL-2020,
OPTSTK,BHARATFORG,30-Jul-2020,335,PE,0,0,0,9,6.3,0,0,19500,0,06-JUL-2020,
OPTSTK,BHARATFORG,30-Jul-2020,340,PE,10.8,11.2,6.7,6.85,6.85,159,832.53,178500,21000,06-JUL-2020,
OPTSTK,BHARATFORG,30-Jul-2020,345,PE,0,0,0,14.5,9.15,0,0,12000,0,06-JUL-2020,
OPTSTK,BHARATFORG,30-Jul-2020,350,PE,14,15.7,9.5,9.8,9.8,417,2267.76,198000,75000,06-JUL-2020,
OPTSTK,BHARATFORG,30-Jul-2020,355,PE,16.35,16.35,11.75,11.8,11.8,4,22.07,10500,3000,06-JUL-2020,
OPTSTK,BHARATFORG,30-Jul-2020,360,PE,19.8,20.5,13.1,13.65,13.65,131,739.63,88500,34500,06-JUL-2020,
OPTSTK,BHARATFORG,30-Jul-2020,365,PE,22.5,22.5,17,17,17.3,4,23.04,12000,-1500,06-JUL-2020,
OPTSTK,BHARATFORG,30-Jul-2020,370,PE,23,23,18,18.25,18.25,13,75.9,21000,16500,06-JUL-2020,
OPTSTK,BHARATFORG,30-Jul-2020,375,PE,0,0,0,88.7,22.6,0,0,0,0,06-JUL-2020,
OPTSTK,BHARATFORG,30-Jul-2020,380,PE,0,0,0,31,25.55,0,0,3000,0,06-JUL-2020,
OPTSTK,BHARATFORG,30-Jul-2020,385,PE,0,0,0,96.35,28.7,0,0,0,0,06-JUL-2020,
OPTSTK,BHARATFORG,30-Jul-2020,390,PE,32.6,32.6,32.6,32.6,32,3,19.01,3000,-3000,06-JUL-2020,
OPTSTK,BHARATFORG,30-Jul-2020,395,PE,0,0,0,104.2,35.5,0,0,0,0,06-JUL-2020,
OPTSTK,BHARATFORG,30-Jul-2020,400,PE,0,0,0,51,39.15,0,0,4500,0,06-JUL-2020,
OPTSTK,BHARATFORG,30-Jul-2020,405,PE,0,0,0,112.25,42.95,0,0,0,0,06-JUL-2020,
OPTSTK,BHARATFORG,30-Jul-2020,410,PE,0,0,0,139.25,46.9,0,0,0,0,06-JUL-2020,
OPTSTK,BHARATFORG,30-Jul-2020,415,PE,0,0,0,120.45,50.95,0,0,0,0,06-JUL-2020,
OPTSTK,BHARATFORG,30-Jul-2020,420,PE,0,0,0,146.95,55.1,0,0,0,0,06-JUL-2020,
OPTSTK,BHARATFORG,30-Jul-2020,425,PE,0,0,0,115.1,59.4,0,0,0,0,06-JUL-2020,
OPTSTK,BHARATFORG,30-Jul-2020,430,PE,0,0,0,154.75,63.8,0,0,0,0,06-JUL-2020,
OPTSTK,BHARATFORG,30-Jul-2020,435,PE,0,0,0,123.25,68.25,0,0,0,0,06-JUL-2020,
OPTSTK,BHARATFORG,30-Jul-2020,440,PE,0,0,0,79.95,72.8,0,0,1500,0,06-JUL-2020,
OPTSTK,BHARATFORG,27-Aug-2020,195,CE,0,0,0,122.45,174.55,0,0,0,0,06-JUL-2020,
OPTSTK,BHARATFORG,27-Aug-2020,200,CE,0,0,0,118.55,169.55,0,0,0,0,06-JUL-2020,
OPTSTK,BHARATFORG,27-Aug-2020,205,CE,0,0,0,114.75,164.6,0,0,0,0,06-JUL-2020,
OPTSTK,BHARATFORG,27-Aug-2020,210,CE,0,0,0,111,159.65,0,0,0,0,06-JUL-2020,
OPTSTK,BHARATFORG,27-Aug-2020,215,CE,0,0,0,107.35,154.7,0,0,0,0,06-JUL-2020,
OPTSTK,BHARATFORG,27-Aug-2020,220,CE,0,0,0,103.8,149.75,0,0,0,0,06-JUL-2020,
OPTSTK,BHARATFORG,27-Aug-2020,225,CE,0,0,0,100.35,144.8,0,0,0,0,06-JUL-2020,
OPTSTK,BHARATFORG,27-Aug-2020,230,CE,0,0,0,96.95,139.9,0,0,0,0,06-JUL-2020,
OPTSTK,BHARATFORG,27-Aug-2020,235,CE,0,0,0,93.65,134.95,0,0,0,0,06-JUL-2020,
OPTSTK,BHARATFORG,27-Aug-2020,240,CE,0,0,0,90.45,130.05,0,0,0,0,06-JUL-2020,
OPTSTK,BHARATFORG,27-Aug-2020,245,CE,0,0,0,87.35,125.2,0,0,0,0,06-JUL-2020,
OPTSTK,BHARATFORG,27-Aug-2020,250,CE,0,0,0,84.3,120.35,0,0,0,0,06-JUL-2020,
OPTSTK,BHARATFORG,27-Aug-2020,255,CE,0,0,0,81.35,115.55,0,0,0,0,06-JUL-2020,
OPTSTK,BHARATFORG,27-Aug-2020,260,CE,0,0,0,78.5,110.75,0,0,0,0,06-JUL-2020,
OPTSTK,BHARATFORG,27-Aug-2020,265,CE,0,0,0,75.7,106.05,0,0,0,0,06-JUL-2020,
OPTSTK,BHARATFORG,27-Aug-2020,270,CE,0,0,0,73,101.35,0,0,0,0,06-JUL-2020,
OPTSTK,BHARATFORG,27-Aug-2020,275,CE,0,0,0,70.4,96.75,0,0,0,0,06-JUL-2020,
OPTSTK,BHARATFORG,27-Aug-2020,280,CE,0,0,0,67.85,92.2,0,0,0,0,06-JUL-2020,
OPTSTK,BHARATFORG,27-Aug-2020,285,CE,0,0,0,65.4,87.7,0,0,0,0,06-JUL-2020,
OPTSTK,BHARATFORG,27-Aug-2020,290,CE,0,0,0,63.05,83.3,0,0,0,0,06-JUL-2020,
OPTSTK,BHARATFORG,27-Aug-2020,295,CE,0,0,0,60.75,79,0,0,0,0,06-JUL-2020,
OPTSTK,BHARATFORG,27-Aug-2020,300,CE,0,0,0,58.5,74.8,0,0,0,0,06-JUL-2020,
OPTSTK,BHARATFORG,27-Aug-2020,305,CE,0,0,0,56.35,70.7,0,0,0,0,06-JUL-2020,
OPTSTK,BHARATFORG,27-Aug-2020,310,CE,0,0,0,54.25,66.7,0,0,0,0,06-JUL-2020,
OPTSTK,BHARATFORG,27-Aug-2020,315,CE,0,0,0,52.25,62.8,0,0,0,0,06-JUL-2020,
OPTSTK,BHARATFORG,27-Aug-2020,320,CE,0,0,0,50.3,59.05,0,0,0,0,06-JUL-2020,
OPTSTK,BHARATFORG,27-Aug-2020,325,CE,0,0,0,26.05,55.45,0,0,1500,0,06-JUL-2020,
OPTSTK,BHARATFORG,27-Aug-2020,330,CE,0,0,0,25.05,51.95,0,0,1500,0,06-JUL-2020,
OPTSTK,BHARATFORG,27-Aug-2020,335,CE,0,0,0,44.9,48.6,0,0,0,0,06-JUL-2020,
OPTSTK,BHARATFORG,27-Aug-2020,340,CE,0,0,0,43.2,45.35,0,0,0,0,06-JUL-2020,
OPTSTK,BHARATFORG,27-Aug-2020,345,CE,0,0,0,14.3,42.3,0,0,3000,0,06-JUL-2020,
OPTSTK,BHARATFORG,27-Aug-2020,350,CE,0,0,0,18.85,39.35,0,0,3000,0,06-JUL-2020,
OPTSTK,BHARATFORG,27-Aug-2020,355,CE,0,0,0,38.5,36.55,0,0,0,0,06-JUL-2020,
OPTSTK,BHARATFORG,27-Aug-2020,360,CE,0,0,0,37,33.9,0,0,0,0,06-JUL-2020,
OPTSTK,BHARATFORG,27-Aug-2020,365,CE,0,0,0,35.6,31.35,0,0,0,0,06-JUL-2020,
OPTSTK,BHARATFORG,27-Aug-2020,370,CE,0,0,0,34.25,29,0,0,0,0,06-JUL-2020,
OPTSTK,BHARATFORG,27-Aug-2020,375,CE,0,0,0,32.95,26.75,0,0,0,0,06-JUL-2020,
OPTSTK,BHARATFORG,27-Aug-2020,380,CE,22.1,22.1,22.1,22.1,22.1,1,6.03,6000,1500,06-JUL-2020,
OPTSTK,BHARATFORG,27-Aug-2020,385,CE,0,0,0,30.5,22.7,0,0,0,0,06-JUL-2020,
OPTSTK,BHARATFORG,27-Aug-2020,390,CE,0,0,0,13.75,20.85,0,0,4500,0,06-JUL-2020,
OPTSTK,BHARATFORG,27-Aug-2020,395,CE,0,0,0,28.2,19.1,0,0,0,0,06-JUL-2020,
OPTSTK,BHARATFORG,27-Aug-2020,400,CE,0,0,0,27.15,17.5,0,0,0,0,06-JUL-2020,
OPTSTK,BHARATFORG,27-Aug-2020,405,CE,0,0,0,26.1,16,0,0,0,0,06-JUL-2020,
OPTSTK,BHARATFORG,27-Aug-2020,410,CE,0,0,0,25.1,14.6,0,0,0,0,06-JUL-2020,
OPTSTK,BHARATFORG,27-Aug-2020,415,CE,0,0,0,24.15,13.3,0,0,0,0,06-JUL-2020,
OPTSTK,BHARATFORG,27-Aug-2020,420,CE,0,0,0,1.9,12.1,0,0,1500,0,06-JUL-2020,
OPTSTK,BHARATFORG,27-Aug-2020,425,CE,0,0,0,29.15,11,0,0,0,0,06-JUL-2020,
OPTSTK,BHARATFORG,27-Aug-2020,430,CE,0,0,0,28.1,10,0,0,0,0,06-JUL-2020,
OPTSTK,BHARATFORG,27-Aug-2020,195,PE,0,0,0,8.1,0.05,0,0,0,0,06-JUL-2020,
OPTSTK,BHARATFORG,27-Aug-2020,200,PE,0,0,0,9.15,0.05,0,0,0,0,06-JUL-2020,
OPTSTK,BHARATFORG,27-Aug-2020,205,PE,0,0,0,10.3,0.05,0,0,0,0,06-JUL-2020,
OPTSTK,BHARATFORG,27-Aug-2020,210,PE,0,0,0,11.5,0.05,0,0,0,0,06-JUL-2020,
OPTSTK,BHARATFORG,27-Aug-2020,215,PE,0,0,0,12.8,0.05,0,0,0,0,06-JUL-2020,
OPTSTK,BHARATFORG,27-Aug-2020,220,PE,0,0,0,14.2,0.05,0,0,0,0,06-JUL-2020,
OPTSTK,BHARATFORG,27-Aug-2020,225,PE,0,0,0,15.65,0.1,0,0,0,0,06-JUL-2020,
OPTSTK,BHARATFORG,27-Aug-2020,230,PE,0,0,0,17.25,0.15,0,0,0,0,06-JUL-2020,
OPTSTK,BHARATFORG,27-Aug-2020,235,PE,0,0,0,18.85,0.2,0,0,0,0,06-JUL-2020,
OPTSTK,BHARATFORG,27-Aug-2020,240,PE,0,0,0,20.6,0.25,0,0,0,0,06-JUL-2020,
OPTSTK,BHARATFORG,27-Aug-2020,245,PE,0,0,0,22.4,0.35,0,0,0,0,06-JUL-2020,
OPTSTK,BHARATFORG,27-Aug-2020,250,PE,0,0,0,24.3,0.5,0,0,0,0,06-JUL-2020,
OPTSTK,BHARATFORG,27-Aug-2020,255,PE,0,0,0,26.3,0.65,0,0,0,0,06-JUL-2020,
OPTSTK,BHARATFORG,27-Aug-2020,260,PE,0,0,0,28.4,0.85,0,0,0,0,06-JUL-2020,
OPTSTK,BHARATFORG,27-Aug-2020,265,PE,0,0,0,30.55,1.1,0,0,0,0,06-JUL-2020,
OPTSTK,BHARATFORG,27-Aug-2020,270,PE,0,0,0,32.8,1.35,0,0,0,0,06-JUL-2020,
OPTSTK,BHARATFORG,27-Aug-2020,275,PE,0,0,0,35.1,1.7,0,0,0,0,06-JUL-2020,
OPTSTK,BHARATFORG,27-Aug-2020,280,PE,0,0,0,37.5,2.15,0,0,0,0,06-JUL-2020,
OPTSTK,BHARATFORG,27-Aug-2020,285,PE,0,0,0,40,2.65,0,0,0,0,06-JUL-2020,
OPTSTK,BHARATFORG,27-Aug-2020,290,PE,0,0,0,42.55,3.2,0,0,0,0,06-JUL-2020,
OPTSTK,BHARATFORG,27-Aug-2020,295,PE,0,0,0,45.2,3.85,0,0,0,0,06-JUL-2020,
OPTSTK,BHARATFORG,27-Aug-2020,300,PE,0,0,0,47.9,4.65,0,0,0,0,06-JUL-2020,
OPTSTK,BHARATFORG,27-Aug-2020,305,PE,0,0,0,50.7,5.5,0,0,0,0,06-JUL-2020,
OPTSTK,BHARATFORG,27-Aug-2020,310,PE,0,0,0,53.55,6.45,0,0,0,0,06-JUL-2020,
OPTSTK,BHARATFORG,27-Aug-2020,315,PE,0,0,0,18.05,7.55,0,0,1500,0,06-JUL-2020,
OPTSTK,BHARATFORG,27-Aug-2020,320,PE,0,0,0,19.05,8.75,0,0,1500,0,06-JUL-2020,
OPTSTK,BHARATFORG,27-Aug-2020,325,PE,0,0,0,62.55,10.1,0,0,0,0,06-JUL-2020,
OPTSTK,BHARATFORG,27-Aug-2020,330,PE,0,0,0,65.65,11.6,0,0,0,0,06-JUL-2020,
OPTSTK,BHARATFORG,27-Aug-2020,335,PE,0,0,0,68.85,13.2,0,0,0,0,06-JUL-2020,
OPTSTK,BHARATFORG,27-Aug-2020,340,PE,0,0,0,19,14.95,0,0,1500,0,06-JUL-2020,
OPTSTK,BHARATFORG,27-Aug-2020,345,PE,0,0,0,45.75,16.85,0,0,3000,0,06-JUL-2020,
OPTSTK,BHARATFORG,27-Aug-2020,350,PE,0,0,0,41.95,18.9,0,0,3000,0,06-JUL-2020,
OPTSTK,BHARATFORG,27-Aug-2020,355,PE,0,0,0,82.2,21.05,0,0,0,0,06-JUL-2020,
OPTSTK,BHARATFORG,27-Aug-2020,360,PE,0,0,0,85.7,23.35,0,0,0,0,06-JUL-2020,
OPTSTK,BHARATFORG,27-Aug-2020,365,PE,0,0,0,89.25,25.8,0,0,0,0,06-JUL-2020,
OPTSTK,BHARATFORG,27-Aug-2020,370,PE,0,0,0,92.8,28.4,0,0,0,0,06-JUL-2020,
OPTSTK,BHARATFORG,27-Aug-2020,375,PE,0,0,0,96.45,31.15,0,0,0,0,06-JUL-2020,
OPTSTK,BHARATFORG,27-Aug-2020,380,PE,0,0,0,100.15,34,0,0,0,0,06-JUL-2020,
OPTSTK,BHARATFORG,27-Aug-2020,385,PE,0,0,0,103.9,37,0,0,0,0,06-JUL-2020,
OPTSTK,BHARATFORG,27-Aug-2020,390,PE,0,0,0,107.65,40.1,0,0,0,0,06-JUL-2020,
OPTSTK,BHARATFORG,27-Aug-2020,395,PE,0,0,0,111.5,43.35,0,0,0,0,06-JUL-2020,
OPTSTK,BHARATFORG,27-Aug-2020,400,PE,0,0,0,115.35,46.7,0,0,0,0,06-JUL-2020,
OPTSTK,BHARATFORG,27-Aug-2020,405,PE,0,0,0,119.25,50.2,0,0,0,0,06-JUL-2020,
OPTSTK,BHARATFORG,27-Aug-2020,410,PE,0,0,0,123.2,53.75,0,0,0,0,06-JUL-2020,
OPTSTK,BHARATFORG,27-Aug-2020,415,PE,0,0,0,127.15,57.45,0,0,0,0,06-JUL-2020,
OPTSTK,BHARATFORG,27-Aug-2020,420,PE,0,0,0,119.25,61.25,0,0,0,0,06-JUL-2020,
OPTSTK,BHARATFORG,27-Aug-2020,425,PE,0,0,0,123.1,65.1,0,0,0,0,06-JUL-2020,
OPTSTK,BHARATFORG,27-Aug-2020,430,PE,0,0,0,127,69.05,0,0,0,0,06-JUL-2020,
OPTSTK,BHARATFORG,24-Sep-2020,220,CE,0,0,0,142.9,150.75,0,0,0,0,06-JUL-2020,
OPTSTK,BHARATFORG,24-Sep-2020,230,CE,0,0,0,134.1,141.1,0,0,0,0,06-JUL-2020,
OPTSTK,BHARATFORG,24-Sep-2020,240,CE,0,0,0,125.55,131.6,0,0,0,0,06-JUL-2020,
OPTSTK,BHARATFORG,24-Sep-2020,250,CE,0,0,0,117.25,122.25,0,0,0,0,06-JUL-2020,
OPTSTK,BHARATFORG,24-Sep-2020,260,CE,0,0,0,109.25,113.1,0,0,0,0,06-JUL-2020,
OPTSTK,BHARATFORG,24-Sep-2020,270,CE,0,0,0,101.6,104.2,0,0,0,0,06-JUL-2020,
OPTSTK,BHARATFORG,24-Sep-2020,280,CE,0,0,0,94.3,95.6,0,0,0,0,06-JUL-2020,
OPTSTK,BHARATFORG,24-Sep-2020,290,CE,0,0,0,87.35,87.3,0,0,0,0,06-JUL-2020,
OPTSTK,BHARATFORG,24-Sep-2020,300,CE,0,0,0,80.7,79.4,0,0,0,0,06-JUL-2020,
OPTSTK,BHARATFORG,24-Sep-2020,310,CE,0,0,0,74.45,71.9,0,0,0,0,06-JUL-2020,
OPTSTK,BHARATFORG,24-Sep-2020,320,CE,0,0,0,68.55,64.85,0,0,0,0,06-JUL-2020,
OPTSTK,BHARATFORG,24-Sep-2020,330,CE,0,0,0,63.05,58.25,0,0,0,0,06-JUL-2020,
OPTSTK,BHARATFORG,24-Sep-2020,340,CE,0,0,0,57.85,52.1,0,0,0,0,06-JUL-2020,
OPTSTK,BHARATFORG,24-Sep-2020,350,CE,0,0,0,53.05,46.4,0,0,0,0,06-JUL-2020,
OPTSTK,BHARATFORG,24-Sep-2020,360,CE,0,0,0,48.55,41.2,0,0,0,0,06-JUL-2020,
OPTSTK,BHARATFORG,24-Sep-2020,370,CE,0,0,0,44.35,36.4,0,0,0,0,06-JUL-2020,
OPTSTK,BHARATFORG,24-Sep-2020,380,CE,0,0,0,40.5,32.1,0,0,0,0,06-JUL-2020,
OPTSTK,BHARATFORG,24-Sep-2020,390,CE,0,0,0,36.9,28.15,0,0,0,0,06-JUL-2020,
OPTSTK,BHARATFORG,24-Sep-2020,400,CE,0,0,0,33.65,24.65,0,0,0,0,06-JUL-2020,
OPTSTK,BHARATFORG,24-Sep-2020,410,CE,0,0,0,30.6,21.5,0,0,0,0,06-JUL-2020,
OPTSTK,BHARATFORG,24-Sep-2020,420,CE,0,0,0,27.8,18.7,0,0,0,0,06-JUL-2020,
OPTSTK,BHARATFORG,24-Sep-2020,430,CE,0,0,0,25.25,16.2,0,0,0,0,06-JUL-2020,
OPTSTK,BHARATFORG,24-Sep-2020,220,PE,0,0,0,2.9,0.35,0,0,0,0,06-JUL-2020,
OPTSTK,BHARATFORG,24-Sep-2020,230,PE,0,0,0,4,0.65,0,0,0,0,06-JUL-2020,
OPTSTK,BHARATFORG,24-Sep-2020,240,PE,0,0,0,5.3,1,0,0,0,0,06-JUL-2020,
OPTSTK,BHARATFORG,24-Sep-2020,250,PE,0,0,0,6.9,1.55,0,0,0,0,06-JUL-2020,
OPTSTK,BHARATFORG,24-Sep-2020,260,PE,0,0,0,8.8,2.3,0,0,0,0,06-JUL-2020,
OPTSTK,BHARATFORG,24-Sep-2020,270,PE,0,0,0,11.05,3.35,0,0,0,0,06-JUL-2020,
OPTSTK,BHARATFORG,24-Sep-2020,280,PE,0,0,0,13.6,4.65,0,0,0,0,06-JUL-2020,
OPTSTK,BHARATFORG,24-Sep-2020,290,PE,0,0,0,16.5,6.25,0,0,0,0,06-JUL-2020,
OPTSTK,BHARATFORG,24-Sep-2020,300,PE,0,0,0,19.8,8.3,0,0,0,0,06-JUL-2020,
OPTSTK,BHARATFORG,24-Sep-2020,310,PE,0,0,0,23.4,10.7,0,0,0,0,06-JUL-2020,
OPTSTK,BHARATFORG,24-Sep-2020,320,PE,0,0,0,27.4,13.55,0,0,0,0,06-JUL-2020,
OPTSTK,BHARATFORG,24-Sep-2020,330,PE,0,0,0,31.75,16.85,0,0,0,0,06-JUL-2020,
OPTSTK,BHARATFORG,24-Sep-2020,340,PE,0,0,0,36.5,20.6,0,0,0,0,06-JUL-2020,
OPTSTK,BHARATFORG,24-Sep-2020,350,PE,0,0,0,41.55,24.8,0,0,0,0,06-JUL-2020,
OPTSTK,BHARATFORG,24-Sep-2020,360,PE,0,0,0,46.9,29.5,0,0,0,0,06-JUL-2020,
OPTSTK,BHARATFORG,24-Sep-2020,370,PE,0,0,0,52.6,34.65,0,0,0,0,06-JUL-2020,
OPTSTK,BHARATFORG,24-Sep-2020,380,PE,0,0,0,58.65,40.2,0,0,0,0,06-JUL-2020,
OPTSTK,BHARATFORG,24-Sep-2020,390,PE,0,0,0,64.95,46.2,0,0,0,0,06-JUL-2020,
OPTSTK,BHARATFORG,24-Sep-2020,400,PE,0,0,0,71.55,52.6,0,0,0,0,06-JUL-2020,
OPTSTK,BHARATFORG,24-Sep-2020,410,PE,0,0,0,78.4,59.35,0,0,0,0,06-JUL-2020,
OPTSTK,BHARATFORG,24-Sep-2020,420,PE,0,0,0,85.5,66.45,0,0,0,0,06-JUL-2020,
OPTSTK,BHARATFORG,24-Sep-2020,430,PE,0,0,0,92.85,73.85,0,0,0,0,06-JUL-2020,
OPTSTK,BHARTIARTL,30-Jul-2020,310,CE,0,0,0,212.35,267.45,0,0,0,0,06-JUL-2020,
OPTSTK,BHARTIARTL,30-Jul-2020,320,CE,0,0,0,203.5,257.5,0,0,0,0,06-JUL-2020,
OPTSTK,BHARTIARTL,30-Jul-2020,330,CE,0,0,0,194.8,247.5,0,0,0,0,06-JUL-2020,
OPTSTK,BHARTIARTL,30-Jul-2020,340,CE,0,0,0,186.3,237.55,0,0,0,0,06-JUL-2020,
OPTSTK,BHARTIARTL,30-Jul-2020,350,CE,0,0,0,177.95,227.6,0,0,0,0,06-JUL-2020,
OPTSTK,BHARTIARTL,30-Jul-2020,360,CE,0,0,0,216,217.6,0,0,1851,0,06-JUL-2020,
OPTSTK,BHARTIARTL,30-Jul-2020,370,CE,0,0,0,161.9,207.65,0,0,0,0,06-JUL-2020,
OPTSTK,BHARTIARTL,30-Jul-2020,380,CE,0,0,0,154.25,197.65,0,0,0,0,06-JUL-2020,
OPTSTK,BHARTIARTL,30-Jul-2020,390,CE,0,0,0,146.8,187.7,0,0,0,0,06-JUL-2020,
OPTSTK,BHARTIARTL,30-Jul-2020,400,CE,0,0,0,139.55,177.7,0,0,0,0,06-JUL-2020,
OPTSTK,BHARTIARTL,30-Jul-2020,410,CE,0,0,0,132.55,167.75,0,0,0,0,06-JUL-2020,
OPTSTK,BHARTIARTL,30-Jul-2020,420,CE,0,0,0,125.8,157.8,0,0,0,0,06-JUL-2020,
OPTSTK,BHARTIARTL,30-Jul-2020,430,CE,0,0,0,119.25,147.85,0,0,0,0,06-JUL-2020,
OPTSTK,BHARTIARTL,30-Jul-2020,440,CE,0,0,0,113,137.9,0,0,0,0,06-JUL-2020,
OPTSTK,BHARTIARTL,30-Jul-2020,450,CE,0,0,0,106.95,128.05,0,0,0,0,06-JUL-2020,
OPTSTK,BHARTIARTL,30-Jul-2020,460,CE,0,0,0,108.45,118.2,0,0,7404,0,06-JUL-2020,
OPTSTK,BHARTIARTL,30-Jul-2020,470,CE,0,0,0,95.65,108.5,0,0,0,0,06-JUL-2020,
OPTSTK,BHARTIARTL,30-Jul-2020,480,CE,0,0,0,90.35,98.9,0,0,0,0,06-JUL-2020,
OPTSTK,BHARTIARTL,30-Jul-2020,490,CE,0,0,0,85.3,89.5,0,0,0,0,06-JUL-2020,
OPTSTK,BHARTIARTL,30-Jul-2020,500,CE,87,89.35,81,81.1,81.1,23,248.77,148080,-3702,06-JUL-2020,
OPTSTK,BHARTIARTL,30-Jul-2020,510,CE,0,0,0,75.85,71.5,0,0,0,0,06-JUL-2020,
OPTSTK,BHARTIARTL,30-Jul-2020,520,CE,63,63.4,63,63.4,63.05,3,32.38,14808,1851,06-JUL-2020,
OPTSTK,BHARTIARTL,30-Jul-2020,530,CE,60,60,58,58,55.05,5,54.54,40722,-5553,06-JUL-2020,
OPTSTK,BHARTIARTL,30-Jul-2020,540,CE,50.85,52.9,45.2,46.9,46.9,37,403.43,120315,3702,06-JUL-2020,
OPTSTK,BHARTIARTL,30-Jul-2020,550,CE,45.1,46,37.8,39.3,39.3,139,1523.32,496068,44424,06-JUL-2020,
OPTSTK,BHARTIARTL,30-Jul-2020,560,CE,39,40,31.85,33.45,33.45,350,3857.52,903288,116613,06-JUL-2020,
OPTSTK,BHARTIARTL,30-Jul-2020,570,CE,31.15,34,26.4,28.1,28.1,605,6715.54,1001391,99954,06-JUL-2020,
OPTSTK,BHARTIARTL,30-Jul-2020,580,CE,28,28.8,22,23.55,23.55,2436,27277.66,2739480,447942,06-JUL-2020,
OPTSTK,BHARTIARTL,30-Jul-2020,590,CE,22.2,23.95,18.15,19.5,19.5,1566,17709.38,1069878,444240,06-JUL-2020,
OPTSTK,BHARTIARTL,30-Jul-2020,600,CE,17,19.75,14.95,16.05,16.05,5929,67735.27,5312370,1068027,06-JUL-2020,
OPTSTK,BHARTIARTL,30-Jul-2020,610,CE,14.2,15.95,12,13.15,13.15,1036,11961.78,984732,212865,06-JUL-2020,
OPTSTK,BHARTIARTL,30-Jul-2020,620,CE,11.85,12.7,9.6,10.35,10.35,1757,20517.92,1926891,242481,06-JUL-2020,
OPTSTK,BHARTIARTL,30-Jul-2020,630,CE,9.05,10.15,7.6,8.35,8.35,652,7707.56,969924,64785,06-JUL-2020,
OPTSTK,BHARTIARTL,30-Jul-2020,640,CE,5.6,8.05,5.6,6.65,6.65,496,5939.67,549747,61083,06-JUL-2020,
OPTSTK,BHARTIARTL,30-Jul-2020,650,CE,5.2,6.5,4.9,5.35,5.35,718,8712.44,1097643,55530,06-JUL-2020,
OPTSTK,BHARTIARTL,30-Jul-2020,660,CE,4.5,5.1,3.95,4.25,4.25,319,3922.94,373902,75891,06-JUL-2020,
OPTSTK,BHARTIARTL,30-Jul-2020,670,CE,3.75,4,3.25,3.5,3.5,272,3391.23,268395,120315,06-JUL-2020,
OPTSTK,BHARTIARTL,30-Jul-2020,680,CE,2.65,3.3,2.65,2.9,2.9,153,1934.07,227673,27765,06-JUL-2020,
OPTSTK,BHARTIARTL,30-Jul-2020,690,CE,2.35,2.9,2.3,2.5,2.5,196,2512.34,231375,168441,06-JUL-2020,
OPTSTK,BHARTIARTL,30-Jul-2020,700,CE,2,2.2,1.8,1.95,1.95,419,5443.84,1525224,46275,06-JUL-2020,
OPTSTK,BHARTIARTL,30-Jul-2020,310,PE,0,0,0,4.15,0.05,0,0,0,0,06-JUL-2020,
OPTSTK,BHARTIARTL,30-Jul-2020,320,PE,0,0,0,5.15,0.05,0,0,0,0,06-JUL-2020,
OPTSTK,BHARTIARTL,30-Jul-2020,330,PE,0,0,0,6.3,0.05,0,0,0,0,06-JUL-2020,
OPTSTK,BHARTIARTL,30-Jul-2020,340,PE,0,0,0,0.5,0.05,0,0,3702,0,06-JUL-2020,
OPTSTK,BHARTIARTL,30-Jul-2020,350,PE,0,0,0,9.2,0.05,0,0,0,0,06-JUL-2020,
OPTSTK,BHARTIARTL,30-Jul-2020,360,PE,0,0,0,10.95,0.05,0,0,0,0,06-JUL-2020,
OPTSTK,BHARTIARTL,30-Jul-2020,370,PE,0,0,0,12.95,0.05,0,0,0,0,06-JUL-2020,
OPTSTK,BHARTIARTL,30-Jul-2020,380,PE,0,0,0,15.1,0.05,0,0,0,0,06-JUL-2020,
OPTSTK,BHARTIARTL,30-Jul-2020,390,PE,0,0,0,17.55,0.05,0,0,0,0,06-JUL-2020,
OPTSTK,BHARTIARTL,30-Jul-2020,400,PE,0.35,0.35,0.35,0.35,0.05,1,7.41,7404,0,06-JUL-2020,
OPTSTK,BHARTIARTL,30-Jul-2020,410,PE,0,0,0,23.05,0.05,0,0,0,0,06-JUL-2020,
OPTSTK,BHARTIARTL,30-Jul-2020,420,PE,0,0,0,0.6,0.05,0,0,3702,0,06-JUL-2020,
OPTSTK,BHARTIARTL,30-Jul-2020,430,PE,0,0,0,29.5,0.05,0,0,0,0,06-JUL-2020,
OPTSTK,BHARTIARTL,30-Jul-2020,440,PE,0,0,0,0.3,0.1,0,0,16659,0,06-JUL-2020,
OPTSTK,BHARTIARTL,30-Jul-2020,450,PE,0.4,0.45,0.3,0.35,0.35,16,133.38,418326,-3702,06-JUL-2020,
OPTSTK,BHARTIARTL,30-Jul-2020,460,PE,0.7,0.7,0.45,0.55,0.35,8,68.19,211014,0,06-JUL-2020,
OPTSTK,BHARTIARTL,30-Jul-2020,470,PE,0.6,0.65,0.6,0.65,0.55,3,26.13,29616,0,06-JUL-2020,
OPTSTK,BHARTIARTL,30-Jul-2020,480,PE,0.95,0.95,0.75,0.85,0.85,69,614.09,549747,-35169,06-JUL-2020,
OPTSTK,BHARTIARTL,30-Jul-2020,490,PE,1.4,1.6,1.05,1.5,1.5,35,318.31,122166,12957,06-JUL-2020,
OPTSTK,BHARTIARTL,30-Jul-2020,500,PE,1.4,1.95,1.3,1.9,1.9,298,2767.26,1291998,-81444,06-JUL-2020,
OPTSTK,BHARTIARTL,30-Jul-2020,510,PE,1.85,2.7,1.75,2.55,2.55,94,891.37,298011,44424,06-JUL-2020,
OPTSTK,BHARTIARTL,30-Jul-2020,520,PE,2.75,3.95,2.6,3.8,3.8,532,5152.77,895884,129570,06-JUL-2020,
OPTSTK,BHARTIARTL,30-Jul-2020,530,PE,3.9,5.5,3.8,5.4,5.4,379,3751.14,1386399,86997,06-JUL-2020,
OPTSTK,BHARTIARTL,30-Jul-2020,540,PE,5.75,7.8,5.5,7.7,7.7,570,5767.88,914394,25914,06-JUL-2020,
OPTSTK,BHARTIARTL,30-Jul-2020,550,PE,8.55,10.85,7.75,10.55,10.55,991,10258.58,1760301,379455,06-JUL-2020,
OPTSTK,BHARTIARTL,30-Jul-2020,560,PE,11.2,14.8,10.65,14.45,14.45,917,9722.9,1312359,151782,06-JUL-2020,
OPTSTK,BHARTIARTL,30-Jul-2020,570,PE,17.3,19.6,13.95,19.1,19.1,884,9609.95,782973,159186,06-JUL-2020,
OPTSTK,BHARTIARTL,30-Jul-2020,580,PE,18.3,25.15,18.3,24.45,24.45,1035,11532.93,758910,255438,06-JUL-2020,
OPTSTK,BHARTIARTL,30-Jul-2020,590,PE,25.5,31.3,23.95,30.55,30.55,263,3006.61,170292,125868,06-JUL-2020,
OPTSTK,BHARTIARTL,30-Jul-2020,600,PE,31,37.55,29.9,37.05,37.05,175,2052.5,273948,90699,06-JUL-2020,
OPTSTK,BHARTIARTL,30-Jul-2020,610,PE,36.5,44,36.5,43.7,43.7,6,72.28,24063,3702,06-JUL-2020,
OPTSTK,BHARTIARTL,30-Jul-2020,620,PE,44.9,51.5,44.9,51.5,51.6,7,86.64,16659,3702,06-JUL-2020,
OPTSTK,BHARTIARTL,30-Jul-2020,630,PE,52.05,52.05,52.05,52.05,59.4,1,12.62,1851,1851,06-JUL-2020,
OPTSTK,BHARTIARTL,30-Jul-2020,640,PE,60.7,60.7,60.7,60.7,67.6,1,12.96,3702,0,06-JUL-2020,
OPTSTK,BHARTIARTL,30-Jul-2020,650,PE,0,0,0,77.2,76.15,0,0,1851,0,06-JUL-2020,
OPTSTK,BHARTIARTL,30-Jul-2020,660,PE,0,0,0,97.8,85.05,0,0,1851,0,06-JUL-2020,
OPTSTK,BHARTIARTL,30-Jul-2020,670,PE,0,0,0,94,94.1,0,0,1851,0,06-JUL-2020,
OPTSTK,BHARTIARTL,30-Jul-2020,680,PE,0,0,0,115.2,103.4,0,0,1851,0,06-JUL-2020,
OPTSTK,BHARTIARTL,30-Jul-2020,690,PE,0,0,0,191.3,112.9,0,0,0,0,06-JUL-2020,
OPTSTK,BHARTIARTL,30-Jul-2020,700,PE,0,0,0,199.55,122.45,0,0,0,0,06-JUL-2020,
OPTSTK,BHARTIARTL,27-Aug-2020,340,CE,0,0,0,232.25,238.65,0,0,0,0,06-JUL-2020,
OPTSTK,BHARTIARTL,27-Aug-2020,350,CE,0,0,0,223.5,228.75,0,0,0,0,06-JUL-2020,
OPTSTK,BHARTIARTL,27-Aug-2020,360,CE,0,0,0,214.9,218.8,0,0,0,0,06-JUL-2020,
OPTSTK,BHARTIARTL,27-Aug-2020,370,CE,0,0,0,206.5,208.9,0,0,0,0,06-JUL-2020,
OPTSTK,BHARTIARTL,27-Aug-2020,380,CE,0,0,0,198.25,199,0,0,0,0,06-JUL-2020,
OPTSTK,BHARTIARTL,27-Aug-2020,390,CE,0,0,0,190.15,189.1,0,0,0,0,06-JUL-2020,
OPTSTK,BHARTIARTL,27-Aug-2020,400,CE,0,0,0,182.3,179.25,0,0,0,0,06-JUL-2020,
OPTSTK,BHARTIARTL,27-Aug-2020,410,CE,0,0,0,174.6,169.45,0,0,0,0,06-JUL-2020,
OPTSTK,BHARTIARTL,27-Aug-2020,420,CE,0,0,0,167.15,159.7,0,0,0,0,06-JUL-2020,
OPTSTK,BHARTIARTL,27-Aug-2020,430,CE,0,0,0,159.9,150.05,0,0,0,0,06-JUL-2020,
OPTSTK,BHARTIARTL,27-Aug-2020,440,CE,0,0,0,152.8,140.55,0,0,0,0,06-JUL-2020,
OPTSTK,BHARTIARTL,27-Aug-2020,450,CE,0,0,0,145.95,131.15,0,0,0,0,06-JUL-2020,
OPTSTK,BHARTIARTL,27-Aug-2020,460,CE,0,0,0,139.35,121.95,0,0,0,0,06-JUL-2020,
OPTSTK,BHARTIARTL,27-Aug-2020,470,CE,0,0,0,132.95,112.9,0,0,0,0,06-JUL-2020,
OPTSTK,BHARTIARTL,27-Aug-2020,480,CE,0,0,0,126.7,104.15,0,0,0,0,06-JUL-2020,
OPTSTK,BHARTIARTL,27-Aug-2020,490,CE,0,0,0,120.75,95.65,0,0,0,0,06-JUL-2020,
OPTSTK,BHARTIARTL,27-Aug-2020,500,CE,0,0,0,78,87.5,0,0,1851,0,06-JUL-2020,
OPTSTK,BHARTIARTL,27-Aug-2020,510,CE,83.05,83.05,83.05,83.05,79.65,1,10.97,1851,1851,06-JUL-2020,
OPTSTK,BHARTIARTL,27-Aug-2020,520,CE,0,0,0,73,72.2,0,0,0,0,06-JUL-2020,
OPTSTK,BHARTIARTL,27-Aug-2020,530,CE,65.2,66,65.1,66,65.15,3,33.06,3702,3702,06-JUL-2020,
OPTSTK,BHARTIARTL,27-Aug-2020,540,CE,58.3,58.3,58.3,58.3,58.5,2,22.14,3702,3702,06-JUL-2020,
OPTSTK,BHARTIARTL,27-Aug-2020,550,CE,52.1,52.1,51.8,51.8,52.3,2,22.28,5553,3702,06-JUL-2020,
OPTSTK,BHARTIARTL,27-Aug-2020,560,CE,0,0,0,40,46.55,0,0,1851,0,06-JUL-2020,
OPTSTK,BHARTIARTL,27-Aug-2020,570,CE,44.65,45,37.6,37.6,37.6,3,34,3702,-3702,06-JUL-2020,
OPTSTK,BHARTIARTL,27-Aug-2020,580,CE,39.8,39.8,35.1,35.2,35.2,18,205.52,35169,14808,06-JUL-2020,
OPTSTK,BHARTIARTL,27-Aug-2020,590,CE,31.65,31.65,31.65,31.65,31.9,1,11.5,1851,1851,06-JUL-2020,
OPTSTK,BHARTIARTL,27-Aug-2020,600,CE,30.05,31.6,26.55,27,27,95,1104.65,194355,11106,06-JUL-2020,
OPTSTK,BHARTIARTL,27-Aug-2020,610,CE,26.7,26.75,23.05,23.35,23.35,24,281.76,55530,22212,06-JUL-2020,
OPTSTK,BHARTIARTL,27-Aug-2020,620,CE,24.6,24.6,20.2,20.25,20.25,27,320.19,46275,27765,06-JUL-2020,
OPTSTK,BHARTIARTL,27-Aug-2020,630,CE,0,0,0,58.4,18.1,0,0,0,0,06-JUL-2020,
OPTSTK,BHARTIARTL,27-Aug-2020,640,CE,0,0,0,55.3,15.55,0,0,0,0,06-JUL-2020,
OPTSTK,BHARTIARTL,27-Aug-2020,650,CE,0,0,0,12.9,13.3,0,0,3702,0,06-JUL-2020,
OPTSTK,BHARTIARTL,27-Aug-2020,660,CE,13,13,10.5,10.5,11.3,4,49.76,5553,3702,06-JUL-2020,
OPTSTK,BHARTIARTL,27-Aug-2020,670,CE,0,0,0,46.8,9.6,0,0,0,0,06-JUL-2020,
OPTSTK,BHARTIARTL,27-Aug-2020,680,CE,0,0,0,44.3,8.1,0,0,0,0,06-JUL-2020,
OPTSTK,BHARTIARTL,27-Aug-2020,690,CE,0,0,0,41.9,6.85,0,0,0,0,06-JUL-2020,
OPTSTK,BHARTIARTL,27-Aug-2020,700,CE,6,8,5.9,6,5.75,15,196.19,27765,25914,06-JUL-2020,
OPTSTK,BHARTIARTL,27-Aug-2020,340,PE,0,0,0,5.4,0.05,0,0,0,0,06-JUL-2020,
OPTSTK,BHARTIARTL,27-Aug-2020,350,PE,0,0,0,6.5,0.05,0,0,0,0,06-JUL-2020,
OPTSTK,BHARTIARTL,27-Aug-2020,360,PE,0,0,0,7.8,0.05,0,0,0,0,06-JUL-2020,
OPTSTK,BHARTIARTL,27-Aug-2020,370,PE,0,0,0,9.25,0.05,0,0,0,0,06-JUL-2020,
OPTSTK,BHARTIARTL,27-Aug-2020,380,PE,0,0,0,10.85,0.1,0,0,0,0,06-JUL-2020,
OPTSTK,BHARTIARTL,27-Aug-2020,390,PE,0,0,0,12.7,0.15,0,0,0,0,06-JUL-2020,
OPTSTK,BHARTIARTL,27-Aug-2020,400,PE,0,0,0,14.7,0.25,0,0,0,0,06-JUL-2020,
OPTSTK,BHARTIARTL,27-Aug-2020,410,PE,0,0,0,16.9,0.4,0,0,0,0,06-JUL-2020,
OPTSTK,BHARTIARTL,27-Aug-2020,420,PE,0,0,0,19.3,0.6,0,0,0,0,06-JUL-2020,
OPTSTK,BHARTIARTL,27-Aug-2020,430,PE,0,0,0,21.9,0.9,0,0,0,0,06-JUL-2020,
OPTSTK,BHARTIARTL,27-Aug-2020,440,PE,0,0,0,24.7,1.3,0,0,0,0,06-JUL-2020,
OPTSTK,BHARTIARTL,27-Aug-2020,450,PE,0,0,0,1.5,1.85,0,0,1851,0,06-JUL-2020,
OPTSTK,BHARTIARTL,27-Aug-2020,460,PE,0,0,0,31,2.55,0,0,0,0,06-JUL-2020,
OPTSTK,BHARTIARTL,27-Aug-2020,470,PE,0,0,0,34.45,3.5,0,0,0,0,06-JUL-2020,
OPTSTK,BHARTIARTL,27-Aug-2020,480,PE,0,0,0,38.15,4.65,0,0,0,0,06-JUL-2020,
OPTSTK,BHARTIARTL,27-Aug-2020,490,PE,0,0,0,42.05,6.1,0,0,0,0,06-JUL-2020,
OPTSTK,BHARTIARTL,27-Aug-2020,500,PE,7.6,7.6,5.8,7.15,7.85,8,75.02,3702,1851,06-JUL-2020,
OPTSTK,BHARTIARTL,27-Aug-2020,510,PE,8.2,9.1,7.55,8.65,8.65,39,374.05,142527,24063,06-JUL-2020,
OPTSTK,BHARTIARTL,27-Aug-2020,520,PE,10,11.4,9.7,11.4,11.4,8,78.52,66636,14808,06-JUL-2020,
OPTSTK,BHARTIARTL,27-Aug-2020,530,PE,12.05,14,11.85,13.95,13.95,26,261.52,90699,46275,06-JUL-2020,
OPTSTK,BHARTIARTL,27-Aug-2020,540,PE,15,17,15,17,17,9,92.65,22212,16659,06-JUL-2020,
OPTSTK,BHARTIARTL,27-Aug-2020,550,PE,19,20.5,18.65,20.3,22.4,9,94.88,14808,12957,06-JUL-2020,
OPTSTK,BHARTIARTL,27-Aug-2020,560,PE,23.05,26.3,23.05,26.3,26.3,2,21.64,14808,1851,06-JUL-2020,
OPTSTK,BHARTIARTL,27-Aug-2020,570,PE,30.65,30.65,30.65,30.65,31.2,1,11.11,1851,0,06-JUL-2020,
OPTSTK,BHARTIARTL,27-Aug-2020,580,PE,33.75,35.95,33.55,35.95,35.95,21,238.8,37020,37020,06-JUL-2020,
OPTSTK,BHARTIARTL,27-Aug-2020,590,PE,38.5,38.5,38.5,38.5,41.75,1,11.63,1851,1851,06-JUL-2020,
OPTSTK,BHARTIARTL,27-Aug-2020,600,PE,43.85,44.95,43.85,44.95,47.65,2,23.85,3702,3702,06-JUL-2020,
OPTSTK,BHARTIARTL,27-Aug-2020,610,PE,49,51.2,49,51.2,53.95,2,24.43,9255,3702,06-JUL-2020,
OPTSTK,BHARTIARTL,27-Aug-2020,620,PE,0,0,0,111.4,60.65,0,0,0,0,06-JUL-2020,
OPTSTK,BHARTIARTL,27-Aug-2020,630,PE,0,0,0,118,67.7,0,0,0,0,06-JUL-2020,
OPTSTK,BHARTIARTL,27-Aug-2020,640,PE,0,0,0,124.75,75.1,0,0,0,0,06-JUL-2020,
OPTSTK,BHARTIARTL,27-Aug-2020,650,PE,0,0,0,131.65,82.75,0,0,0,0,06-JUL-2020,
OPTSTK,BHARTIARTL,27-Aug-2020,660,PE,0,0,0,138.75,90.75,0,0,0,0,06-JUL-2020,
OPTSTK,BHARTIARTL,27-Aug-2020,670,PE,0,0,0,145.95,98.95,0,0,0,0,06-JUL-2020,
OPTSTK,BHARTIARTL,27-Aug-2020,680,PE,0,0,0,153.3,107.4,0,0,0,0,06-JUL-2020,
OPTSTK,BHARTIARTL,27-Aug-2020,690,PE,0,0,0,160.75,116.05,0,0,0,0,06-JUL-2020,
OPTSTK,BHARTIARTL,27-Aug-2020,700,PE,0,0,0,168.35,124.9,0,0,0,0,06-JUL-2020,
OPTSTK,BHARTIARTL,24-Sep-2020,340,CE,0,0,0,224.05,239.85,0,0,0,0,06-JUL-2020,
OPTSTK,BHARTIARTL,24-Sep-2020,350,CE,0,0,0,214.55,230,0,0,0,0,06-JUL-2020,
OPTSTK,BHARTIARTL,24-Sep-2020,360,CE,0,0,0,205.15,220.15,0,0,0,0,06-JUL-2020,
OPTSTK,BHARTIARTL,24-Sep-2020,370,CE,0,0,0,195.85,210.35,0,0,0,0,06-JUL-2020,
OPTSTK,BHARTIARTL,24-Sep-2020,380,CE,0,0,0,186.7,200.6,0,0,0,0,06-JUL-2020,
OPTSTK,BHARTIARTL,24-Sep-2020,390,CE,0,0,0,177.7,190.9,0,0,0,0,06-JUL-2020,
OPTSTK,BHARTIARTL,24-Sep-2020,400,CE,0,0,0,168.85,181.3,0,0,0,0,06-JUL-2020,
OPTSTK,BHARTIARTL,24-Sep-2020,410,CE,0,0,0,160.2,171.8,0,0,0,0,06-JUL-2020,
OPTSTK,BHARTIARTL,24-Sep-2020,420,CE,0,0,0,151.75,162.4,0,0,0,0,06-JUL-2020,
OPTSTK,BHARTIARTL,24-Sep-2020,430,CE,0,0,0,143.5,153.15,0,0,0,0,06-JUL-2020,
OPTSTK,BHARTIARTL,24-Sep-2020,440,CE,0,0,0,135.5,144.05,0,0,0,0,06-JUL-2020,
OPTSTK,BHARTIARTL,24-Sep-2020,450,CE,0,0,0,127.7,135.15,0,0,0,0,06-JUL-2020,
OPTSTK,BHARTIARTL,24-Sep-2020,460,CE,0,0,0,120.2,126.5,0,0,0,0,06-JUL-2020,
OPTSTK,BHARTIARTL,24-Sep-2020,470,CE,0,0,0,112.95,118.05,0,0,0,0,06-JUL-2020,
OPTSTK,BHARTIARTL,24-Sep-2020,480,CE,0,0,0,106,109.85,0,0,0,0,06-JUL-2020,
OPTSTK,BHARTIARTL,24-Sep-2020,490,CE,0,0,0,99.3,101.95,0,0,0,0,06-JUL-2020,
OPTSTK,BHARTIARTL,24-Sep-2020,500,CE,0,0,0,92.85,94.35,0,0,0,0,06-JUL-2020,
OPTSTK,BHARTIARTL,24-Sep-2020,510,CE,0,0,0,86.7,87.1,0,0,0,0,06-JUL-2020,
OPTSTK,BHARTIARTL,24-Sep-2020,520,CE,0,0,0,80.85,80.15,0,0,0,0,06-JUL-2020,
OPTSTK,BHARTIARTL,24-Sep-2020,530,CE,0,0,0,75.3,73.55,0,0,0,0,06-JUL-2020,
OPTSTK,BHARTIARTL,24-Sep-2020,540,CE,0,0,0,70.05,67.3,0,0,0,0,06-JUL-2020,
OPTSTK,BHARTIARTL,24-Sep-2020,550,CE,0,0,0,65.05,61.45,0,0,0,0,06-JUL-2020,
OPTSTK,BHARTIARTL,24-Sep-2020,560,CE,0,0,0,60.35,55.9,0,0,0,0,06-JUL-2020,
OPTSTK,BHARTIARTL,24-Sep-2020,570,CE,0,0,0,55.9,50.75,0,0,0,0,06-JUL-2020,
OPTSTK,BHARTIARTL,24-Sep-2020,580,CE,0,0,0,51.7,45.95,0,0,0,0,06-JUL-2020,
OPTSTK,BHARTIARTL,24-Sep-2020,590,CE,0,0,0,47.75,41.45,0,0,0,0,06-JUL-2020,
OPTSTK,BHARTIARTL,24-Sep-2020,600,CE,0,0,0,44.1,37.35,0,0,0,0,06-JUL-2020,
OPTSTK,BHARTIARTL,24-Sep-2020,610,CE,0,0,0,40.65,33.55,0,0,0,0,06-JUL-2020,
OPTSTK,BHARTIARTL,24-Sep-2020,620,CE,0,0,0,37.45,30.05,0,0,0,0,06-JUL-2020,
OPTSTK,BHARTIARTL,24-Sep-2020,630,CE,0,0,0,34.45,26.85,0,0,0,0,06-JUL-2020,
OPTSTK,BHARTIARTL,24-Sep-2020,640,CE,0,0,0,31.65,23.95,0,0,0,0,06-JUL-2020,
OPTSTK,BHARTIARTL,24-Sep-2020,650,CE,0,0,0,29.05,21.3,0,0,0,0,06-JUL-2020,
OPTSTK,BHARTIARTL,24-Sep-2020,660,CE,0,0,0,26.65,18.9,0,0,0,0,06-JUL-2020,
OPTSTK,BHARTIARTL,24-Sep-2020,670,CE,0,0,0,24.45,16.75,0,0,0,0,06-JUL-2020,
OPTSTK,BHARTIARTL,24-Sep-2020,680,CE,0,0,0,22.4,14.8,0,0,0,0,06-JUL-2020,
OPTSTK,BHARTIARTL,24-Sep-2020,690,CE,0,0,0,20.5,13.05,0,0,0,0,06-JUL-2020,
OPTSTK,BHARTIARTL,24-Sep-2020,700,CE,0,0,0,18.7,11.5,0,0,0,0,06-JUL-2020,
OPTSTK,BHARTIARTL,24-Sep-2020,340,PE,0,0,0,1.1,0.1,0,0,0,0,06-JUL-2020,
OPTSTK,BHARTIARTL,24-Sep-2020,350,PE,0,0,0,1.45,0.15,0,0,0,0,06-JUL-2020,
OPTSTK,BHARTIARTL,24-Sep-2020,360,PE,0,0,0,1.95,0.2,0,0,0,0,06-JUL-2020,
OPTSTK,BHARTIARTL,24-Sep-2020,370,PE,0,0,0,2.55,0.3,0,0,0,0,06-JUL-2020,
OPTSTK,BHARTIARTL,24-Sep-2020,380,PE,0,0,0,3.3,0.5,0,0,0,0,06-JUL-2020,
OPTSTK,BHARTIARTL,24-Sep-2020,390,PE,0,0,0,4.15,0.7,0,0,0,0,06-JUL-2020,
OPTSTK,BHARTIARTL,24-Sep-2020,400,PE,0,0,0,5.2,1,0,0,0,0,06-JUL-2020,
OPTSTK,BHARTIARTL,24-Sep-2020,410,PE,0,0,0,6.45,1.4,0,0,0,0,06-JUL-2020,
OPTSTK,BHARTIARTL,24-Sep-2020,420,PE,0,0,0,7.85,1.9,0,0,0,0,06-JUL-2020,
OPTSTK,BHARTIARTL,24-Sep-2020,430,PE,0,0,0,9.5,2.55,0,0,0,0,06-JUL-2020,
OPTSTK,BHARTIARTL,24-Sep-2020,440,PE,0,0,0,11.4,3.4,0,0,0,0,06-JUL-2020,
OPTSTK,BHARTIARTL,24-Sep-2020,450,PE,0,0,0,13.5,4.4,0,0,0,0,06-JUL-2020,
OPTSTK,BHARTIARTL,24-Sep-2020,460,PE,0,0,0,15.85,5.6,0,0,0,0,06-JUL-2020,
OPTSTK,BHARTIARTL,24-Sep-2020,470,PE,0,0,0,18.5,7.1,0,0,0,0,06-JUL-2020,
OPTSTK,BHARTIARTL,24-Sep-2020,480,PE,0,0,0,21.4,8.8,0,0,0,0,06-JUL-2020,
OPTSTK,BHARTIARTL,24-Sep-2020,490,PE,0,0,0,24.6,10.8,0,0,0,0,06-JUL-2020,
OPTSTK,BHARTIARTL,24-Sep-2020,500,PE,0,0,0,28.05,13.1,0,0,0,0,06-JUL-2020,
OPTSTK,BHARTIARTL,24-Sep-2020,510,PE,0,0,0,31.8,15.75,0,0,0,0,06-JUL-2020,
OPTSTK,BHARTIARTL,24-Sep-2020,520,PE,0,0,0,35.85,18.7,0,0,0,0,06-JUL-2020,
OPTSTK,BHARTIARTL,24-Sep-2020,530,PE,0,0,0,40.15,22.05,0,0,0,0,06-JUL-2020,
OPTSTK,BHARTIARTL,24-Sep-2020,540,PE,0,0,0,44.8,25.7,0,0,0,0,06-JUL-2020,
OPTSTK,BHARTIARTL,24-Sep-2020,550,PE,0,0,0,49.65,29.75,0,0,0,0,06-JUL-2020,
OPTSTK,BHARTIARTL,24-Sep-2020,560,PE,0,0,0,54.85,34.1,0,0,0,0,06-JUL-2020,
OPTSTK,BHARTIARTL,24-Sep-2020,570,PE,0,0,0,60.25,38.85,0,0,0,0,06-JUL-2020,
OPTSTK,BHARTIARTL,24-Sep-2020,580,PE,0,0,0,65.95,43.95,0,0,0,0,06-JUL-2020,
OPTSTK,BHARTIARTL,24-Sep-2020,590,PE,0,0,0,71.95,49.4,0,0,0,0,06-JUL-2020,
OPTSTK,BHARTIARTL,24-Sep-2020,600,PE,0,0,0,78.15,55.2,0,0,0,0,06-JUL-2020,
OPTSTK,BHARTIARTL,24-Sep-2020,610,PE,0,0,0,84.55,61.3,0,0,0,0,06-JUL-2020,
OPTSTK,BHARTIARTL,24-Sep-2020,620,PE,0,0,0,91.25,67.7,0,0,0,0,06-JUL-2020,
OPTSTK,BHARTIARTL,24-Sep-2020,630,PE,0,0,0,98.1,74.4,0,0,0,0,06-JUL-2020,
OPTSTK,BHARTIARTL,24-Sep-2020,640,PE,0,0,0,105.2,81.4,0,0,0,0,06-JUL-2020,
OPTSTK,BHARTIARTL,24-Sep-2020,650,PE,0,0,0,112.55,88.7,0,0,0,0,06-JUL-2020,
OPTSTK,BHARTIARTL,24-Sep-2020,660,PE,0,0,0,120,96.2,0,0,0,0,06-JUL-2020,
OPTSTK,BHARTIARTL,24-Sep-2020,670,PE,0,0,0,127.65,103.95,0,0,0,0,06-JUL-2020,
OPTSTK,BHARTIARTL,24-Sep-2020,680,PE,0,0,0,135.5,111.9,0,0,0,0,06-JUL-2020,
OPTSTK,BHARTIARTL,24-Sep-2020,690,PE,0,0,0,143.5,120.05,0,0,0,0,06-JUL-2020,
OPTSTK,BHARTIARTL,24-Sep-2020,700,PE,0,0,0,151.6,128.4,0,0,0,0,06-JUL-2020,
OPTSTK,BHEL,30-Jul-2020,10,CE,0,0,0,12.6,33.6,0,0,0,0,06-JUL-2020,
OPTSTK,BHEL,30-Jul-2020,11,CE,0,0,0,11.65,32.6,0,0,0,0,06-JUL-2020,
OPTSTK,BHEL,30-Jul-2020,12,CE,0,0,0,10.7,31.6,0,0,0,0,06-JUL-2020,
OPTSTK,BHEL,30-Jul-2020,13,CE,0,0,0,9.8,30.6,0,0,0,0,06-JUL-2020,
OPTSTK,BHEL,30-Jul-2020,14,CE,0,0,0,8.9,29.6,0,0,0,0,06-JUL-2020,
OPTSTK,BHEL,30-Jul-2020,15,CE,0,0,0,8.05,28.6,0,0,0,0,06-JUL-2020,
OPTSTK,BHEL,30-Jul-2020,16,CE,0,0,0,7.25,27.6,0,0,0,0,06-JUL-2020,
OPTSTK,BHEL,30-Jul-2020,17,CE,0,0,0,6.5,26.6,0,0,0,0,06-JUL-2020,
OPTSTK,BHEL,30-Jul-2020,18,CE,0,0,0,5.75,25.6,0,0,0,0,06-JUL-2020,
OPTSTK,BHEL,30-Jul-2020,19,CE,0,0,0,5.1,24.6,0,0,0,0,06-JUL-2020,
OPTSTK,BHEL,30-Jul-2020,20,CE,0,0,0,4.55,23.6,0,0,0,0,06-JUL-2020,
OPTSTK,BHEL,30-Jul-2020,21,CE,0,0,0,4,22.6,0,0,0,0,06-JUL-2020,
OPTSTK,BHEL,30-Jul-2020,22,CE,0,0,0,3.5,21.6,0,0,0,0,06-JUL-2020,
OPTSTK,BHEL,30-Jul-2020,23,CE,0,0,0,3.05,20.6,0,0,0,0,06-JUL-2020,
OPTSTK,BHEL,30-Jul-2020,24,CE,0,0,0,2.7,19.6,0,0,0,0,06-JUL-2020,
OPTSTK,BHEL,30-Jul-2020,25,CE,0,0,0,2.35,18.6,0,0,0,0,06-JUL-2020,
OPTSTK,BHEL,30-Jul-2020,26,CE,0,0,0,2.05,17.6,0,0,0,0,06-JUL-2020,
OPTSTK,BHEL,30-Jul-2020,27,CE,0,0,0,11.35,16.65,0,0,147000,0,06-JUL-2020,
OPTSTK,BHEL,30-Jul-2020,28,CE,13.7,13.7,13.7,13.7,15.65,1,8.75,105000,-21000,06-JUL-2020,
OPTSTK,BHEL,30-Jul-2020,29,CE,0,0,0,8,14.65,0,0,63000,0,06-JUL-2020,
OPTSTK,BHEL,30-Jul-2020,30,CE,11.5,11.5,11.5,11.5,13.65,1,8.71,483000,-21000,06-JUL-2020,
OPTSTK,BHEL,30-Jul-2020,31,CE,0,0,0,1,12.65,0,0,0,0,06-JUL-2020,
OPTSTK,BHEL,30-Jul-2020,32,CE,0,0,0,5.55,11.7,0,0,147000,0,06-JUL-2020,
OPTSTK,BHEL,30-Jul-2020,33,CE,0,0,0,6.5,10.7,0,0,357000,0,06-JUL-2020,
OPTSTK,BHEL,30-Jul-2020,34,CE,6.05,10.6,6.05,9.9,9.9,10,89.98,336000,0,06-JUL-2020,
OPTSTK,BHEL,30-Jul-2020,35,CE,5.35,9.6,5.35,9.1,9.1,35,307.61,1029000,-42000,06-JUL-2020,
OPTSTK,BHEL,30-Jul-2020,36,CE,4.65,8.05,4.6,7.9,7.9,43,379.36,966000,84000,06-JUL-2020,
OPTSTK,BHEL,30-Jul-2020,37,CE,3.65,7.55,3.65,7.5,7.5,54,475.52,840000,-189000,06-JUL-2020,
OPTSTK,BHEL,30-Jul-2020,38,CE,2.8,7.2,2.8,6.65,6.65,167,1475.46,1050000,-231000,06-JUL-2020,
OPTSTK,BHEL,30-Jul-2020,39,CE,2.6,6.35,2.6,5.7,5.7,242,2177.85,1281000,-1092000,06-JUL-2020,
OPTSTK,BHEL,30-Jul-2020,40,CE,2.4,5.65,2.2,5.1,5.1,1949,17747.5,6846000,-5607000,06-JUL-2020,
OPTSTK,BHEL,30-Jul-2020,41,CE,1.9,5,1.9,4.4,4.4,636,5894.72,2100000,-693000,06-JUL-2020,
OPTSTK,BHEL,30-Jul-2020,42,CE,1.65,4.35,1.55,3.8,3.8,1179,11064.13,3528000,315000,06-JUL-2020,
OPTSTK,BHEL,30-Jul-2020,43,CE,1.5,3.75,1.3,3.3,3.3,820,7837.53,3381000,2184000,06-JUL-2020,
OPTSTK,BHEL,30-Jul-2020,44,CE,1.2,3.3,1,2.85,2.85,1472,14232.64,6300000,1008000,06-JUL-2020,
OPTSTK,BHEL,30-Jul-2020,45,CE,0.8,2.8,0.8,2.4,2.4,3479,34204.03,12327000,12327000,06-JUL-2020,
OPTSTK,BHEL,30-Jul-2020,10,PE,0.05,0.05,0.05,0.05,0.05,1,2.11,21000,21000,06-JUL-2020,
OPTSTK,BHEL,30-Jul-2020,11,PE,0,0,0,0.05,0.05,0,0,0,0,06-JUL-2020,
OPTSTK,BHEL,30-Jul-2020,12,PE,0,0,0,0.1,0.05,0,0,0,0,06-JUL-2020,
OPTSTK,BHEL,30-Jul-2020,13,PE,0,0,0,0.15,0.05,0,0,0,0,06-JUL-2020,
OPTSTK,BHEL,30-Jul-2020,14,PE,0,0,0,0.05,0.05,0,0,126000,0,06-JUL-2020,
OPTSTK,BHEL,30-Jul-2020,15,PE,0,0,0,0.4,0.05,0,0,0,0,06-JUL-2020,
OPTSTK,BHEL,30-Jul-2020,16,PE,0,0,0,0.6,0.05,0,0,0,0,06-JUL-2020,
OPTSTK,BHEL,30-Jul-2020,17,PE,0,0,0,0.8,0.05,0,0,0,0,06-JUL-2020,
OPTSTK,BHEL,30-Jul-2020,18,PE,0,0,0,0.05,0.05,0,0,42000,0,06-JUL-2020,
OPTSTK,BHEL,30-Jul-2020,19,PE,0,0,0,1.45,0.05,0,0,0,0,06-JUL-2020,
OPTSTK,BHEL,30-Jul-2020,20,PE,0,0,0,1.85,0.05,0,0,0,0,06-JUL-2020,
OPTSTK,BHEL,30-Jul-2020,21,PE,0,0,0,0.05,0.05,0,0,105000,0,06-JUL-2020,
OPTSTK,BHEL,30-Jul-2020,22,PE,0,0,0,0.05,0.05,0,0,210000,0,06-JUL-2020,
OPTSTK,BHEL,30-Jul-2020,23,PE,0,0,0,0.05,0.05,0,0,189000,0,06-JUL-2020,
OPTSTK,BHEL,30-Jul-2020,24,PE,0.05,0.05,0.05,0.05,0.05,3,15.15,105000,21000,06-JUL-2020,
OPTSTK,BHEL,30-Jul-2020,25,PE,0.05,0.05,0.05,0.05,0.05,17,89.42,1638000,-63000,06-JUL-2020,
OPTSTK,BHEL,30-Jul-2020,26,PE,0.1,0.1,0.1,0.1,0.05,5,27.4,420000,-21000,06-JUL-2020,
OPTSTK,BHEL,30-Jul-2020,27,PE,0.05,0.05,0.05,0.05,0.05,2,11.36,252000,0,06-JUL-2020,
OPTSTK,BHEL,30-Jul-2020,28,PE,0.1,0.1,0.05,0.1,0.1,10,58.97,525000,-21000,06-JUL-2020,
OPTSTK,BHEL,30-Jul-2020,29,PE,0.1,0.1,0.1,0.1,0.1,32,195.55,315000,-147000,06-JUL-2020,
OPTSTK,BHEL,30-Jul-2020,30,PE,0.2,0.2,0.1,0.15,0.15,106,671.1,2688000,336000,06-JUL-2020,
OPTSTK,BHEL,30-Jul-2020,31,PE,0.35,0.35,0.15,0.15,0.15,24,157.22,756000,126000,06-JUL-2020,
OPTSTK,BHEL,30-Jul-2020,32,PE,0.4,0.4,0.15,0.2,0.2,93,629.84,1197000,-126000,06-JUL-2020,
OPTSTK,BHEL,30-Jul-2020,33,PE,0.5,0.5,0.2,0.2,0.2,75,524.86,1344000,-252000,06-JUL-2020,
OPTSTK,BHEL,30-Jul-2020,34,PE,0.7,0.7,0.25,0.3,0.3,84,607.47,1470000,168000,06-JUL-2020,
OPTSTK,BHEL,30-Jul-2020,35,PE,1,1,0.35,0.4,0.4,320,2392.95,3024000,1071000,06-JUL-2020,
OPTSTK,BHEL,30-Jul-2020,36,PE,1.25,1.25,0.45,0.5,0.5,334,2576.47,2247000,21000,06-JUL-2020,
OPTSTK,BHEL,30-Jul-2020,37,PE,1.6,1.6,0.6,0.7,0.7,211,1686.63,2310000,1260000,06-JUL-2020,
OPTSTK,BHEL,30-Jul-2020,38,PE,2.35,2.35,0.8,0.9,0.9,296,2444.7,1827000,609000,06-JUL-2020,
OPTSTK,BHEL,30-Jul-2020,39,PE,2.4,2.55,1,1.15,1.15,201,1710.24,1428000,1071000,06-JUL-2020,
OPTSTK,BHEL,30-Jul-2020,40,PE,3,3.1,1.25,1.45,1.45,560,4920.48,2730000,2352000,06-JUL-2020,
OPTSTK,BHEL,30-Jul-2020,41,PE,3.5,3.5,1.55,1.8,1.8,113,1025.47,966000,924000,06-JUL-2020,
OPTSTK,BHEL,30-Jul-2020,42,PE,4,4,1.95,2.2,2.2,167,1554.1,1638000,1575000,06-JUL-2020,
OPTSTK,BHEL,30-Jul-2020,43,PE,4.25,4.25,2.15,2.65,2.65,31,298.35,441000,441000,06-JUL-2020,
OPTSTK,BHEL,30-Jul-2020,44,PE,4.95,5.05,2.65,3.15,3.15,36,358.12,315000,252000,06-JUL-2020,
OPTSTK,BHEL,30-Jul-2020,45,PE,5.5,5.5,3.45,3.75,3.75,14,143.58,147000,147000,06-JUL-2020,
OPTSTK,BHEL,27-Aug-2020,15,CE,0,0,0,12.55,28.65,0,0,0,0,06-JUL-2020,
OPTSTK,BHEL,27-Aug-2020,16,CE,0,0,0,11.75,27.65,0,0,0,0,06-JUL-2020,
OPTSTK,BHEL,27-Aug-2020,17,CE,0,0,0,10.95,26.65,0,0,0,0,06-JUL-2020,
OPTSTK,BHEL,27-Aug-2020,18,CE,0,0,0,10.2,25.65,0,0,0,0,06-JUL-2020,
OPTSTK,BHEL,27-Aug-2020,19,CE,0,0,0,9.5,24.65,0,0,0,0,06-JUL-2020,
OPTSTK,BHEL,27-Aug-2020,20,CE,0,0,0,8.85,23.65,0,0,0,0,06-JUL-2020,
OPTSTK,BHEL,27-Aug-2020,21,CE,0,0,0,8.2,22.7,0,0,0,0,06-JUL-2020,
OPTSTK,BHEL,27-Aug-2020,22,CE,0,0,0,7.6,21.7,0,0,0,0,06-JUL-2020,
OPTSTK,BHEL,27-Aug-2020,23,CE,0,0,0,7.05,20.7,0,0,0,0,06-JUL-2020,
OPTSTK,BHEL,27-Aug-2020,24,CE,0,0,0,6.55,19.7,0,0,0,0,06-JUL-2020,
OPTSTK,BHEL,27-Aug-2020,25,CE,0,0,0,6.05,18.7,0,0,0,0,06-JUL-2020,
OPTSTK,BHEL,27-Aug-2020,26,CE,0,0,0,5.6,17.75,0,0,0,0,06-JUL-2020,
OPTSTK,BHEL,27-Aug-2020,27,CE,0,0,0,5.2,16.75,0,0,0,0,06-JUL-2020,
OPTSTK,BHEL,27-Aug-2020,28,CE,0,0,0,4.8,15.8,0,0,0,0,06-JUL-2020,
OPTSTK,BHEL,27-Aug-2020,29,CE,0,0,0,4.45,14.85,0,0,0,0,06-JUL-2020,
OPTSTK,BHEL,27-Aug-2020,30,CE,0,0,0,4.1,13.9,0,0,0,0,06-JUL-2020,
OPTSTK,BHEL,27-Aug-2020,31,CE,0,0,0,3.8,12.95,0,0,0,0,06-JUL-2020,
OPTSTK,BHEL,27-Aug-2020,32,CE,0,0,0,3.5,12.05,0,0,0,0,06-JUL-2020,
OPTSTK,BHEL,27-Aug-2020,33,CE,9.25,9.25,9.25,9.25,11.2,1,8.87,42000,0,06-JUL-2020,
OPTSTK,BHEL,27-Aug-2020,34,CE,0,0,0,3,10.35,0,0,0,0,06-JUL-2020,
OPTSTK,BHEL,27-Aug-2020,35,CE,0,0,0,2.75,9.5,0,0,0,0,06-JUL-2020,
OPTSTK,BHEL,27-Aug-2020,36,CE,0,0,0,2.55,8.75,0,0,0,0,06-JUL-2020,
OPTSTK,BHEL,27-Aug-2020,37,CE,0,0,0,3.15,7.95,0,0,21000,0,06-JUL-2020,
OPTSTK,BHEL,27-Aug-2020,38,CE,0,0,0,2.15,7.25,0,0,0,0,06-JUL-2020,
OPTSTK,BHEL,27-Aug-2020,39,CE,4.9,4.9,4.9,4.9,6.6,1,9.21,0,-21000,06-JUL-2020,
OPTSTK,BHEL,27-Aug-2020,40,CE,0,0,0,2.2,5.95,0,0,0,0,06-JUL-2020,
OPTSTK,BHEL,27-Aug-2020,41,CE,0,0,0,1.1,5.35,0,0,0,0,06-JUL-2020,
OPTSTK,BHEL,27-Aug-2020,42,CE,0,0,0,0.95,4.85,0,0,0,0,06-JUL-2020,
OPTSTK,BHEL,27-Aug-2020,43,CE,3.6,3.6,3.6,3.6,4.3,1,9.78,21000,21000,06-JUL-2020,
OPTSTK,BHEL,27-Aug-2020,44,CE,2.85,4.65,2.85,4.45,4.45,5,50.52,168000,42000,06-JUL-2020,
OPTSTK,BHEL,27-Aug-2020,45,CE,0,0,0,1.1,3.45,0,0,0,0,06-JUL-2020,
OPTSTK,BHEL,27-Aug-2020,15,PE,0,0,0,0.5,0.05,0,0,0,0,06-JUL-2020,
OPTSTK,BHEL,27-Aug-2020,16,PE,0,0,0,0.7,0.05,0,0,0,0,06-JUL-2020,
OPTSTK,BHEL,27-Aug-2020,17,PE,0,0,0,0.9,0.05,0,0,0,0,06-JUL-2020,
OPTSTK,BHEL,27-Aug-2020,18,PE,0,0,0,0.15,0.05,0,0,42000,0,06-JUL-2020,
OPTSTK,BHEL,27-Aug-2020,19,PE,0,0,0,0.15,0.05,0,0,84000,0,06-JUL-2020,
OPTSTK,BHEL,27-Aug-2020,20,PE,0,0,0,1.75,0.05,0,0,0,0,06-JUL-2020,
OPTSTK,BHEL,27-Aug-2020,21,PE,0,0,0,2.1,0.05,0,0,0,0,06-JUL-2020,
OPTSTK,BHEL,27-Aug-2020,22,PE,0,0,0,0.1,0.05,0,0,21000,0,06-JUL-2020,
OPTSTK,BHEL,27-Aug-2020,23,PE,0,0,0,2.95,0.05,0,0,0,0,06-JUL-2020,
OPTSTK,BHEL,27-Aug-2020,24,PE,0,0,0,3.4,0.05,0,0,0,0,06-JUL-2020,
OPTSTK,BHEL,27-Aug-2020,25,PE,0,0,0,3.9,0.05,0,0,0,0,06-JUL-2020,
OPTSTK,BHEL,27-Aug-2020,26,PE,0,0,0,4.45,0.05,0,0,0,0,06-JUL-2020,
OPTSTK,BHEL,27-Aug-2020,27,PE,0.15,0.15,0.15,0.15,0.15,1,5.7,42000,0,06-JUL-2020,
OPTSTK,BHEL,27-Aug-2020,28,PE,0,0,0,5.6,0.05,0,0,0,0,06-JUL-2020,
OPTSTK,BHEL,27-Aug-2020,29,PE,0,0,0,6.25,0.1,0,0,0,0,06-JUL-2020,
OPTSTK,BHEL,27-Aug-2020,30,PE,0,0,0,6.9,0.15,0,0,0,0,06-JUL-2020,
OPTSTK,BHEL,27-Aug-2020,31,PE,0,0,0,7.55,0.25,0,0,0,0,06-JUL-2020,
OPTSTK,BHEL,27-Aug-2020,32,PE,1.15,1.15,1.15,1.15,1.15,1,6.96,42000,21000,06-JUL-2020,
OPTSTK,BHEL,27-Aug-2020,33,PE,0,0,0,9,0.45,0,0,0,0,06-JUL-2020,
OPTSTK,BHEL,27-Aug-2020,34,PE,0,0,0,9.7,0.6,0,0,0,0,06-JUL-2020,
OPTSTK,BHEL,27-Aug-2020,35,PE,0,0,0,10.5,0.75,0,0,0,0,06-JUL-2020,
OPTSTK,BHEL,27-Aug-2020,36,PE,0,0,0,11.25,0.95,0,0,0,0,06-JUL-2020,
OPTSTK,BHEL,27-Aug-2020,37,PE,0,0,0,12.05,1.2,0,0,0,0,06-JUL-2020,
OPTSTK,BHEL,27-Aug-2020,38,PE,0,0,0,12.85,1.5,0,0,0,0,06-JUL-2020,
OPTSTK,BHEL,27-Aug-2020,39,PE,0,0,0,4,1.8,0,0,21000,0,06-JUL-2020,
OPTSTK,BHEL,27-Aug-2020,40,PE,0,0,0,13.75,2.15,0,0,0,0,06-JUL-2020,
OPTSTK,BHEL,27-Aug-2020,41,PE,0,0,0,11,2.6,0,0,0,0,06-JUL-2020,
OPTSTK,BHEL,27-Aug-2020,42,PE,0,0,0,11.85,3,0,0,0,0,06-JUL-2020,
OPTSTK,BHEL,27-Aug-2020,43,PE,0,0,0,12.75,3.5,0,0,0,0,06-JUL-2020,
OPTSTK,BHEL,27-Aug-2020,44,PE,0,0,0,9.1,4.05,0,0,21000,0,06-JUL-2020,
OPTSTK,BHEL,27-Aug-2020,45,PE,0,0,0,12.05,4.6,0,0,0,0,06-JUL-2020,
OPTSTK,BHEL,24-Sep-2020,26,CE,0,0,0,12.9,17.9,0,0,0,0,06-JUL-2020,
OPTSTK,BHEL,24-Sep-2020,27,CE,0,0,0,12.1,16.95,0,0,0,0,06-JUL-2020,
OPTSTK,BHEL,24-Sep-2020,28,CE,0,0,0,11.35,16.05,0,0,0,0,06-JUL-2020,
OPTSTK,BHEL,24-Sep-2020,29,CE,0,0,0,10.6,15.15,0,0,0,0,06-JUL-2020,
OPTSTK,BHEL,24-Sep-2020,30,CE,0,0,0,9.9,14.25,0,0,0,0,06-JUL-2020,
OPTSTK,BHEL,24-Sep-2020,31,CE,0,0,0,9.2,13.35,0,0,0,0,06-JUL-2020,
OPTSTK,BHEL,24-Sep-2020,32,CE,0,0,0,8.6,12.5,0,0,0,0,06-JUL-2020,
OPTSTK,BHEL,24-Sep-2020,33,CE,0,0,0,7.95,11.7,0,0,0,0,06-JUL-2020,
OPTSTK,BHEL,24-Sep-2020,34,CE,0,0,0,7.4,10.9,0,0,0,0,06-JUL-2020,
OPTSTK,BHEL,24-Sep-2020,35,CE,0,0,0,6.85,10.15,0,0,0,0,06-JUL-2020,
OPTSTK,BHEL,24-Sep-2020,36,CE,0,0,0,6.35,9.45,0,0,0,0,06-JUL-2020,
OPTSTK,BHEL,24-Sep-2020,37,CE,0,0,0,5.85,8.75,0,0,0,0,06-JUL-2020,
OPTSTK,BHEL,24-Sep-2020,38,CE,0,0,0,5.4,8.1,0,0,0,0,06-JUL-2020,
OPTSTK,BHEL,24-Sep-2020,39,CE,0,0,0,5,7.45,0,0,0,0,06-JUL-2020,
OPTSTK,BHEL,24-Sep-2020,40,CE,0,0,0,4.6,6.9,0,0,0,0,06-JUL-2020,
OPTSTK,BHEL,24-Sep-2020,41,CE,0,0,0,4.25,6.3,0,0,0,0,06-JUL-2020,
OPTSTK,BHEL,24-Sep-2020,42,CE,0,0,0,3.9,5.8,0,0,0,0,06-JUL-2020,
OPTSTK,BHEL,24-Sep-2020,43,CE,0,0,0,3.6,5.3,0,0,0,0,06-JUL-2020,
OPTSTK,BHEL,24-Sep-2020,44,CE,0,0,0,3.3,4.85,0,0,0,0,06-JUL-2020,
OPTSTK,BHEL,24-Sep-2020,45,CE,0,0,0,3,4.45,0,0,0,0,06-JUL-2020,
OPTSTK,BHEL,24-Sep-2020,26,PE,0,0,0,0.75,0.1,0,0,0,0,06-JUL-2020,
OPTSTK,BHEL,24-Sep-2020,27,PE,0,0,0,0.95,0.15,0,0,0,0,06-JUL-2020,
OPTSTK,BHEL,24-Sep-2020,28,PE,0,0,0,1.15,0.25,0,0,0,0,06-JUL-2020,
OPTSTK,BHEL,24-Sep-2020,29,PE,0,0,0,1.4,0.3,0,0,0,0,06-JUL-2020,
OPTSTK,BHEL,24-Sep-2020,30,PE,0,0,0,1.7,0.4,0,0,0,0,06-JUL-2020,
OPTSTK,BHEL,24-Sep-2020,31,PE,0,0,0,2,0.55,0,0,0,0,06-JUL-2020,
OPTSTK,BHEL,24-Sep-2020,32,PE,0,0,0,2.35,0.7,0,0,0,0,06-JUL-2020,
OPTSTK,BHEL,24-Sep-2020,33,PE,0,0,0,2.75,0.85,0,0,0,0,06-JUL-2020,
OPTSTK,BHEL,24-Sep-2020,34,PE,0,0,0,3.15,1.05,0,0,0,0,06-JUL-2020,
OPTSTK,BHEL,24-Sep-2020,35,PE,0,0,0,3.6,1.3,0,0,0,0,06-JUL-2020,
OPTSTK,BHEL,24-Sep-2020,36,PE,0,0,0,4.05,1.55,0,0,0,0,06-JUL-2020,
OPTSTK,BHEL,24-Sep-2020,37,PE,0,0,0,4.6,1.85,0,0,0,0,06-JUL-2020,
OPTSTK,BHEL,24-Sep-2020,38,PE,0,0,0,5.1,2.2,0,0,0,0,06-JUL-2020,
OPTSTK,BHEL,24-Sep-2020,39,PE,0,0,0,5.7,2.55,0,0,0,0,06-JUL-2020,
OPTSTK,BHEL,24-Sep-2020,40,PE,0,0,0,6.3,2.95,0,0,0,0,06-JUL-2020,
OPTSTK,BHEL,24-Sep-2020,41,PE,0,0,0,6.9,3.4,0,0,0,0,06-JUL-2020,
OPTSTK,BHEL,24-Sep-2020,42,PE,0,0,0,7.55,3.85,0,0,0,0,06-JUL-2020,
OPTSTK,BHEL,24-Sep-2020,43,PE,0,0,0,8.25,4.35,0,0,0,0,06-JUL-2020,
OPTSTK,BHEL,24-Sep-2020,44,PE,0,0,0,8.95,4.9,0,0,0,0,06-JUL-2020,
OPTSTK,BHEL,24-Sep-2020,45,PE,0,0,0,9.65,5.45,0,0,0,0,06-JUL-2020,
OPTSTK,BIOCON,30-Jul-2020,230,CE,0,0,0,129.35,172.5,0,0,0,0,06-JUL-2020,
OPTSTK,BIOCON,30-Jul-2020,240,CE,0,0,0,120.45,162.55,0,0,0,0,06-JUL-2020,
OPTSTK,BIOCON,30-Jul-2020,250,CE,0,0,0,111.85,152.55,0,0,0,0,06-JUL-2020,
OPTSTK,BIOCON,30-Jul-2020,260,CE,0,0,0,103.55,142.6,0,0,0,0,06-JUL-2020,
OPTSTK,BIOCON,30-Jul-2020,265,CE,0,0,0,84.8,137.65,0,0,0,0,06-JUL-2020,
OPTSTK,BIOCON,30-Jul-2020,270,CE,0,0,0,95.55,132.7,0,0,0,0,06-JUL-2020,
OPTSTK,BIOCON,30-Jul-2020,275,CE,0,0,0,76,127.75,0,0,0,0,06-JUL-2020,
OPTSTK,BIOCON,30-Jul-2020,280,CE,0,0,0,87.95,122.8,0,0,0,0,06-JUL-2020,
OPTSTK,BIOCON,30-Jul-2020,285,CE,0,0,0,67.6,117.9,0,0,0,0,06-JUL-2020,
OPTSTK,BIOCON,30-Jul-2020,290,CE,0,0,0,80.7,113,0,0,0,0,06-JUL-2020,
OPTSTK,BIOCON,30-Jul-2020,295,CE,0,0,0,59.65,108.15,0,0,0,0,06-JUL-2020,
OPTSTK,BIOCON,30-Jul-2020,300,CE,0,0,0,73.8,103.3,0,0,0,0,06-JUL-2020,
OPTSTK,BIOCON,30-Jul-2020,305,CE,0,0,0,52.2,98.55,0,0,0,0,06-JUL-2020,
OPTSTK,BIOCON,30-Jul-2020,310,CE,0,0,0,67.35,93.8,0,0,0,0,06-JUL-2020,
OPTSTK,BIOCON,30-Jul-2020,315,CE,0,0,0,45.3,89.1,0,0,0,0,06-JUL-2020,
OPTSTK,BIOCON,30-Jul-2020,320,CE,0,0,0,72,84.5,0,0,2300,0,06-JUL-2020,
OPTSTK,BIOCON,30-Jul-2020,325,CE,0,0,0,39.05,79.95,0,0,0,0,06-JUL-2020,
OPTSTK,BIOCON,30-Jul-2020,330,CE,0,0,0,55.6,75.5,0,0,0,0,06-JUL-2020,
OPTSTK,BIOCON,30-Jul-2020,335,CE,0,0,0,33.35,71.15,0,0,0,0,06-JUL-2020,
OPTSTK,BIOCON,30-Jul-2020,340,CE,0,0,0,50.35,66.9,0,0,0,0,06-JUL-2020,
OPTSTK,BIOCON,30-Jul-2020,345,CE,0,0,0,28.3,62.75,0,0,0,0,06-JUL-2020,
OPTSTK,BIOCON,30-Jul-2020,350,CE,55,55,55,55,58.75,1,9.31,18400,2300,06-JUL-2020,
OPTSTK,BIOCON,30-Jul-2020,355,CE,0,0,0,23.8,54.85,0,0,0,0,06-JUL-2020,
OPTSTK,BIOCON,30-Jul-2020,360,CE,48.4,48.4,48.4,48.4,51.1,1,9.39,4600,-2300,06-JUL-2020,
OPTSTK,BIOCON,30-Jul-2020,365,CE,0,0,0,40,47.45,0,0,2300,0,06-JUL-2020,
OPTSTK,BIOCON,30-Jul-2020,370,CE,0,0,0,34,44,0,0,13800,0,06-JUL-2020,
OPTSTK,BIOCON,30-Jul-2020,375,CE,0,0,0,30.45,40.7,0,0,6900,0,06-JUL-2020,
OPTSTK,BIOCON,30-Jul-2020,380,CE,33,35.95,32.25,32.4,32.4,22,209.57,73600,0,06-JUL-2020,
OPTSTK,BIOCON,30-Jul-2020,385,CE,0,0,0,24,34.55,0,0,9200,0,06-JUL-2020,
OPTSTK,BIOCON,30-Jul-2020,390,CE,23.8,29.35,21.85,26.65,26.65,34,325.37,110400,4600,06-JUL-2020,
OPTSTK,BIOCON,30-Jul-2020,395,CE,21,25.35,19,23.7,23.7,29,277.78,39100,-2300,06-JUL-2020,
OPTSTK,BIOCON,30-Jul-2020,400,CE,19.45,23.9,17,21.35,21.35,782,7565.82,644000,6900,06-JUL-2020,
OPTSTK,BIOCON,30-Jul-2020,405,CE,16.45,21.55,15.7,19.05,19.05,75,732.92,163300,62100,06-JUL-2020,
OPTSTK,BIOCON,30-Jul-2020,410,CE,14.35,19.5,13.2,17,17,422,4141.3,648600,66700,06-JUL-2020,
OPTSTK,BIOCON,30-Jul-2020,415,CE,12.4,17,11.7,14.9,14.9,16,158.11,78200,13800,06-JUL-2020,
OPTSTK,BIOCON,30-Jul-2020,420,CE,12.05,15.35,10.2,13.3,13.3,848,8440.95,1117800,105800,06-JUL-2020,
OPTSTK,BIOCON,30-Jul-2020,425,CE,9.5,14.15,9.5,11.5,11.5,11,110.59,98900,-6900,06-JUL-2020,
OPTSTK,BIOCON,30-Jul-2020,430,CE,8.9,12.05,7.9,10.15,10.15,129,1307.18,174800,9200,06-JUL-2020,
OPTSTK,BIOCON,30-Jul-2020,435,CE,0,0,0,4.7,13.2,0,0,0,0,06-JUL-2020,
OPTSTK,BIOCON,30-Jul-2020,440,CE,6.35,9.2,6.1,7.8,7.8,46,473.53,271400,0,06-JUL-2020,
OPTSTK,BIOCON,30-Jul-2020,445,CE,0,0,0,5.35,10.55,0,0,2300,0,06-JUL-2020,
OPTSTK,BIOCON,30-Jul-2020,450,CE,4.9,7.3,4.7,5.95,5.95,85,891.95,361100,23000,06-JUL-2020,
OPTSTK,BIOCON,30-Jul-2020,455,CE,4.2,5.5,4.2,4.55,4.55,4,42.31,29900,-4600,06-JUL-2020,
OPTSTK,BIOCON,30-Jul-2020,460,CE,3.8,5.5,3.35,4.4,4.4,34,363.2,170200,4600,06-JUL-2020,
OPTSTK,BIOCON,30-Jul-2020,470,CE,2.9,4.35,2.9,3.25,3.25,4,43.56,82800,-2300,06-JUL-2020,
OPTSTK,BIOCON,30-Jul-2020,480,CE,1.9,3.15,1.9,2.3,2.3,33,366.14,167900,13800,06-JUL-2020,
OPTSTK,BIOCON,30-Jul-2020,230,PE,0,0,0,2.45,0.05,0,0,0,0,06-JUL-2020,
OPTSTK,BIOCON,30-Jul-2020,240,PE,0,0,0,3.45,0.05,0,0,0,0,06-JUL-2020,
OPTSTK,BIOCON,30-Jul-2020,250,PE,0,0,0,4.75,0.05,0,0,0,0,06-JUL-2020,
OPTSTK,BIOCON,30-Jul-2020,260,PE,0,0,0,6.3,0.05,0,0,0,0,06-JUL-2020,
OPTSTK,BIOCON,30-Jul-2020,265,PE,0,0,0,2.1,0.05,0,0,0,0,06-JUL-2020,
OPTSTK,BIOCON,30-Jul-2020,270,PE,0,0,0,8.2,0.1,0,0,0,0,06-JUL-2020,
OPTSTK,BIOCON,30-Jul-2020,275,PE,0,0,0,3.25,0.15,0,0,0,0,06-JUL-2020,
OPTSTK,BIOCON,30-Jul-2020,280,PE,0,0,0,10.45,0.2,0,0,0,0,06-JUL-2020,
OPTSTK,BIOCON,30-Jul-2020,285,PE,0,0,0,4.75,0.25,0,0,0,0,06-JUL-2020,
OPTSTK,BIOCON,30-Jul-2020,290,PE,0,0,0,13.05,0.35,0,0,0,0,06-JUL-2020,
OPTSTK,BIOCON,30-Jul-2020,295,PE,0,0,0,6.7,0.45,0,0,0,0,06-JUL-2020,
OPTSTK,BIOCON,30-Jul-2020,300,PE,0.7,0.7,0.4,0.4,0.4,5,34.56,126500,0,06-JUL-2020,
OPTSTK,BIOCON,30-Jul-2020,305,PE,0,0,0,9.2,0.85,0,0,0,0,06-JUL-2020,
OPTSTK,BIOCON,30-Jul-2020,310,PE,0,0,0,19.45,1.1,0,0,0,0,06-JUL-2020,
OPTSTK,BIOCON,30-Jul-2020,315,PE,0,0,0,1.05,1.4,0,0,2300,0,06-JUL-2020,
OPTSTK,BIOCON,30-Jul-2020,320,PE,1.2,1.2,1.2,1.2,1.75,1,7.38,13800,0,06-JUL-2020,
OPTSTK,BIOCON,30-Jul-2020,325,PE,0,0,0,15.85,2.2,0,0,0,0,06-JUL-2020,
OPTSTK,BIOCON,30-Jul-2020,330,PE,0,0,0,27.5,2.75,0,0,0,0,06-JUL-2020,
OPTSTK,BIOCON,30-Jul-2020,335,PE,0,0,0,8.75,3.35,0,0,2300,0,06-JUL-2020,
OPTSTK,BIOCON,30-Jul-2020,340,PE,2.65,2.65,1.7,2.05,2.05,12,94.49,193200,-4600,06-JUL-2020,
OPTSTK,BIOCON,30-Jul-2020,345,PE,0,0,0,24.95,4.95,0,0,0,0,06-JUL-2020,
OPTSTK,BIOCON,30-Jul-2020,350,PE,4.2,4.2,2.9,3.25,3.25,50,406.5,232300,-4600,06-JUL-2020,
OPTSTK,BIOCON,30-Jul-2020,355,PE,0,0,0,30.35,7,0,0,0,0,06-JUL-2020,
OPTSTK,BIOCON,30-Jul-2020,360,PE,5.9,6.4,4.55,4.95,4.95,15,126.1,161000,0,06-JUL-2020,
OPTSTK,BIOCON,30-Jul-2020,365,PE,0,0,0,10,9.6,0,0,2300,0,06-JUL-2020,
OPTSTK,BIOCON,30-Jul-2020,370,PE,8.5,9.5,6.8,7.45,7.45,72,626.49,257600,-4600,06-JUL-2020,
OPTSTK,BIOCON,30-Jul-2020,375,PE,8.4,8.95,8.4,8.8,8.8,4,35.29,62100,-4600,06-JUL-2020,
OPTSTK,BIOCON,30-Jul-2020,380,PE,12.7,13.35,9.45,10.5,10.5,107,962.21,271400,6900,06-JUL-2020,
OPTSTK,BIOCON,30-Jul-2020,385,PE,14.85,14.85,13,13,16.6,6,55.09,48300,2300,06-JUL-2020,
OPTSTK,BIOCON,30-Jul-2020,390,PE,16.35,18.15,13.25,14.45,14.45,114,1062.51,165600,25300,06-JUL-2020,
OPTSTK,BIOCON,30-Jul-2020,395,PE,19.6,20,15.15,16.5,21.1,11,104.59,39100,-2300,06-JUL-2020,
OPTSTK,BIOCON,30-Jul-2020,400,PE,22,23.55,17.5,19.15,19.15,92,887.51,230000,27600,06-JUL-2020,
OPTSTK,BIOCON,30-Jul-2020,405,PE,21.35,21.85,21.25,21.75,21.75,4,39.24,16100,-2300,06-JUL-2020,
OPTSTK,BIOCON,30-Jul-2020,410,PE,30.9,30.9,23.1,24.9,24.9,14,140.12,52900,-2300,06-JUL-2020,
OPTSTK,BIOCON,30-Jul-2020,415,PE,0,0,0,35.5,31.95,0,0,2300,0,06-JUL-2020,
OPTSTK,BIOCON,30-Jul-2020,420,PE,30,30,30,30,35,2,20.7,13800,4600,06-JUL-2020,
OPTSTK,BIOCON,30-Jul-2020,425,PE,0,0,0,36.85,38.25,0,0,4600,0,06-JUL-2020,
OPTSTK,BIOCON,30-Jul-2020,430,PE,0,0,0,40.2,41.6,0,0,6900,0,06-JUL-2020,
OPTSTK,BIOCON,30-Jul-2020,435,PE,0,0,0,90.6,45.1,0,0,0,0,06-JUL-2020,
OPTSTK,BIOCON,30-Jul-2020,440,PE,0,0,0,46.8,48.75,0,0,2300,0,06-JUL-2020,
OPTSTK,BIOCON,30-Jul-2020,445,PE,0,0,0,99.55,52.5,0,0,0,0,06-JUL-2020,
OPTSTK,BIOCON,30-Jul-2020,450,PE,0,0,0,105.2,56.35,0,0,0,0,06-JUL-2020,
OPTSTK,BIOCON,30-Jul-2020,455,PE,0,0,0,69.95,60.3,0,0,2300,0,06-JUL-2020,
OPTSTK,BIOCON,30-Jul-2020,460,PE,0,0,0,113.4,64.35,0,0,0,0,06-JUL-2020,
OPTSTK,BIOCON,30-Jul-2020,470,PE,0,0,0,121.75,72.7,0,0,0,0,06-JUL-2020,
OPTSTK,BIOCON,30-Jul-2020,480,PE,0,0,0,127,81.4,0,0,0,0,06-JUL-2020,
OPTSTK,BIOCON,27-Aug-2020,230,CE,0,0,0,119.2,173.4,0,0,0,0,06-JUL-2020,
OPTSTK,BIOCON,27-Aug-2020,235,CE,0,0,0,114.5,168.5,0,0,0,0,06-JUL-2020,
OPTSTK,BIOCON,27-Aug-2020,240,CE,0,0,0,109.9,163.6,0,0,0,0,06-JUL-2020,
OPTSTK,BIOCON,27-Aug-2020,245,CE,0,0,0,105.3,158.7,0,0,0,0,06-JUL-2020,
OPTSTK,BIOCON,27-Aug-2020,250,CE,0,0,0,100.8,153.85,0,0,0,0,06-JUL-2020,
OPTSTK,BIOCON,27-Aug-2020,255,CE,0,0,0,96.35,149,0,0,0,0,06-JUL-2020,
OPTSTK,BIOCON,27-Aug-2020,260,CE,0,0,0,92,144.2,0,0,0,0,06-JUL-2020,
OPTSTK,BIOCON,27-Aug-2020,265,CE,0,0,0,87.7,139.45,0,0,0,0,06-JUL-2020,
OPTSTK,BIOCON,27-Aug-2020,270,CE,0,0,0,83.5,134.7,0,0,0,0,06-JUL-2020,
OPTSTK,BIOCON,27-Aug-2020,275,CE,0,0,0,79.4,130,0,0,0,0,06-JUL-2020,
OPTSTK,BIOCON,27-Aug-2020,280,CE,0,0,0,75.4,125.35,0,0,0,0,06-JUL-2020,
OPTSTK,BIOCON,27-Aug-2020,285,CE,0,0,0,71.5,120.75,0,0,0,0,06-JUL-2020,
OPTSTK,BIOCON,27-Aug-2020,290,CE,0,0,0,67.75,116.25,0,0,0,0,06-JUL-2020,
OPTSTK,BIOCON,27-Aug-2020,295,CE,0,0,0,64.1,111.75,0,0,0,0,06-JUL-2020,
OPTSTK,BIOCON,27-Aug-2020,300,CE,0,0,0,60.55,107.35,0,0,0,0,06-JUL-2020,
OPTSTK,BIOCON,27-Aug-2020,305,CE,0,0,0,57.1,103,0,0,0,0,06-JUL-2020,
OPTSTK,BIOCON,27-Aug-2020,310,CE,0,0,0,53.8,98.75,0,0,0,0,06-JUL-2020,
OPTSTK,BIOCON,27-Aug-2020,315,CE,0,0,0,50.6,94.55,0,0,0,0,06-JUL-2020,
OPTSTK,BIOCON,27-Aug-2020,320,CE,0,0,0,47.55,90.45,0,0,0,0,06-JUL-2020,
OPTSTK,BIOCON,27-Aug-2020,325,CE,0,0,0,44.65,86.45,0,0,0,0,06-JUL-2020,
OPTSTK,BIOCON,27-Aug-2020,330,CE,0,0,0,41.85,82.55,0,0,0,0,06-JUL-2020,
OPTSTK,BIOCON,27-Aug-2020,335,CE,0,0,0,39.2,78.75,0,0,0,0,06-JUL-2020,
OPTSTK,BIOCON,27-Aug-2020,340,CE,0,0,0,36.65,75,0,0,0,0,06-JUL-2020,
OPTSTK,BIOCON,27-Aug-2020,345,CE,0,0,0,34.25,71.4,0,0,0,0,06-JUL-2020,
OPTSTK,BIOCON,27-Aug-2020,350,CE,0,0,0,31.95,67.9,0,0,0,0,06-JUL-2020,
OPTSTK,BIOCON,27-Aug-2020,355,CE,0,0,0,29.75,64.5,0,0,0,0,06-JUL-2020,
OPTSTK,BIOCON,27-Aug-2020,360,CE,0,0,0,27.7,61.2,0,0,0,0,06-JUL-2020,
OPTSTK,BIOCON,27-Aug-2020,365,CE,0,0,0,25.75,58.05,0,0,0,0,06-JUL-2020,
OPTSTK,BIOCON,27-Aug-2020,370,CE,0,0,0,23.95,54.95,0,0,0,0,06-JUL-2020,
OPTSTK,BIOCON,27-Aug-2020,375,CE,0,0,0,22.2,52,0,0,0,0,06-JUL-2020,
OPTSTK,BIOCON,27-Aug-2020,380,CE,0,0,0,20.6,49.15,0,0,0,0,06-JUL-2020,
OPTSTK,BIOCON,27-Aug-2020,385,CE,0,0,0,19.05,46.45,0,0,0,0,06-JUL-2020,
OPTSTK,BIOCON,27-Aug-2020,390,CE,0,0,0,17.65,43.8,0,0,0,0,06-JUL-2020,
OPTSTK,BIOCON,27-Aug-2020,395,CE,0,0,0,16.3,41.3,0,0,0,0,06-JUL-2020,
OPTSTK,BIOCON,27-Aug-2020,400,CE,0,0,0,15.05,38.9,0,0,0,0,06-JUL-2020,
OPTSTK,BIOCON,27-Aug-2020,405,CE,0,0,0,13.9,36.6,0,0,0,0,06-JUL-2020,
OPTSTK,BIOCON,27-Aug-2020,410,CE,0,0,0,30.05,34.4,0,0,2300,0,06-JUL-2020,
OPTSTK,BIOCON,27-Aug-2020,415,CE,0,0,0,11.8,32.35,0,0,0,0,06-JUL-2020,
OPTSTK,BIOCON,27-Aug-2020,420,CE,0,0,0,10.85,30.35,0,0,0,0,06-JUL-2020,
OPTSTK,BIOCON,27-Aug-2020,425,CE,0,0,0,10,28.45,0,0,0,0,06-JUL-2020,
OPTSTK,BIOCON,27-Aug-2020,430,CE,0,0,0,9.2,26.65,0,0,0,0,06-JUL-2020,
OPTSTK,BIOCON,27-Aug-2020,435,CE,0,0,0,8.45,24.95,0,0,0,0,06-JUL-2020,
OPTSTK,BIOCON,27-Aug-2020,440,CE,0,0,0,13,23.35,0,0,2300,0,06-JUL-2020,
OPTSTK,BIOCON,27-Aug-2020,445,CE,0,0,0,7.1,21.85,0,0,0,0,06-JUL-2020,
OPTSTK,BIOCON,27-Aug-2020,450,CE,0,0,0,6.5,20.4,0,0,0,0,06-JUL-2020,
OPTSTK,BIOCON,27-Aug-2020,455,CE,0,0,0,5.95,19.05,0,0,0,0,06-JUL-2020,
OPTSTK,BIOCON,27-Aug-2020,460,CE,0,0,0,5.45,17.75,0,0,0,0,06-JUL-2020,
OPTSTK,BIOCON,27-Aug-2020,470,CE,0,0,0,8,15.4,0,0,4600,0,06-JUL-2020,
OPTSTK,BIOCON,27-Aug-2020,480,CE,0,0,0,6,13.35,0,0,2300,0,06-JUL-2020,
OPTSTK,BIOCON,27-Aug-2020,230,PE,0,0,0,0.95,0.15,0,0,0,0,06-JUL-2020,
OPTSTK,BIOCON,27-Aug-2020,235,PE,0,0,0,1.2,0.2,0,0,0,0,06-JUL-2020,
OPTSTK,BIOCON,27-Aug-2020,240,PE,0,0,0,1.5,0.3,0,0,0,0,06-JUL-2020,
OPTSTK,BIOCON,27-Aug-2020,245,PE,0,0,0,1.9,0.4,0,0,0,0,06-JUL-2020,
OPTSTK,BIOCON,27-Aug-2020,250,PE,0,0,0,2.3,0.5,0,0,0,0,06-JUL-2020,
OPTSTK,BIOCON,27-Aug-2020,255,PE,0,0,0,2.8,0.65,0,0,0,0,06-JUL-2020,
OPTSTK,BIOCON,27-Aug-2020,260,PE,0,0,0,3.4,0.8,0,0,0,0,06-JUL-2020,
OPTSTK,BIOCON,27-Aug-2020,265,PE,0,0,0,4.05,1,0,0,0,0,06-JUL-2020,
OPTSTK,BIOCON,27-Aug-2020,270,PE,0,0,0,4.8,1.2,0,0,0,0,06-JUL-2020,
OPTSTK,BIOCON,27-Aug-2020,275,PE,0,0,0,5.6,1.5,0,0,0,0,06-JUL-2020,
OPTSTK,BIOCON,27-Aug-2020,280,PE,0,0,0,6.55,1.8,0,0,0,0,06-JUL-2020,
OPTSTK,BIOCON,27-Aug-2020,285,PE,0,0,0,7.6,2.2,0,0,0,0,06-JUL-2020,
OPTSTK,BIOCON,27-Aug-2020,290,PE,0,0,0,8.75,2.65,0,0,0,0,06-JUL-2020,
OPTSTK,BIOCON,27-Aug-2020,295,PE,0,0,0,10.05,3.1,0,0,0,0,06-JUL-2020,
OPTSTK,BIOCON,27-Aug-2020,300,PE,0,0,0,11.45,3.7,0,0,0,0,06-JUL-2020,
OPTSTK,BIOCON,27-Aug-2020,305,PE,0,0,0,12.95,4.3,0,0,0,0,06-JUL-2020,
OPTSTK,BIOCON,27-Aug-2020,310,PE,0,0,0,14.6,5,0,0,0,0,06-JUL-2020,
OPTSTK,BIOCON,27-Aug-2020,315,PE,0,0,0,16.35,5.8,0,0,0,0,06-JUL-2020,
OPTSTK,BIOCON,27-Aug-2020,320,PE,0,0,0,18.25,6.7,0,0,0,0,06-JUL-2020,
OPTSTK,BIOCON,27-Aug-2020,325,PE,0,0,0,20.25,7.65,0,0,0,0,06-JUL-2020,
OPTSTK,BIOCON,27-Aug-2020,330,PE,0,0,0,22.4,8.7,0,0,0,0,06-JUL-2020,
OPTSTK,BIOCON,27-Aug-2020,335,PE,7,7,6,6,9.85,2,15.7,4600,4600,06-JUL-2020,
OPTSTK,BIOCON,27-Aug-2020,340,PE,0,0,0,27.05,11.1,0,0,0,0,06-JUL-2020,
OPTSTK,BIOCON,27-Aug-2020,345,PE,0,0,0,29.6,12.45,0,0,0,0,06-JUL-2020,
OPTSTK,BIOCON,27-Aug-2020,350,PE,0,0,0,32.25,13.95,0,0,0,0,06-JUL-2020,
OPTSTK,BIOCON,27-Aug-2020,355,PE,0,0,0,35,15.5,0,0,0,0,06-JUL-2020,
OPTSTK,BIOCON,27-Aug-2020,360,PE,0,0,0,37.9,17.2,0,0,0,0,06-JUL-2020,
OPTSTK,BIOCON,27-Aug-2020,365,PE,0,0,0,40.9,19,0,0,0,0,06-JUL-2020,
OPTSTK,BIOCON,27-Aug-2020,370,PE,0,0,0,44,20.9,0,0,0,0,06-JUL-2020,
OPTSTK,BIOCON,27-Aug-2020,375,PE,0,0,0,47.2,22.9,0,0,0,0,06-JUL-2020,
OPTSTK,BIOCON,27-Aug-2020,380,PE,0,0,0,27.05,25,0,0,2300,0,06-JUL-2020,
OPTSTK,BIOCON,27-Aug-2020,385,PE,0,0,0,53.95,27.25,0,0,0,0,06-JUL-2020,
OPTSTK,BIOCON,27-Aug-2020,390,PE,0,0,0,57.45,29.6,0,0,0,0,06-JUL-2020,
OPTSTK,BIOCON,27-Aug-2020,395,PE,0,0,0,61.05,32.05,0,0,0,0,06-JUL-2020,
OPTSTK,BIOCON,27-Aug-2020,400,PE,0,0,0,64.75,34.65,0,0,0,0,06-JUL-2020,
OPTSTK,BIOCON,27-Aug-2020,405,PE,0,0,0,68.55,37.3,0,0,0,0,06-JUL-2020,
OPTSTK,BIOCON,27-Aug-2020,410,PE,0,0,0,72.4,40.1,0,0,0,0,06-JUL-2020,
OPTSTK,BIOCON,27-Aug-2020,415,PE,0,0,0,76.35,43,0,0,0,0,06-JUL-2020,
OPTSTK,BIOCON,27-Aug-2020,420,PE,0,0,0,80.3,45.95,0,0,0,0,06-JUL-2020,
OPTSTK,BIOCON,27-Aug-2020,425,PE,0,0,0,84.4,49.05,0,0,0,0,06-JUL-2020,
OPTSTK,BIOCON,27-Aug-2020,430,PE,0,0,0,88.5,52.2,0,0,0,0,06-JUL-2020,
OPTSTK,BIOCON,27-Aug-2020,435,PE,0,0,0,92.7,55.5,0,0,0,0,06-JUL-2020,
OPTSTK,BIOCON,27-Aug-2020,440,PE,0,0,0,96.95,58.85,0,0,0,0,06-JUL-2020,
OPTSTK,BIOCON,27-Aug-2020,445,PE,0,0,0,101.25,62.3,0,0,0,0,06-JUL-2020,
OPTSTK,BIOCON,27-Aug-2020,450,PE,0,0,0,105.6,65.85,0,0,0,0,06-JUL-2020,
OPTSTK,BIOCON,27-Aug-2020,455,PE,0,0,0,110,69.45,0,0,0,0,06-JUL-2020,
OPTSTK,BIOCON,27-Aug-2020,460,PE,0,0,0,114.4,73.15,0,0,0,0,06-JUL-2020,
OPTSTK,BIOCON,27-Aug-2020,470,PE,0,0,0,114.95,80.75,0,0,0,0,06-JUL-2020,
OPTSTK,BIOCON,27-Aug-2020,480,PE,0,0,0,98.25,88.6,0,0,0,0,06-JUL-2020,
OPTSTK,BIOCON,24-Sep-2020,240,CE,0,0,0,171.2,165.25,0,0,0,0,06-JUL-2020,
OPTSTK,BIOCON,24-Sep-2020,250,CE,0,0,0,162.5,155.85,0,0,0,0,06-JUL-2020,
OPTSTK,BIOCON,24-Sep-2020,260,CE,0,0,0,154,146.65,0,0,0,0,06-JUL-2020,
OPTSTK,BIOCON,24-Sep-2020,270,CE,0,0,0,145.8,137.6,0,0,0,0,06-JUL-2020,
OPTSTK,BIOCON,24-Sep-2020,280,CE,0,0,0,137.8,128.8,0,0,0,0,06-JUL-2020,
OPTSTK,BIOCON,24-Sep-2020,290,CE,0,0,0,130.1,120.3,0,0,0,0,06-JUL-2020,
OPTSTK,BIOCON,24-Sep-2020,300,CE,0,0,0,122.7,112,0,0,0,0,06-JUL-2020,
OPTSTK,BIOCON,24-Sep-2020,310,CE,0,0,0,115.55,104.05,0,0,0,0,06-JUL-2020,
OPTSTK,BIOCON,24-Sep-2020,320,CE,0,0,0,108.65,96.45,0,0,0,0,06-JUL-2020,
OPTSTK,BIOCON,24-Sep-2020,330,CE,0,0,0,102.1,89.15,0,0,0,0,06-JUL-2020,
OPTSTK,BIOCON,24-Sep-2020,340,CE,0,0,0,95.85,82.2,0,0,0,0,06-JUL-2020,
OPTSTK,BIOCON,24-Sep-2020,350,CE,0,0,0,89.85,75.65,0,0,0,0,06-JUL-2020,
OPTSTK,BIOCON,24-Sep-2020,360,CE,0,0,0,84.15,69.45,0,0,0,0,06-JUL-2020,
OPTSTK,BIOCON,24-Sep-2020,370,CE,0,0,0,78.75,63.6,0,0,0,0,06-JUL-2020,
OPTSTK,BIOCON,24-Sep-2020,380,CE,0,0,0,73.65,58.15,0,0,0,0,06-JUL-2020,
OPTSTK,BIOCON,24-Sep-2020,390,CE,0,0,0,68.8,53,0,0,0,0,06-JUL-2020,
OPTSTK,BIOCON,24-Sep-2020,400,CE,0,0,0,64.25,48.25,0,0,0,0,06-JUL-2020,
OPTSTK,BIOCON,24-Sep-2020,410,CE,0,0,0,59.95,43.85,0,0,0,0,06-JUL-2020,
OPTSTK,BIOCON,24-Sep-2020,420,CE,0,0,0,55.9,39.75,0,0,0,0,06-JUL-2020,
OPTSTK,BIOCON,24-Sep-2020,430,CE,0,0,0,52.05,36,0,0,0,0,06-JUL-2020,
OPTSTK,BIOCON,24-Sep-2020,440,CE,0,0,0,48.5,32.55,0,0,0,0,06-JUL-2020,
OPTSTK,BIOCON,24-Sep-2020,450,CE,0,0,0,45.1,29.4,0,0,0,0,06-JUL-2020,
OPTSTK,BIOCON,24-Sep-2020,460,CE,0,0,0,41.95,26.45,0,0,0,0,06-JUL-2020,
OPTSTK,BIOCON,24-Sep-2020,470,CE,0,0,0,39,23.8,0,0,0,0,06-JUL-2020,
OPTSTK,BIOCON,24-Sep-2020,480,CE,0,0,0,36.25,21.4,0,0,0,0,06-JUL-2020,
OPTSTK,BIOCON,24-Sep-2020,240,PE,0,0,0,4.1,1.15,0,0,0,0,06-JUL-2020,
OPTSTK,BIOCON,24-Sep-2020,250,PE,0,0,0,5.3,1.7,0,0,0,0,06-JUL-2020,
OPTSTK,BIOCON,24-Sep-2020,260,PE,0,0,0,6.7,2.35,0,0,0,0,06-JUL-2020,
OPTSTK,BIOCON,24-Sep-2020,270,PE,0,0,0,8.35,3.25,0,0,0,0,06-JUL-2020,
OPTSTK,BIOCON,24-Sep-2020,280,PE,0,0,0,10.25,4.35,0,0,0,0,06-JUL-2020,
OPTSTK,BIOCON,24-Sep-2020,290,PE,0,0,0,12.45,5.75,0,0,0,0,06-JUL-2020,
OPTSTK,BIOCON,24-Sep-2020,300,PE,0,0,0,14.9,7.4,0,0,0,0,06-JUL-2020,
OPTSTK,BIOCON,24-Sep-2020,310,PE,0,0,0,17.65,9.35,0,0,0,0,06-JUL-2020,
OPTSTK,BIOCON,24-Sep-2020,320,PE,0,0,0,20.65,11.6,0,0,0,0,06-JUL-2020,
OPTSTK,BIOCON,24-Sep-2020,330,PE,0,0,0,23.95,14.25,0,0,0,0,06-JUL-2020,
OPTSTK,BIOCON,24-Sep-2020,340,PE,0,0,0,27.6,17.2,0,0,0,0,06-JUL-2020,
OPTSTK,BIOCON,24-Sep-2020,350,PE,0,0,0,31.5,20.55,0,0,0,0,06-JUL-2020,
OPTSTK,BIOCON,24-Sep-2020,360,PE,0,0,0,35.7,24.25,0,0,0,0,06-JUL-2020,
OPTSTK,BIOCON,24-Sep-2020,370,PE,0,0,0,40.15,28.3,0,0,0,0,06-JUL-2020,
OPTSTK,BIOCON,24-Sep-2020,380,PE,0,0,0,44.95,32.75,0,0,0,0,06-JUL-2020,
OPTSTK,BIOCON,24-Sep-2020,390,PE,0,0,0,50,37.55,0,0,0,0,06-JUL-2020,
OPTSTK,BIOCON,24-Sep-2020,400,PE,0,0,0,55.3,42.7,0,0,0,0,06-JUL-2020,
OPTSTK,BIOCON,24-Sep-2020,410,PE,0,0,0,60.9,48.2,0,0,0,0,06-JUL-2020,
OPTSTK,BIOCON,24-Sep-2020,420,PE,0,0,0,66.7,54.05,0,0,0,0,06-JUL-2020,
OPTSTK,BIOCON,24-Sep-2020,430,PE,0,0,0,72.8,60.15,0,0,0,0,06-JUL-2020,
OPTSTK,BIOCON,24-Sep-2020,440,PE,0,0,0,79.1,66.6,0,0,0,0,06-JUL-2020,
OPTSTK,BIOCON,24-Sep-2020,450,PE,0,0,0,85.6,73.35,0,0,0,0,06-JUL-2020,
OPTSTK,BIOCON,24-Sep-2020,460,PE,0,0,0,92.35,80.35,0,0,0,0,06-JUL-2020,
OPTSTK,BIOCON,24-Sep-2020,470,PE,0,0,0,99.25,87.6,0,0,0,0,06-JUL-2020,
OPTSTK,BIOCON,24-Sep-2020,480,PE,0,0,0,106.4,95.1,0,0,0,0,06-JUL-2020,
OPTSTK,BOSCHLTD,30-Jul-2020,5500,CE,0,0,0,5235.35,6552.75,0,0,0,0,06-JUL-2020,
OPTSTK,BOSCHLTD,30-Jul-2020,5750,CE,0,0,0,5006.7,6303.45,0,0,0,0,06-JUL-2020,
OPTSTK,BOSCHLTD,30-Jul-2020,6000,CE,0,0,0,4782.1,6054.15,0,0,0,0,06-JUL-2020,
OPTSTK,BOSCHLTD,30-Jul-2020,6250,CE,0,0,0,4562.1,5804.85,0,0,0,0,06-JUL-2020,
OPTSTK,BOSCHLTD,30-Jul-2020,6500,CE,0,0,0,4347.05,5555.55,0,0,0,0,06-JUL-2020,
OPTSTK,BOSCHLTD,30-Jul-2020,6750,CE,0,0,0,4137.35,5306.25,0,0,0,0,06-JUL-2020,
OPTSTK,BOSCHLTD,30-Jul-2020,7000,CE,0,0,0,3933.35,5056.95,0,0,0,0,06-JUL-2020,
OPTSTK,BOSCHLTD,30-Jul-2020,7250,CE,0,0,0,3735.3,4807.65,0,0,0,0,06-JUL-2020,
OPTSTK,BOSCHLTD,30-Jul-2020,7500,CE,0,0,0,3543.5,4558.35,0,0,0,0,06-JUL-2020,
OPTSTK,BOSCHLTD,30-Jul-2020,7750,CE,0,0,0,3358.4,4309.05,0,0,0,0,06-JUL-2020,
OPTSTK,BOSCHLTD,30-Jul-2020,8000,CE,0,0,0,3179.5,4059.75,0,0,0,0,06-JUL-2020,
OPTSTK,BOSCHLTD,30-Jul-2020,8250,CE,0,0,0,3007.3,3810.45,0,0,0,0,06-JUL-2020,
OPTSTK,BOSCHLTD,30-Jul-2020,8500,CE,0,0,0,2841.9,3561.25,0,0,0,0,06-JUL-2020,
OPTSTK,BOSCHLTD,30-Jul-2020,8750,CE,0,0,0,2683.25,3312.15,0,0,0,0,06-JUL-2020,
OPTSTK,BOSCHLTD,30-Jul-2020,9000,CE,0,0,0,2531.05,3063.4,0,0,0,0,06-JUL-2020,
OPTSTK,BOSCHLTD,30-Jul-2020,9250,CE,0,0,0,2386.05,2815.3,0,0,0,0,06-JUL-2020,
OPTSTK,BOSCHLTD,30-Jul-2020,9500,CE,0,0,0,2247.75,2568.4,0,0,0,0,06-JUL-2020,
OPTSTK,BOSCHLTD,30-Jul-2020,9750,CE,0,0,0,2116,2323.7,0,0,0,0,06-JUL-2020,
OPTSTK,BOSCHLTD,30-Jul-2020,10000,CE,0,0,0,1990.6,2082.45,0,0,0,0,06-JUL-2020,
OPTSTK,BOSCHLTD,30-Jul-2020,10250,CE,0,0,0,1871.55,1846.55,0,0,0,0,06-JUL-2020,
OPTSTK,BOSCHLTD,30-Jul-2020,10500,CE,0,0,0,1758.55,1618.15,0,0,0,0,06-JUL-2020,
OPTSTK,BOSCHLTD,30-Jul-2020,10750,CE,0,0,0,1651.5,1399.8,0,0,0,0,06-JUL-2020,
OPTSTK,BOSCHLTD,30-Jul-2020,11000,CE,1100,1100,1100,1100,1194.15,1,6.05,2250,0,06-JUL-2020,
OPTSTK,BOSCHLTD,30-Jul-2020,11250,CE,0,0,0,598,1003.65,0,0,0,0,06-JUL-2020,
OPTSTK,BOSCHLTD,30-Jul-2020,11500,CE,0,0,0,630,830.45,0,0,100,0,06-JUL-2020,
OPTSTK,BOSCHLTD,30-Jul-2020,11750,CE,0,0,0,598.6,676,0,0,100,0,06-JUL-2020,
OPTSTK,BOSCHLTD,30-Jul-2020,12000,CE,500,550,475.35,544.4,544.4,59,369.43,2700,-1350,06-JUL-2020,
OPTSTK,BOSCHLTD,30-Jul-2020,12250,CE,0,0,0,1121.9,425.95,0,0,0,0,06-JUL-2020,
OPTSTK,BOSCHLTD,30-Jul-2020,12500,CE,329.95,350,329.95,350,350,3,19.26,500,50,06-JUL-2020,
OPTSTK,BOSCHLTD,30-Jul-2020,12750,CE,0,0,0,983.25,250.6,0,0,0,0,06-JUL-2020,
OPTSTK,BOSCHLTD,30-Jul-2020,13000,CE,200,200,188,188,187.35,4,26.38,1200,50,06-JUL-2020,
OPTSTK,BOSCHLTD,30-Jul-2020,13250,CE,0,0,0,174.55,137.7,0,0,50,0,06-JUL-2020,
OPTSTK,BOSCHLTD,30-Jul-2020,13500,CE,0,0,0,805.8,99.55,0,0,0,0,06-JUL-2020,
OPTSTK,BOSCHLTD,30-Jul-2020,13750,CE,0,0,0,753.6,70.8,0,0,0,0,06-JUL-2020,
OPTSTK,BOSCHLTD,30-Jul-2020,14000,CE,40.55,40.55,40.55,40.55,40.55,1,7.02,100,-50,06-JUL-2020,
OPTSTK,BOSCHLTD,30-Jul-2020,14250,CE,0,0,0,658.8,34.15,0,0,0,0,06-JUL-2020,
OPTSTK,BOSCHLTD,30-Jul-2020,14500,CE,0,0,0,615.85,23.2,0,0,0,0,06-JUL-2020,
OPTSTK,BOSCHLTD,30-Jul-2020,14750,CE,0,0,0,575.6,15.5,0,0,0,0,06-JUL-2020,
OPTSTK,BOSCHLTD,30-Jul-2020,5500,PE,0,0,0,53.2,0.05,0,0,0,0,06-JUL-2020,
OPTSTK,BOSCHLTD,30-Jul-2020,5750,PE,0,0,0,71.35,0.05,0,0,0,0,06-JUL-2020,
OPTSTK,BOSCHLTD,30-Jul-2020,6000,PE,0,0,0,93.6,0.05,0,0,0,0,06-JUL-2020,
OPTSTK,BOSCHLTD,30-Jul-2020,6250,PE,0,0,0,120.45,0.05,0,0,0,0,06-JUL-2020,
OPTSTK,BOSCHLTD,30-Jul-2020,6500,PE,0,0,0,152.25,0.05,0,0,0,0,06-JUL-2020,
OPTSTK,BOSCHLTD,30-Jul-2020,6750,PE,0,0,0,189.35,0.05,0,0,0,0,06-JUL-2020,
OPTSTK,BOSCHLTD,30-Jul-2020,7000,PE,0,0,0,232.2,0.05,0,0,0,0,06-JUL-2020,
OPTSTK,BOSCHLTD,30-Jul-2020,7250,PE,0,0,0,281,0.05,0,0,0,0,06-JUL-2020,
OPTSTK,BOSCHLTD,30-Jul-2020,7500,PE,0,0,0,336,0.05,0,0,0,0,06-JUL-2020,
OPTSTK,BOSCHLTD,30-Jul-2020,7750,PE,0,0,0,397.75,0.05,0,0,0,0,06-JUL-2020,
OPTSTK,BOSCHLTD,30-Jul-2020,8000,PE,0,0,0,465.65,0.05,0,0,0,0,06-JUL-2020,
OPTSTK,BOSCHLTD,30-Jul-2020,8250,PE,0,0,0,540.3,0.05,0,0,0,0,06-JUL-2020,
OPTSTK,BOSCHLTD,30-Jul-2020,8500,PE,0,0,0,621.7,0.1,0,0,0,0,06-JUL-2020,
OPTSTK,BOSCHLTD,30-Jul-2020,8750,PE,0,0,0,709.95,0.35,0,0,0,0,06-JUL-2020,
OPTSTK,BOSCHLTD,30-Jul-2020,9000,PE,0,0,0,804.55,0.9,0,0,0,0,06-JUL-2020,
OPTSTK,BOSCHLTD,30-Jul-2020,9250,PE,0,0,0,906.4,2.05,0,0,0,0,06-JUL-2020,
OPTSTK,BOSCHLTD,30-Jul-2020,9500,PE,0,0,0,1014.9,4.5,0,0,0,0,06-JUL-2020,
OPTSTK,BOSCHLTD,30-Jul-2020,9750,PE,0,0,0,1129.95,9.1,0,0,0,0,06-JUL-2020,
OPTSTK,BOSCHLTD,30-Jul-2020,10000,PE,0,0,0,100,17.15,0,0,50,0,06-JUL-2020,
OPTSTK,BOSCHLTD,30-Jul-2020,10250,PE,0,0,0,1379.2,30.55,0,0,0,0,06-JUL-2020,
OPTSTK,BOSCHLTD,30-Jul-2020,10500,PE,93.5,93.5,93.5,93.5,51.45,2,10.59,1100,100,06-JUL-2020,
OPTSTK,BOSCHLTD,30-Jul-2020,10750,PE,0,0,0,1652.8,82.4,0,0,0,0,06-JUL-2020,
OPTSTK,BOSCHLTD,30-Jul-2020,11000,PE,201.7,201.7,201.7,201.7,126.05,1,5.6,200,0,06-JUL-2020,
OPTSTK,BOSCHLTD,30-Jul-2020,11250,PE,0,0,0,1949.3,184.85,0,0,0,0,06-JUL-2020,
OPTSTK,BOSCHLTD,30-Jul-2020,11500,PE,0,0,0,2105.6,260.95,0,0,0,0,06-JUL-2020,
OPTSTK,BOSCHLTD,30-Jul-2020,11750,PE,0,0,0,2267,355.85,0,0,0,0,06-JUL-2020,
OPTSTK,BOSCHLTD,30-Jul-2020,12000,PE,0,0,0,700,470.3,0,0,100,0,06-JUL-2020,
OPTSTK,BOSCHLTD,30-Jul-2020,12250,PE,0,0,0,2604.2,604.35,0,0,0,0,06-JUL-2020,
OPTSTK,BOSCHLTD,30-Jul-2020,12500,PE,0,0,0,2779.6,757.25,0,0,0,0,06-JUL-2020,
OPTSTK,BOSCHLTD,30-Jul-2020,12750,PE,0,0,0,2959.2,927.6,0,0,0,0,06-JUL-2020,
OPTSTK,BOSCHLTD,30-Jul-2020,13000,PE,0,0,0,3143.45,1113.65,0,0,0,0,06-JUL-2020,
OPTSTK,BOSCHLTD,30-Jul-2020,13250,PE,0,0,0,3331.05,1313.3,0,0,0,0,06-JUL-2020,
OPTSTK,BOSCHLTD,30-Jul-2020,13500,PE,0,0,0,3522.25,1524.45,0,0,0,0,06-JUL-2020,
OPTSTK,BOSCHLTD,30-Jul-2020,13750,PE,0,0,0,3716.9,1745,0,0,0,0,06-JUL-2020,
OPTSTK,BOSCHLTD,30-Jul-2020,14000,PE,0,0,0,3914.8,1973.1,0,0,0,0,06-JUL-2020,
OPTSTK,BOSCHLTD,30-Jul-2020,14250,PE,0,0,0,4115.8,2207,0,0,0,0,06-JUL-2020,
OPTSTK,BOSCHLTD,30-Jul-2020,14500,PE,0,0,0,4319.65,2445.35,0,0,0,0,06-JUL-2020,
OPTSTK,BOSCHLTD,30-Jul-2020,14750,PE,0,0,0,4526.25,2686.95,0,0,0,0,06-JUL-2020,
OPTSTK,BOSCHLTD,27-Aug-2020,5750,CE,0,0,0,4215.45,6322.1,0,0,0,0,06-JUL-2020,
OPTSTK,BOSCHLTD,27-Aug-2020,6000,CE,0,0,0,3979.85,6073.6,0,0,0,0,06-JUL-2020,
OPTSTK,BOSCHLTD,27-Aug-2020,6250,CE,0,0,0,3748.1,5825.15,0,0,0,0,06-JUL-2020,
OPTSTK,BOSCHLTD,27-Aug-2020,6500,CE,0,0,0,3520.95,5576.65,0,0,0,0,06-JUL-2020,
OPTSTK,BOSCHLTD,27-Aug-2020,6750,CE,0,0,0,3299.15,5328.15,0,0,0,0,06-JUL-2020,
OPTSTK,BOSCHLTD,27-Aug-2020,7000,CE,0,0,0,3083.4,5079.75,0,0,0,0,06-JUL-2020,
OPTSTK,BOSCHLTD,27-Aug-2020,7250,CE,0,0,0,2874.4,4831.35,0,0,0,0,06-JUL-2020,
OPTSTK,BOSCHLTD,27-Aug-2020,7500,CE,0,0,0,2672.7,4583.1,0,0,0,0,06-JUL-2020,
OPTSTK,BOSCHLTD,27-Aug-2020,7750,CE,0,0,0,2478.95,4335.05,0,0,0,0,06-JUL-2020,
OPTSTK,BOSCHLTD,27-Aug-2020,8000,CE,0,0,0,2293.8,4087.45,0,0,0,0,06-JUL-2020,
OPTSTK,BOSCHLTD,27-Aug-2020,8250,CE,0,0,0,2117,3840.55,0,0,0,0,06-JUL-2020,
OPTSTK,BOSCHLTD,27-Aug-2020,8500,CE,0,0,0,1949.15,3594.8,0,0,0,0,06-JUL-2020,
OPTSTK,BOSCHLTD,27-Aug-2020,8750,CE,0,0,0,1790.2,3350.7,0,0,0,0,06-JUL-2020,
OPTSTK,BOSCHLTD,27-Aug-2020,9000,CE,0,0,0,1640.95,3109,0,0,0,0,06-JUL-2020,
OPTSTK,BOSCHLTD,27-Aug-2020,9250,CE,0,0,0,1500.95,2870.6,0,0,0,0,06-JUL-2020,
OPTSTK,BOSCHLTD,27-Aug-2020,9500,CE,0,0,0,1370,2636.6,0,0,0,0,06-JUL-2020,
OPTSTK,BOSCHLTD,27-Aug-2020,9750,CE,0,0,0,1248,2408.2,0,0,0,0,06-JUL-2020,
OPTSTK,BOSCHLTD,27-Aug-2020,10000,CE,0,0,0,1134.7,2186.6,0,0,0,0,06-JUL-2020,
OPTSTK,BOSCHLTD,27-Aug-2020,10250,CE,0,0,0,1029.85,1973.25,0,0,0,0,06-JUL-2020,
OPTSTK,BOSCHLTD,27-Aug-2020,10500,CE,0,0,0,933,1769.35,0,0,0,0,06-JUL-2020,
OPTSTK,BOSCHLTD,27-Aug-2020,10750,CE,0,0,0,843.9,1576.1,0,0,0,0,06-JUL-2020,
OPTSTK,BOSCHLTD,27-Aug-2020,11000,CE,0,0,0,762.1,1394.55,0,0,0,0,06-JUL-2020,
OPTSTK,BOSCHLTD,27-Aug-2020,11250,CE,0,0,0,687.15,1225.5,0,0,0,0,06-JUL-2020,
OPTSTK,BOSCHLTD,27-Aug-2020,11500,CE,0,0,0,618.75,1069.55,0,0,0,0,06-JUL-2020,
OPTSTK,BOSCHLTD,27-Aug-2020,11750,CE,0,0,0,556.9,926.95,0,0,0,0,06-JUL-2020,
OPTSTK,BOSCHLTD,27-Aug-2020,12000,CE,0,0,0,500.35,797.9,0,0,0,0,06-JUL-2020,
OPTSTK,BOSCHLTD,27-Aug-2020,12250,CE,0,0,0,449,682.05,0,0,0,0,06-JUL-2020,
OPTSTK,BOSCHLTD,27-Aug-2020,12500,CE,0,0,0,402.5,579.1,0,0,0,0,06-JUL-2020,
OPTSTK,BOSCHLTD,27-Aug-2020,12750,CE,0,0,0,360,488.45,0,0,0,0,06-JUL-2020,
OPTSTK,BOSCHLTD,27-Aug-2020,13000,CE,0,0,0,321.95,409.25,0,0,0,0,06-JUL-2020,
OPTSTK,BOSCHLTD,27-Aug-2020,13250,CE,0,0,0,287.65,340.7,0,0,0,0,06-JUL-2020,
OPTSTK,BOSCHLTD,27-Aug-2020,13500,CE,0,0,0,256.75,281.85,0,0,0,0,06-JUL-2020,
OPTSTK,BOSCHLTD,27-Aug-2020,13750,CE,0,0,0,229,231.75,0,0,0,0,06-JUL-2020,
OPTSTK,BOSCHLTD,27-Aug-2020,14000,CE,0,0,0,270.9,189.4,0,0,0,0,06-JUL-2020,
OPTSTK,BOSCHLTD,27-Aug-2020,14250,CE,0,0,0,242.45,153.9,0,0,0,0,06-JUL-2020,
OPTSTK,BOSCHLTD,27-Aug-2020,5750,PE,0,0,0,23.5,0.05,0,0,0,0,06-JUL-2020,
OPTSTK,BOSCHLTD,27-Aug-2020,6000,PE,0,0,0,34.9,0.05,0,0,0,0,06-JUL-2020,
OPTSTK,BOSCHLTD,27-Aug-2020,6250,PE,0,0,0,50.1,0.05,0,0,0,0,06-JUL-2020,
OPTSTK,BOSCHLTD,27-Aug-2020,6500,PE,0,0,0,69.95,0.05,0,0,0,0,06-JUL-2020,
OPTSTK,BOSCHLTD,27-Aug-2020,6750,PE,0,0,0,95.1,0.05,0,0,0,0,06-JUL-2020,
OPTSTK,BOSCHLTD,27-Aug-2020,7000,PE,0,0,0,126.3,0.05,0,0,0,0,06-JUL-2020,
OPTSTK,BOSCHLTD,27-Aug-2020,7250,PE,0,0,0,164.25,0.2,0,0,0,0,06-JUL-2020,
OPTSTK,BOSCHLTD,27-Aug-2020,7500,PE,0,0,0,209.55,0.4,0,0,0,0,06-JUL-2020,
OPTSTK,BOSCHLTD,27-Aug-2020,7750,PE,0,0,0,262.75,0.9,0,0,0,0,06-JUL-2020,
OPTSTK,BOSCHLTD,27-Aug-2020,8000,PE,0,0,0,324.55,1.75,0,0,0,0,06-JUL-2020,
OPTSTK,BOSCHLTD,27-Aug-2020,8250,PE,0,0,0,394.7,3.35,0,0,0,0,06-JUL-2020,
OPTSTK,BOSCHLTD,27-Aug-2020,8500,PE,0,0,0,473.85,6.1,0,0,0,0,06-JUL-2020,
OPTSTK,BOSCHLTD,27-Aug-2020,8750,PE,0,0,0,561.9,10.45,0,0,0,0,06-JUL-2020,
OPTSTK,BOSCHLTD,27-Aug-2020,9000,PE,0,0,0,659.6,17.25,0,0,0,0,06-JUL-2020,
OPTSTK,BOSCHLTD,27-Aug-2020,9250,PE,0,0,0,766.55,27.35,0,0,0,0,06-JUL-2020,
OPTSTK,BOSCHLTD,27-Aug-2020,9500,PE,0,0,0,882.55,41.85,0,0,0,0,06-JUL-2020,
OPTSTK,BOSCHLTD,27-Aug-2020,9750,PE,0,0,0,1007.5,61.9,0,0,0,0,06-JUL-2020,
OPTSTK,BOSCHLTD,27-Aug-2020,10000,PE,0,0,0,1141.2,88.85,0,0,0,0,06-JUL-2020,
OPTSTK,BOSCHLTD,27-Aug-2020,10250,PE,0,0,0,1283.3,124,0,0,0,0,06-JUL-2020,
OPTSTK,BOSCHLTD,27-Aug-2020,10500,PE,0,0,0,1433.4,168.55,0,0,0,0,06-JUL-2020,
OPTSTK,BOSCHLTD,27-Aug-2020,10750,PE,0,0,0,1591.25,223.8,0,0,0,0,06-JUL-2020,
OPTSTK,BOSCHLTD,27-Aug-2020,11000,PE,0,0,0,1756.4,290.75,0,0,0,0,06-JUL-2020,
OPTSTK,BOSCHLTD,27-Aug-2020,11250,PE,0,0,0,1928.45,370.2,0,0,0,0,06-JUL-2020,
OPTSTK,BOSCHLTD,27-Aug-2020,11500,PE,0,0,0,2107,462.7,0,0,0,0,06-JUL-2020,
OPTSTK,BOSCHLTD,27-Aug-2020,11750,PE,0,0,0,2292.15,568.65,0,0,0,0,06-JUL-2020,
OPTSTK,BOSCHLTD,27-Aug-2020,12000,PE,0,0,0,2482.5,688.05,0,0,0,0,06-JUL-2020,
OPTSTK,BOSCHLTD,27-Aug-2020,12250,PE,0,0,0,2678.15,820.75,0,0,0,0,06-JUL-2020,
OPTSTK,BOSCHLTD,27-Aug-2020,12500,PE,0,0,0,2878.6,966.25,0,0,0,0,06-JUL-2020,
OPTSTK,BOSCHLTD,27-Aug-2020,12750,PE,0,0,0,3083.1,1124.05,0,0,0,0,06-JUL-2020,
OPTSTK,BOSCHLTD,27-Aug-2020,13000,PE,0,0,0,3292,1293.35,0,0,0,0,06-JUL-2020,
OPTSTK,BOSCHLTD,27-Aug-2020,13250,PE,0,0,0,3504.65,1473.3,0,0,0,0,06-JUL-2020,
OPTSTK,BOSCHLTD,27-Aug-2020,13500,PE,0,0,0,3720.75,1662.95,0,0,0,0,06-JUL-2020,
OPTSTK,BOSCHLTD,27-Aug-2020,13750,PE,0,0,0,3939.95,1861.35,0,0,0,0,06-JUL-2020,
OPTSTK,BOSCHLTD,27-Aug-2020,14000,PE,0,0,0,3799.45,2067.5,0,0,0,0,06-JUL-2020,
OPTSTK,BOSCHLTD,27-Aug-2020,14250,PE,0,0,0,4018.1,2280.5,0,0,0,0,06-JUL-2020,
OPTSTK,BOSCHLTD,24-Sep-2020,7000,CE,0,0,0,4543.25,5103.4,0,0,0,0,06-JUL-2020,
OPTSTK,BOSCHLTD,24-Sep-2020,7250,CE,0,0,0,4303.65,4856.65,0,0,0,0,06-JUL-2020,
OPTSTK,BOSCHLTD,24-Sep-2020,7500,CE,0,0,0,4066.75,4610.55,0,0,0,0,06-JUL-2020,
OPTSTK,BOSCHLTD,24-Sep-2020,7750,CE,0,0,0,3833.25,4365.35,0,0,0,0,06-JUL-2020,
OPTSTK,BOSCHLTD,24-Sep-2020,8000,CE,0,0,0,3603.85,4121.55,0,0,0,0,06-JUL-2020,
OPTSTK,BOSCHLTD,24-Sep-2020,8250,CE,0,0,0,3379.15,3879.65,0,0,0,0,06-JUL-2020,
OPTSTK,BOSCHLTD,24-Sep-2020,8500,CE,0,0,0,3159.9,3640.25,0,0,0,0,06-JUL-2020,
OPTSTK,BOSCHLTD,24-Sep-2020,8750,CE,0,0,0,2946.8,3404.05,0,0,0,0,06-JUL-2020,
OPTSTK,BOSCHLTD,24-Sep-2020,9000,CE,0,0,0,2740.45,3171.85,0,0,0,0,06-JUL-2020,
OPTSTK,BOSCHLTD,24-Sep-2020,9250,CE,0,0,0,2541.5,2944.6,0,0,0,0,06-JUL-2020,
OPTSTK,BOSCHLTD,24-Sep-2020,9500,CE,0,0,0,2350.45,2723.15,0,0,0,0,06-JUL-2020,
OPTSTK,BOSCHLTD,24-Sep-2020,9750,CE,0,0,0,2168.05,2508.4,0,0,0,0,06-JUL-2020,
OPTSTK,BOSCHLTD,24-Sep-2020,10000,CE,0,0,0,1993.95,2301.25,0,0,0,0,06-JUL-2020,
OPTSTK,BOSCHLTD,24-Sep-2020,10250,CE,0,0,0,1828.5,2102.55,0,0,0,0,06-JUL-2020,
OPTSTK,BOSCHLTD,24-Sep-2020,10500,CE,0,0,0,1672.85,1913,0,0,0,0,06-JUL-2020,
OPTSTK,BOSCHLTD,24-Sep-2020,10750,CE,0,0,0,1526.45,1733.3,0,0,0,0,06-JUL-2020,
OPTSTK,BOSCHLTD,24-Sep-2020,11000,CE,0,0,0,1389.35,1563.85,0,0,0,0,06-JUL-2020,
OPTSTK,BOSCHLTD,24-Sep-2020,11250,CE,0,0,0,1261.4,1405.1,0,0,0,0,06-JUL-2020,
OPTSTK,BOSCHLTD,24-Sep-2020,11500,CE,0,0,0,1142.5,1257.2,0,0,0,0,06-JUL-2020,
OPTSTK,BOSCHLTD,24-Sep-2020,11750,CE,0,0,0,1032.4,1120.25,0,0,0,0,06-JUL-2020,
OPTSTK,BOSCHLTD,24-Sep-2020,12000,CE,0,0,0,930.75,994.2,0,0,0,0,06-JUL-2020,
OPTSTK,BOSCHLTD,24-Sep-2020,12250,CE,0,0,0,837.3,878.8,0,0,0,0,06-JUL-2020,
OPTSTK,BOSCHLTD,24-Sep-2020,12500,CE,0,0,0,751.65,773.75,0,0,0,0,06-JUL-2020,
OPTSTK,BOSCHLTD,24-Sep-2020,12750,CE,0,0,0,673.35,678.65,0,0,0,0,06-JUL-2020,
OPTSTK,BOSCHLTD,24-Sep-2020,13000,CE,0,0,0,602.05,593,0,0,0,0,06-JUL-2020,
OPTSTK,BOSCHLTD,24-Sep-2020,13250,CE,0,0,0,537.8,516.3,0,0,0,0,06-JUL-2020,
OPTSTK,BOSCHLTD,24-Sep-2020,13500,CE,0,0,0,479.3,447.95,0,0,0,0,06-JUL-2020,
OPTSTK,BOSCHLTD,24-Sep-2020,13750,CE,0,0,0,426.45,387.3,0,0,0,0,06-JUL-2020,
OPTSTK,BOSCHLTD,24-Sep-2020,14000,CE,0,0,0,378.85,333.75,0,0,0,0,06-JUL-2020,
OPTSTK,BOSCHLTD,24-Sep-2020,14250,CE,0,0,0,335.45,286.65,0,0,0,0,06-JUL-2020,
OPTSTK,BOSCHLTD,24-Sep-2020,7000,PE,0,0,0,15,1.1,0,0,0,0,06-JUL-2020,
OPTSTK,BOSCHLTD,24-Sep-2020,7250,PE,0,0,0,22.5,2,0,0,0,0,06-JUL-2020,
OPTSTK,BOSCHLTD,24-Sep-2020,7500,PE,0,0,0,32.7,3.6,0,0,0,0,06-JUL-2020,
OPTSTK,BOSCHLTD,24-Sep-2020,7750,PE,0,0,0,46.3,6.1,0,0,0,0,06-JUL-2020,
OPTSTK,BOSCHLTD,24-Sep-2020,8000,PE,0,0,0,64,10,0,0,0,0,06-JUL-2020,
OPTSTK,BOSCHLTD,24-Sep-2020,8250,PE,0,0,0,86.4,15.75,0,0,0,0,06-JUL-2020,
OPTSTK,BOSCHLTD,24-Sep-2020,8500,PE,0,0,0,114.25,24,0,0,0,0,06-JUL-2020,
OPTSTK,BOSCHLTD,24-Sep-2020,8750,PE,0,0,0,148.25,35.5,0,0,0,0,06-JUL-2020,
OPTSTK,BOSCHLTD,24-Sep-2020,9000,PE,0,0,0,189,51,0,0,0,0,06-JUL-2020,
OPTSTK,BOSCHLTD,24-Sep-2020,9250,PE,0,0,0,237.15,71.45,0,0,0,0,06-JUL-2020,
OPTSTK,BOSCHLTD,24-Sep-2020,9500,PE,0,0,0,293.2,97.65,0,0,0,0,06-JUL-2020,
OPTSTK,BOSCHLTD,24-Sep-2020,9750,PE,0,0,0,357.9,130.6,0,0,0,0,06-JUL-2020,
OPTSTK,BOSCHLTD,24-Sep-2020,10000,PE,0,0,0,430.9,171.15,0,0,0,0,06-JUL-2020,
OPTSTK,BOSCHLTD,24-Sep-2020,10250,PE,0,0,0,512.55,220.1,0,0,0,0,06-JUL-2020,
OPTSTK,BOSCHLTD,24-Sep-2020,10500,PE,0,0,0,604,278.25,0,0,0,0,06-JUL-2020,
OPTSTK,BOSCHLTD,24-Sep-2020,10750,PE,0,0,0,704.7,346.2,0,0,0,0,06-JUL-2020,
OPTSTK,BOSCHLTD,24-Sep-2020,11000,PE,0,0,0,814.7,424.5,0,0,0,0,06-JUL-2020,
OPTSTK,BOSCHLTD,24-Sep-2020,11250,PE,0,0,0,933.85,513.4,0,0,0,0,06-JUL-2020,
OPTSTK,BOSCHLTD,24-Sep-2020,11500,PE,0,0,0,1062.05,613.2,0,0,0,0,06-JUL-2020,
OPTSTK,BOSCHLTD,24-Sep-2020,11750,PE,0,0,0,1199.05,723.9,0,0,0,0,06-JUL-2020,
OPTSTK,BOSCHLTD,24-Sep-2020,12000,PE,0,0,0,1344.5,845.55,0,0,0,0,06-JUL-2020,
OPTSTK,BOSCHLTD,24-Sep-2020,12250,PE,0,0,0,1498.15,977.8,0,0,0,0,06-JUL-2020,
OPTSTK,BOSCHLTD,24-Sep-2020,12500,PE,0,0,0,1659.6,1120.45,0,0,0,0,06-JUL-2020,
OPTSTK,BOSCHLTD,24-Sep-2020,12750,PE,0,0,0,1828.4,1273,0,0,0,0,06-JUL-2020,
OPTSTK,BOSCHLTD,24-Sep-2020,13000,PE,0,0,0,2004.2,1435.1,0,0,0,0,06-JUL-2020,
OPTSTK,BOSCHLTD,24-Sep-2020,13250,PE,0,0,0,2187.05,1606.05,0,0,0,0,06-JUL-2020,
OPTSTK,BOSCHLTD,24-Sep-2020,13500,PE,0,0,0,2375.65,1785.35,0,0,0,0,06-JUL-2020,
OPTSTK,BOSCHLTD,24-Sep-2020,13750,PE,0,0,0,2569.9,1972.4,0,0,0,0,06-JUL-2020,
OPTSTK,BOSCHLTD,24-Sep-2020,14000,PE,0,0,0,2769.4,2166.55,0,0,0,0,06-JUL-2020,
OPTSTK,BOSCHLTD,24-Sep-2020,14250,PE,0,0,0,2973.1,2367.15,0,0,0,0,06-JUL-2020,
OPTSTK,BPCL,30-Jul-2020,210,CE,0,0,0,166.1,180.8,0,0,0,0,06-JUL-2020,
OPTSTK,BPCL,30-Jul-2020,220,CE,0,0,0,157.35,170.8,0,0,0,0,06-JUL-2020,
OPTSTK,BPCL,30-Jul-2020,230,CE,0,0,0,148.85,160.85,0,0,0,0,06-JUL-2020,
OPTSTK,BPCL,30-Jul-2020,240,CE,0,0,0,140.55,150.85,0,0,0,0,06-JUL-2020,
OPTSTK,BPCL,30-Jul-2020,250,CE,0,0,0,132.6,140.9,0,0,0,0,06-JUL-2020,
OPTSTK,BPCL,30-Jul-2020,260,CE,0,0,0,124.85,130.95,0,0,0,0,06-JUL-2020,
OPTSTK,BPCL,30-Jul-2020,265,CE,0,0,0,75.4,125.95,0,0,0,0,06-JUL-2020,
OPTSTK,BPCL,30-Jul-2020,270,CE,0,0,0,117.45,120.95,0,0,0,0,06-JUL-2020,
OPTSTK,BPCL,30-Jul-2020,275,CE,0,0,0,68.5,116,0,0,0,0,06-JUL-2020,
OPTSTK,BPCL,30-Jul-2020,280,CE,0,0,0,92.15,111.05,0,0,1800,0,06-JUL-2020,
OPTSTK,BPCL,30-Jul-2020,285,CE,0,0,0,61.95,106.1,0,0,0,0,06-JUL-2020,
OPTSTK,BPCL,30-Jul-2020,290,CE,0,0,0,103.5,101.15,0,0,0,0,06-JUL-2020,
OPTSTK,BPCL,30-Jul-2020,295,CE,0,0,0,55.9,96.2,0,0,0,0,06-JUL-2020,
OPTSTK,BPCL,30-Jul-2020,300,CE,0,0,0,89,91.3,0,0,1800,0,06-JUL-2020,
OPTSTK,BPCL,30-Jul-2020,305,CE,0,0,0,50.3,86.45,0,0,0,0,06-JUL-2020,
OPTSTK,BPCL,30-Jul-2020,310,CE,0,0,0,90.8,81.65,0,0,0,0,06-JUL-2020,
OPTSTK,BPCL,30-Jul-2020,315,CE,0,0,0,59.75,76.85,0,0,9000,0,06-JUL-2020,
OPTSTK,BPCL,30-Jul-2020,320,CE,0,0,0,58,72.15,0,0,1800,0,06-JUL-2020,
OPTSTK,BPCL,30-Jul-2020,325,CE,0,0,0,55,67.55,0,0,3600,0,06-JUL-2020,
OPTSTK,BPCL,30-Jul-2020,330,CE,0,0,0,79.35,63,0,0,0,0,06-JUL-2020,
OPTSTK,BPCL,30-Jul-2020,335,CE,0,0,0,71.15,58.55,0,0,1800,0,06-JUL-2020,
OPTSTK,BPCL,30-Jul-2020,340,CE,58,58,58,58,54.25,1,7.16,3600,-1800,06-JUL-2020,
OPTSTK,BPCL,30-Jul-2020,345,CE,0,0,0,32.1,50.05,0,0,0,0,06-JUL-2020,
OPTSTK,BPCL,30-Jul-2020,350,CE,50.75,50.75,49.3,49.3,46.05,4,28.79,9000,1800,06-JUL-2020,
OPTSTK,BPCL,30-Jul-2020,355,CE,0,0,0,28.5,42.15,0,0,0,0,06-JUL-2020,
OPTSTK,BPCL,30-Jul-2020,360,CE,41.05,43.65,37.35,37.4,37.4,68,491.61,381600,30600,06-JUL-2020,
OPTSTK,BPCL,30-Jul-2020,365,CE,0,0,0,30.9,34.95,0,0,10800,0,06-JUL-2020,
OPTSTK,BPCL,30-Jul-2020,370,CE,31.05,34.7,30.5,30.5,30.5,18,130.04,50400,-10800,06-JUL-2020,
OPTSTK,BPCL,30-Jul-2020,375,CE,28.3,28.3,27.5,27.5,27.5,4,29,27000,0,06-JUL-2020,
OPTSTK,BPCL,30-Jul-2020,380,CE,21.75,28.5,21.75,24.65,24.65,63,459.71,160200,-36000,06-JUL-2020,
OPTSTK,BPCL,30-Jul-2020,385,CE,20.85,25.35,20.85,21.5,22.85,29,212.96,36000,-18000,06-JUL-2020,
OPTSTK,BPCL,30-Jul-2020,390,CE,17.55,22.75,16.75,18.95,18.95,563,4155.86,257400,-25200,06-JUL-2020,
OPTSTK,BPCL,30-Jul-2020,395,CE,15.9,19.95,15.9,16.65,16.65,51,379.22,46800,1800,06-JUL-2020,
OPTSTK,BPCL,30-Jul-2020,400,CE,13.2,17.5,13.15,14.55,14.55,961,7189.9,518400,-127800,06-JUL-2020,
OPTSTK,BPCL,30-Jul-2020,405,CE,11.7,14.95,11.7,12.35,12.35,20,150.55,39600,9000,06-JUL-2020,
OPTSTK,BPCL,30-Jul-2020,410,CE,11.1,13.2,10.6,11.2,11.2,424,3219.78,102600,3600,06-JUL-2020,
OPTSTK,BPCL,30-Jul-2020,415,CE,10.4,11,9.45,9.45,9.45,9,68.91,28800,0,06-JUL-2020,
OPTSTK,BPCL,30-Jul-2020,420,CE,7.95,9.75,7.8,8.15,8.15,249,1921.82,300600,12600,06-JUL-2020,
OPTSTK,BPCL,30-Jul-2020,425,CE,0,0,0,6.7,7.95,0,0,3600,0,06-JUL-2020,
OPTSTK,BPCL,30-Jul-2020,430,CE,5.85,7.1,5.65,5.65,5.65,38,298.42,196200,-5400,06-JUL-2020,
OPTSTK,BPCL,30-Jul-2020,435,CE,0,0,0,5,5.85,0,0,1800,0,06-JUL-2020,
OPTSTK,BPCL,30-Jul-2020,440,CE,4.3,5.25,4.2,4.25,4.25,46,368.16,118800,27000,06-JUL-2020,
OPTSTK,BPCL,30-Jul-2020,445,CE,5.95,5.95,5.95,5.95,4.25,1,8.11,1800,1800,06-JUL-2020,
OPTSTK,BPCL,30-Jul-2020,450,CE,3.3,3.8,3,3.05,3.05,47,383.6,298800,10800,06-JUL-2020,
OPTSTK,BPCL,30-Jul-2020,455,CE,3,3.1,2.75,2.75,3.05,7,57.7,55800,-9000,06-JUL-2020,
OPTSTK,BPCL,30-Jul-2020,460,CE,0,0,0,30.8,2.55,0,0,0,0,06-JUL-2020,
OPTSTK,BPCL,30-Jul-2020,470,CE,1.95,2.1,1.75,1.75,1.8,31,263.33,57600,36000,06-JUL-2020,
OPTSTK,BPCL,30-Jul-2020,210,PE,0,0,0,3.45,0.05,0,0,0,0,06-JUL-2020,
OPTSTK,BPCL,30-Jul-2020,220,PE,0,0,0,4.55,0.05,0,0,0,0,06-JUL-2020,
OPTSTK,BPCL,30-Jul-2020,230,PE,0,0,0,5.95,0.05,0,0,0,0,06-JUL-2020,
OPTSTK,BPCL,30-Jul-2020,240,PE,0,0,0,7.55,0.05,0,0,0,0,06-JUL-2020,
OPTSTK,BPCL,30-Jul-2020,250,PE,0.1,0.1,0.1,0.1,0.1,1,4.5,5400,0,06-JUL-2020,
OPTSTK,BPCL,30-Jul-2020,260,PE,0,0,0,11.55,0.05,0,0,0,0,06-JUL-2020,
OPTSTK,BPCL,30-Jul-2020,265,PE,0,0,0,11.75,0.05,0,0,0,0,06-JUL-2020,
OPTSTK,BPCL,30-Jul-2020,270,PE,0,0,0,14.05,0.05,0,0,0,0,06-JUL-2020,
OPTSTK,BPCL,30-Jul-2020,275,PE,0,0,0,14.7,0.05,0,0,0,0,06-JUL-2020,
OPTSTK,BPCL,30-Jul-2020,280,PE,0,0,0,16.8,0.05,0,0,0,0,06-JUL-2020,
OPTSTK,BPCL,30-Jul-2020,285,PE,0,0,0,0.3,0.1,0,0,28800,0,06-JUL-2020,
OPTSTK,BPCL,30-Jul-2020,290,PE,0,0,0,19.85,0.15,0,0,0,0,06-JUL-2020,
OPTSTK,BPCL,30-Jul-2020,295,PE,0,0,0,22,0.2,0,0,0,0,06-JUL-2020,
OPTSTK,BPCL,30-Jul-2020,300,PE,0.8,0.8,0.8,0.8,0.3,1,5.41,106200,1800,06-JUL-2020,
OPTSTK,BPCL,30-Jul-2020,305,PE,0,0,0,26.3,0.4,0,0,0,0,06-JUL-2020,
OPTSTK,BPCL,30-Jul-2020,310,PE,0,0,0,2.35,0.55,0,0,9000,0,06-JUL-2020,
OPTSTK,BPCL,30-Jul-2020,315,PE,0,0,0,2.6,0.8,0,0,1800,0,06-JUL-2020,
OPTSTK,BPCL,30-Jul-2020,320,PE,1.5,1.5,1.25,1.45,1.45,7,40.49,171000,-1800,06-JUL-2020,
OPTSTK,BPCL,30-Jul-2020,325,PE,0,0,0,2.8,1.4,0,0,5400,0,06-JUL-2020,
OPTSTK,BPCL,30-Jul-2020,330,PE,2.7,2.7,2.7,2.7,1.85,1,5.98,27000,0,06-JUL-2020,
OPTSTK,BPCL,30-Jul-2020,335,PE,0,0,0,8,2.4,0,0,5400,0,06-JUL-2020,
OPTSTK,BPCL,30-Jul-2020,340,PE,3.05,3.05,2.75,3,3,5,30.86,70200,1800,06-JUL-2020,
OPTSTK,BPCL,30-Jul-2020,345,PE,0,0,0,8.8,3.9,0,0,10800,0,06-JUL-2020,
OPTSTK,BPCL,30-Jul-2020,350,PE,5,5.05,3.85,4.75,4.75,55,350.9,165600,5400,06-JUL-2020,
OPTSTK,BPCL,30-Jul-2020,355,PE,5,6.25,5,6.25,6.25,6,38.9,27000,-1800,06-JUL-2020,
OPTSTK,BPCL,30-Jul-2020,360,PE,7,7.2,5.9,6.8,6.8,69,454.92,289800,14400,06-JUL-2020,
OPTSTK,BPCL,30-Jul-2020,365,PE,8.15,8.2,7.3,8.2,8.2,10,67.08,32400,-1800,06-JUL-2020,
OPTSTK,BPCL,30-Jul-2020,370,PE,12,12,8.2,9.55,9.55,88,601.11,93600,9000,06-JUL-2020,
OPTSTK,BPCL,30-Jul-2020,375,PE,12,12,9.7,11.3,12.25,32,222.2,36000,-1800,06-JUL-2020,
OPTSTK,BPCL,30-Jul-2020,380,PE,15.25,15.75,11.3,13.25,13.25,265,1873.15,225000,-5400,06-JUL-2020,
OPTSTK,BPCL,30-Jul-2020,385,PE,15.75,15.85,13,15.45,15.45,28,201.29,32400,-7200,06-JUL-2020,
OPTSTK,BPCL,30-Jul-2020,390,PE,19.1,19.55,15.1,17.95,17.95,250,1831.21,81000,14400,06-JUL-2020,
OPTSTK,BPCL,30-Jul-2020,395,PE,20.6,21.25,18.1,21.1,21.7,25,186.66,32400,-1800,06-JUL-2020,
OPTSTK,BPCL,30-Jul-2020,400,PE,25.15,25.15,20.35,23.15,23.15,59,449.22,36000,-27000,06-JUL-2020,
OPTSTK,BPCL,30-Jul-2020,405,PE,25.8,25.8,25.8,25.8,25.8,1,7.75,7200,1800,06-JUL-2020,
OPTSTK,BPCL,30-Jul-2020,410,PE,27.75,27.75,27.7,27.7,30.85,3,23.63,14400,1800,06-JUL-2020,
OPTSTK,BPCL,30-Jul-2020,415,PE,0,0,0,98.55,34.25,0,0,0,0,06-JUL-2020,
OPTSTK,BPCL,30-Jul-2020,420,PE,38.75,38.75,38.75,38.75,37.85,1,8.25,10800,0,06-JUL-2020,
OPTSTK,BPCL,30-Jul-2020,425,PE,0,0,0,106.8,41.55,0,0,0,0,06-JUL-2020,
OPTSTK,BPCL,30-Jul-2020,430,PE,0,0,0,93.15,45.45,0,0,0,0,06-JUL-2020,
OPTSTK,BPCL,30-Jul-2020,435,PE,0,0,0,115.25,49.45,0,0,0,0,06-JUL-2020,
OPTSTK,BPCL,30-Jul-2020,440,PE,0,0,0,100.25,53.55,0,0,0,0,06-JUL-2020,
OPTSTK,BPCL,30-Jul-2020,445,PE,0,0,0,123.9,57.8,0,0,0,0,06-JUL-2020,
OPTSTK,BPCL,30-Jul-2020,450,PE,0,0,0,64.85,62.15,0,0,57600,0,06-JUL-2020,
OPTSTK,BPCL,30-Jul-2020,455,PE,0,0,0,118.15,66.55,0,0,0,0,06-JUL-2020,
OPTSTK,BPCL,30-Jul-2020,460,PE,0,0,0,115,71.05,0,0,0,0,06-JUL-2020,
OPTSTK,BPCL,30-Jul-2020,470,PE,0,0,0,122.6,80.25,0,0,0,0,06-JUL-2020,
OPTSTK,BPCL,27-Aug-2020,210,CE,0,0,0,123.45,181.45,0,0,0,0,06-JUL-2020,
OPTSTK,BPCL,27-Aug-2020,215,CE,0,0,0,119.25,176.5,0,0,0,0,06-JUL-2020,
OPTSTK,BPCL,27-Aug-2020,220,CE,0,0,0,115.1,171.55,0,0,0,0,06-JUL-2020,
OPTSTK,BPCL,27-Aug-2020,225,CE,0,0,0,111.05,166.6,0,0,0,0,06-JUL-2020,
OPTSTK,BPCL,27-Aug-2020,230,CE,0,0,0,107.05,161.6,0,0,0,0,06-JUL-2020,
OPTSTK,BPCL,27-Aug-2020,235,CE,0,0,0,103.15,156.65,0,0,0,0,06-JUL-2020,
OPTSTK,BPCL,27-Aug-2020,240,CE,0,0,0,99.3,151.7,0,0,0,0,06-JUL-2020,
OPTSTK,BPCL,27-Aug-2020,245,CE,0,0,0,95.6,146.8,0,0,0,0,06-JUL-2020,
OPTSTK,BPCL,27-Aug-2020,250,CE,0,0,0,91.95,141.85,0,0,0,0,06-JUL-2020,
OPTSTK,BPCL,27-Aug-2020,255,CE,0,0,0,88.4,136.95,0,0,0,0,06-JUL-2020,
OPTSTK,BPCL,27-Aug-2020,260,CE,0,0,0,84.95,132.05,0,0,0,0,06-JUL-2020,
OPTSTK,BPCL,27-Aug-2020,265,CE,0,0,0,81.6,127.2,0,0,0,0,06-JUL-2020,
OPTSTK,BPCL,27-Aug-2020,270,CE,0,0,0,78.35,122.35,0,0,0,0,06-JUL-2020,
OPTSTK,BPCL,27-Aug-2020,275,CE,0,0,0,75.15,117.5,0,0,0,0,06-JUL-2020,
OPTSTK,BPCL,27-Aug-2020,280,CE,0,0,0,72.05,112.75,0,0,0,0,06-JUL-2020,
OPTSTK,BPCL,27-Aug-2020,285,CE,0,0,0,69.1,108,0,0,0,0,06-JUL-2020,
OPTSTK,BPCL,27-Aug-2020,290,CE,0,0,0,66.2,103.3,0,0,0,0,06-JUL-2020,
OPTSTK,BPCL,27-Aug-2020,295,CE,0,0,0,63.4,98.7,0,0,0,0,06-JUL-2020,
OPTSTK,BPCL,27-Aug-2020,300,CE,0,0,0,60.7,94.1,0,0,0,0,06-JUL-2020,
OPTSTK,BPCL,27-Aug-2020,305,CE,0,0,0,58.1,89.65,0,0,0,0,06-JUL-2020,
OPTSTK,BPCL,27-Aug-2020,310,CE,0,0,0,80,85.2,0,0,1800,0,06-JUL-2020,
OPTSTK,BPCL,27-Aug-2020,315,CE,0,0,0,53.15,80.9,0,0,0,0,06-JUL-2020,
OPTSTK,BPCL,27-Aug-2020,320,CE,0,0,0,50.8,76.65,0,0,0,0,06-JUL-2020,
OPTSTK,BPCL,27-Aug-2020,325,CE,0,0,0,48.55,72.5,0,0,0,0,06-JUL-2020,
OPTSTK,BPCL,27-Aug-2020,330,CE,0,0,0,46.4,68.5,0,0,0,0,06-JUL-2020,
OPTSTK,BPCL,27-Aug-2020,335,CE,0,0,0,44.3,64.6,0,0,0,0,06-JUL-2020,
OPTSTK,BPCL,27-Aug-2020,340,CE,0,0,0,42.3,60.8,0,0,0,0,06-JUL-2020,
OPTSTK,BPCL,27-Aug-2020,345,CE,0,0,0,40.35,57.1,0,0,0,0,06-JUL-2020,
OPTSTK,BPCL,27-Aug-2020,350,CE,0,0,0,38.5,53.55,0,0,0,0,06-JUL-2020,
OPTSTK,BPCL,27-Aug-2020,355,CE,0,0,0,36.75,50.15,0,0,0,0,06-JUL-2020,
OPTSTK,BPCL,27-Aug-2020,360,CE,0,0,0,35.05,46.9,0,0,0,0,06-JUL-2020,
OPTSTK,BPCL,27-Aug-2020,365,CE,0,0,0,33.4,43.75,0,0,0,0,06-JUL-2020,
OPTSTK,BPCL,27-Aug-2020,370,CE,0,0,0,31.85,40.75,0,0,0,0,06-JUL-2020,
OPTSTK,BPCL,27-Aug-2020,375,CE,0,0,0,30.35,37.9,0,0,0,0,06-JUL-2020,
OPTSTK,BPCL,27-Aug-2020,380,CE,0,0,0,28.9,35.2,0,0,0,0,06-JUL-2020,
OPTSTK,BPCL,27-Aug-2020,385,CE,0,0,0,27.55,32.6,0,0,0,0,06-JUL-2020,
OPTSTK,BPCL,27-Aug-2020,390,CE,0,0,0,26.2,30.15,0,0,0,0,06-JUL-2020,
OPTSTK,BPCL,27-Aug-2020,395,CE,0,0,0,25,27.85,0,0,0,0,06-JUL-2020,
OPTSTK,BPCL,27-Aug-2020,400,CE,25.5,26.5,25.5,26.5,25.7,2,15.33,10800,3600,06-JUL-2020,
OPTSTK,BPCL,27-Aug-2020,405,CE,0,0,0,22.65,23.65,0,0,0,0,06-JUL-2020,
OPTSTK,BPCL,27-Aug-2020,410,CE,0,0,0,21.55,21.75,0,0,0,0,06-JUL-2020,
OPTSTK,BPCL,27-Aug-2020,415,CE,0,0,0,20.5,19.95,0,0,0,0,06-JUL-2020,
OPTSTK,BPCL,27-Aug-2020,420,CE,0,0,0,19.5,18.3,0,0,0,0,06-JUL-2020,
OPTSTK,BPCL,27-Aug-2020,425,CE,0,0,0,18.55,16.75,0,0,0,0,06-JUL-2020,
OPTSTK,BPCL,27-Aug-2020,430,CE,0,0,0,17.65,15.3,0,0,0,0,06-JUL-2020,
OPTSTK,BPCL,27-Aug-2020,435,CE,0,0,0,16.8,13.95,0,0,0,0,06-JUL-2020,
OPTSTK,BPCL,27-Aug-2020,440,CE,0,0,0,15.95,12.7,0,0,0,0,06-JUL-2020,
OPTSTK,BPCL,27-Aug-2020,445,CE,0,0,0,15.2,11.55,0,0,0,0,06-JUL-2020,
OPTSTK,BPCL,27-Aug-2020,450,CE,9,9,9,9,10.5,2,16.52,3600,1800,06-JUL-2020,
OPTSTK,BPCL,27-Aug-2020,455,CE,0,0,0,16.05,9.5,0,0,0,0,06-JUL-2020,
OPTSTK,BPCL,27-Aug-2020,460,CE,0,0,0,15.25,8.6,0,0,0,0,06-JUL-2020,
OPTSTK,BPCL,27-Aug-2020,470,CE,0,0,0,10.95,7.05,0,0,0,0,06-JUL-2020,
OPTSTK,BPCL,27-Aug-2020,210,PE,0,0,0,4.45,0.05,0,0,0,0,06-JUL-2020,
OPTSTK,BPCL,27-Aug-2020,215,PE,0,0,0,5.2,0.05,0,0,0,0,06-JUL-2020,
OPTSTK,BPCL,27-Aug-2020,220,PE,0,0,0,6,0.05,0,0,0,0,06-JUL-2020,
OPTSTK,BPCL,27-Aug-2020,225,PE,0,0,0,6.85,0.05,0,0,0,0,06-JUL-2020,
OPTSTK,BPCL,27-Aug-2020,230,PE,0,0,0,7.8,0.05,0,0,0,0,06-JUL-2020,
OPTSTK,BPCL,27-Aug-2020,235,PE,0,0,0,8.85,0.05,0,0,0,0,06-JUL-2020,
OPTSTK,BPCL,27-Aug-2020,240,PE,0,0,0,9.95,0.05,0,0,0,0,06-JUL-2020,
OPTSTK,BPCL,27-Aug-2020,245,PE,0,0,0,11.15,0.1,0,0,0,0,06-JUL-2020,
OPTSTK,BPCL,27-Aug-2020,250,PE,0,0,0,12.45,0.15,0,0,0,0,06-JUL-2020,
OPTSTK,BPCL,27-Aug-2020,255,PE,0,0,0,13.85,0.2,0,0,0,0,06-JUL-2020,
OPTSTK,BPCL,27-Aug-2020,260,PE,0,0,0,15.35,0.3,0,0,0,0,06-JUL-2020,
OPTSTK,BPCL,27-Aug-2020,265,PE,0,0,0,16.95,0.4,0,0,0,0,06-JUL-2020,
OPTSTK,BPCL,27-Aug-2020,270,PE,0,0,0,18.6,0.5,0,0,0,0,06-JUL-2020,
OPTSTK,BPCL,27-Aug-2020,275,PE,0,0,0,20.35,0.65,0,0,0,0,06-JUL-2020,
OPTSTK,BPCL,27-Aug-2020,280,PE,0,0,0,22.2,0.85,0,0,0,0,06-JUL-2020,
OPTSTK,BPCL,27-Aug-2020,285,PE,0,0,0,24.2,1.1,0,0,0,0,06-JUL-2020,
OPTSTK,BPCL,27-Aug-2020,290,PE,0,0,0,26.25,1.35,0,0,0,0,06-JUL-2020,
OPTSTK,BPCL,27-Aug-2020,295,PE,0,0,0,28.4,1.7,0,0,0,0,06-JUL-2020,
OPTSTK,BPCL,27-Aug-2020,300,PE,0,0,0,30.6,2.1,0,0,0,0,06-JUL-2020,
OPTSTK,BPCL,27-Aug-2020,305,PE,0,0,0,32.95,2.6,0,0,0,0,06-JUL-2020,
OPTSTK,BPCL,27-Aug-2020,310,PE,0,0,0,35.35,3.15,0,0,0,0,06-JUL-2020,
OPTSTK,BPCL,27-Aug-2020,315,PE,0,0,0,37.9,3.8,0,0,0,0,06-JUL-2020,
OPTSTK,BPCL,27-Aug-2020,320,PE,0,0,0,40.5,4.5,0,0,0,0,06-JUL-2020,
OPTSTK,BPCL,27-Aug-2020,325,PE,0,0,0,43.15,5.35,0,0,0,0,06-JUL-2020,
OPTSTK,BPCL,27-Aug-2020,330,PE,0,0,0,45.95,6.3,0,0,0,0,06-JUL-2020,
OPTSTK,BPCL,27-Aug-2020,335,PE,0,0,0,48.8,7.35,0,0,0,0,06-JUL-2020,
OPTSTK,BPCL,27-Aug-2020,340,PE,0,0,0,51.7,8.55,0,0,0,0,06-JUL-2020,
OPTSTK,BPCL,27-Aug-2020,345,PE,0,0,0,54.75,9.85,0,0,0,0,06-JUL-2020,
OPTSTK,BPCL,27-Aug-2020,350,PE,0,0,0,17,11.25,0,0,5400,0,06-JUL-2020,
OPTSTK,BPCL,27-Aug-2020,355,PE,0,0,0,61,12.8,0,0,0,0,06-JUL-2020,
OPTSTK,BPCL,27-Aug-2020,360,PE,0,0,0,64.2,14.5,0,0,0,0,06-JUL-2020,
OPTSTK,BPCL,27-Aug-2020,365,PE,0,0,0,67.55,16.35,0,0,0,0,06-JUL-2020,
OPTSTK,BPCL,27-Aug-2020,370,PE,0,0,0,70.9,18.3,0,0,0,0,06-JUL-2020,
OPTSTK,BPCL,27-Aug-2020,375,PE,0,0,0,74.35,20.45,0,0,0,0,06-JUL-2020,
OPTSTK,BPCL,27-Aug-2020,380,PE,0,0,0,32,22.7,0,0,1800,0,06-JUL-2020,
OPTSTK,BPCL,27-Aug-2020,385,PE,0,0,0,81.4,25.1,0,0,0,0,06-JUL-2020,
OPTSTK,BPCL,27-Aug-2020,390,PE,0,0,0,85.05,27.6,0,0,0,0,06-JUL-2020,
OPTSTK,BPCL,27-Aug-2020,395,PE,0,0,0,88.75,30.3,0,0,0,0,06-JUL-2020,
OPTSTK,BPCL,27-Aug-2020,400,PE,0,0,0,92.5,33.1,0,0,0,0,06-JUL-2020,
OPTSTK,BPCL,27-Aug-2020,405,PE,0,0,0,96.25,36,0,0,0,0,06-JUL-2020,
OPTSTK,BPCL,27-Aug-2020,410,PE,0,0,0,100.1,39.05,0,0,0,0,06-JUL-2020,
OPTSTK,BPCL,27-Aug-2020,415,PE,0,0,0,104,42.25,0,0,0,0,06-JUL-2020,
OPTSTK,BPCL,27-Aug-2020,420,PE,0,0,0,107.95,45.55,0,0,0,0,06-JUL-2020,
OPTSTK,BPCL,27-Aug-2020,425,PE,0,0,0,111.95,48.95,0,0,0,0,06-JUL-2020,
OPTSTK,BPCL,27-Aug-2020,430,PE,0,0,0,116,52.5,0,0,0,0,06-JUL-2020,
OPTSTK,BPCL,27-Aug-2020,435,PE,0,0,0,120.05,56.1,0,0,0,0,06-JUL-2020,
OPTSTK,BPCL,27-Aug-2020,440,PE,0,0,0,124.15,59.85,0,0,0,0,06-JUL-2020,
OPTSTK,BPCL,27-Aug-2020,445,PE,0,0,0,128.3,63.65,0,0,0,0,06-JUL-2020,
OPTSTK,BPCL,27-Aug-2020,450,PE,0,0,0,118.85,67.6,0,0,0,0,06-JUL-2020,
OPTSTK,BPCL,27-Aug-2020,455,PE,0,0,0,122.95,71.55,0,0,0,0,06-JUL-2020,
OPTSTK,BPCL,27-Aug-2020,460,PE,0,0,0,127.1,75.65,0,0,0,0,06-JUL-2020,
OPTSTK,BPCL,27-Aug-2020,470,PE,0,0,0,126.65,84,0,0,0,0,06-JUL-2020,
OPTSTK,BPCL,24-Sep-2020,210,CE,0,0,0,163.7,182.2,0,0,0,0,06-JUL-2020,
OPTSTK,BPCL,24-Sep-2020,220,CE,0,0,0,154.3,172.35,0,0,0,0,06-JUL-2020,
OPTSTK,BPCL,24-Sep-2020,230,CE,0,0,0,145.05,162.55,0,0,0,0,06-JUL-2020,
OPTSTK,BPCL,24-Sep-2020,240,CE,0,0,0,136.05,152.85,0,0,0,0,06-JUL-2020,
OPTSTK,BPCL,24-Sep-2020,250,CE,0,0,0,127.25,143.2,0,0,0,0,06-JUL-2020,
OPTSTK,BPCL,24-Sep-2020,260,CE,0,0,0,118.7,133.65,0,0,0,0,06-JUL-2020,
OPTSTK,BPCL,24-Sep-2020,270,CE,0,0,0,110.45,124.3,0,0,0,0,06-JUL-2020,
OPTSTK,BPCL,24-Sep-2020,280,CE,0,0,0,102.5,115.15,0,0,0,0,06-JUL-2020,
OPTSTK,BPCL,24-Sep-2020,290,CE,0,0,0,94.9,106.2,0,0,0,0,06-JUL-2020,
OPTSTK,BPCL,24-Sep-2020,300,CE,0,0,0,87.65,97.6,0,0,0,0,06-JUL-2020,
OPTSTK,BPCL,24-Sep-2020,310,CE,0,0,0,80.75,89.25,0,0,0,0,06-JUL-2020,
OPTSTK,BPCL,24-Sep-2020,320,CE,0,0,0,74.25,81.3,0,0,0,0,06-JUL-2020,
OPTSTK,BPCL,24-Sep-2020,330,CE,0,0,0,68.1,73.75,0,0,0,0,06-JUL-2020,
OPTSTK,BPCL,24-Sep-2020,340,CE,0,0,0,62.35,66.65,0,0,0,0,06-JUL-2020,
OPTSTK,BPCL,24-Sep-2020,350,CE,0,0,0,56.95,59.95,0,0,0,0,06-JUL-2020,
OPTSTK,BPCL,24-Sep-2020,360,CE,0,0,0,51.9,53.7,0,0,0,0,06-JUL-2020,
OPTSTK,BPCL,24-Sep-2020,370,CE,0,0,0,47.25,47.9,0,0,0,0,06-JUL-2020,
OPTSTK,BPCL,24-Sep-2020,380,CE,0,0,0,42.9,42.55,0,0,0,0,06-JUL-2020,
OPTSTK,BPCL,24-Sep-2020,390,CE,0,0,0,38.9,37.65,0,0,0,0,06-JUL-2020,
OPTSTK,BPCL,24-Sep-2020,400,CE,0,0,0,35.25,33.2,0,0,0,0,06-JUL-2020,
OPTSTK,BPCL,24-Sep-2020,410,CE,0,0,0,31.85,29.2,0,0,0,0,06-JUL-2020,
OPTSTK,BPCL,24-Sep-2020,420,CE,0,0,0,28.75,25.55,0,0,0,0,06-JUL-2020,
OPTSTK,BPCL,24-Sep-2020,430,CE,0,0,0,25.95,22.3,0,0,0,0,06-JUL-2020,
OPTSTK,BPCL,24-Sep-2020,440,CE,0,0,0,23.35,19.4,0,0,0,0,06-JUL-2020,
OPTSTK,BPCL,24-Sep-2020,450,CE,0,0,0,21.05,16.85,0,0,0,0,06-JUL-2020,
OPTSTK,BPCL,24-Sep-2020,460,CE,0,0,0,18.9,14.55,0,0,0,0,06-JUL-2020,
OPTSTK,BPCL,24-Sep-2020,470,CE,0,0,0,16.95,12.55,0,0,0,0,06-JUL-2020,
OPTSTK,BPCL,24-Sep-2020,210,PE,0,0,0,1,0.05,0,0,0,0,06-JUL-2020,
OPTSTK,BPCL,24-Sep-2020,220,PE,0,0,0,1.5,0.15,0,0,0,0,06-JUL-2020,
OPTSTK,BPCL,24-Sep-2020,230,PE,0,0,0,2.15,0.25,0,0,0,0,06-JUL-2020,
OPTSTK,BPCL,24-Sep-2020,240,PE,0,0,0,3,0.4,0,0,0,0,06-JUL-2020,
OPTSTK,BPCL,24-Sep-2020,250,PE,0,0,0,4.1,0.65,0,0,0,0,06-JUL-2020,
OPTSTK,BPCL,24-Sep-2020,260,PE,0,0,0,5.45,1.05,0,0,0,0,06-JUL-2020,
OPTSTK,BPCL,24-Sep-2020,270,PE,0,0,0,7.05,1.6,0,0,0,0,06-JUL-2020,
OPTSTK,BPCL,24-Sep-2020,280,PE,0,0,0,9,2.35,0,0,0,0,06-JUL-2020,
OPTSTK,BPCL,24-Sep-2020,290,PE,0,0,0,11.3,3.35,0,0,0,0,06-JUL-2020,
OPTSTK,BPCL,24-Sep-2020,300,PE,0,0,0,13.95,4.6,0,0,0,0,06-JUL-2020,
OPTSTK,BPCL,24-Sep-2020,310,PE,0,0,0,16.9,6.2,0,0,0,0,06-JUL-2020,
OPTSTK,BPCL,24-Sep-2020,320,PE,0,0,0,20.3,8.15,0,0,0,0,06-JUL-2020,
OPTSTK,BPCL,24-Sep-2020,330,PE,0,0,0,24,10.5,0,0,0,0,06-JUL-2020,
OPTSTK,BPCL,24-Sep-2020,340,PE,0,0,0,28.15,13.25,0,0,0,0,06-JUL-2020,
OPTSTK,BPCL,24-Sep-2020,350,PE,0,0,0,32.6,16.5,0,0,0,0,06-JUL-2020,
OPTSTK,BPCL,24-Sep-2020,360,PE,0,0,0,37.5,20.15,0,0,0,0,06-JUL-2020,
OPTSTK,BPCL,24-Sep-2020,370,PE,0,0,0,42.7,24.25,0,0,0,0,06-JUL-2020,
OPTSTK,BPCL,24-Sep-2020,380,PE,0,0,0,48.25,28.85,0,0,0,0,06-JUL-2020,
OPTSTK,BPCL,24-Sep-2020,390,PE,0,0,0,54.15,33.85,0,0,0,0,06-JUL-2020,
OPTSTK,BPCL,24-Sep-2020,400,PE,0,0,0,60.35,39.3,0,0,0,0,06-JUL-2020,
OPTSTK,BPCL,24-Sep-2020,410,PE,0,0,0,66.85,45.2,0,0,0,0,06-JUL-2020,
OPTSTK,BPCL,24-Sep-2020,420,PE,0,0,0,73.65,51.45,0,0,0,0,06-JUL-2020,
OPTSTK,BPCL,24-Sep-2020,430,PE,0,0,0,80.7,58.1,0,0,0,0,06-JUL-2020,
OPTSTK,BPCL,24-Sep-2020,440,PE,0,0,0,88,65.15,0,0,0,0,06-JUL-2020,
OPTSTK,BPCL,24-Sep-2020,450,PE,0,0,0,95.55,72.45,0,0,0,0,06-JUL-2020,
OPTSTK,BPCL,24-Sep-2020,460,PE,0,0,0,103.3,80.1,0,0,0,0,06-JUL-2020,
OPTSTK,BPCL,24-Sep-2020,470,PE,0,0,0,111.25,88,0,0,0,0,06-JUL-2020,
OPTSTK,BRITANNIA,30-Jul-2020,2150,CE,0,0,0,1114.95,1480.4,0,0,0,0,06-JUL-2020,
OPTSTK,BRITANNIA,30-Jul-2020,2200,CE,0,0,0,1075.45,1430.55,0,0,0,0,06-JUL-2020,
OPTSTK,BRITANNIA,30-Jul-2020,2250,CE,0,0,0,1036.85,1380.7,0,0,0,0,06-JUL-2020,
OPTSTK,BRITANNIA,30-Jul-2020,2300,CE,0,0,0,999.1,1330.8,0,0,0,0,06-JUL-2020,
OPTSTK,BRITANNIA,30-Jul-2020,2350,CE,0,0,0,962.3,1280.95,0,0,0,0,06-JUL-2020,
OPTSTK,BRITANNIA,30-Jul-2020,2400,CE,0,0,0,926.35,1231.1,0,0,0,0,06-JUL-2020,
OPTSTK,BRITANNIA,30-Jul-2020,2450,CE,0,0,0,891.3,1181.25,0,0,0,0,06-JUL-2020,
OPTSTK,BRITANNIA,30-Jul-2020,2500,CE,0,0,0,857.15,1131.4,0,0,0,0,06-JUL-2020,
OPTSTK,BRITANNIA,30-Jul-2020,2550,CE,0,0,0,823.95,1081.5,0,0,0,0,06-JUL-2020,
OPTSTK,BRITANNIA,30-Jul-2020,2600,CE,0,0,0,791.7,1031.65,0,0,0,0,06-JUL-2020,
OPTSTK,BRITANNIA,30-Jul-2020,2650,CE,0,0,0,760.4,981.8,0,0,0,0,06-JUL-2020,
OPTSTK,BRITANNIA,30-Jul-2020,2700,CE,0,0,0,729.9,931.95,0,0,0,0,06-JUL-2020,
OPTSTK,BRITANNIA,30-Jul-2020,2750,CE,0,0,0,700.5,882.15,0,0,0,0,06-JUL-2020,
OPTSTK,BRITANNIA,30-Jul-2020,2800,CE,0,0,0,672,832.35,0,0,0,0,06-JUL-2020,
OPTSTK,BRITANNIA,30-Jul-2020,2850,CE,0,0,0,644.4,782.6,0,0,0,0,06-JUL-2020,
OPTSTK,BRITANNIA,30-Jul-2020,2900,CE,0,0,0,617.75,733,0,0,0,0,06-JUL-2020,
OPTSTK,BRITANNIA,30-Jul-2020,2950,CE,0,0,0,592,683.55,0,0,0,0,06-JUL-2020,
OPTSTK,BRITANNIA,30-Jul-2020,3000,CE,0,0,0,577,634.4,0,0,600,0,06-JUL-2020,
OPTSTK,BRITANNIA,30-Jul-2020,3050,CE,0,0,0,543.05,585.6,0,0,0,0,06-JUL-2020,
OPTSTK,BRITANNIA,30-Jul-2020,3100,CE,0,0,0,519.9,537.4,0,0,0,0,06-JUL-2020,
OPTSTK,BRITANNIA,30-Jul-2020,3150,CE,0,0,0,340,490,0,0,200,0,06-JUL-2020,
OPTSTK,BRITANNIA,30-Jul-2020,3200,CE,0,0,0,250,443.65,0,0,200,0,06-JUL-2020,
OPTSTK,BRITANNIA,30-Jul-2020,3250,CE,0,0,0,260,398.65,0,0,800,0,06-JUL-2020,
OPTSTK,BRITANNIA,30-Jul-2020,3300,CE,0,0,0,267.6,355.25,0,0,3600,0,06-JUL-2020,
OPTSTK,BRITANNIA,30-Jul-2020,3350,CE,0,0,0,196.7,313.85,0,0,800,0,06-JUL-2020,
OPTSTK,BRITANNIA,30-Jul-2020,3400,CE,218.75,270.55,215.85,270.5,274.75,8,58.17,6400,800,06-JUL-2020,
OPTSTK,BRITANNIA,30-Jul-2020,3450,CE,0,0,0,169.65,238.2,0,0,2000,0,06-JUL-2020,
OPTSTK,BRITANNIA,30-Jul-2020,3500,CE,154.95,210.1,142,198,198,61,447.67,14800,400,06-JUL-2020,
OPTSTK,BRITANNIA,30-Jul-2020,3550,CE,115.8,177.8,112.5,167.4,167.4,66,486.8,5400,-2600,06-JUL-2020,
OPTSTK,BRITANNIA,30-Jul-2020,3600,CE,98.8,147.35,87.5,135.65,135.65,510,3792.91,28200,-6400,06-JUL-2020,
OPTSTK,BRITANNIA,30-Jul-2020,3650,CE,69.8,121.95,69.8,110.4,110.4,250,1879.94,15200,10000,06-JUL-2020,
OPTSTK,BRITANNIA,30-Jul-2020,3700,CE,64,99,54.05,89.05,89.05,654,4955.3,50200,21800,06-JUL-2020,
OPTSTK,BRITANNIA,30-Jul-2020,3750,CE,47.55,78.4,47.55,70.1,70.1,49,374.46,6400,800,06-JUL-2020,
OPTSTK,BRITANNIA,30-Jul-2020,3800,CE,33.3,63.25,33,55.15,55.15,261,2012.03,32200,6600,06-JUL-2020,
OPTSTK,BRITANNIA,30-Jul-2020,3850,CE,32,47.4,32,47.4,51.7,5,38.86,1800,-200,06-JUL-2020,
OPTSTK,BRITANNIA,30-Jul-2020,3900,CE,22.55,39.8,22.55,33.4,33.4,112,880.94,8000,-4000,06-JUL-2020,
OPTSTK,BRITANNIA,30-Jul-2020,3950,CE,0,0,0,23.7,31.55,0,0,600,0,06-JUL-2020,
OPTSTK,BRITANNIA,30-Jul-2020,4000,CE,14.15,24.5,12.2,20,20,317,2548.38,51200,5200,06-JUL-2020,
OPTSTK,BRITANNIA,30-Jul-2020,4050,CE,0,0,0,17.65,18.4,0,0,1600,0,06-JUL-2020,
OPTSTK,BRITANNIA,30-Jul-2020,4100,CE,9,15.95,6.05,12.3,12.3,68,559.14,18200,600,06-JUL-2020,
OPTSTK,BRITANNIA,30-Jul-2020,4150,CE,0,0,0,197.65,10.3,0,0,0,0,06-JUL-2020,
OPTSTK,BRITANNIA,30-Jul-2020,4200,CE,8.5,9.1,8.5,9.1,7.55,4,33.67,600,600,06-JUL-2020,
OPTSTK,BRITANNIA,30-Jul-2020,2150,PE,0,0,0,71.95,0.05,0,0,0,0,06-JUL-2020,
OPTSTK,BRITANNIA,30-Jul-2020,2200,PE,0,0,0,81.85,0.05,0,0,0,0,06-JUL-2020,
OPTSTK,BRITANNIA,30-Jul-2020,2250,PE,0,0,0,92.6,0.05,0,0,0,0,06-JUL-2020,
OPTSTK,BRITANNIA,30-Jul-2020,2300,PE,0,0,0,104.2,0.05,0,0,0,0,06-JUL-2020,
OPTSTK,BRITANNIA,30-Jul-2020,2350,PE,0,0,0,116.8,0.05,0,0,0,0,06-JUL-2020,
OPTSTK,BRITANNIA,30-Jul-2020,2400,PE,0,0,0,130.2,0.05,0,0,0,0,06-JUL-2020,
OPTSTK,BRITANNIA,30-Jul-2020,2450,PE,0,0,0,144.5,0.05,0,0,0,0,06-JUL-2020,
OPTSTK,BRITANNIA,30-Jul-2020,2500,PE,0,0,0,159.75,0.05,0,0,0,0,06-JUL-2020,
OPTSTK,BRITANNIA,30-Jul-2020,2550,PE,0,0,0,175.9,0.05,0,0,0,0,06-JUL-2020,
OPTSTK,BRITANNIA,30-Jul-2020,2600,PE,0,0,0,193,0.05,0,0,0,0,06-JUL-2020,
OPTSTK,BRITANNIA,30-Jul-2020,2650,PE,0,0,0,211.05,0.05,0,0,0,0,06-JUL-2020,
OPTSTK,BRITANNIA,30-Jul-2020,2700,PE,0,0,0,229.95,0.05,0,0,0,0,06-JUL-2020,
OPTSTK,BRITANNIA,30-Jul-2020,2750,PE,0,0,0,249.9,0.05,0,0,0,0,06-JUL-2020,
OPTSTK,BRITANNIA,30-Jul-2020,2800,PE,0,0,0,2.15,0.15,0,0,400,0,06-JUL-2020,
OPTSTK,BRITANNIA,30-Jul-2020,2850,PE,0,0,0,292.55,0.25,0,0,0,0,06-JUL-2020,
OPTSTK,BRITANNIA,30-Jul-2020,2900,PE,0,0,0,23.9,0.5,0,0,200,0,06-JUL-2020,
OPTSTK,BRITANNIA,30-Jul-2020,2950,PE,0,0,0,338.85,0.95,0,0,0,0,06-JUL-2020,
OPTSTK,BRITANNIA,30-Jul-2020,3000,PE,5.5,5.5,4.1,4.55,4.55,9,54.08,40400,-400,06-JUL-2020,
OPTSTK,BRITANNIA,30-Jul-2020,3050,PE,0,0,0,18,2.7,0,0,600,0,06-JUL-2020,
OPTSTK,BRITANNIA,30-Jul-2020,3100,PE,10.1,10.1,5,5,5,2,12.43,1000,0,06-JUL-2020,
OPTSTK,BRITANNIA,30-Jul-2020,3150,PE,10,10,10,10,6.8,1,6.32,800,-200,06-JUL-2020,
OPTSTK,BRITANNIA,30-Jul-2020,3200,PE,18,18,10.15,11.5,11.5,36,231.29,14800,0,06-JUL-2020,
OPTSTK,BRITANNIA,30-Jul-2020,3250,PE,0,0,0,33.8,15.15,0,0,800,0,06-JUL-2020,
OPTSTK,BRITANNIA,30-Jul-2020,3300,PE,30.95,30.95,18.5,20.3,20.3,55,365.5,20400,1200,06-JUL-2020,
OPTSTK,BRITANNIA,30-Jul-2020,3350,PE,30.5,30.5,26,26.7,26.7,10,67.53,3800,1000,06-JUL-2020,
OPTSTK,BRITANNIA,30-Jul-2020,3400,PE,51.8,52.85,34.35,36,36,83,571.19,20000,-400,06-JUL-2020,
OPTSTK,BRITANNIA,30-Jul-2020,3450,PE,69.25,69.25,44.05,48,54.15,23,161.06,4600,1000,06-JUL-2020,
OPTSTK,BRITANNIA,30-Jul-2020,3500,PE,76,89.5,57.15,61.1,61.1,183,1306.27,19000,1200,06-JUL-2020,
OPTSTK,BRITANNIA,30-Jul-2020,3550,PE,101.25,101.25,74.3,78.35,78.35,52,377.91,3800,800,06-JUL-2020,
OPTSTK,BRITANNIA,30-Jul-2020,3600,PE,129.25,129.5,94,99.35,99.35,67,496.72,7000,2800,06-JUL-2020,
OPTSTK,BRITANNIA,30-Jul-2020,3650,PE,124.65,124.65,124.6,124.65,124.65,2,15.09,200,200,06-JUL-2020,
OPTSTK,BRITANNIA,30-Jul-2020,3700,PE,0,0,0,789.35,164.95,0,0,0,0,06-JUL-2020,
OPTSTK,BRITANNIA,30-Jul-2020,3750,PE,187,187,187,187,196.15,1,7.87,200,200,06-JUL-2020,
OPTSTK,BRITANNIA,30-Jul-2020,3800,PE,0,0,0,861.15,230.1,0,0,0,0,06-JUL-2020,
OPTSTK,BRITANNIA,30-Jul-2020,3850,PE,0,0,0,898.05,266.55,0,0,0,0,06-JUL-2020,
OPTSTK,BRITANNIA,30-Jul-2020,3900,PE,0,0,0,935.35,305.35,0,0,0,0,06-JUL-2020,
OPTSTK,BRITANNIA,30-Jul-2020,3950,PE,0,0,0,973.15,346.15,0,0,0,0,06-JUL-2020,
OPTSTK,BRITANNIA,30-Jul-2020,4000,PE,0,0,0,1011.5,388.7,0,0,0,0,06-JUL-2020,
OPTSTK,BRITANNIA,30-Jul-2020,4050,PE,0,0,0,1050.3,432.7,0,0,0,0,06-JUL-2020,
OPTSTK,BRITANNIA,30-Jul-2020,4100,PE,0,0,0,530,478,0,0,200,0,06-JUL-2020,
OPTSTK,BRITANNIA,30-Jul-2020,4150,PE,0,0,0,1129.3,524.3,0,0,0,0,06-JUL-2020,
OPTSTK,BRITANNIA,30-Jul-2020,4200,PE,0,0,0,990.55,571.45,0,0,0,0,06-JUL-2020,
OPTSTK,BRITANNIA,27-Aug-2020,2150,CE,0,0,0,1210.3,1487.4,0,0,0,0,06-JUL-2020,
OPTSTK,BRITANNIA,27-Aug-2020,2200,CE,0,0,0,1163.75,1437.7,0,0,0,0,06-JUL-2020,
OPTSTK,BRITANNIA,27-Aug-2020,2250,CE,0,0,0,1117.75,1388,0,0,0,0,06-JUL-2020,
OPTSTK,BRITANNIA,27-Aug-2020,2300,CE,0,0,0,1072.35,1338.3,0,0,0,0,06-JUL-2020,
OPTSTK,BRITANNIA,27-Aug-2020,2350,CE,0,0,0,1027.6,1288.6,0,0,0,0,06-JUL-2020,
OPTSTK,BRITANNIA,27-Aug-2020,2400,CE,0,0,0,983.6,1238.95,0,0,0,0,06-JUL-2020,
OPTSTK,BRITANNIA,27-Aug-2020,2450,CE,0,0,0,940.35,1189.3,0,0,0,0,06-JUL-2020,
OPTSTK,BRITANNIA,27-Aug-2020,2500,CE,0,0,0,898,1139.7,0,0,0,0,06-JUL-2020,
OPTSTK,BRITANNIA,27-Aug-2020,2550,CE,0,0,0,856.5,1090.15,0,0,0,0,06-JUL-2020,
OPTSTK,BRITANNIA,27-Aug-2020,2600,CE,0,0,0,816,1040.7,0,0,0,0,06-JUL-2020,
OPTSTK,BRITANNIA,27-Aug-2020,2650,CE,0,0,0,776.45,991.35,0,0,0,0,06-JUL-2020,
OPTSTK,BRITANNIA,27-Aug-2020,2700,CE,0,0,0,738,942.2,0,0,0,0,06-JUL-2020,
OPTSTK,BRITANNIA,27-Aug-2020,2750,CE,0,0,0,700.7,893.3,0,0,0,0,06-JUL-2020,
OPTSTK,BRITANNIA,27-Aug-2020,2800,CE,0,0,0,664.4,844.65,0,0,0,0,06-JUL-2020,
OPTSTK,BRITANNIA,27-Aug-2020,2850,CE,0,0,0,629.3,796.45,0,0,0,0,06-JUL-2020,
OPTSTK,BRITANNIA,27-Aug-2020,2900,CE,0,0,0,595.35,748.75,0,0,0,0,06-JUL-2020,
OPTSTK,BRITANNIA,27-Aug-2020,2950,CE,0,0,0,562.45,701.65,0,0,0,0,06-JUL-2020,
OPTSTK,BRITANNIA,27-Aug-2020,3000,CE,0,0,0,530.95,655.35,0,0,0,0,06-JUL-2020,
OPTSTK,BRITANNIA,27-Aug-2020,3050,CE,0,0,0,500.65,610,0,0,0,0,06-JUL-2020,
OPTSTK,BRITANNIA,27-Aug-2020,3100,CE,0,0,0,471.6,565.65,0,0,0,0,06-JUL-2020,
OPTSTK,BRITANNIA,27-Aug-2020,3150,CE,0,0,0,443.75,522.55,0,0,0,0,06-JUL-2020,
OPTSTK,BRITANNIA,27-Aug-2020,3200,CE,0,0,0,417.1,480.85,0,0,0,0,06-JUL-2020,
OPTSTK,BRITANNIA,27-Aug-2020,3250,CE,0,0,0,391.65,440.65,0,0,0,0,06-JUL-2020,
OPTSTK,BRITANNIA,27-Aug-2020,3300,CE,0,0,0,367.4,402.15,0,0,0,0,06-JUL-2020,
OPTSTK,BRITANNIA,27-Aug-2020,3350,CE,0,0,0,344.3,365.45,0,0,0,0,06-JUL-2020,
OPTSTK,BRITANNIA,27-Aug-2020,3400,CE,0,0,0,322.4,330.65,0,0,0,0,06-JUL-2020,
OPTSTK,BRITANNIA,27-Aug-2020,3450,CE,0,0,0,301.55,297.85,0,0,0,0,06-JUL-2020,
OPTSTK,BRITANNIA,27-Aug-2020,3500,CE,0,0,0,281.85,267.1,0,0,0,0,06-JUL-2020,
OPTSTK,BRITANNIA,27-Aug-2020,3550,CE,0,0,0,263.15,238.45,0,0,0,0,06-JUL-2020,
OPTSTK,BRITANNIA,27-Aug-2020,3600,CE,0,0,0,245.5,211.9,0,0,0,0,06-JUL-2020,
OPTSTK,BRITANNIA,27-Aug-2020,3650,CE,0,0,0,228.85,187.45,0,0,0,0,06-JUL-2020,
OPTSTK,BRITANNIA,27-Aug-2020,3700,CE,0,0,0,122,165.05,0,0,200,0,06-JUL-2020,
OPTSTK,BRITANNIA,27-Aug-2020,3750,CE,0,0,0,198.35,144.7,0,0,0,0,06-JUL-2020,
OPTSTK,BRITANNIA,27-Aug-2020,3800,CE,0,0,0,184.45,126.3,0,0,0,0,06-JUL-2020,
OPTSTK,BRITANNIA,27-Aug-2020,3850,CE,0,0,0,171.4,109.7,0,0,0,0,06-JUL-2020,
OPTSTK,BRITANNIA,27-Aug-2020,3900,CE,0,0,0,159.35,94.9,0,0,0,0,06-JUL-2020,
OPTSTK,BRITANNIA,27-Aug-2020,3950,CE,0,0,0,147.9,81.7,0,0,0,0,06-JUL-2020,
OPTSTK,BRITANNIA,27-Aug-2020,4000,CE,0,0,0,137.2,70.05,0,0,0,0,06-JUL-2020,
OPTSTK,BRITANNIA,27-Aug-2020,4050,CE,0,0,0,127.15,59.8,0,0,0,0,06-JUL-2020,
OPTSTK,BRITANNIA,27-Aug-2020,4100,CE,0,0,0,117.8,50.85,0,0,0,0,06-JUL-2020,
OPTSTK,BRITANNIA,27-Aug-2020,4150,CE,0,0,0,108.9,43.05,0,0,0,0,06-JUL-2020,
OPTSTK,BRITANNIA,27-Aug-2020,4200,CE,0,0,0,100.75,36.3,0,0,0,0,06-JUL-2020,
OPTSTK,BRITANNIA,27-Aug-2020,2150,PE,0,0,0,10.95,0.05,0,0,0,0,06-JUL-2020,
OPTSTK,BRITANNIA,27-Aug-2020,2200,PE,0,0,0,13.8,0.05,0,0,0,0,06-JUL-2020,
OPTSTK,BRITANNIA,27-Aug-2020,2250,PE,0,0,0,17.2,0.05,0,0,0,0,06-JUL-2020,
OPTSTK,BRITANNIA,27-Aug-2020,2300,PE,0,0,0,21.15,0.05,0,0,0,0,06-JUL-2020,
OPTSTK,BRITANNIA,27-Aug-2020,2350,PE,0,0,0,25.8,0.05,0,0,0,0,06-JUL-2020,
OPTSTK,BRITANNIA,27-Aug-2020,2400,PE,0,0,0,31.2,0.05,0,0,0,0,06-JUL-2020,
OPTSTK,BRITANNIA,27-Aug-2020,2450,PE,0,0,0,37.35,0.15,0,0,0,0,06-JUL-2020,
OPTSTK,BRITANNIA,27-Aug-2020,2500,PE,0,0,0,44.4,0.2,0,0,0,0,06-JUL-2020,
OPTSTK,BRITANNIA,27-Aug-2020,2550,PE,0,0,0,52.3,0.4,0,0,0,0,06-JUL-2020,
OPTSTK,BRITANNIA,27-Aug-2020,2600,PE,0,0,0,61.15,0.6,0,0,0,0,06-JUL-2020,
OPTSTK,BRITANNIA,27-Aug-2020,2650,PE,0,0,0,71.05,1,0,0,0,0,06-JUL-2020,
OPTSTK,BRITANNIA,27-Aug-2020,2700,PE,0,0,0,81.95,1.5,0,0,0,0,06-JUL-2020,
OPTSTK,BRITANNIA,27-Aug-2020,2750,PE,0,0,0,94.05,2.3,0,0,0,0,06-JUL-2020,
OPTSTK,BRITANNIA,27-Aug-2020,2800,PE,0,0,0,107.15,3.35,0,0,0,0,06-JUL-2020,
OPTSTK,BRITANNIA,27-Aug-2020,2850,PE,0,0,0,121.45,4.85,0,0,0,0,06-JUL-2020,
OPTSTK,BRITANNIA,27-Aug-2020,2900,PE,0,0,0,136.85,6.85,0,0,0,0,06-JUL-2020,
OPTSTK,BRITANNIA,27-Aug-2020,2950,PE,0,0,0,153.4,9.45,0,0,0,0,06-JUL-2020,
OPTSTK,BRITANNIA,27-Aug-2020,3000,PE,0,0,0,171.25,12.85,0,0,0,0,06-JUL-2020,
OPTSTK,BRITANNIA,27-Aug-2020,3050,PE,0,0,0,190.35,17.15,0,0,0,0,06-JUL-2020,
OPTSTK,BRITANNIA,27-Aug-2020,3100,PE,0,0,0,210.7,22.55,0,0,0,0,06-JUL-2020,
OPTSTK,BRITANNIA,27-Aug-2020,3150,PE,0,0,0,232.25,29.15,0,0,0,0,06-JUL-2020,
OPTSTK,BRITANNIA,27-Aug-2020,3200,PE,0,0,0,60.1,37.15,0,0,1000,0,06-JUL-2020,
OPTSTK,BRITANNIA,27-Aug-2020,3250,PE,0,0,0,71.95,46.65,0,0,1000,0,06-JUL-2020,
OPTSTK,BRITANNIA,27-Aug-2020,3300,PE,0,0,0,85.55,57.85,0,0,1000,0,06-JUL-2020,
OPTSTK,BRITANNIA,27-Aug-2020,3350,PE,0,0,0,100.5,70.85,0,0,1000,0,06-JUL-2020,
OPTSTK,BRITANNIA,27-Aug-2020,3400,PE,0,0,0,357.85,85.75,0,0,0,0,06-JUL-2020,
OPTSTK,BRITANNIA,27-Aug-2020,3450,PE,0,0,0,386.4,102.6,0,0,0,0,06-JUL-2020,
OPTSTK,BRITANNIA,27-Aug-2020,3500,PE,0,0,0,416.1,121.55,0,0,0,0,06-JUL-2020,
OPTSTK,BRITANNIA,27-Aug-2020,3550,PE,0,0,0,446.8,142.6,0,0,0,0,06-JUL-2020,
OPTSTK,BRITANNIA,27-Aug-2020,3600,PE,0,0,0,478.55,165.75,0,0,0,0,06-JUL-2020,
OPTSTK,BRITANNIA,27-Aug-2020,3650,PE,0,0,0,511.3,191,0,0,0,0,06-JUL-2020,
OPTSTK,BRITANNIA,27-Aug-2020,3700,PE,0,0,0,544.95,218.35,0,0,0,0,06-JUL-2020,
OPTSTK,BRITANNIA,27-Aug-2020,3750,PE,0,0,0,579.6,247.65,0,0,0,0,06-JUL-2020,
OPTSTK,BRITANNIA,27-Aug-2020,3800,PE,0,0,0,615.05,278.95,0,0,0,0,06-JUL-2020,
OPTSTK,BRITANNIA,27-Aug-2020,3850,PE,0,0,0,651.4,312.05,0,0,0,0,06-JUL-2020,
OPTSTK,BRITANNIA,27-Aug-2020,3900,PE,0,0,0,688.75,346.95,0,0,0,0,06-JUL-2020,
OPTSTK,BRITANNIA,27-Aug-2020,3950,PE,0,0,0,726.7,383.45,0,0,0,0,06-JUL-2020,
OPTSTK,BRITANNIA,27-Aug-2020,4000,PE,0,0,0,765.35,421.5,0,0,0,0,06-JUL-2020,
OPTSTK,BRITANNIA,27-Aug-2020,4050,PE,0,0,0,804.75,460.95,0,0,0,0,06-JUL-2020,
OPTSTK,BRITANNIA,27-Aug-2020,4100,PE,0,0,0,844.75,501.7,0,0,0,0,06-JUL-2020,
OPTSTK,BRITANNIA,27-Aug-2020,4150,PE,0,0,0,885.3,543.6,0,0,0,0,06-JUL-2020,
OPTSTK,BRITANNIA,27-Aug-2020,4200,PE,0,0,0,926.5,586.55,0,0,0,0,06-JUL-2020,
OPTSTK,BRITANNIA,24-Sep-2020,2250,CE,0,0,0,1239.9,1395.45,0,0,0,0,06-JUL-2020,
OPTSTK,BRITANNIA,24-Sep-2020,2300,CE,0,0,0,1193.7,1346,0,0,0,0,06-JUL-2020,
OPTSTK,BRITANNIA,24-Sep-2020,2350,CE,0,0,0,1148,1296.65,0,0,0,0,06-JUL-2020,
OPTSTK,BRITANNIA,24-Sep-2020,2400,CE,0,0,0,1102.95,1247.35,0,0,0,0,06-JUL-2020,
OPTSTK,BRITANNIA,24-Sep-2020,2450,CE,0,0,0,1058.55,1198.15,0,0,0,0,06-JUL-2020,
OPTSTK,BRITANNIA,24-Sep-2020,2500,CE,0,0,0,1014.9,1149.15,0,0,0,0,06-JUL-2020,
OPTSTK,BRITANNIA,24-Sep-2020,2550,CE,0,0,0,972,1100.3,0,0,0,0,06-JUL-2020,
OPTSTK,BRITANNIA,24-Sep-2020,2600,CE,0,0,0,929.95,1051.7,0,0,0,0,06-JUL-2020,
OPTSTK,BRITANNIA,24-Sep-2020,2650,CE,0,0,0,888.75,1003.35,0,0,0,0,06-JUL-2020,
OPTSTK,BRITANNIA,24-Sep-2020,2700,CE,0,0,0,848.5,955.45,0,0,0,0,06-JUL-2020,
OPTSTK,BRITANNIA,24-Sep-2020,2750,CE,0,0,0,809.2,907.95,0,0,0,0,06-JUL-2020,
OPTSTK,BRITANNIA,24-Sep-2020,2800,CE,0,0,0,770.9,861.05,0,0,0,0,06-JUL-2020,
OPTSTK,BRITANNIA,24-Sep-2020,2850,CE,0,0,0,733.8,814.75,0,0,0,0,06-JUL-2020,
OPTSTK,BRITANNIA,24-Sep-2020,2900,CE,0,0,0,697.6,769.2,0,0,0,0,06-JUL-2020,
OPTSTK,BRITANNIA,24-Sep-2020,2950,CE,0,0,0,662.5,724.5,0,0,0,0,06-JUL-2020,
OPTSTK,BRITANNIA,24-Sep-2020,3000,CE,0,0,0,628.55,680.7,0,0,0,0,06-JUL-2020,
OPTSTK,BRITANNIA,24-Sep-2020,3050,CE,0,0,0,595.6,638,0,0,0,0,06-JUL-2020,
OPTSTK,BRITANNIA,24-Sep-2020,3100,CE,0,0,0,563.95,596.5,0,0,0,0,06-JUL-2020,
OPTSTK,BRITANNIA,24-Sep-2020,3150,CE,0,0,0,533.45,556.2,0,0,0,0,06-JUL-2020,
OPTSTK,BRITANNIA,24-Sep-2020,3200,CE,0,0,0,504.15,517.3,0,0,0,0,06-JUL-2020,
OPTSTK,BRITANNIA,24-Sep-2020,3250,CE,0,0,0,476,479.8,0,0,0,0,06-JUL-2020,
OPTSTK,BRITANNIA,24-Sep-2020,3300,CE,0,0,0,449,443.85,0,0,0,0,06-JUL-2020,
OPTSTK,BRITANNIA,24-Sep-2020,3350,CE,0,0,0,423.15,409.5,0,0,0,0,06-JUL-2020,
OPTSTK,BRITANNIA,24-Sep-2020,3400,CE,0,0,0,398.45,376.75,0,0,0,0,06-JUL-2020,
OPTSTK,BRITANNIA,24-Sep-2020,3450,CE,0,0,0,374.85,345.65,0,0,0,0,06-JUL-2020,
OPTSTK,BRITANNIA,24-Sep-2020,3500,CE,0,0,0,352.35,316.3,0,0,0,0,06-JUL-2020,
OPTSTK,BRITANNIA,24-Sep-2020,3550,CE,0,0,0,330.9,288.6,0,0,0,0,06-JUL-2020,
OPTSTK,BRITANNIA,24-Sep-2020,3600,CE,0,0,0,310.5,262.65,0,0,0,0,06-JUL-2020,
OPTSTK,BRITANNIA,24-Sep-2020,3650,CE,0,0,0,291.15,238.35,0,0,0,0,06-JUL-2020,
OPTSTK,BRITANNIA,24-Sep-2020,3700,CE,0,0,0,272.8,215.75,0,0,0,0,06-JUL-2020,
OPTSTK,BRITANNIA,24-Sep-2020,3750,CE,0,0,0,255.4,194.75,0,0,0,0,06-JUL-2020,
OPTSTK,BRITANNIA,24-Sep-2020,3800,CE,0,0,0,238.95,175.35,0,0,0,0,06-JUL-2020,
OPTSTK,BRITANNIA,24-Sep-2020,3850,CE,0,0,0,223.35,157.45,0,0,0,0,06-JUL-2020,
OPTSTK,BRITANNIA,24-Sep-2020,3900,CE,0,0,0,208.65,141.05,0,0,0,0,06-JUL-2020,
OPTSTK,BRITANNIA,24-Sep-2020,3950,CE,0,0,0,194.8,126,0,0,0,0,06-JUL-2020,
OPTSTK,BRITANNIA,24-Sep-2020,4000,CE,0,0,0,181.75,112.3,0,0,0,0,06-JUL-2020,
OPTSTK,BRITANNIA,24-Sep-2020,4050,CE,0,0,0,169.65,99.8,0,0,0,0,06-JUL-2020,
OPTSTK,BRITANNIA,24-Sep-2020,4100,CE,0,0,0,158.1,88.55,0,0,0,0,06-JUL-2020,
OPTSTK,BRITANNIA,24-Sep-2020,4150,CE,0,0,0,147.25,78.3,0,0,0,0,06-JUL-2020,
OPTSTK,BRITANNIA,24-Sep-2020,4200,CE,0,0,0,137.1,69.15,0,0,0,0,06-JUL-2020,
OPTSTK,BRITANNIA,24-Sep-2020,2250,PE,0,0,0,13.4,0.2,0,0,0,0,06-JUL-2020,
OPTSTK,BRITANNIA,24-Sep-2020,2300,PE,0,0,0,16.6,0.3,0,0,0,0,06-JUL-2020,
OPTSTK,BRITANNIA,24-Sep-2020,2350,PE,0,0,0,20.35,0.45,0,0,0,0,06-JUL-2020,
OPTSTK,BRITANNIA,24-Sep-2020,2400,PE,0,0,0,24.7,0.7,0,0,0,0,06-JUL-2020,
OPTSTK,BRITANNIA,24-Sep-2020,2450,PE,0,0,0,29.75,1.05,0,0,0,0,06-JUL-2020,
OPTSTK,BRITANNIA,24-Sep-2020,2500,PE,0,0,0,35.5,1.55,0,0,0,0,06-JUL-2020,
OPTSTK,BRITANNIA,24-Sep-2020,2550,PE,0,0,0,42,2.25,0,0,0,0,06-JUL-2020,
OPTSTK,BRITANNIA,24-Sep-2020,2600,PE,0,0,0,49.35,3.15,0,0,0,0,06-JUL-2020,
OPTSTK,BRITANNIA,24-Sep-2020,2650,PE,0,0,0,57.6,4.4,0,0,0,0,06-JUL-2020,
OPTSTK,BRITANNIA,24-Sep-2020,2700,PE,0,0,0,66.75,6,0,0,0,0,06-JUL-2020,
OPTSTK,BRITANNIA,24-Sep-2020,2750,PE,0,0,0,76.9,8.05,0,0,0,0,06-JUL-2020,
OPTSTK,BRITANNIA,24-Sep-2020,2800,PE,0,0,0,88.05,10.7,0,0,0,0,06-JUL-2020,
OPTSTK,BRITANNIA,24-Sep-2020,2850,PE,0,0,0,100.3,13.9,0,0,0,0,06-JUL-2020,
OPTSTK,BRITANNIA,24-Sep-2020,2900,PE,0,0,0,113.55,17.9,0,0,0,0,06-JUL-2020,
OPTSTK,BRITANNIA,24-Sep-2020,2950,PE,0,0,0,127.9,22.75,0,0,0,0,06-JUL-2020,
OPTSTK,BRITANNIA,24-Sep-2020,3000,PE,0,0,0,143.35,28.5,0,0,0,0,06-JUL-2020,
OPTSTK,BRITANNIA,24-Sep-2020,3050,PE,0,0,0,159.8,35.35,0,0,0,0,06-JUL-2020,
OPTSTK,BRITANNIA,24-Sep-2020,3100,PE,0,0,0,177.6,43.35,0,0,0,0,06-JUL-2020,
OPTSTK,BRITANNIA,24-Sep-2020,3150,PE,0,0,0,196.55,52.6,0,0,0,0,06-JUL-2020,
OPTSTK,BRITANNIA,24-Sep-2020,3200,PE,0,0,0,216.65,63.25,0,0,0,0,06-JUL-2020,
OPTSTK,BRITANNIA,24-Sep-2020,3250,PE,0,0,0,237.9,75.3,0,0,0,0,06-JUL-2020,
OPTSTK,BRITANNIA,24-Sep-2020,3300,PE,0,0,0,260.35,88.85,0,0,0,0,06-JUL-2020,
OPTSTK,BRITANNIA,24-Sep-2020,3350,PE,0,0,0,283.9,104,0,0,0,0,06-JUL-2020,
OPTSTK,BRITANNIA,24-Sep-2020,3400,PE,0,0,0,308.6,120.8,0,0,0,0,06-JUL-2020,
OPTSTK,BRITANNIA,24-Sep-2020,3450,PE,0,0,0,334.4,139.3,0,0,0,0,06-JUL-2020,
OPTSTK,BRITANNIA,24-Sep-2020,3500,PE,0,0,0,361.35,159.45,0,0,0,0,06-JUL-2020,
OPTSTK,BRITANNIA,24-Sep-2020,3550,PE,0,0,0,389.3,181.3,0,0,0,0,06-JUL-2020,
OPTSTK,BRITANNIA,24-Sep-2020,3600,PE,0,0,0,418.35,204.85,0,0,0,0,06-JUL-2020,
OPTSTK,BRITANNIA,24-Sep-2020,3650,PE,0,0,0,448.4,230.15,0,0,0,0,06-JUL-2020,
OPTSTK,BRITANNIA,24-Sep-2020,3700,PE,0,0,0,479.5,257.05,0,0,0,0,06-JUL-2020,
OPTSTK,BRITANNIA,24-Sep-2020,3750,PE,0,0,0,511.5,285.6,0,0,0,0,06-JUL-2020,
OPTSTK,BRITANNIA,24-Sep-2020,3800,PE,0,0,0,544.45,315.7,0,0,0,0,06-JUL-2020,
OPTSTK,BRITANNIA,24-Sep-2020,3850,PE,0,0,0,578.3,347.35,0,0,0,0,06-JUL-2020,
OPTSTK,BRITANNIA,24-Sep-2020,3900,PE,0,0,0,613.05,380.45,0,0,0,0,06-JUL-2020,
OPTSTK,BRITANNIA,24-Sep-2020,3950,PE,0,0,0,648.6,415,0,0,0,0,06-JUL-2020,
OPTSTK,BRITANNIA,24-Sep-2020,4000,PE,0,0,0,684.95,450.8,0,0,0,0,06-JUL-2020,
OPTSTK,BRITANNIA,24-Sep-2020,4050,PE,0,0,0,722.25,487.85,0,0,0,0,06-JUL-2020,
OPTSTK,BRITANNIA,24-Sep-2020,4100,PE,0,0,0,760.15,526.1,0,0,0,0,06-JUL-2020,
OPTSTK,BRITANNIA,24-Sep-2020,4150,PE,0,0,0,798.75,565.45,0,0,0,0,06-JUL-2020,
OPTSTK,BRITANNIA,24-Sep-2020,4200,PE,0,0,0,838,605.8,0,0,0,0,06-JUL-2020,
OPTSTK,CADILAHC,30-Jul-2020,225,CE,0,0,0,110.35,138.55,0,0,0,0,06-JUL-2020,
OPTSTK,CADILAHC,30-Jul-2020,230,CE,0,0,0,106.5,133.55,0,0,0,0,06-JUL-2020,
OPTSTK,CADILAHC,30-Jul-2020,235,CE,0,0,0,102.7,128.55,0,0,0,0,06-JUL-2020,
OPTSTK,CADILAHC,30-Jul-2020,240,CE,0,0,0,99.05,123.55,0,0,0,0,06-JUL-2020,
OPTSTK,CADILAHC,30-Jul-2020,245,CE,0,0,0,95.45,118.6,0,0,0,0,06-JUL-2020,
OPTSTK,CADILAHC,30-Jul-2020,250,CE,0,0,0,91.95,113.6,0,0,0,0,06-JUL-2020,
OPTSTK,CADILAHC,30-Jul-2020,255,CE,0,0,0,88.55,108.6,0,0,0,0,06-JUL-2020,
OPTSTK,CADILAHC,30-Jul-2020,260,CE,0,0,0,85.2,103.65,0,0,0,0,06-JUL-2020,
OPTSTK,CADILAHC,30-Jul-2020,265,CE,0,0,0,82,98.65,0,0,0,0,06-JUL-2020,
OPTSTK,CADILAHC,30-Jul-2020,270,CE,0,0,0,78.85,93.65,0,0,0,0,06-JUL-2020,
OPTSTK,CADILAHC,30-Jul-2020,275,CE,0,0,0,75.75,88.7,0,0,0,0,06-JUL-2020,
OPTSTK,CADILAHC,30-Jul-2020,280,CE,0,0,0,72.8,83.7,0,0,0,0,06-JUL-2020,
OPTSTK,CADILAHC,30-Jul-2020,285,CE,0,0,0,69.95,78.75,0,0,0,0,06-JUL-2020,
OPTSTK,CADILAHC,30-Jul-2020,290,CE,0,0,0,67.15,73.75,0,0,0,0,06-JUL-2020,
OPTSTK,CADILAHC,30-Jul-2020,295,CE,0,0,0,64.5,68.8,0,0,0,0,06-JUL-2020,
OPTSTK,CADILAHC,30-Jul-2020,300,CE,0,0,0,68,63.9,0,0,6600,0,06-JUL-2020,
OPTSTK,CADILAHC,30-Jul-2020,305,CE,0,0,0,59.35,59.05,0,0,0,0,06-JUL-2020,
OPTSTK,CADILAHC,30-Jul-2020,310,CE,0,0,0,56.95,54.25,0,0,0,0,06-JUL-2020,
OPTSTK,CADILAHC,30-Jul-2020,315,CE,0,0,0,54.6,49.5,0,0,0,0,06-JUL-2020,
OPTSTK,CADILAHC,30-Jul-2020,320,CE,0,0,0,52.3,44.85,0,0,0,0,06-JUL-2020,
OPTSTK,CADILAHC,30-Jul-2020,325,CE,0,0,0,50.15,40.35,0,0,0,0,06-JUL-2020,
OPTSTK,CADILAHC,30-Jul-2020,330,CE,0,0,0,41.7,36.05,0,0,6600,0,06-JUL-2020,
OPTSTK,CADILAHC,30-Jul-2020,335,CE,0,0,0,41,31.9,0,0,2200,0,06-JUL-2020,
OPTSTK,CADILAHC,30-Jul-2020,340,CE,0,0,0,34.15,28,0,0,17600,0,06-JUL-2020,
OPTSTK,CADILAHC,30-Jul-2020,345,CE,0,0,0,30,24.35,0,0,4400,0,06-JUL-2020,
OPTSTK,CADILAHC,30-Jul-2020,350,CE,27.55,27.55,23.3,24.8,24.8,22,181.93,90200,-15400,06-JUL-2020,
OPTSTK,CADILAHC,30-Jul-2020,355,CE,24.55,24.55,24.55,24.55,17.85,2,16.7,8800,0,06-JUL-2020,
OPTSTK,CADILAHC,30-Jul-2020,360,CE,22.3,23,17.85,19.35,19.35,197,1645.82,268400,22000,06-JUL-2020,
OPTSTK,CADILAHC,30-Jul-2020,365,CE,21.7,21.7,16.35,17.25,17.25,47,395.23,105600,15400,06-JUL-2020,
OPTSTK,CADILAHC,30-Jul-2020,370,CE,18.45,18.45,13.85,15.15,15.15,191,1618.6,336600,4400,06-JUL-2020,
OPTSTK,CADILAHC,30-Jul-2020,375,CE,17.15,17.15,12.45,13.3,13.3,18,153.88,68200,2200,06-JUL-2020,
OPTSTK,CADILAHC,30-Jul-2020,380,CE,15.3,15.3,10.65,11.65,11.65,271,2336.7,334400,-8800,06-JUL-2020,
OPTSTK,CADILAHC,30-Jul-2020,385,CE,9.9,10.2,9.45,10.2,10.2,4,34.74,52800,-2200,06-JUL-2020,
OPTSTK,CADILAHC,30-Jul-2020,390,CE,10.5,10.85,8.25,8.9,8.9,74,649.68,132000,-13200,06-JUL-2020,
OPTSTK,CADILAHC,30-Jul-2020,395,CE,0,0,0,9.55,3.4,0,0,13200,0,06-JUL-2020,
OPTSTK,CADILAHC,30-Jul-2020,400,CE,9,10.05,6.25,7.05,7.05,339,3037.73,787600,81400,06-JUL-2020,
OPTSTK,CADILAHC,30-Jul-2020,405,CE,6.5,6.5,6.5,6.5,2,1,9.05,2200,2200,06-JUL-2020,
OPTSTK,CADILAHC,30-Jul-2020,410,CE,7.05,7.45,4.85,5.1,1.5,43,393.26,92400,6600,06-JUL-2020,
OPTSTK,CADILAHC,30-Jul-2020,415,CE,4.5,4.5,4.5,4.5,1.15,1,9.22,2200,2200,06-JUL-2020,
OPTSTK,CADILAHC,30-Jul-2020,420,CE,6,6,3.75,4.3,4.3,138,1288.94,352000,123200,06-JUL-2020,
OPTSTK,CADILAHC,30-Jul-2020,425,CE,5,5,5,5,0.6,1,9.46,22000,2200,06-JUL-2020,
OPTSTK,CADILAHC,30-Jul-2020,430,CE,5.05,5.05,2.85,3.25,3.25,31,295.69,140800,2200,06-JUL-2020,
OPTSTK,CADILAHC,30-Jul-2020,435,CE,3.6,4,2.6,2.95,2.95,36,347.01,134200,11000,06-JUL-2020,
OPTSTK,CADILAHC,30-Jul-2020,225,PE,0,0,0,8.55,0.05,0,0,0,0,06-JUL-2020,
OPTSTK,CADILAHC,30-Jul-2020,230,PE,0,0,0,9.65,0.05,0,0,0,0,06-JUL-2020,
OPTSTK,CADILAHC,30-Jul-2020,235,PE,0,0,0,10.8,0.05,0,0,0,0,06-JUL-2020,
OPTSTK,CADILAHC,30-Jul-2020,240,PE,0,0,0,12.05,0.05,0,0,0,0,06-JUL-2020,
OPTSTK,CADILAHC,30-Jul-2020,245,PE,0,0,0,13.4,0.05,0,0,0,0,06-JUL-2020,
OPTSTK,CADILAHC,30-Jul-2020,250,PE,0,0,0,14.85,0.05,0,0,0,0,06-JUL-2020,
OPTSTK,CADILAHC,30-Jul-2020,255,PE,0,0,0,16.35,0.05,0,0,0,0,06-JUL-2020,
OPTSTK,CADILAHC,30-Jul-2020,260,PE,0,0,0,17.95,0.05,0,0,0,0,06-JUL-2020,
OPTSTK,CADILAHC,30-Jul-2020,265,PE,0,0,0,19.65,0.05,0,0,0,0,06-JUL-2020,
OPTSTK,CADILAHC,30-Jul-2020,270,PE,0,0,0,21.45,0.05,0,0,0,0,06-JUL-2020,
OPTSTK,CADILAHC,30-Jul-2020,275,PE,0,0,0,23.35,0.05,0,0,0,0,06-JUL-2020,
OPTSTK,CADILAHC,30-Jul-2020,280,PE,0,0,0,25.3,0.05,0,0,0,0,06-JUL-2020,
OPTSTK,CADILAHC,30-Jul-2020,285,PE,0,0,0,27.4,0.05,0,0,0,0,06-JUL-2020,
OPTSTK,CADILAHC,30-Jul-2020,290,PE,0,0,0,29.55,0.05,0,0,0,0,06-JUL-2020,
OPTSTK,CADILAHC,30-Jul-2020,295,PE,0,0,0,31.8,0.1,0,0,0,0,06-JUL-2020,
OPTSTK,CADILAHC,30-Jul-2020,300,PE,1.2,1.2,1,1,0.15,3,19.87,50600,0,06-JUL-2020,
OPTSTK,CADILAHC,30-Jul-2020,305,PE,0,0,0,36.55,0.3,0,0,0,0,06-JUL-2020,
OPTSTK,CADILAHC,30-Jul-2020,310,PE,0,0,0,2,0.45,0,0,26400,0,06-JUL-2020,
OPTSTK,CADILAHC,30-Jul-2020,315,PE,0,0,0,41.65,0.7,0,0,0,0,06-JUL-2020,
OPTSTK,CADILAHC,30-Jul-2020,320,PE,3.4,3.6,3,3.1,3.1,15,106.69,169400,-2200,06-JUL-2020,
OPTSTK,CADILAHC,30-Jul-2020,325,PE,0,0,0,47.05,1.55,0,0,0,0,06-JUL-2020,
OPTSTK,CADILAHC,30-Jul-2020,330,PE,5,5.85,5,5.05,5.05,32,236.08,178200,22000,06-JUL-2020,
OPTSTK,CADILAHC,30-Jul-2020,335,PE,0,0,0,6.6,3.05,0,0,11000,0,06-JUL-2020,
OPTSTK,CADILAHC,30-Jul-2020,340,PE,7.95,9.05,7.6,7.8,7.8,70,536.12,255200,13200,06-JUL-2020,
OPTSTK,CADILAHC,30-Jul-2020,345,PE,10,11,9.75,9.75,5.45,6,46.88,24200,-2200,06-JUL-2020,
OPTSTK,CADILAHC,30-Jul-2020,350,PE,11.1,13.15,10.85,11.4,11.4,153,1218.16,255200,-8800,06-JUL-2020,
OPTSTK,CADILAHC,30-Jul-2020,355,PE,15.2,15.2,13.4,13.45,8.95,6,48.77,37400,0,06-JUL-2020,
OPTSTK,CADILAHC,30-Jul-2020,360,PE,16.45,18,15.95,16.15,16.15,60,497.18,253000,44000,06-JUL-2020,
OPTSTK,CADILAHC,30-Jul-2020,365,PE,20,20.6,18.55,18.55,13.65,7,59.26,19800,0,06-JUL-2020,
OPTSTK,CADILAHC,30-Jul-2020,370,PE,21.05,23.8,21.05,21.95,21.95,24,207.44,132000,-11000,06-JUL-2020,
OPTSTK,CADILAHC,30-Jul-2020,375,PE,25.95,27.2,25,25,25,4,35.29,13200,4400,06-JUL-2020,
OPTSTK,CADILAHC,30-Jul-2020,380,PE,29,29.75,29,29.75,22.9,3,27.01,50600,0,06-JUL-2020,
OPTSTK,CADILAHC,30-Jul-2020,385,PE,0,0,0,85.7,26.5,0,0,0,0,06-JUL-2020,
OPTSTK,CADILAHC,30-Jul-2020,390,PE,0,0,0,30.9,30.35,0,0,4400,0,06-JUL-2020,
OPTSTK,CADILAHC,30-Jul-2020,395,PE,0,0,0,93,34.4,0,0,0,0,06-JUL-2020,
OPTSTK,CADILAHC,30-Jul-2020,400,PE,0,0,0,46.15,38.6,0,0,11000,0,06-JUL-2020,
OPTSTK,CADILAHC,30-Jul-2020,405,PE,0,0,0,100.55,43,0,0,0,0,06-JUL-2020,
OPTSTK,CADILAHC,30-Jul-2020,410,PE,0,0,0,104.4,47.5,0,0,0,0,06-JUL-2020,
OPTSTK,CADILAHC,30-Jul-2020,415,PE,0,0,0,108.25,52.1,0,0,0,0,06-JUL-2020,
OPTSTK,CADILAHC,30-Jul-2020,420,PE,0,0,0,112.2,56.75,0,0,0,0,06-JUL-2020,
OPTSTK,CADILAHC,30-Jul-2020,425,PE,0,0,0,116.15,61.55,0,0,0,0,06-JUL-2020,
OPTSTK,CADILAHC,30-Jul-2020,430,PE,0,0,0,115.65,66.35,0,0,0,0,06-JUL-2020,
OPTSTK,CADILAHC,30-Jul-2020,435,PE,0,0,0,105.35,71.2,0,0,0,0,06-JUL-2020,
OPTSTK,CADILAHC,27-Aug-2020,225,CE,0,0,0,117.85,139.25,0,0,0,0,06-JUL-2020,
OPTSTK,CADILAHC,27-Aug-2020,230,CE,0,0,0,113.3,134.3,0,0,0,0,06-JUL-2020,
OPTSTK,CADILAHC,27-Aug-2020,235,CE,0,0,0,108.85,129.3,0,0,0,0,06-JUL-2020,
OPTSTK,CADILAHC,27-Aug-2020,240,CE,0,0,0,104.5,124.35,0,0,0,0,06-JUL-2020,
OPTSTK,CADILAHC,27-Aug-2020,245,CE,0,0,0,100.2,119.4,0,0,0,0,06-JUL-2020,
OPTSTK,CADILAHC,27-Aug-2020,250,CE,0,0,0,95.95,114.45,0,0,0,0,06-JUL-2020,
OPTSTK,CADILAHC,27-Aug-2020,255,CE,0,0,0,91.85,109.5,0,0,0,0,06-JUL-2020,
OPTSTK,CADILAHC,27-Aug-2020,260,CE,0,0,0,87.8,104.55,0,0,0,0,06-JUL-2020,
OPTSTK,CADILAHC,27-Aug-2020,265,CE,0,0,0,83.85,99.6,0,0,0,0,06-JUL-2020,
OPTSTK,CADILAHC,27-Aug-2020,270,CE,0,0,0,80,94.7,0,0,0,0,06-JUL-2020,
OPTSTK,CADILAHC,27-Aug-2020,275,CE,0,0,0,76.25,89.8,0,0,0,0,06-JUL-2020,
OPTSTK,CADILAHC,27-Aug-2020,280,CE,0,0,0,72.6,84.95,0,0,0,0,06-JUL-2020,
OPTSTK,CADILAHC,27-Aug-2020,285,CE,0,0,0,69.05,80.15,0,0,0,0,06-JUL-2020,
OPTSTK,CADILAHC,27-Aug-2020,290,CE,0,0,0,65.65,75.4,0,0,0,0,06-JUL-2020,
OPTSTK,CADILAHC,27-Aug-2020,295,CE,0,0,0,62.35,70.7,0,0,0,0,06-JUL-2020,
OPTSTK,CADILAHC,27-Aug-2020,300,CE,0,0,0,59.1,66.05,0,0,0,0,06-JUL-2020,
OPTSTK,CADILAHC,27-Aug-2020,305,CE,0,0,0,56.05,61.55,0,0,0,0,06-JUL-2020,
OPTSTK,CADILAHC,27-Aug-2020,310,CE,0,0,0,53.05,57.1,0,0,0,0,06-JUL-2020,
OPTSTK,CADILAHC,27-Aug-2020,315,CE,0,0,0,50.2,52.8,0,0,0,0,06-JUL-2020,
OPTSTK,CADILAHC,27-Aug-2020,320,CE,0,0,0,47.45,48.65,0,0,0,0,06-JUL-2020,
OPTSTK,CADILAHC,27-Aug-2020,325,CE,0,0,0,44.8,44.65,0,0,0,0,06-JUL-2020,
OPTSTK,CADILAHC,27-Aug-2020,330,CE,0,0,0,42.3,40.8,0,0,0,0,06-JUL-2020,
OPTSTK,CADILAHC,27-Aug-2020,335,CE,0,0,0,39.9,37.15,0,0,0,0,06-JUL-2020,
OPTSTK,CADILAHC,27-Aug-2020,340,CE,0,0,0,37.6,33.65,0,0,0,0,06-JUL-2020,
OPTSTK,CADILAHC,27-Aug-2020,345,CE,0,0,0,35.4,30.35,0,0,0,0,06-JUL-2020,
OPTSTK,CADILAHC,27-Aug-2020,350,CE,0,0,0,33.3,27.3,0,0,0,0,06-JUL-2020,
OPTSTK,CADILAHC,27-Aug-2020,355,CE,0,0,0,31.3,24.4,0,0,0,0,06-JUL-2020,
OPTSTK,CADILAHC,27-Aug-2020,360,CE,0,0,0,29.4,21.75,0,0,0,0,06-JUL-2020,
OPTSTK,CADILAHC,27-Aug-2020,365,CE,0,0,0,27.6,19.3,0,0,0,0,06-JUL-2020,
OPTSTK,CADILAHC,27-Aug-2020,370,CE,0,0,0,14,17.05,0,0,6600,0,06-JUL-2020,
OPTSTK,CADILAHC,27-Aug-2020,375,CE,0,0,0,24.3,15,0,0,0,0,06-JUL-2020,
OPTSTK,CADILAHC,27-Aug-2020,380,CE,0,0,0,22.75,13.1,0,0,0,0,06-JUL-2020,
OPTSTK,CADILAHC,27-Aug-2020,385,CE,0,0,0,21.3,11.45,0,0,0,0,06-JUL-2020,
OPTSTK,CADILAHC,27-Aug-2020,390,CE,0,0,0,19.95,9.9,0,0,0,0,06-JUL-2020,
OPTSTK,CADILAHC,27-Aug-2020,395,CE,0,0,0,18.65,8.6,0,0,0,0,06-JUL-2020,
OPTSTK,CADILAHC,27-Aug-2020,400,CE,15.9,15.9,15.9,15.9,7.4,1,9.14,39600,2200,06-JUL-2020,
OPTSTK,CADILAHC,27-Aug-2020,405,CE,0,0,0,16.3,6.35,0,0,0,0,06-JUL-2020,
OPTSTK,CADILAHC,27-Aug-2020,410,CE,0,0,0,15.25,5.4,0,0,0,0,06-JUL-2020,
OPTSTK,CADILAHC,27-Aug-2020,415,CE,0,0,0,14.2,4.6,0,0,0,0,06-JUL-2020,
OPTSTK,CADILAHC,27-Aug-2020,420,CE,0,0,0,12,3.9,0,0,2200,0,06-JUL-2020,
OPTSTK,CADILAHC,27-Aug-2020,425,CE,0,0,0,12.4,3.3,0,0,0,0,06-JUL-2020,
OPTSTK,CADILAHC,27-Aug-2020,430,CE,0,0,0,7.65,2.75,0,0,2200,0,06-JUL-2020,
OPTSTK,CADILAHC,27-Aug-2020,435,CE,0,0,0,10.75,2.3,0,0,0,0,06-JUL-2020,
OPTSTK,CADILAHC,27-Aug-2020,225,PE,0,0,0,2,0.05,0,0,0,0,06-JUL-2020,
OPTSTK,CADILAHC,27-Aug-2020,230,PE,0,0,0,2.4,0.05,0,0,0,0,06-JUL-2020,
OPTSTK,CADILAHC,27-Aug-2020,235,PE,0,0,0,2.9,0.05,0,0,0,0,06-JUL-2020,
OPTSTK,CADILAHC,27-Aug-2020,240,PE,0,0,0,3.45,0.05,0,0,0,0,06-JUL-2020,
OPTSTK,CADILAHC,27-Aug-2020,245,PE,0,0,0,4.1,0.05,0,0,0,0,06-JUL-2020,
OPTSTK,CADILAHC,27-Aug-2020,250,PE,0,0,0,4.85,0.05,0,0,0,0,06-JUL-2020,
OPTSTK,CADILAHC,27-Aug-2020,255,PE,0,0,0,5.65,0.05,0,0,0,0,06-JUL-2020,
OPTSTK,CADILAHC,27-Aug-2020,260,PE,0,0,0,6.55,0.05,0,0,0,0,06-JUL-2020,
OPTSTK,CADILAHC,27-Aug-2020,265,PE,0,0,0,7.55,0.1,0,0,0,0,06-JUL-2020,
OPTSTK,CADILAHC,27-Aug-2020,270,PE,0,0,0,8.6,0.15,0,0,0,0,06-JUL-2020,
OPTSTK,CADILAHC,27-Aug-2020,275,PE,0,0,0,9.8,0.25,0,0,0,0,06-JUL-2020,
OPTSTK,CADILAHC,27-Aug-2020,280,PE,0,0,0,11.1,0.35,0,0,0,0,06-JUL-2020,
OPTSTK,CADILAHC,27-Aug-2020,285,PE,0,0,0,12.5,0.5,0,0,0,0,06-JUL-2020,
OPTSTK,CADILAHC,27-Aug-2020,290,PE,0,0,0,14,0.75,0,0,0,0,06-JUL-2020,
OPTSTK,CADILAHC,27-Aug-2020,295,PE,0,0,0,15.65,1,0,0,0,0,06-JUL-2020,
OPTSTK,CADILAHC,27-Aug-2020,300,PE,0,0,0,17.35,1.35,0,0,0,0,06-JUL-2020,
OPTSTK,CADILAHC,27-Aug-2020,305,PE,0,0,0,19.2,1.8,0,0,0,0,06-JUL-2020,
OPTSTK,CADILAHC,27-Aug-2020,310,PE,0,0,0,21.2,2.35,0,0,0,0,06-JUL-2020,
OPTSTK,CADILAHC,27-Aug-2020,315,PE,0,0,0,23.25,3,0,0,0,0,06-JUL-2020,
OPTSTK,CADILAHC,27-Aug-2020,320,PE,0,0,0,25.45,3.8,0,0,0,0,06-JUL-2020,
OPTSTK,CADILAHC,27-Aug-2020,325,PE,0,0,0,27.75,4.8,0,0,0,0,06-JUL-2020,
OPTSTK,CADILAHC,27-Aug-2020,330,PE,0,0,0,30.2,5.9,0,0,0,0,06-JUL-2020,
OPTSTK,CADILAHC,27-Aug-2020,335,PE,0,0,0,32.7,7.2,0,0,0,0,06-JUL-2020,
OPTSTK,CADILAHC,27-Aug-2020,340,PE,0,0,0,35.35,8.7,0,0,0,0,06-JUL-2020,
OPTSTK,CADILAHC,27-Aug-2020,345,PE,0,0,0,38.1,10.4,0,0,0,0,06-JUL-2020,
OPTSTK,CADILAHC,27-Aug-2020,350,PE,21.05,21.05,21.05,21.05,12.3,1,8.16,0,-2200,06-JUL-2020,
OPTSTK,CADILAHC,27-Aug-2020,355,PE,0,0,0,43.9,14.4,0,0,0,0,06-JUL-2020,
OPTSTK,CADILAHC,27-Aug-2020,360,PE,0,0,0,46.95,16.7,0,0,0,0,06-JUL-2020,
OPTSTK,CADILAHC,27-Aug-2020,365,PE,0,0,0,50.05,19.2,0,0,0,0,06-JUL-2020,
OPTSTK,CADILAHC,27-Aug-2020,370,PE,0,0,0,28.05,21.9,0,0,2200,0,06-JUL-2020,
OPTSTK,CADILAHC,27-Aug-2020,375,PE,0,0,0,56.65,24.8,0,0,0,0,06-JUL-2020,
OPTSTK,CADILAHC,27-Aug-2020,380,PE,0,0,0,34,27.9,0,0,2200,0,06-JUL-2020,
OPTSTK,CADILAHC,27-Aug-2020,385,PE,0,0,0,63.55,31.2,0,0,0,0,06-JUL-2020,
OPTSTK,CADILAHC,27-Aug-2020,390,PE,0,0,0,67.1,34.65,0,0,0,0,06-JUL-2020,
OPTSTK,CADILAHC,27-Aug-2020,395,PE,0,0,0,70.75,38.3,0,0,0,0,06-JUL-2020,
OPTSTK,CADILAHC,27-Aug-2020,400,PE,0,0,0,74.5,42.05,0,0,0,0,06-JUL-2020,
OPTSTK,CADILAHC,27-Aug-2020,405,PE,0,0,0,78.3,46,0,0,0,0,06-JUL-2020,
OPTSTK,CADILAHC,27-Aug-2020,410,PE,0,0,0,82.15,50.05,0,0,0,0,06-JUL-2020,
OPTSTK,CADILAHC,27-Aug-2020,415,PE,0,0,0,86.1,54.2,0,0,0,0,06-JUL-2020,
OPTSTK,CADILAHC,27-Aug-2020,420,PE,0,0,0,90.05,58.45,0,0,0,0,06-JUL-2020,
OPTSTK,CADILAHC,27-Aug-2020,425,PE,0,0,0,94.1,62.8,0,0,0,0,06-JUL-2020,
OPTSTK,CADILAHC,27-Aug-2020,430,PE,0,0,0,98.2,67.25,0,0,0,0,06-JUL-2020,
OPTSTK,CADILAHC,27-Aug-2020,435,PE,0,0,0,102.35,71.8,0,0,0,0,06-JUL-2020,
OPTSTK,CADILAHC,24-Sep-2020,245,CE,0,0,0,122.15,120.3,0,0,0,0,06-JUL-2020,
OPTSTK,CADILAHC,24-Sep-2020,250,CE,0,0,0,117.45,115.4,0,0,0,0,06-JUL-2020,
OPTSTK,CADILAHC,24-Sep-2020,255,CE,0,0,0,112.85,110.5,0,0,0,0,06-JUL-2020,
OPTSTK,CADILAHC,24-Sep-2020,260,CE,0,0,0,108.25,105.65,0,0,0,0,06-JUL-2020,
OPTSTK,CADILAHC,24-Sep-2020,265,CE,0,0,0,103.7,100.85,0,0,0,0,06-JUL-2020,
OPTSTK,CADILAHC,24-Sep-2020,270,CE,0,0,0,99.25,96.05,0,0,0,0,06-JUL-2020,
OPTSTK,CADILAHC,24-Sep-2020,275,CE,0,0,0,94.85,91.3,0,0,0,0,06-JUL-2020,
OPTSTK,CADILAHC,24-Sep-2020,280,CE,0,0,0,90.55,86.65,0,0,0,0,06-JUL-2020,
OPTSTK,CADILAHC,24-Sep-2020,285,CE,0,0,0,86.35,82,0,0,0,0,06-JUL-2020,
OPTSTK,CADILAHC,24-Sep-2020,290,CE,0,0,0,82.2,77.45,0,0,0,0,06-JUL-2020,
OPTSTK,CADILAHC,24-Sep-2020,295,CE,0,0,0,78.2,73,0,0,0,0,06-JUL-2020,
OPTSTK,CADILAHC,24-Sep-2020,300,CE,0,0,0,74.25,68.65,0,0,0,0,06-JUL-2020,
OPTSTK,CADILAHC,24-Sep-2020,305,CE,0,0,0,70.4,64.4,0,0,0,0,06-JUL-2020,
OPTSTK,CADILAHC,24-Sep-2020,310,CE,0,0,0,66.7,60.25,0,0,0,0,06-JUL-2020,
OPTSTK,CADILAHC,24-Sep-2020,315,CE,0,0,0,63.1,56.25,0,0,0,0,06-JUL-2020,
OPTSTK,CADILAHC,24-Sep-2020,320,CE,0,0,0,59.65,52.35,0,0,0,0,06-JUL-2020,
OPTSTK,CADILAHC,24-Sep-2020,325,CE,0,0,0,56.25,48.6,0,0,0,0,06-JUL-2020,
OPTSTK,CADILAHC,24-Sep-2020,330,CE,0,0,0,53,45.05,0,0,0,0,06-JUL-2020,
OPTSTK,CADILAHC,24-Sep-2020,335,CE,0,0,0,49.9,41.6,0,0,0,0,06-JUL-2020,
OPTSTK,CADILAHC,24-Sep-2020,340,CE,0,0,0,46.9,38.35,0,0,0,0,06-JUL-2020,
OPTSTK,CADILAHC,24-Sep-2020,345,CE,0,0,0,44.05,35.2,0,0,0,0,06-JUL-2020,
OPTSTK,CADILAHC,24-Sep-2020,350,CE,0,0,0,41.3,32.3,0,0,0,0,06-JUL-2020,
OPTSTK,CADILAHC,24-Sep-2020,355,CE,0,0,0,38.7,29.5,0,0,0,0,06-JUL-2020,
OPTSTK,CADILAHC,24-Sep-2020,360,CE,0,0,0,36.2,26.9,0,0,0,0,06-JUL-2020,
OPTSTK,CADILAHC,24-Sep-2020,365,CE,0,0,0,33.8,24.45,0,0,0,0,06-JUL-2020,
OPTSTK,CADILAHC,24-Sep-2020,370,CE,0,0,0,31.55,22.2,0,0,0,0,06-JUL-2020,
OPTSTK,CADILAHC,24-Sep-2020,375,CE,0,0,0,29.45,20.1,0,0,0,0,06-JUL-2020,
OPTSTK,CADILAHC,24-Sep-2020,380,CE,0,0,0,27.4,18.1,0,0,0,0,06-JUL-2020,
OPTSTK,CADILAHC,24-Sep-2020,385,CE,0,0,0,25.5,16.3,0,0,0,0,06-JUL-2020,
OPTSTK,CADILAHC,24-Sep-2020,390,CE,0,0,0,23.7,14.65,0,0,0,0,06-JUL-2020,
OPTSTK,CADILAHC,24-Sep-2020,395,CE,0,0,0,22,13.1,0,0,0,0,06-JUL-2020,
OPTSTK,CADILAHC,24-Sep-2020,400,CE,0,0,0,20.4,11.7,0,0,0,0,06-JUL-2020,
OPTSTK,CADILAHC,24-Sep-2020,405,CE,0,0,0,18.9,10.45,0,0,0,0,06-JUL-2020,
OPTSTK,CADILAHC,24-Sep-2020,410,CE,0,0,0,17.5,9.3,0,0,0,0,06-JUL-2020,
OPTSTK,CADILAHC,24-Sep-2020,415,CE,0,0,0,16.2,8.25,0,0,0,0,06-JUL-2020,
OPTSTK,CADILAHC,24-Sep-2020,420,CE,0,0,0,15,7.3,0,0,0,0,06-JUL-2020,
OPTSTK,CADILAHC,24-Sep-2020,425,CE,0,0,0,13.85,6.45,0,0,0,0,06-JUL-2020,
OPTSTK,CADILAHC,24-Sep-2020,430,CE,0,0,0,12.75,5.7,0,0,0,0,06-JUL-2020,
OPTSTK,CADILAHC,24-Sep-2020,435,CE,0,0,0,11.75,5,0,0,0,0,06-JUL-2020,
OPTSTK,CADILAHC,24-Sep-2020,245,PE,0,0,0,0.95,0.1,0,0,0,0,06-JUL-2020,
OPTSTK,CADILAHC,24-Sep-2020,250,PE,0,0,0,1.2,0.15,0,0,0,0,06-JUL-2020,
OPTSTK,CADILAHC,24-Sep-2020,255,PE,0,0,0,1.5,0.25,0,0,0,0,06-JUL-2020,
OPTSTK,CADILAHC,24-Sep-2020,260,PE,0,0,0,1.9,0.35,0,0,0,0,06-JUL-2020,
OPTSTK,CADILAHC,24-Sep-2020,265,PE,0,0,0,2.3,0.5,0,0,0,0,06-JUL-2020,
OPTSTK,CADILAHC,24-Sep-2020,270,PE,0,0,0,2.75,0.65,0,0,0,0,06-JUL-2020,
OPTSTK,CADILAHC,24-Sep-2020,275,PE,0,0,0,3.35,0.85,0,0,0,0,06-JUL-2020,
OPTSTK,CADILAHC,24-Sep-2020,280,PE,0,0,0,3.95,1.15,0,0,0,0,06-JUL-2020,
OPTSTK,CADILAHC,24-Sep-2020,285,PE,0,0,0,4.7,1.45,0,0,0,0,06-JUL-2020,
OPTSTK,CADILAHC,24-Sep-2020,290,PE,0,0,0,5.5,1.9,0,0,0,0,06-JUL-2020,
OPTSTK,CADILAHC,24-Sep-2020,295,PE,0,0,0,6.4,2.4,0,0,0,0,06-JUL-2020,
OPTSTK,CADILAHC,24-Sep-2020,300,PE,0,0,0,7.4,2.95,0,0,0,0,06-JUL-2020,
OPTSTK,CADILAHC,24-Sep-2020,305,PE,0,0,0,8.55,3.65,0,0,0,0,06-JUL-2020,
OPTSTK,CADILAHC,24-Sep-2020,310,PE,0,0,0,9.75,4.5,0,0,0,0,06-JUL-2020,
OPTSTK,CADILAHC,24-Sep-2020,315,PE,0,0,0,11.1,5.4,0,0,0,0,06-JUL-2020,
OPTSTK,CADILAHC,24-Sep-2020,320,PE,0,0,0,12.55,6.5,0,0,0,0,06-JUL-2020,
OPTSTK,CADILAHC,24-Sep-2020,325,PE,0,0,0,14.15,7.7,0,0,0,0,06-JUL-2020,
OPTSTK,CADILAHC,24-Sep-2020,330,PE,0,0,0,15.85,9.05,0,0,0,0,06-JUL-2020,
OPTSTK,CADILAHC,24-Sep-2020,335,PE,0,0,0,17.65,10.6,0,0,0,0,06-JUL-2020,
OPTSTK,CADILAHC,24-Sep-2020,340,PE,0,0,0,19.6,12.3,0,0,0,0,06-JUL-2020,
OPTSTK,CADILAHC,24-Sep-2020,345,PE,0,0,0,21.7,14.1,0,0,0,0,06-JUL-2020,
OPTSTK,CADILAHC,24-Sep-2020,350,PE,0,0,0,23.9,16.15,0,0,0,0,06-JUL-2020,
OPTSTK,CADILAHC,24-Sep-2020,355,PE,0,0,0,26.2,18.3,0,0,0,0,06-JUL-2020,
OPTSTK,CADILAHC,24-Sep-2020,360,PE,0,0,0,28.65,20.65,0,0,0,0,06-JUL-2020,
OPTSTK,CADILAHC,24-Sep-2020,365,PE,0,0,0,31.25,23.2,0,0,0,0,06-JUL-2020,
OPTSTK,CADILAHC,24-Sep-2020,370,PE,0,0,0,33.95,25.85,0,0,0,0,06-JUL-2020,
OPTSTK,CADILAHC,24-Sep-2020,375,PE,0,0,0,36.75,28.7,0,0,0,0,06-JUL-2020,
OPTSTK,CADILAHC,24-Sep-2020,380,PE,0,0,0,39.65,31.7,0,0,0,0,06-JUL-2020,
OPTSTK,CADILAHC,24-Sep-2020,385,PE,0,0,0,42.7,34.85,0,0,0,0,06-JUL-2020,
OPTSTK,CADILAHC,24-Sep-2020,390,PE,0,0,0,45.85,38.15,0,0,0,0,06-JUL-2020,
OPTSTK,CADILAHC,24-Sep-2020,395,PE,0,0,0,49.05,41.55,0,0,0,0,06-JUL-2020,
OPTSTK,CADILAHC,24-Sep-2020,400,PE,0,0,0,52.4,45.1,0,0,0,0,06-JUL-2020,
OPTSTK,CADILAHC,24-Sep-2020,405,PE,0,0,0,55.85,48.8,0,0,0,0,06-JUL-2020,
OPTSTK,CADILAHC,24-Sep-2020,410,PE,0,0,0,59.4,52.6,0,0,0,0,06-JUL-2020,
OPTSTK,CADILAHC,24-Sep-2020,415,PE,0,0,0,63,56.5,0,0,0,0,06-JUL-2020,
OPTSTK,CADILAHC,24-Sep-2020,420,PE,0,0,0,66.75,60.5,0,0,0,0,06-JUL-2020,
OPTSTK,CADILAHC,24-Sep-2020,425,PE,0,0,0,70.55,64.6,0,0,0,0,06-JUL-2020,
OPTSTK,CADILAHC,24-Sep-2020,430,PE,0,0,0,74.4,68.8,0,0,0,0,06-JUL-2020,
OPTSTK,CADILAHC,24-Sep-2020,435,PE,0,0,0,78.35,73.05,0,0,0,0,06-JUL-2020,
OPTSTK,CANBK,30-Jul-2020,40,CE,0,0,0,48.85,65,0,0,0,0,06-JUL-2020,
OPTSTK,CANBK,30-Jul-2020,45,CE,0,0,0,44.35,60.05,0,0,0,0,06-JUL-2020,
OPTSTK,CANBK,30-Jul-2020,50,CE,0,0,0,40.05,55.05,0,0,0,0,06-JUL-2020,
OPTSTK,CANBK,30-Jul-2020,55,CE,0,0,0,35.95,50.05,0,0,0,0,06-JUL-2020,
OPTSTK,CANBK,30-Jul-2020,60,CE,0,0,0,32.2,45.05,0,0,0,0,06-JUL-2020,
OPTSTK,CANBK,30-Jul-2020,65,CE,0,0,0,28.7,40.1,0,0,0,0,06-JUL-2020,
OPTSTK,CANBK,30-Jul-2020,67.5,CE,0,0,0,20.7,37.6,0,0,0,0,06-JUL-2020,
OPTSTK,CANBK,30-Jul-2020,70,CE,0,0,0,33.5,35.1,0,0,10000,0,06-JUL-2020,
OPTSTK,CANBK,30-Jul-2020,72.5,CE,0,0,0,17.55,32.6,0,0,0,0,06-JUL-2020,
OPTSTK,CANBK,30-Jul-2020,75,CE,0,0,0,22.6,30.15,0,0,0,0,06-JUL-2020,
OPTSTK,CANBK,30-Jul-2020,77.5,CE,0,0,0,14.8,27.7,0,0,0,0,06-JUL-2020,
OPTSTK,CANBK,30-Jul-2020,80,CE,0,0,0,28.1,25.3,0,0,25000,0,06-JUL-2020,
OPTSTK,CANBK,30-Jul-2020,82.5,CE,0,0,0,12.4,22.9,0,0,0,0,06-JUL-2020,
OPTSTK,CANBK,30-Jul-2020,85,CE,0,0,0,22.2,20.6,0,0,5000,0,06-JUL-2020,
OPTSTK,CANBK,30-Jul-2020,87.5,CE,0,0,0,10.35,18.35,0,0,0,0,06-JUL-2020,
OPTSTK,CANBK,30-Jul-2020,90,CE,16.95,16.95,16.5,16.5,16.2,2,10.67,80000,0,06-JUL-2020,
OPTSTK,CANBK,30-Jul-2020,92.5,CE,0,0,0,14.75,14.15,0,0,5000,0,06-JUL-2020,
OPTSTK,CANBK,30-Jul-2020,95,CE,0,0,0,12.1,12.25,0,0,45000,0,06-JUL-2020,
OPTSTK,CANBK,30-Jul-2020,97.5,CE,11.05,11.05,11.05,11.05,10.5,1,5.42,25000,0,06-JUL-2020,
OPTSTK,CANBK,30-Jul-2020,100,CE,9,10.3,9,9.9,9.9,31,170.24,510000,25000,06-JUL-2020,
OPTSTK,CANBK,30-Jul-2020,102.5,CE,8.7,8.7,8.2,8.3,8.3,8,44.35,65000,0,06-JUL-2020,
OPTSTK,CANBK,30-Jul-2020,105,CE,6.95,7.5,6.65,7.05,7.05,259,1452.85,560000,-15000,06-JUL-2020,
OPTSTK,CANBK,30-Jul-2020,107.5,CE,5.7,6.3,5.7,6.1,5.1,16,90.82,85000,-20000,06-JUL-2020,
OPTSTK,CANBK,30-Jul-2020,110,CE,4.75,5.5,4.5,5.05,5.05,508,2923.19,1565000,-160000,06-JUL-2020,
OPTSTK,CANBK,30-Jul-2020,112.5,CE,4.3,4.45,4,4.25,4.25,8,46.71,75000,5000,06-JUL-2020,
OPTSTK,CANBK,30-Jul-2020,115,CE,3.3,3.8,3.15,3.55,3.55,96,568.87,700000,0,06-JUL-2020,
OPTSTK,CANBK,30-Jul-2020,117.5,CE,3,3,2.9,3,3,3,18.07,55000,5000,06-JUL-2020,
OPTSTK,CANBK,30-Jul-2020,120,CE,2.2,2.65,2.2,2.4,2.4,71,434.6,1420000,20000,06-JUL-2020,
OPTSTK,CANBK,30-Jul-2020,122.5,CE,2,2,1.8,1.8,1.25,2,12.44,25000,-5000,06-JUL-2020,
OPTSTK,CANBK,30-Jul-2020,125,CE,1.5,1.8,1.5,1.6,1.6,21,132.93,400000,15000,06-JUL-2020,
OPTSTK,CANBK,30-Jul-2020,127.5,CE,0,0,0,7.4,0.75,0,0,5000,0,06-JUL-2020,
OPTSTK,CANBK,30-Jul-2020,130,CE,1,1.2,1,1.1,1.1,24,157.29,575000,30000,06-JUL-2020,
OPTSTK,CANBK,30-Jul-2020,132.5,CE,0,0,0,2.05,0.4,0,0,0,0,06-JUL-2020,
OPTSTK,CANBK,30-Jul-2020,135,CE,0.7,0.8,0.65,0.75,0.75,21,142.51,505000,-25000,06-JUL-2020,
OPTSTK,CANBK,30-Jul-2020,40,PE,0,0,0,0.45,0.05,0,0,0,0,06-JUL-2020,
OPTSTK,CANBK,30-Jul-2020,45,PE,0,0,0,0.85,0.05,0,0,0,0,06-JUL-2020,
OPTSTK,CANBK,30-Jul-2020,50,PE,0,0,0,1.5,0.05,0,0,0,0,06-JUL-2020,
OPTSTK,CANBK,30-Jul-2020,55,PE,0,0,0,2.4,0.05,0,0,0,0,06-JUL-2020,
OPTSTK,CANBK,30-Jul-2020,60,PE,0,0,0,3.55,0.05,0,0,0,0,06-JUL-2020,
OPTSTK,CANBK,30-Jul-2020,65,PE,0,0,0,5,0.05,0,0,0,0,06-JUL-2020,
OPTSTK,CANBK,30-Jul-2020,67.5,PE,0,0,0,4.35,0.05,0,0,0,0,06-JUL-2020,
OPTSTK,CANBK,30-Jul-2020,70,PE,0,0,0,0.3,0.05,0,0,80000,0,06-JUL-2020,
OPTSTK,CANBK,30-Jul-2020,72.5,PE,0,0,0,6.15,0.05,0,0,0,0,06-JUL-2020,
OPTSTK,CANBK,30-Jul-2020,75,PE,0,0,0,0.3,0.05,0,0,50000,0,06-JUL-2020,
OPTSTK,CANBK,30-Jul-2020,77.5,PE,0,0,0,0.5,0.1,0,0,30000,0,06-JUL-2020,
OPTSTK,CANBK,30-Jul-2020,80,PE,0.4,0.45,0.4,0.45,0.45,16,64.34,430000,5000,06-JUL-2020,
OPTSTK,CANBK,30-Jul-2020,82.5,PE,0,0,0,10.9,0.25,0,0,0,0,06-JUL-2020,
OPTSTK,CANBK,30-Jul-2020,85,PE,1,1,0.85,0.9,0.9,36,154.71,250000,10000,06-JUL-2020,
OPTSTK,CANBK,30-Jul-2020,87.5,PE,0,0,0,2.75,0.7,0,0,5000,0,06-JUL-2020,
OPTSTK,CANBK,30-Jul-2020,90,PE,1.95,1.95,1.65,1.7,1.7,42,192.76,695000,-35000,06-JUL-2020,
OPTSTK,CANBK,30-Jul-2020,92.5,PE,1.95,2,1.95,2,1.5,2,9.44,40000,10000,06-JUL-2020,
OPTSTK,CANBK,30-Jul-2020,95,PE,3.3,3.3,2.8,2.85,2.85,31,151.79,450000,30000,06-JUL-2020,
OPTSTK,CANBK,30-Jul-2020,97.5,PE,4.1,4.1,3.75,3.8,2.85,9,45.61,30000,-10000,06-JUL-2020,
OPTSTK,CANBK,30-Jul-2020,100,PE,5.05,5.05,4.45,4.7,4.7,204,1068.15,1085000,30000,06-JUL-2020,
OPTSTK,CANBK,30-Jul-2020,102.5,PE,6,6.05,5.45,5.45,5.45,6,32.5,70000,15000,06-JUL-2020,
OPTSTK,CANBK,30-Jul-2020,105,PE,7.5,7.5,6.7,6.95,6.95,29,162.5,215000,25000,06-JUL-2020,
OPTSTK,CANBK,30-Jul-2020,107.5,PE,8.3,8.75,8.3,8.75,7.4,3,17.41,35000,0,06-JUL-2020,
OPTSTK,CANBK,30-Jul-2020,110,PE,10.5,10.5,9.75,9.75,8.95,15,90.04,240000,10000,06-JUL-2020,
OPTSTK,CANBK,30-Jul-2020,112.5,PE,0,0,0,14.1,10.65,0,0,15000,0,06-JUL-2020,
OPTSTK,CANBK,30-Jul-2020,115,PE,0,0,0,14.4,12.45,0,0,70000,0,06-JUL-2020,
OPTSTK,CANBK,30-Jul-2020,117.5,PE,0,0,0,18.3,14.35,0,0,5000,0,06-JUL-2020,
OPTSTK,CANBK,30-Jul-2020,120,PE,17.05,17.05,17.05,17.05,16.4,1,6.85,40000,-5000,06-JUL-2020,
OPTSTK,CANBK,30-Jul-2020,122.5,PE,0,0,0,33.25,18.55,0,0,0,0,06-JUL-2020,
OPTSTK,CANBK,30-Jul-2020,125,PE,0,0,0,24.35,20.75,0,0,5000,0,06-JUL-2020,
OPTSTK,CANBK,30-Jul-2020,127.5,PE,0,0,0,37.5,23,0,0,0,0,06-JUL-2020,
OPTSTK,CANBK,30-Jul-2020,130,PE,0,0,0,28.05,25.3,0,0,20000,0,06-JUL-2020,
OPTSTK,CANBK,30-Jul-2020,132.5,PE,0,0,0,36.4,27.65,0,0,0,0,06-JUL-2020,
OPTSTK,CANBK,30-Jul-2020,135,PE,0,0,0,33.5,30.05,0,0,15000,0,06-JUL-2020,
OPTSTK,CANBK,27-Aug-2020,47.5,CE,0,0,0,37.5,57.7,0,0,0,0,06-JUL-2020,
OPTSTK,CANBK,27-Aug-2020,50,CE,0,0,0,35.35,55.2,0,0,0,0,06-JUL-2020,
OPTSTK,CANBK,27-Aug-2020,52.5,CE,0,0,0,33.3,52.7,0,0,0,0,06-JUL-2020,
OPTSTK,CANBK,27-Aug-2020,55,CE,0,0,0,31.35,50.25,0,0,0,0,06-JUL-2020,
OPTSTK,CANBK,27-Aug-2020,57.5,CE,0,0,0,29.45,47.75,0,0,0,0,06-JUL-2020,
OPTSTK,CANBK,27-Aug-2020,60,CE,0,0,0,27.6,45.3,0,0,0,0,06-JUL-2020,
OPTSTK,CANBK,27-Aug-2020,62.5,CE,0,0,0,25.85,42.8,0,0,0,0,06-JUL-2020,
OPTSTK,CANBK,27-Aug-2020,65,CE,0,0,0,24.2,40.35,0,0,0,0,06-JUL-2020,
OPTSTK,CANBK,27-Aug-2020,67.5,CE,0,0,0,22.65,37.95,0,0,0,0,06-JUL-2020,
OPTSTK,CANBK,27-Aug-2020,70,CE,0,0,0,21.15,35.5,0,0,0,0,06-JUL-2020,
OPTSTK,CANBK,27-Aug-2020,72.5,CE,0,0,0,19.7,33.15,0,0,0,0,06-JUL-2020,
OPTSTK,CANBK,27-Aug-2020,75,CE,0,0,0,18.4,30.8,0,0,0,0,06-JUL-2020,
OPTSTK,CANBK,27-Aug-2020,77.5,CE,0,0,0,17.15,28.5,0,0,0,0,06-JUL-2020,
OPTSTK,CANBK,27-Aug-2020,80,CE,0,0,0,15.95,26.3,0,0,0,0,06-JUL-2020,
OPTSTK,CANBK,27-Aug-2020,82.5,CE,0,0,0,14.85,24.15,0,0,0,0,06-JUL-2020,
OPTSTK,CANBK,27-Aug-2020,85,CE,0,0,0,13.8,22.1,0,0,0,0,06-JUL-2020,
OPTSTK,CANBK,27-Aug-2020,87.5,CE,0,0,0,12.8,20.1,0,0,0,0,06-JUL-2020,
OPTSTK,CANBK,27-Aug-2020,90,CE,0,0,0,11.9,18.2,0,0,0,0,06-JUL-2020,
OPTSTK,CANBK,27-Aug-2020,92.5,CE,0,0,0,11.05,16.45,0,0,0,0,06-JUL-2020,
OPTSTK,CANBK,27-Aug-2020,95,CE,0,0,0,10.25,14.8,0,0,0,0,06-JUL-2020,
OPTSTK,CANBK,27-Aug-2020,97.5,CE,0,0,0,9.5,13.2,0,0,0,0,06-JUL-2020,
OPTSTK,CANBK,27-Aug-2020,100,CE,0,0,0,13.25,11.8,0,0,10000,0,06-JUL-2020,
OPTSTK,CANBK,27-Aug-2020,102.5,CE,0,0,0,8.2,10.45,0,0,0,0,06-JUL-2020,
OPTSTK,CANBK,27-Aug-2020,105,CE,0,0,0,7.6,9.25,0,0,0,0,06-JUL-2020,
OPTSTK,CANBK,27-Aug-2020,107.5,CE,0,0,0,7.05,8.15,0,0,0,0,06-JUL-2020,
OPTSTK,CANBK,27-Aug-2020,110,CE,0,0,0,6.5,7.15,0,0,0,0,06-JUL-2020,
OPTSTK,CANBK,27-Aug-2020,112.5,CE,0,0,0,6.05,6.25,0,0,0,0,06-JUL-2020,
OPTSTK,CANBK,27-Aug-2020,115,CE,0,0,0,5.6,5.45,0,0,0,0,06-JUL-2020,
OPTSTK,CANBK,27-Aug-2020,117.5,CE,0,0,0,5.2,4.7,0,0,0,0,06-JUL-2020,
OPTSTK,CANBK,27-Aug-2020,120,CE,0,0,0,4.4,4.05,0,0,0,0,06-JUL-2020,
OPTSTK,CANBK,27-Aug-2020,122.5,CE,0,0,0,5.85,3.5,0,0,0,0,06-JUL-2020,
OPTSTK,CANBK,27-Aug-2020,125,CE,0,0,0,5.4,3,0,0,0,0,06-JUL-2020,
OPTSTK,CANBK,27-Aug-2020,127.5,CE,0,0,0,4.4,2.6,0,0,15000,0,06-JUL-2020,
OPTSTK,CANBK,27-Aug-2020,130,CE,0,0,0,4.15,2.2,0,0,0,0,06-JUL-2020,
OPTSTK,CANBK,27-Aug-2020,132.5,CE,0,0,0,3.75,1.9,0,0,0,0,06-JUL-2020,
OPTSTK,CANBK,27-Aug-2020,47.5,PE,0,0,0,1.1,0.05,0,0,0,0,06-JUL-2020,
OPTSTK,CANBK,27-Aug-2020,50,PE,0,0,0,1.45,0.05,0,0,0,0,06-JUL-2020,
OPTSTK,CANBK,27-Aug-2020,52.5,PE,0,0,0,1.85,0.05,0,0,0,0,06-JUL-2020,
OPTSTK,CANBK,27-Aug-2020,55,PE,0,0,0,2.35,0.05,0,0,0,0,06-JUL-2020,
OPTSTK,CANBK,27-Aug-2020,57.5,PE,0,0,0,2.95,0.05,0,0,0,0,06-JUL-2020,
OPTSTK,CANBK,27-Aug-2020,60,PE,0,0,0,3.6,0.05,0,0,0,0,06-JUL-2020,
OPTSTK,CANBK,27-Aug-2020,62.5,PE,0,0,0,4.3,0.05,0,0,0,0,06-JUL-2020,
OPTSTK,CANBK,27-Aug-2020,65,PE,0,0,0,5.1,0.05,0,0,0,0,06-JUL-2020,
OPTSTK,CANBK,27-Aug-2020,67.5,PE,0,0,0,6,0.1,0,0,0,0,06-JUL-2020,
OPTSTK,CANBK,27-Aug-2020,70,PE,0,0,0,7,0.2,0,0,0,0,06-JUL-2020,
OPTSTK,CANBK,27-Aug-2020,72.5,PE,0,0,0,8.05,0.3,0,0,0,0,06-JUL-2020,
OPTSTK,CANBK,27-Aug-2020,75,PE,0,0,0,9.2,0.45,0,0,0,0,06-JUL-2020,
OPTSTK,CANBK,27-Aug-2020,77.5,PE,0,0,0,10.4,0.65,0,0,0,0,06-JUL-2020,
OPTSTK,CANBK,27-Aug-2020,80,PE,0,0,0,5.15,0.9,0,0,5000,0,06-JUL-2020,
OPTSTK,CANBK,27-Aug-2020,82.5,PE,0,0,0,13.05,1.25,0,0,0,0,06-JUL-2020,
OPTSTK,CANBK,27-Aug-2020,85,PE,0,0,0,14.45,1.65,0,0,0,0,06-JUL-2020,
OPTSTK,CANBK,27-Aug-2020,87.5,PE,0,0,0,15.95,2.15,0,0,0,0,06-JUL-2020,
OPTSTK,CANBK,27-Aug-2020,90,PE,3.9,3.95,3.8,3.95,2.8,11,51.64,50000,50000,06-JUL-2020,
OPTSTK,CANBK,27-Aug-2020,92.5,PE,0,0,0,19.15,3.5,0,0,0,0,06-JUL-2020,
OPTSTK,CANBK,27-Aug-2020,95,PE,0,0,0,20.8,4.3,0,0,0,0,06-JUL-2020,
OPTSTK,CANBK,27-Aug-2020,97.5,PE,0,0,0,22.55,5.25,0,0,0,0,06-JUL-2020,
OPTSTK,CANBK,27-Aug-2020,100,PE,0,0,0,24.3,6.3,0,0,0,0,06-JUL-2020,
OPTSTK,CANBK,27-Aug-2020,102.5,PE,0,0,0,26.15,7.45,0,0,0,0,06-JUL-2020,
OPTSTK,CANBK,27-Aug-2020,105,PE,0,0,0,28,8.7,0,0,0,0,06-JUL-2020,
OPTSTK,CANBK,27-Aug-2020,107.5,PE,0,0,0,29.95,10.1,0,0,0,0,06-JUL-2020,
OPTSTK,CANBK,27-Aug-2020,110,PE,0,0,0,14.05,11.55,0,0,5000,0,06-JUL-2020,
OPTSTK,CANBK,27-Aug-2020,112.5,PE,0,0,0,33.85,13.15,0,0,0,0,06-JUL-2020,
OPTSTK,CANBK,27-Aug-2020,115,PE,0,0,0,35.9,14.85,0,0,0,0,06-JUL-2020,
OPTSTK,CANBK,27-Aug-2020,117.5,PE,0,0,0,37.95,16.6,0,0,0,0,06-JUL-2020,
OPTSTK,CANBK,27-Aug-2020,120,PE,0,0,0,39.2,18.45,0,0,0,0,06-JUL-2020,
OPTSTK,CANBK,27-Aug-2020,122.5,PE,0,0,0,23.75,20.35,0,0,20000,0,06-JUL-2020,
OPTSTK,CANBK,27-Aug-2020,125,PE,0,0,0,37,22.35,0,0,0,0,06-JUL-2020,
OPTSTK,CANBK,27-Aug-2020,127.5,PE,0,0,0,39.1,24.4,0,0,0,0,06-JUL-2020,
OPTSTK,CANBK,27-Aug-2020,130,PE,0,0,0,35.5,26.55,0,0,0,0,06-JUL-2020,
OPTSTK,CANBK,27-Aug-2020,132.5,PE,0,0,0,37.6,28.7,0,0,0,0,06-JUL-2020,
OPTSTK,CANBK,24-Sep-2020,60,CE,0,0,0,46.05,45.6,0,0,0,0,06-JUL-2020,
OPTSTK,CANBK,24-Sep-2020,62.5,CE,0,0,0,43.75,43.15,0,0,0,0,06-JUL-2020,
OPTSTK,CANBK,24-Sep-2020,65,CE,0,0,0,41.55,40.8,0,0,0,0,06-JUL-2020,
OPTSTK,CANBK,24-Sep-2020,67.5,CE,0,0,0,39.35,38.45,0,0,0,0,06-JUL-2020,
OPTSTK,CANBK,24-Sep-2020,70,CE,0,0,0,37.2,36.15,0,0,0,0,06-JUL-2020,
OPTSTK,CANBK,24-Sep-2020,72.5,CE,0,0,0,35.15,33.9,0,0,0,0,06-JUL-2020,
OPTSTK,CANBK,24-Sep-2020,75,CE,0,0,0,33.15,31.7,0,0,0,0,06-JUL-2020,
OPTSTK,CANBK,24-Sep-2020,77.5,CE,0,0,0,31.2,29.55,0,0,0,0,06-JUL-2020,
OPTSTK,CANBK,24-Sep-2020,80,CE,0,0,0,29.3,27.5,0,0,0,0,06-JUL-2020,
OPTSTK,CANBK,24-Sep-2020,82.5,CE,0,0,0,27.5,25.5,0,0,0,0,06-JUL-2020,
OPTSTK,CANBK,24-Sep-2020,85,CE,0,0,0,25.8,23.55,0,0,0,0,06-JUL-2020,
OPTSTK,CANBK,24-Sep-2020,87.5,CE,0,0,0,24.15,21.75,0,0,0,0,06-JUL-2020,
OPTSTK,CANBK,24-Sep-2020,90,CE,0,0,0,22.55,20,0,0,0,0,06-JUL-2020,
OPTSTK,CANBK,24-Sep-2020,92.5,CE,0,0,0,21.05,18.35,0,0,0,0,06-JUL-2020,
OPTSTK,CANBK,24-Sep-2020,95,CE,0,0,0,19.65,16.8,0,0,0,0,06-JUL-2020,
OPTSTK,CANBK,24-Sep-2020,97.5,CE,0,0,0,18.3,15.35,0,0,0,0,06-JUL-2020,
OPTSTK,CANBK,24-Sep-2020,100,CE,0,0,0,17.05,14,0,0,0,0,06-JUL-2020,
OPTSTK,CANBK,24-Sep-2020,102.5,CE,0,0,0,15.85,12.7,0,0,0,0,06-JUL-2020,
OPTSTK,CANBK,24-Sep-2020,105,CE,0,0,0,14.7,11.55,0,0,0,0,06-JUL-2020,
OPTSTK,CANBK,24-Sep-2020,107.5,CE,0,0,0,13.65,10.45,0,0,0,0,06-JUL-2020,
OPTSTK,CANBK,24-Sep-2020,110,CE,0,0,0,12.65,9.45,0,0,0,0,06-JUL-2020,
OPTSTK,CANBK,24-Sep-2020,112.5,CE,0,0,0,11.7,8.5,0,0,0,0,06-JUL-2020,
OPTSTK,CANBK,24-Sep-2020,115,CE,0,0,0,10.85,7.65,0,0,0,0,06-JUL-2020,
OPTSTK,CANBK,24-Sep-2020,117.5,CE,0,0,0,10,6.9,0,0,0,0,06-JUL-2020,
OPTSTK,CANBK,24-Sep-2020,120,CE,0,0,0,9.25,6.15,0,0,0,0,06-JUL-2020,
OPTSTK,CANBK,24-Sep-2020,122.5,CE,0,0,0,8.55,5.5,0,0,0,0,06-JUL-2020,
OPTSTK,CANBK,24-Sep-2020,125,CE,0,0,0,7.9,4.95,0,0,0,0,06-JUL-2020,
OPTSTK,CANBK,24-Sep-2020,127.5,CE,0,0,0,7.3,4.4,0,0,0,0,06-JUL-2020,
OPTSTK,CANBK,24-Sep-2020,130,CE,0,0,0,6.7,3.9,0,0,0,0,06-JUL-2020,
OPTSTK,CANBK,24-Sep-2020,132.5,CE,0,0,0,6.2,3.5,0,0,0,0,06-JUL-2020,
OPTSTK,CANBK,24-Sep-2020,60,PE,0,0,0,0.55,0.15,0,0,0,0,06-JUL-2020,
OPTSTK,CANBK,24-Sep-2020,62.5,PE,0,0,0,0.75,0.2,0,0,0,0,06-JUL-2020,
OPTSTK,CANBK,24-Sep-2020,65,PE,0,0,0,1,0.3,0,0,0,0,06-JUL-2020,
OPTSTK,CANBK,24-Sep-2020,67.5,PE,0,0,0,1.25,0.4,0,0,0,0,06-JUL-2020,
OPTSTK,CANBK,24-Sep-2020,70,PE,0,0,0,1.6,0.6,0,0,0,0,06-JUL-2020,
OPTSTK,CANBK,24-Sep-2020,72.5,PE,0,0,0,2,0.8,0,0,0,0,06-JUL-2020,
OPTSTK,CANBK,24-Sep-2020,75,PE,0,0,0,2.45,1.1,0,0,0,0,06-JUL-2020,
OPTSTK,CANBK,24-Sep-2020,77.5,PE,0,0,0,3,1.45,0,0,0,0,06-JUL-2020,
OPTSTK,CANBK,24-Sep-2020,80,PE,0,0,0,3.6,1.85,0,0,0,0,06-JUL-2020,
OPTSTK,CANBK,24-Sep-2020,82.5,PE,0,0,0,4.25,2.3,0,0,0,0,06-JUL-2020,
OPTSTK,CANBK,24-Sep-2020,85,PE,0,0,0,5,2.9,0,0,0,0,06-JUL-2020,
OPTSTK,CANBK,24-Sep-2020,87.5,PE,0,0,0,5.85,3.55,0,0,0,0,06-JUL-2020,
OPTSTK,CANBK,24-Sep-2020,90,PE,0,0,0,6.7,4.3,0,0,0,0,06-JUL-2020,
OPTSTK,CANBK,24-Sep-2020,92.5,PE,0,0,0,7.7,5.1,0,0,0,0,06-JUL-2020,
OPTSTK,CANBK,24-Sep-2020,95,PE,0,0,0,8.75,6.05,0,0,0,0,06-JUL-2020,
OPTSTK,CANBK,24-Sep-2020,97.5,PE,0,0,0,9.85,7.05,0,0,0,0,06-JUL-2020,
OPTSTK,CANBK,24-Sep-2020,100,PE,0,0,0,11.05,8.15,0,0,0,0,06-JUL-2020,
OPTSTK,CANBK,24-Sep-2020,102.5,PE,0,0,0,12.35,9.35,0,0,0,0,06-JUL-2020,
OPTSTK,CANBK,24-Sep-2020,105,PE,0,0,0,13.7,10.65,0,0,0,0,06-JUL-2020,
OPTSTK,CANBK,24-Sep-2020,107.5,PE,0,0,0,15.1,12.05,0,0,0,0,06-JUL-2020,
OPTSTK,CANBK,24-Sep-2020,110,PE,0,0,0,16.55,13.5,0,0,0,0,06-JUL-2020,
OPTSTK,CANBK,24-Sep-2020,112.5,PE,0,0,0,18.1,15.05,0,0,0,0,06-JUL-2020,
OPTSTK,CANBK,24-Sep-2020,115,PE,0,0,0,19.7,16.7,0,0,0,0,06-JUL-2020,
OPTSTK,CANBK,24-Sep-2020,117.5,PE,0,0,0,21.35,18.4,0,0,0,0,06-JUL-2020,
OPTSTK,CANBK,24-Sep-2020,120,PE,0,0,0,23.05,20.15,0,0,0,0,06-JUL-2020,
OPTSTK,CANBK,24-Sep-2020,122.5,PE,0,0,0,24.85,22,0,0,0,0,06-JUL-2020,
OPTSTK,CANBK,24-Sep-2020,125,PE,0,0,0,26.65,23.85,0,0,0,0,06-JUL-2020,
OPTSTK,CANBK,24-Sep-2020,127.5,PE,0,0,0,28.5,25.8,0,0,0,0,06-JUL-2020,
OPTSTK,CANBK,24-Sep-2020,130,PE,0,0,0,30.4,27.8,0,0,0,0,06-JUL-2020,
OPTSTK,CANBK,24-Sep-2020,132.5,PE,0,0,0,32.35,29.85,0,0,0,0,06-JUL-2020,
OPTSTK,CENTURYTEX,30-Jul-2020,120,CE,0,0,0,175.4,198.45,0,0,0,0,06-JUL-2020,
OPTSTK,CENTURYTEX,30-Jul-2020,140,CE,0,0,0,157.65,178.5,0,0,0,0,06-JUL-2020,
OPTSTK,CENTURYTEX,30-Jul-2020,160,CE,0,0,0,141,158.55,0,0,0,0,06-JUL-2020,
OPTSTK,CENTURYTEX,30-Jul-2020,180,CE,0,0,0,125.55,138.6,0,0,0,0,06-JUL-2020,
OPTSTK,CENTURYTEX,30-Jul-2020,200,CE,0,0,0,111.45,118.65,0,0,0,0,06-JUL-2020,
OPTSTK,CENTURYTEX,30-Jul-2020,210,CE,0,0,0,83.85,108.7,0,0,0,0,06-JUL-2020,
OPTSTK,CENTURYTEX,30-Jul-2020,220,CE,0,0,0,98.65,98.8,0,0,0,0,06-JUL-2020,
OPTSTK,CENTURYTEX,30-Jul-2020,230,CE,0,0,0,69.25,88.9,0,0,0,0,06-JUL-2020,
OPTSTK,CENTURYTEX,30-Jul-2020,240,CE,0,0,0,59.15,79.15,0,0,1400,0,06-JUL-2020,
OPTSTK,CENTURYTEX,30-Jul-2020,250,CE,0,0,0,54.5,69.65,0,0,0,0,06-JUL-2020,
OPTSTK,CENTURYTEX,30-Jul-2020,260,CE,0,0,0,40.6,60.4,0,0,4200,0,06-JUL-2020,
OPTSTK,CENTURYTEX,30-Jul-2020,270,CE,0,0,0,45.5,51.6,0,0,0,0,06-JUL-2020,
OPTSTK,CENTURYTEX,30-Jul-2020,280,CE,36.4,36.4,36.4,36.4,43.35,1,4.42,1400,-1400,06-JUL-2020,
OPTSTK,CENTURYTEX,30-Jul-2020,290,CE,0,0,0,33,35.85,0,0,0,0,06-JUL-2020,
OPTSTK,CENTURYTEX,30-Jul-2020,300,CE,23.75,33.4,23.1,29.85,29.85,65,297.14,60200,-12600,06-JUL-2020,
OPTSTK,CENTURYTEX,30-Jul-2020,310,CE,18.8,27.4,18.05,24.85,24.85,107,496.98,60200,-4200,06-JUL-2020,
OPTSTK,CENTURYTEX,30-Jul-2020,320,CE,15.15,22.25,13.8,20.6,20.6,748,3535.15,247800,47600,06-JUL-2020,
OPTSTK,CENTURYTEX,30-Jul-2020,330,CE,12,17.9,10.6,16.55,16.55,149,718.84,70000,21000,06-JUL-2020,
OPTSTK,CENTURYTEX,30-Jul-2020,340,CE,8,14,7.8,12.85,12.85,270,1326.13,120400,50400,06-JUL-2020,
OPTSTK,CENTURYTEX,30-Jul-2020,350,CE,6.15,11.4,5.9,10.3,10.3,115,577.43,70000,28000,06-JUL-2020,
OPTSTK,CENTURYTEX,30-Jul-2020,360,CE,5,8.5,4.4,7.7,7.7,58,297.17,42000,14000,06-JUL-2020,
OPTSTK,CENTURYTEX,30-Jul-2020,370,CE,3.15,5,3.15,5,4.1,3,15.71,2800,1400,06-JUL-2020,
OPTSTK,CENTURYTEX,30-Jul-2020,380,CE,3,4.5,3,4.5,4.5,2,10.74,4200,1400,06-JUL-2020,
OPTSTK,CENTURYTEX,30-Jul-2020,390,CE,0,0,0,10.55,2,0,0,0,0,06-JUL-2020,
OPTSTK,CENTURYTEX,30-Jul-2020,400,CE,1.15,3.2,1.15,2.75,2.75,33,185.92,56000,9800,06-JUL-2020,
OPTSTK,CENTURYTEX,30-Jul-2020,410,CE,0,0,0,7,0.95,0,0,0,0,06-JUL-2020,
OPTSTK,CENTURYTEX,30-Jul-2020,420,CE,0.95,1.1,0.95,1.1,0.65,2,11.78,2800,1400,06-JUL-2020,
OPTSTK,CENTURYTEX,30-Jul-2020,430,CE,0,0,0,7.05,0.4,0,0,0,0,06-JUL-2020,
OPTSTK,CENTURYTEX,30-Jul-2020,440,CE,0,0,0,24.55,0.25,0,0,0,0,06-JUL-2020,
OPTSTK,CENTURYTEX,30-Jul-2020,460,CE,0,0,0,21.7,0.1,0,0,0,0,06-JUL-2020,
OPTSTK,CENTURYTEX,30-Jul-2020,480,CE,0,0,0,19.15,0.05,0,0,0,0,06-JUL-2020,
OPTSTK,CENTURYTEX,30-Jul-2020,120,PE,0,0,0,0.15,0.05,0,0,5600,0,06-JUL-2020,
OPTSTK,CENTURYTEX,30-Jul-2020,140,PE,0,0,0,3.8,0.05,0,0,0,0,06-JUL-2020,
OPTSTK,CENTURYTEX,30-Jul-2020,160,PE,0,0,0,6.9,0.05,0,0,0,0,06-JUL-2020,
OPTSTK,CENTURYTEX,30-Jul-2020,180,PE,0,0,0,11.25,0.05,0,0,0,0,06-JUL-2020,
OPTSTK,CENTURYTEX,30-Jul-2020,200,PE,0,0,0,16.85,0.05,0,0,0,0,06-JUL-2020,
OPTSTK,CENTURYTEX,30-Jul-2020,210,PE,0,0,0,7.55,0.05,0,0,0,0,06-JUL-2020,
OPTSTK,CENTURYTEX,30-Jul-2020,220,PE,0,0,0,23.85,0.05,0,0,0,0,06-JUL-2020,
OPTSTK,CENTURYTEX,30-Jul-2020,230,PE,0,0,0,12.75,0.2,0,0,0,0,06-JUL-2020,
OPTSTK,CENTURYTEX,30-Jul-2020,240,PE,1,1,1,1,0.4,1,3.37,11200,0,06-JUL-2020,
OPTSTK,CENTURYTEX,30-Jul-2020,250,PE,0,0,0,2.4,0.85,0,0,7000,0,06-JUL-2020,
OPTSTK,CENTURYTEX,30-Jul-2020,260,PE,3,3,2.15,2.15,1.55,5,18.37,53200,1400,06-JUL-2020,
OPTSTK,CENTURYTEX,30-Jul-2020,270,PE,5.1,5.1,4,4.1,4.1,14,53.77,35000,2800,06-JUL-2020,
OPTSTK,CENTURYTEX,30-Jul-2020,280,PE,7.5,7.5,5.5,5.7,5.7,27,108.21,56000,9800,06-JUL-2020,
OPTSTK,CENTURYTEX,30-Jul-2020,290,PE,5.8,7,5.8,6.4,6.4,2,8.29,12600,2800,06-JUL-2020,
OPTSTK,CENTURYTEX,30-Jul-2020,300,PE,14.9,15,11,11.55,11.55,56,244.91,77000,-7000,06-JUL-2020,
OPTSTK,CENTURYTEX,30-Jul-2020,310,PE,18.4,18.5,15.5,15.85,15.85,26,118.99,37800,12600,06-JUL-2020,
OPTSTK,CENTURYTEX,30-Jul-2020,320,PE,25.05,25.05,20,20.4,20.4,27,129.04,28000,5600,06-JUL-2020,
OPTSTK,CENTURYTEX,30-Jul-2020,330,PE,0,0,0,45,24.9,0,0,5600,0,06-JUL-2020,
OPTSTK,CENTURYTEX,30-Jul-2020,340,PE,0,0,0,89.85,31.5,0,0,0,0,06-JUL-2020,
OPTSTK,CENTURYTEX,30-Jul-2020,350,PE,0,0,0,80.1,38.75,0,0,0,0,06-JUL-2020,
OPTSTK,CENTURYTEX,30-Jul-2020,360,PE,0,0,0,104.05,46.6,0,0,0,0,06-JUL-2020,
OPTSTK,CENTURYTEX,30-Jul-2020,370,PE,0,0,0,96,54.95,0,0,0,0,06-JUL-2020,
OPTSTK,CENTURYTEX,30-Jul-2020,380,PE,0,0,0,118.95,63.75,0,0,0,0,06-JUL-2020,
OPTSTK,CENTURYTEX,30-Jul-2020,390,PE,0,0,0,112.75,72.85,0,0,0,0,06-JUL-2020,
OPTSTK,CENTURYTEX,30-Jul-2020,400,PE,0,0,0,134.45,82.15,0,0,0,0,06-JUL-2020,
OPTSTK,CENTURYTEX,30-Jul-2020,410,PE,0,0,0,128.15,91.7,0,0,0,0,06-JUL-2020,
OPTSTK,CENTURYTEX,30-Jul-2020,420,PE,0,0,0,150.45,101.35,0,0,0,0,06-JUL-2020,
OPTSTK,CENTURYTEX,30-Jul-2020,430,PE,0,0,0,121.8,111.1,0,0,0,0,06-JUL-2020,
OPTSTK,CENTURYTEX,30-Jul-2020,440,PE,0,0,0,166.95,120.95,0,0,0,0,06-JUL-2020,
OPTSTK,CENTURYTEX,30-Jul-2020,460,PE,0,0,0,183.8,140.75,0,0,0,0,06-JUL-2020,
OPTSTK,CENTURYTEX,30-Jul-2020,480,PE,0,0,0,201.05,160.6,0,0,0,0,06-JUL-2020,
OPTSTK,CENTURYTEX,27-Aug-2020,160,CE,0,0,0,129.15,159.05,0,0,0,0,06-JUL-2020,
OPTSTK,CENTURYTEX,27-Aug-2020,170,CE,0,0,0,120.4,149.15,0,0,0,0,06-JUL-2020,
OPTSTK,CENTURYTEX,27-Aug-2020,180,CE,0,0,0,112,139.25,0,0,0,0,06-JUL-2020,
OPTSTK,CENTURYTEX,27-Aug-2020,190,CE,0,0,0,103.9,129.4,0,0,0,0,06-JUL-2020,
OPTSTK,CENTURYTEX,27-Aug-2020,200,CE,0,0,0,96.2,119.6,0,0,0,0,06-JUL-2020,
OPTSTK,CENTURYTEX,27-Aug-2020,210,CE,0,0,0,88.85,109.9,0,0,0,0,06-JUL-2020,
OPTSTK,CENTURYTEX,27-Aug-2020,220,CE,0,0,0,81.9,100.4,0,0,0,0,06-JUL-2020,
OPTSTK,CENTURYTEX,27-Aug-2020,230,CE,0,0,0,75.35,91.1,0,0,0,0,06-JUL-2020,
OPTSTK,CENTURYTEX,27-Aug-2020,240,CE,0,0,0,69.2,82.05,0,0,0,0,06-JUL-2020,
OPTSTK,CENTURYTEX,27-Aug-2020,250,CE,0,0,0,63.45,73.4,0,0,0,0,06-JUL-2020,
OPTSTK,CENTURYTEX,27-Aug-2020,260,CE,0,0,0,58.1,65.2,0,0,0,0,06-JUL-2020,
OPTSTK,CENTURYTEX,27-Aug-2020,270,CE,0,0,0,53.15,57.45,0,0,0,0,06-JUL-2020,
OPTSTK,CENTURYTEX,27-Aug-2020,280,CE,0,0,0,48.55,50.3,0,0,0,0,06-JUL-2020,
OPTSTK,CENTURYTEX,27-Aug-2020,290,CE,0,0,0,44.25,43.65,0,0,0,0,06-JUL-2020,
OPTSTK,CENTURYTEX,27-Aug-2020,300,CE,0,0,0,40.35,37.65,0,0,0,0,06-JUL-2020,
OPTSTK,CENTURYTEX,27-Aug-2020,310,CE,0,0,0,36.7,32.2,0,0,0,0,06-JUL-2020,
OPTSTK,CENTURYTEX,27-Aug-2020,320,CE,0,0,0,33.4,27.4,0,0,0,0,06-JUL-2020,
OPTSTK,CENTURYTEX,27-Aug-2020,330,CE,0,0,0,30.35,23.1,0,0,0,0,06-JUL-2020,
OPTSTK,CENTURYTEX,27-Aug-2020,340,CE,0,0,0,27.6,19.4,0,0,0,0,06-JUL-2020,
OPTSTK,CENTURYTEX,27-Aug-2020,350,CE,0,0,0,25.05,16.15,0,0,0,0,06-JUL-2020,
OPTSTK,CENTURYTEX,27-Aug-2020,360,CE,0,0,0,22.75,13.4,0,0,0,0,06-JUL-2020,
OPTSTK,CENTURYTEX,27-Aug-2020,370,CE,0,0,0,20.6,11.05,0,0,0,0,06-JUL-2020,
OPTSTK,CENTURYTEX,27-Aug-2020,380,CE,0,0,0,18.7,9.05,0,0,0,0,06-JUL-2020,
OPTSTK,CENTURYTEX,27-Aug-2020,390,CE,0,0,0,16.95,7.4,0,0,0,0,06-JUL-2020,
OPTSTK,CENTURYTEX,27-Aug-2020,400,CE,0,0,0,15.35,6,0,0,0,0,06-JUL-2020,
OPTSTK,CENTURYTEX,27-Aug-2020,160,PE,0,0,0,2.65,0.05,0,0,0,0,06-JUL-2020,
OPTSTK,CENTURYTEX,27-Aug-2020,170,PE,0,0,0,3.8,0.05,0,0,0,0,06-JUL-2020,
OPTSTK,CENTURYTEX,27-Aug-2020,180,PE,0,0,0,5.25,0.05,0,0,0,0,06-JUL-2020,
OPTSTK,CENTURYTEX,27-Aug-2020,190,PE,0,0,0,7.05,0.15,0,0,0,0,06-JUL-2020,
OPTSTK,CENTURYTEX,27-Aug-2020,200,PE,0,0,0,9.2,0.3,0,0,0,0,06-JUL-2020,
OPTSTK,CENTURYTEX,27-Aug-2020,210,PE,0,0,0,11.75,0.55,0,0,0,0,06-JUL-2020,
OPTSTK,CENTURYTEX,27-Aug-2020,220,PE,0,0,0,14.7,0.95,0,0,0,0,06-JUL-2020,
OPTSTK,CENTURYTEX,27-Aug-2020,230,PE,0,0,0,18.05,1.6,0,0,0,0,06-JUL-2020,
OPTSTK,CENTURYTEX,27-Aug-2020,240,PE,0,0,0,21.75,2.5,0,0,0,0,06-JUL-2020,
OPTSTK,CENTURYTEX,27-Aug-2020,250,PE,0,0,0,25.9,3.8,0,0,0,0,06-JUL-2020,
OPTSTK,CENTURYTEX,27-Aug-2020,260,PE,0,0,0,30.4,5.55,0,0,0,0,06-JUL-2020,
OPTSTK,CENTURYTEX,27-Aug-2020,270,PE,0,0,0,35.3,7.75,0,0,0,0,06-JUL-2020,
OPTSTK,CENTURYTEX,27-Aug-2020,280,PE,0,0,0,40.6,10.5,0,0,0,0,06-JUL-2020,
OPTSTK,CENTURYTEX,27-Aug-2020,290,PE,0,0,0,46.2,13.8,0,0,0,0,06-JUL-2020,
OPTSTK,CENTURYTEX,27-Aug-2020,300,PE,0,0,0,52.15,17.75,0,0,0,0,06-JUL-2020,
OPTSTK,CENTURYTEX,27-Aug-2020,310,PE,0,0,0,58.4,22.25,0,0,0,0,06-JUL-2020,
OPTSTK,CENTURYTEX,27-Aug-2020,320,PE,0,0,0,64.95,27.35,0,0,0,0,06-JUL-2020,
OPTSTK,CENTURYTEX,27-Aug-2020,330,PE,0,0,0,71.8,33,0,0,0,0,06-JUL-2020,
OPTSTK,CENTURYTEX,27-Aug-2020,340,PE,0,0,0,78.9,39.25,0,0,0,0,06-JUL-2020,
OPTSTK,CENTURYTEX,27-Aug-2020,350,PE,0,0,0,86.25,45.95,0,0,0,0,06-JUL-2020,
OPTSTK,CENTURYTEX,27-Aug-2020,360,PE,0,0,0,93.8,53.1,0,0,0,0,06-JUL-2020,
OPTSTK,CENTURYTEX,27-Aug-2020,370,PE,0,0,0,101.6,60.7,0,0,0,0,06-JUL-2020,
OPTSTK,CENTURYTEX,27-Aug-2020,380,PE,0,0,0,109.55,68.65,0,0,0,0,06-JUL-2020,
OPTSTK,CENTURYTEX,27-Aug-2020,390,PE,0,0,0,117.65,76.95,0,0,0,0,06-JUL-2020,
OPTSTK,CENTURYTEX,27-Aug-2020,400,PE,0,0,0,125.95,85.5,0,0,0,0,06-JUL-2020,
OPTSTK,CHOLAFIN,30-Jul-2020,70,CE,0,0,0,96.5,131.3,0,0,0,0,06-JUL-2020,
OPTSTK,CHOLAFIN,30-Jul-2020,75,CE,0,0,0,92.95,126.3,0,0,0,0,06-JUL-2020,
OPTSTK,CHOLAFIN,30-Jul-2020,80,CE,0,0,0,89.5,121.3,0,0,0,0,06-JUL-2020,
OPTSTK,CHOLAFIN,30-Jul-2020,85,CE,0,0,0,86.2,116.35,0,0,0,0,06-JUL-2020,
OPTSTK,CHOLAFIN,30-Jul-2020,90,CE,0,0,0,83.05,111.35,0,0,0,0,06-JUL-2020,
OPTSTK,CHOLAFIN,30-Jul-2020,95,CE,0,0,0,80,106.35,0,0,0,0,06-JUL-2020,
OPTSTK,CHOLAFIN,30-Jul-2020,100,CE,0,0,0,92.5,101.4,0,0,2500,0,06-JUL-2020,
OPTSTK,CHOLAFIN,30-Jul-2020,105,CE,0,0,0,74.3,96.4,0,0,0,0,06-JUL-2020,
OPTSTK,CHOLAFIN,30-Jul-2020,110,CE,0,0,0,71.6,91.4,0,0,0,0,06-JUL-2020,
OPTSTK,CHOLAFIN,30-Jul-2020,115,CE,0,0,0,69.05,86.4,0,0,0,0,06-JUL-2020,
OPTSTK,CHOLAFIN,30-Jul-2020,120,CE,0,0,0,66.6,81.45,0,0,0,0,06-JUL-2020,
OPTSTK,CHOLAFIN,30-Jul-2020,125,CE,0,0,0,64.25,76.45,0,0,0,0,06-JUL-2020,
OPTSTK,CHOLAFIN,30-Jul-2020,130,CE,0,0,0,61.95,71.5,0,0,0,0,06-JUL-2020,
OPTSTK,CHOLAFIN,30-Jul-2020,135,CE,0,0,0,59.8,66.55,0,0,0,0,06-JUL-2020,
OPTSTK,CHOLAFIN,30-Jul-2020,140,CE,0,0,0,51,61.65,0,0,5000,0,06-JUL-2020,
OPTSTK,CHOLAFIN,30-Jul-2020,145,CE,0,0,0,52.35,56.8,0,0,7500,0,06-JUL-2020,
OPTSTK,CHOLAFIN,30-Jul-2020,150,CE,0,0,0,44,52.05,0,0,7500,0,06-JUL-2020,
OPTSTK,CHOLAFIN,30-Jul-2020,155,CE,0,0,0,52,47.35,0,0,0,0,06-JUL-2020,
OPTSTK,CHOLAFIN,30-Jul-2020,160,CE,0,0,0,36.5,42.8,0,0,5000,0,06-JUL-2020,
OPTSTK,CHOLAFIN,30-Jul-2020,165,CE,0,0,0,38.9,38.45,0,0,2500,0,06-JUL-2020,
OPTSTK,CHOLAFIN,30-Jul-2020,170,CE,0,0,0,31.6,34.25,0,0,2500,0,06-JUL-2020,
OPTSTK,CHOLAFIN,30-Jul-2020,175,CE,0,0,0,23.05,30.3,0,0,2500,0,06-JUL-2020,
OPTSTK,CHOLAFIN,30-Jul-2020,180,CE,0,0,0,24.85,26.55,0,0,40000,0,06-JUL-2020,
OPTSTK,CHOLAFIN,30-Jul-2020,185,CE,21.2,22.1,19.75,22.1,23.15,6,30.85,15000,0,06-JUL-2020,
OPTSTK,CHOLAFIN,30-Jul-2020,190,CE,17.9,19.15,16.9,18.95,20,21,109.41,90000,0,06-JUL-2020,
OPTSTK,CHOLAFIN,30-Jul-2020,195,CE,14.5,16.9,14.3,16.55,16.55,30,157.87,70000,5000,06-JUL-2020,
OPTSTK,CHOLAFIN,30-Jul-2020,200,CE,12.7,14.75,12.05,14.05,14.05,426,2272.1,310000,10000,06-JUL-2020,
OPTSTK,CHOLAFIN,30-Jul-2020,205,CE,11,12.4,10.3,11.65,11.65,193,1042.97,332500,-55000,06-JUL-2020,
OPTSTK,CHOLAFIN,30-Jul-2020,210,CE,8.95,10.5,8.5,9.9,9.9,229,1256.1,495000,5000,06-JUL-2020,
OPTSTK,CHOLAFIN,30-Jul-2020,215,CE,7.6,8.5,7.55,8.5,8.5,11,61.32,62500,-2500,06-JUL-2020,
OPTSTK,CHOLAFIN,30-Jul-2020,220,CE,6.3,7.15,5.9,6.9,6.9,102,577.68,405000,5000,06-JUL-2020,
OPTSTK,CHOLAFIN,30-Jul-2020,225,CE,5.35,5.35,5.05,5.3,5.8,5,28.77,12500,2500,06-JUL-2020,
OPTSTK,CHOLAFIN,30-Jul-2020,230,CE,4.35,4.95,4.1,4.7,4.7,27,158.25,147500,12500,06-JUL-2020,
OPTSTK,CHOLAFIN,30-Jul-2020,235,CE,3.65,3.65,3.65,3.65,3.8,1,5.96,5000,0,06-JUL-2020,
OPTSTK,CHOLAFIN,30-Jul-2020,240,CE,3,3.1,2.95,3.05,3.05,8,48.6,102500,2500,06-JUL-2020,
OPTSTK,CHOLAFIN,30-Jul-2020,245,CE,2.7,2.7,2.7,2.7,2.45,1,6.19,65000,-2500,06-JUL-2020,
OPTSTK,CHOLAFIN,30-Jul-2020,250,CE,2.4,2.4,1.8,2,2,9,56.7,82500,10000,06-JUL-2020,
OPTSTK,CHOLAFIN,30-Jul-2020,255,CE,0,0,0,27.35,1.55,0,0,0,0,06-JUL-2020,
OPTSTK,CHOLAFIN,30-Jul-2020,260,CE,1.05,1.35,1.05,1.3,1.3,5,32.65,75000,-5000,06-JUL-2020,
OPTSTK,CHOLAFIN,30-Jul-2020,70,PE,0,0,0,6.2,0.05,0,0,0,0,06-JUL-2020,
OPTSTK,CHOLAFIN,30-Jul-2020,75,PE,0,0,0,7.55,0.05,0,0,0,0,06-JUL-2020,
OPTSTK,CHOLAFIN,30-Jul-2020,80,PE,0,0,0,9.05,0.05,0,0,0,0,06-JUL-2020,
OPTSTK,CHOLAFIN,30-Jul-2020,85,PE,0,0,0,10.7,0.05,0,0,0,0,06-JUL-2020,
OPTSTK,CHOLAFIN,30-Jul-2020,90,PE,0,0,0,12.45,0.05,0,0,0,0,06-JUL-2020,
OPTSTK,CHOLAFIN,30-Jul-2020,95,PE,0,0,0,14.35,0.05,0,0,0,0,06-JUL-2020,
OPTSTK,CHOLAFIN,30-Jul-2020,100,PE,0,0,0,8,0.05,0,0,2500,0,06-JUL-2020,
OPTSTK,CHOLAFIN,30-Jul-2020,105,PE,0,0,0,18.5,0.05,0,0,0,0,06-JUL-2020,
OPTSTK,CHOLAFIN,30-Jul-2020,110,PE,0,0,0,20.75,0.05,0,0,0,0,06-JUL-2020,
OPTSTK,CHOLAFIN,30-Jul-2020,115,PE,0,0,0,23.15,0.05,0,0,0,0,06-JUL-2020,
OPTSTK,CHOLAFIN,30-Jul-2020,120,PE,0,0,0,0.5,0.05,0,0,35000,0,06-JUL-2020,
OPTSTK,CHOLAFIN,30-Jul-2020,125,PE,0,0,0,28.2,0.05,0,0,0,0,06-JUL-2020,
OPTSTK,CHOLAFIN,30-Jul-2020,130,PE,0,0,0,1,0.05,0,0,60000,0,06-JUL-2020,
OPTSTK,CHOLAFIN,30-Jul-2020,135,PE,0,0,0,33.65,0.1,0,0,0,0,06-JUL-2020,
OPTSTK,CHOLAFIN,30-Jul-2020,140,PE,0.6,0.6,0.5,0.55,0.55,9,31.62,107500,-2500,06-JUL-2020,
OPTSTK,CHOLAFIN,30-Jul-2020,145,PE,0,0,0,39.45,0.3,0,0,0,0,06-JUL-2020,
OPTSTK,CHOLAFIN,30-Jul-2020,150,PE,1.2,1.2,1.2,1.2,0.5,2,7.56,55000,2500,06-JUL-2020,
OPTSTK,CHOLAFIN,30-Jul-2020,155,PE,0,0,0,3.4,0.8,0,0,12500,0,06-JUL-2020,
OPTSTK,CHOLAFIN,30-Jul-2020,160,PE,2.05,2.3,1.85,2,1.25,11,44.56,210000,-2500,06-JUL-2020,
OPTSTK,CHOLAFIN,30-Jul-2020,165,PE,0,0,0,6.5,1.85,0,0,12500,0,06-JUL-2020,
OPTSTK,CHOLAFIN,30-Jul-2020,170,PE,3.55,4.05,3.1,3.3,3.3,15,65.16,132500,-10000,06-JUL-2020,
OPTSTK,CHOLAFIN,30-Jul-2020,175,PE,4.9,4.9,4.9,4.9,3.7,1,4.49,32500,0,06-JUL-2020,
OPTSTK,CHOLAFIN,30-Jul-2020,180,PE,6.85,6.9,5.4,5.55,5.55,51,237.42,130000,10000,06-JUL-2020,
OPTSTK,CHOLAFIN,30-Jul-2020,185,PE,8.1,8.2,7.2,7.2,6.5,5,24.1,42500,0,06-JUL-2020,
OPTSTK,CHOLAFIN,30-Jul-2020,190,PE,10,11.25,8.55,9.05,9.05,127,635.49,312500,-20000,06-JUL-2020,
OPTSTK,CHOLAFIN,30-Jul-2020,195,PE,12.75,12.75,11,11.2,11.2,16,82.82,55000,7500,06-JUL-2020,
OPTSTK,CHOLAFIN,30-Jul-2020,200,PE,14.55,16.35,12.85,13.55,13.55,125,670.41,177500,7500,06-JUL-2020,
OPTSTK,CHOLAFIN,30-Jul-2020,205,PE,18.5,18.95,15.6,16.75,16.75,29,161.42,47500,-2500,06-JUL-2020,
OPTSTK,CHOLAFIN,30-Jul-2020,210,PE,20.5,21.95,18.85,19,19,14,80.75,45000,-7500,06-JUL-2020,
OPTSTK,CHOLAFIN,30-Jul-2020,215,PE,23.7,23.7,23.7,23.7,21.85,1,5.96,5000,0,06-JUL-2020,
OPTSTK,CHOLAFIN,30-Jul-2020,220,PE,0,0,0,29.3,25.35,0,0,7500,0,06-JUL-2020,
OPTSTK,CHOLAFIN,30-Jul-2020,225,PE,0,0,0,95.55,29.05,0,0,0,0,06-JUL-2020,
OPTSTK,CHOLAFIN,30-Jul-2020,230,PE,0,0,0,99.5,32.95,0,0,0,0,06-JUL-2020,
OPTSTK,CHOLAFIN,30-Jul-2020,235,PE,0,0,0,103.45,37.05,0,0,0,0,06-JUL-2020,
OPTSTK,CHOLAFIN,30-Jul-2020,240,PE,0,0,0,107.45,41.3,0,0,0,0,06-JUL-2020,
OPTSTK,CHOLAFIN,30-Jul-2020,245,PE,0,0,0,111.5,45.65,0,0,0,0,06-JUL-2020,
OPTSTK,CHOLAFIN,30-Jul-2020,250,PE,0,0,0,115.55,50.15,0,0,0,0,06-JUL-2020,
OPTSTK,CHOLAFIN,30-Jul-2020,255,PE,0,0,0,119.65,54.7,0,0,0,0,06-JUL-2020,
OPTSTK,CHOLAFIN,30-Jul-2020,260,PE,0,0,0,61.05,59.4,0,0,80000,0,06-JUL-2020,
OPTSTK,CHOLAFIN,27-Aug-2020,75,CE,0,0,0,68.8,126.55,0,0,0,0,06-JUL-2020,
OPTSTK,CHOLAFIN,27-Aug-2020,80,CE,0,0,0,65.5,121.6,0,0,0,0,06-JUL-2020,
OPTSTK,CHOLAFIN,27-Aug-2020,85,CE,0,0,0,62.35,116.6,0,0,0,0,06-JUL-2020,
OPTSTK,CHOLAFIN,27-Aug-2020,90,CE,0,0,0,59.35,111.65,0,0,0,0,06-JUL-2020,
OPTSTK,CHOLAFIN,27-Aug-2020,95,CE,0,0,0,56.5,106.7,0,0,0,0,06-JUL-2020,
OPTSTK,CHOLAFIN,27-Aug-2020,100,CE,0,0,0,53.8,101.75,0,0,0,0,06-JUL-2020,
OPTSTK,CHOLAFIN,27-Aug-2020,105,CE,0,0,0,51.25,96.8,0,0,0,0,06-JUL-2020,
OPTSTK,CHOLAFIN,27-Aug-2020,110,CE,0,0,0,48.8,91.85,0,0,0,0,06-JUL-2020,
OPTSTK,CHOLAFIN,27-Aug-2020,115,CE,0,0,0,46.5,86.95,0,0,0,0,06-JUL-2020,
OPTSTK,CHOLAFIN,27-Aug-2020,120,CE,0,0,0,44.35,82.1,0,0,0,0,06-JUL-2020,
OPTSTK,CHOLAFIN,27-Aug-2020,125,CE,0,0,0,42.25,77.3,0,0,0,0,06-JUL-2020,
OPTSTK,CHOLAFIN,27-Aug-2020,130,CE,0,0,0,40.3,72.55,0,0,0,0,06-JUL-2020,
OPTSTK,CHOLAFIN,27-Aug-2020,135,CE,0,0,0,38.45,67.85,0,0,0,0,06-JUL-2020,
OPTSTK,CHOLAFIN,27-Aug-2020,140,CE,0,0,0,36.65,63.3,0,0,0,0,06-JUL-2020,
OPTSTK,CHOLAFIN,27-Aug-2020,145,CE,0,0,0,35,58.85,0,0,0,0,06-JUL-2020,
OPTSTK,CHOLAFIN,27-Aug-2020,150,CE,0,0,0,33.4,54.55,0,0,0,0,06-JUL-2020,
OPTSTK,CHOLAFIN,27-Aug-2020,155,CE,0,0,0,31.9,50.35,0,0,0,0,06-JUL-2020,
OPTSTK,CHOLAFIN,27-Aug-2020,160,CE,0,0,0,30.45,46.35,0,0,0,0,06-JUL-2020,
OPTSTK,CHOLAFIN,27-Aug-2020,165,CE,0,0,0,29.1,42.55,0,0,0,0,06-JUL-2020,
OPTSTK,CHOLAFIN,27-Aug-2020,170,CE,0,0,0,27.85,38.9,0,0,0,0,06-JUL-2020,
OPTSTK,CHOLAFIN,27-Aug-2020,175,CE,0,0,0,26.6,35.45,0,0,0,0,06-JUL-2020,
OPTSTK,CHOLAFIN,27-Aug-2020,180,CE,0,0,0,25.45,32.2,0,0,0,0,06-JUL-2020,
OPTSTK,CHOLAFIN,27-Aug-2020,185,CE,0,0,0,24.35,29.15,0,0,0,0,06-JUL-2020,
OPTSTK,CHOLAFIN,27-Aug-2020,190,CE,0,0,0,23.3,26.35,0,0,0,0,06-JUL-2020,
OPTSTK,CHOLAFIN,27-Aug-2020,195,CE,0,0,0,22.3,23.7,0,0,0,0,06-JUL-2020,
OPTSTK,CHOLAFIN,27-Aug-2020,200,CE,0,0,0,22.4,21.3,0,0,0,0,06-JUL-2020,
OPTSTK,CHOLAFIN,27-Aug-2020,205,CE,0,0,0,25.15,19.05,0,0,0,0,06-JUL-2020,
OPTSTK,CHOLAFIN,27-Aug-2020,210,CE,0,0,0,22.1,17,0,0,2500,0,06-JUL-2020,
OPTSTK,CHOLAFIN,27-Aug-2020,215,CE,0,0,0,11.3,15.15,0,0,0,0,06-JUL-2020,
OPTSTK,CHOLAFIN,27-Aug-2020,220,CE,0,0,0,10.45,13.45,0,0,0,0,06-JUL-2020,
OPTSTK,CHOLAFIN,27-Aug-2020,225,CE,0,0,0,10.2,11.95,0,0,0,0,06-JUL-2020,
OPTSTK,CHOLAFIN,27-Aug-2020,230,CE,0,0,0,9.35,10.55,0,0,0,0,06-JUL-2020,
OPTSTK,CHOLAFIN,27-Aug-2020,235,CE,0,0,0,11.25,9.3,0,0,0,0,06-JUL-2020,
OPTSTK,CHOLAFIN,27-Aug-2020,240,CE,6.8,6.8,6.8,6.8,6.8,7,43.19,17500,17500,06-JUL-2020,
OPTSTK,CHOLAFIN,27-Aug-2020,75,PE,0,0,0,7.75,0.05,0,0,0,0,06-JUL-2020,
OPTSTK,CHOLAFIN,27-Aug-2020,80,PE,0,0,0,9.4,0.05,0,0,0,0,06-JUL-2020,
OPTSTK,CHOLAFIN,27-Aug-2020,85,PE,0,0,0,11.2,0.05,0,0,0,0,06-JUL-2020,
OPTSTK,CHOLAFIN,27-Aug-2020,90,PE,0,0,0,13.15,0.05,0,0,0,0,06-JUL-2020,
OPTSTK,CHOLAFIN,27-Aug-2020,95,PE,0,0,0,15.25,0.05,0,0,0,0,06-JUL-2020,
OPTSTK,CHOLAFIN,27-Aug-2020,100,PE,0,0,0,17.5,0.05,0,0,0,0,06-JUL-2020,
OPTSTK,CHOLAFIN,27-Aug-2020,105,PE,0,0,0,19.85,0.05,0,0,0,0,06-JUL-2020,
OPTSTK,CHOLAFIN,27-Aug-2020,110,PE,0,0,0,22.4,0.1,0,0,0,0,06-JUL-2020,
OPTSTK,CHOLAFIN,27-Aug-2020,115,PE,0,0,0,25,0.15,0,0,0,0,06-JUL-2020,
OPTSTK,CHOLAFIN,27-Aug-2020,120,PE,0,0,0,27.75,0.3,0,0,0,0,06-JUL-2020,
OPTSTK,CHOLAFIN,27-Aug-2020,125,PE,0,0,0,30.65,0.45,0,0,0,0,06-JUL-2020,
OPTSTK,CHOLAFIN,27-Aug-2020,130,PE,0,0,0,33.6,0.65,0,0,0,0,06-JUL-2020,
OPTSTK,CHOLAFIN,27-Aug-2020,135,PE,0,0,0,36.7,0.95,0,0,0,0,06-JUL-2020,
OPTSTK,CHOLAFIN,27-Aug-2020,140,PE,0,0,0,39.85,1.35,0,0,0,0,06-JUL-2020,
OPTSTK,CHOLAFIN,27-Aug-2020,145,PE,0,0,0,43.15,1.9,0,0,0,0,06-JUL-2020,
OPTSTK,CHOLAFIN,27-Aug-2020,150,PE,0,0,0,46.5,2.55,0,0,0,0,06-JUL-2020,
OPTSTK,CHOLAFIN,27-Aug-2020,155,PE,0,0,0,49.9,3.35,0,0,0,0,06-JUL-2020,
OPTSTK,CHOLAFIN,27-Aug-2020,160,PE,0,0,0,6.5,4.3,0,0,2500,0,06-JUL-2020,
OPTSTK,CHOLAFIN,27-Aug-2020,165,PE,0,0,0,57,5.45,0,0,0,0,06-JUL-2020,
OPTSTK,CHOLAFIN,27-Aug-2020,170,PE,0,0,0,60.65,6.75,0,0,0,0,06-JUL-2020,
OPTSTK,CHOLAFIN,27-Aug-2020,175,PE,0,0,0,64.4,8.3,0,0,0,0,06-JUL-2020,
OPTSTK,CHOLAFIN,27-Aug-2020,180,PE,0,0,0,68.15,10,0,0,0,0,06-JUL-2020,
OPTSTK,CHOLAFIN,27-Aug-2020,185,PE,0,0,0,72,11.95,0,0,0,0,06-JUL-2020,
OPTSTK,CHOLAFIN,27-Aug-2020,190,PE,0,0,0,75.9,14.1,0,0,0,0,06-JUL-2020,
OPTSTK,CHOLAFIN,27-Aug-2020,195,PE,0,0,0,79.85,16.45,0,0,0,0,06-JUL-2020,
OPTSTK,CHOLAFIN,27-Aug-2020,200,PE,22.5,22.5,22.5,22.5,22.5,1,5.56,5000,2500,06-JUL-2020,
OPTSTK,CHOLAFIN,27-Aug-2020,205,PE,0,0,0,75.65,21.7,0,0,0,0,06-JUL-2020,
OPTSTK,CHOLAFIN,27-Aug-2020,210,PE,0,0,0,79.55,24.65,0,0,0,0,06-JUL-2020,
OPTSTK,CHOLAFIN,27-Aug-2020,215,PE,0,0,0,65.95,27.75,0,0,0,0,06-JUL-2020,
OPTSTK,CHOLAFIN,27-Aug-2020,220,PE,0,0,0,70.05,31.05,0,0,0,0,06-JUL-2020,
OPTSTK,CHOLAFIN,27-Aug-2020,225,PE,0,0,0,64.9,34.5,0,0,0,0,06-JUL-2020,
OPTSTK,CHOLAFIN,27-Aug-2020,230,PE,0,0,0,69,38.05,0,0,0,0,06-JUL-2020,
OPTSTK,CHOLAFIN,27-Aug-2020,235,PE,0,0,0,66.15,41.8,0,0,0,0,06-JUL-2020,
OPTSTK,CHOLAFIN,27-Aug-2020,240,PE,0,0,0,70.2,45.65,0,0,0,0,06-JUL-2020,
OPTSTK,CHOLAFIN,24-Sep-2020,135,CE,0,0,0,78.85,69.65,0,0,0,0,06-JUL-2020,
OPTSTK,CHOLAFIN,24-Sep-2020,140,CE,0,0,0,75.05,65.4,0,0,0,0,06-JUL-2020,
OPTSTK,CHOLAFIN,24-Sep-2020,145,CE,0,0,0,71.45,61.25,0,0,0,0,06-JUL-2020,
OPTSTK,CHOLAFIN,24-Sep-2020,150,CE,0,0,0,67.9,57.3,0,0,0,0,06-JUL-2020,
OPTSTK,CHOLAFIN,24-Sep-2020,155,CE,0,0,0,64.55,53.45,0,0,0,0,06-JUL-2020,
OPTSTK,CHOLAFIN,24-Sep-2020,160,CE,0,0,0,61.25,49.75,0,0,0,0,06-JUL-2020,
OPTSTK,CHOLAFIN,24-Sep-2020,165,CE,0,0,0,58.15,46.25,0,0,0,0,06-JUL-2020,
OPTSTK,CHOLAFIN,24-Sep-2020,170,CE,0,0,0,55.15,42.9,0,0,0,0,06-JUL-2020,
OPTSTK,CHOLAFIN,24-Sep-2020,175,CE,0,0,0,52.25,39.75,0,0,0,0,06-JUL-2020,
OPTSTK,CHOLAFIN,24-Sep-2020,180,CE,0,0,0,49.5,36.7,0,0,0,0,06-JUL-2020,
OPTSTK,CHOLAFIN,24-Sep-2020,185,CE,0,0,0,46.9,33.9,0,0,0,0,06-JUL-2020,
OPTSTK,CHOLAFIN,24-Sep-2020,190,CE,0,0,0,44.4,31.2,0,0,0,0,06-JUL-2020,
OPTSTK,CHOLAFIN,24-Sep-2020,195,CE,0,0,0,42,28.7,0,0,0,0,06-JUL-2020,
OPTSTK,CHOLAFIN,24-Sep-2020,200,CE,0,0,0,39.75,26.4,0,0,0,0,06-JUL-2020,
OPTSTK,CHOLAFIN,24-Sep-2020,205,CE,0,0,0,37.6,24.2,0,0,0,0,06-JUL-2020,
OPTSTK,CHOLAFIN,24-Sep-2020,210,CE,0,0,0,35.5,22.15,0,0,0,0,06-JUL-2020,
OPTSTK,CHOLAFIN,24-Sep-2020,215,CE,0,0,0,33.55,20.3,0,0,0,0,06-JUL-2020,
OPTSTK,CHOLAFIN,24-Sep-2020,220,CE,0,0,0,31.7,18.55,0,0,0,0,06-JUL-2020,
OPTSTK,CHOLAFIN,24-Sep-2020,225,CE,0,0,0,29.95,16.9,0,0,0,0,06-JUL-2020,
OPTSTK,CHOLAFIN,24-Sep-2020,230,CE,0,0,0,28.3,15.4,0,0,0,0,06-JUL-2020,
OPTSTK,CHOLAFIN,24-Sep-2020,235,CE,0,0,0,26.7,14.05,0,0,0,0,06-JUL-2020,
OPTSTK,CHOLAFIN,24-Sep-2020,240,CE,0,0,0,25.2,12.75,0,0,0,0,06-JUL-2020,
OPTSTK,CHOLAFIN,24-Sep-2020,135,PE,0,0,0,6.35,2.3,0,0,0,0,06-JUL-2020,
OPTSTK,CHOLAFIN,24-Sep-2020,140,PE,0,0,0,7.5,3,0,0,0,0,06-JUL-2020,
OPTSTK,CHOLAFIN,24-Sep-2020,145,PE,0,0,0,8.8,3.85,0,0,0,0,06-JUL-2020,
OPTSTK,CHOLAFIN,24-Sep-2020,150,PE,0,0,0,10.25,4.8,0,0,0,0,06-JUL-2020,
OPTSTK,CHOLAFIN,24-Sep-2020,155,PE,0,0,0,11.8,5.9,0,0,0,0,06-JUL-2020,
OPTSTK,CHOLAFIN,24-Sep-2020,160,PE,0,0,0,13.45,7.2,0,0,0,0,06-JUL-2020,
OPTSTK,CHOLAFIN,24-Sep-2020,165,PE,0,0,0,15.3,8.6,0,0,0,0,06-JUL-2020,
OPTSTK,CHOLAFIN,24-Sep-2020,170,PE,0,0,0,17.2,10.25,0,0,0,0,06-JUL-2020,
OPTSTK,CHOLAFIN,24-Sep-2020,175,PE,0,0,0,19.3,12,0,0,0,0,06-JUL-2020,
OPTSTK,CHOLAFIN,24-Sep-2020,180,PE,0,0,0,21.5,13.95,0,0,0,0,06-JUL-2020,
OPTSTK,CHOLAFIN,24-Sep-2020,185,PE,0,0,0,23.8,16.05,0,0,0,0,06-JUL-2020,
OPTSTK,CHOLAFIN,24-Sep-2020,190,PE,0,0,0,26.25,18.35,0,0,0,0,06-JUL-2020,
OPTSTK,CHOLAFIN,24-Sep-2020,195,PE,0,0,0,28.8,20.8,0,0,0,0,06-JUL-2020,
OPTSTK,CHOLAFIN,24-Sep-2020,200,PE,0,0,0,31.45,23.4,0,0,0,0,06-JUL-2020,
OPTSTK,CHOLAFIN,24-Sep-2020,205,PE,0,0,0,34.25,26.2,0,0,0,0,06-JUL-2020,
OPTSTK,CHOLAFIN,24-Sep-2020,210,PE,0,0,0,37.15,29.1,0,0,0,0,06-JUL-2020,
OPTSTK,CHOLAFIN,24-Sep-2020,215,PE,0,0,0,40.15,32.2,0,0,0,0,06-JUL-2020,
OPTSTK,CHOLAFIN,24-Sep-2020,220,PE,0,0,0,43.2,35.4,0,0,0,0,06-JUL-2020,
OPTSTK,CHOLAFIN,24-Sep-2020,225,PE,0,0,0,46.4,38.7,0,0,0,0,06-JUL-2020,
OPTSTK,CHOLAFIN,24-Sep-2020,230,PE,0,0,0,49.65,42.2,0,0,0,0,06-JUL-2020,
OPTSTK,CHOLAFIN,24-Sep-2020,235,PE,0,0,0,53.05,45.75,0,0,0,0,06-JUL-2020,
OPTSTK,CHOLAFIN,24-Sep-2020,240,PE,0,0,0,56.5,49.45,0,0,0,0,06-JUL-2020,
OPTSTK,CIPLA,30-Jul-2020,410,CE,0,0,0,196.15,225.75,0,0,0,0,06-JUL-2020,
OPTSTK,CIPLA,30-Jul-2020,420,CE,0,0,0,188.1,215.75,0,0,0,0,06-JUL-2020,
OPTSTK,CIPLA,30-Jul-2020,430,CE,0,0,0,180.25,205.8,0,0,0,0,06-JUL-2020,
OPTSTK,CIPLA,30-Jul-2020,440,CE,0,0,0,172.6,195.85,0,0,0,0,06-JUL-2020,
OPTSTK,CIPLA,30-Jul-2020,450,CE,0,0,0,165.15,185.85,0,0,0,0,06-JUL-2020,
OPTSTK,CIPLA,30-Jul-2020,460,CE,0,0,0,157.9,175.9,0,0,0,0,06-JUL-2020,
OPTSTK,CIPLA,30-Jul-2020,470,CE,0,0,0,150.85,165.9,0,0,0,0,06-JUL-2020,
OPTSTK,CIPLA,30-Jul-2020,480,CE,0,0,0,144,155.95,0,0,0,0,06-JUL-2020,
OPTSTK,CIPLA,30-Jul-2020,490,CE,0,0,0,137.4,145.95,0,0,0,0,06-JUL-2020,
OPTSTK,CIPLA,30-Jul-2020,500,CE,0,0,0,152,136,0,0,1300,0,06-JUL-2020,
OPTSTK,CIPLA,30-Jul-2020,510,CE,0,0,0,124.8,126.05,0,0,0,0,06-JUL-2020,
OPTSTK,CIPLA,30-Jul-2020,520,CE,0,0,0,118.8,116.1,0,0,0,0,06-JUL-2020,
OPTSTK,CIPLA,30-Jul-2020,530,CE,0,0,0,113.1,106.25,0,0,0,0,06-JUL-2020,
OPTSTK,CIPLA,30-Jul-2020,540,CE,0,0,0,107.55,96.4,0,0,0,0,06-JUL-2020,
OPTSTK,CIPLA,30-Jul-2020,550,CE,0,0,0,102.25,86.7,0,0,0,0,06-JUL-2020,
OPTSTK,CIPLA,30-Jul-2020,560,CE,0,0,0,97.1,77.15,0,0,0,0,06-JUL-2020,
OPTSTK,CIPLA,30-Jul-2020,570,CE,0,0,0,92.2,67.9,0,0,0,0,06-JUL-2020,
OPTSTK,CIPLA,30-Jul-2020,580,CE,0,0,0,87.5,58.95,0,0,0,0,06-JUL-2020,
OPTSTK,CIPLA,30-Jul-2020,590,CE,0,0,0,83,50.5,0,0,0,0,06-JUL-2020,
OPTSTK,CIPLA,30-Jul-2020,600,CE,50,50.1,46,48.55,48.55,28,235.64,96200,13000,06-JUL-2020,
OPTSTK,CIPLA,30-Jul-2020,610,CE,0,0,0,38.7,35.35,0,0,9100,0,06-JUL-2020,
OPTSTK,CIPLA,30-Jul-2020,620,CE,39,40,32.8,35.85,35.85,27,230.28,44200,-5200,06-JUL-2020,
OPTSTK,CIPLA,30-Jul-2020,630,CE,35.35,35.35,27.7,30.35,30.35,171,1466.41,106600,14300,06-JUL-2020,
OPTSTK,CIPLA,30-Jul-2020,640,CE,29.05,29.95,23.5,25.6,25.6,410,3548.57,413400,33800,06-JUL-2020,
OPTSTK,CIPLA,30-Jul-2020,650,CE,25.95,26.15,19.7,21.7,21.7,585,5108.45,566800,-15600,06-JUL-2020,
OPTSTK,CIPLA,30-Jul-2020,660,CE,21.85,21.85,16.5,18.2,18.2,432,3809.54,390000,11700,06-JUL-2020,
OPTSTK,CIPLA,30-Jul-2020,670,CE,17.55,18.15,13.7,15.2,15.2,221,1968.74,266500,-6500,06-JUL-2020,
OPTSTK,CIPLA,30-Jul-2020,680,CE,15.1,15.1,11.3,12.65,12.65,206,1854.95,552500,-6500,06-JUL-2020,
OPTSTK,CIPLA,30-Jul-2020,690,CE,11.3,11.3,9.6,10.65,10.65,76,691.87,123500,-7800,06-JUL-2020,
OPTSTK,CIPLA,30-Jul-2020,700,CE,11.5,11.5,7.55,8.9,8.9,451,4155.56,1086800,-63700,06-JUL-2020,
OPTSTK,CIPLA,30-Jul-2020,710,CE,7,7.65,6.5,7.2,1.95,11,102.58,83200,2600,06-JUL-2020,
OPTSTK,CIPLA,30-Jul-2020,720,CE,8.2,8.2,5.6,6.6,6.6,80,755.37,230100,-1300,06-JUL-2020,
OPTSTK,CIPLA,30-Jul-2020,730,CE,5.6,5.75,4.7,5.7,0.85,42,401.44,179400,13000,06-JUL-2020,
OPTSTK,CIPLA,30-Jul-2020,740,CE,5,5,4,4.85,4.85,40,387.23,106600,-2600,06-JUL-2020,
OPTSTK,CIPLA,30-Jul-2020,750,CE,4.25,4.55,3.4,3.95,3.95,191,1871.98,445900,-6500,06-JUL-2020,
OPTSTK,CIPLA,30-Jul-2020,760,CE,3.05,3.5,2.5,3.5,3.5,30,297.64,98800,-1300,06-JUL-2020,
OPTSTK,CIPLA,30-Jul-2020,770,CE,4,4,4,4,0.15,1,10.06,7800,0,06-JUL-2020,
OPTSTK,CIPLA,30-Jul-2020,780,CE,3.1,3.1,2.05,2.5,2.5,56,569.6,309400,6500,06-JUL-2020,
OPTSTK,CIPLA,30-Jul-2020,790,CE,2.55,2.7,1.8,2.3,2.3,58,597.29,191100,14300,06-JUL-2020,
OPTSTK,CIPLA,30-Jul-2020,410,PE,0,0,0,11.35,0.05,0,0,0,0,06-JUL-2020,
OPTSTK,CIPLA,30-Jul-2020,420,PE,0,0,0,13.15,0.05,0,0,0,0,06-JUL-2020,
OPTSTK,CIPLA,30-Jul-2020,430,PE,0,0,0,15.2,0.05,0,0,0,0,06-JUL-2020,
OPTSTK,CIPLA,30-Jul-2020,440,PE,0,0,0,17.4,0.05,0,0,0,0,06-JUL-2020,
OPTSTK,CIPLA,30-Jul-2020,450,PE,0,0,0,1,0.05,0,0,1300,0,06-JUL-2020,
OPTSTK,CIPLA,30-Jul-2020,460,PE,0,0,0,22.45,0.05,0,0,0,0,06-JUL-2020,
OPTSTK,CIPLA,30-Jul-2020,470,PE,0,0,0,25.3,0.05,0,0,0,0,06-JUL-2020,
OPTSTK,CIPLA,30-Jul-2020,480,PE,0,0,0,0.25,0.05,0,0,1300,0,06-JUL-2020,
OPTSTK,CIPLA,30-Jul-2020,490,PE,0,0,0,31.6,0.05,0,0,0,0,06-JUL-2020,
OPTSTK,CIPLA,30-Jul-2020,500,PE,0.8,0.8,0.75,0.75,0.05,2,13.02,50700,2600,06-JUL-2020,
OPTSTK,CIPLA,30-Jul-2020,510,PE,0,0,0,38.7,0.05,0,0,0,0,06-JUL-2020,
OPTSTK,CIPLA,30-Jul-2020,520,PE,0,0,0,42.65,0.05,0,0,0,0,06-JUL-2020,
OPTSTK,CIPLA,30-Jul-2020,530,PE,0,0,0,2.35,0.15,0,0,20800,0,06-JUL-2020,
OPTSTK,CIPLA,30-Jul-2020,540,PE,0,0,0,2.35,0.3,0,0,72800,0,06-JUL-2020,
OPTSTK,CIPLA,30-Jul-2020,550,PE,2.6,3.75,2.55,2.85,2.85,44,316.23,163800,1300,06-JUL-2020,
OPTSTK,CIPLA,30-Jul-2020,560,PE,4,4,4,4,1,2,14.66,14300,0,06-JUL-2020,
OPTSTK,CIPLA,30-Jul-2020,570,PE,5,5.4,5,5.4,1.7,7,52.33,55900,-6500,06-JUL-2020,
OPTSTK,CIPLA,30-Jul-2020,580,PE,6.3,7.6,5.8,6.8,6.8,80,610.24,218400,-22100,06-JUL-2020,
OPTSTK,CIPLA,30-Jul-2020,590,PE,8.8,10.6,8,9,9,18,140.22,63700,5200,06-JUL-2020,
OPTSTK,CIPLA,30-Jul-2020,600,PE,11.2,13.65,10.4,11.85,11.85,213,1694.45,371800,3900,06-JUL-2020,
OPTSTK,CIPLA,30-Jul-2020,610,PE,13.8,17.35,13.7,15.05,15.05,78,634.08,72800,-5200,06-JUL-2020,
OPTSTK,CIPLA,30-Jul-2020,620,PE,18,21.8,17.05,19.1,19.1,368,3060.37,237900,-5200,06-JUL-2020,
OPTSTK,CIPLA,30-Jul-2020,630,PE,22.8,26.85,21.2,23.7,23.7,237,2015.9,158600,18200,06-JUL-2020,
OPTSTK,CIPLA,30-Jul-2020,640,PE,27.3,32.5,25.9,28.85,28.85,104,904.93,182000,-1300,06-JUL-2020,
OPTSTK,CIPLA,30-Jul-2020,650,PE,32.95,38,31.95,34.6,34.6,47,418.45,148200,2600,06-JUL-2020,
OPTSTK,CIPLA,30-Jul-2020,660,PE,39.4,43.25,39.15,43.25,34.1,8,73.02,54600,6500,06-JUL-2020,
OPTSTK,CIPLA,30-Jul-2020,670,PE,0,0,0,58.8,41.35,0,0,13000,0,06-JUL-2020,
OPTSTK,CIPLA,30-Jul-2020,680,PE,0,0,0,55.35,49.2,0,0,9100,0,06-JUL-2020,
OPTSTK,CIPLA,30-Jul-2020,690,PE,0,0,0,139.45,57.5,0,0,0,0,06-JUL-2020,
OPTSTK,CIPLA,30-Jul-2020,700,PE,69.3,69.3,69.3,69.3,66.25,1,10,2600,-1300,06-JUL-2020,
OPTSTK,CIPLA,30-Jul-2020,710,PE,0,0,0,154.05,75.35,0,0,0,0,06-JUL-2020,
OPTSTK,CIPLA,30-Jul-2020,720,PE,0,0,0,161.55,84.7,0,0,0,0,06-JUL-2020,
OPTSTK,CIPLA,30-Jul-2020,730,PE,0,0,0,169.15,94.2,0,0,0,0,06-JUL-2020,
OPTSTK,CIPLA,30-Jul-2020,740,PE,0,0,0,176.85,103.9,0,0,0,0,06-JUL-2020,
OPTSTK,CIPLA,30-Jul-2020,750,PE,0,0,0,184.7,113.65,0,0,0,0,06-JUL-2020,
OPTSTK,CIPLA,30-Jul-2020,760,PE,0,0,0,192.65,123.5,0,0,0,0,06-JUL-2020,
OPTSTK,CIPLA,30-Jul-2020,770,PE,0,0,0,200.7,133.4,0,0,0,0,06-JUL-2020,
OPTSTK,CIPLA,30-Jul-2020,780,PE,0,0,0,192.7,143.3,0,0,0,0,06-JUL-2020,
OPTSTK,CIPLA,30-Jul-2020,790,PE,0,0,0,145,153.25,0,0,23400,0,06-JUL-2020,
OPTSTK,CIPLA,27-Aug-2020,410,CE,0,0,0,226.6,227.1,0,0,0,0,06-JUL-2020,
OPTSTK,CIPLA,27-Aug-2020,420,CE,0,0,0,217.5,217.15,0,0,0,0,06-JUL-2020,
OPTSTK,CIPLA,27-Aug-2020,430,CE,0,0,0,208.5,207.2,0,0,0,0,06-JUL-2020,
OPTSTK,CIPLA,27-Aug-2020,440,CE,0,0,0,199.7,197.25,0,0,0,0,06-JUL-2020,
OPTSTK,CIPLA,27-Aug-2020,450,CE,0,0,0,191,187.35,0,0,0,0,06-JUL-2020,
OPTSTK,CIPLA,27-Aug-2020,460,CE,0,0,0,182.55,177.4,0,0,0,0,06-JUL-2020,
OPTSTK,CIPLA,27-Aug-2020,470,CE,0,0,0,174.2,167.5,0,0,0,0,06-JUL-2020,
OPTSTK,CIPLA,27-Aug-2020,480,CE,0,0,0,166.1,157.65,0,0,0,0,06-JUL-2020,
OPTSTK,CIPLA,27-Aug-2020,490,CE,0,0,0,158.15,147.8,0,0,0,0,06-JUL-2020,
OPTSTK,CIPLA,27-Aug-2020,500,CE,0,0,0,150.45,138,0,0,0,0,06-JUL-2020,
OPTSTK,CIPLA,27-Aug-2020,510,CE,0,0,0,142.95,128.3,0,0,0,0,06-JUL-2020,
OPTSTK,CIPLA,27-Aug-2020,520,CE,0,0,0,135.7,118.75,0,0,0,0,06-JUL-2020,
OPTSTK,CIPLA,27-Aug-2020,530,CE,0,0,0,128.65,109.3,0,0,0,0,06-JUL-2020,
OPTSTK,CIPLA,27-Aug-2020,540,CE,0,0,0,121.85,100.05,0,0,0,0,06-JUL-2020,
OPTSTK,CIPLA,27-Aug-2020,550,CE,0,0,0,115.25,91.05,0,0,0,0,06-JUL-2020,
OPTSTK,CIPLA,27-Aug-2020,560,CE,0,0,0,108.9,82.35,0,0,0,0,06-JUL-2020,
OPTSTK,CIPLA,27-Aug-2020,570,CE,0,0,0,83.55,73.95,0,0,1300,0,06-JUL-2020,
OPTSTK,CIPLA,27-Aug-2020,580,CE,0,0,0,97,66,0,0,0,0,06-JUL-2020,
OPTSTK,CIPLA,27-Aug-2020,590,CE,0,0,0,91.4,58.45,0,0,0,0,06-JUL-2020,
OPTSTK,CIPLA,27-Aug-2020,600,CE,0,0,0,86.05,51.4,0,0,0,0,06-JUL-2020,
OPTSTK,CIPLA,27-Aug-2020,610,CE,0,0,0,80.95,44.85,0,0,0,0,06-JUL-2020,
OPTSTK,CIPLA,27-Aug-2020,620,CE,0,0,0,76.05,38.85,0,0,0,0,06-JUL-2020,
OPTSTK,CIPLA,27-Aug-2020,630,CE,41.5,41.5,41.5,41.5,33.35,1,8.72,1300,1300,06-JUL-2020,
OPTSTK,CIPLA,27-Aug-2020,640,CE,0,0,0,67,28.45,0,0,0,0,06-JUL-2020,
OPTSTK,CIPLA,27-Aug-2020,650,CE,0,0,0,40.35,24.05,0,0,1300,0,06-JUL-2020,
OPTSTK,CIPLA,27-Aug-2020,660,CE,0,0,0,32.4,20.15,0,0,10400,0,06-JUL-2020,
OPTSTK,CIPLA,27-Aug-2020,670,CE,27,27,27,27,16.8,1,9.06,1300,-1300,06-JUL-2020,
OPTSTK,CIPLA,27-Aug-2020,680,CE,0,0,0,19.75,13.85,0,0,1300,0,06-JUL-2020,
OPTSTK,CIPLA,27-Aug-2020,690,CE,0,0,0,48.05,11.35,0,0,0,0,06-JUL-2020,
OPTSTK,CIPLA,27-Aug-2020,700,CE,0,0,0,18,9.25,0,0,1300,0,06-JUL-2020,
OPTSTK,CIPLA,27-Aug-2020,710,CE,0,0,0,41.85,7.45,0,0,0,0,06-JUL-2020,
OPTSTK,CIPLA,27-Aug-2020,720,CE,0,0,0,39.05,5.95,0,0,0,0,06-JUL-2020,
OPTSTK,CIPLA,27-Aug-2020,730,CE,0,0,0,36.35,4.75,0,0,0,0,06-JUL-2020,
OPTSTK,CIPLA,27-Aug-2020,740,CE,0,0,0,33.9,3.75,0,0,0,0,06-JUL-2020,
OPTSTK,CIPLA,27-Aug-2020,750,CE,0,0,0,31.55,2.9,0,0,0,0,06-JUL-2020,
OPTSTK,CIPLA,27-Aug-2020,760,CE,0,0,0,29.35,2.25,0,0,0,0,06-JUL-2020,
OPTSTK,CIPLA,27-Aug-2020,770,CE,0,0,0,27.3,1.75,0,0,0,0,06-JUL-2020,
OPTSTK,CIPLA,27-Aug-2020,780,CE,0,0,0,25.35,1.35,0,0,0,0,06-JUL-2020,
OPTSTK,CIPLA,27-Aug-2020,790,CE,0,0,0,5.3,1.05,0,0,1300,0,06-JUL-2020,
OPTSTK,CIPLA,27-Aug-2020,410,PE,0,0,0,3.25,0.05,0,0,0,0,06-JUL-2020,
OPTSTK,CIPLA,27-Aug-2020,420,PE,0,0,0,4.05,0.05,0,0,0,0,06-JUL-2020,
OPTSTK,CIPLA,27-Aug-2020,430,PE,0,0,0,4.95,0.05,0,0,0,0,06-JUL-2020,
OPTSTK,CIPLA,27-Aug-2020,440,PE,0,0,0,6,0.05,0,0,0,0,06-JUL-2020,
OPTSTK,CIPLA,27-Aug-2020,450,PE,0,0,0,7.2,0.05,0,0,0,0,06-JUL-2020,
OPTSTK,CIPLA,27-Aug-2020,460,PE,0,0,0,8.6,0.05,0,0,0,0,06-JUL-2020,
OPTSTK,CIPLA,27-Aug-2020,470,PE,0,0,0,10.15,0.1,0,0,0,0,06-JUL-2020,
OPTSTK,CIPLA,27-Aug-2020,480,PE,0,0,0,11.9,0.15,0,0,0,0,06-JUL-2020,
OPTSTK,CIPLA,27-Aug-2020,490,PE,0,0,0,13.85,0.25,0,0,0,0,06-JUL-2020,
OPTSTK,CIPLA,27-Aug-2020,500,PE,0,0,0,16.05,0.4,0,0,0,0,06-JUL-2020,
OPTSTK,CIPLA,27-Aug-2020,510,PE,0,0,0,18.4,0.65,0,0,0,0,06-JUL-2020,
OPTSTK,CIPLA,27-Aug-2020,520,PE,0,0,0,21.05,1,0,0,0,0,06-JUL-2020,
OPTSTK,CIPLA,27-Aug-2020,530,PE,0,0,0,23.85,1.5,0,0,0,0,06-JUL-2020,
OPTSTK,CIPLA,27-Aug-2020,540,PE,0,0,0,26.95,2.2,0,0,0,0,06-JUL-2020,
OPTSTK,CIPLA,27-Aug-2020,550,PE,0,0,0,30.25,3.15,0,0,0,0,06-JUL-2020,
OPTSTK,CIPLA,27-Aug-2020,560,PE,0,0,0,33.75,4.35,0,0,0,0,06-JUL-2020,
OPTSTK,CIPLA,27-Aug-2020,570,PE,0,0,0,37.55,5.95,0,0,0,0,06-JUL-2020,
OPTSTK,CIPLA,27-Aug-2020,580,PE,0,0,0,41.6,7.9,0,0,0,0,06-JUL-2020,
OPTSTK,CIPLA,27-Aug-2020,590,PE,0,0,0,45.9,10.3,0,0,0,0,06-JUL-2020,
OPTSTK,CIPLA,27-Aug-2020,600,PE,0,0,0,50.4,13.2,0,0,0,0,06-JUL-2020,
OPTSTK,CIPLA,27-Aug-2020,610,PE,0,0,0,55.2,16.6,0,0,0,0,06-JUL-2020,
OPTSTK,CIPLA,27-Aug-2020,620,PE,0,0,0,30.7,20.5,0,0,1300,0,06-JUL-2020,
OPTSTK,CIPLA,27-Aug-2020,630,PE,0,0,0,65.4,24.95,0,0,0,0,06-JUL-2020,
OPTSTK,CIPLA,27-Aug-2020,640,PE,0,0,0,70.85,30,0,0,0,0,06-JUL-2020,
OPTSTK,CIPLA,27-Aug-2020,650,PE,0,0,0,76.55,35.5,0,0,0,0,06-JUL-2020,
OPTSTK,CIPLA,27-Aug-2020,660,PE,0,0,0,53,41.6,0,0,6500,0,06-JUL-2020,
OPTSTK,CIPLA,27-Aug-2020,670,PE,0,0,0,88.55,48.15,0,0,0,0,06-JUL-2020,
OPTSTK,CIPLA,27-Aug-2020,680,PE,0,0,0,94.85,55.15,0,0,0,0,06-JUL-2020,
OPTSTK,CIPLA,27-Aug-2020,690,PE,0,0,0,101.35,62.6,0,0,0,0,06-JUL-2020,
OPTSTK,CIPLA,27-Aug-2020,700,PE,0,0,0,108,70.4,0,0,0,0,06-JUL-2020,
OPTSTK,CIPLA,27-Aug-2020,710,PE,0,0,0,114.9,78.55,0,0,0,0,06-JUL-2020,
OPTSTK,CIPLA,27-Aug-2020,720,PE,0,0,0,121.95,87,0,0,0,0,06-JUL-2020,
OPTSTK,CIPLA,27-Aug-2020,730,PE,0,0,0,129.15,95.75,0,0,0,0,06-JUL-2020,
OPTSTK,CIPLA,27-Aug-2020,740,PE,0,0,0,136.55,104.65,0,0,0,0,06-JUL-2020,
OPTSTK,CIPLA,27-Aug-2020,750,PE,0,0,0,144.1,113.8,0,0,0,0,06-JUL-2020,
OPTSTK,CIPLA,27-Aug-2020,760,PE,0,0,0,151.75,123.1,0,0,0,0,06-JUL-2020,
OPTSTK,CIPLA,27-Aug-2020,770,PE,0,0,0,159.6,132.5,0,0,0,0,06-JUL-2020,
OPTSTK,CIPLA,27-Aug-2020,780,PE,0,0,0,167.55,142.05,0,0,0,0,06-JUL-2020,
OPTSTK,CIPLA,27-Aug-2020,790,PE,0,0,0,175.6,151.65,0,0,0,0,06-JUL-2020,
OPTSTK,CIPLA,24-Sep-2020,410,CE,0,0,0,230.55,228.4,0,0,0,0,06-JUL-2020,
OPTSTK,CIPLA,24-Sep-2020,420,CE,0,0,0,221,218.55,0,0,0,0,06-JUL-2020,
OPTSTK,CIPLA,24-Sep-2020,430,CE,0,0,0,211.5,208.65,0,0,0,0,06-JUL-2020,
OPTSTK,CIPLA,24-Sep-2020,440,CE,0,0,0,202.1,198.8,0,0,0,0,06-JUL-2020,
OPTSTK,CIPLA,24-Sep-2020,450,CE,0,0,0,192.85,188.95,0,0,0,0,06-JUL-2020,
OPTSTK,CIPLA,24-Sep-2020,460,CE,0,0,0,183.7,179.15,0,0,0,0,06-JUL-2020,
OPTSTK,CIPLA,24-Sep-2020,470,CE,0,0,0,174.7,169.4,0,0,0,0,06-JUL-2020,
OPTSTK,CIPLA,24-Sep-2020,480,CE,0,0,0,165.85,159.7,0,0,0,0,06-JUL-2020,
OPTSTK,CIPLA,24-Sep-2020,490,CE,0,0,0,157.2,150.1,0,0,0,0,06-JUL-2020,
OPTSTK,CIPLA,24-Sep-2020,500,CE,0,0,0,148.7,140.6,0,0,0,0,06-JUL-2020,
OPTSTK,CIPLA,24-Sep-2020,510,CE,0,0,0,140.45,131.25,0,0,0,0,06-JUL-2020,
OPTSTK,CIPLA,24-Sep-2020,520,CE,0,0,0,132.45,122.05,0,0,0,0,06-JUL-2020,
OPTSTK,CIPLA,24-Sep-2020,530,CE,0,0,0,124.65,113.05,0,0,0,0,06-JUL-2020,
OPTSTK,CIPLA,24-Sep-2020,540,CE,0,0,0,117.1,104.35,0,0,0,0,06-JUL-2020,
OPTSTK,CIPLA,24-Sep-2020,550,CE,0,0,0,109.85,95.85,0,0,0,0,06-JUL-2020,
OPTSTK,CIPLA,24-Sep-2020,560,CE,0,0,0,102.85,87.7,0,0,0,0,06-JUL-2020,
OPTSTK,CIPLA,24-Sep-2020,570,CE,0,0,0,96.1,79.85,0,0,0,0,06-JUL-2020,
OPTSTK,CIPLA,24-Sep-2020,580,CE,0,0,0,89.65,72.4,0,0,0,0,06-JUL-2020,
OPTSTK,CIPLA,24-Sep-2020,590,CE,0,0,0,83.5,65.35,0,0,0,0,06-JUL-2020,
OPTSTK,CIPLA,24-Sep-2020,600,CE,0,0,0,77.65,58.7,0,0,0,0,06-JUL-2020,
OPTSTK,CIPLA,24-Sep-2020,610,CE,0,0,0,72.05,52.45,0,0,0,0,06-JUL-2020,
OPTSTK,CIPLA,24-Sep-2020,620,CE,0,0,0,66.8,46.7,0,0,0,0,06-JUL-2020,
OPTSTK,CIPLA,24-Sep-2020,630,CE,0,0,0,61.8,41.35,0,0,0,0,06-JUL-2020,
OPTSTK,CIPLA,24-Sep-2020,640,CE,0,0,0,57.1,36.4,0,0,0,0,06-JUL-2020,
OPTSTK,CIPLA,24-Sep-2020,650,CE,0,0,0,52.65,31.95,0,0,0,0,06-JUL-2020,
OPTSTK,CIPLA,24-Sep-2020,660,CE,0,0,0,48.5,27.9,0,0,0,0,06-JUL-2020,
OPTSTK,CIPLA,24-Sep-2020,670,CE,0,0,0,44.6,24.2,0,0,0,0,06-JUL-2020,
OPTSTK,CIPLA,24-Sep-2020,680,CE,0,0,0,40.95,20.95,0,0,0,0,06-JUL-2020,
OPTSTK,CIPLA,24-Sep-2020,690,CE,0,0,0,37.55,18,0,0,0,0,06-JUL-2020,
OPTSTK,CIPLA,24-Sep-2020,700,CE,0,0,0,34.35,15.45,0,0,0,0,06-JUL-2020,
OPTSTK,CIPLA,24-Sep-2020,710,CE,0,0,0,31.45,13.15,0,0,0,0,06-JUL-2020,
OPTSTK,CIPLA,24-Sep-2020,720,CE,0,0,0,28.7,11.2,0,0,0,0,06-JUL-2020,
OPTSTK,CIPLA,24-Sep-2020,730,CE,0,0,0,26.2,9.45,0,0,0,0,06-JUL-2020,
OPTSTK,CIPLA,24-Sep-2020,740,CE,0,0,0,23.9,7.95,0,0,0,0,06-JUL-2020,
OPTSTK,CIPLA,24-Sep-2020,750,CE,0,0,0,21.75,6.7,0,0,0,0,06-JUL-2020,
OPTSTK,CIPLA,24-Sep-2020,760,CE,0,0,0,19.75,5.6,0,0,0,0,06-JUL-2020,
OPTSTK,CIPLA,24-Sep-2020,770,CE,0,0,0,17.9,4.65,0,0,0,0,06-JUL-2020,
OPTSTK,CIPLA,24-Sep-2020,780,CE,0,0,0,16.25,3.85,0,0,0,0,06-JUL-2020,
OPTSTK,CIPLA,24-Sep-2020,790,CE,0,0,0,14.7,3.2,0,0,0,0,06-JUL-2020,
OPTSTK,CIPLA,24-Sep-2020,410,PE,0,0,0,0.9,0.05,0,0,0,0,06-JUL-2020,
OPTSTK,CIPLA,24-Sep-2020,420,PE,0,0,0,1.2,0.05,0,0,0,0,06-JUL-2020,
OPTSTK,CIPLA,24-Sep-2020,430,PE,0,0,0,1.6,0.05,0,0,0,0,06-JUL-2020,
OPTSTK,CIPLA,24-Sep-2020,440,PE,0,0,0,2.1,0.1,0,0,0,0,06-JUL-2020,
OPTSTK,CIPLA,24-Sep-2020,450,PE,0,0,0,2.7,0.15,0,0,0,0,06-JUL-2020,
OPTSTK,CIPLA,24-Sep-2020,460,PE,0,0,0,3.45,0.25,0,0,0,0,06-JUL-2020,
OPTSTK,CIPLA,24-Sep-2020,470,PE,0,0,0,4.35,0.4,0,0,0,0,06-JUL-2020,
OPTSTK,CIPLA,24-Sep-2020,480,PE,0,0,0,5.4,0.65,0,0,0,0,06-JUL-2020,
OPTSTK,CIPLA,24-Sep-2020,490,PE,0,0,0,6.6,0.95,0,0,0,0,06-JUL-2020,
OPTSTK,CIPLA,24-Sep-2020,500,PE,0,0,0,8,1.35,0,0,0,0,06-JUL-2020,
OPTSTK,CIPLA,24-Sep-2020,510,PE,0,0,0,9.65,1.9,0,0,0,0,06-JUL-2020,
OPTSTK,CIPLA,24-Sep-2020,520,PE,0,0,0,11.5,2.65,0,0,0,0,06-JUL-2020,
OPTSTK,CIPLA,24-Sep-2020,530,PE,0,0,0,13.6,3.55,0,0,0,0,06-JUL-2020,
OPTSTK,CIPLA,24-Sep-2020,540,PE,0,0,0,15.95,4.7,0,0,0,0,06-JUL-2020,
OPTSTK,CIPLA,24-Sep-2020,550,PE,0,0,0,18.55,6.15,0,0,0,0,06-JUL-2020,
OPTSTK,CIPLA,24-Sep-2020,560,PE,0,0,0,21.45,7.9,0,0,0,0,06-JUL-2020,
OPTSTK,CIPLA,24-Sep-2020,570,PE,0,0,0,24.6,10,0,0,0,0,06-JUL-2020,
OPTSTK,CIPLA,24-Sep-2020,580,PE,0,0,0,28,12.45,0,0,0,0,06-JUL-2020,
OPTSTK,CIPLA,24-Sep-2020,590,PE,0,0,0,31.75,15.3,0,0,0,0,06-JUL-2020,
OPTSTK,CIPLA,24-Sep-2020,600,PE,0,0,0,35.8,18.55,0,0,0,0,06-JUL-2020,
OPTSTK,CIPLA,24-Sep-2020,610,PE,0,0,0,40.1,22.2,0,0,0,0,06-JUL-2020,
OPTSTK,CIPLA,24-Sep-2020,620,PE,0,0,0,44.7,26.35,0,0,0,0,06-JUL-2020,
OPTSTK,CIPLA,24-Sep-2020,630,PE,0,0,0,49.6,30.9,0,0,0,0,06-JUL-2020,
OPTSTK,CIPLA,24-Sep-2020,640,PE,0,0,0,54.75,35.9,0,0,0,0,06-JUL-2020,
OPTSTK,CIPLA,24-Sep-2020,650,PE,0,0,0,60.2,41.3,0,0,0,0,06-JUL-2020,
OPTSTK,CIPLA,24-Sep-2020,660,PE,0,0,0,65.95,47.15,0,0,0,0,06-JUL-2020,
OPTSTK,CIPLA,24-Sep-2020,670,PE,0,0,0,71.9,53.4,0,0,0,0,06-JUL-2020,
OPTSTK,CIPLA,24-Sep-2020,680,PE,0,0,0,78.15,60.05,0,0,0,0,06-JUL-2020,
OPTSTK,CIPLA,24-Sep-2020,690,PE,0,0,0,84.65,67.05,0,0,0,0,06-JUL-2020,
OPTSTK,CIPLA,24-Sep-2020,700,PE,0,0,0,91.35,74.35,0,0,0,0,06-JUL-2020,
OPTSTK,CIPLA,24-Sep-2020,710,PE,0,0,0,98.3,82,0,0,0,0,06-JUL-2020,
OPTSTK,CIPLA,24-Sep-2020,720,PE,0,0,0,105.45,89.9,0,0,0,0,06-JUL-2020,
OPTSTK,CIPLA,24-Sep-2020,730,PE,0,0,0,112.85,98.1,0,0,0,0,06-JUL-2020,
OPTSTK,CIPLA,24-Sep-2020,740,PE,0,0,0,120.4,106.5,0,0,0,0,06-JUL-2020,
OPTSTK,CIPLA,24-Sep-2020,750,PE,0,0,0,128.15,115.15,0,0,0,0,06-JUL-2020,
OPTSTK,CIPLA,24-Sep-2020,760,PE,0,0,0,136.05,123.95,0,0,0,0,06-JUL-2020,
OPTSTK,CIPLA,24-Sep-2020,770,PE,0,0,0,144.1,132.9,0,0,0,0,06-JUL-2020,
OPTSTK,CIPLA,24-Sep-2020,780,PE,0,0,0,152.3,142,0,0,0,0,06-JUL-2020,
OPTSTK,CIPLA,24-Sep-2020,790,PE,0,0,0,160.65,151.25,0,0,0,0,06-JUL-2020,
OPTSTK,COALINDIA,30-Jul-2020,85,CE,0,0,0,65,51.1,0,0,0,0,06-JUL-2020,
OPTSTK,COALINDIA,30-Jul-2020,87.5,CE,0,0,0,47.35,48.6,0,0,0,0,06-JUL-2020,
OPTSTK,COALINDIA,30-Jul-2020,90,CE,0,0,0,60.3,46.1,0,0,0,0,06-JUL-2020,
OPTSTK,COALINDIA,30-Jul-2020,92.5,CE,0,0,0,42.6,43.6,0,0,0,0,06-JUL-2020,
OPTSTK,COALINDIA,30-Jul-2020,95,CE,0,0,0,55.75,41.1,0,0,0,0,06-JUL-2020,
OPTSTK,COALINDIA,30-Jul-2020,97.5,CE,0,0,0,38,38.6,0,0,0,0,06-JUL-2020,
OPTSTK,COALINDIA,30-Jul-2020,100,CE,0,0,0,51.3,36.15,0,0,0,0,06-JUL-2020,
OPTSTK,COALINDIA,30-Jul-2020,102.5,CE,0,0,0,33.55,33.65,0,0,0,0,06-JUL-2020,
OPTSTK,COALINDIA,30-Jul-2020,105,CE,0,0,0,47.05,31.15,0,0,0,0,06-JUL-2020,
OPTSTK,COALINDIA,30-Jul-2020,107.5,CE,0,0,0,29.35,28.7,0,0,0,0,06-JUL-2020,
OPTSTK,COALINDIA,30-Jul-2020,110,CE,0,0,0,26.5,26.2,0,0,3700,0,06-JUL-2020,
OPTSTK,COALINDIA,30-Jul-2020,112.5,CE,0,0,0,25.4,23.8,0,0,0,0,06-JUL-2020,
OPTSTK,COALINDIA,30-Jul-2020,115,CE,0,0,0,39.05,21.4,0,0,0,0,06-JUL-2020,
OPTSTK,COALINDIA,30-Jul-2020,117.5,CE,0,0,0,21.75,19.05,0,0,0,0,06-JUL-2020,
OPTSTK,COALINDIA,30-Jul-2020,120,CE,17.3,17.55,17.15,17.35,16.8,5,25.4,44400,-11100,06-JUL-2020,
OPTSTK,COALINDIA,30-Jul-2020,122.5,CE,0,0,0,18.45,14.6,0,0,0,0,06-JUL-2020,
OPTSTK,COALINDIA,30-Jul-2020,125,CE,13,13.1,12.75,13.1,12.55,3,15.31,25900,3700,06-JUL-2020,
OPTSTK,COALINDIA,30-Jul-2020,127.5,CE,0,0,0,15.5,10.65,0,0,0,0,06-JUL-2020,
OPTSTK,COALINDIA,30-Jul-2020,130,CE,9.55,10.35,9,9.1,9.1,28,144.46,173900,3700,06-JUL-2020,
OPTSTK,COALINDIA,30-Jul-2020,132.5,CE,8.1,8.6,7.45,7.45,7.35,9,46.79,70300,3700,06-JUL-2020,
OPTSTK,COALINDIA,30-Jul-2020,135,CE,6.95,7.25,6.05,6.25,6.25,342,1791.12,791800,-40700,06-JUL-2020,
OPTSTK,COALINDIA,30-Jul-2020,137.5,CE,5.7,5.95,4.95,5.1,5.1,137,724.16,321900,3700,06-JUL-2020,
OPTSTK,COALINDIA,30-Jul-2020,140,CE,4.7,4.95,3.95,4.1,4.1,814,4348.27,1835200,77700,06-JUL-2020,
OPTSTK,COALINDIA,30-Jul-2020,142.5,CE,2.85,4,2.85,3.35,3.35,89,480.57,247900,44400,06-JUL-2020,
OPTSTK,COALINDIA,30-Jul-2020,145,CE,2.9,3.2,2.6,2.7,2.7,404,2210,1727900,181300,06-JUL-2020,
OPTSTK,COALINDIA,30-Jul-2020,147.5,CE,2.3,2.5,2.05,2.15,2.15,51,282.6,148000,-22200,06-JUL-2020,
OPTSTK,COALINDIA,30-Jul-2020,150,CE,1.95,2.1,1.7,1.8,1.8,374,2101.4,2719500,229400,06-JUL-2020,
OPTSTK,COALINDIA,30-Jul-2020,152.5,CE,1.5,1.5,1.4,1.4,0.9,6,34.16,188700,3700,06-JUL-2020,
OPTSTK,COALINDIA,30-Jul-2020,155,CE,1.2,1.3,1.05,1.15,1.15,83,479.53,680800,29600,06-JUL-2020,
OPTSTK,COALINDIA,30-Jul-2020,157.5,CE,0,0,0,4.5,0.45,0,0,0,0,06-JUL-2020,
OPTSTK,COALINDIA,30-Jul-2020,160,CE,0.8,0.9,0.75,0.8,0.8,290,1725.52,2205200,166500,06-JUL-2020,
OPTSTK,COALINDIA,30-Jul-2020,162.5,CE,0.55,0.55,0.55,0.55,0.2,1,6.03,111000,3700,06-JUL-2020,
OPTSTK,COALINDIA,30-Jul-2020,165,CE,0.55,0.6,0.55,0.6,0.15,54,330.82,299700,129500,06-JUL-2020,
OPTSTK,COALINDIA,30-Jul-2020,167.5,CE,0,0,0,2.8,0.1,0,0,0,0,06-JUL-2020,
OPTSTK,COALINDIA,30-Jul-2020,170,CE,0.4,0.45,0.35,0.4,0.4,69,435.04,736300,140600,06-JUL-2020,
OPTSTK,COALINDIA,30-Jul-2020,172.5,CE,0,0,0,2.2,0.05,0,0,0,0,06-JUL-2020,
OPTSTK,COALINDIA,30-Jul-2020,175,CE,0,0,0,0.3,0.05,0,0,11100,0,06-JUL-2020,
OPTSTK,COALINDIA,30-Jul-2020,177.5,CE,0,0,0,1.75,0.05,0,0,0,0,06-JUL-2020,
OPTSTK,COALINDIA,30-Jul-2020,180,CE,0.3,0.3,0.2,0.25,0.25,11,73.35,688200,3700,06-JUL-2020,
OPTSTK,COALINDIA,30-Jul-2020,182.5,CE,0,0,0,1.35,0.05,0,0,0,0,06-JUL-2020,
OPTSTK,COALINDIA,30-Jul-2020,185,CE,0,0,0,0.25,0.05,0,0,18500,0,06-JUL-2020,
OPTSTK,COALINDIA,30-Jul-2020,187.5,CE,0,0,0,0.2,0.05,0,0,3700,0,06-JUL-2020,
OPTSTK,COALINDIA,30-Jul-2020,190,CE,0,0,0,0.2,0.05,0,0,55500,0,06-JUL-2020,
OPTSTK,COALINDIA,30-Jul-2020,192.5,CE,0,0,0,1.25,0.05,0,0,0,0,06-JUL-2020,
OPTSTK,COALINDIA,30-Jul-2020,195,CE,0.15,0.15,0.15,0.15,0.05,1,7.22,48100,0,06-JUL-2020,
OPTSTK,COALINDIA,30-Jul-2020,85,PE,0,0,0,0.4,0.05,0,0,0,0,06-JUL-2020,
OPTSTK,COALINDIA,30-Jul-2020,87.5,PE,0,0,0,0.25,0.05,0,0,0,0,06-JUL-2020,
OPTSTK,COALINDIA,30-Jul-2020,90,PE,0,0,0,0.7,0.05,0,0,0,0,06-JUL-2020,
OPTSTK,COALINDIA,30-Jul-2020,92.5,PE,0,0,0,0.45,0.05,0,0,0,0,06-JUL-2020,
OPTSTK,COALINDIA,30-Jul-2020,95,PE,0,0,0,1.05,0.05,0,0,0,0,06-JUL-2020,
OPTSTK,COALINDIA,30-Jul-2020,97.5,PE,0,0,0,0.75,0.05,0,0,0,0,06-JUL-2020,
OPTSTK,COALINDIA,30-Jul-2020,100,PE,0.1,0.1,0.1,0.1,0.05,2,7.4,59200,-3700,06-JUL-2020,
OPTSTK,COALINDIA,30-Jul-2020,102.5,PE,0,0,0,1.3,0.05,0,0,0,0,06-JUL-2020,
OPTSTK,COALINDIA,30-Jul-2020,105,PE,0,0,0,2.2,0.05,0,0,0,0,06-JUL-2020,
OPTSTK,COALINDIA,30-Jul-2020,107.5,PE,0,0,0,2.05,0.05,0,0,0,0,06-JUL-2020,
OPTSTK,COALINDIA,30-Jul-2020,110,PE,0.3,0.35,0.25,0.35,0.35,16,65.28,140600,18500,06-JUL-2020,
OPTSTK,COALINDIA,30-Jul-2020,112.5,PE,0,0,0,0.35,0.1,0,0,3700,0,06-JUL-2020,
OPTSTK,COALINDIA,30-Jul-2020,115,PE,0.35,0.55,0.35,0.5,0.5,60,256.32,299700,133200,06-JUL-2020,
OPTSTK,COALINDIA,30-Jul-2020,117.5,PE,0,0,0,4.35,0.35,0,0,0,0,06-JUL-2020,
OPTSTK,COALINDIA,30-Jul-2020,120,PE,1.05,1.05,0.75,0.85,0.85,251,1122.35,1187700,85100,06-JUL-2020,
OPTSTK,COALINDIA,30-Jul-2020,122.5,PE,1.25,1.25,1.05,1.1,1.1,30,137.21,210900,-3700,06-JUL-2020,
OPTSTK,COALINDIA,30-Jul-2020,125,PE,1.7,1.95,1.45,1.55,1.55,205,960.58,1069300,7400,06-JUL-2020,
OPTSTK,COALINDIA,30-Jul-2020,127.5,PE,2.3,2.55,2,2.1,2.1,82,393.51,144300,-55500,06-JUL-2020,
OPTSTK,COALINDIA,30-Jul-2020,130,PE,3.6,3.6,2.7,2.85,2.85,305,1501.38,1132200,-81400,06-JUL-2020,
OPTSTK,COALINDIA,30-Jul-2020,132.5,PE,3.8,4.4,3.6,3.75,3.75,112,565.23,310800,62900,06-JUL-2020,
OPTSTK,COALINDIA,30-Jul-2020,135,PE,5.55,5.6,4.6,4.85,4.85,338,1751.06,984200,388500,06-JUL-2020,
OPTSTK,COALINDIA,30-Jul-2020,137.5,PE,6.9,7.15,5.95,6.2,6.2,26,138.36,170200,74000,06-JUL-2020,
OPTSTK,COALINDIA,30-Jul-2020,140,PE,8,8.7,7.25,7.6,7.6,93,508.62,580900,96200,06-JUL-2020,
OPTSTK,COALINDIA,30-Jul-2020,142.5,PE,0,0,0,10.35,9.15,0,0,96200,0,06-JUL-2020,
OPTSTK,COALINDIA,30-Jul-2020,145,PE,11.4,11.4,10.6,11.3,11.3,6,34.65,129500,-7400,06-JUL-2020,
OPTSTK,COALINDIA,30-Jul-2020,147.5,PE,0,0,0,11.2,12.9,0,0,22200,0,06-JUL-2020,
OPTSTK,COALINDIA,30-Jul-2020,150,PE,0,0,0,16.05,14.95,0,0,81400,0,06-JUL-2020,
OPTSTK,COALINDIA,30-Jul-2020,152.5,PE,0,0,0,23,17.1,0,0,0,0,06-JUL-2020,
OPTSTK,COALINDIA,30-Jul-2020,155,PE,0,0,0,20.7,19.35,0,0,22200,0,06-JUL-2020,
OPTSTK,COALINDIA,30-Jul-2020,157.5,PE,0,0,0,17.6,21.65,0,0,3700,0,06-JUL-2020,
OPTSTK,COALINDIA,30-Jul-2020,160,PE,24.1,24.15,24.1,24.15,24.15,2,13.62,51800,3700,06-JUL-2020,
OPTSTK,COALINDIA,30-Jul-2020,162.5,PE,0,0,0,30.8,26.4,0,0,0,0,06-JUL-2020,
OPTSTK,COALINDIA,30-Jul-2020,165,PE,0,0,0,24.1,28.85,0,0,7400,0,06-JUL-2020,
OPTSTK,COALINDIA,30-Jul-2020,167.5,PE,0,0,0,35,31.3,0,0,0,0,06-JUL-2020,
OPTSTK,COALINDIA,30-Jul-2020,170,PE,33.5,33.5,32.75,32.75,32.75,3,22.53,14800,7400,06-JUL-2020,
OPTSTK,COALINDIA,30-Jul-2020,172.5,PE,0,0,0,39.35,36.2,0,0,0,0,06-JUL-2020,
OPTSTK,COALINDIA,30-Jul-2020,175,PE,0,0,0,33.95,38.7,0,0,0,0,06-JUL-2020,
OPTSTK,COALINDIA,30-Jul-2020,177.5,PE,0,0,0,43.85,41.15,0,0,0,0,06-JUL-2020,
OPTSTK,COALINDIA,30-Jul-2020,180,PE,0,0,0,40.2,43.65,0,0,14800,0,06-JUL-2020,
OPTSTK,COALINDIA,30-Jul-2020,182.5,PE,0,0,0,48.4,46.15,0,0,0,0,06-JUL-2020,
OPTSTK,COALINDIA,30-Jul-2020,185,PE,0,0,0,41.55,48.65,0,0,0,0,06-JUL-2020,
OPTSTK,COALINDIA,30-Jul-2020,187.5,PE,0,0,0,53.05,51.15,0,0,0,0,06-JUL-2020,
OPTSTK,COALINDIA,30-Jul-2020,190,PE,0,0,0,45.55,53.6,0,0,0,0,06-JUL-2020,
OPTSTK,COALINDIA,30-Jul-2020,192.5,PE,0,0,0,50.9,56.1,0,0,0,0,06-JUL-2020,
OPTSTK,COALINDIA,30-Jul-2020,195,PE,0,0,0,49.65,58.6,0,0,0,0,06-JUL-2020,
OPTSTK,COALINDIA,27-Aug-2020,85,CE,0,0,0,50.4,51.35,0,0,0,0,06-JUL-2020,
OPTSTK,COALINDIA,27-Aug-2020,87.5,CE,0,0,0,48.05,48.9,0,0,0,0,06-JUL-2020,
OPTSTK,COALINDIA,27-Aug-2020,90,CE,0,0,0,45.75,46.4,0,0,0,0,06-JUL-2020,
OPTSTK,COALINDIA,27-Aug-2020,92.5,CE,0,0,0,43.5,43.95,0,0,0,0,06-JUL-2020,
OPTSTK,COALINDIA,27-Aug-2020,95,CE,0,0,0,41.3,41.45,0,0,0,0,06-JUL-2020,
OPTSTK,COALINDIA,27-Aug-2020,97.5,CE,0,0,0,39.1,39,0,0,0,0,06-JUL-2020,
OPTSTK,COALINDIA,27-Aug-2020,100,CE,0,0,0,37,36.55,0,0,0,0,06-JUL-2020,
OPTSTK,COALINDIA,27-Aug-2020,102.5,CE,0,0,0,34.95,34.1,0,0,0,0,06-JUL-2020,
OPTSTK,COALINDIA,27-Aug-2020,105,CE,0,0,0,32.9,31.7,0,0,0,0,06-JUL-2020,
OPTSTK,COALINDIA,27-Aug-2020,107.5,CE,0,0,0,31,29.35,0,0,0,0,06-JUL-2020,
OPTSTK,COALINDIA,27-Aug-2020,110,CE,0,0,0,29.1,27.05,0,0,0,0,06-JUL-2020,
OPTSTK,COALINDIA,27-Aug-2020,112.5,CE,0,0,0,27.3,24.8,0,0,0,0,06-JUL-2020,
OPTSTK,COALINDIA,27-Aug-2020,115,CE,0,0,0,25.55,22.6,0,0,0,0,06-JUL-2020,
OPTSTK,COALINDIA,27-Aug-2020,117.5,CE,0,0,0,23.9,20.45,0,0,0,0,06-JUL-2020,
OPTSTK,COALINDIA,27-Aug-2020,120,CE,0,0,0,26.5,18.45,0,0,18500,0,06-JUL-2020,
OPTSTK,COALINDIA,27-Aug-2020,122.5,CE,0,0,0,20.8,16.55,0,0,0,0,06-JUL-2020,
OPTSTK,COALINDIA,27-Aug-2020,125,CE,0,0,0,19.35,14.7,0,0,0,0,06-JUL-2020,
OPTSTK,COALINDIA,27-Aug-2020,127.5,CE,0,0,0,17.95,13,0,0,0,0,06-JUL-2020,
OPTSTK,COALINDIA,27-Aug-2020,130,CE,11.95,11.95,11.95,11.95,11.45,1,5.25,7400,0,06-JUL-2020,
OPTSTK,COALINDIA,27-Aug-2020,132.5,CE,0,0,0,15.45,10,0,0,0,0,06-JUL-2020,
OPTSTK,COALINDIA,27-Aug-2020,135,CE,0,0,0,11.95,8.7,0,0,7400,0,06-JUL-2020,
OPTSTK,COALINDIA,27-Aug-2020,137.5,CE,0,0,0,13.2,7.5,0,0,0,0,06-JUL-2020,
OPTSTK,COALINDIA,27-Aug-2020,140,CE,6.55,6.55,6.55,6.55,6.45,1,5.42,3700,0,06-JUL-2020,
OPTSTK,COALINDIA,27-Aug-2020,142.5,CE,0,0,0,6.15,5.5,0,0,3700,0,06-JUL-2020,
OPTSTK,COALINDIA,27-Aug-2020,145,CE,0,0,0,10.35,4.65,0,0,0,0,06-JUL-2020,
OPTSTK,COALINDIA,27-Aug-2020,147.5,CE,0,0,0,9.5,3.9,0,0,0,0,06-JUL-2020,
OPTSTK,COALINDIA,27-Aug-2020,150,CE,0,0,0,3.35,3.25,0,0,14800,0,06-JUL-2020,
OPTSTK,COALINDIA,27-Aug-2020,152.5,CE,0,0,0,8,2.7,0,0,0,0,06-JUL-2020,
OPTSTK,COALINDIA,27-Aug-2020,155,CE,0,0,0,7.35,2.25,0,0,0,0,06-JUL-2020,
OPTSTK,COALINDIA,27-Aug-2020,157.5,CE,0,0,0,6.7,1.85,0,0,0,0,06-JUL-2020,
OPTSTK,COALINDIA,27-Aug-2020,160,CE,0,0,0,2,1.5,0,0,7400,0,06-JUL-2020,
OPTSTK,COALINDIA,27-Aug-2020,162.5,CE,0,0,0,5.6,1.25,0,0,0,0,06-JUL-2020,
OPTSTK,COALINDIA,27-Aug-2020,165,CE,0,0,0,5.15,1,0,0,0,0,06-JUL-2020,
OPTSTK,COALINDIA,27-Aug-2020,167.5,CE,0,0,0,4.7,0.8,0,0,0,0,06-JUL-2020,
OPTSTK,COALINDIA,27-Aug-2020,170,CE,0,0,0,4.25,0.65,0,0,0,0,06-JUL-2020,
OPTSTK,COALINDIA,27-Aug-2020,172.5,CE,0,0,0,3.9,0.5,0,0,0,0,06-JUL-2020,
OPTSTK,COALINDIA,27-Aug-2020,175,CE,0,0,0,3.55,0.4,0,0,0,0,06-JUL-2020,
OPTSTK,COALINDIA,27-Aug-2020,177.5,CE,0,0,0,3.2,0.3,0,0,0,0,06-JUL-2020,
OPTSTK,COALINDIA,27-Aug-2020,180,CE,0,0,0,2.95,0.25,0,0,0,0,06-JUL-2020,
OPTSTK,COALINDIA,27-Aug-2020,182.5,CE,0,0,0,2.65,0.2,0,0,0,0,06-JUL-2020,
OPTSTK,COALINDIA,27-Aug-2020,185,CE,0,0,0,2.4,0.15,0,0,0,0,06-JUL-2020,
OPTSTK,COALINDIA,27-Aug-2020,187.5,CE,0,0,0,2.2,0.1,0,0,0,0,06-JUL-2020,
OPTSTK,COALINDIA,27-Aug-2020,190,CE,0,0,0,2,0.1,0,0,0,0,06-JUL-2020,
OPTSTK,COALINDIA,27-Aug-2020,85,PE,0,0,0,0.45,0.05,0,0,0,0,06-JUL-2020,
OPTSTK,COALINDIA,27-Aug-2020,87.5,PE,0,0,0,0.6,0.05,0,0,0,0,06-JUL-2020,
OPTSTK,COALINDIA,27-Aug-2020,90,PE,0,0,0,0.75,0.05,0,0,0,0,06-JUL-2020,
OPTSTK,COALINDIA,27-Aug-2020,92.5,PE,0,0,0,0.95,0.05,0,0,0,0,06-JUL-2020,
OPTSTK,COALINDIA,27-Aug-2020,95,PE,0,0,0,1.2,0.05,0,0,0,0,06-JUL-2020,
OPTSTK,COALINDIA,27-Aug-2020,97.5,PE,0,0,0,1.5,0.05,0,0,0,0,06-JUL-2020,
OPTSTK,COALINDIA,27-Aug-2020,100,PE,0,0,0,1.9,0.1,0,0,0,0,06-JUL-2020,
OPTSTK,COALINDIA,27-Aug-2020,102.5,PE,0,0,0,2.3,0.15,0,0,0,0,06-JUL-2020,
OPTSTK,COALINDIA,27-Aug-2020,105,PE,0,0,0,2.75,0.25,0,0,0,0,06-JUL-2020,
OPTSTK,COALINDIA,27-Aug-2020,107.5,PE,0,0,0,3.3,0.35,0,0,0,0,06-JUL-2020,
OPTSTK,COALINDIA,27-Aug-2020,110,PE,0,0,0,3.9,0.55,0,0,0,0,06-JUL-2020,
OPTSTK,COALINDIA,27-Aug-2020,112.5,PE,0,0,0,4.55,0.75,0,0,0,0,06-JUL-2020,
OPTSTK,COALINDIA,27-Aug-2020,115,PE,0,0,0,1.5,1.05,0,0,3700,0,06-JUL-2020,
OPTSTK,COALINDIA,27-Aug-2020,117.5,PE,0,0,0,6.05,1.4,0,0,0,0,06-JUL-2020,
OPTSTK,COALINDIA,27-Aug-2020,120,PE,2.2,2.2,2.1,2.1,1.9,3,13.56,66600,7400,06-JUL-2020,
OPTSTK,COALINDIA,27-Aug-2020,122.5,PE,0,0,0,7.9,2.45,0,0,0,0,06-JUL-2020,
OPTSTK,COALINDIA,27-Aug-2020,125,PE,3.2,3.2,3.2,3.2,3.2,1,4.74,3700,3700,06-JUL-2020,
OPTSTK,COALINDIA,27-Aug-2020,127.5,PE,0,0,0,10,3.9,0,0,0,0,06-JUL-2020,
OPTSTK,COALINDIA,27-Aug-2020,130,PE,4.05,4.05,4.05,4.05,4.8,1,4.95,3700,3700,06-JUL-2020,
OPTSTK,COALINDIA,27-Aug-2020,132.5,PE,0,0,0,12.45,5.85,0,0,0,0,06-JUL-2020,
OPTSTK,COALINDIA,27-Aug-2020,135,PE,0,0,0,13.75,7.05,0,0,0,0,06-JUL-2020,
OPTSTK,COALINDIA,27-Aug-2020,137.5,PE,0,0,0,15.15,8.3,0,0,0,0,06-JUL-2020,
OPTSTK,COALINDIA,27-Aug-2020,140,PE,0,0,0,12.6,9.75,0,0,3700,0,06-JUL-2020,
OPTSTK,COALINDIA,27-Aug-2020,142.5,PE,0,0,0,18.1,11.25,0,0,0,0,06-JUL-2020,
OPTSTK,COALINDIA,27-Aug-2020,145,PE,0,0,0,19.65,12.9,0,0,0,0,06-JUL-2020,
OPTSTK,COALINDIA,27-Aug-2020,147.5,PE,0,0,0,21.3,14.65,0,0,0,0,06-JUL-2020,
OPTSTK,COALINDIA,27-Aug-2020,150,PE,0,0,0,15.7,16.5,0,0,14800,0,06-JUL-2020,
OPTSTK,COALINDIA,27-Aug-2020,152.5,PE,0,0,0,24.75,18.45,0,0,0,0,06-JUL-2020,
OPTSTK,COALINDIA,27-Aug-2020,155,PE,0,0,0,26.55,20.45,0,0,0,0,06-JUL-2020,
OPTSTK,COALINDIA,27-Aug-2020,157.5,PE,0,0,0,28.4,22.55,0,0,0,0,06-JUL-2020,
OPTSTK,COALINDIA,27-Aug-2020,160,PE,0,0,0,30.3,24.7,0,0,0,0,06-JUL-2020,
OPTSTK,COALINDIA,27-Aug-2020,162.5,PE,0,0,0,32.25,26.9,0,0,0,0,06-JUL-2020,
OPTSTK,COALINDIA,27-Aug-2020,165,PE,0,0,0,34.25,29.15,0,0,0,0,06-JUL-2020,
OPTSTK,COALINDIA,27-Aug-2020,167.5,PE,0,0,0,36.25,31.45,0,0,0,0,06-JUL-2020,
OPTSTK,COALINDIA,27-Aug-2020,170,PE,0,0,0,38.3,33.75,0,0,0,0,06-JUL-2020,
OPTSTK,COALINDIA,27-Aug-2020,172.5,PE,0,0,0,40.4,36.1,0,0,0,0,06-JUL-2020,
OPTSTK,COALINDIA,27-Aug-2020,175,PE,0,0,0,42.5,38.5,0,0,0,0,06-JUL-2020,
OPTSTK,COALINDIA,27-Aug-2020,177.5,PE,0,0,0,44.65,40.9,0,0,0,0,06-JUL-2020,
OPTSTK,COALINDIA,27-Aug-2020,180,PE,0,0,0,46.85,43.3,0,0,0,0,06-JUL-2020,
OPTSTK,COALINDIA,27-Aug-2020,182.5,PE,0,0,0,49.05,45.75,0,0,0,0,06-JUL-2020,
OPTSTK,COALINDIA,27-Aug-2020,185,PE,0,0,0,51.25,48.2,0,0,0,0,06-JUL-2020,
OPTSTK,COALINDIA,27-Aug-2020,187.5,PE,0,0,0,53.5,50.65,0,0,0,0,06-JUL-2020,
OPTSTK,COALINDIA,27-Aug-2020,190,PE,0,0,0,55.8,53.1,0,0,0,0,06-JUL-2020,
OPTSTK,COALINDIA,24-Sep-2020,85,CE,0,0,0,56.55,51.65,0,0,0,0,06-JUL-2020,
OPTSTK,COALINDIA,24-Sep-2020,87.5,CE,0,0,0,54.1,49.2,0,0,0,0,06-JUL-2020,
OPTSTK,COALINDIA,24-Sep-2020,90,CE,0,0,0,51.7,46.75,0,0,0,0,06-JUL-2020,
OPTSTK,COALINDIA,24-Sep-2020,92.5,CE,0,0,0,49.35,44.3,0,0,0,0,06-JUL-2020,
OPTSTK,COALINDIA,24-Sep-2020,95,CE,0,0,0,47,41.9,0,0,0,0,06-JUL-2020,
OPTSTK,COALINDIA,24-Sep-2020,97.5,CE,0,0,0,44.7,39.5,0,0,0,0,06-JUL-2020,
OPTSTK,COALINDIA,24-Sep-2020,100,CE,0,0,0,42.4,37.1,0,0,0,0,06-JUL-2020,
OPTSTK,COALINDIA,24-Sep-2020,102.5,CE,0,0,0,40.15,34.8,0,0,0,0,06-JUL-2020,
OPTSTK,COALINDIA,24-Sep-2020,105,CE,0,0,0,37.95,32.5,0,0,0,0,06-JUL-2020,
OPTSTK,COALINDIA,24-Sep-2020,107.5,CE,0,0,0,35.8,30.25,0,0,0,0,06-JUL-2020,
OPTSTK,COALINDIA,24-Sep-2020,110,CE,0,0,0,33.7,28.05,0,0,0,0,06-JUL-2020,
OPTSTK,COALINDIA,24-Sep-2020,112.5,CE,0,0,0,31.7,25.9,0,0,0,0,06-JUL-2020,
OPTSTK,COALINDIA,24-Sep-2020,115,CE,0,0,0,29.7,23.85,0,0,0,0,06-JUL-2020,
OPTSTK,COALINDIA,24-Sep-2020,117.5,CE,0,0,0,27.8,21.9,0,0,0,0,06-JUL-2020,
OPTSTK,COALINDIA,24-Sep-2020,120,CE,0,0,0,26,20,0,0,0,0,06-JUL-2020,
OPTSTK,COALINDIA,24-Sep-2020,122.5,CE,0,0,0,24.25,18.25,0,0,0,0,06-JUL-2020,
OPTSTK,COALINDIA,24-Sep-2020,125,CE,0,0,0,22.55,16.55,0,0,0,0,06-JUL-2020,
OPTSTK,COALINDIA,24-Sep-2020,127.5,CE,0,0,0,20.95,14.95,0,0,0,0,06-JUL-2020,
OPTSTK,COALINDIA,24-Sep-2020,130,CE,0,0,0,19.4,13.45,0,0,0,0,06-JUL-2020,
OPTSTK,COALINDIA,24-Sep-2020,132.5,CE,0,0,0,17.95,12.05,0,0,0,0,06-JUL-2020,
OPTSTK,COALINDIA,24-Sep-2020,135,CE,0,0,0,16.6,10.8,0,0,0,0,06-JUL-2020,
OPTSTK,COALINDIA,24-Sep-2020,137.5,CE,0,0,0,15.3,9.6,0,0,0,0,06-JUL-2020,
OPTSTK,COALINDIA,24-Sep-2020,140,CE,0,0,0,14.1,8.5,0,0,0,0,06-JUL-2020,
OPTSTK,COALINDIA,24-Sep-2020,142.5,CE,0,0,0,12.95,7.5,0,0,0,0,06-JUL-2020,
OPTSTK,COALINDIA,24-Sep-2020,145,CE,0,0,0,11.85,6.6,0,0,0,0,06-JUL-2020,
OPTSTK,COALINDIA,24-Sep-2020,147.5,CE,0,0,0,10.85,5.8,0,0,0,0,06-JUL-2020,
OPTSTK,COALINDIA,24-Sep-2020,150,CE,0,0,0,9.95,5.1,0,0,0,0,06-JUL-2020,
OPTSTK,COALINDIA,24-Sep-2020,152.5,CE,0,0,0,9.05,4.45,0,0,0,0,06-JUL-2020,
OPTSTK,COALINDIA,24-Sep-2020,155,CE,0,0,0,8.25,3.85,0,0,0,0,06-JUL-2020,
OPTSTK,COALINDIA,24-Sep-2020,157.5,CE,0,0,0,7.5,3.35,0,0,0,0,06-JUL-2020,
OPTSTK,COALINDIA,24-Sep-2020,160,CE,0,0,0,6.85,2.9,0,0,0,0,06-JUL-2020,
OPTSTK,COALINDIA,24-Sep-2020,162.5,CE,0,0,0,6.2,2.5,0,0,0,0,06-JUL-2020,
OPTSTK,COALINDIA,24-Sep-2020,165,CE,0,0,0,5.65,2.15,0,0,0,0,06-JUL-2020,
OPTSTK,COALINDIA,24-Sep-2020,167.5,CE,0,0,0,5.1,1.8,0,0,0,0,06-JUL-2020,
OPTSTK,COALINDIA,24-Sep-2020,170,CE,0,0,0,4.6,1.55,0,0,0,0,06-JUL-2020,
OPTSTK,COALINDIA,24-Sep-2020,172.5,CE,0,0,0,4.15,1.35,0,0,0,0,06-JUL-2020,
OPTSTK,COALINDIA,24-Sep-2020,175,CE,0,0,0,3.75,1.15,0,0,0,0,06-JUL-2020,
OPTSTK,COALINDIA,24-Sep-2020,177.5,CE,0,0,0,3.4,0.95,0,0,0,0,06-JUL-2020,
OPTSTK,COALINDIA,24-Sep-2020,180,CE,0,0,0,3.05,0.8,0,0,0,0,06-JUL-2020,
OPTSTK,COALINDIA,24-Sep-2020,182.5,CE,0,0,0,2.75,0.7,0,0,0,0,06-JUL-2020,
OPTSTK,COALINDIA,24-Sep-2020,185,CE,0,0,0,2.45,0.55,0,0,0,0,06-JUL-2020,
OPTSTK,COALINDIA,24-Sep-2020,187.5,CE,0,0,0,2.2,0.5,0,0,0,0,06-JUL-2020,
OPTSTK,COALINDIA,24-Sep-2020,190,CE,0,0,0,2,0.4,0,0,0,0,06-JUL-2020,
OPTSTK,COALINDIA,24-Sep-2020,85,PE,0,0,0,0.15,0.05,0,0,0,0,06-JUL-2020,
OPTSTK,COALINDIA,24-Sep-2020,87.5,PE,0,0,0,0.2,0.05,0,0,0,0,06-JUL-2020,
OPTSTK,COALINDIA,24-Sep-2020,90,PE,0,0,0,0.3,0.05,0,0,0,0,06-JUL-2020,
OPTSTK,COALINDIA,24-Sep-2020,92.5,PE,0,0,0,0.35,0.1,0,0,0,0,06-JUL-2020,
OPTSTK,COALINDIA,24-Sep-2020,95,PE,0,0,0,0.5,0.15,0,0,0,0,06-JUL-2020,
OPTSTK,COALINDIA,24-Sep-2020,97.5,PE,0,0,0,0.65,0.25,0,0,0,0,06-JUL-2020,
OPTSTK,COALINDIA,24-Sep-2020,100,PE,0,0,0,0.85,0.35,0,0,0,0,06-JUL-2020,
OPTSTK,COALINDIA,24-Sep-2020,102.5,PE,0,0,0,1.05,0.5,0,0,0,0,06-JUL-2020,
OPTSTK,COALINDIA,24-Sep-2020,105,PE,0,0,0,1.35,0.65,0,0,0,0,06-JUL-2020,
OPTSTK,COALINDIA,24-Sep-2020,107.5,PE,0,0,0,1.65,0.9,0,0,0,0,06-JUL-2020,
OPTSTK,COALINDIA,24-Sep-2020,110,PE,0,0,0,2.05,1.2,0,0,0,0,06-JUL-2020,
OPTSTK,COALINDIA,24-Sep-2020,112.5,PE,0,0,0,2.5,1.55,0,0,0,0,06-JUL-2020,
OPTSTK,COALINDIA,24-Sep-2020,115,PE,0,0,0,3,1.95,0,0,0,0,06-JUL-2020,
OPTSTK,COALINDIA,24-Sep-2020,117.5,PE,0,0,0,3.55,2.45,0,0,0,0,06-JUL-2020,
OPTSTK,COALINDIA,24-Sep-2020,120,PE,0,0,0,4.2,3.05,0,0,0,0,06-JUL-2020,
OPTSTK,COALINDIA,24-Sep-2020,122.5,PE,0,0,0,4.9,3.75,0,0,0,0,06-JUL-2020,
OPTSTK,COALINDIA,24-Sep-2020,125,PE,0,0,0,5.7,4.55,0,0,0,0,06-JUL-2020,
OPTSTK,COALINDIA,24-Sep-2020,127.5,PE,0,0,0,6.55,5.4,0,0,0,0,06-JUL-2020,
OPTSTK,COALINDIA,24-Sep-2020,130,PE,0,0,0,7.5,6.4,0,0,0,0,06-JUL-2020,
OPTSTK,COALINDIA,24-Sep-2020,132.5,PE,0,0,0,8.55,7.5,0,0,0,0,06-JUL-2020,
OPTSTK,COALINDIA,24-Sep-2020,135,PE,0,0,0,9.6,8.7,0,0,0,0,06-JUL-2020,
OPTSTK,COALINDIA,24-Sep-2020,137.5,PE,0,0,0,10.8,9.95,0,0,0,0,06-JUL-2020,
OPTSTK,COALINDIA,24-Sep-2020,140,PE,0,0,0,12.05,11.35,0,0,0,0,06-JUL-2020,
OPTSTK,COALINDIA,24-Sep-2020,142.5,PE,0,0,0,13.4,12.85,0,0,0,0,06-JUL-2020,
OPTSTK,COALINDIA,24-Sep-2020,145,PE,0,0,0,14.8,14.45,0,0,0,0,06-JUL-2020,
OPTSTK,COALINDIA,24-Sep-2020,147.5,PE,0,0,0,16.25,16.1,0,0,0,0,06-JUL-2020,
OPTSTK,COALINDIA,24-Sep-2020,150,PE,0,0,0,17.8,17.85,0,0,0,0,06-JUL-2020,
OPTSTK,COALINDIA,24-Sep-2020,152.5,PE,0,0,0,19.4,19.65,0,0,0,0,06-JUL-2020,
OPTSTK,COALINDIA,24-Sep-2020,155,PE,0,0,0,21.05,21.55,0,0,0,0,06-JUL-2020,
OPTSTK,COALINDIA,24-Sep-2020,157.5,PE,0,0,0,22.8,23.5,0,0,0,0,06-JUL-2020,
OPTSTK,COALINDIA,24-Sep-2020,160,PE,0,0,0,24.6,25.55,0,0,0,0,06-JUL-2020,
OPTSTK,COALINDIA,24-Sep-2020,162.5,PE,0,0,0,26.45,27.6,0,0,0,0,06-JUL-2020,
OPTSTK,COALINDIA,24-Sep-2020,165,PE,0,0,0,28.3,29.75,0,0,0,0,06-JUL-2020,
OPTSTK,COALINDIA,24-Sep-2020,167.5,PE,0,0,0,30.25,31.9,0,0,0,0,06-JUL-2020,
OPTSTK,COALINDIA,24-Sep-2020,170,PE,0,0,0,32.25,34.15,0,0,0,0,06-JUL-2020,
OPTSTK,COALINDIA,24-Sep-2020,172.5,PE,0,0,0,34.25,36.4,0,0,0,0,06-JUL-2020,
OPTSTK,COALINDIA,24-Sep-2020,175,PE,0,0,0,36.35,38.65,0,0,0,0,06-JUL-2020,
OPTSTK,COALINDIA,24-Sep-2020,177.5,PE,0,0,0,38.45,40.95,0,0,0,0,06-JUL-2020,
OPTSTK,COALINDIA,24-Sep-2020,180,PE,0,0,0,40.55,43.3,0,0,0,0,06-JUL-2020,
OPTSTK,COALINDIA,24-Sep-2020,182.5,PE,0,0,0,42.75,45.65,0,0,0,0,06-JUL-2020,
OPTSTK,COALINDIA,24-Sep-2020,185,PE,0,0,0,44.9,48,0,0,0,0,06-JUL-2020,
OPTSTK,COALINDIA,24-Sep-2020,187.5,PE,0,0,0,47.15,50.4,0,0,0,0,06-JUL-2020,
OPTSTK,COALINDIA,24-Sep-2020,190,PE,0,0,0,49.4,52.8,0,0,0,0,06-JUL-2020,
OPTSTK,COLPAL,30-Jul-2020,1060,CE,0,0,0,432.7,325.7,0,0,0,0,06-JUL-2020,
OPTSTK,COLPAL,30-Jul-2020,1080,CE,0,0,0,416.05,305.8,0,0,0,0,06-JUL-2020,
OPTSTK,COLPAL,30-Jul-2020,1100,CE,0,0,0,399.7,285.85,0,0,0,0,06-JUL-2020,
OPTSTK,COLPAL,30-Jul-2020,1120,CE,0,0,0,383.7,265.95,0,0,0,0,06-JUL-2020,
OPTSTK,COLPAL,30-Jul-2020,1140,CE,0,0,0,368.1,246.1,0,0,0,0,06-JUL-2020,
OPTSTK,COLPAL,30-Jul-2020,1160,CE,0,0,0,352.8,226.35,0,0,0,0,06-JUL-2020,
OPTSTK,COLPAL,30-Jul-2020,1180,CE,0,0,0,337.95,206.7,0,0,0,0,06-JUL-2020,
OPTSTK,COLPAL,30-Jul-2020,1200,CE,0,0,0,323.4,187.3,0,0,0,0,06-JUL-2020,
OPTSTK,COLPAL,30-Jul-2020,1220,CE,0,0,0,309.25,168.25,0,0,0,0,06-JUL-2020,
OPTSTK,COLPAL,30-Jul-2020,1240,CE,0,0,0,295.5,149.6,0,0,0,0,06-JUL-2020,
OPTSTK,COLPAL,30-Jul-2020,1260,CE,0,0,0,282.15,131.6,0,0,0,0,06-JUL-2020,
OPTSTK,COLPAL,30-Jul-2020,1280,CE,0,0,0,269.15,114.4,0,0,0,0,06-JUL-2020,
OPTSTK,COLPAL,30-Jul-2020,1300,CE,100.45,100.45,100.4,100.4,98.2,2,19.6,7700,0,06-JUL-2020,
OPTSTK,COLPAL,30-Jul-2020,1320,CE,0,0,0,80,83.1,0,0,1400,0,06-JUL-2020,
OPTSTK,COLPAL,30-Jul-2020,1340,CE,0,0,0,65.8,69.35,0,0,4200,0,06-JUL-2020,
OPTSTK,COLPAL,30-Jul-2020,1360,CE,0,0,0,61.5,56.95,0,0,11900,0,06-JUL-2020,
OPTSTK,COLPAL,30-Jul-2020,1380,CE,42.75,46.4,41.5,44.85,44.85,15,149.47,8400,4200,06-JUL-2020,
OPTSTK,COLPAL,30-Jul-2020,1400,CE,36.1,36.5,33,35.9,35.9,71,713.01,61600,2100,06-JUL-2020,
OPTSTK,COLPAL,30-Jul-2020,1420,CE,28.2,28.2,25.35,28,28,20,202.62,25200,0,06-JUL-2020,
OPTSTK,COLPAL,30-Jul-2020,1440,CE,21,22.05,18.95,21.8,21.8,14,143.13,18900,0,06-JUL-2020,
OPTSTK,COLPAL,30-Jul-2020,1460,CE,16.2,16.75,14.75,16,16,8,82.62,21700,-1400,06-JUL-2020,
OPTSTK,COLPAL,30-Jul-2020,1480,CE,0,0,0,13.25,12.4,0,0,9100,0,06-JUL-2020,
OPTSTK,COLPAL,30-Jul-2020,1500,CE,8.2,9.8,8,9.4,9.4,116,1225.27,126700,10500,06-JUL-2020,
OPTSTK,COLPAL,30-Jul-2020,1520,CE,0,0,0,8,6.5,0,0,6300,0,06-JUL-2020,
OPTSTK,COLPAL,30-Jul-2020,1540,CE,5,5,5,5,4.6,2,21.63,4200,0,06-JUL-2020,
OPTSTK,COLPAL,30-Jul-2020,1560,CE,0,0,0,9,3.2,0,0,2800,0,06-JUL-2020,
OPTSTK,COLPAL,30-Jul-2020,1580,CE,0,0,0,3.95,2.2,0,0,7000,0,06-JUL-2020,
OPTSTK,COLPAL,30-Jul-2020,1600,CE,2.15,2.15,2.15,2.15,1.45,1,11.21,11900,700,06-JUL-2020,
OPTSTK,COLPAL,30-Jul-2020,1620,CE,0,0,0,12.75,0.95,0,0,700,0,06-JUL-2020,
OPTSTK,COLPAL,30-Jul-2020,1640,CE,0,0,0,2.5,0.65,0,0,700,0,06-JUL-2020,
OPTSTK,COLPAL,30-Jul-2020,1660,CE,0,0,0,97.7,0.4,0,0,0,0,06-JUL-2020,
OPTSTK,COLPAL,30-Jul-2020,1680,CE,0,0,0,92.1,0.25,0,0,0,0,06-JUL-2020,
OPTSTK,COLPAL,30-Jul-2020,1700,CE,0,0,0,0.3,0.15,0,0,2800,0,06-JUL-2020,
OPTSTK,COLPAL,30-Jul-2020,1720,CE,0,0,0,81.85,0.1,0,0,0,0,06-JUL-2020,
OPTSTK,COLPAL,30-Jul-2020,1740,CE,0,0,0,77.1,0.05,0,0,0,0,06-JUL-2020,
OPTSTK,COLPAL,30-Jul-2020,1760,CE,0,0,0,72.6,0.05,0,0,0,0,06-JUL-2020,
OPTSTK,COLPAL,30-Jul-2020,1060,PE,0,0,0,20.15,0.05,0,0,0,0,06-JUL-2020,
OPTSTK,COLPAL,30-Jul-2020,1080,PE,0,0,0,23.25,0.05,0,0,0,0,06-JUL-2020,
OPTSTK,COLPAL,30-Jul-2020,1100,PE,0,0,0,26.65,0.05,0,0,0,0,06-JUL-2020,
OPTSTK,COLPAL,30-Jul-2020,1120,PE,0,0,0,30.45,0.1,0,0,0,0,06-JUL-2020,
OPTSTK,COLPAL,30-Jul-2020,1140,PE,0,0,0,34.55,0.2,0,0,0,0,06-JUL-2020,
OPTSTK,COLPAL,30-Jul-2020,1160,PE,0,0,0,39,0.35,0,0,0,0,06-JUL-2020,
OPTSTK,COLPAL,30-Jul-2020,1180,PE,0,0,0,43.9,0.7,0,0,0,0,06-JUL-2020,
OPTSTK,COLPAL,30-Jul-2020,1200,PE,0,0,0,2,1.2,0,0,7000,0,06-JUL-2020,
OPTSTK,COLPAL,30-Jul-2020,1220,PE,0,0,0,54.7,2.05,0,0,0,0,06-JUL-2020,
OPTSTK,COLPAL,30-Jul-2020,1240,PE,0,0,0,60.65,3.4,0,0,0,0,06-JUL-2020,
OPTSTK,COLPAL,30-Jul-2020,1260,PE,6.15,6.15,5.85,5.85,5.35,3,26.58,20300,700,06-JUL-2020,
OPTSTK,COLPAL,30-Jul-2020,1280,PE,0,0,0,12,8.1,0,0,700,0,06-JUL-2020,
OPTSTK,COLPAL,30-Jul-2020,1300,PE,13,13,11,11.3,11.3,21,192.84,49700,2100,06-JUL-2020,
OPTSTK,COLPAL,30-Jul-2020,1320,PE,0,0,0,22.65,16.65,0,0,1400,0,06-JUL-2020,
OPTSTK,COLPAL,30-Jul-2020,1340,PE,23,23,21.7,21.7,21.7,3,28.61,6300,-700,06-JUL-2020,
OPTSTK,COLPAL,30-Jul-2020,1360,PE,0,0,0,28.05,30.4,0,0,15400,0,06-JUL-2020,
OPTSTK,COLPAL,30-Jul-2020,1380,PE,38,39,38,39,39.45,8,79.42,8400,4900,06-JUL-2020,
OPTSTK,COLPAL,30-Jul-2020,1400,PE,46,46,46,46,50,1,10.12,32200,700,06-JUL-2020,
OPTSTK,COLPAL,30-Jul-2020,1420,PE,58.75,58.75,58.75,58.75,61.95,1,10.35,7000,0,06-JUL-2020,
OPTSTK,COLPAL,30-Jul-2020,1440,PE,0,0,0,93,75.3,0,0,2800,0,06-JUL-2020,
OPTSTK,COLPAL,30-Jul-2020,1460,PE,0,0,0,108.15,89.85,0,0,700,0,06-JUL-2020,
OPTSTK,COLPAL,30-Jul-2020,1480,PE,0,0,0,124.45,105.5,0,0,2100,0,06-JUL-2020,
OPTSTK,COLPAL,30-Jul-2020,1500,PE,0,0,0,142.25,122.15,0,0,2800,0,06-JUL-2020,
OPTSTK,COLPAL,30-Jul-2020,1520,PE,0,0,0,141.15,139.5,0,0,1400,0,06-JUL-2020,
OPTSTK,COLPAL,30-Jul-2020,1540,PE,0,0,0,199,157.55,0,0,0,0,06-JUL-2020,
OPTSTK,COLPAL,30-Jul-2020,1560,PE,0,0,0,182.8,176.1,0,0,700,0,06-JUL-2020,
OPTSTK,COLPAL,30-Jul-2020,1580,PE,0,0,0,223.85,195,0,0,0,0,06-JUL-2020,
OPTSTK,COLPAL,30-Jul-2020,1600,PE,0,0,0,236.8,214.25,0,0,0,0,06-JUL-2020,
OPTSTK,COLPAL,30-Jul-2020,1620,PE,0,0,0,250.1,233.7,0,0,0,0,06-JUL-2020,
OPTSTK,COLPAL,30-Jul-2020,1640,PE,0,0,0,263.65,253.3,0,0,0,0,06-JUL-2020,
OPTSTK,COLPAL,30-Jul-2020,1660,PE,0,0,0,277.55,273,0,0,0,0,06-JUL-2020,
OPTSTK,COLPAL,30-Jul-2020,1680,PE,0,0,0,291.7,292.8,0,0,0,0,06-JUL-2020,
OPTSTK,COLPAL,30-Jul-2020,1700,PE,0,0,0,306.15,312.65,0,0,0,0,06-JUL-2020,
OPTSTK,COLPAL,30-Jul-2020,1720,PE,0,0,0,320.95,332.55,0,0,0,0,06-JUL-2020,
OPTSTK,COLPAL,30-Jul-2020,1740,PE,0,0,0,335.95,352.45,0,0,0,0,06-JUL-2020,
OPTSTK,COLPAL,30-Jul-2020,1760,PE,0,0,0,351.15,372.35,0,0,0,0,06-JUL-2020,
OPTSTK,COLPAL,27-Aug-2020,1060,CE,0,0,0,277.75,329.55,0,0,0,0,06-JUL-2020,
OPTSTK,COLPAL,27-Aug-2020,1080,CE,0,0,0,262.4,309.9,0,0,0,0,06-JUL-2020,
OPTSTK,COLPAL,27-Aug-2020,1100,CE,0,0,0,247.6,290.4,0,0,0,0,06-JUL-2020,
OPTSTK,COLPAL,27-Aug-2020,1120,CE,0,0,0,233.25,271.1,0,0,0,0,06-JUL-2020,
OPTSTK,COLPAL,27-Aug-2020,1140,CE,0,0,0,219.35,252,0,0,0,0,06-JUL-2020,
OPTSTK,COLPAL,27-Aug-2020,1160,CE,0,0,0,205.95,233.15,0,0,0,0,06-JUL-2020,
OPTSTK,COLPAL,27-Aug-2020,1180,CE,0,0,0,193.15,214.75,0,0,0,0,06-JUL-2020,
OPTSTK,COLPAL,27-Aug-2020,1200,CE,0,0,0,180.9,196.75,0,0,0,0,06-JUL-2020,
OPTSTK,COLPAL,27-Aug-2020,1220,CE,0,0,0,169.2,179.3,0,0,0,0,06-JUL-2020,
OPTSTK,COLPAL,27-Aug-2020,1240,CE,0,0,0,158,162.45,0,0,0,0,06-JUL-2020,
OPTSTK,COLPAL,27-Aug-2020,1260,CE,0,0,0,147.35,146.35,0,0,0,0,06-JUL-2020,
OPTSTK,COLPAL,27-Aug-2020,1280,CE,0,0,0,137.25,131.05,0,0,0,0,06-JUL-2020,
OPTSTK,COLPAL,27-Aug-2020,1300,CE,0,0,0,127.7,116.6,0,0,0,0,06-JUL-2020,
OPTSTK,COLPAL,27-Aug-2020,1320,CE,0,0,0,118.6,103.05,0,0,0,0,06-JUL-2020,
OPTSTK,COLPAL,27-Aug-2020,1340,CE,0,0,0,110.05,90.5,0,0,0,0,06-JUL-2020,
OPTSTK,COLPAL,27-Aug-2020,1360,CE,0,0,0,102,78.95,0,0,0,0,06-JUL-2020,
OPTSTK,COLPAL,27-Aug-2020,1380,CE,0,0,0,94.4,68.4,0,0,0,0,06-JUL-2020,
OPTSTK,COLPAL,27-Aug-2020,1400,CE,0,0,0,87.25,58.85,0,0,0,0,06-JUL-2020,
OPTSTK,COLPAL,27-Aug-2020,1420,CE,0,0,0,80.55,50.3,0,0,0,0,06-JUL-2020,
OPTSTK,COLPAL,27-Aug-2020,1440,CE,0,0,0,74.3,42.7,0,0,0,0,06-JUL-2020,
OPTSTK,COLPAL,27-Aug-2020,1460,CE,0,0,0,68.45,36,0,0,0,0,06-JUL-2020,
OPTSTK,COLPAL,27-Aug-2020,1480,CE,0,0,0,63,30.1,0,0,0,0,06-JUL-2020,
OPTSTK,COLPAL,27-Aug-2020,1500,CE,0,0,0,58,25.05,0,0,0,0,06-JUL-2020,
OPTSTK,COLPAL,27-Aug-2020,1520,CE,0,0,0,53.3,20.7,0,0,0,0,06-JUL-2020,
OPTSTK,COLPAL,27-Aug-2020,1540,CE,0,0,0,48.9,16.95,0,0,0,0,06-JUL-2020,
OPTSTK,COLPAL,27-Aug-2020,1560,CE,0,0,0,44.85,13.85,0,0,0,0,06-JUL-2020,
OPTSTK,COLPAL,27-Aug-2020,1580,CE,0,0,0,41.05,11.2,0,0,0,0,06-JUL-2020,
OPTSTK,COLPAL,27-Aug-2020,1600,CE,0,0,0,37.6,9,0,0,0,0,06-JUL-2020,
OPTSTK,COLPAL,27-Aug-2020,1620,CE,0,0,0,34.35,7.2,0,0,0,0,06-JUL-2020,
OPTSTK,COLPAL,27-Aug-2020,1640,CE,0,0,0,31.4,5.75,0,0,0,0,06-JUL-2020,
OPTSTK,COLPAL,27-Aug-2020,1660,CE,0,0,0,28.65,4.55,0,0,0,0,06-JUL-2020,
OPTSTK,COLPAL,27-Aug-2020,1680,CE,0,0,0,26.15,3.55,0,0,0,0,06-JUL-2020,
OPTSTK,COLPAL,27-Aug-2020,1700,CE,0,0,0,23.85,2.8,0,0,0,0,06-JUL-2020,
OPTSTK,COLPAL,27-Aug-2020,1720,CE,0,0,0,21.7,2.15,0,0,0,0,06-JUL-2020,
OPTSTK,COLPAL,27-Aug-2020,1740,CE,0,0,0,19.75,1.65,0,0,0,0,06-JUL-2020,
OPTSTK,COLPAL,27-Aug-2020,1760,CE,0,0,0,17.95,1.3,0,0,0,0,06-JUL-2020,
OPTSTK,COLPAL,27-Aug-2020,1060,PE,0,0,0,26.55,0.4,0,0,0,0,06-JUL-2020,
OPTSTK,COLPAL,27-Aug-2020,1080,PE,0,0,0,30.95,0.65,0,0,0,0,06-JUL-2020,
OPTSTK,COLPAL,27-Aug-2020,1100,PE,0,0,0,35.9,1,0,0,0,0,06-JUL-2020,
OPTSTK,COLPAL,27-Aug-2020,1120,PE,0,0,0,41.3,1.55,0,0,0,0,06-JUL-2020,
OPTSTK,COLPAL,27-Aug-2020,1140,PE,0,0,0,47.15,2.35,0,0,0,0,06-JUL-2020,
OPTSTK,COLPAL,27-Aug-2020,1160,PE,0,0,0,53.55,3.4,0,0,0,0,06-JUL-2020,
OPTSTK,COLPAL,27-Aug-2020,1180,PE,0,0,0,60.5,4.85,0,0,0,0,06-JUL-2020,
OPTSTK,COLPAL,27-Aug-2020,1200,PE,0,0,0,68,6.75,0,0,0,0,06-JUL-2020,
OPTSTK,COLPAL,27-Aug-2020,1220,PE,0,0,0,76.05,9.2,0,0,0,0,06-JUL-2020,
OPTSTK,COLPAL,27-Aug-2020,1240,PE,0,0,0,84.6,12.25,0,0,0,0,06-JUL-2020,
OPTSTK,COLPAL,27-Aug-2020,1260,PE,0,0,0,93.75,16,0,0,0,0,06-JUL-2020,
OPTSTK,COLPAL,27-Aug-2020,1280,PE,0,0,0,103.35,20.55,0,0,0,0,06-JUL-2020,
OPTSTK,COLPAL,27-Aug-2020,1300,PE,0,0,0,113.55,26,0,0,0,0,06-JUL-2020,
OPTSTK,COLPAL,27-Aug-2020,1320,PE,0,0,0,124.25,32.35,0,0,0,0,06-JUL-2020,
OPTSTK,COLPAL,27-Aug-2020,1340,PE,0,0,0,135.45,39.65,0,0,0,0,06-JUL-2020,
OPTSTK,COLPAL,27-Aug-2020,1360,PE,0,0,0,147.1,48,0,0,0,0,06-JUL-2020,
OPTSTK,COLPAL,27-Aug-2020,1380,PE,0,0,0,159.3,57.3,0,0,0,0,06-JUL-2020,
OPTSTK,COLPAL,27-Aug-2020,1400,PE,0,0,0,171.9,67.65,0,0,0,0,06-JUL-2020,
OPTSTK,COLPAL,27-Aug-2020,1420,PE,0,0,0,185,79,0,0,0,0,06-JUL-2020,
OPTSTK,COLPAL,27-Aug-2020,1440,PE,0,0,0,198.5,91.25,0,0,0,0,06-JUL-2020,
OPTSTK,COLPAL,27-Aug-2020,1460,PE,0,0,0,212.4,104.4,0,0,0,0,06-JUL-2020,
OPTSTK,COLPAL,27-Aug-2020,1480,PE,0,0,0,226.7,118.45,0,0,0,0,06-JUL-2020,
OPTSTK,COLPAL,27-Aug-2020,1500,PE,0,0,0,241.45,133.25,0,0,0,0,06-JUL-2020,
OPTSTK,COLPAL,27-Aug-2020,1520,PE,0,0,0,256.5,148.75,0,0,0,0,06-JUL-2020,
OPTSTK,COLPAL,27-Aug-2020,1540,PE,0,0,0,271.85,164.9,0,0,0,0,06-JUL-2020,
OPTSTK,COLPAL,27-Aug-2020,1560,PE,0,0,0,287.55,181.65,0,0,0,0,06-JUL-2020,
OPTSTK,COLPAL,27-Aug-2020,1580,PE,0,0,0,303.5,198.9,0,0,0,0,06-JUL-2020,
OPTSTK,COLPAL,27-Aug-2020,1600,PE,0,0,0,319.8,216.6,0,0,0,0,06-JUL-2020,
OPTSTK,COLPAL,27-Aug-2020,1620,PE,0,0,0,336.35,234.7,0,0,0,0,06-JUL-2020,
OPTSTK,COLPAL,27-Aug-2020,1640,PE,0,0,0,353.15,253.1,0,0,0,0,06-JUL-2020,
OPTSTK,COLPAL,27-Aug-2020,1660,PE,0,0,0,370.15,271.75,0,0,0,0,06-JUL-2020,
OPTSTK,COLPAL,27-Aug-2020,1680,PE,0,0,0,387.4,290.65,0,0,0,0,06-JUL-2020,
OPTSTK,COLPAL,27-Aug-2020,1700,PE,0,0,0,404.85,309.75,0,0,0,0,06-JUL-2020,
OPTSTK,COLPAL,27-Aug-2020,1720,PE,0,0,0,422.45,329.05,0,0,0,0,06-JUL-2020,
OPTSTK,COLPAL,27-Aug-2020,1740,PE,0,0,0,440.3,348.4,0,0,0,0,06-JUL-2020,
OPTSTK,COLPAL,27-Aug-2020,1760,PE,0,0,0,458.25,367.9,0,0,0,0,06-JUL-2020,
OPTSTK,COLPAL,24-Sep-2020,1060,CE,0,0,0,362.4,334.25,0,0,0,0,06-JUL-2020,
OPTSTK,COLPAL,24-Sep-2020,1080,CE,0,0,0,345.2,315.15,0,0,0,0,06-JUL-2020,
OPTSTK,COLPAL,24-Sep-2020,1100,CE,0,0,0,328.3,296.25,0,0,0,0,06-JUL-2020,
OPTSTK,COLPAL,24-Sep-2020,1120,CE,0,0,0,311.8,277.65,0,0,0,0,06-JUL-2020,
OPTSTK,COLPAL,24-Sep-2020,1140,CE,0,0,0,295.7,259.4,0,0,0,0,06-JUL-2020,
OPTSTK,COLPAL,24-Sep-2020,1160,CE,0,0,0,280.05,241.5,0,0,0,0,06-JUL-2020,
OPTSTK,COLPAL,24-Sep-2020,1180,CE,0,0,0,264.85,224.1,0,0,0,0,06-JUL-2020,
OPTSTK,COLPAL,24-Sep-2020,1200,CE,0,0,0,250.15,207.15,0,0,0,0,06-JUL-2020,
OPTSTK,COLPAL,24-Sep-2020,1220,CE,0,0,0,235.85,190.8,0,0,0,0,06-JUL-2020,
OPTSTK,COLPAL,24-Sep-2020,1240,CE,0,0,0,222.05,175.05,0,0,0,0,06-JUL-2020,
OPTSTK,COLPAL,24-Sep-2020,1260,CE,0,0,0,208.75,160,0,0,0,0,06-JUL-2020,
OPTSTK,COLPAL,24-Sep-2020,1280,CE,0,0,0,196,145.65,0,0,0,0,06-JUL-2020,
OPTSTK,COLPAL,24-Sep-2020,1300,CE,0,0,0,183.8,132.05,0,0,0,0,06-JUL-2020,
OPTSTK,COLPAL,24-Sep-2020,1320,CE,0,0,0,172.1,119.25,0,0,0,0,06-JUL-2020,
OPTSTK,COLPAL,24-Sep-2020,1340,CE,0,0,0,160.95,107.25,0,0,0,0,06-JUL-2020,
OPTSTK,COLPAL,24-Sep-2020,1360,CE,0,0,0,150.3,96.05,0,0,0,0,06-JUL-2020,
OPTSTK,COLPAL,24-Sep-2020,1380,CE,0,0,0,140.2,85.65,0,0,0,0,06-JUL-2020,
OPTSTK,COLPAL,24-Sep-2020,1400,CE,0,0,0,130.6,76.05,0,0,0,0,06-JUL-2020,
OPTSTK,COLPAL,24-Sep-2020,1420,CE,0,0,0,121.45,67.3,0,0,0,0,06-JUL-2020,
OPTSTK,COLPAL,24-Sep-2020,1440,CE,0,0,0,112.85,59.3,0,0,0,0,06-JUL-2020,
OPTSTK,COLPAL,24-Sep-2020,1460,CE,0,0,0,104.75,52,0,0,0,0,06-JUL-2020,
OPTSTK,COLPAL,24-Sep-2020,1480,CE,0,0,0,97.05,45.45,0,0,0,0,06-JUL-2020,
OPTSTK,COLPAL,24-Sep-2020,1500,CE,0,0,0,89.85,39.55,0,0,0,0,06-JUL-2020,
OPTSTK,COLPAL,24-Sep-2020,1520,CE,0,0,0,83.1,34.3,0,0,0,0,06-JUL-2020,
OPTSTK,COLPAL,24-Sep-2020,1540,CE,0,0,0,76.75,29.6,0,0,0,0,06-JUL-2020,
OPTSTK,COLPAL,24-Sep-2020,1560,CE,0,0,0,70.8,25.5,0,0,0,0,06-JUL-2020,
OPTSTK,COLPAL,24-Sep-2020,1580,CE,0,0,0,65.25,21.85,0,0,0,0,06-JUL-2020,
OPTSTK,COLPAL,24-Sep-2020,1600,CE,0,0,0,60.15,18.65,0,0,0,0,06-JUL-2020,
OPTSTK,COLPAL,24-Sep-2020,1620,CE,0,0,0,55.35,15.85,0,0,0,0,06-JUL-2020,
OPTSTK,COLPAL,24-Sep-2020,1640,CE,0,0,0,50.85,13.45,0,0,0,0,06-JUL-2020,
OPTSTK,COLPAL,24-Sep-2020,1660,CE,0,0,0,46.7,11.4,0,0,0,0,06-JUL-2020,
OPTSTK,COLPAL,24-Sep-2020,1680,CE,0,0,0,42.85,9.6,0,0,0,0,06-JUL-2020,
OPTSTK,COLPAL,24-Sep-2020,1700,CE,0,0,0,39.2,8.05,0,0,0,0,06-JUL-2020,
OPTSTK,COLPAL,24-Sep-2020,1720,CE,0,0,0,35.9,6.75,0,0,0,0,06-JUL-2020,
OPTSTK,COLPAL,24-Sep-2020,1740,CE,0,0,0,32.85,5.6,0,0,0,0,06-JUL-2020,
OPTSTK,COLPAL,24-Sep-2020,1760,CE,0,0,0,30,4.65,0,0,0,0,06-JUL-2020,
OPTSTK,COLPAL,24-Sep-2020,1060,PE,0,0,0,12.5,1.7,0,0,0,0,06-JUL-2020,
OPTSTK,COLPAL,24-Sep-2020,1080,PE,0,0,0,15.05,2.4,0,0,0,0,06-JUL-2020,
OPTSTK,COLPAL,24-Sep-2020,1100,PE,0,0,0,17.95,3.3,0,0,0,0,06-JUL-2020,
OPTSTK,COLPAL,24-Sep-2020,1120,PE,0,0,0,21.2,4.55,0,0,0,0,06-JUL-2020,
OPTSTK,COLPAL,24-Sep-2020,1140,PE,0,0,0,24.9,6.1,0,0,0,0,06-JUL-2020,
OPTSTK,COLPAL,24-Sep-2020,1160,PE,0,0,0,29,8,0,0,0,0,06-JUL-2020,
OPTSTK,COLPAL,24-Sep-2020,1180,PE,0,0,0,33.55,10.4,0,0,0,0,06-JUL-2020,
OPTSTK,COLPAL,24-Sep-2020,1200,PE,0,0,0,38.6,13.3,0,0,0,0,06-JUL-2020,
OPTSTK,COLPAL,24-Sep-2020,1220,PE,0,0,0,44.1,16.75,0,0,0,0,06-JUL-2020,
OPTSTK,COLPAL,24-Sep-2020,1240,PE,0,0,0,50.1,20.8,0,0,0,0,06-JUL-2020,
OPTSTK,COLPAL,24-Sep-2020,1260,PE,0,0,0,56.55,25.55,0,0,0,0,06-JUL-2020,
OPTSTK,COLPAL,24-Sep-2020,1280,PE,0,0,0,63.55,31.05,0,0,0,0,06-JUL-2020,
OPTSTK,COLPAL,24-Sep-2020,1300,PE,0,0,0,71.15,37.25,0,0,0,0,06-JUL-2020,
OPTSTK,COLPAL,24-Sep-2020,1320,PE,0,0,0,79.2,44.25,0,0,0,0,06-JUL-2020,
OPTSTK,COLPAL,24-Sep-2020,1340,PE,0,0,0,87.8,52.05,0,0,0,0,06-JUL-2020,
OPTSTK,COLPAL,24-Sep-2020,1360,PE,0,0,0,96.95,60.65,0,0,0,0,06-JUL-2020,
OPTSTK,COLPAL,24-Sep-2020,1380,PE,0,0,0,106.6,70.1,0,0,0,0,06-JUL-2020,
OPTSTK,COLPAL,24-Sep-2020,1400,PE,0,0,0,116.75,80.35,0,0,0,0,06-JUL-2020,
OPTSTK,COLPAL,24-Sep-2020,1420,PE,0,0,0,127.4,91.35,0,0,0,0,06-JUL-2020,
OPTSTK,COLPAL,24-Sep-2020,1440,PE,0,0,0,138.55,103.2,0,0,0,0,06-JUL-2020,
OPTSTK,COLPAL,24-Sep-2020,1460,PE,0,0,0,150.2,115.7,0,0,0,0,06-JUL-2020,
OPTSTK,COLPAL,24-Sep-2020,1480,PE,0,0,0,162.3,129,0,0,0,0,06-JUL-2020,
OPTSTK,COLPAL,24-Sep-2020,1500,PE,0,0,0,174.85,142.9,0,0,0,0,06-JUL-2020,
OPTSTK,COLPAL,24-Sep-2020,1520,PE,0,0,0,187.85,157.45,0,0,0,0,06-JUL-2020,
OPTSTK,COLPAL,24-Sep-2020,1540,PE,0,0,0,201.3,172.6,0,0,0,0,06-JUL-2020,
OPTSTK,COLPAL,24-Sep-2020,1560,PE,0,0,0,215.1,188.25,0,0,0,0,06-JUL-2020,
OPTSTK,COLPAL,24-Sep-2020,1580,PE,0,0,0,229.3,204.45,0,0,0,0,06-JUL-2020,
OPTSTK,COLPAL,24-Sep-2020,1600,PE,0,0,0,244,221.05,0,0,0,0,06-JUL-2020,
OPTSTK,COLPAL,24-Sep-2020,1620,PE,0,0,0,258.95,238.1,0,0,0,0,06-JUL-2020,
OPTSTK,COLPAL,24-Sep-2020,1640,PE,0,0,0,274.25,255.5,0,0,0,0,06-JUL-2020,
OPTSTK,COLPAL,24-Sep-2020,1660,PE,0,0,0,289.85,273.25,0,0,0,0,06-JUL-2020,
OPTSTK,COLPAL,24-Sep-2020,1680,PE,0,0,0,305.75,291.25,0,0,0,0,06-JUL-2020,
OPTSTK,COLPAL,24-Sep-2020,1700,PE,0,0,0,321.9,309.55,0,0,0,0,06-JUL-2020,
OPTSTK,COLPAL,24-Sep-2020,1720,PE,0,0,0,338.35,328.05,0,0,0,0,06-JUL-2020,
OPTSTK,COLPAL,24-Sep-2020,1740,PE,0,0,0,355.05,346.75,0,0,0,0,06-JUL-2020,
OPTSTK,COLPAL,24-Sep-2020,1760,PE,0,0,0,372,365.6,0,0,0,0,06-JUL-2020,
OPTSTK,CONCOR,30-Jul-2020,210,CE,0,0,0,169.7,222.1,0,0,0,0,06-JUL-2020,
OPTSTK,CONCOR,30-Jul-2020,220,CE,0,0,0,161.05,212.1,0,0,0,0,06-JUL-2020,
OPTSTK,CONCOR,30-Jul-2020,230,CE,0,0,0,152.65,202.15,0,0,0,0,06-JUL-2020,
OPTSTK,CONCOR,30-Jul-2020,240,CE,0,0,0,144.5,192.15,0,0,0,0,06-JUL-2020,
OPTSTK,CONCOR,30-Jul-2020,250,CE,0,0,0,136.6,182.2,0,0,0,0,06-JUL-2020,
OPTSTK,CONCOR,30-Jul-2020,260,CE,0,0,0,128.95,172.25,0,0,0,0,06-JUL-2020,
OPTSTK,CONCOR,30-Jul-2020,270,CE,0,0,0,121.65,162.25,0,0,0,0,06-JUL-2020,
OPTSTK,CONCOR,30-Jul-2020,280,CE,0,0,0,114.6,152.3,0,0,0,0,06-JUL-2020,
OPTSTK,CONCOR,30-Jul-2020,290,CE,0,0,0,107.85,142.3,0,0,0,0,06-JUL-2020,
OPTSTK,CONCOR,30-Jul-2020,300,CE,0,0,0,101.4,132.35,0,0,0,0,06-JUL-2020,
OPTSTK,CONCOR,30-Jul-2020,310,CE,0,0,0,121.05,122.4,0,0,0,0,06-JUL-2020,
OPTSTK,CONCOR,30-Jul-2020,320,CE,0,0,0,89.4,112.45,0,0,0,0,06-JUL-2020,
OPTSTK,CONCOR,30-Jul-2020,330,CE,0,0,0,83.8,102.55,0,0,0,0,06-JUL-2020,
OPTSTK,CONCOR,30-Jul-2020,340,CE,0,0,0,78.55,92.7,0,0,0,0,06-JUL-2020,
OPTSTK,CONCOR,30-Jul-2020,350,CE,0,0,0,73.55,82.95,0,0,0,0,06-JUL-2020,
OPTSTK,CONCOR,30-Jul-2020,360,CE,0,0,0,68.85,73.45,0,0,0,0,06-JUL-2020,
OPTSTK,CONCOR,30-Jul-2020,370,CE,0,0,0,64.4,64.2,0,0,0,0,06-JUL-2020,
OPTSTK,CONCOR,30-Jul-2020,380,CE,0,0,0,60.2,55.35,0,0,0,0,06-JUL-2020,
OPTSTK,CONCOR,30-Jul-2020,390,CE,0,0,0,56.25,47,0,0,0,0,06-JUL-2020,
OPTSTK,CONCOR,30-Jul-2020,400,CE,50.7,50.7,43.5,43.5,39.25,3,20.93,37512,-1563,06-JUL-2020,
OPTSTK,CONCOR,30-Jul-2020,410,CE,39.1,42,39.1,41.6,32.25,4,28.2,12504,-3126,06-JUL-2020,
OPTSTK,CONCOR,30-Jul-2020,420,CE,35,36.25,29.6,29.6,26,5,35.47,18756,1563,06-JUL-2020,
OPTSTK,CONCOR,30-Jul-2020,430,CE,25,31,20.95,22,22,51,364.18,109410,-9378,06-JUL-2020,
OPTSTK,CONCOR,30-Jul-2020,440,CE,21,24.95,16.9,17.9,17.9,118,850.52,60957,15630,06-JUL-2020,
OPTSTK,CONCOR,30-Jul-2020,450,CE,16.3,19.9,12.8,14.25,14.25,287,2093.47,121914,29697,06-JUL-2020,
OPTSTK,CONCOR,30-Jul-2020,460,CE,15.45,15.45,10,11.25,11.25,84,621.39,45327,21882,06-JUL-2020,
OPTSTK,CONCOR,30-Jul-2020,470,CE,13,13,8.3,8.3,6.75,27,203,18756,10941,06-JUL-2020,
OPTSTK,CONCOR,30-Jul-2020,480,CE,8.8,9.55,5.8,6.8,6.8,22,167.85,26571,7815,06-JUL-2020,
OPTSTK,CONCOR,30-Jul-2020,490,CE,0,0,0,8,3.45,0,0,3126,0,06-JUL-2020,
OPTSTK,CONCOR,30-Jul-2020,500,CE,4.3,5.75,3.05,4,4,102,804.79,220383,9378,06-JUL-2020,
OPTSTK,CONCOR,30-Jul-2020,510,CE,0,0,0,24.25,1.65,0,0,0,0,06-JUL-2020,
OPTSTK,CONCOR,30-Jul-2020,210,PE,0,0,0,4,0.05,0,0,0,0,06-JUL-2020,
OPTSTK,CONCOR,30-Jul-2020,220,PE,0,0,0,5.2,0.05,0,0,0,0,06-JUL-2020,
OPTSTK,CONCOR,30-Jul-2020,230,PE,0,0,0,6.65,0.05,0,0,0,0,06-JUL-2020,
OPTSTK,CONCOR,30-Jul-2020,240,PE,0,0,0,8.4,0.05,0,0,0,0,06-JUL-2020,
OPTSTK,CONCOR,30-Jul-2020,250,PE,0,0,0,10.35,0.05,0,0,0,0,06-JUL-2020,
OPTSTK,CONCOR,30-Jul-2020,260,PE,0,0,0,12.6,0.05,0,0,0,0,06-JUL-2020,
OPTSTK,CONCOR,30-Jul-2020,270,PE,0,0,0,15.15,0.05,0,0,0,0,06-JUL-2020,
OPTSTK,CONCOR,30-Jul-2020,280,PE,0,0,0,18,0.05,0,0,0,0,06-JUL-2020,
OPTSTK,CONCOR,30-Jul-2020,290,PE,0,0,0,21.1,0.05,0,0,0,0,06-JUL-2020,
OPTSTK,CONCOR,30-Jul-2020,300,PE,0,0,0,24.55,0.05,0,0,0,0,06-JUL-2020,
OPTSTK,CONCOR,30-Jul-2020,310,PE,0,0,0,28.25,0.05,0,0,0,0,06-JUL-2020,
OPTSTK,CONCOR,30-Jul-2020,320,PE,0,0,0,1.5,0.05,0,0,1563,0,06-JUL-2020,
OPTSTK,CONCOR,30-Jul-2020,330,PE,0,0,0,36.6,0.1,0,0,0,0,06-JUL-2020,
OPTSTK,CONCOR,30-Jul-2020,340,PE,0,0,0,3,0.25,0,0,39075,0,06-JUL-2020,
OPTSTK,CONCOR,30-Jul-2020,350,PE,0.75,1,0.7,1,0.5,12,65.82,17193,-3126,06-JUL-2020,
OPTSTK,CONCOR,30-Jul-2020,360,PE,2,2,2,2,0.95,1,5.65,12504,0,06-JUL-2020,
OPTSTK,CONCOR,30-Jul-2020,370,PE,0,0,0,4.45,1.65,0,0,18756,0,06-JUL-2020,
OPTSTK,CONCOR,30-Jul-2020,380,PE,0,0,0,4.8,2.75,0,0,29697,0,06-JUL-2020,
OPTSTK,CONCOR,30-Jul-2020,390,PE,4.35,5.6,4.35,5.6,5.6,8,49.42,23445,3126,06-JUL-2020,
OPTSTK,CONCOR,30-Jul-2020,400,PE,6.2,8.4,5.05,7.9,7.9,56,355.5,57831,9378,06-JUL-2020,
OPTSTK,CONCOR,30-Jul-2020,410,PE,9.05,10.65,7,10.65,9.6,11,71.88,12504,3126,06-JUL-2020,
OPTSTK,CONCOR,30-Jul-2020,420,PE,12.65,14.35,10,14.35,13.35,13,87.66,29697,-6252,06-JUL-2020,
OPTSTK,CONCOR,30-Jul-2020,430,PE,16.6,20,13.6,18.25,18.25,6,41.94,6252,3126,06-JUL-2020,
OPTSTK,CONCOR,30-Jul-2020,440,PE,20,26.55,16.9,26.55,23.3,6,43.11,9378,4689,06-JUL-2020,
OPTSTK,CONCOR,30-Jul-2020,450,PE,22.65,30.05,22.65,30.05,30.05,16,118.72,23445,18756,06-JUL-2020,
OPTSTK,CONCOR,30-Jul-2020,460,PE,0,0,0,115.7,36.4,0,0,0,0,06-JUL-2020,
OPTSTK,CONCOR,30-Jul-2020,470,PE,35.15,35.15,35.15,35.15,43.95,2,15.79,6252,3126,06-JUL-2020,
OPTSTK,CONCOR,30-Jul-2020,480,PE,0,0,0,65.4,52.05,0,0,3126,0,06-JUL-2020,
OPTSTK,CONCOR,30-Jul-2020,490,PE,0,0,0,73.7,60.6,0,0,1563,0,06-JUL-2020,
OPTSTK,CONCOR,30-Jul-2020,500,PE,0,0,0,146.65,69.55,0,0,0,0,06-JUL-2020,
OPTSTK,CONCOR,30-Jul-2020,510,PE,0,0,0,154.75,78.75,0,0,0,0,06-JUL-2020,
OPTSTK,CONCOR,27-Aug-2020,210,CE,0,0,0,146.75,222.75,0,0,0,0,06-JUL-2020,
OPTSTK,CONCOR,27-Aug-2020,220,CE,0,0,0,137.9,212.85,0,0,0,0,06-JUL-2020,
OPTSTK,CONCOR,27-Aug-2020,230,CE,0,0,0,129.25,202.9,0,0,0,0,06-JUL-2020,
OPTSTK,CONCOR,27-Aug-2020,240,CE,0,0,0,120.85,192.95,0,0,0,0,06-JUL-2020,
OPTSTK,CONCOR,27-Aug-2020,250,CE,0,0,0,112.8,183,0,0,0,0,06-JUL-2020,
OPTSTK,CONCOR,27-Aug-2020,260,CE,0,0,0,105,173.1,0,0,0,0,06-JUL-2020,
OPTSTK,CONCOR,27-Aug-2020,270,CE,0,0,0,97.6,163.15,0,0,0,0,06-JUL-2020,
OPTSTK,CONCOR,27-Aug-2020,280,CE,0,0,0,90.5,153.25,0,0,0,0,06-JUL-2020,
OPTSTK,CONCOR,27-Aug-2020,290,CE,0,0,0,83.75,143.4,0,0,0,0,06-JUL-2020,
OPTSTK,CONCOR,27-Aug-2020,300,CE,0,0,0,77.4,133.55,0,0,0,0,06-JUL-2020,
OPTSTK,CONCOR,27-Aug-2020,310,CE,0,0,0,71.4,123.85,0,0,0,0,06-JUL-2020,
OPTSTK,CONCOR,27-Aug-2020,320,CE,0,0,0,65.75,114.2,0,0,0,0,06-JUL-2020,
OPTSTK,CONCOR,27-Aug-2020,330,CE,0,0,0,60.45,104.75,0,0,0,0,06-JUL-2020,
OPTSTK,CONCOR,27-Aug-2020,340,CE,0,0,0,55.5,95.5,0,0,0,0,06-JUL-2020,
OPTSTK,CONCOR,27-Aug-2020,350,CE,0,0,0,50.85,86.5,0,0,0,0,06-JUL-2020,
OPTSTK,CONCOR,27-Aug-2020,360,CE,0,0,0,46.55,77.8,0,0,0,0,06-JUL-2020,
OPTSTK,CONCOR,27-Aug-2020,370,CE,0,0,0,42.6,69.55,0,0,0,0,06-JUL-2020,
OPTSTK,CONCOR,27-Aug-2020,380,CE,0,0,0,38.9,61.7,0,0,0,0,06-JUL-2020,
OPTSTK,CONCOR,27-Aug-2020,390,CE,0,0,0,35.5,54.35,0,0,0,0,06-JUL-2020,
OPTSTK,CONCOR,27-Aug-2020,400,CE,0,0,0,32.35,47.5,0,0,0,0,06-JUL-2020,
OPTSTK,CONCOR,27-Aug-2020,410,CE,0,0,0,29.45,41.2,0,0,0,0,06-JUL-2020,
OPTSTK,CONCOR,27-Aug-2020,420,CE,0,0,0,26.8,35.5,0,0,0,0,06-JUL-2020,
OPTSTK,CONCOR,27-Aug-2020,430,CE,0,0,0,24.4,30.35,0,0,0,0,06-JUL-2020,
OPTSTK,CONCOR,27-Aug-2020,440,CE,0,0,0,22.15,25.75,0,0,0,0,06-JUL-2020,
OPTSTK,CONCOR,27-Aug-2020,450,CE,0,0,0,20.15,21.7,0,0,0,0,06-JUL-2020,
OPTSTK,CONCOR,27-Aug-2020,460,CE,0,0,0,18.25,18.15,0,0,0,0,06-JUL-2020,
OPTSTK,CONCOR,27-Aug-2020,470,CE,0,0,0,16.6,15.05,0,0,0,0,06-JUL-2020,
OPTSTK,CONCOR,27-Aug-2020,480,CE,0,0,0,15,12.45,0,0,0,0,06-JUL-2020,
OPTSTK,CONCOR,27-Aug-2020,490,CE,0,0,0,13.6,10.2,0,0,0,0,06-JUL-2020,
OPTSTK,CONCOR,27-Aug-2020,500,CE,0,0,0,12.3,8.3,0,0,0,0,06-JUL-2020,
OPTSTK,CONCOR,27-Aug-2020,510,CE,0,0,0,11.15,6.7,0,0,0,0,06-JUL-2020,
OPTSTK,CONCOR,27-Aug-2020,210,PE,0,0,0,2.55,0.05,0,0,0,0,06-JUL-2020,
OPTSTK,CONCOR,27-Aug-2020,220,PE,0,0,0,3.55,0.05,0,0,0,0,06-JUL-2020,
OPTSTK,CONCOR,27-Aug-2020,230,PE,0,0,0,4.8,0.05,0,0,0,0,06-JUL-2020,
OPTSTK,CONCOR,27-Aug-2020,240,PE,0,0,0,6.3,0.05,0,0,0,0,06-JUL-2020,
OPTSTK,CONCOR,27-Aug-2020,250,PE,0,0,0,8.1,0.05,0,0,0,0,06-JUL-2020,
OPTSTK,CONCOR,27-Aug-2020,260,PE,0,0,0,10.2,0.05,0,0,0,0,06-JUL-2020,
OPTSTK,CONCOR,27-Aug-2020,270,PE,0,0,0,12.65,0.05,0,0,0,0,06-JUL-2020,
OPTSTK,CONCOR,27-Aug-2020,280,PE,0,0,0,15.45,0.05,0,0,0,0,06-JUL-2020,
OPTSTK,CONCOR,27-Aug-2020,290,PE,0,0,0,18.6,0.15,0,0,0,0,06-JUL-2020,
OPTSTK,CONCOR,27-Aug-2020,300,PE,0,0,0,22.1,0.25,0,0,0,0,06-JUL-2020,
OPTSTK,CONCOR,27-Aug-2020,310,PE,0,0,0,25.95,0.45,0,0,0,0,06-JUL-2020,
OPTSTK,CONCOR,27-Aug-2020,320,PE,0,0,0,30.2,0.75,0,0,0,0,06-JUL-2020,
OPTSTK,CONCOR,27-Aug-2020,330,PE,0,0,0,34.75,1.25,0,0,0,0,06-JUL-2020,
OPTSTK,CONCOR,27-Aug-2020,340,PE,0,0,0,39.7,1.95,0,0,0,0,06-JUL-2020,
OPTSTK,CONCOR,27-Aug-2020,350,PE,0,0,0,44.95,2.9,0,0,0,0,06-JUL-2020,
OPTSTK,CONCOR,27-Aug-2020,360,PE,0,0,0,50.55,4.15,0,0,0,0,06-JUL-2020,
OPTSTK,CONCOR,27-Aug-2020,370,PE,0,0,0,56.45,5.8,0,0,0,0,06-JUL-2020,
OPTSTK,CONCOR,27-Aug-2020,380,PE,0,0,0,62.65,7.9,0,0,0,0,06-JUL-2020,
OPTSTK,CONCOR,27-Aug-2020,390,PE,0,0,0,69.1,10.5,0,0,0,0,06-JUL-2020,
OPTSTK,CONCOR,27-Aug-2020,400,PE,0,0,0,75.85,13.6,0,0,0,0,06-JUL-2020,
OPTSTK,CONCOR,27-Aug-2020,410,PE,0,0,0,82.85,17.25,0,0,0,0,06-JUL-2020,
OPTSTK,CONCOR,27-Aug-2020,420,PE,0,0,0,90.05,21.45,0,0,0,0,06-JUL-2020,
OPTSTK,CONCOR,27-Aug-2020,430,PE,0,0,0,97.5,26.25,0,0,0,0,06-JUL-2020,
OPTSTK,CONCOR,27-Aug-2020,440,PE,0,0,0,105.2,31.6,0,0,0,0,06-JUL-2020,
OPTSTK,CONCOR,27-Aug-2020,450,PE,0,0,0,113,37.5,0,0,0,0,06-JUL-2020,
OPTSTK,CONCOR,27-Aug-2020,460,PE,0,0,0,121.05,43.85,0,0,0,0,06-JUL-2020,
OPTSTK,CONCOR,27-Aug-2020,470,PE,0,0,0,129.2,50.75,0,0,0,0,06-JUL-2020,
OPTSTK,CONCOR,27-Aug-2020,480,PE,0,0,0,137.55,58.05,0,0,0,0,06-JUL-2020,
OPTSTK,CONCOR,27-Aug-2020,490,PE,0,0,0,146,65.75,0,0,0,0,06-JUL-2020,
OPTSTK,CONCOR,27-Aug-2020,500,PE,0,0,0,154.6,73.8,0,0,0,0,06-JUL-2020,
OPTSTK,CONCOR,27-Aug-2020,510,PE,0,0,0,163.3,82.15,0,0,0,0,06-JUL-2020,
OPTSTK,CONCOR,24-Sep-2020,270,CE,0,0,0,160.85,164.25,0,0,0,0,06-JUL-2020,
OPTSTK,CONCOR,24-Sep-2020,280,CE,0,0,0,151.6,154.5,0,0,0,0,06-JUL-2020,
OPTSTK,CONCOR,24-Sep-2020,290,CE,0,0,0,142.5,144.8,0,0,0,0,06-JUL-2020,
OPTSTK,CONCOR,24-Sep-2020,300,CE,0,0,0,133.6,135.25,0,0,0,0,06-JUL-2020,
OPTSTK,CONCOR,24-Sep-2020,310,CE,0,0,0,124.95,125.85,0,0,0,0,06-JUL-2020,
OPTSTK,CONCOR,24-Sep-2020,320,CE,0,0,0,116.6,116.65,0,0,0,0,06-JUL-2020,
OPTSTK,CONCOR,24-Sep-2020,330,CE,0,0,0,108.5,107.65,0,0,0,0,06-JUL-2020,
OPTSTK,CONCOR,24-Sep-2020,340,CE,0,0,0,100.7,98.95,0,0,0,0,06-JUL-2020,
OPTSTK,CONCOR,24-Sep-2020,350,CE,0,0,0,93.2,90.5,0,0,0,0,06-JUL-2020,
OPTSTK,CONCOR,24-Sep-2020,360,CE,0,0,0,86.05,82.45,0,0,0,0,06-JUL-2020,
OPTSTK,CONCOR,24-Sep-2020,370,CE,0,0,0,79.3,74.75,0,0,0,0,06-JUL-2020,
OPTSTK,CONCOR,24-Sep-2020,380,CE,0,0,0,72.85,67.45,0,0,0,0,06-JUL-2020,
OPTSTK,CONCOR,24-Sep-2020,390,CE,0,0,0,66.8,60.6,0,0,0,0,06-JUL-2020,
OPTSTK,CONCOR,24-Sep-2020,400,CE,0,0,0,61.1,54.2,0,0,0,0,06-JUL-2020,
OPTSTK,CONCOR,24-Sep-2020,410,CE,0,0,0,55.75,48.25,0,0,0,0,06-JUL-2020,
OPTSTK,CONCOR,24-Sep-2020,420,CE,0,0,0,50.8,42.8,0,0,0,0,06-JUL-2020,
OPTSTK,CONCOR,24-Sep-2020,430,CE,0,0,0,46.15,37.75,0,0,0,0,06-JUL-2020,
OPTSTK,CONCOR,24-Sep-2020,440,CE,0,0,0,41.9,33.2,0,0,0,0,06-JUL-2020,
OPTSTK,CONCOR,24-Sep-2020,450,CE,0,0,0,37.9,29.05,0,0,0,0,06-JUL-2020,
OPTSTK,CONCOR,24-Sep-2020,460,CE,0,0,0,34.25,25.35,0,0,0,0,06-JUL-2020,
OPTSTK,CONCOR,24-Sep-2020,470,CE,0,0,0,30.9,22,0,0,0,0,06-JUL-2020,
OPTSTK,CONCOR,24-Sep-2020,480,CE,0,0,0,27.85,19.05,0,0,0,0,06-JUL-2020,
OPTSTK,CONCOR,24-Sep-2020,490,CE,0,0,0,25.05,16.4,0,0,0,0,06-JUL-2020,
OPTSTK,CONCOR,24-Sep-2020,500,CE,0,0,0,22.5,14.1,0,0,0,0,06-JUL-2020,
OPTSTK,CONCOR,24-Sep-2020,510,CE,0,0,0,20.2,12.05,0,0,0,0,06-JUL-2020,
OPTSTK,CONCOR,24-Sep-2020,270,PE,0,0,0,1.5,0.25,0,0,0,0,06-JUL-2020,
OPTSTK,CONCOR,24-Sep-2020,280,PE,0,0,0,2.15,0.4,0,0,0,0,06-JUL-2020,
OPTSTK,CONCOR,24-Sep-2020,290,PE,0,0,0,2.95,0.65,0,0,0,0,06-JUL-2020,
OPTSTK,CONCOR,24-Sep-2020,300,PE,0,0,0,3.95,1,0,0,0,0,06-JUL-2020,
OPTSTK,CONCOR,24-Sep-2020,310,PE,0,0,0,5.15,1.5,0,0,0,0,06-JUL-2020,
OPTSTK,CONCOR,24-Sep-2020,320,PE,0,0,0,6.65,2.2,0,0,0,0,06-JUL-2020,
OPTSTK,CONCOR,24-Sep-2020,330,PE,0,0,0,8.45,3.1,0,0,0,0,06-JUL-2020,
OPTSTK,CONCOR,24-Sep-2020,340,PE,0,0,0,10.55,4.3,0,0,0,0,06-JUL-2020,
OPTSTK,CONCOR,24-Sep-2020,350,PE,0,0,0,12.95,5.75,0,0,0,0,06-JUL-2020,
OPTSTK,CONCOR,24-Sep-2020,360,PE,0,0,0,15.7,7.6,0,0,0,0,06-JUL-2020,
OPTSTK,CONCOR,24-Sep-2020,370,PE,0,0,0,18.8,9.8,0,0,0,0,06-JUL-2020,
OPTSTK,CONCOR,24-Sep-2020,380,PE,0,0,0,22.25,12.45,0,0,0,0,06-JUL-2020,
OPTSTK,CONCOR,24-Sep-2020,390,PE,0,0,0,26.05,15.5,0,0,0,0,06-JUL-2020,
OPTSTK,CONCOR,24-Sep-2020,400,PE,0,0,0,30.25,19,0,0,0,0,06-JUL-2020,
OPTSTK,CONCOR,24-Sep-2020,410,PE,0,0,0,34.8,22.95,0,0,0,0,06-JUL-2020,
OPTSTK,CONCOR,24-Sep-2020,420,PE,0,0,0,39.7,27.4,0,0,0,0,06-JUL-2020,
OPTSTK,CONCOR,24-Sep-2020,430,PE,0,0,0,45,32.3,0,0,0,0,06-JUL-2020,
OPTSTK,CONCOR,24-Sep-2020,440,PE,0,0,0,50.6,37.6,0,0,0,0,06-JUL-2020,
OPTSTK,CONCOR,24-Sep-2020,450,PE,0,0,0,56.5,43.4,0,0,0,0,06-JUL-2020,
OPTSTK,CONCOR,24-Sep-2020,460,PE,0,0,0,62.75,49.55,0,0,0,0,06-JUL-2020,
OPTSTK,CONCOR,24-Sep-2020,470,PE,0,0,0,69.25,56.15,0,0,0,0,06-JUL-2020,
OPTSTK,CONCOR,24-Sep-2020,480,PE,0,0,0,76.1,63.1,0,0,0,0,06-JUL-2020,
OPTSTK,CONCOR,24-Sep-2020,490,PE,0,0,0,83.15,70.35,0,0,0,0,06-JUL-2020,
OPTSTK,CONCOR,24-Sep-2020,500,PE,0,0,0,90.5,77.95,0,0,0,0,06-JUL-2020,
OPTSTK,CONCOR,24-Sep-2020,510,PE,0,0,0,98.05,85.85,0,0,0,0,06-JUL-2020,
OPTSTK,CUMMINSIND,30-Jul-2020,200,CE,0,0,0,182.75,231.7,0,0,0,0,06-JUL-2020,
OPTSTK,CUMMINSIND,30-Jul-2020,210,CE,0,0,0,173.8,221.75,0,0,0,0,06-JUL-2020,
OPTSTK,CUMMINSIND,30-Jul-2020,220,CE,0,0,0,165.05,211.75,0,0,0,0,06-JUL-2020,
OPTSTK,CUMMINSIND,30-Jul-2020,230,CE,0,0,0,156.55,201.8,0,0,0,0,06-JUL-2020,
OPTSTK,CUMMINSIND,30-Jul-2020,240,CE,0,0,0,148.25,191.8,0,0,0,0,06-JUL-2020,
OPTSTK,CUMMINSIND,30-Jul-2020,250,CE,0,0,0,140.25,181.85,0,0,0,0,06-JUL-2020,
OPTSTK,CUMMINSIND,30-Jul-2020,255,CE,0,0,0,110.95,176.85,0,0,0,0,06-JUL-2020,
OPTSTK,CUMMINSIND,30-Jul-2020,260,CE,0,0,0,132.55,171.9,0,0,0,0,06-JUL-2020,
OPTSTK,CUMMINSIND,30-Jul-2020,265,CE,0,0,0,102.45,166.9,0,0,0,0,06-JUL-2020,
OPTSTK,CUMMINSIND,30-Jul-2020,270,CE,0,0,0,125.1,161.9,0,0,0,0,06-JUL-2020,
OPTSTK,CUMMINSIND,30-Jul-2020,275,CE,0,0,0,94.3,156.9,0,0,0,0,06-JUL-2020,
OPTSTK,CUMMINSIND,30-Jul-2020,280,CE,0,0,0,117.9,151.95,0,0,0,0,06-JUL-2020,
OPTSTK,CUMMINSIND,30-Jul-2020,285,CE,0,0,0,86.5,146.95,0,0,0,0,06-JUL-2020,
OPTSTK,CUMMINSIND,30-Jul-2020,290,CE,0,0,0,111.05,141.95,0,0,0,0,06-JUL-2020,
OPTSTK,CUMMINSIND,30-Jul-2020,295,CE,0,0,0,79.1,136.95,0,0,0,0,06-JUL-2020,
OPTSTK,CUMMINSIND,30-Jul-2020,300,CE,0,0,0,104.45,132,0,0,0,0,06-JUL-2020,
OPTSTK,CUMMINSIND,30-Jul-2020,305,CE,0,0,0,72.1,127,0,0,0,0,06-JUL-2020,
OPTSTK,CUMMINSIND,30-Jul-2020,310,CE,0,0,0,98.15,122,0,0,0,0,06-JUL-2020,
OPTSTK,CUMMINSIND,30-Jul-2020,315,CE,0,0,0,65.5,117.05,0,0,0,0,06-JUL-2020,
OPTSTK,CUMMINSIND,30-Jul-2020,320,CE,0,0,0,92.15,112.05,0,0,0,0,06-JUL-2020,
OPTSTK,CUMMINSIND,30-Jul-2020,325,CE,0,0,0,59.3,107.05,0,0,0,0,06-JUL-2020,
OPTSTK,CUMMINSIND,30-Jul-2020,330,CE,0,0,0,86.5,102.1,0,0,0,0,06-JUL-2020,
OPTSTK,CUMMINSIND,30-Jul-2020,335,CE,0,0,0,53.55,97.1,0,0,0,0,06-JUL-2020,
OPTSTK,CUMMINSIND,30-Jul-2020,340,CE,0,0,0,81.1,92.15,0,0,0,0,06-JUL-2020,
OPTSTK,CUMMINSIND,30-Jul-2020,345,CE,0,0,0,48.25,87.2,0,0,0,0,06-JUL-2020,
OPTSTK,CUMMINSIND,30-Jul-2020,350,CE,0,0,0,75.95,82.3,0,0,0,0,06-JUL-2020,
OPTSTK,CUMMINSIND,30-Jul-2020,355,CE,0,0,0,43.3,77.4,0,0,0,0,06-JUL-2020,
OPTSTK,CUMMINSIND,30-Jul-2020,360,CE,0,0,0,38,72.55,0,0,1200,0,06-JUL-2020,
OPTSTK,CUMMINSIND,30-Jul-2020,365,CE,0,0,0,38.8,67.7,0,0,0,0,06-JUL-2020,
OPTSTK,CUMMINSIND,30-Jul-2020,370,CE,0,0,0,42,62.95,0,0,0,0,06-JUL-2020,
OPTSTK,CUMMINSIND,30-Jul-2020,375,CE,0,0,0,34.65,58.3,0,0,0,0,06-JUL-2020,
OPTSTK,CUMMINSIND,30-Jul-2020,380,CE,57.5,57.5,57.5,57.5,53.7,1,5.25,26400,-1200,06-JUL-2020,
OPTSTK,CUMMINSIND,30-Jul-2020,385,CE,0,0,0,30.9,49.25,0,0,0,0,06-JUL-2020,
OPTSTK,CUMMINSIND,30-Jul-2020,390,CE,0,0,0,21.85,44.95,0,0,1200,0,06-JUL-2020,
OPTSTK,CUMMINSIND,30-Jul-2020,395,CE,0,0,0,21.3,40.75,0,0,1200,0,06-JUL-2020,
OPTSTK,CUMMINSIND,30-Jul-2020,400,CE,28.9,42.95,28.25,40.9,36.8,36,188.32,27600,-12000,06-JUL-2020,
OPTSTK,CUMMINSIND,30-Jul-2020,405,CE,25.65,25.65,25.65,25.65,33,1,5.16,10800,0,06-JUL-2020,
OPTSTK,CUMMINSIND,30-Jul-2020,410,CE,26,33.35,21.95,33.3,33.3,41,215.34,24000,-10800,06-JUL-2020,
OPTSTK,CUMMINSIND,30-Jul-2020,415,CE,21.65,29.15,19.45,29.15,26.05,14,73.78,2400,2400,06-JUL-2020,
OPTSTK,CUMMINSIND,30-Jul-2020,420,CE,19.2,29,17,28.05,28.05,817,4344.12,62400,-122400,06-JUL-2020,
OPTSTK,CUMMINSIND,30-Jul-2020,425,CE,23.5,23.5,21.5,21.5,20.05,4,21.48,4800,4800,06-JUL-2020,
OPTSTK,CUMMINSIND,30-Jul-2020,430,CE,14,24,13.9,23.3,23.3,410,2220.02,68400,60000,06-JUL-2020,
OPTSTK,CUMMINSIND,30-Jul-2020,435,CE,18.05,20.7,18.05,20.4,20.4,4,21.83,3600,3600,06-JUL-2020,
OPTSTK,CUMMINSIND,30-Jul-2020,440,CE,11.8,19.35,10.35,18.3,18.3,886,4857.01,134400,124800,06-JUL-2020,
OPTSTK,CUMMINSIND,30-Jul-2020,445,CE,0,0,0,14.85,10.95,0,0,0,0,06-JUL-2020,
OPTSTK,CUMMINSIND,30-Jul-2020,450,CE,9.9,15.65,9,14.95,14.95,177,985.43,72000,50400,06-JUL-2020,
OPTSTK,CUMMINSIND,30-Jul-2020,455,CE,12.2,12.2,10.2,10.2,7.75,4,22.37,3600,2400,06-JUL-2020,
OPTSTK,CUMMINSIND,30-Jul-2020,460,CE,6.3,12.45,6.3,11.75,11.75,39,220.31,34800,26400,06-JUL-2020,
OPTSTK,CUMMINSIND,30-Jul-2020,465,CE,0,0,0,11.5,5.35,0,0,0,0,06-JUL-2020,
OPTSTK,CUMMINSIND,30-Jul-2020,470,CE,7.35,7.55,6.85,7.35,4.4,4,22.9,9600,3600,06-JUL-2020,
OPTSTK,CUMMINSIND,30-Jul-2020,475,CE,0,0,0,10.1,3.6,0,0,0,0,06-JUL-2020,
OPTSTK,CUMMINSIND,30-Jul-2020,480,CE,6.1,8.15,2.7,6.55,6.55,12,70.02,8400,4800,06-JUL-2020,
OPTSTK,CUMMINSIND,30-Jul-2020,485,CE,0,0,0,11.85,2.35,0,0,0,0,06-JUL-2020,
OPTSTK,CUMMINSIND,30-Jul-2020,490,CE,0,0,0,28.95,1.85,0,0,0,0,06-JUL-2020,
OPTSTK,CUMMINSIND,30-Jul-2020,495,CE,0,0,0,10.4,1.5,0,0,0,0,06-JUL-2020,
OPTSTK,CUMMINSIND,30-Jul-2020,500,CE,2.5,5.45,2.5,4.85,4.85,77,466.06,45600,43200,06-JUL-2020,
OPTSTK,CUMMINSIND,30-Jul-2020,510,CE,0,0,0,25.1,0.7,0,0,0,0,06-JUL-2020,
OPTSTK,CUMMINSIND,30-Jul-2020,520,CE,0,0,0,23.35,0.45,0,0,0,0,06-JUL-2020,
OPTSTK,CUMMINSIND,30-Jul-2020,530,CE,0,0,0,21.75,0.25,0,0,0,0,06-JUL-2020,
OPTSTK,CUMMINSIND,30-Jul-2020,540,CE,0,0,0,20.25,0.15,0,0,0,0,06-JUL-2020,
OPTSTK,CUMMINSIND,30-Jul-2020,550,CE,0,0,0,18.85,0.1,0,0,0,0,06-JUL-2020,
OPTSTK,CUMMINSIND,30-Jul-2020,560,CE,0,0,0,17.55,0.05,0,0,0,0,06-JUL-2020,
OPTSTK,CUMMINSIND,30-Jul-2020,200,PE,0,0,0,2.7,0.05,0,0,0,0,06-JUL-2020,
OPTSTK,CUMMINSIND,30-Jul-2020,210,PE,0,0,0,3.6,0.05,0,0,0,0,06-JUL-2020,
OPTSTK,CUMMINSIND,30-Jul-2020,220,PE,0,0,0,4.75,0.05,0,0,0,0,06-JUL-2020,
OPTSTK,CUMMINSIND,30-Jul-2020,230,PE,0,0,0,6.1,0.05,0,0,0,0,06-JUL-2020,
OPTSTK,CUMMINSIND,30-Jul-2020,240,PE,0,0,0,7.75,0.05,0,0,0,0,06-JUL-2020,
OPTSTK,CUMMINSIND,30-Jul-2020,250,PE,0,0,0,9.6,0.05,0,0,0,0,06-JUL-2020,
OPTSTK,CUMMINSIND,30-Jul-2020,255,PE,0,0,0,4.1,0.05,0,0,0,0,06-JUL-2020,
OPTSTK,CUMMINSIND,30-Jul-2020,260,PE,0,0,0,11.75,0.05,0,0,0,0,06-JUL-2020,
OPTSTK,CUMMINSIND,30-Jul-2020,265,PE,0,0,0,5.55,0.05,0,0,0,0,06-JUL-2020,
OPTSTK,CUMMINSIND,30-Jul-2020,270,PE,0,0,0,14.15,0.05,0,0,0,0,06-JUL-2020,
OPTSTK,CUMMINSIND,30-Jul-2020,275,PE,0,0,0,7.3,0.05,0,0,0,0,06-JUL-2020,
OPTSTK,CUMMINSIND,30-Jul-2020,280,PE,0,0,0,16.85,0.05,0,0,0,0,06-JUL-2020,
OPTSTK,CUMMINSIND,30-Jul-2020,285,PE,0,0,0,9.4,0.05,0,0,0,0,06-JUL-2020,
OPTSTK,CUMMINSIND,30-Jul-2020,290,PE,0,0,0,19.85,0.05,0,0,0,0,06-JUL-2020,
OPTSTK,CUMMINSIND,30-Jul-2020,295,PE,0,0,0,11.95,0.05,0,0,0,0,06-JUL-2020,
OPTSTK,CUMMINSIND,30-Jul-2020,300,PE,0,0,0,1.5,0.05,0,0,2400,0,06-JUL-2020,
OPTSTK,CUMMINSIND,30-Jul-2020,305,PE,0,0,0,14.85,0.05,0,0,0,0,06-JUL-2020,
OPTSTK,CUMMINSIND,30-Jul-2020,310,PE,0,0,0,26.75,0.05,0,0,0,0,06-JUL-2020,
OPTSTK,CUMMINSIND,30-Jul-2020,315,PE,0,0,0,18.15,0.05,0,0,0,0,06-JUL-2020,
OPTSTK,CUMMINSIND,30-Jul-2020,320,PE,0,0,0,30.6,0.05,0,0,0,0,06-JUL-2020,
OPTSTK,CUMMINSIND,30-Jul-2020,325,PE,0,0,0,21.9,0.05,0,0,0,0,06-JUL-2020,
OPTSTK,CUMMINSIND,30-Jul-2020,330,PE,0,0,0,7.05,0.05,0,0,3600,0,06-JUL-2020,
OPTSTK,CUMMINSIND,30-Jul-2020,335,PE,0,0,0,26.05,0.05,0,0,0,0,06-JUL-2020,
OPTSTK,CUMMINSIND,30-Jul-2020,340,PE,0,0,0,5,0.05,0,0,24000,0,06-JUL-2020,
OPTSTK,CUMMINSIND,30-Jul-2020,345,PE,0,0,0,30.65,0.1,0,0,0,0,06-JUL-2020,
OPTSTK,CUMMINSIND,30-Jul-2020,350,PE,0,0,0,3.9,0.15,0,0,0,0,06-JUL-2020,
OPTSTK,CUMMINSIND,30-Jul-2020,355,PE,0,0,0,35.65,0.25,0,0,0,0,06-JUL-2020,
OPTSTK,CUMMINSIND,30-Jul-2020,360,PE,0,0,0,4.5,0.35,0,0,3600,0,06-JUL-2020,
OPTSTK,CUMMINSIND,30-Jul-2020,365,PE,0,0,0,41.05,0.55,0,0,0,0,06-JUL-2020,
OPTSTK,CUMMINSIND,30-Jul-2020,370,PE,0,0,0,7.45,0.8,0,0,3600,0,06-JUL-2020,
OPTSTK,CUMMINSIND,30-Jul-2020,375,PE,0,0,0,46.8,1.1,0,0,0,0,06-JUL-2020,
OPTSTK,CUMMINSIND,30-Jul-2020,380,PE,7,7,3.9,3.9,1.5,32,148.13,28800,-27600,06-JUL-2020,
OPTSTK,CUMMINSIND,30-Jul-2020,385,PE,0,0,0,52.95,2.05,0,0,0,0,06-JUL-2020,
OPTSTK,CUMMINSIND,30-Jul-2020,390,PE,10.7,10.7,10.7,10.7,2.7,1,4.8,7200,0,06-JUL-2020,
OPTSTK,CUMMINSIND,30-Jul-2020,395,PE,0,0,0,59.45,3.5,0,0,0,0,06-JUL-2020,
OPTSTK,CUMMINSIND,30-Jul-2020,400,PE,14,15.5,7.8,8.3,8.3,83,407.81,64800,30000,06-JUL-2020,
OPTSTK,CUMMINSIND,30-Jul-2020,405,PE,0,0,0,24.9,5.7,0,0,2400,0,06-JUL-2020,
OPTSTK,CUMMINSIND,30-Jul-2020,410,PE,13,14.75,10.6,10.6,10.6,4,20.28,3600,0,06-JUL-2020,
OPTSTK,CUMMINSIND,30-Jul-2020,415,PE,0,0,0,73.4,8.75,0,0,0,0,06-JUL-2020,
OPTSTK,CUMMINSIND,30-Jul-2020,420,PE,22.05,24.05,14.9,15.25,15.25,64,336.09,42000,39600,06-JUL-2020,
OPTSTK,CUMMINSIND,30-Jul-2020,425,PE,0,0,0,40.8,12.7,0,0,1200,0,06-JUL-2020,
OPTSTK,CUMMINSIND,30-Jul-2020,430,PE,20,22.1,20,20,20,10,54.09,4800,4800,06-JUL-2020,
OPTSTK,CUMMINSIND,30-Jul-2020,435,PE,0,0,0,88.5,17.65,0,0,0,0,06-JUL-2020,
OPTSTK,CUMMINSIND,30-Jul-2020,440,PE,29.45,29.45,25,25,25,6,33.55,2400,2400,06-JUL-2020,
OPTSTK,CUMMINSIND,30-Jul-2020,445,PE,0,0,0,96.45,23.55,0,0,0,0,06-JUL-2020,
OPTSTK,CUMMINSIND,30-Jul-2020,450,PE,30.4,30.4,30.4,30.4,30.4,1,5.76,4800,1200,06-JUL-2020,
OPTSTK,CUMMINSIND,30-Jul-2020,455,PE,0,0,0,104.55,30.35,0,0,0,0,06-JUL-2020,
OPTSTK,CUMMINSIND,30-Jul-2020,460,PE,0,0,0,112.45,34,0,0,0,0,06-JUL-2020,
OPTSTK,CUMMINSIND,30-Jul-2020,465,PE,0,0,0,112.85,37.9,0,0,0,0,06-JUL-2020,
OPTSTK,CUMMINSIND,30-Jul-2020,470,PE,0,0,0,119.9,41.95,0,0,0,0,06-JUL-2020,
OPTSTK,CUMMINSIND,30-Jul-2020,475,PE,0,0,0,121.4,46.1,0,0,0,0,06-JUL-2020,
OPTSTK,CUMMINSIND,30-Jul-2020,480,PE,0,0,0,127.5,50.4,0,0,0,0,06-JUL-2020,
OPTSTK,CUMMINSIND,30-Jul-2020,485,PE,0,0,0,116.6,54.85,0,0,0,0,06-JUL-2020,
OPTSTK,CUMMINSIND,30-Jul-2020,490,PE,0,0,0,135.25,59.35,0,0,0,0,06-JUL-2020,
OPTSTK,CUMMINSIND,30-Jul-2020,495,PE,0,0,0,125.1,63.95,0,0,0,0,06-JUL-2020,
OPTSTK,CUMMINSIND,30-Jul-2020,500,PE,70,70,70,70,68.65,1,6.84,2400,1200,06-JUL-2020,
OPTSTK,CUMMINSIND,30-Jul-2020,510,PE,0,0,0,151.15,78.15,0,0,0,0,06-JUL-2020,
OPTSTK,CUMMINSIND,30-Jul-2020,520,PE,0,0,0,110.5,87.85,0,0,2400,0,06-JUL-2020,
OPTSTK,CUMMINSIND,30-Jul-2020,530,PE,0,0,0,167.55,97.6,0,0,0,0,06-JUL-2020,
OPTSTK,CUMMINSIND,30-Jul-2020,540,PE,0,0,0,175.9,107.5,0,0,0,0,06-JUL-2020,
OPTSTK,CUMMINSIND,30-Jul-2020,550,PE,0,0,0,184.35,117.4,0,0,0,0,06-JUL-2020,
OPTSTK,CUMMINSIND,30-Jul-2020,560,PE,0,0,0,192.95,127.35,0,0,0,0,06-JUL-2020,
OPTSTK,CUMMINSIND,27-Aug-2020,240,CE,0,0,0,127.55,192.6,0,0,0,0,06-JUL-2020,
OPTSTK,CUMMINSIND,27-Aug-2020,245,CE,0,0,0,123.35,187.65,0,0,0,0,06-JUL-2020,
OPTSTK,CUMMINSIND,27-Aug-2020,250,CE,0,0,0,119.2,182.65,0,0,0,0,06-JUL-2020,
OPTSTK,CUMMINSIND,27-Aug-2020,255,CE,0,0,0,115.15,177.7,0,0,0,0,06-JUL-2020,
OPTSTK,CUMMINSIND,27-Aug-2020,260,CE,0,0,0,111.15,172.7,0,0,0,0,06-JUL-2020,
OPTSTK,CUMMINSIND,27-Aug-2020,265,CE,0,0,0,107.25,167.75,0,0,0,0,06-JUL-2020,
OPTSTK,CUMMINSIND,27-Aug-2020,270,CE,0,0,0,103.4,162.8,0,0,0,0,06-JUL-2020,
OPTSTK,CUMMINSIND,27-Aug-2020,275,CE,0,0,0,99.65,157.8,0,0,0,0,06-JUL-2020,
OPTSTK,CUMMINSIND,27-Aug-2020,280,CE,0,0,0,96,152.85,0,0,0,0,06-JUL-2020,
OPTSTK,CUMMINSIND,27-Aug-2020,285,CE,0,0,0,92.45,147.9,0,0,0,0,06-JUL-2020,
OPTSTK,CUMMINSIND,27-Aug-2020,290,CE,0,0,0,88.95,142.95,0,0,0,0,06-JUL-2020,
OPTSTK,CUMMINSIND,27-Aug-2020,295,CE,0,0,0,85.55,137.95,0,0,0,0,06-JUL-2020,
OPTSTK,CUMMINSIND,27-Aug-2020,300,CE,0,0,0,82.25,133,0,0,0,0,06-JUL-2020,
OPTSTK,CUMMINSIND,27-Aug-2020,305,CE,0,0,0,79.05,128.1,0,0,0,0,06-JUL-2020,
OPTSTK,CUMMINSIND,27-Aug-2020,310,CE,0,0,0,75.9,123.15,0,0,0,0,06-JUL-2020,
OPTSTK,CUMMINSIND,27-Aug-2020,315,CE,0,0,0,72.85,118.25,0,0,0,0,06-JUL-2020,
OPTSTK,CUMMINSIND,27-Aug-2020,320,CE,0,0,0,69.9,113.35,0,0,0,0,06-JUL-2020,
OPTSTK,CUMMINSIND,27-Aug-2020,325,CE,0,0,0,67.05,108.45,0,0,0,0,06-JUL-2020,
OPTSTK,CUMMINSIND,27-Aug-2020,330,CE,0,0,0,64.3,103.65,0,0,0,0,06-JUL-2020,
OPTSTK,CUMMINSIND,27-Aug-2020,335,CE,0,0,0,61.6,98.8,0,0,0,0,06-JUL-2020,
OPTSTK,CUMMINSIND,27-Aug-2020,340,CE,0,0,0,59.05,94.05,0,0,0,0,06-JUL-2020,
OPTSTK,CUMMINSIND,27-Aug-2020,345,CE,0,0,0,56.55,89.35,0,0,0,0,06-JUL-2020,
OPTSTK,CUMMINSIND,27-Aug-2020,350,CE,0,0,0,54.1,84.7,0,0,0,0,06-JUL-2020,
OPTSTK,CUMMINSIND,27-Aug-2020,355,CE,0,0,0,51.8,80.1,0,0,0,0,06-JUL-2020,
OPTSTK,CUMMINSIND,27-Aug-2020,360,CE,0,0,0,49.55,75.6,0,0,0,0,06-JUL-2020,
OPTSTK,CUMMINSIND,27-Aug-2020,365,CE,0,0,0,47.35,71.2,0,0,0,0,06-JUL-2020,
OPTSTK,CUMMINSIND,27-Aug-2020,370,CE,0,0,0,45.3,66.85,0,0,0,0,06-JUL-2020,
OPTSTK,CUMMINSIND,27-Aug-2020,375,CE,0,0,0,43.25,62.65,0,0,0,0,06-JUL-2020,
OPTSTK,CUMMINSIND,27-Aug-2020,380,CE,0,0,0,41.35,58.55,0,0,0,0,06-JUL-2020,
OPTSTK,CUMMINSIND,27-Aug-2020,385,CE,0,0,0,39.45,54.6,0,0,0,0,06-JUL-2020,
OPTSTK,CUMMINSIND,27-Aug-2020,390,CE,0,0,0,37.7,50.75,0,0,0,0,06-JUL-2020,
OPTSTK,CUMMINSIND,27-Aug-2020,395,CE,0,0,0,35.95,47.05,0,0,0,0,06-JUL-2020,
OPTSTK,CUMMINSIND,27-Aug-2020,400,CE,0,0,0,34.3,43.55,0,0,0,0,06-JUL-2020,
OPTSTK,CUMMINSIND,27-Aug-2020,405,CE,0,0,0,32.75,40.15,0,0,0,0,06-JUL-2020,
OPTSTK,CUMMINSIND,27-Aug-2020,410,CE,0,0,0,31.2,36.95,0,0,0,0,06-JUL-2020,
OPTSTK,CUMMINSIND,27-Aug-2020,415,CE,0,0,0,29.75,33.9,0,0,0,0,06-JUL-2020,
OPTSTK,CUMMINSIND,27-Aug-2020,420,CE,26.9,26.9,26.9,26.9,31,1,5.36,3600,0,06-JUL-2020,
OPTSTK,CUMMINSIND,27-Aug-2020,425,CE,0,0,0,27.05,28.25,0,0,0,0,06-JUL-2020,
OPTSTK,CUMMINSIND,27-Aug-2020,430,CE,0,0,0,25.75,25.7,0,0,0,0,06-JUL-2020,
OPTSTK,CUMMINSIND,27-Aug-2020,435,CE,0,0,0,24.55,23.35,0,0,0,0,06-JUL-2020,
OPTSTK,CUMMINSIND,27-Aug-2020,440,CE,0,0,0,23.4,21.1,0,0,0,0,06-JUL-2020,
OPTSTK,CUMMINSIND,27-Aug-2020,445,CE,0,0,0,22.25,19.05,0,0,0,0,06-JUL-2020,
OPTSTK,CUMMINSIND,27-Aug-2020,450,CE,0,0,0,21.2,17.1,0,0,0,0,06-JUL-2020,
OPTSTK,CUMMINSIND,27-Aug-2020,455,CE,0,0,0,20.2,15.35,0,0,0,0,06-JUL-2020,
OPTSTK,CUMMINSIND,27-Aug-2020,460,CE,0,0,0,19.2,13.75,0,0,0,0,06-JUL-2020,
OPTSTK,CUMMINSIND,27-Aug-2020,465,CE,0,0,0,18.3,12.25,0,0,0,0,06-JUL-2020,
OPTSTK,CUMMINSIND,27-Aug-2020,470,CE,0,0,0,17.4,10.9,0,0,0,0,06-JUL-2020,
OPTSTK,CUMMINSIND,27-Aug-2020,475,CE,0,0,0,16.55,9.7,0,0,0,0,06-JUL-2020,
OPTSTK,CUMMINSIND,27-Aug-2020,480,CE,0,0,0,15.75,8.6,0,0,0,0,06-JUL-2020,
OPTSTK,CUMMINSIND,27-Aug-2020,490,CE,0,0,0,18.3,6.65,0,0,0,0,06-JUL-2020,
OPTSTK,CUMMINSIND,27-Aug-2020,240,PE,0,0,0,4.95,0.05,0,0,0,0,06-JUL-2020,
OPTSTK,CUMMINSIND,27-Aug-2020,245,PE,0,0,0,5.7,0.05,0,0,0,0,06-JUL-2020,
OPTSTK,CUMMINSIND,27-Aug-2020,250,PE,0,0,0,6.5,0.05,0,0,0,0,06-JUL-2020,
OPTSTK,CUMMINSIND,27-Aug-2020,255,PE,0,0,0,7.35,0.05,0,0,0,0,06-JUL-2020,
OPTSTK,CUMMINSIND,27-Aug-2020,260,PE,0,0,0,8.3,0.05,0,0,0,0,06-JUL-2020,
OPTSTK,CUMMINSIND,27-Aug-2020,265,PE,0,0,0,9.35,0.05,0,0,0,0,06-JUL-2020,
OPTSTK,CUMMINSIND,27-Aug-2020,270,PE,0,0,0,10.45,0.05,0,0,0,0,06-JUL-2020,
OPTSTK,CUMMINSIND,27-Aug-2020,275,PE,0,0,0,11.65,0.05,0,0,0,0,06-JUL-2020,
OPTSTK,CUMMINSIND,27-Aug-2020,280,PE,0,0,0,12.9,0.05,0,0,0,0,06-JUL-2020,
OPTSTK,CUMMINSIND,27-Aug-2020,285,PE,0,0,0,14.3,0.05,0,0,0,0,06-JUL-2020,
OPTSTK,CUMMINSIND,27-Aug-2020,290,PE,0,0,0,15.75,0.05,0,0,0,0,06-JUL-2020,
OPTSTK,CUMMINSIND,27-Aug-2020,295,PE,0,0,0,17.3,0.05,0,0,0,0,06-JUL-2020,
OPTSTK,CUMMINSIND,27-Aug-2020,300,PE,0,0,0,18.9,0.05,0,0,0,0,06-JUL-2020,
OPTSTK,CUMMINSIND,27-Aug-2020,305,PE,0,0,0,20.65,0.1,0,0,0,0,06-JUL-2020,
OPTSTK,CUMMINSIND,27-Aug-2020,310,PE,0,0,0,22.45,0.15,0,0,0,0,06-JUL-2020,
OPTSTK,CUMMINSIND,27-Aug-2020,315,PE,0,0,0,24.35,0.2,0,0,0,0,06-JUL-2020,
OPTSTK,CUMMINSIND,27-Aug-2020,320,PE,0,0,0,26.35,0.25,0,0,0,0,06-JUL-2020,
OPTSTK,CUMMINSIND,27-Aug-2020,325,PE,0,0,0,28.4,0.35,0,0,0,0,06-JUL-2020,
OPTSTK,CUMMINSIND,27-Aug-2020,330,PE,0,0,0,30.6,0.5,0,0,0,0,06-JUL-2020,
OPTSTK,CUMMINSIND,27-Aug-2020,335,PE,0,0,0,32.85,0.65,0,0,0,0,06-JUL-2020,
OPTSTK,CUMMINSIND,27-Aug-2020,340,PE,0,0,0,35.2,0.85,0,0,0,0,06-JUL-2020,
OPTSTK,CUMMINSIND,27-Aug-2020,345,PE,0,0,0,37.65,1.1,0,0,0,0,06-JUL-2020,
OPTSTK,CUMMINSIND,27-Aug-2020,350,PE,0,0,0,40.15,1.45,0,0,0,0,06-JUL-2020,
OPTSTK,CUMMINSIND,27-Aug-2020,355,PE,0,0,0,42.75,1.8,0,0,0,0,06-JUL-2020,
OPTSTK,CUMMINSIND,27-Aug-2020,360,PE,0,0,0,45.45,2.3,0,0,0,0,06-JUL-2020,
OPTSTK,CUMMINSIND,27-Aug-2020,365,PE,0,0,0,48.25,2.85,0,0,0,0,06-JUL-2020,
OPTSTK,CUMMINSIND,27-Aug-2020,370,PE,0,0,0,51.1,3.5,0,0,0,0,06-JUL-2020,
OPTSTK,CUMMINSIND,27-Aug-2020,375,PE,0,0,0,54,4.25,0,0,0,0,06-JUL-2020,
OPTSTK,CUMMINSIND,27-Aug-2020,380,PE,0,0,0,20.05,5.1,0,0,2400,0,06-JUL-2020,
OPTSTK,CUMMINSIND,27-Aug-2020,385,PE,0,0,0,60.1,6.1,0,0,0,0,06-JUL-2020,
OPTSTK,CUMMINSIND,27-Aug-2020,390,PE,0,0,0,63.25,7.25,0,0,0,0,06-JUL-2020,
OPTSTK,CUMMINSIND,27-Aug-2020,395,PE,0,0,0,66.45,8.55,0,0,0,0,06-JUL-2020,
OPTSTK,CUMMINSIND,27-Aug-2020,400,PE,0,0,0,69.75,9.95,0,0,0,0,06-JUL-2020,
OPTSTK,CUMMINSIND,27-Aug-2020,405,PE,0,0,0,73.1,11.55,0,0,0,0,06-JUL-2020,
OPTSTK,CUMMINSIND,27-Aug-2020,410,PE,0,0,0,76.55,13.3,0,0,0,0,06-JUL-2020,
OPTSTK,CUMMINSIND,27-Aug-2020,415,PE,0,0,0,80,15.25,0,0,0,0,06-JUL-2020,
OPTSTK,CUMMINSIND,27-Aug-2020,420,PE,0,0,0,83.55,17.3,0,0,0,0,06-JUL-2020,
OPTSTK,CUMMINSIND,27-Aug-2020,425,PE,0,0,0,87.15,19.55,0,0,0,0,06-JUL-2020,
OPTSTK,CUMMINSIND,27-Aug-2020,430,PE,0,0,0,90.85,21.95,0,0,0,0,06-JUL-2020,
OPTSTK,CUMMINSIND,27-Aug-2020,435,PE,0,0,0,94.55,24.55,0,0,0,0,06-JUL-2020,
OPTSTK,CUMMINSIND,27-Aug-2020,440,PE,0,0,0,98.35,27.3,0,0,0,0,06-JUL-2020,
OPTSTK,CUMMINSIND,27-Aug-2020,445,PE,0,0,0,102.15,30.2,0,0,0,0,06-JUL-2020,
OPTSTK,CUMMINSIND,27-Aug-2020,450,PE,0,0,0,106.05,33.25,0,0,0,0,06-JUL-2020,
OPTSTK,CUMMINSIND,27-Aug-2020,455,PE,0,0,0,109.95,36.45,0,0,0,0,06-JUL-2020,
OPTSTK,CUMMINSIND,27-Aug-2020,460,PE,0,0,0,113.95,39.8,0,0,0,0,06-JUL-2020,
OPTSTK,CUMMINSIND,27-Aug-2020,465,PE,0,0,0,117.95,43.3,0,0,0,0,06-JUL-2020,
OPTSTK,CUMMINSIND,27-Aug-2020,470,PE,0,0,0,122,46.95,0,0,0,0,06-JUL-2020,
OPTSTK,CUMMINSIND,27-Aug-2020,475,PE,0,0,0,126.1,50.65,0,0,0,0,06-JUL-2020,
OPTSTK,CUMMINSIND,27-Aug-2020,480,PE,0,0,0,130.2,54.55,0,0,0,0,06-JUL-2020,
OPTSTK,CUMMINSIND,27-Aug-2020,490,PE,0,0,0,126.2,62.55,0,0,0,0,06-JUL-2020,
OPTSTK,CUMMINSIND,24-Sep-2020,240,CE,0,0,0,166.6,193.4,0,0,0,0,06-JUL-2020,
OPTSTK,CUMMINSIND,24-Sep-2020,250,CE,0,0,0,156.8,183.5,0,0,0,0,06-JUL-2020,
OPTSTK,CUMMINSIND,24-Sep-2020,260,CE,0,0,0,147.1,173.6,0,0,0,0,06-JUL-2020,
OPTSTK,CUMMINSIND,24-Sep-2020,270,CE,0,0,0,137.45,163.7,0,0,0,0,06-JUL-2020,
OPTSTK,CUMMINSIND,24-Sep-2020,280,CE,0,0,0,127.9,153.85,0,0,0,0,06-JUL-2020,
OPTSTK,CUMMINSIND,24-Sep-2020,290,CE,0,0,0,118.5,144.05,0,0,0,0,06-JUL-2020,
OPTSTK,CUMMINSIND,24-Sep-2020,300,CE,0,0,0,109.35,134.25,0,0,0,0,06-JUL-2020,
OPTSTK,CUMMINSIND,24-Sep-2020,310,CE,0,0,0,100.4,124.6,0,0,0,0,06-JUL-2020,
OPTSTK,CUMMINSIND,24-Sep-2020,320,CE,0,0,0,91.75,115.05,0,0,0,0,06-JUL-2020,
OPTSTK,CUMMINSIND,24-Sep-2020,330,CE,0,0,0,83.45,105.7,0,0,0,0,06-JUL-2020,
OPTSTK,CUMMINSIND,24-Sep-2020,340,CE,0,0,0,75.5,96.55,0,0,0,0,06-JUL-2020,
OPTSTK,CUMMINSIND,24-Sep-2020,350,CE,0,0,0,68,87.65,0,0,0,0,06-JUL-2020,
OPTSTK,CUMMINSIND,24-Sep-2020,360,CE,0,0,0,60.9,79.1,0,0,0,0,06-JUL-2020,
OPTSTK,CUMMINSIND,24-Sep-2020,370,CE,0,0,0,54.25,70.95,0,0,0,0,06-JUL-2020,
OPTSTK,CUMMINSIND,24-Sep-2020,380,CE,0,0,0,48.1,63.2,0,0,0,0,06-JUL-2020,
OPTSTK,CUMMINSIND,24-Sep-2020,390,CE,0,0,0,42.45,55.95,0,0,0,0,06-JUL-2020,
OPTSTK,CUMMINSIND,24-Sep-2020,400,CE,0,0,0,37.3,49.2,0,0,0,0,06-JUL-2020,
OPTSTK,CUMMINSIND,24-Sep-2020,410,CE,0,0,0,32.6,42.95,0,0,0,0,06-JUL-2020,
OPTSTK,CUMMINSIND,24-Sep-2020,420,CE,0,0,0,28.35,37.25,0,0,0,0,06-JUL-2020,
OPTSTK,CUMMINSIND,24-Sep-2020,430,CE,0,0,0,24.55,32.1,0,0,0,0,06-JUL-2020,
OPTSTK,CUMMINSIND,24-Sep-2020,440,CE,0,0,0,21.2,27.45,0,0,0,0,06-JUL-2020,
OPTSTK,CUMMINSIND,24-Sep-2020,450,CE,0,0,0,18.2,23.35,0,0,0,0,06-JUL-2020,
OPTSTK,CUMMINSIND,24-Sep-2020,460,CE,0,0,0,15.6,19.75,0,0,0,0,06-JUL-2020,
OPTSTK,CUMMINSIND,24-Sep-2020,470,CE,0,0,0,13.3,16.6,0,0,0,0,06-JUL-2020,
OPTSTK,CUMMINSIND,24-Sep-2020,480,CE,0,0,0,11.3,13.85,0,0,0,0,06-JUL-2020,
OPTSTK,CUMMINSIND,24-Sep-2020,490,CE,0,0,0,9.55,11.5,0,0,0,0,06-JUL-2020,
OPTSTK,CUMMINSIND,24-Sep-2020,240,PE,0,0,0,0.1,0.05,0,0,0,0,06-JUL-2020,
OPTSTK,CUMMINSIND,24-Sep-2020,250,PE,0,0,0,0.2,0.05,0,0,0,0,06-JUL-2020,
OPTSTK,CUMMINSIND,24-Sep-2020,260,PE,0,0,0,0.35,0.05,0,0,0,0,06-JUL-2020,
OPTSTK,CUMMINSIND,24-Sep-2020,270,PE,0,0,0,0.6,0.05,0,0,0,0,06-JUL-2020,
OPTSTK,CUMMINSIND,24-Sep-2020,280,PE,0,0,0,0.95,0.1,0,0,0,0,06-JUL-2020,
OPTSTK,CUMMINSIND,24-Sep-2020,290,PE,0,0,0,1.45,0.2,0,0,0,0,06-JUL-2020,
OPTSTK,CUMMINSIND,24-Sep-2020,300,PE,0,0,0,2.15,0.35,0,0,0,0,06-JUL-2020,
OPTSTK,CUMMINSIND,24-Sep-2020,310,PE,0,0,0,3.1,0.6,0,0,0,0,06-JUL-2020,
OPTSTK,CUMMINSIND,24-Sep-2020,320,PE,0,0,0,4.35,0.95,0,0,0,0,06-JUL-2020,
OPTSTK,CUMMINSIND,24-Sep-2020,330,PE,0,0,0,5.9,1.5,0,0,0,0,06-JUL-2020,
OPTSTK,CUMMINSIND,24-Sep-2020,340,PE,0,0,0,7.85,2.25,0,0,0,0,06-JUL-2020,
OPTSTK,CUMMINSIND,24-Sep-2020,350,PE,0,0,0,10.25,3.25,0,0,0,0,06-JUL-2020,
OPTSTK,CUMMINSIND,24-Sep-2020,360,PE,0,0,0,13.05,4.65,0,0,0,0,06-JUL-2020,
OPTSTK,CUMMINSIND,24-Sep-2020,370,PE,0,0,0,16.25,6.35,0,0,0,0,06-JUL-2020,
OPTSTK,CUMMINSIND,24-Sep-2020,380,PE,0,0,0,20,8.55,0,0,0,0,06-JUL-2020,
OPTSTK,CUMMINSIND,24-Sep-2020,390,PE,0,0,0,24.25,11.2,0,0,0,0,06-JUL-2020,
OPTSTK,CUMMINSIND,24-Sep-2020,400,PE,0,0,0,28.95,14.3,0,0,0,0,06-JUL-2020,
OPTSTK,CUMMINSIND,24-Sep-2020,410,PE,0,0,0,34.15,18,0,0,0,0,06-JUL-2020,
OPTSTK,CUMMINSIND,24-Sep-2020,420,PE,0,0,0,39.8,22.2,0,0,0,0,06-JUL-2020,
OPTSTK,CUMMINSIND,24-Sep-2020,430,PE,0,0,0,45.9,26.95,0,0,0,0,06-JUL-2020,
OPTSTK,CUMMINSIND,24-Sep-2020,440,PE,0,0,0,52.4,32.25,0,0,0,0,06-JUL-2020,
OPTSTK,CUMMINSIND,24-Sep-2020,450,PE,0,0,0,59.3,38.05,0,0,0,0,06-JUL-2020,
OPTSTK,CUMMINSIND,24-Sep-2020,460,PE,0,0,0,66.55,44.35,0,0,0,0,06-JUL-2020,
OPTSTK,CUMMINSIND,24-Sep-2020,470,PE,0,0,0,74.15,51.05,0,0,0,0,06-JUL-2020,
OPTSTK,CUMMINSIND,24-Sep-2020,480,PE,0,0,0,82,58.25,0,0,0,0,06-JUL-2020,
OPTSTK,CUMMINSIND,24-Sep-2020,490,PE,0,0,0,90.15,65.8,0,0,0,0,06-JUL-2020,
OPTSTK,DABUR,30-Jul-2020,330,CE,0,0,0,167.65,136.85,0,0,0,0,06-JUL-2020,
OPTSTK,DABUR,30-Jul-2020,335,CE,0,0,0,117.9,131.9,0,0,0,0,06-JUL-2020,
OPTSTK,DABUR,30-Jul-2020,340,CE,0,0,0,158.85,126.9,0,0,0,0,06-JUL-2020,
OPTSTK,DABUR,30-Jul-2020,345,CE,0,0,0,108.75,121.9,0,0,0,0,06-JUL-2020,
OPTSTK,DABUR,30-Jul-2020,350,CE,0,0,0,150.3,116.95,0,0,0,0,06-JUL-2020,
OPTSTK,DABUR,30-Jul-2020,355,CE,0,0,0,99.8,111.95,0,0,0,0,06-JUL-2020,
OPTSTK,DABUR,30-Jul-2020,360,CE,0,0,0,142,106.95,0,0,0,0,06-JUL-2020,
OPTSTK,DABUR,30-Jul-2020,365,CE,0,0,0,91.2,101.95,0,0,0,0,06-JUL-2020,
OPTSTK,DABUR,30-Jul-2020,370,CE,0,0,0,133.9,97,0,0,0,0,06-JUL-2020,
OPTSTK,DABUR,30-Jul-2020,375,CE,0,0,0,82.9,92,0,0,0,0,06-JUL-2020,
OPTSTK,DABUR,30-Jul-2020,380,CE,0,0,0,126.05,87.05,0,0,0,0,06-JUL-2020,
OPTSTK,DABUR,30-Jul-2020,385,CE,0,0,0,75,82.05,0,0,0,0,06-JUL-2020,
OPTSTK,DABUR,30-Jul-2020,390,CE,0,0,0,118.45,77.1,0,0,0,0,06-JUL-2020,
OPTSTK,DABUR,30-Jul-2020,395,CE,0,0,0,67.5,72.15,0,0,0,0,06-JUL-2020,
OPTSTK,DABUR,30-Jul-2020,400,CE,0,0,0,111.2,67.25,0,0,0,0,06-JUL-2020,
OPTSTK,DABUR,30-Jul-2020,405,CE,0,0,0,60.4,62.4,0,0,0,0,06-JUL-2020,
OPTSTK,DABUR,30-Jul-2020,410,CE,0,0,0,104.15,57.6,0,0,0,0,06-JUL-2020,
OPTSTK,DABUR,30-Jul-2020,415,CE,0,0,0,53.75,52.85,0,0,0,0,06-JUL-2020,
OPTSTK,DABUR,30-Jul-2020,420,CE,0,0,0,48.5,48.2,0,0,1250,0,06-JUL-2020,
OPTSTK,DABUR,30-Jul-2020,425,CE,0,0,0,47.65,43.65,0,0,0,0,06-JUL-2020,
OPTSTK,DABUR,30-Jul-2020,430,CE,0,0,0,91,39.3,0,0,0,0,06-JUL-2020,
OPTSTK,DABUR,30-Jul-2020,435,CE,0,0,0,35.8,35.1,0,0,1250,0,06-JUL-2020,
OPTSTK,DABUR,30-Jul-2020,440,CE,32,32,31.9,31.9,31.05,3,17.69,12500,0,06-JUL-2020,
OPTSTK,DABUR,30-Jul-2020,445,CE,0,0,0,36.8,27.3,0,0,0,0,06-JUL-2020,
OPTSTK,DABUR,30-Jul-2020,450,CE,25.4,25.4,24.75,24.75,23.75,4,23.76,187500,0,06-JUL-2020,
OPTSTK,DABUR,30-Jul-2020,455,CE,0,0,0,32.1,20.5,0,0,0,0,06-JUL-2020,
OPTSTK,DABUR,30-Jul-2020,460,CE,19.45,19.45,17.25,17.75,17.75,33,197.36,112500,7500,06-JUL-2020,
OPTSTK,DABUR,30-Jul-2020,465,CE,15,15,15,15,14.8,1,6,22500,0,06-JUL-2020,
OPTSTK,DABUR,30-Jul-2020,470,CE,14.1,14.75,12.35,12.75,12.75,111,670.88,132500,8750,06-JUL-2020,
OPTSTK,DABUR,30-Jul-2020,475,CE,13,13,10.45,10.65,10.65,56,341.06,38750,16250,06-JUL-2020,
OPTSTK,DABUR,30-Jul-2020,480,CE,9.45,10.5,8.6,8.75,8.75,182,1113.58,330000,5000,06-JUL-2020,
OPTSTK,DABUR,30-Jul-2020,485,CE,8.15,8.6,7.15,7.2,7.2,17,104.69,21250,0,06-JUL-2020,
OPTSTK,DABUR,30-Jul-2020,490,CE,6.35,6.55,5.8,6.2,6.2,16,99.22,32500,-3750,06-JUL-2020,
OPTSTK,DABUR,30-Jul-2020,495,CE,0,0,0,6,4.35,0,0,1250,0,06-JUL-2020,
OPTSTK,DABUR,30-Jul-2020,500,CE,4.2,4.9,3.9,4.05,4.05,107,674.5,361250,-2500,06-JUL-2020,
OPTSTK,DABUR,30-Jul-2020,505,CE,0,0,0,3.5,2.65,0,0,0,0,06-JUL-2020,
OPTSTK,DABUR,30-Jul-2020,510,CE,3,3,3,3,2.05,1,6.41,15000,0,06-JUL-2020,
OPTSTK,DABUR,30-Jul-2020,515,CE,0,0,0,12.85,1.55,0,0,0,0,06-JUL-2020,
OPTSTK,DABUR,30-Jul-2020,520,CE,1.8,1.8,1.8,1.8,1.2,2,13.04,71250,1250,06-JUL-2020,
OPTSTK,DABUR,30-Jul-2020,525,CE,0,0,0,10.85,0.9,0,0,0,0,06-JUL-2020,
OPTSTK,DABUR,30-Jul-2020,530,CE,0,0,0,1.8,0.65,0,0,5000,0,06-JUL-2020,
OPTSTK,DABUR,30-Jul-2020,535,CE,0,0,0,9.15,0.5,0,0,0,0,06-JUL-2020,
OPTSTK,DABUR,30-Jul-2020,540,CE,0.8,0.8,0.8,0.8,0.35,1,6.76,26250,-1250,06-JUL-2020,
OPTSTK,DABUR,30-Jul-2020,545,CE,0,0,0,7.7,0.25,0,0,0,0,06-JUL-2020,
OPTSTK,DABUR,30-Jul-2020,550,CE,0,0,0,36.15,0.15,0,0,0,0,06-JUL-2020,
OPTSTK,DABUR,30-Jul-2020,555,CE,0,0,0,6.45,0.1,0,0,0,0,06-JUL-2020,
OPTSTK,DABUR,30-Jul-2020,560,CE,0,0,0,33.25,0.1,0,0,0,0,06-JUL-2020,
OPTSTK,DABUR,30-Jul-2020,565,CE,0,0,0,5.35,0.05,0,0,0,0,06-JUL-2020,
OPTSTK,DABUR,30-Jul-2020,570,CE,0,0,0,30.5,0.05,0,0,0,0,06-JUL-2020,
OPTSTK,DABUR,30-Jul-2020,580,CE,0,0,0,0.25,0.05,0,0,1250,0,06-JUL-2020,
OPTSTK,DABUR,30-Jul-2020,590,CE,0,0,0,25.7,0.05,0,0,0,0,06-JUL-2020,
OPTSTK,DABUR,30-Jul-2020,330,PE,0,0,0,4.15,0.05,0,0,0,0,06-JUL-2020,
OPTSTK,DABUR,30-Jul-2020,335,PE,0,0,0,1.65,0.05,0,0,0,0,06-JUL-2020,
OPTSTK,DABUR,30-Jul-2020,340,PE,0,0,0,5.25,0.05,0,0,0,0,06-JUL-2020,
OPTSTK,DABUR,30-Jul-2020,345,PE,0,0,0,2.45,0.05,0,0,0,0,06-JUL-2020,
OPTSTK,DABUR,30-Jul-2020,350,PE,0,0,0,2,0.05,0,0,1250,0,06-JUL-2020,
OPTSTK,DABUR,30-Jul-2020,355,PE,0,0,0,3.45,0.05,0,0,0,0,06-JUL-2020,
OPTSTK,DABUR,30-Jul-2020,360,PE,0,0,0,8.1,0.05,0,0,0,0,06-JUL-2020,
OPTSTK,DABUR,30-Jul-2020,365,PE,0,0,0,4.7,0.05,0,0,0,0,06-JUL-2020,
OPTSTK,DABUR,30-Jul-2020,370,PE,0,0,0,9.9,0.05,0,0,0,0,06-JUL-2020,
OPTSTK,DABUR,30-Jul-2020,375,PE,0,0,0,6.35,0.05,0,0,0,0,06-JUL-2020,
OPTSTK,DABUR,30-Jul-2020,380,PE,0,0,0,11.95,0.05,0,0,0,0,06-JUL-2020,
OPTSTK,DABUR,30-Jul-2020,385,PE,0,0,0,8.35,0.05,0,0,0,0,06-JUL-2020,
OPTSTK,DABUR,30-Jul-2020,390,PE,0,0,0,14.25,0.05,0,0,0,0,06-JUL-2020,
OPTSTK,DABUR,30-Jul-2020,395,PE,0,0,0,10.75,0.1,0,0,0,0,06-JUL-2020,
OPTSTK,DABUR,30-Jul-2020,400,PE,0.8,0.8,0.8,0.8,0.2,1,5.01,108750,0,06-JUL-2020,
OPTSTK,DABUR,30-Jul-2020,405,PE,0,0,0,13.6,0.3,0,0,0,0,06-JUL-2020,
OPTSTK,DABUR,30-Jul-2020,410,PE,0,0,0,1.3,0.5,0,0,6250,0,06-JUL-2020,
OPTSTK,DABUR,30-Jul-2020,415,PE,0,0,0,16.85,0.75,0,0,0,0,06-JUL-2020,
OPTSTK,DABUR,30-Jul-2020,420,PE,1.5,1.65,1.25,1.5,1.5,6,31.61,37500,2500,06-JUL-2020,
OPTSTK,DABUR,30-Jul-2020,425,PE,0,0,0,9.5,1.55,0,0,1250,0,06-JUL-2020,
OPTSTK,DABUR,30-Jul-2020,430,PE,2.75,2.95,2.6,2.8,2.8,12,64.92,43750,1250,06-JUL-2020,
OPTSTK,DABUR,30-Jul-2020,435,PE,3.25,3.25,3.25,3.25,2.9,1,5.47,2500,0,06-JUL-2020,
OPTSTK,DABUR,30-Jul-2020,440,PE,4.05,4.85,4.05,4.6,3.9,18,100.02,62500,3750,06-JUL-2020,
OPTSTK,DABUR,30-Jul-2020,445,PE,0,0,0,29.65,5.1,0,0,0,0,06-JUL-2020,
OPTSTK,DABUR,30-Jul-2020,450,PE,7.45,7.7,6.95,7.45,7.45,41,234.43,103750,0,06-JUL-2020,
OPTSTK,DABUR,30-Jul-2020,455,PE,9.35,9.4,8.8,9.2,9.2,10,58.02,12500,-2500,06-JUL-2020,
OPTSTK,DABUR,30-Jul-2020,460,PE,11.35,11.65,10.35,11.25,11.25,43,253.18,75000,-8750,06-JUL-2020,
OPTSTK,DABUR,30-Jul-2020,465,PE,12.9,14.2,12.9,13.75,13.75,10,59.82,15000,3750,06-JUL-2020,
OPTSTK,DABUR,30-Jul-2020,470,PE,15.8,17,15.8,16.6,16.6,13,79.01,31250,0,06-JUL-2020,
OPTSTK,DABUR,30-Jul-2020,475,PE,19,19,18.5,18.5,18,2,12.34,3750,0,06-JUL-2020,
OPTSTK,DABUR,30-Jul-2020,480,PE,21.25,21.25,21.25,21.25,21.15,1,6.26,3750,0,06-JUL-2020,
OPTSTK,DABUR,30-Jul-2020,485,PE,0,0,0,53.25,24.55,0,0,0,0,06-JUL-2020,
OPTSTK,DABUR,30-Jul-2020,490,PE,28.3,28.3,28.3,28.3,28.2,1,6.47,1250,1250,06-JUL-2020,
OPTSTK,DABUR,30-Jul-2020,495,PE,0,0,0,60.15,32.05,0,0,0,0,06-JUL-2020,
OPTSTK,DABUR,30-Jul-2020,500,PE,0,0,0,58.6,36.1,0,0,0,0,06-JUL-2020,
OPTSTK,DABUR,30-Jul-2020,505,PE,0,0,0,67.5,40.3,0,0,0,0,06-JUL-2020,
OPTSTK,DABUR,30-Jul-2020,510,PE,0,0,0,64.35,44.7,0,0,0,0,06-JUL-2020,
OPTSTK,DABUR,30-Jul-2020,515,PE,0,0,0,75.15,49.2,0,0,0,0,06-JUL-2020,
OPTSTK,DABUR,30-Jul-2020,520,PE,0,0,0,70.4,53.8,0,0,0,0,06-JUL-2020,
OPTSTK,DABUR,30-Jul-2020,525,PE,0,0,0,83.05,58.45,0,0,0,0,06-JUL-2020,
OPTSTK,DABUR,30-Jul-2020,530,PE,0,0,0,76.65,63.2,0,0,0,0,06-JUL-2020,
OPTSTK,DABUR,30-Jul-2020,535,PE,0,0,0,91.25,68.05,0,0,0,0,06-JUL-2020,
OPTSTK,DABUR,30-Jul-2020,540,PE,0,0,0,83.15,72.9,0,0,0,0,06-JUL-2020,
OPTSTK,DABUR,30-Jul-2020,545,PE,0,0,0,99.7,77.8,0,0,0,0,06-JUL-2020,
OPTSTK,DABUR,30-Jul-2020,550,PE,0,0,0,89.9,82.7,0,0,0,0,06-JUL-2020,
OPTSTK,DABUR,30-Jul-2020,555,PE,0,0,0,108.35,87.6,0,0,0,0,06-JUL-2020,
OPTSTK,DABUR,30-Jul-2020,560,PE,0,0,0,96.85,92.55,0,0,0,0,06-JUL-2020,
OPTSTK,DABUR,30-Jul-2020,565,PE,0,0,0,117.2,97.55,0,0,0,0,06-JUL-2020,
OPTSTK,DABUR,30-Jul-2020,570,PE,0,0,0,104,102.5,0,0,0,0,06-JUL-2020,
OPTSTK,DABUR,30-Jul-2020,580,PE,0,0,0,111.4,112.45,0,0,0,0,06-JUL-2020,
OPTSTK,DABUR,30-Jul-2020,590,PE,0,0,0,118.95,122.4,0,0,0,0,06-JUL-2020,
OPTSTK,DABUR,27-Aug-2020,330,CE,0,0,0,125.45,137.95,0,0,0,0,06-JUL-2020,
OPTSTK,DABUR,27-Aug-2020,335,CE,0,0,0,121,133,0,0,0,0,06-JUL-2020,
OPTSTK,DABUR,27-Aug-2020,340,CE,0,0,0,116.6,128,0,0,0,0,06-JUL-2020,
OPTSTK,DABUR,27-Aug-2020,345,CE,0,0,0,112.3,123.05,0,0,0,0,06-JUL-2020,
OPTSTK,DABUR,27-Aug-2020,350,CE,0,0,0,108.05,118.1,0,0,0,0,06-JUL-2020,
OPTSTK,DABUR,27-Aug-2020,355,CE,0,0,0,103.9,113.15,0,0,0,0,06-JUL-2020,
OPTSTK,DABUR,27-Aug-2020,360,CE,0,0,0,99.8,108.25,0,0,0,0,06-JUL-2020,
OPTSTK,DABUR,27-Aug-2020,365,CE,0,0,0,95.8,103.3,0,0,0,0,06-JUL-2020,
OPTSTK,DABUR,27-Aug-2020,370,CE,0,0,0,91.85,98.4,0,0,0,0,06-JUL-2020,
OPTSTK,DABUR,27-Aug-2020,375,CE,0,0,0,88,93.55,0,0,0,0,06-JUL-2020,
OPTSTK,DABUR,27-Aug-2020,380,CE,0,0,0,84.25,88.7,0,0,0,0,06-JUL-2020,
OPTSTK,DABUR,27-Aug-2020,385,CE,0,0,0,80.6,83.9,0,0,0,0,06-JUL-2020,
OPTSTK,DABUR,27-Aug-2020,390,CE,0,0,0,77,79.15,0,0,0,0,06-JUL-2020,
OPTSTK,DABUR,27-Aug-2020,395,CE,0,0,0,73.55,74.45,0,0,0,0,06-JUL-2020,
OPTSTK,DABUR,27-Aug-2020,400,CE,0,0,0,70.15,69.85,0,0,0,0,06-JUL-2020,
OPTSTK,DABUR,27-Aug-2020,405,CE,0,0,0,66.85,65.3,0,0,0,0,06-JUL-2020,
OPTSTK,DABUR,27-Aug-2020,410,CE,0,0,0,63.65,60.9,0,0,0,0,06-JUL-2020,
OPTSTK,DABUR,27-Aug-2020,415,CE,0,0,0,60.6,56.55,0,0,0,0,06-JUL-2020,
OPTSTK,DABUR,27-Aug-2020,420,CE,0,0,0,57.6,52.35,0,0,0,0,06-JUL-2020,
OPTSTK,DABUR,27-Aug-2020,425,CE,0,0,0,54.75,48.3,0,0,0,0,06-JUL-2020,
OPTSTK,DABUR,27-Aug-2020,430,CE,0,0,0,51.95,44.4,0,0,0,0,06-JUL-2020,
OPTSTK,DABUR,27-Aug-2020,435,CE,0,0,0,49.3,40.65,0,0,0,0,06-JUL-2020,
OPTSTK,DABUR,27-Aug-2020,440,CE,0,0,0,46.7,37.05,0,0,0,0,06-JUL-2020,
OPTSTK,DABUR,27-Aug-2020,445,CE,0,0,0,44.25,33.65,0,0,0,0,06-JUL-2020,
OPTSTK,DABUR,27-Aug-2020,450,CE,0,0,0,41.85,30.45,0,0,0,0,06-JUL-2020,
OPTSTK,DABUR,27-Aug-2020,455,CE,0,0,0,39.6,27.45,0,0,0,0,06-JUL-2020,
OPTSTK,DABUR,27-Aug-2020,460,CE,0,0,0,37.4,24.6,0,0,0,0,06-JUL-2020,
OPTSTK,DABUR,27-Aug-2020,465,CE,0,0,0,35.35,22,0,0,0,0,06-JUL-2020,
OPTSTK,DABUR,27-Aug-2020,470,CE,0,0,0,33.35,19.55,0,0,0,0,06-JUL-2020,
OPTSTK,DABUR,27-Aug-2020,475,CE,0,0,0,31.45,17.35,0,0,0,0,06-JUL-2020,
OPTSTK,DABUR,27-Aug-2020,480,CE,0,0,0,29.6,15.3,0,0,0,0,06-JUL-2020,
OPTSTK,DABUR,27-Aug-2020,485,CE,0,0,0,27.9,13.45,0,0,0,0,06-JUL-2020,
OPTSTK,DABUR,27-Aug-2020,490,CE,0,0,0,26.25,11.75,0,0,0,0,06-JUL-2020,
OPTSTK,DABUR,27-Aug-2020,495,CE,0,0,0,24.65,10.25,0,0,0,0,06-JUL-2020,
OPTSTK,DABUR,27-Aug-2020,500,CE,0,0,0,23.2,8.85,0,0,0,0,06-JUL-2020,
OPTSTK,DABUR,27-Aug-2020,505,CE,0,0,0,21.75,7.65,0,0,0,0,06-JUL-2020,
OPTSTK,DABUR,27-Aug-2020,510,CE,0,0,0,20.45,6.6,0,0,0,0,06-JUL-2020,
OPTSTK,DABUR,27-Aug-2020,515,CE,0,0,0,19.2,5.65,0,0,0,0,06-JUL-2020,
OPTSTK,DABUR,27-Aug-2020,520,CE,0,0,0,18,4.8,0,0,0,0,06-JUL-2020,
OPTSTK,DABUR,27-Aug-2020,525,CE,0,0,0,16.85,4.1,0,0,0,0,06-JUL-2020,
OPTSTK,DABUR,27-Aug-2020,530,CE,0,0,0,15.8,3.45,0,0,0,0,06-JUL-2020,
OPTSTK,DABUR,27-Aug-2020,535,CE,0,0,0,14.8,2.9,0,0,0,0,06-JUL-2020,
OPTSTK,DABUR,27-Aug-2020,540,CE,0,0,0,13.85,2.45,0,0,0,0,06-JUL-2020,
OPTSTK,DABUR,27-Aug-2020,545,CE,0,0,0,12.9,2.05,0,0,0,0,06-JUL-2020,
OPTSTK,DABUR,27-Aug-2020,550,CE,0,0,0,12.05,1.7,0,0,0,0,06-JUL-2020,
OPTSTK,DABUR,27-Aug-2020,555,CE,0,0,0,11.25,1.4,0,0,0,0,06-JUL-2020,
OPTSTK,DABUR,27-Aug-2020,560,CE,0,0,0,10.5,1.15,0,0,0,0,06-JUL-2020,
OPTSTK,DABUR,27-Aug-2020,565,CE,0,0,0,9.8,0.95,0,0,0,0,06-JUL-2020,
OPTSTK,DABUR,27-Aug-2020,570,CE,0,0,0,9.15,0.8,0,0,0,0,06-JUL-2020,
OPTSTK,DABUR,27-Aug-2020,330,PE,0,0,0,3.05,0.05,0,0,0,0,06-JUL-2020,
OPTSTK,DABUR,27-Aug-2020,335,PE,0,0,0,3.55,0.05,0,0,0,0,06-JUL-2020,
OPTSTK,DABUR,27-Aug-2020,340,PE,0,0,0,4.1,0.05,0,0,0,0,06-JUL-2020,
OPTSTK,DABUR,27-Aug-2020,345,PE,0,0,0,4.7,0.05,0,0,0,0,06-JUL-2020,
OPTSTK,DABUR,27-Aug-2020,350,PE,0,0,0,5.4,0.05,0,0,0,0,06-JUL-2020,
OPTSTK,DABUR,27-Aug-2020,355,PE,0,0,0,6.2,0.05,0,0,0,0,06-JUL-2020,
OPTSTK,DABUR,27-Aug-2020,360,PE,0,0,0,7,0.1,0,0,0,0,06-JUL-2020,
OPTSTK,DABUR,27-Aug-2020,365,PE,0,0,0,7.95,0.15,0,0,0,0,06-JUL-2020,
OPTSTK,DABUR,27-Aug-2020,370,PE,0,0,0,8.95,0.25,0,0,0,0,06-JUL-2020,
OPTSTK,DABUR,27-Aug-2020,375,PE,0,0,0,10.05,0.35,0,0,0,0,06-JUL-2020,
OPTSTK,DABUR,27-Aug-2020,380,PE,0,0,0,11.25,0.45,0,0,0,0,06-JUL-2020,
OPTSTK,DABUR,27-Aug-2020,385,PE,0,0,0,12.5,0.65,0,0,0,0,06-JUL-2020,
OPTSTK,DABUR,27-Aug-2020,390,PE,0,0,0,13.85,0.85,0,0,0,0,06-JUL-2020,
OPTSTK,DABUR,27-Aug-2020,395,PE,0,0,0,15.35,1.15,0,0,0,0,06-JUL-2020,
OPTSTK,DABUR,27-Aug-2020,400,PE,0,0,0,16.9,1.5,0,0,0,0,06-JUL-2020,
OPTSTK,DABUR,27-Aug-2020,405,PE,0,0,0,18.55,1.9,0,0,0,0,06-JUL-2020,
OPTSTK,DABUR,27-Aug-2020,410,PE,0,0,0,20.3,2.45,0,0,0,0,06-JUL-2020,
OPTSTK,DABUR,27-Aug-2020,415,PE,0,0,0,22.15,3.1,0,0,0,0,06-JUL-2020,
OPTSTK,DABUR,27-Aug-2020,420,PE,0,0,0,24.1,3.9,0,0,0,0,06-JUL-2020,
OPTSTK,DABUR,27-Aug-2020,425,PE,0,0,0,26.2,4.8,0,0,0,0,06-JUL-2020,
OPTSTK,DABUR,27-Aug-2020,430,PE,0,0,0,28.35,5.85,0,0,0,0,06-JUL-2020,
OPTSTK,DABUR,27-Aug-2020,435,PE,0,0,0,30.6,7.05,0,0,0,0,06-JUL-2020,
OPTSTK,DABUR,27-Aug-2020,440,PE,0,0,0,33,8.45,0,0,0,0,06-JUL-2020,
OPTSTK,DABUR,27-Aug-2020,445,PE,0,0,0,35.45,10.05,0,0,0,0,06-JUL-2020,
OPTSTK,DABUR,27-Aug-2020,450,PE,0,0,0,38,11.8,0,0,0,0,06-JUL-2020,
OPTSTK,DABUR,27-Aug-2020,455,PE,0,0,0,40.65,13.75,0,0,0,0,06-JUL-2020,
OPTSTK,DABUR,27-Aug-2020,460,PE,0,0,0,43.45,15.9,0,0,0,0,06-JUL-2020,
OPTSTK,DABUR,27-Aug-2020,465,PE,0,0,0,46.3,18.25,0,0,0,0,06-JUL-2020,
OPTSTK,DABUR,27-Aug-2020,470,PE,0,0,0,49.25,20.8,0,0,0,0,06-JUL-2020,
OPTSTK,DABUR,27-Aug-2020,475,PE,0,0,0,52.25,23.5,0,0,0,0,06-JUL-2020,
OPTSTK,DABUR,27-Aug-2020,480,PE,0,0,0,55.4,26.45,0,0,0,0,06-JUL-2020,
OPTSTK,DABUR,27-Aug-2020,485,PE,0,0,0,58.6,29.55,0,0,0,0,06-JUL-2020,
OPTSTK,DABUR,27-Aug-2020,490,PE,0,0,0,61.9,32.85,0,0,0,0,06-JUL-2020,
OPTSTK,DABUR,27-Aug-2020,495,PE,0,0,0,65.25,36.3,0,0,0,0,06-JUL-2020,
OPTSTK,DABUR,27-Aug-2020,500,PE,0,0,0,68.7,39.9,0,0,0,0,06-JUL-2020,
OPTSTK,DABUR,27-Aug-2020,505,PE,0,0,0,72.25,43.65,0,0,0,0,06-JUL-2020,
OPTSTK,DABUR,27-Aug-2020,510,PE,0,0,0,75.85,47.55,0,0,0,0,06-JUL-2020,
OPTSTK,DABUR,27-Aug-2020,515,PE,0,0,0,79.55,51.6,0,0,0,0,06-JUL-2020,
OPTSTK,DABUR,27-Aug-2020,520,PE,0,0,0,83.25,55.7,0,0,0,0,06-JUL-2020,
OPTSTK,DABUR,27-Aug-2020,525,PE,0,0,0,87.1,59.95,0,0,0,0,06-JUL-2020,
OPTSTK,DABUR,27-Aug-2020,530,PE,0,0,0,90.95,64.3,0,0,0,0,06-JUL-2020,
OPTSTK,DABUR,27-Aug-2020,535,PE,0,0,0,94.9,68.75,0,0,0,0,06-JUL-2020,
OPTSTK,DABUR,27-Aug-2020,540,PE,0,0,0,98.85,73.25,0,0,0,0,06-JUL-2020,
OPTSTK,DABUR,27-Aug-2020,545,PE,0,0,0,102.9,77.8,0,0,0,0,06-JUL-2020,
OPTSTK,DABUR,27-Aug-2020,550,PE,0,0,0,107,82.45,0,0,0,0,06-JUL-2020,
OPTSTK,DABUR,27-Aug-2020,555,PE,0,0,0,111.1,87.1,0,0,0,0,06-JUL-2020,
OPTSTK,DABUR,27-Aug-2020,560,PE,0,0,0,115.3,91.85,0,0,0,0,06-JUL-2020,
OPTSTK,DABUR,27-Aug-2020,565,PE,0,0,0,119.55,96.6,0,0,0,0,06-JUL-2020,
OPTSTK,DABUR,27-Aug-2020,570,PE,0,0,0,123.8,101.4,0,0,0,0,06-JUL-2020,
OPTSTK,DABUR,24-Sep-2020,340,CE,0,0,0,124.15,129.25,0,0,0,0,06-JUL-2020,
OPTSTK,DABUR,24-Sep-2020,345,CE,0,0,0,119.45,124.35,0,0,0,0,06-JUL-2020,
OPTSTK,DABUR,24-Sep-2020,350,CE,0,0,0,114.8,119.45,0,0,0,0,06-JUL-2020,
OPTSTK,DABUR,24-Sep-2020,355,CE,0,0,0,110.2,114.6,0,0,0,0,06-JUL-2020,
OPTSTK,DABUR,24-Sep-2020,360,CE,0,0,0,105.65,109.75,0,0,0,0,06-JUL-2020,
OPTSTK,DABUR,24-Sep-2020,365,CE,0,0,0,101.15,104.95,0,0,0,0,06-JUL-2020,
OPTSTK,DABUR,24-Sep-2020,370,CE,0,0,0,96.7,100.2,0,0,0,0,06-JUL-2020,
OPTSTK,DABUR,24-Sep-2020,375,CE,0,0,0,92.35,95.5,0,0,0,0,06-JUL-2020,
OPTSTK,DABUR,24-Sep-2020,380,CE,0,0,0,88.1,90.8,0,0,0,0,06-JUL-2020,
OPTSTK,DABUR,24-Sep-2020,385,CE,0,0,0,83.9,86.2,0,0,0,0,06-JUL-2020,
OPTSTK,DABUR,24-Sep-2020,390,CE,0,0,0,79.85,81.7,0,0,0,0,06-JUL-2020,
OPTSTK,DABUR,24-Sep-2020,395,CE,0,0,0,75.85,77.25,0,0,0,0,06-JUL-2020,
OPTSTK,DABUR,24-Sep-2020,400,CE,0,0,0,71.95,72.85,0,0,0,0,06-JUL-2020,
OPTSTK,DABUR,24-Sep-2020,405,CE,0,0,0,68.15,68.6,0,0,0,0,06-JUL-2020,
OPTSTK,DABUR,24-Sep-2020,410,CE,0,0,0,64.45,64.45,0,0,0,0,06-JUL-2020,
OPTSTK,DABUR,24-Sep-2020,415,CE,0,0,0,60.9,60.4,0,0,0,0,06-JUL-2020,
OPTSTK,DABUR,24-Sep-2020,420,CE,0,0,0,57.4,56.45,0,0,0,0,06-JUL-2020,
OPTSTK,DABUR,24-Sep-2020,425,CE,0,0,0,54.05,52.65,0,0,0,0,06-JUL-2020,
OPTSTK,DABUR,24-Sep-2020,430,CE,0,0,0,50.85,49,0,0,0,0,06-JUL-2020,
OPTSTK,DABUR,24-Sep-2020,435,CE,0,0,0,47.75,45.45,0,0,0,0,06-JUL-2020,
OPTSTK,DABUR,24-Sep-2020,440,CE,0,0,0,44.8,42.1,0,0,0,0,06-JUL-2020,
OPTSTK,DABUR,24-Sep-2020,445,CE,0,0,0,41.95,38.85,0,0,0,0,06-JUL-2020,
OPTSTK,DABUR,24-Sep-2020,450,CE,0,0,0,39.2,35.8,0,0,0,0,06-JUL-2020,
OPTSTK,DABUR,24-Sep-2020,455,CE,0,0,0,36.65,32.9,0,0,0,0,06-JUL-2020,
OPTSTK,DABUR,24-Sep-2020,460,CE,0,0,0,34.15,30.15,0,0,0,0,06-JUL-2020,
OPTSTK,DABUR,24-Sep-2020,465,CE,0,0,0,31.8,27.55,0,0,0,0,06-JUL-2020,
OPTSTK,DABUR,24-Sep-2020,470,CE,0,0,0,29.6,25.1,0,0,0,0,06-JUL-2020,
OPTSTK,DABUR,24-Sep-2020,475,CE,0,0,0,27.45,22.85,0,0,0,0,06-JUL-2020,
OPTSTK,DABUR,24-Sep-2020,480,CE,0,0,0,25.45,20.7,0,0,0,0,06-JUL-2020,
OPTSTK,DABUR,24-Sep-2020,485,CE,0,0,0,23.6,18.75,0,0,0,0,06-JUL-2020,
OPTSTK,DABUR,24-Sep-2020,490,CE,0,0,0,21.8,16.9,0,0,0,0,06-JUL-2020,
OPTSTK,DABUR,24-Sep-2020,495,CE,0,0,0,20.15,15.25,0,0,0,0,06-JUL-2020,
OPTSTK,DABUR,24-Sep-2020,500,CE,0,0,0,18.6,13.7,0,0,0,0,06-JUL-2020,
OPTSTK,DABUR,24-Sep-2020,505,CE,0,0,0,17.15,12.25,0,0,0,0,06-JUL-2020,
OPTSTK,DABUR,24-Sep-2020,510,CE,0,0,0,15.75,10.95,0,0,0,0,06-JUL-2020,
OPTSTK,DABUR,24-Sep-2020,515,CE,0,0,0,14.5,9.75,0,0,0,0,06-JUL-2020,
OPTSTK,DABUR,24-Sep-2020,520,CE,0,0,0,13.35,8.65,0,0,0,0,06-JUL-2020,
OPTSTK,DABUR,24-Sep-2020,525,CE,0,0,0,12.25,7.7,0,0,0,0,06-JUL-2020,
OPTSTK,DABUR,24-Sep-2020,530,CE,0,0,0,11.2,6.8,0,0,0,0,06-JUL-2020,
OPTSTK,DABUR,24-Sep-2020,535,CE,0,0,0,10.25,6,0,0,0,0,06-JUL-2020,
OPTSTK,DABUR,24-Sep-2020,540,CE,0,0,0,9.35,5.3,0,0,0,0,06-JUL-2020,
OPTSTK,DABUR,24-Sep-2020,545,CE,0,0,0,8.55,4.65,0,0,0,0,06-JUL-2020,
OPTSTK,DABUR,24-Sep-2020,550,CE,0,0,0,7.8,4.1,0,0,0,0,06-JUL-2020,
OPTSTK,DABUR,24-Sep-2020,555,CE,0,0,0,7.1,3.55,0,0,0,0,06-JUL-2020,
OPTSTK,DABUR,24-Sep-2020,560,CE,0,0,0,6.45,3.1,0,0,0,0,06-JUL-2020,
OPTSTK,DABUR,24-Sep-2020,565,CE,0,0,0,5.85,2.7,0,0,0,0,06-JUL-2020,
OPTSTK,DABUR,24-Sep-2020,570,CE,0,0,0,5.35,2.35,0,0,0,0,06-JUL-2020,
OPTSTK,DABUR,24-Sep-2020,340,PE,0,0,0,1.05,0.15,0,0,0,0,06-JUL-2020,
OPTSTK,DABUR,24-Sep-2020,345,PE,0,0,0,1.3,0.2,0,0,0,0,06-JUL-2020,
OPTSTK,DABUR,24-Sep-2020,350,PE,0,0,0,1.55,0.25,0,0,0,0,06-JUL-2020,
OPTSTK,DABUR,24-Sep-2020,355,PE,0,0,0,1.9,0.35,0,0,0,0,06-JUL-2020,
OPTSTK,DABUR,24-Sep-2020,360,PE,0,0,0,2.3,0.5,0,0,0,0,06-JUL-2020,
OPTSTK,DABUR,24-Sep-2020,365,PE,0,0,0,2.75,0.65,0,0,0,0,06-JUL-2020,
OPTSTK,DABUR,24-Sep-2020,370,PE,0,0,0,3.3,0.8,0,0,0,0,06-JUL-2020,
OPTSTK,DABUR,24-Sep-2020,375,PE,0,0,0,3.85,1.05,0,0,0,0,06-JUL-2020,
OPTSTK,DABUR,24-Sep-2020,380,PE,0,0,0,4.55,1.35,0,0,0,0,06-JUL-2020,
OPTSTK,DABUR,24-Sep-2020,385,PE,0,0,0,5.3,1.7,0,0,0,0,06-JUL-2020,
OPTSTK,DABUR,24-Sep-2020,390,PE,0,0,0,6.15,2.1,0,0,0,0,06-JUL-2020,
OPTSTK,DABUR,24-Sep-2020,395,PE,0,0,0,7.1,2.6,0,0,0,0,06-JUL-2020,
OPTSTK,DABUR,24-Sep-2020,400,PE,0,0,0,8.15,3.2,0,0,0,0,06-JUL-2020,
OPTSTK,DABUR,24-Sep-2020,405,PE,0,0,0,9.3,3.9,0,0,0,0,06-JUL-2020,
OPTSTK,DABUR,24-Sep-2020,410,PE,0,0,0,10.55,4.7,0,0,0,0,06-JUL-2020,
OPTSTK,DABUR,24-Sep-2020,415,PE,0,0,0,11.9,5.6,0,0,0,0,06-JUL-2020,
OPTSTK,DABUR,24-Sep-2020,420,PE,0,0,0,13.4,6.6,0,0,0,0,06-JUL-2020,
OPTSTK,DABUR,24-Sep-2020,425,PE,0,0,0,15,7.75,0,0,0,0,06-JUL-2020,
OPTSTK,DABUR,24-Sep-2020,430,PE,0,0,0,16.7,9.05,0,0,0,0,06-JUL-2020,
OPTSTK,DABUR,24-Sep-2020,435,PE,0,0,0,18.55,10.5,0,0,0,0,06-JUL-2020,
OPTSTK,DABUR,24-Sep-2020,440,PE,0,0,0,20.55,12.05,0,0,0,0,06-JUL-2020,
OPTSTK,DABUR,24-Sep-2020,445,PE,0,0,0,22.65,13.8,0,0,0,0,06-JUL-2020,
OPTSTK,DABUR,24-Sep-2020,450,PE,0,0,0,24.85,15.7,0,0,0,0,06-JUL-2020,
OPTSTK,DABUR,24-Sep-2020,455,PE,0,0,0,27.2,17.7,0,0,0,0,06-JUL-2020,
OPTSTK,DABUR,24-Sep-2020,460,PE,0,0,0,29.65,19.95,0,0,0,0,06-JUL-2020,
OPTSTK,DABUR,24-Sep-2020,465,PE,0,0,0,32.25,22.3,0,0,0,0,06-JUL-2020,
OPTSTK,DABUR,24-Sep-2020,470,PE,0,0,0,35,24.8,0,0,0,0,06-JUL-2020,
OPTSTK,DABUR,24-Sep-2020,475,PE,0,0,0,37.8,27.5,0,0,0,0,06-JUL-2020,
OPTSTK,DABUR,24-Sep-2020,480,PE,0,0,0,40.75,30.3,0,0,0,0,06-JUL-2020,
OPTSTK,DABUR,24-Sep-2020,485,PE,0,0,0,43.8,33.3,0,0,0,0,06-JUL-2020,
OPTSTK,DABUR,24-Sep-2020,490,PE,0,0,0,47,36.45,0,0,0,0,06-JUL-2020,
OPTSTK,DABUR,24-Sep-2020,495,PE,0,0,0,50.25,39.7,0,0,0,0,06-JUL-2020,
OPTSTK,DABUR,24-Sep-2020,500,PE,0,0,0,53.65,43.1,0,0,0,0,06-JUL-2020,
OPTSTK,DABUR,24-Sep-2020,505,PE,0,0,0,57.15,46.6,0,0,0,0,06-JUL-2020,
OPTSTK,DABUR,24-Sep-2020,510,PE,0,0,0,60.7,50.25,0,0,0,0,06-JUL-2020,
OPTSTK,DABUR,24-Sep-2020,515,PE,0,0,0,64.4,54.05,0,0,0,0,06-JUL-2020,
OPTSTK,DABUR,24-Sep-2020,520,PE,0,0,0,68.15,57.9,0,0,0,0,06-JUL-2020,
OPTSTK,DABUR,24-Sep-2020,525,PE,0,0,0,72,61.9,0,0,0,0,06-JUL-2020,
OPTSTK,DABUR,24-Sep-2020,530,PE,0,0,0,75.9,65.95,0,0,0,0,06-JUL-2020,
OPTSTK,DABUR,24-Sep-2020,535,PE,0,0,0,79.9,70.1,0,0,0,0,06-JUL-2020,
OPTSTK,DABUR,24-Sep-2020,540,PE,0,0,0,83.95,74.35,0,0,0,0,06-JUL-2020,
OPTSTK,DABUR,24-Sep-2020,545,PE,0,0,0,88.05,78.65,0,0,0,0,06-JUL-2020,
OPTSTK,DABUR,24-Sep-2020,550,PE,0,0,0,92.25,83.05,0,0,0,0,06-JUL-2020,
OPTSTK,DABUR,24-Sep-2020,555,PE,0,0,0,96.5,87.5,0,0,0,0,06-JUL-2020,
OPTSTK,DABUR,24-Sep-2020,560,PE,0,0,0,100.8,92,0,0,0,0,06-JUL-2020,
OPTSTK,DABUR,24-Sep-2020,565,PE,0,0,0,105.15,96.55,0,0,0,0,06-JUL-2020,
OPTSTK,DABUR,24-Sep-2020,570,PE,0,0,0,109.55,101.15,0,0,0,0,06-JUL-2020,
OPTSTK,DIVISLAB,30-Jul-2020,1550,CE,0,0,0,820.85,615.45,0,0,0,0,06-JUL-2020,
OPTSTK,DIVISLAB,30-Jul-2020,1600,CE,0,0,0,776.8,565.55,0,0,0,0,06-JUL-2020,
OPTSTK,DIVISLAB,30-Jul-2020,1650,CE,0,0,0,733.75,515.7,0,0,0,0,06-JUL-2020,
OPTSTK,DIVISLAB,30-Jul-2020,1700,CE,0,0,0,691.9,465.9,0,0,0,0,06-JUL-2020,
OPTSTK,DIVISLAB,30-Jul-2020,1750,CE,0,0,0,651.2,416.2,0,0,0,0,06-JUL-2020,
OPTSTK,DIVISLAB,30-Jul-2020,1800,CE,0,0,0,611.85,366.75,0,0,0,0,06-JUL-2020,
OPTSTK,DIVISLAB,30-Jul-2020,1820,CE,0,0,0,492.1,347.1,0,0,0,0,06-JUL-2020,
OPTSTK,DIVISLAB,30-Jul-2020,1840,CE,0,0,0,474.15,327.6,0,0,0,0,06-JUL-2020,
OPTSTK,DIVISLAB,30-Jul-2020,1850,CE,0,0,0,573.85,317.9,0,0,0,0,06-JUL-2020,
OPTSTK,DIVISLAB,30-Jul-2020,1860,CE,0,0,0,456.45,308.2,0,0,0,0,06-JUL-2020,
OPTSTK,DIVISLAB,30-Jul-2020,1880,CE,0,0,0,439,289.05,0,0,0,0,06-JUL-2020,
OPTSTK,DIVISLAB,30-Jul-2020,1900,CE,0,0,0,537.3,270.1,0,0,0,0,06-JUL-2020,
OPTSTK,DIVISLAB,30-Jul-2020,1920,CE,0,0,0,404.85,251.5,0,0,0,0,06-JUL-2020,
OPTSTK,DIVISLAB,30-Jul-2020,1940,CE,0,0,0,388.25,233.2,0,0,0,0,06-JUL-2020,
OPTSTK,DIVISLAB,30-Jul-2020,1950,CE,0,0,0,502.2,224.25,0,0,0,0,06-JUL-2020,
OPTSTK,DIVISLAB,30-Jul-2020,1960,CE,0,0,0,371.9,215.35,0,0,0,0,06-JUL-2020,
OPTSTK,DIVISLAB,30-Jul-2020,1980,CE,0,0,0,355.95,198,0,0,0,0,06-JUL-2020,
OPTSTK,DIVISLAB,30-Jul-2020,2000,CE,0,0,0,335,181.2,0,0,400,0,06-JUL-2020,
OPTSTK,DIVISLAB,30-Jul-2020,2020,CE,0,0,0,325,165.05,0,0,0,0,06-JUL-2020,
OPTSTK,DIVISLAB,30-Jul-2020,2040,CE,0,0,0,194.3,149.55,0,0,400,0,06-JUL-2020,
OPTSTK,DIVISLAB,30-Jul-2020,2050,CE,165,165,160,160,142.1,25,221.22,10000,10000,06-JUL-2020,
OPTSTK,DIVISLAB,30-Jul-2020,2060,CE,0,0,0,295.55,134.8,0,0,0,0,06-JUL-2020,
OPTSTK,DIVISLAB,30-Jul-2020,2080,CE,0,0,0,281.35,120.9,0,0,0,0,06-JUL-2020,
OPTSTK,DIVISLAB,30-Jul-2020,2100,CE,134.8,134.8,122,122,122,6,53.48,2800,1200,06-JUL-2020,
OPTSTK,DIVISLAB,30-Jul-2020,2120,CE,108,108,108,108,95.55,1,8.91,400,-400,06-JUL-2020,
OPTSTK,DIVISLAB,30-Jul-2020,2140,CE,111.75,111.75,111.75,111.75,84.25,1,9,1200,0,06-JUL-2020,
OPTSTK,DIVISLAB,30-Jul-2020,2150,CE,97,98,91.5,91.5,91.5,4,35.91,2400,1200,06-JUL-2020,
OPTSTK,DIVISLAB,30-Jul-2020,2160,CE,89,89,89,89,73.8,2,17.99,1200,800,06-JUL-2020,
OPTSTK,DIVISLAB,30-Jul-2020,2180,CE,90.35,90.35,76.35,79.95,79.95,23,208.17,2800,1200,06-JUL-2020,
OPTSTK,DIVISLAB,30-Jul-2020,2200,CE,95,95,66.75,70.45,70.45,445,4048.08,92800,36800,06-JUL-2020,
OPTSTK,DIVISLAB,30-Jul-2020,2220,CE,68,68,65.2,67.65,47.9,6,54.87,1600,0,06-JUL-2020,
OPTSTK,DIVISLAB,30-Jul-2020,2240,CE,60,60,56.55,56.8,56.8,5,45.96,6400,-800,06-JUL-2020,
OPTSTK,DIVISLAB,30-Jul-2020,2250,CE,67,67,50.75,52.6,52.6,113,1042.11,26400,8800,06-JUL-2020,
OPTSTK,DIVISLAB,30-Jul-2020,2260,CE,49,49.1,49,49.1,49.1,2,18.47,2400,400,06-JUL-2020,
OPTSTK,DIVISLAB,30-Jul-2020,2280,CE,42.85,44,42.85,44,29.4,3,27.88,2800,800,06-JUL-2020,
OPTSTK,DIVISLAB,30-Jul-2020,2300,CE,54.95,54.95,37,38.5,38.5,357,3343.79,103600,4400,06-JUL-2020,
OPTSTK,DIVISLAB,30-Jul-2020,2320,CE,0,0,0,48,20.55,0,0,400,0,06-JUL-2020,
OPTSTK,DIVISLAB,30-Jul-2020,2340,CE,0,0,0,52.85,17.05,0,0,1200,0,06-JUL-2020,
OPTSTK,DIVISLAB,30-Jul-2020,2350,CE,34,34,27.5,27.9,27.9,38,361.64,26800,-1600,06-JUL-2020,
OPTSTK,DIVISLAB,30-Jul-2020,2360,CE,35,35,20.45,20.45,14.05,4,38.26,4000,800,06-JUL-2020,
OPTSTK,DIVISLAB,30-Jul-2020,2380,CE,10.65,10.65,10.65,10.65,11.5,1,9.56,2800,-400,06-JUL-2020,
OPTSTK,DIVISLAB,30-Jul-2020,2400,CE,26.05,27.3,19.65,20.9,20.9,277,2683.39,127200,8000,06-JUL-2020,
OPTSTK,DIVISLAB,30-Jul-2020,2420,CE,0,0,0,85.05,7.55,0,0,400,0,06-JUL-2020,
OPTSTK,DIVISLAB,30-Jul-2020,2440,CE,0,0,0,70.45,6.1,0,0,2400,0,06-JUL-2020,
OPTSTK,DIVISLAB,30-Jul-2020,2450,CE,16,16,14,14,5.45,4,39.44,18000,-400,06-JUL-2020,
OPTSTK,DIVISLAB,30-Jul-2020,2460,CE,0,0,0,90.65,4.85,0,0,0,0,06-JUL-2020,
OPTSTK,DIVISLAB,30-Jul-2020,2480,CE,0,0,0,84.55,3.85,0,0,0,0,06-JUL-2020,
OPTSTK,DIVISLAB,30-Jul-2020,2500,CE,12.3,13,10.5,11.1,11.1,99,994.63,57600,4400,06-JUL-2020,
OPTSTK,DIVISLAB,30-Jul-2020,2520,CE,0,0,0,16.5,2.4,0,0,400,0,06-JUL-2020,
OPTSTK,DIVISLAB,30-Jul-2020,2540,CE,0,0,0,68.3,1.85,0,0,0,0,06-JUL-2020,
OPTSTK,DIVISLAB,30-Jul-2020,2550,CE,0,0,0,198.65,1.65,0,0,0,0,06-JUL-2020,
OPTSTK,DIVISLAB,30-Jul-2020,2560,CE,0,0,0,63.5,1.45,0,0,0,0,06-JUL-2020,
OPTSTK,DIVISLAB,30-Jul-2020,2580,CE,0,0,0,9,1.1,0,0,400,0,06-JUL-2020,
OPTSTK,DIVISLAB,30-Jul-2020,2600,CE,7.4,7.55,6,6.05,6.05,60,625.63,27600,800,06-JUL-2020,
OPTSTK,DIVISLAB,30-Jul-2020,2620,CE,0,0,0,50.65,0.65,0,0,0,0,06-JUL-2020,
OPTSTK,DIVISLAB,30-Jul-2020,2640,CE,0,0,0,23.4,0.5,0,0,400,0,06-JUL-2020,
OPTSTK,DIVISLAB,30-Jul-2020,2650,CE,0,0,0,24.25,0.45,0,0,2800,0,06-JUL-2020,
OPTSTK,DIVISLAB,30-Jul-2020,2660,CE,0,0,0,43.35,0.4,0,0,0,0,06-JUL-2020,
OPTSTK,DIVISLAB,30-Jul-2020,2680,CE,0,0,0,40.1,0.3,0,0,0,0,06-JUL-2020,
OPTSTK,DIVISLAB,30-Jul-2020,2700,CE,5,5.1,2.5,2.5,0.2,5,54.09,3600,1200,06-JUL-2020,
OPTSTK,DIVISLAB,30-Jul-2020,2720,CE,0,0,0,34.15,0.15,0,0,0,0,06-JUL-2020,
OPTSTK,DIVISLAB,30-Jul-2020,2740,CE,0,0,0,30,0.1,0,0,400,0,06-JUL-2020,
OPTSTK,DIVISLAB,30-Jul-2020,2750,CE,0,0,0,140.35,0.1,0,0,0,0,06-JUL-2020,
OPTSTK,DIVISLAB,30-Jul-2020,2760,CE,0,0,0,29,0.1,0,0,0,0,06-JUL-2020,
OPTSTK,DIVISLAB,30-Jul-2020,2780,CE,0,0,0,39.5,0.05,0,0,0,0,06-JUL-2020,
OPTSTK,DIVISLAB,30-Jul-2020,2800,CE,0,0,0,0.75,0.05,0,0,2000,0,06-JUL-2020,
OPTSTK,DIVISLAB,30-Jul-2020,2850,CE,0,0,0,117.35,0.05,0,0,0,0,06-JUL-2020,
OPTSTK,DIVISLAB,30-Jul-2020,1550,PE,0,0,0,18.35,0.05,0,0,0,0,06-JUL-2020,
OPTSTK,DIVISLAB,30-Jul-2020,1600,PE,0,0,0,23.65,0.05,0,0,0,0,06-JUL-2020,
OPTSTK,DIVISLAB,30-Jul-2020,1650,PE,0,0,0,29.95,0.05,0,0,0,0,06-JUL-2020,
OPTSTK,DIVISLAB,30-Jul-2020,1700,PE,0,0,0,37.45,0.05,0,0,0,0,06-JUL-2020,
OPTSTK,DIVISLAB,30-Jul-2020,1750,PE,0,0,0,3.15,0.2,0,0,400,0,06-JUL-2020,
OPTSTK,DIVISLAB,30-Jul-2020,1800,PE,4,5,4,5,5,6,43.31,3600,2000,06-JUL-2020,
OPTSTK,DIVISLAB,30-Jul-2020,1820,PE,0,0,0,11.7,0.95,0,0,0,0,06-JUL-2020,
OPTSTK,DIVISLAB,30-Jul-2020,1840,PE,0,0,0,13.55,1.35,0,0,0,0,06-JUL-2020,
OPTSTK,DIVISLAB,30-Jul-2020,1850,PE,0,0,0,67.5,1.6,0,0,0,0,06-JUL-2020,
OPTSTK,DIVISLAB,30-Jul-2020,1860,PE,0,0,0,15.7,1.95,0,0,0,0,06-JUL-2020,
OPTSTK,DIVISLAB,30-Jul-2020,1880,PE,0,0,0,18.05,2.7,0,0,0,0,06-JUL-2020,
OPTSTK,DIVISLAB,30-Jul-2020,1900,PE,11.95,11.95,8.5,9.25,9.25,46,351.37,20400,5600,06-JUL-2020,
OPTSTK,DIVISLAB,30-Jul-2020,1920,PE,0,0,0,20.9,5.05,0,0,400,0,06-JUL-2020,
OPTSTK,DIVISLAB,30-Jul-2020,1940,PE,0,0,0,25.2,6.7,0,0,800,0,06-JUL-2020,
OPTSTK,DIVISLAB,30-Jul-2020,1950,PE,0,0,0,94.6,7.7,0,0,0,0,06-JUL-2020,
OPTSTK,DIVISLAB,30-Jul-2020,1960,PE,0,0,0,30.1,8.8,0,0,400,0,06-JUL-2020,
OPTSTK,DIVISLAB,30-Jul-2020,1980,PE,10.05,10.05,10.05,10.05,11.4,1,7.96,1200,400,06-JUL-2020,
OPTSTK,DIVISLAB,30-Jul-2020,2000,PE,21.8,24.9,20.5,23.2,23.2,226,1828.86,75200,11200,06-JUL-2020,
OPTSTK,DIVISLAB,30-Jul-2020,2020,PE,0,0,0,30,18.3,0,0,400,0,06-JUL-2020,
OPTSTK,DIVISLAB,30-Jul-2020,2040,PE,0,0,0,47.85,22.75,0,0,0,0,06-JUL-2020,
OPTSTK,DIVISLAB,30-Jul-2020,2050,PE,30.95,36,30.95,36,36,3,24.99,1600,1200,06-JUL-2020,
OPTSTK,DIVISLAB,30-Jul-2020,2060,PE,0,0,0,38.25,27.95,0,0,400,0,06-JUL-2020,
OPTSTK,DIVISLAB,30-Jul-2020,2080,PE,0,0,0,58.75,33.95,0,0,0,0,06-JUL-2020,
OPTSTK,DIVISLAB,30-Jul-2020,2100,PE,49.2,54,46.75,52.45,52.45,84,722.69,53200,2000,06-JUL-2020,
OPTSTK,DIVISLAB,30-Jul-2020,2120,PE,0,0,0,50,48.55,0,0,400,0,06-JUL-2020,
OPTSTK,DIVISLAB,30-Jul-2020,2140,PE,0,0,0,62.35,57.15,0,0,2000,0,06-JUL-2020,
OPTSTK,DIVISLAB,30-Jul-2020,2150,PE,71.4,75.15,69.85,74.8,74.8,15,133.4,13600,400,06-JUL-2020,
OPTSTK,DIVISLAB,30-Jul-2020,2160,PE,80.6,80.6,80.6,80.6,66.7,2,17.92,1200,800,06-JUL-2020,
OPTSTK,DIVISLAB,30-Jul-2020,2180,PE,0,0,0,76.35,77.1,0,0,1200,0,06-JUL-2020,
OPTSTK,DIVISLAB,30-Jul-2020,2200,PE,93.4,105,89.65,102.05,102.05,104,955.42,87200,-8400,06-JUL-2020,
OPTSTK,DIVISLAB,30-Jul-2020,2220,PE,0,0,0,109.8,100.6,0,0,0,0,06-JUL-2020,
OPTSTK,DIVISLAB,30-Jul-2020,2240,PE,0,0,0,119.2,113.6,0,0,2400,0,06-JUL-2020,
OPTSTK,DIVISLAB,30-Jul-2020,2250,PE,132.7,132.7,132.7,132.7,120.4,1,9.53,7600,-400,06-JUL-2020,
OPTSTK,DIVISLAB,30-Jul-2020,2260,PE,0,0,0,122.5,127.4,0,0,800,0,06-JUL-2020,
OPTSTK,DIVISLAB,30-Jul-2020,2280,PE,0,0,0,136.05,141.95,0,0,1600,0,06-JUL-2020,
OPTSTK,DIVISLAB,30-Jul-2020,2300,PE,167,167,165.1,165.1,157.15,4,39.46,22000,0,06-JUL-2020,
OPTSTK,DIVISLAB,30-Jul-2020,2320,PE,0,0,0,165.05,173,0,0,800,0,06-JUL-2020,
OPTSTK,DIVISLAB,30-Jul-2020,2340,PE,0,0,0,170.15,189.4,0,0,0,0,06-JUL-2020,
OPTSTK,DIVISLAB,30-Jul-2020,2350,PE,197,197,197,197,197.85,1,10.18,1600,0,06-JUL-2020,
OPTSTK,DIVISLAB,30-Jul-2020,2360,PE,0,0,0,160,206.35,0,0,800,0,06-JUL-2020,
OPTSTK,DIVISLAB,30-Jul-2020,2380,PE,0,0,0,128.25,223.75,0,0,800,0,06-JUL-2020,
OPTSTK,DIVISLAB,30-Jul-2020,2400,PE,0,0,0,221.8,241.55,0,0,3600,0,06-JUL-2020,
OPTSTK,DIVISLAB,30-Jul-2020,2420,PE,0,0,0,218.45,259.7,0,0,0,0,06-JUL-2020,
OPTSTK,DIVISLAB,30-Jul-2020,2440,PE,0,0,0,163.8,278.15,0,0,800,0,06-JUL-2020,
OPTSTK,DIVISLAB,30-Jul-2020,2450,PE,0,0,0,321,287.5,0,0,0,0,06-JUL-2020,
OPTSTK,DIVISLAB,30-Jul-2020,2460,PE,0,0,0,181,296.9,0,0,800,0,06-JUL-2020,
OPTSTK,DIVISLAB,30-Jul-2020,2480,PE,0,0,0,258.55,315.85,0,0,0,0,06-JUL-2020,
OPTSTK,DIVISLAB,30-Jul-2020,2500,PE,0,0,0,220,334.95,0,0,800,0,06-JUL-2020,
OPTSTK,DIVISLAB,30-Jul-2020,2520,PE,0,0,0,287,354.25,0,0,0,0,06-JUL-2020,
OPTSTK,DIVISLAB,30-Jul-2020,2540,PE,0,0,0,301.8,373.7,0,0,0,0,06-JUL-2020,
OPTSTK,DIVISLAB,30-Jul-2020,2550,PE,0,0,0,383.45,383.45,0,0,0,0,06-JUL-2020,
OPTSTK,DIVISLAB,30-Jul-2020,2560,PE,0,0,0,316.85,393.2,0,0,0,0,06-JUL-2020,
OPTSTK,DIVISLAB,30-Jul-2020,2580,PE,0,0,0,332.15,412.8,0,0,0,0,06-JUL-2020,
OPTSTK,DIVISLAB,30-Jul-2020,2600,PE,0,0,0,416.55,432.5,0,0,0,0,06-JUL-2020,
OPTSTK,DIVISLAB,30-Jul-2020,2620,PE,0,0,0,363.45,452.25,0,0,0,0,06-JUL-2020,
OPTSTK,DIVISLAB,30-Jul-2020,2640,PE,0,0,0,379.55,472.05,0,0,0,0,06-JUL-2020,
OPTSTK,DIVISLAB,30-Jul-2020,2650,PE,0,0,0,450.75,481.95,0,0,0,0,06-JUL-2020,
OPTSTK,DIVISLAB,30-Jul-2020,2660,PE,0,0,0,395.85,491.85,0,0,0,0,06-JUL-2020,
OPTSTK,DIVISLAB,30-Jul-2020,2680,PE,0,0,0,412.4,511.7,0,0,0,0,06-JUL-2020,
OPTSTK,DIVISLAB,30-Jul-2020,2700,PE,0,0,0,335.45,531.6,0,0,800,0,06-JUL-2020,
OPTSTK,DIVISLAB,30-Jul-2020,2720,PE,0,0,0,446.15,551.45,0,0,0,0,06-JUL-2020,
OPTSTK,DIVISLAB,30-Jul-2020,2740,PE,0,0,0,463.35,571.35,0,0,0,0,06-JUL-2020,
OPTSTK,DIVISLAB,30-Jul-2020,2750,PE,0,0,0,476.95,581.35,0,0,400,0,06-JUL-2020,
OPTSTK,DIVISLAB,30-Jul-2020,2760,PE,0,0,0,480.7,591.3,0,0,0,0,06-JUL-2020,
OPTSTK,DIVISLAB,30-Jul-2020,2780,PE,0,0,0,407.1,611.2,0,0,0,0,06-JUL-2020,
OPTSTK,DIVISLAB,30-Jul-2020,2800,PE,0,0,0,560,631.15,0,0,0,0,06-JUL-2020,
OPTSTK,DIVISLAB,30-Jul-2020,2850,PE,0,0,0,598.3,680.95,0,0,0,0,06-JUL-2020,
OPTSTK,DIVISLAB,27-Aug-2020,1800,CE,0,0,0,526.8,377.8,0,0,0,0,06-JUL-2020,
OPTSTK,DIVISLAB,27-Aug-2020,1820,CE,0,0,0,509.6,359.35,0,0,0,0,06-JUL-2020,
OPTSTK,DIVISLAB,27-Aug-2020,1840,CE,0,0,0,492.6,341.15,0,0,0,0,06-JUL-2020,
OPTSTK,DIVISLAB,27-Aug-2020,1860,CE,0,0,0,475.9,323.25,0,0,0,0,06-JUL-2020,
OPTSTK,DIVISLAB,27-Aug-2020,1880,CE,0,0,0,459.4,305.65,0,0,0,0,06-JUL-2020,
OPTSTK,DIVISLAB,27-Aug-2020,1900,CE,0,0,0,443.2,288.45,0,0,0,0,06-JUL-2020,
OPTSTK,DIVISLAB,27-Aug-2020,1920,CE,0,0,0,427.3,271.65,0,0,0,0,06-JUL-2020,
OPTSTK,DIVISLAB,27-Aug-2020,1940,CE,0,0,0,411.65,255.25,0,0,0,0,06-JUL-2020,
OPTSTK,DIVISLAB,27-Aug-2020,1960,CE,0,0,0,396.3,239.3,0,0,0,0,06-JUL-2020,
OPTSTK,DIVISLAB,27-Aug-2020,1980,CE,0,0,0,381.3,223.9,0,0,0,0,06-JUL-2020,
OPTSTK,DIVISLAB,27-Aug-2020,2000,CE,0,0,0,366.65,208.95,0,0,0,0,06-JUL-2020,
OPTSTK,DIVISLAB,27-Aug-2020,2020,CE,0,0,0,352.25,194.55,0,0,0,0,06-JUL-2020,
OPTSTK,DIVISLAB,27-Aug-2020,2040,CE,0,0,0,338.2,180.75,0,0,0,0,06-JUL-2020,
OPTSTK,DIVISLAB,27-Aug-2020,2060,CE,0,0,0,324.45,167.5,0,0,0,0,06-JUL-2020,
OPTSTK,DIVISLAB,27-Aug-2020,2080,CE,0,0,0,311,154.85,0,0,0,0,06-JUL-2020,
OPTSTK,DIVISLAB,27-Aug-2020,2100,CE,0,0,0,297.95,142.8,0,0,0,0,06-JUL-2020,
OPTSTK,DIVISLAB,27-Aug-2020,2120,CE,0,0,0,285.25,131.35,0,0,0,0,06-JUL-2020,
OPTSTK,DIVISLAB,27-Aug-2020,2140,CE,0,0,0,272.95,120.55,0,0,0,0,06-JUL-2020,
OPTSTK,DIVISLAB,27-Aug-2020,2160,CE,0,0,0,261,110.35,0,0,0,0,06-JUL-2020,
OPTSTK,DIVISLAB,27-Aug-2020,2180,CE,0,0,0,249.35,100.75,0,0,0,0,06-JUL-2020,
OPTSTK,DIVISLAB,27-Aug-2020,2200,CE,0,0,0,238.1,91.75,0,0,0,0,06-JUL-2020,
OPTSTK,DIVISLAB,27-Aug-2020,2220,CE,0,0,0,227.2,83.35,0,0,0,0,06-JUL-2020,
OPTSTK,DIVISLAB,27-Aug-2020,2240,CE,0,0,0,216.65,75.55,0,0,0,0,06-JUL-2020,
OPTSTK,DIVISLAB,27-Aug-2020,2260,CE,0,0,0,206.5,68.3,0,0,0,0,06-JUL-2020,
OPTSTK,DIVISLAB,27-Aug-2020,2280,CE,0,0,0,196.65,61.6,0,0,0,0,06-JUL-2020,
OPTSTK,DIVISLAB,27-Aug-2020,2300,CE,0,0,0,187.15,55.4,0,0,0,0,06-JUL-2020,
OPTSTK,DIVISLAB,27-Aug-2020,2320,CE,0,0,0,178,49.7,0,0,0,0,06-JUL-2020,
OPTSTK,DIVISLAB,27-Aug-2020,2340,CE,0,0,0,169.15,44.5,0,0,0,0,06-JUL-2020,
OPTSTK,DIVISLAB,27-Aug-2020,2360,CE,0,0,0,160.7,39.7,0,0,0,0,06-JUL-2020,
OPTSTK,DIVISLAB,27-Aug-2020,2380,CE,0,0,0,152.55,35.4,0,0,0,0,06-JUL-2020,
OPTSTK,DIVISLAB,27-Aug-2020,2400,CE,0,0,0,144.7,31.45,0,0,0,0,06-JUL-2020,
OPTSTK,DIVISLAB,27-Aug-2020,2420,CE,0,0,0,137.2,27.85,0,0,0,0,06-JUL-2020,
OPTSTK,DIVISLAB,27-Aug-2020,2440,CE,0,0,0,130,24.65,0,0,0,0,06-JUL-2020,
OPTSTK,DIVISLAB,27-Aug-2020,2460,CE,0,0,0,123.15,21.75,0,0,0,0,06-JUL-2020,
OPTSTK,DIVISLAB,27-Aug-2020,2480,CE,0,0,0,116.55,19.15,0,0,0,0,06-JUL-2020,
OPTSTK,DIVISLAB,27-Aug-2020,2500,CE,0,0,0,110.2,16.8,0,0,0,0,06-JUL-2020,
OPTSTK,DIVISLAB,27-Aug-2020,2520,CE,0,0,0,104.2,14.75,0,0,0,0,06-JUL-2020,
OPTSTK,DIVISLAB,27-Aug-2020,2540,CE,0,0,0,98.45,12.9,0,0,0,0,06-JUL-2020,
OPTSTK,DIVISLAB,27-Aug-2020,2560,CE,0,0,0,92.95,11.25,0,0,0,0,06-JUL-2020,
OPTSTK,DIVISLAB,27-Aug-2020,2580,CE,0,0,0,87.7,9.8,0,0,0,0,06-JUL-2020,
OPTSTK,DIVISLAB,27-Aug-2020,2600,CE,0,0,0,82.85,8.5,0,0,0,0,06-JUL-2020,
OPTSTK,DIVISLAB,27-Aug-2020,2620,CE,0,0,0,78.15,7.35,0,0,0,0,06-JUL-2020,
OPTSTK,DIVISLAB,27-Aug-2020,2640,CE,0,0,0,73.65,6.4,0,0,0,0,06-JUL-2020,
OPTSTK,DIVISLAB,27-Aug-2020,2660,CE,0,0,0,69.35,5.5,0,0,0,0,06-JUL-2020,
OPTSTK,DIVISLAB,27-Aug-2020,2680,CE,0,0,0,65.3,4.75,0,0,0,0,06-JUL-2020,
OPTSTK,DIVISLAB,27-Aug-2020,2700,CE,0,0,0,61.35,4.1,0,0,0,0,06-JUL-2020,
OPTSTK,DIVISLAB,27-Aug-2020,2720,CE,0,0,0,57.7,3.5,0,0,0,0,06-JUL-2020,
OPTSTK,DIVISLAB,27-Aug-2020,2740,CE,0,0,0,54.25,3,0,0,0,0,06-JUL-2020,
OPTSTK,DIVISLAB,27-Aug-2020,2760,CE,0,0,0,50.95,2.55,0,0,0,0,06-JUL-2020,
OPTSTK,DIVISLAB,27-Aug-2020,1800,PE,0,0,0,19.85,5.85,0,0,0,0,06-JUL-2020,
OPTSTK,DIVISLAB,27-Aug-2020,1820,PE,0,0,0,22.4,7.25,0,0,0,0,06-JUL-2020,
OPTSTK,DIVISLAB,27-Aug-2020,1840,PE,0,0,0,25.15,8.95,0,0,0,0,06-JUL-2020,
OPTSTK,DIVISLAB,27-Aug-2020,1860,PE,0,0,0,28.2,10.9,0,0,0,0,06-JUL-2020,
OPTSTK,DIVISLAB,27-Aug-2020,1880,PE,0,0,0,31.5,13.2,0,0,0,0,06-JUL-2020,
OPTSTK,DIVISLAB,27-Aug-2020,1900,PE,0,0,0,35.05,15.9,0,0,0,0,06-JUL-2020,
OPTSTK,DIVISLAB,27-Aug-2020,1920,PE,0,0,0,38.85,18.95,0,0,0,0,06-JUL-2020,
OPTSTK,DIVISLAB,27-Aug-2020,1940,PE,0,0,0,43,22.45,0,0,0,0,06-JUL-2020,
OPTSTK,DIVISLAB,27-Aug-2020,1960,PE,0,0,0,47.4,26.4,0,0,0,0,06-JUL-2020,
OPTSTK,DIVISLAB,27-Aug-2020,1980,PE,0,0,0,52.15,30.85,0,0,0,0,06-JUL-2020,
OPTSTK,DIVISLAB,27-Aug-2020,2000,PE,0,0,0,57.25,35.8,0,0,0,0,06-JUL-2020,
OPTSTK,DIVISLAB,27-Aug-2020,2020,PE,0,0,0,62.6,41.25,0,0,0,0,06-JUL-2020,
OPTSTK,DIVISLAB,27-Aug-2020,2040,PE,0,0,0,68.3,47.35,0,0,0,0,06-JUL-2020,
OPTSTK,DIVISLAB,27-Aug-2020,2060,PE,0,0,0,74.35,53.95,0,0,0,0,06-JUL-2020,
OPTSTK,DIVISLAB,27-Aug-2020,2080,PE,0,0,0,80.6,61.2,0,0,0,0,06-JUL-2020,
OPTSTK,DIVISLAB,27-Aug-2020,2100,PE,0,0,0,87.35,69,0,0,0,0,06-JUL-2020,
OPTSTK,DIVISLAB,27-Aug-2020,2120,PE,0,0,0,94.45,77.45,0,0,0,0,06-JUL-2020,
OPTSTK,DIVISLAB,27-Aug-2020,2140,PE,0,0,0,101.85,86.5,0,0,0,0,06-JUL-2020,
OPTSTK,DIVISLAB,27-Aug-2020,2160,PE,0,0,0,109.65,96.2,0,0,0,0,06-JUL-2020,
OPTSTK,DIVISLAB,27-Aug-2020,2180,PE,0,0,0,117.8,106.5,0,0,0,0,06-JUL-2020,
OPTSTK,DIVISLAB,27-Aug-2020,2200,PE,0,0,0,126.3,117.35,0,0,0,0,06-JUL-2020,
OPTSTK,DIVISLAB,27-Aug-2020,2220,PE,0,0,0,135.15,128.85,0,0,0,0,06-JUL-2020,
OPTSTK,DIVISLAB,27-Aug-2020,2240,PE,0,0,0,144.35,140.9,0,0,0,0,06-JUL-2020,
OPTSTK,DIVISLAB,27-Aug-2020,2260,PE,0,0,0,153.95,153.55,0,0,0,0,06-JUL-2020,
OPTSTK,DIVISLAB,27-Aug-2020,2280,PE,0,0,0,163.85,166.7,0,0,0,0,06-JUL-2020,
OPTSTK,DIVISLAB,27-Aug-2020,2300,PE,0,0,0,174.1,180.4,0,0,0,0,06-JUL-2020,
OPTSTK,DIVISLAB,27-Aug-2020,2320,PE,0,0,0,184.7,194.6,0,0,0,0,06-JUL-2020,
OPTSTK,DIVISLAB,27-Aug-2020,2340,PE,0,0,0,195.65,209.25,0,0,0,0,06-JUL-2020,
OPTSTK,DIVISLAB,27-Aug-2020,2360,PE,0,0,0,206.95,224.35,0,0,0,0,06-JUL-2020,
OPTSTK,DIVISLAB,27-Aug-2020,2380,PE,0,0,0,218.55,239.9,0,0,0,0,06-JUL-2020,
OPTSTK,DIVISLAB,27-Aug-2020,2400,PE,0,0,0,230.5,255.85,0,0,0,0,06-JUL-2020,
OPTSTK,DIVISLAB,27-Aug-2020,2420,PE,0,0,0,242.75,272.15,0,0,0,0,06-JUL-2020,
OPTSTK,DIVISLAB,27-Aug-2020,2440,PE,0,0,0,255.3,288.8,0,0,0,0,06-JUL-2020,
OPTSTK,DIVISLAB,27-Aug-2020,2460,PE,0,0,0,268.15,305.8,0,0,0,0,06-JUL-2020,
OPTSTK,DIVISLAB,27-Aug-2020,2480,PE,0,0,0,281.3,323.05,0,0,0,0,06-JUL-2020,
OPTSTK,DIVISLAB,27-Aug-2020,2500,PE,0,0,0,294.75,340.6,0,0,0,0,06-JUL-2020,
OPTSTK,DIVISLAB,27-Aug-2020,2520,PE,0,0,0,308.5,358.4,0,0,0,0,06-JUL-2020,
OPTSTK,DIVISLAB,27-Aug-2020,2540,PE,0,0,0,322.5,376.45,0,0,0,0,06-JUL-2020,
OPTSTK,DIVISLAB,27-Aug-2020,2560,PE,0,0,0,336.75,394.7,0,0,0,0,06-JUL-2020,
OPTSTK,DIVISLAB,27-Aug-2020,2580,PE,0,0,0,351.3,413.1,0,0,0,0,06-JUL-2020,
OPTSTK,DIVISLAB,27-Aug-2020,2600,PE,0,0,0,366.2,431.7,0,0,0,0,06-JUL-2020,
OPTSTK,DIVISLAB,27-Aug-2020,2620,PE,0,0,0,381.2,450.45,0,0,0,0,06-JUL-2020,
OPTSTK,DIVISLAB,27-Aug-2020,2640,PE,0,0,0,396.5,469.35,0,0,0,0,06-JUL-2020,
OPTSTK,DIVISLAB,27-Aug-2020,2660,PE,0,0,0,411.95,488.35,0,0,0,0,06-JUL-2020,
OPTSTK,DIVISLAB,27-Aug-2020,2680,PE,0,0,0,427.65,507.45,0,0,0,0,06-JUL-2020,
OPTSTK,DIVISLAB,27-Aug-2020,2700,PE,0,0,0,443.5,526.7,0,0,0,0,06-JUL-2020,
OPTSTK,DIVISLAB,27-Aug-2020,2720,PE,0,0,0,459.6,546,0,0,0,0,06-JUL-2020,
OPTSTK,DIVISLAB,27-Aug-2020,2740,PE,0,0,0,475.85,565.35,0,0,0,0,06-JUL-2020,
OPTSTK,DIVISLAB,27-Aug-2020,2760,PE,0,0,0,492.35,584.8,0,0,0,0,06-JUL-2020,
OPTSTK,DIVISLAB,24-Sep-2020,1860,CE,0,0,0,517.85,339.95,0,0,0,0,06-JUL-2020,
OPTSTK,DIVISLAB,24-Sep-2020,1880,CE,0,0,0,501.1,323.45,0,0,0,0,06-JUL-2020,
OPTSTK,DIVISLAB,24-Sep-2020,1900,CE,0,0,0,484.55,307.35,0,0,0,0,06-JUL-2020,
OPTSTK,DIVISLAB,24-Sep-2020,1920,CE,0,0,0,468.3,291.65,0,0,0,0,06-JUL-2020,
OPTSTK,DIVISLAB,24-Sep-2020,1940,CE,0,0,0,452.3,276.35,0,0,0,0,06-JUL-2020,
OPTSTK,DIVISLAB,24-Sep-2020,1960,CE,0,0,0,436.6,261.45,0,0,0,0,06-JUL-2020,
OPTSTK,DIVISLAB,24-Sep-2020,1980,CE,0,0,0,421.15,247,0,0,0,0,06-JUL-2020,
OPTSTK,DIVISLAB,24-Sep-2020,2000,CE,0,0,0,406,233,0,0,0,0,06-JUL-2020,
OPTSTK,DIVISLAB,24-Sep-2020,2020,CE,0,0,0,391.2,219.5,0,0,0,0,06-JUL-2020,
OPTSTK,DIVISLAB,24-Sep-2020,2040,CE,0,0,0,376.65,206.45,0,0,0,0,06-JUL-2020,
OPTSTK,DIVISLAB,24-Sep-2020,2060,CE,0,0,0,362.45,193.9,0,0,0,0,06-JUL-2020,
OPTSTK,DIVISLAB,24-Sep-2020,2080,CE,0,0,0,348.5,181.8,0,0,0,0,06-JUL-2020,
OPTSTK,DIVISLAB,24-Sep-2020,2100,CE,0,0,0,334.9,170.25,0,0,0,0,06-JUL-2020,
OPTSTK,DIVISLAB,24-Sep-2020,2120,CE,0,0,0,321.55,159.15,0,0,0,0,06-JUL-2020,
OPTSTK,DIVISLAB,24-Sep-2020,2140,CE,0,0,0,308.65,148.55,0,0,0,0,06-JUL-2020,
OPTSTK,DIVISLAB,24-Sep-2020,2160,CE,0,0,0,296.05,138.5,0,0,0,0,06-JUL-2020,
OPTSTK,DIVISLAB,24-Sep-2020,2180,CE,0,0,0,283.85,128.9,0,0,0,0,06-JUL-2020,
OPTSTK,DIVISLAB,24-Sep-2020,2200,CE,0,0,0,271.95,119.8,0,0,0,0,06-JUL-2020,
OPTSTK,DIVISLAB,24-Sep-2020,2220,CE,0,0,0,260.4,111.15,0,0,0,0,06-JUL-2020,
OPTSTK,DIVISLAB,24-Sep-2020,2240,CE,0,0,0,249.15,103,0,0,0,0,06-JUL-2020,
OPTSTK,DIVISLAB,24-Sep-2020,2260,CE,0,0,0,238.3,95.3,0,0,0,0,06-JUL-2020,
OPTSTK,DIVISLAB,24-Sep-2020,2280,CE,0,0,0,227.75,88.05,0,0,0,0,06-JUL-2020,
OPTSTK,DIVISLAB,24-Sep-2020,2300,CE,0,0,0,217.55,81.2,0,0,0,0,06-JUL-2020,
OPTSTK,DIVISLAB,24-Sep-2020,2320,CE,0,0,0,207.65,74.8,0,0,0,0,06-JUL-2020,
OPTSTK,DIVISLAB,24-Sep-2020,2340,CE,0,0,0,198.15,68.8,0,0,0,0,06-JUL-2020,
OPTSTK,DIVISLAB,24-Sep-2020,2360,CE,0,0,0,188.9,63.2,0,0,0,0,06-JUL-2020,
OPTSTK,DIVISLAB,24-Sep-2020,2380,CE,0,0,0,180.05,58,0,0,0,0,06-JUL-2020,
OPTSTK,DIVISLAB,24-Sep-2020,2400,CE,0,0,0,171.5,53.1,0,0,0,0,06-JUL-2020,
OPTSTK,DIVISLAB,24-Sep-2020,2420,CE,0,0,0,163.25,48.6,0,0,0,0,06-JUL-2020,
OPTSTK,DIVISLAB,24-Sep-2020,2440,CE,0,0,0,155.3,44.4,0,0,0,0,06-JUL-2020,
OPTSTK,DIVISLAB,24-Sep-2020,2460,CE,0,0,0,147.65,40.5,0,0,0,0,06-JUL-2020,
OPTSTK,DIVISLAB,24-Sep-2020,2480,CE,0,0,0,140.35,36.9,0,0,0,0,06-JUL-2020,
OPTSTK,DIVISLAB,24-Sep-2020,2500,CE,0,0,0,133.3,33.55,0,0,0,0,06-JUL-2020,
OPTSTK,DIVISLAB,24-Sep-2020,2520,CE,0,0,0,126.55,30.5,0,0,0,0,06-JUL-2020,
OPTSTK,DIVISLAB,24-Sep-2020,2540,CE,0,0,0,120.05,27.7,0,0,0,0,06-JUL-2020,
OPTSTK,DIVISLAB,24-Sep-2020,2560,CE,0,0,0,113.85,25.1,0,0,0,0,06-JUL-2020,
OPTSTK,DIVISLAB,24-Sep-2020,2580,CE,0,0,0,107.95,22.7,0,0,0,0,06-JUL-2020,
OPTSTK,DIVISLAB,24-Sep-2020,2600,CE,0,0,0,102.25,20.55,0,0,0,0,06-JUL-2020,
OPTSTK,DIVISLAB,24-Sep-2020,2620,CE,0,0,0,96.8,18.55,0,0,0,0,06-JUL-2020,
OPTSTK,DIVISLAB,24-Sep-2020,2640,CE,0,0,0,91.65,16.75,0,0,0,0,06-JUL-2020,
OPTSTK,DIVISLAB,24-Sep-2020,2660,CE,0,0,0,86.8,15.05,0,0,0,0,06-JUL-2020,
OPTSTK,DIVISLAB,24-Sep-2020,2680,CE,0,0,0,82.1,13.55,0,0,0,0,06-JUL-2020,
OPTSTK,DIVISLAB,24-Sep-2020,2700,CE,0,0,0,77.6,12.2,0,0,0,0,06-JUL-2020,
OPTSTK,DIVISLAB,24-Sep-2020,2720,CE,0,0,0,73.35,10.95,0,0,0,0,06-JUL-2020,
OPTSTK,DIVISLAB,24-Sep-2020,2740,CE,0,0,0,69.3,9.8,0,0,0,0,06-JUL-2020,
OPTSTK,DIVISLAB,24-Sep-2020,2760,CE,0,0,0,65.3,8.8,0,0,0,0,06-JUL-2020,
OPTSTK,DIVISLAB,24-Sep-2020,1860,PE,0,0,0,25.85,21.6,0,0,0,0,06-JUL-2020,
OPTSTK,DIVISLAB,24-Sep-2020,1880,PE,0,0,0,28.85,24.95,0,0,0,0,06-JUL-2020,
OPTSTK,DIVISLAB,24-Sep-2020,1900,PE,0,0,0,32.1,28.65,0,0,0,0,06-JUL-2020,
OPTSTK,DIVISLAB,24-Sep-2020,1920,PE,0,0,0,35.6,32.75,0,0,0,0,06-JUL-2020,
OPTSTK,DIVISLAB,24-Sep-2020,1940,PE,0,0,0,39.35,37.25,0,0,0,0,06-JUL-2020,
OPTSTK,DIVISLAB,24-Sep-2020,1960,PE,0,0,0,43.4,42.2,0,0,0,0,06-JUL-2020,
OPTSTK,DIVISLAB,24-Sep-2020,1980,PE,0,0,0,47.7,47.55,0,0,0,0,06-JUL-2020,
OPTSTK,DIVISLAB,24-Sep-2020,2000,PE,0,0,0,52.35,53.35,0,0,0,0,06-JUL-2020,
OPTSTK,DIVISLAB,24-Sep-2020,2020,PE,0,0,0,57.35,59.65,0,0,0,0,06-JUL-2020,
OPTSTK,DIVISLAB,24-Sep-2020,2040,PE,0,0,0,62.55,66.45,0,0,0,0,06-JUL-2020,
OPTSTK,DIVISLAB,24-Sep-2020,2060,PE,0,0,0,68.1,73.7,0,0,0,0,06-JUL-2020,
OPTSTK,DIVISLAB,24-Sep-2020,2080,PE,0,0,0,73.95,81.45,0,0,0,0,06-JUL-2020,
OPTSTK,DIVISLAB,24-Sep-2020,2100,PE,0,0,0,80.1,89.65,0,0,0,0,06-JUL-2020,
OPTSTK,DIVISLAB,24-Sep-2020,2120,PE,0,0,0,86.55,98.4,0,0,0,0,06-JUL-2020,
OPTSTK,DIVISLAB,24-Sep-2020,2140,PE,0,0,0,93.4,107.65,0,0,0,0,06-JUL-2020,
OPTSTK,DIVISLAB,24-Sep-2020,2160,PE,0,0,0,100.55,117.35,0,0,0,0,06-JUL-2020,
OPTSTK,DIVISLAB,24-Sep-2020,2180,PE,0,0,0,108.1,127.6,0,0,0,0,06-JUL-2020,
OPTSTK,DIVISLAB,24-Sep-2020,2200,PE,0,0,0,115.95,138.3,0,0,0,0,06-JUL-2020,
OPTSTK,DIVISLAB,24-Sep-2020,2220,PE,0,0,0,124.15,149.45,0,0,0,0,06-JUL-2020,
OPTSTK,DIVISLAB,24-Sep-2020,2240,PE,0,0,0,132.7,161.1,0,0,0,0,06-JUL-2020,
OPTSTK,DIVISLAB,24-Sep-2020,2260,PE,0,0,0,141.6,173.25,0,0,0,0,06-JUL-2020,
OPTSTK,DIVISLAB,24-Sep-2020,2280,PE,0,0,0,150.85,185.8,0,0,0,0,06-JUL-2020,
OPTSTK,DIVISLAB,24-Sep-2020,2300,PE,0,0,0,160.4,198.8,0,0,0,0,06-JUL-2020,
OPTSTK,DIVISLAB,24-Sep-2020,2320,PE,0,0,0,170.3,212.2,0,0,0,0,06-JUL-2020,
OPTSTK,DIVISLAB,24-Sep-2020,2340,PE,0,0,0,180.55,226,0,0,0,0,06-JUL-2020,
OPTSTK,DIVISLAB,24-Sep-2020,2360,PE,0,0,0,191.1,240.25,0,0,0,0,06-JUL-2020,
OPTSTK,DIVISLAB,24-Sep-2020,2380,PE,0,0,0,202,254.8,0,0,0,0,06-JUL-2020,
OPTSTK,DIVISLAB,24-Sep-2020,2400,PE,0,0,0,213.2,269.75,0,0,0,0,06-JUL-2020,
OPTSTK,DIVISLAB,24-Sep-2020,2420,PE,0,0,0,224.7,285.05,0,0,0,0,06-JUL-2020,
OPTSTK,DIVISLAB,24-Sep-2020,2440,PE,0,0,0,236.55,300.65,0,0,0,0,06-JUL-2020,
OPTSTK,DIVISLAB,24-Sep-2020,2460,PE,0,0,0,248.7,316.6,0,0,0,0,06-JUL-2020,
OPTSTK,DIVISLAB,24-Sep-2020,2480,PE,0,0,0,261.1,332.8,0,0,0,0,06-JUL-2020,
OPTSTK,DIVISLAB,24-Sep-2020,2500,PE,0,0,0,273.85,349.3,0,0,0,0,06-JUL-2020,
OPTSTK,DIVISLAB,24-Sep-2020,2520,PE,0,0,0,286.85,366.05,0,0,0,0,06-JUL-2020,
OPTSTK,DIVISLAB,24-Sep-2020,2540,PE,0,0,0,300.15,383.05,0,0,0,0,06-JUL-2020,
OPTSTK,DIVISLAB,24-Sep-2020,2560,PE,0,0,0,313.7,400.25,0,0,0,0,06-JUL-2020,
OPTSTK,DIVISLAB,24-Sep-2020,2580,PE,0,0,0,327.55,417.7,0,0,0,0,06-JUL-2020,
OPTSTK,DIVISLAB,24-Sep-2020,2600,PE,0,0,0,341.65,435.35,0,0,0,0,06-JUL-2020,
OPTSTK,DIVISLAB,24-Sep-2020,2620,PE,0,0,0,356,453.15,0,0,0,0,06-JUL-2020,
OPTSTK,DIVISLAB,24-Sep-2020,2640,PE,0,0,0,370.55,471.15,0,0,0,0,06-JUL-2020,
OPTSTK,DIVISLAB,24-Sep-2020,2660,PE,0,0,0,385.5,489.3,0,0,0,0,06-JUL-2020,
OPTSTK,DIVISLAB,24-Sep-2020,2680,PE,0,0,0,400.55,507.6,0,0,0,0,06-JUL-2020,
OPTSTK,DIVISLAB,24-Sep-2020,2700,PE,0,0,0,415.85,526.05,0,0,0,0,06-JUL-2020,
OPTSTK,DIVISLAB,24-Sep-2020,2720,PE,0,0,0,431.35,544.65,0,0,0,0,06-JUL-2020,
OPTSTK,DIVISLAB,24-Sep-2020,2740,PE,0,0,0,447.05,563.3,0,0,0,0,06-JUL-2020,
OPTSTK,DIVISLAB,24-Sep-2020,2760,PE,0,0,0,462.85,582.1,0,0,0,0,06-JUL-2020,
OPTSTK,DLF,30-Jul-2020,75,CE,0,0,0,73.95,80.05,0,0,0,0,06-JUL-2020,
OPTSTK,DLF,30-Jul-2020,80,CE,0,0,0,69.5,75.05,0,0,0,0,06-JUL-2020,
OPTSTK,DLF,30-Jul-2020,85,CE,0,0,0,65.2,70.1,0,0,0,0,06-JUL-2020,
OPTSTK,DLF,30-Jul-2020,90,CE,0,0,0,61.1,65.1,0,0,0,0,06-JUL-2020,
OPTSTK,DLF,30-Jul-2020,95,CE,0,0,0,57.1,60.1,0,0,0,0,06-JUL-2020,
OPTSTK,DLF,30-Jul-2020,100,CE,0,0,0,53.3,55.15,0,0,0,0,06-JUL-2020,
OPTSTK,DLF,30-Jul-2020,102.5,CE,0,0,0,44.7,52.65,0,0,0,0,06-JUL-2020,
OPTSTK,DLF,30-Jul-2020,105,CE,0,0,0,49.65,50.15,0,0,0,0,06-JUL-2020,
OPTSTK,DLF,30-Jul-2020,107.5,CE,0,0,0,40.6,47.65,0,0,0,0,06-JUL-2020,
OPTSTK,DLF,30-Jul-2020,110,CE,0,0,0,46.2,45.2,0,0,0,0,06-JUL-2020,
OPTSTK,DLF,30-Jul-2020,112.5,CE,0,0,0,36.75,42.75,0,0,0,0,06-JUL-2020,
OPTSTK,DLF,30-Jul-2020,115,CE,0,0,0,42.9,40.25,0,0,0,0,06-JUL-2020,
OPTSTK,DLF,30-Jul-2020,117.5,CE,0,0,0,33.1,37.85,0,0,0,0,06-JUL-2020,
OPTSTK,DLF,30-Jul-2020,120,CE,0,0,0,39.8,35.4,0,0,0,0,06-JUL-2020,
OPTSTK,DLF,30-Jul-2020,122.5,CE,0,0,0,29.7,33.05,0,0,0,0,06-JUL-2020,
OPTSTK,DLF,30-Jul-2020,125,CE,0,0,0,36.9,30.7,0,0,0,0,06-JUL-2020,
OPTSTK,DLF,30-Jul-2020,127.5,CE,0,0,0,26.55,28.4,0,0,0,0,06-JUL-2020,
OPTSTK,DLF,30-Jul-2020,130,CE,0,0,0,22,26.15,0,0,6600,0,06-JUL-2020,
OPTSTK,DLF,30-Jul-2020,132.5,CE,0,0,0,23.65,23.95,0,0,0,0,06-JUL-2020,
OPTSTK,DLF,30-Jul-2020,135,CE,0,0,0,23,21.85,0,0,3300,0,06-JUL-2020,
OPTSTK,DLF,30-Jul-2020,137.5,CE,0,0,0,21,19.85,0,0,0,0,06-JUL-2020,
OPTSTK,DLF,30-Jul-2020,140,CE,17.95,18.05,17,17.85,17.85,6,31.22,49500,0,06-JUL-2020,
OPTSTK,DLF,30-Jul-2020,142.5,CE,0,0,0,14.55,16.1,0,0,6600,0,06-JUL-2020,
OPTSTK,DLF,30-Jul-2020,145,CE,13,15,13,14.55,14.55,3,15.74,26400,3300,06-JUL-2020,
OPTSTK,DLF,30-Jul-2020,147.5,CE,0,0,0,10.15,12.8,0,0,6600,0,06-JUL-2020,
OPTSTK,DLF,30-Jul-2020,150,CE,10.1,11.6,9.7,11.05,11.05,269,1424.19,858000,-52800,06-JUL-2020,
OPTSTK,DLF,30-Jul-2020,152.5,CE,8.45,10.25,8.45,9.55,9.55,35,186.5,95700,-49500,06-JUL-2020,
OPTSTK,DLF,30-Jul-2020,155,CE,7.5,8.9,7.35,8.4,8.4,797,4284.1,465300,-132000,06-JUL-2020,
OPTSTK,DLF,30-Jul-2020,157.5,CE,6.4,7.5,6.4,7.25,7.25,15,81.36,194700,-3300,06-JUL-2020,
OPTSTK,DLF,30-Jul-2020,160,CE,5.7,6.75,5.35,6.3,6.3,960,5253.8,1343100,-39600,06-JUL-2020,
OPTSTK,DLF,30-Jul-2020,162.5,CE,4.75,5.4,4.75,5.4,5.4,14,77.36,95700,-6600,06-JUL-2020,
OPTSTK,DLF,30-Jul-2020,165,CE,4.1,4.9,3.9,4.65,4.65,337,1882.52,825000,9900,06-JUL-2020,
OPTSTK,DLF,30-Jul-2020,167.5,CE,3.85,3.85,3.75,3.75,4.1,2,11.3,62700,-3300,06-JUL-2020,
OPTSTK,DLF,30-Jul-2020,170,CE,2.8,3.55,2.8,3.4,3.4,345,1971.45,1458600,-138600,06-JUL-2020,
OPTSTK,DLF,30-Jul-2020,172.5,CE,0,0,0,4.45,2.9,0,0,49500,0,06-JUL-2020,
OPTSTK,DLF,30-Jul-2020,175,CE,2.05,2.65,2.05,2.45,2.45,25,146.3,247500,-6600,06-JUL-2020,
OPTSTK,DLF,30-Jul-2020,177.5,CE,0,0,0,9.65,2.05,0,0,6600,0,06-JUL-2020,
OPTSTK,DLF,30-Jul-2020,180,CE,1.6,1.9,1.6,1.85,1.85,78,467.77,920700,-9900,06-JUL-2020,
OPTSTK,DLF,30-Jul-2020,182.5,CE,0,0,0,1.5,1.4,0,0,0,0,06-JUL-2020,
OPTSTK,DLF,30-Jul-2020,185,CE,0,0,0,1,1.15,0,0,36300,0,06-JUL-2020,
OPTSTK,DLF,30-Jul-2020,187.5,CE,0,0,0,5.5,0.95,0,0,0,0,06-JUL-2020,
OPTSTK,DLF,30-Jul-2020,190,CE,1,1,0.85,1,1,83,523.03,676500,-26400,06-JUL-2020,
OPTSTK,DLF,30-Jul-2020,192.5,CE,0,0,0,4.75,0.6,0,0,0,0,06-JUL-2020,
OPTSTK,DLF,30-Jul-2020,195,CE,0,0,0,11.9,0.5,0,0,0,0,06-JUL-2020,
OPTSTK,DLF,30-Jul-2020,197.5,CE,0,0,0,4.1,0.4,0,0,0,0,06-JUL-2020,
OPTSTK,DLF,30-Jul-2020,200,CE,0.65,0.65,0.5,0.6,0.6,76,503.05,999900,13200,06-JUL-2020,
OPTSTK,DLF,30-Jul-2020,202.5,CE,0,0,0,3.55,0.25,0,0,0,0,06-JUL-2020,
OPTSTK,DLF,30-Jul-2020,205,CE,0,0,0,1.25,0.2,0,0,6600,0,06-JUL-2020,
OPTSTK,DLF,30-Jul-2020,207.5,CE,0,0,0,4.05,0.15,0,0,0,0,06-JUL-2020,
OPTSTK,DLF,30-Jul-2020,210,CE,0.35,0.45,0.35,0.45,0.45,13,90.25,366300,9900,06-JUL-2020,
OPTSTK,DLF,30-Jul-2020,75,PE,0,0,0,1.15,0.05,0,0,0,0,06-JUL-2020,
OPTSTK,DLF,30-Jul-2020,80,PE,0,0,0,1.65,0.05,0,0,0,0,06-JUL-2020,
OPTSTK,DLF,30-Jul-2020,85,PE,0,0,0,2.3,0.05,0,0,0,0,06-JUL-2020,
OPTSTK,DLF,30-Jul-2020,90,PE,0,0,0,3.1,0.05,0,0,0,0,06-JUL-2020,
OPTSTK,DLF,30-Jul-2020,95,PE,0,0,0,4.05,0.05,0,0,0,0,06-JUL-2020,
OPTSTK,DLF,30-Jul-2020,100,PE,0.3,0.3,0.2,0.2,0.05,2,6.61,46200,0,06-JUL-2020,
OPTSTK,DLF,30-Jul-2020,102.5,PE,0,0,0,0.5,0.05,0,0,3300,0,06-JUL-2020,
OPTSTK,DLF,30-Jul-2020,105,PE,0,0,0,6.45,0.05,0,0,0,0,06-JUL-2020,
OPTSTK,DLF,30-Jul-2020,107.5,PE,0,0,0,3.15,0.05,0,0,0,0,06-JUL-2020,
OPTSTK,DLF,30-Jul-2020,110,PE,0,0,0,0.35,0.05,0,0,9900,0,06-JUL-2020,
OPTSTK,DLF,30-Jul-2020,112.5,PE,0,0,0,4.25,0.05,0,0,0,0,06-JUL-2020,
OPTSTK,DLF,30-Jul-2020,115,PE,0,0,0,0.4,0.1,0,0,3300,0,06-JUL-2020,
OPTSTK,DLF,30-Jul-2020,117.5,PE,0,0,0,5.55,0.15,0,0,0,0,06-JUL-2020,
OPTSTK,DLF,30-Jul-2020,120,PE,0.5,0.5,0.45,0.45,0.45,5,19.87,435600,0,06-JUL-2020,
OPTSTK,DLF,30-Jul-2020,122.5,PE,0,0,0,7.15,0.35,0,0,0,0,06-JUL-2020,
OPTSTK,DLF,30-Jul-2020,125,PE,0,0,0,1.2,0.5,0,0,23100,0,06-JUL-2020,
OPTSTK,DLF,30-Jul-2020,127.5,PE,0,0,0,8.95,0.7,0,0,0,0,06-JUL-2020,
OPTSTK,DLF,30-Jul-2020,130,PE,1.45,1.5,1.15,1.2,1.2,39,168.95,722700,-23100,06-JUL-2020,
OPTSTK,DLF,30-Jul-2020,132.5,PE,0,0,0,3.8,1.25,0,0,13200,0,06-JUL-2020,
OPTSTK,DLF,30-Jul-2020,135,PE,2,2.25,1.95,2.25,2.25,6,27.15,118800,6600,06-JUL-2020,
OPTSTK,DLF,30-Jul-2020,137.5,PE,2.7,2.7,2.7,2.7,2.1,1,4.62,39600,3300,06-JUL-2020,
OPTSTK,DLF,30-Jul-2020,140,PE,3.4,3.45,2.75,2.95,2.95,463,2187.62,1059300,135300,06-JUL-2020,
OPTSTK,DLF,30-Jul-2020,142.5,PE,3.5,4,3.4,3.4,3.4,18,86.8,72600,29700,06-JUL-2020,
OPTSTK,DLF,30-Jul-2020,145,PE,4.15,5,3.75,4.1,4.1,240,1183.57,270600,-72600,06-JUL-2020,
OPTSTK,DLF,30-Jul-2020,147.5,PE,5.75,5.8,4.6,4.9,4.9,82,413.59,237600,201300,06-JUL-2020,
OPTSTK,DLF,30-Jul-2020,150,PE,7,7.1,5.4,5.85,5.85,555,2865.28,739200,135300,06-JUL-2020,
OPTSTK,DLF,30-Jul-2020,152.5,PE,7.3,7.8,6.5,7.1,7.1,14,73.84,39600,23100,06-JUL-2020,
OPTSTK,DLF,30-Jul-2020,155,PE,8.7,9.45,7.55,8.15,8.15,59,318.7,132000,16500,06-JUL-2020,
OPTSTK,DLF,30-Jul-2020,157.5,PE,10.45,10.45,9.25,9.35,9.35,5,27.62,33000,9900,06-JUL-2020,
OPTSTK,DLF,30-Jul-2020,160,PE,12.05,12.45,10.4,10.95,10.95,38,215.22,280500,-6600,06-JUL-2020,
OPTSTK,DLF,30-Jul-2020,162.5,PE,13.1,13.1,13.1,13.1,12.8,3,17.38,26400,3300,06-JUL-2020,
OPTSTK,DLF,30-Jul-2020,165,PE,15.15,15.5,14.35,14.35,14.35,12,71.3,62700,-16500,06-JUL-2020,
OPTSTK,DLF,30-Jul-2020,167.5,PE,0,0,0,20.1,16.3,0,0,9900,0,06-JUL-2020,
OPTSTK,DLF,30-Jul-2020,170,PE,18.1,18.5,17.3,17.65,17.65,4,24.81,39600,-3300,06-JUL-2020,
OPTSTK,DLF,30-Jul-2020,172.5,PE,0,0,0,22.5,20.1,0,0,13200,0,06-JUL-2020,
OPTSTK,DLF,30-Jul-2020,175,PE,23.75,23.75,23.75,23.75,22.1,1,6.55,29700,3300,06-JUL-2020,
OPTSTK,DLF,30-Jul-2020,177.5,PE,0,0,0,16.5,24.2,0,0,13200,0,06-JUL-2020,
OPTSTK,DLF,30-Jul-2020,180,PE,0,0,0,32.3,26.35,0,0,13200,0,06-JUL-2020,
OPTSTK,DLF,30-Jul-2020,182.5,PE,0,0,0,43.25,28.55,0,0,0,0,06-JUL-2020,
OPTSTK,DLF,30-Jul-2020,185,PE,0,0,0,30,30.8,0,0,9900,0,06-JUL-2020,
OPTSTK,DLF,30-Jul-2020,187.5,PE,0,0,0,47.35,33.05,0,0,0,0,06-JUL-2020,
OPTSTK,DLF,30-Jul-2020,190,PE,0,0,0,33.5,35.4,0,0,13200,0,06-JUL-2020,
OPTSTK,DLF,30-Jul-2020,192.5,PE,0,0,0,42,37.75,0,0,6600,0,06-JUL-2020,
OPTSTK,DLF,30-Jul-2020,195,PE,0,0,0,57.55,40.1,0,0,0,0,06-JUL-2020,
OPTSTK,DLF,30-Jul-2020,197.5,PE,0,0,0,55.9,42.5,0,0,0,0,06-JUL-2020,
OPTSTK,DLF,30-Jul-2020,200,PE,0,0,0,36,44.9,0,0,9900,0,06-JUL-2020,
OPTSTK,DLF,30-Jul-2020,202.5,PE,0,0,0,60.3,47.35,0,0,0,0,06-JUL-2020,
OPTSTK,DLF,30-Jul-2020,205,PE,0,0,0,47,49.8,0,0,19800,0,06-JUL-2020,
OPTSTK,DLF,30-Jul-2020,207.5,PE,0,0,0,59.2,52.25,0,0,0,0,06-JUL-2020,
OPTSTK,DLF,30-Jul-2020,210,PE,0,0,0,52.1,54.7,0,0,135300,0,06-JUL-2020,
OPTSTK,DLF,27-Aug-2020,85,CE,0,0,0,61.3,70.35,0,0,0,0,06-JUL-2020,
OPTSTK,DLF,27-Aug-2020,87.5,CE,0,0,0,59.1,67.9,0,0,0,0,06-JUL-2020,
OPTSTK,DLF,27-Aug-2020,90,CE,0,0,0,56.9,65.4,0,0,0,0,06-JUL-2020,
OPTSTK,DLF,27-Aug-2020,92.5,CE,0,0,0,54.8,62.95,0,0,0,0,06-JUL-2020,
OPTSTK,DLF,27-Aug-2020,95,CE,0,0,0,52.7,60.5,0,0,0,0,06-JUL-2020,
OPTSTK,DLF,27-Aug-2020,97.5,CE,0,0,0,50.6,58.05,0,0,0,0,06-JUL-2020,
OPTSTK,DLF,27-Aug-2020,100,CE,0,0,0,48.6,55.6,0,0,0,0,06-JUL-2020,
OPTSTK,DLF,27-Aug-2020,102.5,CE,0,0,0,46.65,53.15,0,0,0,0,06-JUL-2020,
OPTSTK,DLF,27-Aug-2020,105,CE,0,0,0,44.75,50.75,0,0,0,0,06-JUL-2020,
OPTSTK,DLF,27-Aug-2020,107.5,CE,0,0,0,42.9,48.35,0,0,0,0,06-JUL-2020,
OPTSTK,DLF,27-Aug-2020,110,CE,0,0,0,41.05,46,0,0,0,0,06-JUL-2020,
OPTSTK,DLF,27-Aug-2020,112.5,CE,0,0,0,39.3,43.65,0,0,0,0,06-JUL-2020,
OPTSTK,DLF,27-Aug-2020,115,CE,0,0,0,37.6,41.35,0,0,0,0,06-JUL-2020,
OPTSTK,DLF,27-Aug-2020,117.5,CE,0,0,0,35.95,39.1,0,0,0,0,06-JUL-2020,
OPTSTK,DLF,27-Aug-2020,120,CE,0,0,0,34.35,36.9,0,0,0,0,06-JUL-2020,
OPTSTK,DLF,27-Aug-2020,122.5,CE,0,0,0,32.75,34.75,0,0,0,0,06-JUL-2020,
OPTSTK,DLF,27-Aug-2020,125,CE,0,0,0,31.3,32.6,0,0,0,0,06-JUL-2020,
OPTSTK,DLF,27-Aug-2020,127.5,CE,0,0,0,29.85,30.6,0,0,0,0,06-JUL-2020,
OPTSTK,DLF,27-Aug-2020,130,CE,0,0,0,28.45,28.6,0,0,0,0,06-JUL-2020,
OPTSTK,DLF,27-Aug-2020,132.5,CE,0,0,0,27.1,26.7,0,0,0,0,06-JUL-2020,
OPTSTK,DLF,27-Aug-2020,135,CE,0,0,0,25.8,24.85,0,0,0,0,06-JUL-2020,
OPTSTK,DLF,27-Aug-2020,137.5,CE,0,0,0,24.55,23.1,0,0,0,0,06-JUL-2020,
OPTSTK,DLF,27-Aug-2020,140,CE,0,0,0,23.4,21.4,0,0,0,0,06-JUL-2020,
OPTSTK,DLF,27-Aug-2020,142.5,CE,0,0,0,22.25,19.8,0,0,0,0,06-JUL-2020,
OPTSTK,DLF,27-Aug-2020,145,CE,0,0,0,21.15,18.25,0,0,0,0,06-JUL-2020,
OPTSTK,DLF,27-Aug-2020,147.5,CE,0,0,0,20.1,16.8,0,0,0,0,06-JUL-2020,
OPTSTK,DLF,27-Aug-2020,150,CE,0,0,0,19.1,15.45,0,0,0,0,06-JUL-2020,
OPTSTK,DLF,27-Aug-2020,152.5,CE,0,0,0,18.15,14.15,0,0,0,0,06-JUL-2020,
OPTSTK,DLF,27-Aug-2020,155,CE,0,0,0,17.2,12.95,0,0,0,0,06-JUL-2020,
OPTSTK,DLF,27-Aug-2020,157.5,CE,0,0,0,16.35,11.8,0,0,0,0,06-JUL-2020,
OPTSTK,DLF,27-Aug-2020,160,CE,0,0,0,9,10.75,0,0,3300,0,06-JUL-2020,
OPTSTK,DLF,27-Aug-2020,162.5,CE,0,0,0,14.7,9.8,0,0,0,0,06-JUL-2020,
OPTSTK,DLF,27-Aug-2020,165,CE,0,0,0,13.95,8.9,0,0,0,0,06-JUL-2020,
OPTSTK,DLF,27-Aug-2020,167.5,CE,0,0,0,13.2,8.05,0,0,0,0,06-JUL-2020,
OPTSTK,DLF,27-Aug-2020,170,CE,0,0,0,12.05,7.3,0,0,3300,0,06-JUL-2020,
OPTSTK,DLF,27-Aug-2020,172.5,CE,0,0,0,11.85,6.55,0,0,0,0,06-JUL-2020,
OPTSTK,DLF,27-Aug-2020,175,CE,0,0,0,11.25,5.9,0,0,0,0,06-JUL-2020,
OPTSTK,DLF,27-Aug-2020,177.5,CE,0,0,0,10.65,5.3,0,0,0,0,06-JUL-2020,
OPTSTK,DLF,27-Aug-2020,180,CE,0,0,0,12.05,4.75,0,0,3300,0,06-JUL-2020,
OPTSTK,DLF,27-Aug-2020,182.5,CE,0,0,0,9.55,4.3,0,0,0,0,06-JUL-2020,
OPTSTK,DLF,27-Aug-2020,185,CE,0,0,0,9.05,3.85,0,0,0,0,06-JUL-2020,
OPTSTK,DLF,27-Aug-2020,187.5,CE,0,0,0,8.55,3.4,0,0,0,0,06-JUL-2020,
OPTSTK,DLF,27-Aug-2020,190,CE,0,0,0,8.1,3.05,0,0,0,0,06-JUL-2020,
OPTSTK,DLF,27-Aug-2020,192.5,CE,0,0,0,7.65,2.7,0,0,0,0,06-JUL-2020,
OPTSTK,DLF,27-Aug-2020,195,CE,0,0,0,7.25,2.4,0,0,0,0,06-JUL-2020,
OPTSTK,DLF,27-Aug-2020,197.5,CE,0,0,0,6.85,2.15,0,0,0,0,06-JUL-2020,
OPTSTK,DLF,27-Aug-2020,200,CE,0,0,0,6.5,1.9,0,0,0,0,06-JUL-2020,
OPTSTK,DLF,27-Aug-2020,202.5,CE,0,0,0,6.15,1.7,0,0,0,0,06-JUL-2020,
OPTSTK,DLF,27-Aug-2020,205,CE,0,0,0,5.8,1.5,0,0,0,0,06-JUL-2020,
OPTSTK,DLF,27-Aug-2020,85,PE,0,0,0,1.2,0.05,0,0,0,0,06-JUL-2020,
OPTSTK,DLF,27-Aug-2020,87.5,PE,0,0,0,1.5,0.05,0,0,0,0,06-JUL-2020,
OPTSTK,DLF,27-Aug-2020,90,PE,0,0,0,1.75,0.05,0,0,0,0,06-JUL-2020,
OPTSTK,DLF,27-Aug-2020,92.5,PE,0,0,0,2.1,0.05,0,0,0,0,06-JUL-2020,
OPTSTK,DLF,27-Aug-2020,95,PE,0,0,0,2.45,0.05,0,0,0,0,06-JUL-2020,
OPTSTK,DLF,27-Aug-2020,97.5,PE,0,0,0,2.9,0.1,0,0,0,0,06-JUL-2020,
OPTSTK,DLF,27-Aug-2020,100,PE,0,0,0,3.35,0.15,0,0,0,0,06-JUL-2020,
OPTSTK,DLF,27-Aug-2020,102.5,PE,0,0,0,3.85,0.2,0,0,0,0,06-JUL-2020,
OPTSTK,DLF,27-Aug-2020,105,PE,0,0,0,4.4,0.25,0,0,0,0,06-JUL-2020,
OPTSTK,DLF,27-Aug-2020,107.5,PE,0,0,0,5.05,0.35,0,0,0,0,06-JUL-2020,
OPTSTK,DLF,27-Aug-2020,110,PE,0,0,0,5.7,0.5,0,0,0,0,06-JUL-2020,
OPTSTK,DLF,27-Aug-2020,112.5,PE,0,0,0,6.4,0.65,0,0,0,0,06-JUL-2020,
OPTSTK,DLF,27-Aug-2020,115,PE,0,0,0,7.15,0.8,0,0,0,0,06-JUL-2020,
OPTSTK,DLF,27-Aug-2020,117.5,PE,0,0,0,7.95,1.05,0,0,0,0,06-JUL-2020,
OPTSTK,DLF,27-Aug-2020,120,PE,0,0,0,8.8,1.3,0,0,0,0,06-JUL-2020,
OPTSTK,DLF,27-Aug-2020,122.5,PE,0,0,0,9.75,1.65,0,0,0,0,06-JUL-2020,
OPTSTK,DLF,27-Aug-2020,125,PE,0,0,0,10.7,2,0,0,0,0,06-JUL-2020,
OPTSTK,DLF,27-Aug-2020,127.5,PE,0,0,0,11.75,2.45,0,0,0,0,06-JUL-2020,
OPTSTK,DLF,27-Aug-2020,130,PE,0,0,0,12.8,2.95,0,0,0,0,06-JUL-2020,
OPTSTK,DLF,27-Aug-2020,132.5,PE,0,0,0,13.95,3.55,0,0,0,0,06-JUL-2020,
OPTSTK,DLF,27-Aug-2020,135,PE,0,0,0,15.1,4.2,0,0,0,0,06-JUL-2020,
OPTSTK,DLF,27-Aug-2020,137.5,PE,0,0,0,16.35,4.9,0,0,0,0,06-JUL-2020,
OPTSTK,DLF,27-Aug-2020,140,PE,0,0,0,10.05,5.7,0,0,3300,0,06-JUL-2020,
OPTSTK,DLF,27-Aug-2020,142.5,PE,0,0,0,18.95,6.55,0,0,0,0,06-JUL-2020,
OPTSTK,DLF,27-Aug-2020,145,PE,0,0,0,20.35,7.55,0,0,0,0,06-JUL-2020,
OPTSTK,DLF,27-Aug-2020,147.5,PE,0,0,0,21.75,8.55,0,0,0,0,06-JUL-2020,
OPTSTK,DLF,27-Aug-2020,150,PE,0,0,0,12.05,9.7,0,0,3300,0,06-JUL-2020,
OPTSTK,DLF,27-Aug-2020,152.5,PE,0,0,0,24.7,10.9,0,0,0,0,06-JUL-2020,
OPTSTK,DLF,27-Aug-2020,155,PE,0,0,0,26.3,12.15,0,0,0,0,06-JUL-2020,
OPTSTK,DLF,27-Aug-2020,157.5,PE,0,0,0,27.85,13.5,0,0,0,0,06-JUL-2020,
OPTSTK,DLF,27-Aug-2020,160,PE,0,0,0,18,14.95,0,0,3300,0,06-JUL-2020,
OPTSTK,DLF,27-Aug-2020,162.5,PE,0,0,0,31.15,16.45,0,0,0,0,06-JUL-2020,
OPTSTK,DLF,27-Aug-2020,165,PE,0,0,0,32.9,18.05,0,0,0,0,06-JUL-2020,
OPTSTK,DLF,27-Aug-2020,167.5,PE,0,0,0,34.6,19.7,0,0,0,0,06-JUL-2020,
OPTSTK,DLF,27-Aug-2020,170,PE,0,0,0,36.4,21.4,0,0,0,0,06-JUL-2020,
OPTSTK,DLF,27-Aug-2020,172.5,PE,0,0,0,38.2,23.15,0,0,0,0,06-JUL-2020,
OPTSTK,DLF,27-Aug-2020,175,PE,0,0,0,40.05,25,0,0,0,0,06-JUL-2020,
OPTSTK,DLF,27-Aug-2020,177.5,PE,0,0,0,41.95,26.9,0,0,0,0,06-JUL-2020,
OPTSTK,DLF,27-Aug-2020,180,PE,0,0,0,43.85,28.85,0,0,0,0,06-JUL-2020,
OPTSTK,DLF,27-Aug-2020,182.5,PE,0,0,0,45.8,30.85,0,0,0,0,06-JUL-2020,
OPTSTK,DLF,27-Aug-2020,185,PE,0,0,0,47.75,32.85,0,0,0,0,06-JUL-2020,
OPTSTK,DLF,27-Aug-2020,187.5,PE,0,0,0,49.75,34.95,0,0,0,0,06-JUL-2020,
OPTSTK,DLF,27-Aug-2020,190,PE,0,0,0,51.75,37.05,0,0,0,0,06-JUL-2020,
OPTSTK,DLF,27-Aug-2020,192.5,PE,0,0,0,53.75,39.2,0,0,0,0,06-JUL-2020,
OPTSTK,DLF,27-Aug-2020,195,PE,0,0,0,55.85,41.4,0,0,0,0,06-JUL-2020,
OPTSTK,DLF,27-Aug-2020,197.5,PE,0,0,0,57.9,43.6,0,0,0,0,06-JUL-2020,
OPTSTK,DLF,27-Aug-2020,200,PE,0,0,0,60,45.85,0,0,0,0,06-JUL-2020,
OPTSTK,DLF,27-Aug-2020,202.5,PE,0,0,0,62.1,48.1,0,0,0,0,06-JUL-2020,
OPTSTK,DLF,27-Aug-2020,205,PE,0,0,0,64.25,50.4,0,0,0,0,06-JUL-2020,
OPTSTK,DLF,24-Sep-2020,95,CE,0,0,0,64.7,61,0,0,0,0,06-JUL-2020,
OPTSTK,DLF,24-Sep-2020,100,CE,0,0,0,60.3,56.25,0,0,0,0,06-JUL-2020,
OPTSTK,DLF,24-Sep-2020,105,CE,0,0,0,56.05,51.6,0,0,0,0,06-JUL-2020,
OPTSTK,DLF,24-Sep-2020,110,CE,0,0,0,52,47.1,0,0,0,0,06-JUL-2020,
OPTSTK,DLF,24-Sep-2020,115,CE,0,0,0,48.05,42.75,0,0,0,0,06-JUL-2020,
OPTSTK,DLF,24-Sep-2020,120,CE,0,0,0,44.35,38.6,0,0,0,0,06-JUL-2020,
OPTSTK,DLF,24-Sep-2020,125,CE,0,0,0,40.8,34.6,0,0,0,0,06-JUL-2020,
OPTSTK,DLF,24-Sep-2020,130,CE,0,0,0,37.45,30.9,0,0,0,0,06-JUL-2020,
OPTSTK,DLF,24-Sep-2020,135,CE,0,0,0,34.3,27.45,0,0,0,0,06-JUL-2020,
OPTSTK,DLF,24-Sep-2020,140,CE,0,0,0,31.4,24.2,0,0,0,0,06-JUL-2020,
OPTSTK,DLF,24-Sep-2020,145,CE,0,0,0,28.65,21.3,0,0,0,0,06-JUL-2020,
OPTSTK,DLF,24-Sep-2020,150,CE,0,0,0,26.1,18.6,0,0,0,0,06-JUL-2020,
OPTSTK,DLF,24-Sep-2020,155,CE,0,0,0,23.7,16.2,0,0,0,0,06-JUL-2020,
OPTSTK,DLF,24-Sep-2020,160,CE,0,0,0,21.55,14,0,0,0,0,06-JUL-2020,
OPTSTK,DLF,24-Sep-2020,165,CE,0,0,0,19.55,12.1,0,0,0,0,06-JUL-2020,
OPTSTK,DLF,24-Sep-2020,170,CE,0,0,0,17.7,10.35,0,0,0,0,06-JUL-2020,
OPTSTK,DLF,24-Sep-2020,175,CE,0,0,0,16,8.85,0,0,0,0,06-JUL-2020,
OPTSTK,DLF,24-Sep-2020,180,CE,0,0,0,14.45,7.55,0,0,0,0,06-JUL-2020,
OPTSTK,DLF,24-Sep-2020,185,CE,0,0,0,13.05,6.4,0,0,0,0,06-JUL-2020,
OPTSTK,DLF,24-Sep-2020,190,CE,0,0,0,11.75,5.45,0,0,0,0,06-JUL-2020,
OPTSTK,DLF,24-Sep-2020,195,CE,0,0,0,10.6,4.6,0,0,0,0,06-JUL-2020,
OPTSTK,DLF,24-Sep-2020,200,CE,0,0,0,9.55,3.85,0,0,0,0,06-JUL-2020,
OPTSTK,DLF,24-Sep-2020,205,CE,0,0,0,8.55,3.25,0,0,0,0,06-JUL-2020,
OPTSTK,DLF,24-Sep-2020,95,PE,0,0,0,1.35,0.3,0,0,0,0,06-JUL-2020,
OPTSTK,DLF,24-Sep-2020,100,PE,0,0,0,1.9,0.5,0,0,0,0,06-JUL-2020,
OPTSTK,DLF,24-Sep-2020,105,PE,0,0,0,2.6,0.8,0,0,0,0,06-JUL-2020,
OPTSTK,DLF,24-Sep-2020,110,PE,0,0,0,3.45,1.25,0,0,0,0,06-JUL-2020,
OPTSTK,DLF,24-Sep-2020,115,PE,0,0,0,4.5,1.85,0,0,0,0,06-JUL-2020,
OPTSTK,DLF,24-Sep-2020,120,PE,0,0,0,5.7,2.6,0,0,0,0,06-JUL-2020,
OPTSTK,DLF,24-Sep-2020,125,PE,0,0,0,7.1,3.6,0,0,0,0,06-JUL-2020,
OPTSTK,DLF,24-Sep-2020,130,PE,0,0,0,8.7,4.85,0,0,0,0,06-JUL-2020,
OPTSTK,DLF,24-Sep-2020,135,PE,0,0,0,10.5,6.35,0,0,0,0,06-JUL-2020,
OPTSTK,DLF,24-Sep-2020,140,PE,0,0,0,12.5,8.05,0,0,0,0,06-JUL-2020,
OPTSTK,DLF,24-Sep-2020,145,PE,0,0,0,14.7,10.1,0,0,0,0,06-JUL-2020,
OPTSTK,DLF,24-Sep-2020,150,PE,0,0,0,17.1,12.35,0,0,0,0,06-JUL-2020,
OPTSTK,DLF,24-Sep-2020,155,PE,0,0,0,19.65,14.9,0,0,0,0,06-JUL-2020,
OPTSTK,DLF,24-Sep-2020,160,PE,0,0,0,22.45,17.7,0,0,0,0,06-JUL-2020,
OPTSTK,DLF,24-Sep-2020,165,PE,0,0,0,25.35,20.7,0,0,0,0,06-JUL-2020,
OPTSTK,DLF,24-Sep-2020,170,PE,0,0,0,28.45,23.95,0,0,0,0,06-JUL-2020,
OPTSTK,DLF,24-Sep-2020,175,PE,0,0,0,31.7,27.4,0,0,0,0,06-JUL-2020,
OPTSTK,DLF,24-Sep-2020,180,PE,0,0,0,35.1,31.05,0,0,0,0,06-JUL-2020,
OPTSTK,DLF,24-Sep-2020,185,PE,0,0,0,38.65,34.85,0,0,0,0,06-JUL-2020,
OPTSTK,DLF,24-Sep-2020,190,PE,0,0,0,42.3,38.8,0,0,0,0,06-JUL-2020,
OPTSTK,DLF,24-Sep-2020,195,PE,0,0,0,46.05,42.95,0,0,0,0,06-JUL-2020,
OPTSTK,DLF,24-Sep-2020,200,PE,0,0,0,49.95,47.15,0,0,0,0,06-JUL-2020,
OPTSTK,DLF,24-Sep-2020,205,PE,0,0,0,53.95,51.5,0,0,0,0,06-JUL-2020,
OPTSTK,DRREDDY,30-Jul-2020,2950,CE,0,0,0,1102.05,950.3,0,0,0,0,06-JUL-2020,
OPTSTK,DRREDDY,30-Jul-2020,3000,CE,0,0,0,1062.4,900.45,0,0,0,0,06-JUL-2020,
OPTSTK,DRREDDY,30-Jul-2020,3050,CE,0,0,0,1023.6,850.6,0,0,0,0,06-JUL-2020,
OPTSTK,DRREDDY,30-Jul-2020,3100,CE,0,0,0,985.6,800.8,0,0,0,0,06-JUL-2020,
OPTSTK,DRREDDY,30-Jul-2020,3150,CE,0,0,0,948.55,751.05,0,0,0,0,06-JUL-2020,
OPTSTK,DRREDDY,30-Jul-2020,3200,CE,0,0,0,912.2,701.4,0,0,0,0,06-JUL-2020,
OPTSTK,DRREDDY,30-Jul-2020,3250,CE,0,0,0,876.75,651.85,0,0,0,0,06-JUL-2020,
OPTSTK,DRREDDY,30-Jul-2020,3300,CE,0,0,0,842.15,602.6,0,0,0,0,06-JUL-2020,
OPTSTK,DRREDDY,30-Jul-2020,3350,CE,0,0,0,808.5,553.75,0,0,0,0,06-JUL-2020,
OPTSTK,DRREDDY,30-Jul-2020,3400,CE,0,0,0,640,505.45,0,0,250,0,06-JUL-2020,
OPTSTK,DRREDDY,30-Jul-2020,3450,CE,0,0,0,743.7,457.95,0,0,0,0,06-JUL-2020,
OPTSTK,DRREDDY,30-Jul-2020,3500,CE,0,0,0,405,411.55,0,0,1000,0,06-JUL-2020,
OPTSTK,DRREDDY,30-Jul-2020,3550,CE,0,0,0,682.8,366.6,0,0,0,0,06-JUL-2020,
OPTSTK,DRREDDY,30-Jul-2020,3600,CE,0,0,0,425.85,323.4,0,0,500,0,06-JUL-2020,
OPTSTK,DRREDDY,30-Jul-2020,3650,CE,0,0,0,625.6,282.35,0,0,0,0,06-JUL-2020,
OPTSTK,DRREDDY,30-Jul-2020,3700,CE,0,0,0,269.7,243.8,0,0,750,0,06-JUL-2020,
OPTSTK,DRREDDY,30-Jul-2020,3750,CE,0,0,0,571.95,208.1,0,0,0,0,06-JUL-2020,
OPTSTK,DRREDDY,30-Jul-2020,3800,CE,187.35,187.35,187.35,187.35,187.35,1,9.96,1000,250,06-JUL-2020,
OPTSTK,DRREDDY,30-Jul-2020,3850,CE,0,0,0,521.9,146.1,0,0,0,0,06-JUL-2020,
OPTSTK,DRREDDY,30-Jul-2020,3900,CE,153.5,153.5,125,135.7,135.7,296,2984.41,54000,9750,06-JUL-2020,
OPTSTK,DRREDDY,30-Jul-2020,3950,CE,131.3,131.3,105.85,115.3,115.3,33,335.1,15500,2500,06-JUL-2020,
OPTSTK,DRREDDY,30-Jul-2020,4000,CE,111.15,111.15,87.75,96.4,96.4,469,4801.25,99500,21000,06-JUL-2020,
OPTSTK,DRREDDY,30-Jul-2020,4050,CE,77.4,81.15,73.75,80.95,80.95,19,196.01,11000,500,06-JUL-2020,
OPTSTK,DRREDDY,30-Jul-2020,4100,CE,77.05,77.05,61,66,66,182,1895.43,80250,2500,06-JUL-2020,
OPTSTK,DRREDDY,30-Jul-2020,4150,CE,51,54.5,50.25,54,54,5,52.53,5500,1000,06-JUL-2020,
OPTSTK,DRREDDY,30-Jul-2020,4200,CE,58.6,58.6,40.25,45.4,45.4,227,2408.87,91500,9500,06-JUL-2020,
OPTSTK,DRREDDY,30-Jul-2020,4250,CE,30.2,38.4,30.2,38.4,20.65,2,21.42,2000,-250,06-JUL-2020,
OPTSTK,DRREDDY,30-Jul-2020,4300,CE,32.65,32.65,27.45,31.05,31.05,47,508.73,21500,-1250,06-JUL-2020,
OPTSTK,DRREDDY,30-Jul-2020,4350,CE,0,0,0,28,11.05,0,0,2000,0,06-JUL-2020,
OPTSTK,DRREDDY,30-Jul-2020,4400,CE,20,22,18,20.45,20.45,16,176.81,23250,750,06-JUL-2020,
OPTSTK,DRREDDY,30-Jul-2020,4450,CE,0,0,0,290.5,5.55,0,0,0,0,06-JUL-2020,
OPTSTK,DRREDDY,30-Jul-2020,4500,CE,11.1,17,11.1,13.95,13.95,19,214.4,27000,-1000,06-JUL-2020,
OPTSTK,DRREDDY,30-Jul-2020,4550,CE,0,0,0,28,2.65,0,0,250,0,06-JUL-2020,
OPTSTK,DRREDDY,30-Jul-2020,4600,CE,10,10,8.05,9.05,9.05,4,46.09,2750,-250,06-JUL-2020,
OPTSTK,DRREDDY,30-Jul-2020,4650,CE,0,0,0,236.3,1.2,0,0,0,0,06-JUL-2020,
OPTSTK,DRREDDY,30-Jul-2020,4700,CE,7.7,7.7,5.7,6.25,6.25,22,258.84,12750,-500,06-JUL-2020,
OPTSTK,DRREDDY,30-Jul-2020,2950,PE,0,0,0,78.35,0.05,0,0,0,0,06-JUL-2020,
OPTSTK,DRREDDY,30-Jul-2020,3000,PE,0,0,0,88.1,0.05,0,0,0,0,06-JUL-2020,
OPTSTK,DRREDDY,30-Jul-2020,3050,PE,0,0,0,98.65,0.05,0,0,0,0,06-JUL-2020,
OPTSTK,DRREDDY,30-Jul-2020,3100,PE,0,0,0,110,0.1,0,0,0,0,06-JUL-2020,
OPTSTK,DRREDDY,30-Jul-2020,3150,PE,0,0,0,122.3,0.2,0,0,0,0,06-JUL-2020,
OPTSTK,DRREDDY,30-Jul-2020,3200,PE,0,0,0,5.95,0.4,0,0,750,0,06-JUL-2020,
OPTSTK,DRREDDY,30-Jul-2020,3250,PE,0,0,0,149.25,0.75,0,0,0,0,06-JUL-2020,
OPTSTK,DRREDDY,30-Jul-2020,3300,PE,0,0,0,7.5,1.35,0,0,3250,0,06-JUL-2020,
OPTSTK,DRREDDY,30-Jul-2020,3350,PE,0,0,0,179.75,2.35,0,0,0,0,06-JUL-2020,
OPTSTK,DRREDDY,30-Jul-2020,3400,PE,0,0,0,20.35,3.9,0,0,4750,0,06-JUL-2020,
OPTSTK,DRREDDY,30-Jul-2020,3450,PE,0,0,0,213.7,6.3,0,0,0,0,06-JUL-2020,
OPTSTK,DRREDDY,30-Jul-2020,3500,PE,22.05,25,22,24,24,7,61.66,24500,750,06-JUL-2020,
OPTSTK,DRREDDY,30-Jul-2020,3550,PE,32,32,32,32,14.65,1,8.95,250,250,06-JUL-2020,
OPTSTK,DRREDDY,30-Jul-2020,3600,PE,45,45.1,41,41,21.3,25,227.64,25000,2500,06-JUL-2020,
OPTSTK,DRREDDY,30-Jul-2020,3650,PE,0,0,0,293,30.1,0,0,0,0,06-JUL-2020,
OPTSTK,DRREDDY,30-Jul-2020,3700,PE,66,74,65,67.4,67.4,60,565.35,35500,5250,06-JUL-2020,
OPTSTK,DRREDDY,30-Jul-2020,3750,PE,88,88,84.85,84.85,55.6,3,28.77,2250,750,06-JUL-2020,
OPTSTK,DRREDDY,30-Jul-2020,3800,PE,104.95,113.7,102,103.5,103.5,97,947.7,42250,1250,06-JUL-2020,
OPTSTK,DRREDDY,30-Jul-2020,3850,PE,126.75,127.5,126.75,127.5,93.3,5,49.71,1500,1250,06-JUL-2020,
OPTSTK,DRREDDY,30-Jul-2020,3900,PE,155.95,166.9,148,154.7,154.7,72,730.39,32750,5750,06-JUL-2020,
OPTSTK,DRREDDY,30-Jul-2020,3950,PE,190.85,201.9,189.65,201.9,144.25,6,62.14,3000,750,06-JUL-2020,
OPTSTK,DRREDDY,30-Jul-2020,4000,PE,220,229.75,215,216.4,216.4,15,158.31,16500,-1250,06-JUL-2020,
OPTSTK,DRREDDY,30-Jul-2020,4050,PE,0,0,0,494.55,208.05,0,0,0,0,06-JUL-2020,
OPTSTK,DRREDDY,30-Jul-2020,4100,PE,284.4,290,284.4,290,244.25,2,21.93,4500,-250,06-JUL-2020,
OPTSTK,DRREDDY,30-Jul-2020,4150,PE,0,0,0,283.9,283,0,0,1000,0,06-JUL-2020,
OPTSTK,DRREDDY,30-Jul-2020,4200,PE,0,0,0,315.65,323.95,0,0,500,0,06-JUL-2020,
OPTSTK,DRREDDY,30-Jul-2020,4250,PE,0,0,0,354.2,366.75,0,0,500,0,06-JUL-2020,
OPTSTK,DRREDDY,30-Jul-2020,4300,PE,0,0,0,647.35,411.15,0,0,0,0,06-JUL-2020,
OPTSTK,DRREDDY,30-Jul-2020,4350,PE,0,0,0,680.15,456.85,0,0,0,0,06-JUL-2020,
OPTSTK,DRREDDY,30-Jul-2020,4400,PE,0,0,0,713.65,503.55,0,0,0,0,06-JUL-2020,
OPTSTK,DRREDDY,30-Jul-2020,4450,PE,0,0,0,747.8,551.1,0,0,0,0,06-JUL-2020,
OPTSTK,DRREDDY,30-Jul-2020,4500,PE,0,0,0,782.65,599.25,0,0,0,0,06-JUL-2020,
OPTSTK,DRREDDY,30-Jul-2020,4550,PE,0,0,0,818.1,647.9,0,0,0,0,06-JUL-2020,
OPTSTK,DRREDDY,30-Jul-2020,4600,PE,0,0,0,854.2,696.95,0,0,0,0,06-JUL-2020,
OPTSTK,DRREDDY,30-Jul-2020,4650,PE,0,0,0,891.05,746.2,0,0,0,0,06-JUL-2020,
OPTSTK,DRREDDY,30-Jul-2020,4700,PE,0,0,0,928.35,795.65,0,0,0,0,06-JUL-2020,
OPTSTK,DRREDDY,27-Aug-2020,2950,CE,0,0,0,1018.65,960.6,0,0,0,0,06-JUL-2020,
OPTSTK,DRREDDY,27-Aug-2020,3000,CE,0,0,0,976.55,911.3,0,0,0,0,06-JUL-2020,
OPTSTK,DRREDDY,27-Aug-2020,3050,CE,0,0,0,935.3,862.25,0,0,0,0,06-JUL-2020,
OPTSTK,DRREDDY,27-Aug-2020,3100,CE,0,0,0,894.85,813.45,0,0,0,0,06-JUL-2020,
OPTSTK,DRREDDY,27-Aug-2020,3150,CE,0,0,0,855.35,765.05,0,0,0,0,06-JUL-2020,
OPTSTK,DRREDDY,27-Aug-2020,3200,CE,0,0,0,816.8,717.1,0,0,0,0,06-JUL-2020,
OPTSTK,DRREDDY,27-Aug-2020,3250,CE,0,0,0,779.2,669.75,0,0,0,0,06-JUL-2020,
OPTSTK,DRREDDY,27-Aug-2020,3300,CE,0,0,0,742.7,623.2,0,0,0,0,06-JUL-2020,
OPTSTK,DRREDDY,27-Aug-2020,3350,CE,0,0,0,707.1,577.5,0,0,0,0,06-JUL-2020,
OPTSTK,DRREDDY,27-Aug-2020,3400,CE,0,0,0,672.55,532.95,0,0,0,0,06-JUL-2020,
OPTSTK,DRREDDY,27-Aug-2020,3450,CE,0,0,0,639.05,489.65,0,0,0,0,06-JUL-2020,
OPTSTK,DRREDDY,27-Aug-2020,3500,CE,0,0,0,606.55,447.75,0,0,0,0,06-JUL-2020,
OPTSTK,DRREDDY,27-Aug-2020,3550,CE,0,0,0,575.3,407.5,0,0,0,0,06-JUL-2020,
OPTSTK,DRREDDY,27-Aug-2020,3600,CE,0,0,0,545.15,369.05,0,0,0,0,06-JUL-2020,
OPTSTK,DRREDDY,27-Aug-2020,3650,CE,0,0,0,516.1,332.5,0,0,0,0,06-JUL-2020,
OPTSTK,DRREDDY,27-Aug-2020,3700,CE,0,0,0,488.15,298,0,0,0,0,06-JUL-2020,
OPTSTK,DRREDDY,27-Aug-2020,3750,CE,0,0,0,461.3,265.65,0,0,0,0,06-JUL-2020,
OPTSTK,DRREDDY,27-Aug-2020,3800,CE,0,0,0,435.55,235.55,0,0,0,0,06-JUL-2020,
OPTSTK,DRREDDY,27-Aug-2020,3850,CE,0,0,0,410.85,207.7,0,0,0,0,06-JUL-2020,
OPTSTK,DRREDDY,27-Aug-2020,3900,CE,0,0,0,387.25,182.1,0,0,0,0,06-JUL-2020,
OPTSTK,DRREDDY,27-Aug-2020,3950,CE,0,0,0,364.65,158.8,0,0,0,0,06-JUL-2020,
OPTSTK,DRREDDY,27-Aug-2020,4000,CE,0,0,0,343.15,137.65,0,0,0,0,06-JUL-2020,
OPTSTK,DRREDDY,27-Aug-2020,4050,CE,0,0,0,322.6,118.7,0,0,0,0,06-JUL-2020,
OPTSTK,DRREDDY,27-Aug-2020,4100,CE,0,0,0,303.1,101.75,0,0,0,0,06-JUL-2020,
OPTSTK,DRREDDY,27-Aug-2020,4150,CE,0,0,0,284.5,86.75,0,0,0,0,06-JUL-2020,
OPTSTK,DRREDDY,27-Aug-2020,4200,CE,0,0,0,266.85,73.55,0,0,0,0,06-JUL-2020,
OPTSTK,DRREDDY,27-Aug-2020,4250,CE,0,0,0,250.15,62,0,0,0,0,06-JUL-2020,
OPTSTK,DRREDDY,27-Aug-2020,4300,CE,0,0,0,234.3,52,0,0,0,0,06-JUL-2020,
OPTSTK,DRREDDY,27-Aug-2020,4350,CE,0,0,0,219.3,43.4,0,0,0,0,06-JUL-2020,
OPTSTK,DRREDDY,27-Aug-2020,4400,CE,0,0,0,65,36,0,0,1000,0,06-JUL-2020,
OPTSTK,DRREDDY,27-Aug-2020,4450,CE,0,0,0,191.7,29.7,0,0,0,0,06-JUL-2020,
OPTSTK,DRREDDY,27-Aug-2020,4500,CE,0,0,0,179.25,24.4,0,0,0,0,06-JUL-2020,
OPTSTK,DRREDDY,27-Aug-2020,4550,CE,0,0,0,167.35,19.9,0,0,0,0,06-JUL-2020,
OPTSTK,DRREDDY,27-Aug-2020,4600,CE,0,0,0,156.15,16.2,0,0,0,0,06-JUL-2020,
OPTSTK,DRREDDY,27-Aug-2020,4650,CE,0,0,0,145.6,13.1,0,0,0,0,06-JUL-2020,
OPTSTK,DRREDDY,27-Aug-2020,4700,CE,0,0,0,135.7,10.55,0,0,0,0,06-JUL-2020,
OPTSTK,DRREDDY,27-Aug-2020,2950,PE,0,0,0,45.05,0.7,0,0,0,0,06-JUL-2020,
OPTSTK,DRREDDY,27-Aug-2020,3000,PE,0,0,0,52.35,1.15,0,0,0,0,06-JUL-2020,
OPTSTK,DRREDDY,27-Aug-2020,3050,PE,0,0,0,60.5,1.75,0,0,0,0,06-JUL-2020,
OPTSTK,DRREDDY,27-Aug-2020,3100,PE,0,0,0,69.45,2.7,0,0,0,0,06-JUL-2020,
OPTSTK,DRREDDY,27-Aug-2020,3150,PE,0,0,0,79.35,3.95,0,0,0,0,06-JUL-2020,
OPTSTK,DRREDDY,27-Aug-2020,3200,PE,0,0,0,90.2,5.7,0,0,0,0,06-JUL-2020,
OPTSTK,DRREDDY,27-Aug-2020,3250,PE,0,0,0,101.95,8.1,0,0,0,0,06-JUL-2020,
OPTSTK,DRREDDY,27-Aug-2020,3300,PE,0,0,0,114.85,11.2,0,0,0,0,06-JUL-2020,
OPTSTK,DRREDDY,27-Aug-2020,3350,PE,0,0,0,128.65,15.25,0,0,0,0,06-JUL-2020,
OPTSTK,DRREDDY,27-Aug-2020,3400,PE,0,0,0,143.5,20.35,0,0,0,0,06-JUL-2020,
OPTSTK,DRREDDY,27-Aug-2020,3450,PE,0,0,0,159.4,26.75,0,0,0,0,06-JUL-2020,
OPTSTK,DRREDDY,27-Aug-2020,3500,PE,0,0,0,176.3,34.6,0,0,0,0,06-JUL-2020,
OPTSTK,DRREDDY,27-Aug-2020,3550,PE,0,0,0,194.45,44.05,0,0,0,0,06-JUL-2020,
OPTSTK,DRREDDY,27-Aug-2020,3600,PE,0,0,0,213.65,55.25,0,0,0,0,06-JUL-2020,
OPTSTK,DRREDDY,27-Aug-2020,3650,PE,0,0,0,234,68.4,0,0,0,0,06-JUL-2020,
OPTSTK,DRREDDY,27-Aug-2020,3700,PE,0,0,0,255.45,83.6,0,0,0,0,06-JUL-2020,
OPTSTK,DRREDDY,27-Aug-2020,3750,PE,0,0,0,278,100.95,0,0,0,0,06-JUL-2020,
OPTSTK,DRREDDY,27-Aug-2020,3800,PE,0,0,0,301.65,120.55,0,0,0,0,06-JUL-2020,
OPTSTK,DRREDDY,27-Aug-2020,3850,PE,0,0,0,326.35,142.4,0,0,0,0,06-JUL-2020,
OPTSTK,DRREDDY,27-Aug-2020,3900,PE,0,0,0,352.1,166.5,0,0,0,0,06-JUL-2020,
OPTSTK,DRREDDY,27-Aug-2020,3950,PE,0,0,0,378.95,192.9,0,0,0,0,06-JUL-2020,
OPTSTK,DRREDDY,27-Aug-2020,4000,PE,0,0,0,406.8,221.5,0,0,0,0,06-JUL-2020,
OPTSTK,DRREDDY,27-Aug-2020,4050,PE,0,0,0,435.7,252.2,0,0,0,0,06-JUL-2020,
OPTSTK,DRREDDY,27-Aug-2020,4100,PE,0,0,0,465.55,284.95,0,0,0,0,06-JUL-2020,
OPTSTK,DRREDDY,27-Aug-2020,4150,PE,0,0,0,496.35,319.65,0,0,0,0,06-JUL-2020,
OPTSTK,DRREDDY,27-Aug-2020,4200,PE,0,0,0,528.15,356.15,0,0,0,0,06-JUL-2020,
OPTSTK,DRREDDY,27-Aug-2020,4250,PE,0,0,0,560.8,394.3,0,0,0,0,06-JUL-2020,
OPTSTK,DRREDDY,27-Aug-2020,4300,PE,0,0,0,594.3,434,0,0,0,0,06-JUL-2020,
OPTSTK,DRREDDY,27-Aug-2020,4350,PE,0,0,0,628.7,475.05,0,0,0,0,06-JUL-2020,
OPTSTK,DRREDDY,27-Aug-2020,4400,PE,0,0,0,663.9,517.4,0,0,0,0,06-JUL-2020,
OPTSTK,DRREDDY,27-Aug-2020,4450,PE,0,0,0,699.9,560.8,0,0,0,0,06-JUL-2020,
OPTSTK,DRREDDY,27-Aug-2020,4500,PE,0,0,0,736.85,605.15,0,0,0,0,06-JUL-2020,
OPTSTK,DRREDDY,27-Aug-2020,4550,PE,0,0,0,774.35,650.4,0,0,0,0,06-JUL-2020,
OPTSTK,DRREDDY,27-Aug-2020,4600,PE,0,0,0,812.55,696.35,0,0,0,0,06-JUL-2020,
OPTSTK,DRREDDY,27-Aug-2020,4650,PE,0,0,0,851.4,742.95,0,0,0,0,06-JUL-2020,
OPTSTK,DRREDDY,27-Aug-2020,4700,PE,0,0,0,890.9,790.1,0,0,0,0,06-JUL-2020,
OPTSTK,DRREDDY,24-Sep-2020,2950,CE,0,0,0,1104.15,972.85,0,0,0,0,06-JUL-2020,
OPTSTK,DRREDDY,24-Sep-2020,3000,CE,0,0,0,1057.95,924.65,0,0,0,0,06-JUL-2020,
OPTSTK,DRREDDY,24-Sep-2020,3050,CE,0,0,0,1012.3,876.9,0,0,0,0,06-JUL-2020,
OPTSTK,DRREDDY,24-Sep-2020,3100,CE,0,0,0,967.3,829.65,0,0,0,0,06-JUL-2020,
OPTSTK,DRREDDY,24-Sep-2020,3150,CE,0,0,0,923.05,783,0,0,0,0,06-JUL-2020,
OPTSTK,DRREDDY,24-Sep-2020,3200,CE,0,0,0,879.55,737.05,0,0,0,0,06-JUL-2020,
OPTSTK,DRREDDY,24-Sep-2020,3250,CE,0,0,0,836.9,691.95,0,0,0,0,06-JUL-2020,
OPTSTK,DRREDDY,24-Sep-2020,3300,CE,0,0,0,795.1,647.8,0,0,0,0,06-JUL-2020,
OPTSTK,DRREDDY,24-Sep-2020,3350,CE,0,0,0,754.3,604.7,0,0,0,0,06-JUL-2020,
OPTSTK,DRREDDY,24-Sep-2020,3400,CE,0,0,0,714.55,562.8,0,0,0,0,06-JUL-2020,
OPTSTK,DRREDDY,24-Sep-2020,3450,CE,0,0,0,675.85,522.25,0,0,0,0,06-JUL-2020,
OPTSTK,DRREDDY,24-Sep-2020,3500,CE,0,0,0,638.25,483.05,0,0,0,0,06-JUL-2020,
OPTSTK,DRREDDY,24-Sep-2020,3550,CE,0,0,0,601.95,445.4,0,0,0,0,06-JUL-2020,
OPTSTK,DRREDDY,24-Sep-2020,3600,CE,0,0,0,566.75,409.35,0,0,0,0,06-JUL-2020,
OPTSTK,DRREDDY,24-Sep-2020,3650,CE,0,0,0,532.6,375,0,0,0,0,06-JUL-2020,
OPTSTK,DRREDDY,24-Sep-2020,3700,CE,0,0,0,499.95,342.35,0,0,0,0,06-JUL-2020,
OPTSTK,DRREDDY,24-Sep-2020,3750,CE,0,0,0,468.55,311.55,0,0,0,0,06-JUL-2020,
OPTSTK,DRREDDY,24-Sep-2020,3800,CE,0,0,0,438.5,282.55,0,0,0,0,06-JUL-2020,
OPTSTK,DRREDDY,24-Sep-2020,3850,CE,0,0,0,409.7,255.4,0,0,0,0,06-JUL-2020,
OPTSTK,DRREDDY,24-Sep-2020,3900,CE,0,0,0,382.3,230.05,0,0,0,0,06-JUL-2020,
OPTSTK,DRREDDY,24-Sep-2020,3950,CE,0,0,0,356.15,206.55,0,0,0,0,06-JUL-2020,
OPTSTK,DRREDDY,24-Sep-2020,4000,CE,0,0,0,331.3,184.8,0,0,0,0,06-JUL-2020,
OPTSTK,DRREDDY,24-Sep-2020,4050,CE,0,0,0,307.75,164.8,0,0,0,0,06-JUL-2020,
OPTSTK,DRREDDY,24-Sep-2020,4100,CE,0,0,0,285.45,146.45,0,0,0,0,06-JUL-2020,
OPTSTK,DRREDDY,24-Sep-2020,4150,CE,0,0,0,264.4,129.75,0,0,0,0,06-JUL-2020,
OPTSTK,DRREDDY,24-Sep-2020,4200,CE,0,0,0,244.6,114.55,0,0,0,0,06-JUL-2020,
OPTSTK,DRREDDY,24-Sep-2020,4250,CE,0,0,0,225.9,100.85,0,0,0,0,06-JUL-2020,
OPTSTK,DRREDDY,24-Sep-2020,4300,CE,0,0,0,208.4,88.45,0,0,0,0,06-JUL-2020,
OPTSTK,DRREDDY,24-Sep-2020,4350,CE,0,0,0,191.95,77.4,0,0,0,0,06-JUL-2020,
OPTSTK,DRREDDY,24-Sep-2020,4400,CE,0,0,0,176.6,67.45,0,0,0,0,06-JUL-2020,
OPTSTK,DRREDDY,24-Sep-2020,4450,CE,0,0,0,162.25,58.65,0,0,0,0,06-JUL-2020,
OPTSTK,DRREDDY,24-Sep-2020,4500,CE,0,0,0,148.9,50.8,0,0,0,0,06-JUL-2020,
OPTSTK,DRREDDY,24-Sep-2020,4550,CE,0,0,0,136.7,43.9,0,0,0,0,06-JUL-2020,
OPTSTK,DRREDDY,24-Sep-2020,4600,CE,0,0,0,125.15,37.85,0,0,0,0,06-JUL-2020,
OPTSTK,DRREDDY,24-Sep-2020,4650,CE,0,0,0,114.5,32.5,0,0,0,0,06-JUL-2020,
OPTSTK,DRREDDY,24-Sep-2020,4700,CE,0,0,0,104.45,27.85,0,0,0,0,06-JUL-2020,
OPTSTK,DRREDDY,24-Sep-2020,2950,PE,0,0,0,13.35,3.45,0,0,0,0,06-JUL-2020,
OPTSTK,DRREDDY,24-Sep-2020,3000,PE,0,0,0,16.55,4.8,0,0,0,0,06-JUL-2020,
OPTSTK,DRREDDY,24-Sep-2020,3050,PE,0,0,0,20.35,6.6,0,0,0,0,06-JUL-2020,
OPTSTK,DRREDDY,24-Sep-2020,3100,PE,0,0,0,24.75,8.85,0,0,0,0,06-JUL-2020,
OPTSTK,DRREDDY,24-Sep-2020,3150,PE,0,0,0,29.9,11.75,0,0,0,0,06-JUL-2020,
OPTSTK,DRREDDY,24-Sep-2020,3200,PE,0,0,0,35.8,15.35,0,0,0,0,06-JUL-2020,
OPTSTK,DRREDDY,24-Sep-2020,3250,PE,0,0,0,42.6,19.75,0,0,0,0,06-JUL-2020,
OPTSTK,DRREDDY,24-Sep-2020,3300,PE,0,0,0,50.25,25.15,0,0,0,0,06-JUL-2020,
OPTSTK,DRREDDY,24-Sep-2020,3350,PE,0,0,0,58.85,31.6,0,0,0,0,06-JUL-2020,
OPTSTK,DRREDDY,24-Sep-2020,3400,PE,0,0,0,68.5,39.25,0,0,0,0,06-JUL-2020,
OPTSTK,DRREDDY,24-Sep-2020,3450,PE,0,0,0,79.2,48.2,0,0,0,0,06-JUL-2020,
OPTSTK,DRREDDY,24-Sep-2020,3500,PE,0,0,0,91.05,58.55,0,0,0,0,06-JUL-2020,
OPTSTK,DRREDDY,24-Sep-2020,3550,PE,0,0,0,104.2,70.45,0,0,0,0,06-JUL-2020,
OPTSTK,DRREDDY,24-Sep-2020,3600,PE,0,0,0,118.4,83.9,0,0,0,0,06-JUL-2020,
OPTSTK,DRREDDY,24-Sep-2020,3650,PE,0,0,0,133.65,99.1,0,0,0,0,06-JUL-2020,
OPTSTK,DRREDDY,24-Sep-2020,3700,PE,0,0,0,150.4,116,0,0,0,0,06-JUL-2020,
OPTSTK,DRREDDY,24-Sep-2020,3750,PE,0,0,0,168.45,134.75,0,0,0,0,06-JUL-2020,
OPTSTK,DRREDDY,24-Sep-2020,3800,PE,0,0,0,187.8,155.25,0,0,0,0,06-JUL-2020,
OPTSTK,DRREDDY,24-Sep-2020,3850,PE,0,0,0,208.45,177.65,0,0,0,0,06-JUL-2020,
OPTSTK,DRREDDY,24-Sep-2020,3900,PE,0,0,0,230.45,201.85,0,0,0,0,06-JUL-2020,
OPTSTK,DRREDDY,24-Sep-2020,3950,PE,0,0,0,253.75,227.85,0,0,0,0,06-JUL-2020,
OPTSTK,DRREDDY,24-Sep-2020,4000,PE,0,0,0,278.3,255.65,0,0,0,0,06-JUL-2020,
OPTSTK,DRREDDY,24-Sep-2020,4050,PE,0,0,0,304.15,285.2,0,0,0,0,06-JUL-2020,
OPTSTK,DRREDDY,24-Sep-2020,4100,PE,0,0,0,331.3,316.4,0,0,0,0,06-JUL-2020,
OPTSTK,DRREDDY,24-Sep-2020,4150,PE,0,0,0,359.7,349.25,0,0,0,0,06-JUL-2020,
OPTSTK,DRREDDY,24-Sep-2020,4200,PE,0,0,0,389.25,383.6,0,0,0,0,06-JUL-2020,
OPTSTK,DRREDDY,24-Sep-2020,4250,PE,0,0,0,420,419.4,0,0,0,0,06-JUL-2020,
OPTSTK,DRREDDY,24-Sep-2020,4300,PE,0,0,0,451.9,456.55,0,0,0,0,06-JUL-2020,
OPTSTK,DRREDDY,24-Sep-2020,4350,PE,0,0,0,484.9,495,0,0,0,0,06-JUL-2020,
OPTSTK,DRREDDY,24-Sep-2020,4400,PE,0,0,0,518.95,534.6,0,0,0,0,06-JUL-2020,
OPTSTK,DRREDDY,24-Sep-2020,4450,PE,0,0,0,554.05,575.35,0,0,0,0,06-JUL-2020,
OPTSTK,DRREDDY,24-Sep-2020,4500,PE,0,0,0,590.1,617.05,0,0,0,0,06-JUL-2020,
OPTSTK,DRREDDY,24-Sep-2020,4550,PE,0,0,0,627.3,659.65,0,0,0,0,06-JUL-2020,
OPTSTK,DRREDDY,24-Sep-2020,4600,PE,0,0,0,665.2,703.15,0,0,0,0,06-JUL-2020,
OPTSTK,DRREDDY,24-Sep-2020,4650,PE,0,0,0,703.95,747.35,0,0,0,0,06-JUL-2020,
OPTSTK,DRREDDY,24-Sep-2020,4700,PE,0,0,0,743.35,792.2,0,0,0,0,06-JUL-2020,
OPTSTK,EICHERMOT,30-Jul-2020,9000,CE,0,0,0,5975.9,10276.1,0,0,0,0,06-JUL-2020,
OPTSTK,EICHERMOT,30-Jul-2020,9500,CE,0,0,0,5545.85,9777.5,0,0,0,0,06-JUL-2020,
OPTSTK,EICHERMOT,30-Jul-2020,10000,CE,0,0,0,5132.1,9278.9,0,0,0,0,06-JUL-2020,
OPTSTK,EICHERMOT,30-Jul-2020,10500,CE,0,0,0,4736.05,8780.3,0,0,0,0,06-JUL-2020,
OPTSTK,EICHERMOT,30-Jul-2020,11000,CE,0,0,0,4359.4,8281.7,0,0,0,0,06-JUL-2020,
OPTSTK,EICHERMOT,30-Jul-2020,11250,CE,0,0,0,5266.05,8032.4,0,0,0,0,06-JUL-2020,
OPTSTK,EICHERMOT,30-Jul-2020,11500,CE,0,0,0,4001.95,7783.1,0,0,0,0,06-JUL-2020,
OPTSTK,EICHERMOT,30-Jul-2020,11750,CE,0,0,0,4841.85,7533.8,0,0,0,0,06-JUL-2020,
OPTSTK,EICHERMOT,30-Jul-2020,12000,CE,0,0,0,3664.95,7284.5,0,0,0,0,06-JUL-2020,
OPTSTK,EICHERMOT,30-Jul-2020,12250,CE,0,0,0,4435.25,7035.2,0,0,0,0,06-JUL-2020,
OPTSTK,EICHERMOT,30-Jul-2020,12500,CE,0,0,0,3348.7,6785.9,0,0,0,0,06-JUL-2020,
OPTSTK,EICHERMOT,30-Jul-2020,12750,CE,0,0,0,4047.9,6536.6,0,0,0,0,06-JUL-2020,
OPTSTK,EICHERMOT,30-Jul-2020,13000,CE,0,0,0,3052.85,6287.35,0,0,0,0,06-JUL-2020,
OPTSTK,EICHERMOT,30-Jul-2020,13250,CE,0,0,0,3681.4,6038.1,0,0,0,0,06-JUL-2020,
OPTSTK,EICHERMOT,30-Jul-2020,13500,CE,0,0,0,2778.15,5788.95,0,0,0,0,06-JUL-2020,
OPTSTK,EICHERMOT,30-Jul-2020,13750,CE,0,0,0,3335.9,5539.9,0,0,0,0,06-JUL-2020,
OPTSTK,EICHERMOT,30-Jul-2020,14000,CE,0,0,0,4390,5291,0,0,70,0,06-JUL-2020,
OPTSTK,EICHERMOT,30-Jul-2020,14250,CE,0,0,0,3012,5042.35,0,0,0,0,06-JUL-2020,
OPTSTK,EICHERMOT,30-Jul-2020,14500,CE,0,0,0,2288.05,4794.15,0,0,0,0,06-JUL-2020,
OPTSTK,EICHERMOT,30-Jul-2020,14750,CE,0,0,0,2711.4,4546.55,0,0,0,0,06-JUL-2020,
OPTSTK,EICHERMOT,30-Jul-2020,15000,CE,0,0,0,2071.35,4299.9,0,0,0,0,06-JUL-2020,
OPTSTK,EICHERMOT,30-Jul-2020,15250,CE,0,0,0,2433.25,4054.45,0,0,0,0,06-JUL-2020,
OPTSTK,EICHERMOT,30-Jul-2020,15500,CE,0,0,0,2800.45,3810.65,0,0,35,0,06-JUL-2020,
OPTSTK,EICHERMOT,30-Jul-2020,15750,CE,0,0,0,2177.05,3569.15,0,0,0,0,06-JUL-2020,
OPTSTK,EICHERMOT,30-Jul-2020,16000,CE,0,0,0,2311.25,3330.5,0,0,105,0,06-JUL-2020,
OPTSTK,EICHERMOT,30-Jul-2020,16250,CE,0,0,0,1942.35,3095.45,0,0,0,0,06-JUL-2020,
OPTSTK,EICHERMOT,30-Jul-2020,16500,CE,0,0,0,1524,2864.9,0,0,0,0,06-JUL-2020,
OPTSTK,EICHERMOT,30-Jul-2020,16750,CE,0,0,0,1728.35,2639.7,0,0,0,0,06-JUL-2020,
OPTSTK,EICHERMOT,30-Jul-2020,17000,CE,0,0,0,2057.5,2420.8,0,0,525,0,06-JUL-2020,
OPTSTK,EICHERMOT,30-Jul-2020,17250,CE,0,0,0,972.45,2209.1,0,0,35,0,06-JUL-2020,
OPTSTK,EICHERMOT,30-Jul-2020,17500,CE,0,0,0,1300,2005.65,0,0,210,0,06-JUL-2020,
OPTSTK,EICHERMOT,30-Jul-2020,17750,CE,0,0,0,683.65,1811.3,0,0,70,0,06-JUL-2020,
OPTSTK,EICHERMOT,30-Jul-2020,18000,CE,1465.2,1601,1465.2,1560,1626.8,6,41,1820,-35,06-JUL-2020,
OPTSTK,EICHERMOT,30-Jul-2020,18250,CE,1277.45,1277.45,1277.45,1277.45,1452.9,1,6.83,140,-35,06-JUL-2020,
OPTSTK,EICHERMOT,30-Jul-2020,18500,CE,1121,1209,1092.5,1209,1290.15,27,185.77,2135,-280,06-JUL-2020,
OPTSTK,EICHERMOT,30-Jul-2020,18750,CE,0,0,0,1057.9,1138.95,0,0,0,0,06-JUL-2020,
OPTSTK,EICHERMOT,30-Jul-2020,19000,CE,1012.75,1012.75,810.7,876.8,876.8,184,1280.81,3815,-280,06-JUL-2020,
OPTSTK,EICHERMOT,30-Jul-2020,19250,CE,0,0,0,931.65,871.85,0,0,0,0,06-JUL-2020,
OPTSTK,EICHERMOT,30-Jul-2020,19500,CE,735.15,735.15,574.3,631.65,631.65,125,881.52,875,420,06-JUL-2020,
OPTSTK,EICHERMOT,30-Jul-2020,19750,CE,555,600,491.4,535.75,535.75,9,63.89,105,35,06-JUL-2020,
OPTSTK,EICHERMOT,30-Jul-2020,20000,CE,530.55,549.05,406.55,441.1,441.1,375,2684.99,6930,-280,06-JUL-2020,
OPTSTK,EICHERMOT,30-Jul-2020,20250,CE,0,0,0,718.1,475.05,0,0,0,0,06-JUL-2020,
OPTSTK,EICHERMOT,30-Jul-2020,20500,CE,300,340,256.1,278.05,278.05,65,473.32,315,245,06-JUL-2020,
OPTSTK,EICHERMOT,30-Jul-2020,20750,CE,0,0,0,628.3,338.15,0,0,0,0,06-JUL-2020,
OPTSTK,EICHERMOT,30-Jul-2020,21000,CE,249.95,249.95,187,197.85,197.85,166,1231.93,3570,665,06-JUL-2020,
OPTSTK,EICHERMOT,30-Jul-2020,21250,CE,0,0,0,549.3,235.05,0,0,0,0,06-JUL-2020,
OPTSTK,EICHERMOT,30-Jul-2020,21500,CE,150,158.05,118.05,135.85,135.85,48,363.48,2205,280,06-JUL-2020,
OPTSTK,EICHERMOT,30-Jul-2020,22000,CE,98.95,118.95,77.95,86.55,86.55,157,1213.94,1680,1295,06-JUL-2020,
OPTSTK,EICHERMOT,30-Jul-2020,22500,CE,0,0,0,560.45,85.6,0,0,0,0,06-JUL-2020,
OPTSTK,EICHERMOT,30-Jul-2020,9000,PE,0,0,0,153.9,0.05,0,0,0,0,06-JUL-2020,
OPTSTK,EICHERMOT,30-Jul-2020,9500,PE,0,0,0,217.55,0.05,0,0,0,0,06-JUL-2020,
OPTSTK,EICHERMOT,30-Jul-2020,10000,PE,0,0,0,297.4,0.05,0,0,0,0,06-JUL-2020,
OPTSTK,EICHERMOT,30-Jul-2020,10500,PE,0,0,0,395.05,0.05,0,0,0,0,06-JUL-2020,
OPTSTK,EICHERMOT,30-Jul-2020,11000,PE,0,0,0,512,0.05,0,0,0,0,06-JUL-2020,
OPTSTK,EICHERMOT,30-Jul-2020,11250,PE,0,0,0,184.8,0.05,0,0,0,0,06-JUL-2020,
OPTSTK,EICHERMOT,30-Jul-2020,11500,PE,0,0,0,648.25,0.05,0,0,0,0,06-JUL-2020,
OPTSTK,EICHERMOT,30-Jul-2020,11750,PE,0,0,0,256.4,0.05,0,0,0,0,06-JUL-2020,
OPTSTK,EICHERMOT,30-Jul-2020,12000,PE,0,0,0,804.9,0.05,0,0,0,0,06-JUL-2020,
OPTSTK,EICHERMOT,30-Jul-2020,12250,PE,0,0,0,345.6,0.05,0,0,0,0,06-JUL-2020,
OPTSTK,EICHERMOT,30-Jul-2020,12500,PE,0,0,0,982.35,0.05,0,0,0,0,06-JUL-2020,
OPTSTK,EICHERMOT,30-Jul-2020,12750,PE,0,0,0,454,0.05,0,0,0,0,06-JUL-2020,
OPTSTK,EICHERMOT,30-Jul-2020,13000,PE,0,0,0,1180.15,0.05,0,0,0,0,06-JUL-2020,
OPTSTK,EICHERMOT,30-Jul-2020,13250,PE,0,0,0,583.35,0.15,0,0,0,0,06-JUL-2020,
OPTSTK,EICHERMOT,30-Jul-2020,13500,PE,0,0,0,1399.1,0.25,0,0,0,0,06-JUL-2020,
OPTSTK,EICHERMOT,30-Jul-2020,13750,PE,0,0,0,733.6,0.5,0,0,0,0,06-JUL-2020,
OPTSTK,EICHERMOT,30-Jul-2020,14000,PE,0,0,0,1638,0.9,0,0,0,0,06-JUL-2020,
OPTSTK,EICHERMOT,30-Jul-2020,14250,PE,0,0,0,905.45,1.6,0,0,0,0,06-JUL-2020,
OPTSTK,EICHERMOT,30-Jul-2020,14500,PE,0,0,0,1896.35,2.7,0,0,0,0,06-JUL-2020,
OPTSTK,EICHERMOT,30-Jul-2020,14750,PE,0,0,0,1100.7,4.4,0,0,0,0,06-JUL-2020,
OPTSTK,EICHERMOT,30-Jul-2020,15000,PE,35.05,41.45,30,41,7,6,31.57,2205,-35,06-JUL-2020,
OPTSTK,EICHERMOT,30-Jul-2020,15250,PE,0,0,0,1318.3,10.85,0,0,0,0,06-JUL-2020,
OPTSTK,EICHERMOT,30-Jul-2020,15500,PE,0,0,0,65.05,16.4,0,0,70,0,06-JUL-2020,
OPTSTK,EICHERMOT,30-Jul-2020,15750,PE,0,0,0,323,24.2,0,0,35,0,06-JUL-2020,
OPTSTK,EICHERMOT,30-Jul-2020,16000,PE,65,65,51.7,57.05,57.05,49,275.39,3640,525,06-JUL-2020,
OPTSTK,EICHERMOT,30-Jul-2020,16250,PE,0,0,0,1819,49.1,0,0,0,0,06-JUL-2020,
OPTSTK,EICHERMOT,30-Jul-2020,16500,PE,94.95,94.95,75,75,67.85,6,34.82,1295,-105,06-JUL-2020,
OPTSTK,EICHERMOT,30-Jul-2020,16750,PE,0,0,0,290,91.95,0,0,70,0,06-JUL-2020,
OPTSTK,EICHERMOT,30-Jul-2020,17000,PE,105.05,142,105.05,122.25,122.25,76,455.72,5040,-140,06-JUL-2020,
OPTSTK,EICHERMOT,30-Jul-2020,17250,PE,0,0,0,420.45,160,0,0,245,0,06-JUL-2020,
OPTSTK,EICHERMOT,30-Jul-2020,17500,PE,198.25,219,193.5,193.5,205.8,16,99.14,1260,140,06-JUL-2020,
OPTSTK,EICHERMOT,30-Jul-2020,17750,PE,0,0,0,2722.3,260.75,0,0,0,0,06-JUL-2020,
OPTSTK,EICHERMOT,30-Jul-2020,18000,PE,358.25,358.25,260.15,281.45,281.45,448,2870.46,7245,560,06-JUL-2020,
OPTSTK,EICHERMOT,30-Jul-2020,18250,PE,405,405,405,405,401,1,6.52,175,0,06-JUL-2020,
OPTSTK,EICHERMOT,30-Jul-2020,18500,PE,537,537,390,424.9,424.9,134,888.9,2135,-70,06-JUL-2020,
OPTSTK,EICHERMOT,30-Jul-2020,18750,PE,0,0,0,3413.45,585.6,0,0,0,0,06-JUL-2020,
OPTSTK,EICHERMOT,30-Jul-2020,19000,PE,746.55,746.55,560.3,623.9,623.9,134,921.55,1505,1225,06-JUL-2020,
OPTSTK,EICHERMOT,30-Jul-2020,19250,PE,0,0,0,3783.05,817.15,0,0,0,0,06-JUL-2020,
OPTSTK,EICHERMOT,30-Jul-2020,19500,PE,0,0,0,5348.25,950.5,0,0,0,0,06-JUL-2020,
OPTSTK,EICHERMOT,30-Jul-2020,19750,PE,0,0,0,1773.75,1095.35,0,0,70,0,06-JUL-2020,
OPTSTK,EICHERMOT,30-Jul-2020,20000,PE,0,0,0,2100,1251.2,0,0,420,0,06-JUL-2020,
OPTSTK,EICHERMOT,30-Jul-2020,20250,PE,0,0,0,2152.75,1417.55,0,0,70,0,06-JUL-2020,
OPTSTK,EICHERMOT,30-Jul-2020,20500,PE,0,0,0,2355.05,1593.8,0,0,70,0,06-JUL-2020,
OPTSTK,EICHERMOT,30-Jul-2020,20750,PE,0,0,0,4967.05,1779.25,0,0,0,0,06-JUL-2020,
OPTSTK,EICHERMOT,30-Jul-2020,21000,PE,0,0,0,6603.25,1973.15,0,0,0,0,06-JUL-2020,
OPTSTK,EICHERMOT,30-Jul-2020,21250,PE,0,0,0,5383.85,2174.75,0,0,0,0,06-JUL-2020,
OPTSTK,EICHERMOT,30-Jul-2020,21500,PE,0,0,0,7036.3,2383.25,0,0,0,0,06-JUL-2020,
OPTSTK,EICHERMOT,30-Jul-2020,22000,PE,0,0,0,7218.3,2818,0,0,0,0,06-JUL-2020,
OPTSTK,EICHERMOT,30-Jul-2020,22500,PE,0,0,0,6331.85,3271.8,0,0,0,0,06-JUL-2020,
OPTSTK,EICHERMOT,27-Aug-2020,10250,CE,0,0,0,6296.5,9062.9,0,0,0,0,06-JUL-2020,
OPTSTK,EICHERMOT,27-Aug-2020,10500,CE,0,0,0,6081.35,8814.45,0,0,0,0,06-JUL-2020,
OPTSTK,EICHERMOT,27-Aug-2020,10750,CE,0,0,0,5869.85,8565.95,0,0,0,0,06-JUL-2020,
OPTSTK,EICHERMOT,27-Aug-2020,11000,CE,0,0,0,5662.15,8317.55,0,0,0,0,06-JUL-2020,
OPTSTK,EICHERMOT,27-Aug-2020,11250,CE,0,0,0,5458.45,8069.15,0,0,0,0,06-JUL-2020,
OPTSTK,EICHERMOT,27-Aug-2020,11500,CE,0,0,0,5258.85,7820.85,0,0,0,0,06-JUL-2020,
OPTSTK,EICHERMOT,27-Aug-2020,11750,CE,0,0,0,5063.55,7572.6,0,0,0,0,06-JUL-2020,
OPTSTK,EICHERMOT,27-Aug-2020,12000,CE,0,0,0,4872.6,7324.55,0,0,0,0,06-JUL-2020,
OPTSTK,EICHERMOT,27-Aug-2020,12250,CE,0,0,0,4686.65,7076.65,0,0,0,0,06-JUL-2020,
OPTSTK,EICHERMOT,27-Aug-2020,12500,CE,0,0,0,4504.7,6829.1,0,0,0,0,06-JUL-2020,
OPTSTK,EICHERMOT,27-Aug-2020,12750,CE,0,0,0,4327.45,6581.9,0,0,0,0,06-JUL-2020,
OPTSTK,EICHERMOT,27-Aug-2020,13000,CE,0,0,0,4154.9,6335.25,0,0,0,0,06-JUL-2020,
OPTSTK,EICHERMOT,27-Aug-2020,13250,CE,0,0,0,3987.1,6089.3,0,0,0,0,06-JUL-2020,
OPTSTK,EICHERMOT,27-Aug-2020,13500,CE,0,0,0,3824.15,5844.25,0,0,0,0,06-JUL-2020,
OPTSTK,EICHERMOT,27-Aug-2020,13750,CE,0,0,0,3666,5600.35,0,0,0,0,06-JUL-2020,
OPTSTK,EICHERMOT,27-Aug-2020,14000,CE,0,0,0,3512.05,5357.85,0,0,0,0,06-JUL-2020,
OPTSTK,EICHERMOT,27-Aug-2020,14250,CE,0,0,0,3363.7,5117.1,0,0,0,0,06-JUL-2020,
OPTSTK,EICHERMOT,27-Aug-2020,14500,CE,0,0,0,3220.1,4878.4,0,0,0,0,06-JUL-2020,
OPTSTK,EICHERMOT,27-Aug-2020,14750,CE,0,0,0,3081.25,4642.2,0,0,0,0,06-JUL-2020,
OPTSTK,EICHERMOT,27-Aug-2020,15000,CE,0,0,0,2947.1,4408.85,0,0,0,0,06-JUL-2020,
OPTSTK,EICHERMOT,27-Aug-2020,15250,CE,0,0,0,2817.65,4178.85,0,0,0,0,06-JUL-2020,
OPTSTK,EICHERMOT,27-Aug-2020,15500,CE,0,0,0,2692.7,3952.65,0,0,0,0,06-JUL-2020,
OPTSTK,EICHERMOT,27-Aug-2020,15750,CE,0,0,0,2572.35,3730.7,0,0,0,0,06-JUL-2020,
OPTSTK,EICHERMOT,27-Aug-2020,16000,CE,0,0,0,2456.4,3513.55,0,0,0,0,06-JUL-2020,
OPTSTK,EICHERMOT,27-Aug-2020,16250,CE,0,0,0,2344.85,3301.6,0,0,0,0,06-JUL-2020,
OPTSTK,EICHERMOT,27-Aug-2020,16500,CE,0,0,0,2237.55,3095.35,0,0,0,0,06-JUL-2020,
OPTSTK,EICHERMOT,27-Aug-2020,16750,CE,0,0,0,2134.45,2895.25,0,0,0,0,06-JUL-2020,
OPTSTK,EICHERMOT,27-Aug-2020,17000,CE,0,0,0,2035.4,2701.7,0,0,0,0,06-JUL-2020,
OPTSTK,EICHERMOT,27-Aug-2020,17250,CE,0,0,0,1940.35,2515.05,0,0,0,0,06-JUL-2020,
OPTSTK,EICHERMOT,27-Aug-2020,17500,CE,0,0,0,1849.15,2335.65,0,0,0,0,06-JUL-2020,
OPTSTK,EICHERMOT,27-Aug-2020,17750,CE,0,0,0,1761.7,2163.8,0,0,0,0,06-JUL-2020,
OPTSTK,EICHERMOT,27-Aug-2020,18000,CE,0,0,0,1677.9,1999.7,0,0,0,0,06-JUL-2020,
OPTSTK,EICHERMOT,27-Aug-2020,18250,CE,0,0,0,1597.65,1843.5,0,0,0,0,06-JUL-2020,
OPTSTK,EICHERMOT,27-Aug-2020,18500,CE,0,0,0,1520.85,1695.35,0,0,0,0,06-JUL-2020,
OPTSTK,EICHERMOT,27-Aug-2020,18750,CE,0,0,0,1447.35,1555.25,0,0,0,0,06-JUL-2020,
OPTSTK,EICHERMOT,27-Aug-2020,19000,CE,0,0,0,1377.1,1423.3,0,0,0,0,06-JUL-2020,
OPTSTK,EICHERMOT,27-Aug-2020,19250,CE,0,0,0,1309.95,1299.4,0,0,0,0,06-JUL-2020,
OPTSTK,EICHERMOT,27-Aug-2020,19500,CE,0,0,0,1245.75,1183.35,0,0,0,0,06-JUL-2020,
OPTSTK,EICHERMOT,27-Aug-2020,19750,CE,0,0,0,1185.35,1075.15,0,0,0,0,06-JUL-2020,
OPTSTK,EICHERMOT,27-Aug-2020,20000,CE,700,700,700,700,974.5,1,7.24,35,35,06-JUL-2020,
OPTSTK,EICHERMOT,27-Aug-2020,20250,CE,0,0,0,1071.25,881.2,0,0,0,0,06-JUL-2020,
OPTSTK,EICHERMOT,27-Aug-2020,20500,CE,590.65,592.05,590.65,592.05,795,3,22.14,105,105,06-JUL-2020,
OPTSTK,EICHERMOT,27-Aug-2020,20750,CE,0,0,0,967.5,715.6,0,0,0,0,06-JUL-2020,
OPTSTK,EICHERMOT,27-Aug-2020,21000,CE,0,0,0,919.2,642.65,0,0,0,0,06-JUL-2020,
OPTSTK,EICHERMOT,27-Aug-2020,21250,CE,0,0,0,873.2,575.85,0,0,0,0,06-JUL-2020,
OPTSTK,EICHERMOT,27-Aug-2020,21500,CE,0,0,0,829.35,514.9,0,0,0,0,06-JUL-2020,
OPTSTK,EICHERMOT,27-Aug-2020,22000,CE,0,0,0,747.9,409,0,0,0,0,06-JUL-2020,
OPTSTK,EICHERMOT,27-Aug-2020,22500,CE,0,0,0,924.7,322.2,0,0,0,0,06-JUL-2020,
OPTSTK,EICHERMOT,27-Aug-2020,10250,PE,0,0,0,185.55,0.05,0,0,0,0,06-JUL-2020,
OPTSTK,EICHERMOT,27-Aug-2020,10500,PE,0,0,0,217.35,0.05,0,0,0,0,06-JUL-2020,
OPTSTK,EICHERMOT,27-Aug-2020,10750,PE,0,0,0,252.8,0.1,0,0,0,0,06-JUL-2020,
OPTSTK,EICHERMOT,27-Aug-2020,11000,PE,0,0,0,292.1,0.15,0,0,0,0,06-JUL-2020,
OPTSTK,EICHERMOT,27-Aug-2020,11250,PE,0,0,0,335.35,0.25,0,0,0,0,06-JUL-2020,
OPTSTK,EICHERMOT,27-Aug-2020,11500,PE,0,0,0,382.7,0.4,0,0,0,0,06-JUL-2020,
OPTSTK,EICHERMOT,27-Aug-2020,11750,PE,0,0,0,434.35,0.7,0,0,0,0,06-JUL-2020,
OPTSTK,EICHERMOT,27-Aug-2020,12000,PE,0,0,0,490.4,1.1,0,0,0,0,06-JUL-2020,
OPTSTK,EICHERMOT,27-Aug-2020,12250,PE,0,0,0,551.4,1.75,0,0,0,0,06-JUL-2020,
OPTSTK,EICHERMOT,27-Aug-2020,12500,PE,0,0,0,616.45,2.65,0,0,0,0,06-JUL-2020,
OPTSTK,EICHERMOT,27-Aug-2020,12750,PE,0,0,0,686.15,3.95,0,0,0,0,06-JUL-2020,
OPTSTK,EICHERMOT,27-Aug-2020,13000,PE,0,0,0,760.55,5.8,0,0,0,0,06-JUL-2020,
OPTSTK,EICHERMOT,27-Aug-2020,13250,PE,0,0,0,839.7,8.35,0,0,0,0,06-JUL-2020,
OPTSTK,EICHERMOT,27-Aug-2020,13500,PE,0,0,0,923.7,11.8,0,0,0,0,06-JUL-2020,
OPTSTK,EICHERMOT,27-Aug-2020,13750,PE,0,0,0,1012.55,16.35,0,0,0,0,06-JUL-2020,
OPTSTK,EICHERMOT,27-Aug-2020,14000,PE,0,0,0,1105.6,22.35,0,0,0,0,06-JUL-2020,
OPTSTK,EICHERMOT,27-Aug-2020,14250,PE,0,0,0,1204.15,30.05,0,0,0,0,06-JUL-2020,
OPTSTK,EICHERMOT,27-Aug-2020,14500,PE,0,0,0,1307.55,39.85,0,0,0,0,06-JUL-2020,
OPTSTK,EICHERMOT,27-Aug-2020,14750,PE,0,0,0,1415.65,52.15,0,0,0,0,06-JUL-2020,
OPTSTK,EICHERMOT,27-Aug-2020,15000,PE,0,0,0,1528.5,67.3,0,0,0,0,06-JUL-2020,
OPTSTK,EICHERMOT,27-Aug-2020,15250,PE,0,0,0,1645.95,85.8,0,0,0,0,06-JUL-2020,
OPTSTK,EICHERMOT,27-Aug-2020,15500,PE,0,0,0,1768,108.1,0,0,0,0,06-JUL-2020,
OPTSTK,EICHERMOT,27-Aug-2020,15750,PE,0,0,0,1894.6,134.65,0,0,0,0,06-JUL-2020,
OPTSTK,EICHERMOT,27-Aug-2020,16000,PE,0,0,0,2025.65,165.95,0,0,0,0,06-JUL-2020,
OPTSTK,EICHERMOT,27-Aug-2020,16250,PE,0,0,0,2161.05,202.5,0,0,0,0,06-JUL-2020,
OPTSTK,EICHERMOT,27-Aug-2020,16500,PE,0,0,0,2300.7,244.75,0,0,0,0,06-JUL-2020,
OPTSTK,EICHERMOT,27-Aug-2020,16750,PE,0,0,0,2444.55,293.15,0,0,0,0,06-JUL-2020,
OPTSTK,EICHERMOT,27-Aug-2020,17000,PE,0,0,0,2592.5,348.1,0,0,0,0,06-JUL-2020,
OPTSTK,EICHERMOT,27-Aug-2020,17250,PE,0,0,0,2744.4,409.95,0,0,0,0,06-JUL-2020,
OPTSTK,EICHERMOT,27-Aug-2020,17500,PE,0,0,0,2900.15,479,0,0,0,0,06-JUL-2020,
OPTSTK,EICHERMOT,27-Aug-2020,17750,PE,0,0,0,3059.65,555.65,0,0,0,0,06-JUL-2020,
OPTSTK,EICHERMOT,27-Aug-2020,18000,PE,0,0,0,3222.85,640,0,0,0,0,06-JUL-2020,
OPTSTK,EICHERMOT,27-Aug-2020,18250,PE,0,0,0,3389.55,732.3,0,0,0,0,06-JUL-2020,
OPTSTK,EICHERMOT,27-Aug-2020,18500,PE,0,0,0,3559.7,832.65,0,0,0,0,06-JUL-2020,
OPTSTK,EICHERMOT,27-Aug-2020,18750,PE,0,0,0,3733.2,941.1,0,0,0,0,06-JUL-2020,
OPTSTK,EICHERMOT,27-Aug-2020,19000,PE,0,0,0,3909.9,1057.6,0,0,0,0,06-JUL-2020,
OPTSTK,EICHERMOT,27-Aug-2020,19250,PE,0,0,0,4089.7,1182.15,0,0,0,0,06-JUL-2020,
OPTSTK,EICHERMOT,27-Aug-2020,19500,PE,0,0,0,4272.5,1314.65,0,0,0,0,06-JUL-2020,
OPTSTK,EICHERMOT,27-Aug-2020,19750,PE,0,0,0,4459.05,1454.95,0,0,0,0,06-JUL-2020,
OPTSTK,EICHERMOT,27-Aug-2020,20000,PE,0,0,0,4647.65,1602.75,0,0,0,0,06-JUL-2020,
OPTSTK,EICHERMOT,27-Aug-2020,20250,PE,0,0,0,4838.9,1757.95,0,0,0,0,06-JUL-2020,
OPTSTK,EICHERMOT,27-Aug-2020,20500,PE,0,0,0,5032.7,1920.25,0,0,0,0,06-JUL-2020,
OPTSTK,EICHERMOT,27-Aug-2020,20750,PE,0,0,0,5229.05,2089.35,0,0,0,0,06-JUL-2020,
OPTSTK,EICHERMOT,27-Aug-2020,21000,PE,0,0,0,5427.7,2264.9,0,0,0,0,06-JUL-2020,
OPTSTK,EICHERMOT,27-Aug-2020,21250,PE,0,0,0,5628.65,2446.6,0,0,0,0,06-JUL-2020,
OPTSTK,EICHERMOT,27-Aug-2020,21500,PE,0,0,0,5831.8,2634.1,0,0,0,0,06-JUL-2020,
OPTSTK,EICHERMOT,27-Aug-2020,22000,PE,0,0,0,6244.3,3025.2,0,0,0,0,06-JUL-2020,
OPTSTK,EICHERMOT,27-Aug-2020,22500,PE,0,0,0,6612.55,3435.35,0,0,0,0,06-JUL-2020,
OPTSTK,EICHERMOT,24-Sep-2020,11000,CE,0,0,0,7277.15,8355,0,0,0,0,06-JUL-2020,
OPTSTK,EICHERMOT,24-Sep-2020,11500,CE,0,0,0,6812.2,7861.85,0,0,0,0,06-JUL-2020,
OPTSTK,EICHERMOT,24-Sep-2020,12000,CE,0,0,0,6357.2,7370.6,0,0,0,0,06-JUL-2020,
OPTSTK,EICHERMOT,24-Sep-2020,12500,CE,0,0,0,5914,6882.25,0,0,0,0,06-JUL-2020,
OPTSTK,EICHERMOT,24-Sep-2020,13000,CE,0,0,0,5484.25,6398.4,0,0,0,0,06-JUL-2020,
OPTSTK,EICHERMOT,24-Sep-2020,13500,CE,0,0,0,5069.7,5920.8,0,0,0,0,06-JUL-2020,
OPTSTK,EICHERMOT,24-Sep-2020,14000,CE,0,0,0,4671.8,5451.6,0,0,0,0,06-JUL-2020,
OPTSTK,EICHERMOT,24-Sep-2020,14500,CE,0,0,0,4291.75,4993.35,0,0,0,0,06-JUL-2020,
OPTSTK,EICHERMOT,24-Sep-2020,15000,CE,0,0,0,3931,4548.65,0,0,0,0,06-JUL-2020,
OPTSTK,EICHERMOT,24-Sep-2020,15500,CE,0,0,0,3589.35,4120.1,0,0,0,0,06-JUL-2020,
OPTSTK,EICHERMOT,24-Sep-2020,16000,CE,0,0,0,3267.35,3710.3,0,0,0,0,06-JUL-2020,
OPTSTK,EICHERMOT,24-Sep-2020,16500,CE,0,0,0,2966.75,3321.65,0,0,0,0,06-JUL-2020,
OPTSTK,EICHERMOT,24-Sep-2020,17000,CE,0,0,0,2686.55,2956,0,0,0,0,06-JUL-2020,
OPTSTK,EICHERMOT,24-Sep-2020,17500,CE,0,0,0,2426.55,2615,0,0,0,0,06-JUL-2020,
OPTSTK,EICHERMOT,24-Sep-2020,18000,CE,0,0,0,2186.2,2299.65,0,0,0,0,06-JUL-2020,
OPTSTK,EICHERMOT,24-Sep-2020,18500,CE,0,0,0,1965.1,2010.5,0,0,0,0,06-JUL-2020,
OPTSTK,EICHERMOT,24-Sep-2020,19000,CE,0,0,0,1762.35,1747.6,0,0,0,0,06-JUL-2020,
OPTSTK,EICHERMOT,24-Sep-2020,19500,CE,0,0,0,1577.15,1510.55,0,0,0,0,06-JUL-2020,
OPTSTK,EICHERMOT,24-Sep-2020,20000,CE,0,0,0,1408.55,1298.5,0,0,0,0,06-JUL-2020,
OPTSTK,EICHERMOT,24-Sep-2020,20500,CE,0,0,0,1255.55,1110.25,0,0,0,0,06-JUL-2020,
OPTSTK,EICHERMOT,24-Sep-2020,21000,CE,0,0,0,1117.1,944.45,0,0,0,0,06-JUL-2020,
OPTSTK,EICHERMOT,24-Sep-2020,21500,CE,0,0,0,993.25,799.35,0,0,0,0,06-JUL-2020,
OPTSTK,EICHERMOT,24-Sep-2020,22000,CE,0,0,0,881.2,673.35,0,0,0,0,06-JUL-2020,
OPTSTK,EICHERMOT,24-Sep-2020,22500,CE,0,0,0,780.65,564.6,0,0,0,0,06-JUL-2020,
OPTSTK,EICHERMOT,24-Sep-2020,11000,PE,0,0,0,58.85,2,0,0,0,0,06-JUL-2020,
OPTSTK,EICHERMOT,24-Sep-2020,11500,PE,0,0,0,88.1,4.2,0,0,0,0,06-JUL-2020,
OPTSTK,EICHERMOT,24-Sep-2020,12000,PE,0,0,0,127.3,8.3,0,0,0,0,06-JUL-2020,
OPTSTK,EICHERMOT,24-Sep-2020,12500,PE,0,0,0,178.3,15.35,0,0,0,0,06-JUL-2020,
OPTSTK,EICHERMOT,24-Sep-2020,13000,PE,0,0,0,242.75,26.85,0,0,0,0,06-JUL-2020,
OPTSTK,EICHERMOT,24-Sep-2020,13500,PE,0,0,0,322.4,44.6,0,0,0,0,06-JUL-2020,
OPTSTK,EICHERMOT,24-Sep-2020,14000,PE,0,0,0,418.7,70.8,0,0,0,0,06-JUL-2020,
OPTSTK,EICHERMOT,24-Sep-2020,14500,PE,0,0,0,532.85,107.9,0,0,0,0,06-JUL-2020,
OPTSTK,EICHERMOT,24-Sep-2020,15000,PE,0,0,0,666.3,158.55,0,0,0,0,06-JUL-2020,
OPTSTK,EICHERMOT,24-Sep-2020,15500,PE,0,0,0,818.85,225.4,0,0,0,0,06-JUL-2020,
OPTSTK,EICHERMOT,24-Sep-2020,16000,PE,0,0,0,991.05,310.95,0,0,0,0,06-JUL-2020,
OPTSTK,EICHERMOT,24-Sep-2020,16500,PE,0,0,0,1184.65,417.65,0,0,0,0,06-JUL-2020,
OPTSTK,EICHERMOT,24-Sep-2020,17000,PE,0,0,0,1398.65,547.4,0,0,0,0,06-JUL-2020,
OPTSTK,EICHERMOT,24-Sep-2020,17500,PE,0,0,0,1632.85,701.75,0,0,0,0,06-JUL-2020,
OPTSTK,EICHERMOT,24-Sep-2020,18000,PE,0,0,0,1886.7,881.75,0,0,0,0,06-JUL-2020,
OPTSTK,EICHERMOT,24-Sep-2020,18500,PE,0,0,0,2159.8,1088,0,0,0,0,06-JUL-2020,
OPTSTK,EICHERMOT,24-Sep-2020,19000,PE,0,0,0,2451.25,1320.45,0,0,0,0,06-JUL-2020,
OPTSTK,EICHERMOT,24-Sep-2020,19500,PE,0,0,0,2760.25,1578.75,0,0,0,0,06-JUL-2020,
OPTSTK,EICHERMOT,24-Sep-2020,20000,PE,0,0,0,3085.85,1862.05,0,0,0,0,06-JUL-2020,
OPTSTK,EICHERMOT,24-Sep-2020,20500,PE,0,0,0,3427.05,2169.2,0,0,0,0,06-JUL-2020,
OPTSTK,EICHERMOT,24-Sep-2020,21000,PE,0,0,0,3782.8,2498.7,0,0,0,0,06-JUL-2020,
OPTSTK,EICHERMOT,24-Sep-2020,21500,PE,0,0,0,4153.15,2849,0,0,0,0,06-JUL-2020,
OPTSTK,EICHERMOT,24-Sep-2020,22000,PE,0,0,0,4535.3,3218.35,0,0,0,0,06-JUL-2020,
OPTSTK,EICHERMOT,24-Sep-2020,22500,PE,0,0,0,4928.95,3604.95,0,0,0,0,06-JUL-2020,
OPTSTK,EQUITAS,30-Jul-2020,17.5,CE,0,0,0,35.15,35.95,0,0,0,0,06-JUL-2020,
OPTSTK,EQUITAS,30-Jul-2020,20,CE,0,0,0,33.15,33.45,0,0,0,0,06-JUL-2020,
OPTSTK,EQUITAS,30-Jul-2020,22.5,CE,0,0,0,31.3,30.95,0,0,0,0,06-JUL-2020,
OPTSTK,EQUITAS,30-Jul-2020,25,CE,0,0,0,29.5,28.45,0,0,0,0,06-JUL-2020,
OPTSTK,EQUITAS,30-Jul-2020,27.5,CE,0,0,0,27.85,26,0,0,0,0,06-JUL-2020,
OPTSTK,EQUITAS,30-Jul-2020,30,CE,0,0,0,26.3,23.5,0,0,0,0,06-JUL-2020,
OPTSTK,EQUITAS,30-Jul-2020,32,CE,0,0,0,14.1,21.5,0,0,0,0,06-JUL-2020,
OPTSTK,EQUITAS,30-Jul-2020,32.5,CE,0,0,0,24.8,21,0,0,0,0,06-JUL-2020,
OPTSTK,EQUITAS,30-Jul-2020,33,CE,0,0,0,13.5,20.5,0,0,0,0,06-JUL-2020,
OPTSTK,EQUITAS,30-Jul-2020,34,CE,0,0,0,12.9,19.5,0,0,0,0,06-JUL-2020,
OPTSTK,EQUITAS,30-Jul-2020,35,CE,0,0,0,23.45,18.5,0,0,0,0,06-JUL-2020,
OPTSTK,EQUITAS,30-Jul-2020,36,CE,0,0,0,11.75,17.55,0,0,0,0,06-JUL-2020,
OPTSTK,EQUITAS,30-Jul-2020,37,CE,0,0,0,11.2,16.55,0,0,0,0,06-JUL-2020,
OPTSTK,EQUITAS,30-Jul-2020,37.5,CE,0,0,0,22.15,16.1,0,0,0,0,06-JUL-2020,
OPTSTK,EQUITAS,30-Jul-2020,38,CE,0,0,0,10.7,15.6,0,0,0,0,06-JUL-2020,
OPTSTK,EQUITAS,30-Jul-2020,39,CE,0,0,0,10.25,14.65,0,0,0,0,06-JUL-2020,
OPTSTK,EQUITAS,30-Jul-2020,40,CE,0,0,0,11.5,13.7,0,0,0,0,06-JUL-2020,
OPTSTK,EQUITAS,30-Jul-2020,41,CE,0,0,0,9.3,12.8,0,0,0,0,06-JUL-2020,
OPTSTK,EQUITAS,30-Jul-2020,42,CE,0,0,0,8.9,11.9,0,0,0,0,06-JUL-2020,
OPTSTK,EQUITAS,30-Jul-2020,42.5,CE,0,0,0,19.8,11.45,0,0,0,0,06-JUL-2020,
OPTSTK,EQUITAS,30-Jul-2020,43,CE,0,0,0,8.5,11,0,0,0,0,06-JUL-2020,
OPTSTK,EQUITAS,30-Jul-2020,44,CE,0,0,0,8.1,10.15,0,0,0,0,06-JUL-2020,
OPTSTK,EQUITAS,30-Jul-2020,45,CE,9.3,9.3,9.3,9.3,9.35,1,4.12,22800,0,06-JUL-2020,
OPTSTK,EQUITAS,30-Jul-2020,46,CE,0,0,0,7.35,8.55,0,0,0,0,06-JUL-2020,
OPTSTK,EQUITAS,30-Jul-2020,47,CE,0,0,0,9.8,7.8,0,0,0,0,06-JUL-2020,
OPTSTK,EQUITAS,30-Jul-2020,47.5,CE,0,0,0,4.8,7.45,0,0,15200,0,06-JUL-2020,
OPTSTK,EQUITAS,30-Jul-2020,48,CE,0,0,0,6.7,7.1,0,0,0,0,06-JUL-2020,
OPTSTK,EQUITAS,30-Jul-2020,49,CE,0,0,0,6.4,6.45,0,0,0,0,06-JUL-2020,
OPTSTK,EQUITAS,30-Jul-2020,50,CE,6.6,6.6,5,5.6,5.6,93,393.51,676400,-38000,06-JUL-2020,
OPTSTK,EQUITAS,30-Jul-2020,51,CE,0,0,0,5.7,5.2,0,0,15200,0,06-JUL-2020,
OPTSTK,EQUITAS,30-Jul-2020,52,CE,4.35,4.35,4.35,4.35,4.65,1,4.28,106400,0,06-JUL-2020,
OPTSTK,EQUITAS,30-Jul-2020,52.5,CE,0,0,0,5,4.4,0,0,45600,0,06-JUL-2020,
OPTSTK,EQUITAS,30-Jul-2020,53,CE,4.15,4.15,4,4.1,4.1,2,8.67,83600,7600,06-JUL-2020,
OPTSTK,EQUITAS,30-Jul-2020,54,CE,3.5,4,3.4,3.45,3.7,14,61.3,106400,0,06-JUL-2020,
OPTSTK,EQUITAS,30-Jul-2020,55,CE,3.5,3.8,2.9,3.1,3.1,292,1290.79,1535200,-38000,06-JUL-2020,
OPTSTK,EQUITAS,30-Jul-2020,56,CE,2.9,2.9,2.65,2.8,2.8,16,71.46,220400,-7600,06-JUL-2020,
OPTSTK,EQUITAS,30-Jul-2020,57,CE,2.7,2.7,2.3,2.45,2.45,18,81.35,76000,7600,06-JUL-2020,
OPTSTK,EQUITAS,30-Jul-2020,57.5,CE,2.5,2.5,2.1,2.35,2.35,14,63.58,273600,-30400,06-JUL-2020,
OPTSTK,EQUITAS,30-Jul-2020,58,CE,2.45,2.6,2,2,2.2,3,13.75,106400,15200,06-JUL-2020,
OPTSTK,EQUITAS,30-Jul-2020,59,CE,0,0,0,3.95,1.95,0,0,0,0,06-JUL-2020,
OPTSTK,EQUITAS,30-Jul-2020,60,CE,2,2.1,1.5,1.65,1.65,214,1004.35,1862000,53200,06-JUL-2020,
OPTSTK,EQUITAS,30-Jul-2020,61,CE,0,0,0,1.05,1.45,0,0,15200,0,06-JUL-2020,
OPTSTK,EQUITAS,30-Jul-2020,62,CE,1.45,1.45,1.45,1.45,1.25,1,4.82,7600,0,06-JUL-2020,
OPTSTK,EQUITAS,30-Jul-2020,62.5,CE,1.35,1.35,1,1,1.15,5,24.2,91200,-7600,06-JUL-2020,
OPTSTK,EQUITAS,30-Jul-2020,63,CE,0,0,0,3.3,1.1,0,0,0,0,06-JUL-2020,
OPTSTK,EQUITAS,30-Jul-2020,64,CE,0,0,0,3.3,0.95,0,0,0,0,06-JUL-2020,
OPTSTK,EQUITAS,30-Jul-2020,65,CE,1,1.05,0.75,0.85,0.85,76,380.42,1003200,30400,06-JUL-2020,
OPTSTK,EQUITAS,30-Jul-2020,66,CE,0,0,0,3,0.7,0,0,0,0,06-JUL-2020,
OPTSTK,EQUITAS,30-Jul-2020,67,CE,0,0,0,1.75,0.6,0,0,0,0,06-JUL-2020,
OPTSTK,EQUITAS,30-Jul-2020,67.5,CE,0,0,0,0.3,0.55,0,0,15200,0,06-JUL-2020,
OPTSTK,EQUITAS,30-Jul-2020,68,CE,0,0,0,1.65,0.5,0,0,0,0,06-JUL-2020,
OPTSTK,EQUITAS,30-Jul-2020,69,CE,0,0,0,1.6,0.4,0,0,0,0,06-JUL-2020,
OPTSTK,EQUITAS,30-Jul-2020,70,CE,0.45,0.5,0.4,0.5,0.5,35,187.45,501600,60800,06-JUL-2020,
OPTSTK,EQUITAS,30-Jul-2020,71,CE,0,0,0,1.4,0.3,0,0,0,0,06-JUL-2020,
OPTSTK,EQUITAS,30-Jul-2020,72,CE,0,0,0,1.15,0.25,0,0,0,0,06-JUL-2020,
OPTSTK,EQUITAS,30-Jul-2020,72.5,CE,0,0,0,0.25,0.25,0,0,38000,0,06-JUL-2020,
OPTSTK,EQUITAS,30-Jul-2020,73,CE,0,0,0,1.05,0.2,0,0,0,0,06-JUL-2020,
OPTSTK,EQUITAS,30-Jul-2020,75,CE,0.25,0.3,0.25,0.25,0.25,94,537.82,684000,-197600,06-JUL-2020,
OPTSTK,EQUITAS,30-Jul-2020,77.5,CE,0.25,0.25,0.25,0.25,0.1,1,5.9,60800,7600,06-JUL-2020,
OPTSTK,EQUITAS,30-Jul-2020,17.5,PE,0,0,0,0.05,0.05,0,0,15200,0,06-JUL-2020,
OPTSTK,EQUITAS,30-Jul-2020,20,PE,0,0,0,0.05,0.05,0,0,7600,0,06-JUL-2020,
OPTSTK,EQUITAS,30-Jul-2020,22.5,PE,0,0,0,2,0.05,0,0,0,0,06-JUL-2020,
OPTSTK,EQUITAS,30-Jul-2020,25,PE,0,0,0,2.7,0.05,0,0,0,0,06-JUL-2020,
OPTSTK,EQUITAS,30-Jul-2020,27.5,PE,0,0,0,3.5,0.05,0,0,0,0,06-JUL-2020,
OPTSTK,EQUITAS,30-Jul-2020,30,PE,0,0,0,0.2,0.05,0,0,7600,0,06-JUL-2020,
OPTSTK,EQUITAS,30-Jul-2020,32,PE,0,0,0,3.1,0.05,0,0,0,0,06-JUL-2020,
OPTSTK,EQUITAS,30-Jul-2020,32.5,PE,0,0,0,5.4,0.05,0,0,0,0,06-JUL-2020,
OPTSTK,EQUITAS,30-Jul-2020,33,PE,0,0,0,3.45,0.05,0,0,0,0,06-JUL-2020,
OPTSTK,EQUITAS,30-Jul-2020,34,PE,0,0,0,3.85,0.05,0,0,0,0,06-JUL-2020,
OPTSTK,EQUITAS,30-Jul-2020,35,PE,0,0,0,0.2,0.05,0,0,22800,0,06-JUL-2020,
OPTSTK,EQUITAS,30-Jul-2020,36,PE,0,0,0,4.7,0.05,0,0,0,0,06-JUL-2020,
OPTSTK,EQUITAS,30-Jul-2020,37,PE,0,0,0,5.15,0.05,0,0,0,0,06-JUL-2020,
OPTSTK,EQUITAS,30-Jul-2020,37.5,PE,0,0,0,7.7,0.1,0,0,0,0,06-JUL-2020,
OPTSTK,EQUITAS,30-Jul-2020,38,PE,0,0,0,1.4,0.1,0,0,7600,0,06-JUL-2020,
OPTSTK,EQUITAS,30-Jul-2020,39,PE,0,0,0,0.3,0.15,0,0,98800,0,06-JUL-2020,
OPTSTK,EQUITAS,30-Jul-2020,40,PE,0,0,0,0.35,0.2,0,0,380000,0,06-JUL-2020,
OPTSTK,EQUITAS,30-Jul-2020,41,PE,0,0,0,7.2,0.3,0,0,0,0,06-JUL-2020,
OPTSTK,EQUITAS,30-Jul-2020,42,PE,0,0,0,0.45,0.35,0,0,45600,0,06-JUL-2020,
OPTSTK,EQUITAS,30-Jul-2020,42.5,PE,0.6,0.6,0.6,0.6,0.45,1,3.27,45600,0,06-JUL-2020,
OPTSTK,EQUITAS,30-Jul-2020,43,PE,0,0,0,1.5,0.5,0,0,7600,0,06-JUL-2020,
OPTSTK,EQUITAS,30-Jul-2020,44,PE,0,0,0,1.35,0.65,0,0,98800,0,06-JUL-2020,
OPTSTK,EQUITAS,30-Jul-2020,45,PE,0.9,1.05,0.85,0.9,0.9,20,69.85,319200,-7600,06-JUL-2020,
OPTSTK,EQUITAS,30-Jul-2020,46,PE,1.2,1.2,1.2,1.2,1.05,1,3.58,15200,-7600,06-JUL-2020,
OPTSTK,EQUITAS,30-Jul-2020,47,PE,1.5,1.5,1.35,1.35,1.3,14,51.5,129200,76000,06-JUL-2020,
OPTSTK,EQUITAS,30-Jul-2020,47.5,PE,1.7,1.7,1.7,1.7,1.4,1,3.73,30400,0,06-JUL-2020,
OPTSTK,EQUITAS,30-Jul-2020,48,PE,1.85,1.85,1.8,1.85,1.55,4,15.14,60800,0,06-JUL-2020,
OPTSTK,EQUITAS,30-Jul-2020,49,PE,2.2,2.25,2.1,2.1,1.9,5,19.45,60800,38000,06-JUL-2020,
OPTSTK,EQUITAS,30-Jul-2020,50,PE,2.35,2.65,2.1,2.3,2.3,135,537.54,539600,0,06-JUL-2020,
OPTSTK,EQUITAS,30-Jul-2020,51,PE,2.8,3,2.65,2.65,2.65,8,32.72,76000,22800,06-JUL-2020,
OPTSTK,EQUITAS,30-Jul-2020,52,PE,3.25,3.25,3.25,3.25,3.1,1,4.19,38000,7600,06-JUL-2020,
OPTSTK,EQUITAS,30-Jul-2020,52.5,PE,3.75,3.75,3.3,3.3,3.35,6,25.58,76000,22800,06-JUL-2020,
OPTSTK,EQUITAS,30-Jul-2020,53,PE,3.85,3.85,3.45,3.55,3.55,5,21.52,68400,7600,06-JUL-2020,
OPTSTK,EQUITAS,30-Jul-2020,54,PE,4.2,4.2,4.2,4.2,4.15,1,4.42,83600,0,06-JUL-2020,
OPTSTK,EQUITAS,30-Jul-2020,55,PE,4.6,5.25,4.6,4.8,4.7,14,63.8,600400,53200,06-JUL-2020,
OPTSTK,EQUITAS,30-Jul-2020,56,PE,0,0,0,6.85,5.35,0,0,68400,0,06-JUL-2020,
OPTSTK,EQUITAS,30-Jul-2020,57,PE,0,0,0,8,6,0,0,38000,0,06-JUL-2020,
OPTSTK,EQUITAS,30-Jul-2020,57.5,PE,0,0,0,8.7,6.3,0,0,68400,0,06-JUL-2020,
OPTSTK,EQUITAS,30-Jul-2020,58,PE,0,0,0,9.05,6.65,0,0,15200,0,06-JUL-2020,
OPTSTK,EQUITAS,30-Jul-2020,59,PE,0,0,0,19.7,7.35,0,0,0,0,06-JUL-2020,
OPTSTK,EQUITAS,30-Jul-2020,60,PE,0,0,0,8.2,8.1,0,0,15200,0,06-JUL-2020,
OPTSTK,EQUITAS,30-Jul-2020,61,PE,0,0,0,21.35,8.9,0,0,0,0,06-JUL-2020,
OPTSTK,EQUITAS,30-Jul-2020,62,PE,0,0,0,22.15,9.7,0,0,0,0,06-JUL-2020,
OPTSTK,EQUITAS,30-Jul-2020,62.5,PE,0,0,0,23.2,10.1,0,0,0,0,06-JUL-2020,
OPTSTK,EQUITAS,30-Jul-2020,63,PE,0,0,0,23,10.5,0,0,0,0,06-JUL-2020,
OPTSTK,EQUITAS,30-Jul-2020,64,PE,0,0,0,21.2,11.35,0,0,0,0,06-JUL-2020,
OPTSTK,EQUITAS,30-Jul-2020,65,PE,0,0,0,19.25,12.2,0,0,7600,0,06-JUL-2020,
OPTSTK,EQUITAS,30-Jul-2020,66,PE,0,0,0,22.9,13.1,0,0,0,0,06-JUL-2020,
OPTSTK,EQUITAS,30-Jul-2020,67,PE,0,0,0,20.25,14,0,0,0,0,06-JUL-2020,
OPTSTK,EQUITAS,30-Jul-2020,67.5,PE,0,0,0,26.9,14.45,0,0,0,0,06-JUL-2020,
OPTSTK,EQUITAS,30-Jul-2020,68,PE,0,0,0,21.1,14.9,0,0,0,0,06-JUL-2020,
OPTSTK,EQUITAS,30-Jul-2020,69,PE,0,0,0,21.5,15.85,0,0,0,0,06-JUL-2020,
OPTSTK,EQUITAS,30-Jul-2020,70,PE,0,0,0,28.85,16.75,0,0,0,0,06-JUL-2020,
OPTSTK,EQUITAS,30-Jul-2020,71,PE,0,0,0,21.45,17.7,0,0,0,0,06-JUL-2020,
OPTSTK,EQUITAS,30-Jul-2020,72,PE,0,0,0,20.05,18.65,0,0,0,0,06-JUL-2020,
OPTSTK,EQUITAS,30-Jul-2020,72.5,PE,0,0,0,30.75,19.15,0,0,0,0,06-JUL-2020,
OPTSTK,EQUITAS,30-Jul-2020,73,PE,0,0,0,20.95,19.6,0,0,0,0,06-JUL-2020,
OPTSTK,EQUITAS,30-Jul-2020,75,PE,0,0,0,22.05,21.55,0,0,7600,0,06-JUL-2020,
OPTSTK,EQUITAS,30-Jul-2020,77.5,PE,0,0,0,34.75,24,0,0,0,0,06-JUL-2020,
OPTSTK,EQUITAS,27-Aug-2020,23,CE,0,0,0,21.4,30.55,0,0,0,0,06-JUL-2020,
OPTSTK,EQUITAS,27-Aug-2020,24,CE,0,0,0,20.65,29.55,0,0,0,0,06-JUL-2020,
OPTSTK,EQUITAS,27-Aug-2020,25,CE,0,0,0,19.9,28.55,0,0,0,0,06-JUL-2020,
OPTSTK,EQUITAS,27-Aug-2020,26,CE,0,0,0,19.2,27.55,0,0,0,0,06-JUL-2020,
OPTSTK,EQUITAS,27-Aug-2020,27,CE,0,0,0,18.5,26.6,0,0,0,0,06-JUL-2020,
OPTSTK,EQUITAS,27-Aug-2020,28,CE,0,0,0,17.85,25.6,0,0,0,0,06-JUL-2020,
OPTSTK,EQUITAS,27-Aug-2020,29,CE,0,0,0,17.2,24.6,0,0,0,0,06-JUL-2020,
OPTSTK,EQUITAS,27-Aug-2020,30,CE,0,0,0,16.6,23.65,0,0,0,0,06-JUL-2020,
OPTSTK,EQUITAS,27-Aug-2020,31,CE,0,0,0,16,22.65,0,0,0,0,06-JUL-2020,
OPTSTK,EQUITAS,27-Aug-2020,32,CE,0,0,0,15.4,21.7,0,0,0,0,06-JUL-2020,
OPTSTK,EQUITAS,27-Aug-2020,33,CE,0,0,0,14.85,20.75,0,0,0,0,06-JUL-2020,
OPTSTK,EQUITAS,27-Aug-2020,34,CE,0,0,0,14.3,19.8,0,0,0,0,06-JUL-2020,
OPTSTK,EQUITAS,27-Aug-2020,35,CE,0,0,0,13.75,18.9,0,0,0,0,06-JUL-2020,
OPTSTK,EQUITAS,27-Aug-2020,36,CE,0,0,0,13.25,17.95,0,0,0,0,06-JUL-2020,
OPTSTK,EQUITAS,27-Aug-2020,37,CE,0,0,0,12.75,17.1,0,0,0,0,06-JUL-2020,
OPTSTK,EQUITAS,27-Aug-2020,38,CE,0,0,0,12.3,16.2,0,0,0,0,06-JUL-2020,
OPTSTK,EQUITAS,27-Aug-2020,39,CE,0,0,0,11.85,15.35,0,0,0,0,06-JUL-2020,
OPTSTK,EQUITAS,27-Aug-2020,40,CE,0,0,0,11.4,14.5,0,0,0,0,06-JUL-2020,
OPTSTK,EQUITAS,27-Aug-2020,41,CE,0,0,0,11,13.7,0,0,0,0,06-JUL-2020,
OPTSTK,EQUITAS,27-Aug-2020,42,CE,0,0,0,10.6,12.9,0,0,0,0,06-JUL-2020,
OPTSTK,EQUITAS,27-Aug-2020,43,CE,0,0,0,10.2,12.15,0,0,0,0,06-JUL-2020,
OPTSTK,EQUITAS,27-Aug-2020,44,CE,0,0,0,9.8,11.4,0,0,0,0,06-JUL-2020,
OPTSTK,EQUITAS,27-Aug-2020,45,CE,0,0,0,9.45,10.7,0,0,0,0,06-JUL-2020,
OPTSTK,EQUITAS,27-Aug-2020,46,CE,0,0,0,9.1,10,0,0,0,0,06-JUL-2020,
OPTSTK,EQUITAS,27-Aug-2020,47,CE,0,0,0,8.75,9.35,0,0,0,0,06-JUL-2020,
OPTSTK,EQUITAS,27-Aug-2020,48,CE,0,0,0,8.45,8.75,0,0,0,0,06-JUL-2020,
OPTSTK,EQUITAS,27-Aug-2020,49,CE,0,0,0,8.15,8.15,0,0,0,0,06-JUL-2020,
OPTSTK,EQUITAS,27-Aug-2020,50,CE,0,0,0,7,7.6,0,0,7600,0,06-JUL-2020,
OPTSTK,EQUITAS,27-Aug-2020,51,CE,0,0,0,7.55,7.05,0,0,0,0,06-JUL-2020,
OPTSTK,EQUITAS,27-Aug-2020,52,CE,0,0,0,7.3,6.55,0,0,0,0,06-JUL-2020,
OPTSTK,EQUITAS,27-Aug-2020,53,CE,0,0,0,7.05,6.05,0,0,0,0,06-JUL-2020,
OPTSTK,EQUITAS,27-Aug-2020,54,CE,0,0,0,6.75,5.6,0,0,0,0,06-JUL-2020,
OPTSTK,EQUITAS,27-Aug-2020,55,CE,0,0,0,6.55,5.2,0,0,0,0,06-JUL-2020,
OPTSTK,EQUITAS,27-Aug-2020,56,CE,0,0,0,6.3,4.8,0,0,0,0,06-JUL-2020,
OPTSTK,EQUITAS,27-Aug-2020,57,CE,0,0,0,6.05,4.4,0,0,0,0,06-JUL-2020,
OPTSTK,EQUITAS,27-Aug-2020,58,CE,0,0,0,5.85,4.05,0,0,0,0,06-JUL-2020,
OPTSTK,EQUITAS,27-Aug-2020,59,CE,0,0,0,5.65,3.75,0,0,0,0,06-JUL-2020,
OPTSTK,EQUITAS,27-Aug-2020,60,CE,0,0,0,5.45,3.45,0,0,0,0,06-JUL-2020,
OPTSTK,EQUITAS,27-Aug-2020,61,CE,0,0,0,5.25,3.15,0,0,0,0,06-JUL-2020,
OPTSTK,EQUITAS,27-Aug-2020,62,CE,0,0,0,5.05,2.9,0,0,0,0,06-JUL-2020,
OPTSTK,EQUITAS,27-Aug-2020,63,CE,0,0,0,4.9,2.65,0,0,0,0,06-JUL-2020,
OPTSTK,EQUITAS,27-Aug-2020,64,CE,0,0,0,5,2.45,0,0,0,0,06-JUL-2020,
OPTSTK,EQUITAS,27-Aug-2020,65,CE,2.1,2.1,2.1,2.1,2.25,26,132.58,205200,197600,06-JUL-2020,
OPTSTK,EQUITAS,27-Aug-2020,23,PE,0,0,0,1.4,0.05,0,0,0,0,06-JUL-2020,
OPTSTK,EQUITAS,27-Aug-2020,24,PE,0,0,0,1.6,0.05,0,0,0,0,06-JUL-2020,
OPTSTK,EQUITAS,27-Aug-2020,25,PE,0,0,0,1.85,0.05,0,0,0,0,06-JUL-2020,
OPTSTK,EQUITAS,27-Aug-2020,26,PE,0,0,0,2.15,0.05,0,0,0,0,06-JUL-2020,
OPTSTK,EQUITAS,27-Aug-2020,27,PE,0,0,0,2.45,0.05,0,0,0,0,06-JUL-2020,
OPTSTK,EQUITAS,27-Aug-2020,28,PE,0,0,0,2.75,0.05,0,0,0,0,06-JUL-2020,
OPTSTK,EQUITAS,27-Aug-2020,29,PE,0,0,0,3.1,0.05,0,0,0,0,06-JUL-2020,
OPTSTK,EQUITAS,27-Aug-2020,30,PE,0,0,0,3.45,0.05,0,0,0,0,06-JUL-2020,
OPTSTK,EQUITAS,27-Aug-2020,31,PE,0,0,0,3.85,0.1,0,0,0,0,06-JUL-2020,
OPTSTK,EQUITAS,27-Aug-2020,32,PE,0,0,0,4.25,0.1,0,0,0,0,06-JUL-2020,
OPTSTK,EQUITAS,27-Aug-2020,33,PE,0,0,0,4.7,0.15,0,0,0,0,06-JUL-2020,
OPTSTK,EQUITAS,27-Aug-2020,34,PE,0,0,0,5.1,0.2,0,0,0,0,06-JUL-2020,
OPTSTK,EQUITAS,27-Aug-2020,35,PE,0,0,0,5.6,0.3,0,0,0,0,06-JUL-2020,
OPTSTK,EQUITAS,27-Aug-2020,36,PE,0,0,0,6.05,0.35,0,0,0,0,06-JUL-2020,
OPTSTK,EQUITAS,27-Aug-2020,37,PE,0,0,0,6.55,0.45,0,0,0,0,06-JUL-2020,
OPTSTK,EQUITAS,27-Aug-2020,38,PE,0,0,0,7.1,0.55,0,0,0,0,06-JUL-2020,
OPTSTK,EQUITAS,27-Aug-2020,39,PE,0,0,0,7.6,0.7,0,0,0,0,06-JUL-2020,
OPTSTK,EQUITAS,27-Aug-2020,40,PE,0,0,0,8.15,0.85,0,0,0,0,06-JUL-2020,
OPTSTK,EQUITAS,27-Aug-2020,41,PE,0,0,0,8.75,1.05,0,0,0,0,06-JUL-2020,
OPTSTK,EQUITAS,27-Aug-2020,42,PE,0,0,0,1.8,1.25,0,0,7600,0,06-JUL-2020,
OPTSTK,EQUITAS,27-Aug-2020,43,PE,0,0,0,9.9,1.45,0,0,0,0,06-JUL-2020,
OPTSTK,EQUITAS,27-Aug-2020,44,PE,0,0,0,10.55,1.75,0,0,0,0,06-JUL-2020,
OPTSTK,EQUITAS,27-Aug-2020,45,PE,0,0,0,11.15,2,0,0,0,0,06-JUL-2020,
OPTSTK,EQUITAS,27-Aug-2020,46,PE,0,0,0,11.8,2.35,0,0,0,0,06-JUL-2020,
OPTSTK,EQUITAS,27-Aug-2020,47,PE,0,0,0,12.45,2.65,0,0,0,0,06-JUL-2020,
OPTSTK,EQUITAS,27-Aug-2020,48,PE,0,0,0,13.1,3.05,0,0,0,0,06-JUL-2020,
OPTSTK,EQUITAS,27-Aug-2020,49,PE,0,0,0,13.8,3.45,0,0,0,0,06-JUL-2020,
OPTSTK,EQUITAS,27-Aug-2020,50,PE,0,0,0,14.5,3.85,0,0,0,0,06-JUL-2020,
OPTSTK,EQUITAS,27-Aug-2020,51,PE,0,0,0,15.2,4.35,0,0,0,0,06-JUL-2020,
OPTSTK,EQUITAS,27-Aug-2020,52,PE,0,0,0,15.9,4.8,0,0,0,0,06-JUL-2020,
OPTSTK,EQUITAS,27-Aug-2020,53,PE,0,0,0,16.65,5.35,0,0,0,0,06-JUL-2020,
OPTSTK,EQUITAS,27-Aug-2020,54,PE,0,0,0,17.35,5.9,0,0,0,0,06-JUL-2020,
OPTSTK,EQUITAS,27-Aug-2020,55,PE,0,0,0,18.1,6.45,0,0,0,0,06-JUL-2020,
OPTSTK,EQUITAS,27-Aug-2020,56,PE,0,0,0,18.85,7.05,0,0,0,0,06-JUL-2020,
OPTSTK,EQUITAS,27-Aug-2020,57,PE,0,0,0,19.65,7.65,0,0,0,0,06-JUL-2020,
OPTSTK,EQUITAS,27-Aug-2020,58,PE,0,0,0,20.4,8.3,0,0,0,0,06-JUL-2020,
OPTSTK,EQUITAS,27-Aug-2020,59,PE,0,0,0,21.2,9,0,0,0,0,06-JUL-2020,
OPTSTK,EQUITAS,27-Aug-2020,60,PE,0,0,0,21.95,9.7,0,0,0,0,06-JUL-2020,
OPTSTK,EQUITAS,27-Aug-2020,61,PE,0,0,0,22.75,10.4,0,0,0,0,06-JUL-2020,
OPTSTK,EQUITAS,27-Aug-2020,62,PE,0,0,0,23.55,11.15,0,0,0,0,06-JUL-2020,
OPTSTK,EQUITAS,27-Aug-2020,63,PE,0,0,0,24.4,11.9,0,0,0,0,06-JUL-2020,
OPTSTK,EQUITAS,27-Aug-2020,64,PE,0,0,0,22.65,12.65,0,0,0,0,06-JUL-2020,
OPTSTK,EQUITAS,27-Aug-2020,65,PE,0,0,0,23.45,13.45,0,0,0,0,06-JUL-2020,
OPTSTK,ESCORTS,30-Jul-2020,440,CE,0,0,0,303.65,633.95,0,0,0,0,06-JUL-2020,
OPTSTK,ESCORTS,30-Jul-2020,460,CE,0,0,0,288.9,614,0,0,0,0,06-JUL-2020,
OPTSTK,ESCORTS,30-Jul-2020,480,CE,0,0,0,274.7,594.05,0,0,0,0,06-JUL-2020,
OPTSTK,ESCORTS,30-Jul-2020,500,CE,0,0,0,261,574.1,0,0,0,0,06-JUL-2020,
OPTSTK,ESCORTS,30-Jul-2020,520,CE,0,0,0,247.85,554.15,0,0,0,0,06-JUL-2020,
OPTSTK,ESCORTS,30-Jul-2020,540,CE,0,0,0,235.3,534.2,0,0,0,0,06-JUL-2020,
OPTSTK,ESCORTS,30-Jul-2020,560,CE,0,0,0,223.25,514.25,0,0,0,0,06-JUL-2020,
OPTSTK,ESCORTS,30-Jul-2020,580,CE,0,0,0,211.75,494.3,0,0,0,0,06-JUL-2020,
OPTSTK,ESCORTS,30-Jul-2020,600,CE,0,0,0,200.75,474.35,0,0,0,0,06-JUL-2020,
OPTSTK,ESCORTS,30-Jul-2020,620,CE,0,0,0,190.3,454.45,0,0,0,0,06-JUL-2020,
OPTSTK,ESCORTS,30-Jul-2020,640,CE,0,0,0,180.3,434.5,0,0,0,0,06-JUL-2020,
OPTSTK,ESCORTS,30-Jul-2020,660,CE,0,0,0,170.85,414.55,0,0,0,0,06-JUL-2020,
OPTSTK,ESCORTS,30-Jul-2020,680,CE,0,0,0,161.8,394.6,0,0,0,0,06-JUL-2020,
OPTSTK,ESCORTS,30-Jul-2020,700,CE,0,0,0,286,374.7,0,0,1100,0,06-JUL-2020,
OPTSTK,ESCORTS,30-Jul-2020,720,CE,0,0,0,145.1,354.8,0,0,0,0,06-JUL-2020,
OPTSTK,ESCORTS,30-Jul-2020,740,CE,0,0,0,137.35,334.9,0,0,0,0,06-JUL-2020,
OPTSTK,ESCORTS,30-Jul-2020,760,CE,0,0,0,130.05,315.1,0,0,0,0,06-JUL-2020,
OPTSTK,ESCORTS,30-Jul-2020,780,CE,0,0,0,123.1,295.4,0,0,0,0,06-JUL-2020,
OPTSTK,ESCORTS,30-Jul-2020,800,CE,0,0,0,225,275.75,0,0,5500,0,06-JUL-2020,
OPTSTK,ESCORTS,30-Jul-2020,820,CE,0,0,0,110.25,256.35,0,0,0,0,06-JUL-2020,
OPTSTK,ESCORTS,30-Jul-2020,840,CE,0,0,0,175,237.2,0,0,8800,0,06-JUL-2020,
OPTSTK,ESCORTS,30-Jul-2020,860,CE,0,0,0,155,218.35,0,0,1100,0,06-JUL-2020,
OPTSTK,ESCORTS,30-Jul-2020,880,CE,0,0,0,148,199.9,0,0,3300,0,06-JUL-2020,
OPTSTK,ESCORTS,30-Jul-2020,900,CE,168.65,179,168.65,179,179,3,35.49,14300,0,06-JUL-2020,
OPTSTK,ESCORTS,30-Jul-2020,920,CE,0,0,0,128.7,164.7,0,0,1100,0,06-JUL-2020,
OPTSTK,ESCORTS,30-Jul-2020,940,CE,127.7,127.7,127.7,127.7,148.1,1,11.74,3300,0,06-JUL-2020,
OPTSTK,ESCORTS,30-Jul-2020,960,CE,0,0,0,89.05,132.3,0,0,6600,0,06-JUL-2020,
OPTSTK,ESCORTS,30-Jul-2020,980,CE,98.6,108.6,95.85,107.35,117.45,14,166.88,15400,-4400,06-JUL-2020,
OPTSTK,ESCORTS,30-Jul-2020,1000,CE,98.95,99.7,82.9,93.3,93.3,24,288.02,67100,-8800,06-JUL-2020,
OPTSTK,ESCORTS,30-Jul-2020,1020,CE,70.15,83.05,70.15,80.25,80.25,17,205.59,29700,-2200,06-JUL-2020,
OPTSTK,ESCORTS,30-Jul-2020,1040,CE,47.5,73,47.5,67.4,67.4,64,778.68,115500,-4400,06-JUL-2020,
OPTSTK,ESCORTS,30-Jul-2020,1060,CE,57.6,61.75,47.75,57.1,57.1,371,4553.07,105600,-48400,06-JUL-2020,
OPTSTK,ESCORTS,30-Jul-2020,1080,CE,48,51.5,38.3,47.25,47.25,525,6506.01,102300,-7700,06-JUL-2020,
OPTSTK,ESCORTS,30-Jul-2020,1100,CE,40.45,42,31.7,38.8,38.8,1267,15867.09,308000,-47300,06-JUL-2020,
OPTSTK,ESCORTS,30-Jul-2020,1120,CE,32,34.4,25.7,31.1,31.1,191,2417.81,60500,15400,06-JUL-2020,
OPTSTK,ESCORTS,30-Jul-2020,1140,CE,29,29,20.25,24.8,24.8,179,2293.73,115500,-2200,06-JUL-2020,
OPTSTK,ESCORTS,30-Jul-2020,1160,CE,23.35,23.5,16.35,20,20,135,1751.87,81400,-18700,06-JUL-2020,
OPTSTK,ESCORTS,30-Jul-2020,1180,CE,16,17,13.45,15.4,24.35,26,341.92,91300,2200,06-JUL-2020,
OPTSTK,ESCORTS,30-Jul-2020,1200,CE,12.35,14.45,10.15,12.15,12.15,149,1987.11,100100,-8800,06-JUL-2020,
OPTSTK,ESCORTS,30-Jul-2020,1220,CE,10,10,9.65,9.65,16.35,2,27.05,4400,1100,06-JUL-2020,
OPTSTK,ESCORTS,30-Jul-2020,1240,CE,8.45,9.3,6,7.2,7.2,52,713.57,137500,1100,06-JUL-2020,
OPTSTK,ESCORTS,30-Jul-2020,1260,CE,6.5,6.5,4.45,4.45,10.75,3,41.75,3300,3300,06-JUL-2020,
OPTSTK,ESCORTS,30-Jul-2020,440,PE,0,0,0,24.75,0.05,0,0,0,0,06-JUL-2020,
OPTSTK,ESCORTS,30-Jul-2020,460,PE,0,0,0,29.75,0.05,0,0,0,0,06-JUL-2020,
OPTSTK,ESCORTS,30-Jul-2020,480,PE,0,0,0,35.25,0.05,0,0,0,0,06-JUL-2020,
OPTSTK,ESCORTS,30-Jul-2020,500,PE,0,0,0,41.3,0.05,0,0,0,0,06-JUL-2020,
OPTSTK,ESCORTS,30-Jul-2020,520,PE,0,0,0,47.95,0.05,0,0,0,0,06-JUL-2020,
OPTSTK,ESCORTS,30-Jul-2020,540,PE,0,0,0,55.1,0.05,0,0,0,0,06-JUL-2020,
OPTSTK,ESCORTS,30-Jul-2020,560,PE,0,0,0,62.8,0.05,0,0,0,0,06-JUL-2020,
OPTSTK,ESCORTS,30-Jul-2020,580,PE,0,0,0,71.05,0.05,0,0,0,0,06-JUL-2020,
OPTSTK,ESCORTS,30-Jul-2020,600,PE,0,0,0,79.8,0.05,0,0,0,0,06-JUL-2020,
OPTSTK,ESCORTS,30-Jul-2020,620,PE,0,0,0,89.1,0.05,0,0,0,0,06-JUL-2020,
OPTSTK,ESCORTS,30-Jul-2020,640,PE,0,0,0,98.85,0.05,0,0,0,0,06-JUL-2020,
OPTSTK,ESCORTS,30-Jul-2020,660,PE,0,0,0,109.1,0.05,0,0,0,0,06-JUL-2020,
OPTSTK,ESCORTS,30-Jul-2020,680,PE,0,0,0,119.85,0.05,0,0,0,0,06-JUL-2020,
OPTSTK,ESCORTS,30-Jul-2020,700,PE,0,0,0,0.55,0.05,0,0,23100,0,06-JUL-2020,
OPTSTK,ESCORTS,30-Jul-2020,720,PE,0,0,0,0.45,0.1,0,0,1100,0,06-JUL-2020,
OPTSTK,ESCORTS,30-Jul-2020,740,PE,0,0,0,154.65,0.15,0,0,0,0,06-JUL-2020,
OPTSTK,ESCORTS,30-Jul-2020,760,PE,0,0,0,5,0.3,0,0,3300,0,06-JUL-2020,
OPTSTK,ESCORTS,30-Jul-2020,780,PE,0,0,0,3.9,0.5,0,0,1100,0,06-JUL-2020,
OPTSTK,ESCORTS,30-Jul-2020,800,PE,1.8,1.8,1.1,1.1,1.1,11,96.96,62700,2200,06-JUL-2020,
OPTSTK,ESCORTS,30-Jul-2020,820,PE,0,0,0,8,1.35,0,0,12100,0,06-JUL-2020,
OPTSTK,ESCORTS,30-Jul-2020,840,PE,0,0,0,2.7,2.15,0,0,5500,0,06-JUL-2020,
OPTSTK,ESCORTS,30-Jul-2020,860,PE,4,4,4,4,3.25,2,19,5500,-1100,06-JUL-2020,
OPTSTK,ESCORTS,30-Jul-2020,880,PE,0,0,0,22,4.75,0,0,2200,0,06-JUL-2020,
OPTSTK,ESCORTS,30-Jul-2020,900,PE,6.05,7.2,4.8,5.6,5.6,88,876.95,168300,6600,06-JUL-2020,
OPTSTK,ESCORTS,30-Jul-2020,920,PE,0,0,0,11.3,9.4,0,0,44000,0,06-JUL-2020,
OPTSTK,ESCORTS,30-Jul-2020,940,PE,12.25,13.45,8.5,9.9,9.9,54,564.62,204600,2200,06-JUL-2020,
OPTSTK,ESCORTS,30-Jul-2020,960,PE,16.5,16.5,11.5,13.2,13.2,18,192.73,59400,2200,06-JUL-2020,
OPTSTK,ESCORTS,30-Jul-2020,980,PE,22.2,23.35,15.6,17.2,17.2,88,966.6,52800,6600,06-JUL-2020,
OPTSTK,ESCORTS,30-Jul-2020,1000,PE,24.2,28.95,20.1,22.25,22.25,413,4652.19,251900,82500,06-JUL-2020,
OPTSTK,ESCORTS,30-Jul-2020,1020,PE,36,36,26,28.35,28.35,69,796.99,44000,8800,06-JUL-2020,
OPTSTK,ESCORTS,30-Jul-2020,1040,PE,38,45,32.4,35.8,35.8,302,3584.45,80300,17600,06-JUL-2020,
OPTSTK,ESCORTS,30-Jul-2020,1060,PE,47.55,54.75,39.8,44.85,44.85,228,2775.92,51700,24200,06-JUL-2020,
OPTSTK,ESCORTS,30-Jul-2020,1080,PE,64.35,64.45,49.65,55.05,55.05,93,1161.34,36300,28600,06-JUL-2020,
OPTSTK,ESCORTS,30-Jul-2020,1100,PE,75.75,75.75,63.45,66.6,66.6,26,333.45,20900,14300,06-JUL-2020,
OPTSTK,ESCORTS,30-Jul-2020,1120,PE,79.3,81.5,77.05,81.5,86.1,5,65.93,4400,2200,06-JUL-2020,
OPTSTK,ESCORTS,30-Jul-2020,1140,PE,95.25,95.25,90.45,95,99.35,12,162.86,13200,6600,06-JUL-2020,
OPTSTK,ESCORTS,30-Jul-2020,1160,PE,0,0,0,190.3,113.45,0,0,1100,0,06-JUL-2020,
OPTSTK,ESCORTS,30-Jul-2020,1180,PE,0,0,0,308.55,128.35,0,0,0,0,06-JUL-2020,
OPTSTK,ESCORTS,30-Jul-2020,1200,PE,0,0,0,333.55,143.95,0,0,0,0,06-JUL-2020,
OPTSTK,ESCORTS,30-Jul-2020,1220,PE,0,0,0,350.6,160.25,0,0,0,0,06-JUL-2020,
OPTSTK,ESCORTS,30-Jul-2020,1240,PE,0,0,0,367.85,177.15,0,0,0,0,06-JUL-2020,
OPTSTK,ESCORTS,30-Jul-2020,1260,PE,0,0,0,385.3,194.55,0,0,0,0,06-JUL-2020,
OPTSTK,ESCORTS,27-Aug-2020,540,CE,0,0,0,369.25,536,0,0,0,0,06-JUL-2020,
OPTSTK,ESCORTS,27-Aug-2020,560,CE,0,0,0,352.35,516.1,0,0,0,0,06-JUL-2020,
OPTSTK,ESCORTS,27-Aug-2020,580,CE,0,0,0,335.85,496.25,0,0,0,0,06-JUL-2020,
OPTSTK,ESCORTS,27-Aug-2020,600,CE,0,0,0,319.8,476.45,0,0,0,0,06-JUL-2020,
OPTSTK,ESCORTS,27-Aug-2020,620,CE,0,0,0,304.25,456.65,0,0,0,0,06-JUL-2020,
OPTSTK,ESCORTS,27-Aug-2020,640,CE,0,0,0,289.15,436.9,0,0,0,0,06-JUL-2020,
OPTSTK,ESCORTS,27-Aug-2020,660,CE,0,0,0,274.6,417.2,0,0,0,0,06-JUL-2020,
OPTSTK,ESCORTS,27-Aug-2020,680,CE,0,0,0,260.5,397.6,0,0,0,0,06-JUL-2020,
OPTSTK,ESCORTS,27-Aug-2020,700,CE,0,0,0,246.9,378.15,0,0,0,0,06-JUL-2020,
OPTSTK,ESCORTS,27-Aug-2020,720,CE,0,0,0,233.85,358.8,0,0,0,0,06-JUL-2020,
OPTSTK,ESCORTS,27-Aug-2020,740,CE,0,0,0,221.35,339.65,0,0,0,0,06-JUL-2020,
OPTSTK,ESCORTS,27-Aug-2020,760,CE,0,0,0,209.3,320.8,0,0,0,0,06-JUL-2020,
OPTSTK,ESCORTS,27-Aug-2020,780,CE,0,0,0,197.8,302.15,0,0,0,0,06-JUL-2020,
OPTSTK,ESCORTS,27-Aug-2020,800,CE,0,0,0,186.8,283.9,0,0,0,0,06-JUL-2020,
OPTSTK,ESCORTS,27-Aug-2020,820,CE,0,0,0,176.35,266.05,0,0,0,0,06-JUL-2020,
OPTSTK,ESCORTS,27-Aug-2020,840,CE,0,0,0,166.35,248.6,0,0,0,0,06-JUL-2020,
OPTSTK,ESCORTS,27-Aug-2020,860,CE,0,0,0,156.8,231.65,0,0,0,0,06-JUL-2020,
OPTSTK,ESCORTS,27-Aug-2020,880,CE,0,0,0,147.75,215.25,0,0,0,0,06-JUL-2020,
OPTSTK,ESCORTS,27-Aug-2020,900,CE,0,0,0,139.15,199.45,0,0,0,0,06-JUL-2020,
OPTSTK,ESCORTS,27-Aug-2020,920,CE,0,0,0,131,184.25,0,0,0,0,06-JUL-2020,
OPTSTK,ESCORTS,27-Aug-2020,940,CE,0,0,0,123.25,169.75,0,0,0,0,06-JUL-2020,
OPTSTK,ESCORTS,27-Aug-2020,960,CE,0,0,0,115.95,155.95,0,0,0,0,06-JUL-2020,
OPTSTK,ESCORTS,27-Aug-2020,980,CE,0,0,0,109,142.85,0,0,0,0,06-JUL-2020,
OPTSTK,ESCORTS,27-Aug-2020,1000,CE,0,0,0,102.45,130.45,0,0,0,0,06-JUL-2020,
OPTSTK,ESCORTS,27-Aug-2020,1020,CE,0,0,0,96.25,118.8,0,0,0,0,06-JUL-2020,
OPTSTK,ESCORTS,27-Aug-2020,1040,CE,0,0,0,90.4,107.9,0,0,0,0,06-JUL-2020,
OPTSTK,ESCORTS,27-Aug-2020,1060,CE,0,0,0,84.85,97.75,0,0,0,0,06-JUL-2020,
OPTSTK,ESCORTS,27-Aug-2020,1080,CE,0,0,0,79.65,88.3,0,0,0,0,06-JUL-2020,
OPTSTK,ESCORTS,27-Aug-2020,1100,CE,0,0,0,59.05,79.55,0,0,4400,0,06-JUL-2020,
OPTSTK,ESCORTS,27-Aug-2020,1120,CE,0,0,0,70.2,71.5,0,0,0,0,06-JUL-2020,
OPTSTK,ESCORTS,27-Aug-2020,1140,CE,0,0,0,65.85,64.1,0,0,0,0,06-JUL-2020,
OPTSTK,ESCORTS,27-Aug-2020,1160,CE,0,0,0,61.75,57.3,0,0,0,0,06-JUL-2020,
OPTSTK,ESCORTS,27-Aug-2020,1180,CE,0,0,0,57.95,51.15,0,0,0,0,06-JUL-2020,
OPTSTK,ESCORTS,27-Aug-2020,1200,CE,0,0,0,54.35,45.5,0,0,0,0,06-JUL-2020,
OPTSTK,ESCORTS,27-Aug-2020,1220,CE,0,0,0,25,40.4,0,0,1100,0,06-JUL-2020,
OPTSTK,ESCORTS,27-Aug-2020,1240,CE,0,0,0,19.35,35.8,0,0,1100,0,06-JUL-2020,
OPTSTK,ESCORTS,27-Aug-2020,1260,CE,0,0,0,44.75,31.65,0,0,0,0,06-JUL-2020,
OPTSTK,ESCORTS,27-Aug-2020,540,PE,0,0,0,12.05,0.05,0,0,0,0,06-JUL-2020,
OPTSTK,ESCORTS,27-Aug-2020,560,PE,0,0,0,14.9,0.05,0,0,0,0,06-JUL-2020,
OPTSTK,ESCORTS,27-Aug-2020,580,PE,0,0,0,18.15,0.05,0,0,0,0,06-JUL-2020,
OPTSTK,ESCORTS,27-Aug-2020,600,PE,0,0,0,21.85,0.1,0,0,0,0,06-JUL-2020,
OPTSTK,ESCORTS,27-Aug-2020,620,PE,0,0,0,26.05,0.2,0,0,0,0,06-JUL-2020,
OPTSTK,ESCORTS,27-Aug-2020,640,PE,0,0,0,30.75,0.3,0,0,0,0,06-JUL-2020,
OPTSTK,ESCORTS,27-Aug-2020,660,PE,0,0,0,35.9,0.5,0,0,0,0,06-JUL-2020,
OPTSTK,ESCORTS,27-Aug-2020,680,PE,0,0,0,41.6,0.8,0,0,0,0,06-JUL-2020,
OPTSTK,ESCORTS,27-Aug-2020,700,PE,0,0,0,47.8,1.2,0,0,0,0,06-JUL-2020,
OPTSTK,ESCORTS,27-Aug-2020,720,PE,0,0,0,54.5,1.75,0,0,0,0,06-JUL-2020,
OPTSTK,ESCORTS,27-Aug-2020,740,PE,0,0,0,61.7,2.5,0,0,0,0,06-JUL-2020,
OPTSTK,ESCORTS,27-Aug-2020,760,PE,0,0,0,69.4,3.5,0,0,0,0,06-JUL-2020,
OPTSTK,ESCORTS,27-Aug-2020,780,PE,0,0,0,77.7,4.75,0,0,0,0,06-JUL-2020,
OPTSTK,ESCORTS,27-Aug-2020,800,PE,5,5,5,5,6.4,4,35.42,4400,4400,06-JUL-2020,
OPTSTK,ESCORTS,27-Aug-2020,820,PE,0,0,0,95.7,8.4,0,0,0,0,06-JUL-2020,
OPTSTK,ESCORTS,27-Aug-2020,840,PE,0,0,0,105.5,10.8,0,0,0,0,06-JUL-2020,
OPTSTK,ESCORTS,27-Aug-2020,860,PE,0,0,0,115.7,13.75,0,0,0,0,06-JUL-2020,
OPTSTK,ESCORTS,27-Aug-2020,880,PE,0,0,0,126.4,17.25,0,0,0,0,06-JUL-2020,
OPTSTK,ESCORTS,27-Aug-2020,900,PE,0,0,0,37.35,21.3,0,0,1100,0,06-JUL-2020,
OPTSTK,ESCORTS,27-Aug-2020,920,PE,0,0,0,149.2,26,0,0,0,0,06-JUL-2020,
OPTSTK,ESCORTS,27-Aug-2020,940,PE,0,0,0,161.2,31.4,0,0,0,0,06-JUL-2020,
OPTSTK,ESCORTS,27-Aug-2020,960,PE,0,0,0,55.05,37.45,0,0,2200,0,06-JUL-2020,
OPTSTK,ESCORTS,27-Aug-2020,980,PE,0,0,0,186.45,44.2,0,0,0,0,06-JUL-2020,
OPTSTK,ESCORTS,27-Aug-2020,1000,PE,0,0,0,199.65,51.7,0,0,0,0,06-JUL-2020,
OPTSTK,ESCORTS,27-Aug-2020,1020,PE,55.05,55.05,55.05,55.05,59.95,1,11.82,1100,1100,06-JUL-2020,
OPTSTK,ESCORTS,27-Aug-2020,1040,PE,63,63,63,63,68.95,1,12.13,1100,0,06-JUL-2020,
OPTSTK,ESCORTS,27-Aug-2020,1060,PE,0,0,0,241.35,78.65,0,0,0,0,06-JUL-2020,
OPTSTK,ESCORTS,27-Aug-2020,1080,PE,0,0,0,255.9,89.1,0,0,0,0,06-JUL-2020,
OPTSTK,ESCORTS,27-Aug-2020,1100,PE,0,0,0,270.8,100.25,0,0,0,0,06-JUL-2020,
OPTSTK,ESCORTS,27-Aug-2020,1120,PE,0,0,0,285.95,112.05,0,0,0,0,06-JUL-2020,
OPTSTK,ESCORTS,27-Aug-2020,1140,PE,0,0,0,301.35,124.5,0,0,0,0,06-JUL-2020,
OPTSTK,ESCORTS,27-Aug-2020,1160,PE,0,0,0,317.05,137.6,0,0,0,0,06-JUL-2020,
OPTSTK,ESCORTS,27-Aug-2020,1180,PE,0,0,0,332.95,151.3,0,0,0,0,06-JUL-2020,
OPTSTK,ESCORTS,27-Aug-2020,1200,PE,0,0,0,349.1,165.55,0,0,0,0,06-JUL-2020,
OPTSTK,ESCORTS,27-Aug-2020,1220,PE,0,0,0,365.45,180.35,0,0,0,0,06-JUL-2020,
OPTSTK,ESCORTS,27-Aug-2020,1240,PE,0,0,0,382.05,195.65,0,0,0,0,06-JUL-2020,
OPTSTK,ESCORTS,27-Aug-2020,1260,PE,0,0,0,398.8,211.35,0,0,0,0,06-JUL-2020,
OPTSTK,ESCORTS,24-Sep-2020,640,CE,0,0,0,407.4,440.25,0,0,0,0,06-JUL-2020,
OPTSTK,ESCORTS,24-Sep-2020,660,CE,0,0,0,389.8,421.05,0,0,0,0,06-JUL-2020,
OPTSTK,ESCORTS,24-Sep-2020,680,CE,0,0,0,372.55,402.05,0,0,0,0,06-JUL-2020,
OPTSTK,ESCORTS,24-Sep-2020,700,CE,0,0,0,355.7,383.3,0,0,0,0,06-JUL-2020,
OPTSTK,ESCORTS,24-Sep-2020,720,CE,0,0,0,339.2,364.75,0,0,0,0,06-JUL-2020,
OPTSTK,ESCORTS,24-Sep-2020,740,CE,0,0,0,323.15,346.55,0,0,0,0,06-JUL-2020,
OPTSTK,ESCORTS,24-Sep-2020,760,CE,0,0,0,307.55,328.65,0,0,0,0,06-JUL-2020,
OPTSTK,ESCORTS,24-Sep-2020,780,CE,0,0,0,292.4,311.15,0,0,0,0,06-JUL-2020,
OPTSTK,ESCORTS,24-Sep-2020,800,CE,0,0,0,277.7,294.05,0,0,0,0,06-JUL-2020,
OPTSTK,ESCORTS,24-Sep-2020,820,CE,0,0,0,263.5,277.4,0,0,0,0,06-JUL-2020,
OPTSTK,ESCORTS,24-Sep-2020,840,CE,0,0,0,249.75,261.2,0,0,0,0,06-JUL-2020,
OPTSTK,ESCORTS,24-Sep-2020,860,CE,0,0,0,236.55,245.5,0,0,0,0,06-JUL-2020,
OPTSTK,ESCORTS,24-Sep-2020,880,CE,0,0,0,223.8,230.35,0,0,0,0,06-JUL-2020,
OPTSTK,ESCORTS,24-Sep-2020,900,CE,0,0,0,211.55,215.75,0,0,0,0,06-JUL-2020,
OPTSTK,ESCORTS,24-Sep-2020,920,CE,0,0,0,199.85,201.75,0,0,0,0,06-JUL-2020,
OPTSTK,ESCORTS,24-Sep-2020,940,CE,0,0,0,188.6,188.3,0,0,0,0,06-JUL-2020,
OPTSTK,ESCORTS,24-Sep-2020,960,CE,0,0,0,177.9,175.5,0,0,0,0,06-JUL-2020,
OPTSTK,ESCORTS,24-Sep-2020,980,CE,0,0,0,167.65,163.25,0,0,0,0,06-JUL-2020,
OPTSTK,ESCORTS,24-Sep-2020,1000,CE,0,0,0,157.85,151.65,0,0,0,0,06-JUL-2020,
OPTSTK,ESCORTS,24-Sep-2020,1020,CE,0,0,0,148.55,140.6,0,0,0,0,06-JUL-2020,
OPTSTK,ESCORTS,24-Sep-2020,1040,CE,0,0,0,139.7,130.2,0,0,0,0,06-JUL-2020,
OPTSTK,ESCORTS,24-Sep-2020,1060,CE,0,0,0,131.3,120.35,0,0,0,0,06-JUL-2020,
OPTSTK,ESCORTS,24-Sep-2020,1080,CE,0,0,0,123.35,111.1,0,0,0,0,06-JUL-2020,
OPTSTK,ESCORTS,24-Sep-2020,1100,CE,0,0,0,115.8,102.4,0,0,0,0,06-JUL-2020,
OPTSTK,ESCORTS,24-Sep-2020,1120,CE,0,0,0,108.6,94.25,0,0,0,0,06-JUL-2020,
OPTSTK,ESCORTS,24-Sep-2020,1140,CE,0,0,0,101.85,86.65,0,0,0,0,06-JUL-2020,
OPTSTK,ESCORTS,24-Sep-2020,1160,CE,0,0,0,95.45,79.55,0,0,0,0,06-JUL-2020,
OPTSTK,ESCORTS,24-Sep-2020,1180,CE,0,0,0,89.4,72.95,0,0,0,0,06-JUL-2020,
OPTSTK,ESCORTS,24-Sep-2020,1200,CE,0,0,0,83.7,66.8,0,0,0,0,06-JUL-2020,
OPTSTK,ESCORTS,24-Sep-2020,1220,CE,0,0,0,78.35,61.1,0,0,0,0,06-JUL-2020,
OPTSTK,ESCORTS,24-Sep-2020,1240,CE,0,0,0,73.35,55.8,0,0,0,0,06-JUL-2020,
OPTSTK,ESCORTS,24-Sep-2020,1260,CE,0,0,0,68.6,50.95,0,0,0,0,06-JUL-2020,
OPTSTK,ESCORTS,24-Sep-2020,640,PE,0,0,0,9.05,1.6,0,0,0,0,06-JUL-2020,
OPTSTK,ESCORTS,24-Sep-2020,660,PE,0,0,0,11.2,2.25,0,0,0,0,06-JUL-2020,
OPTSTK,ESCORTS,24-Sep-2020,680,PE,0,0,0,13.7,3.05,0,0,0,0,06-JUL-2020,
OPTSTK,ESCORTS,24-Sep-2020,700,PE,0,0,0,16.6,4.1,0,0,0,0,06-JUL-2020,
OPTSTK,ESCORTS,24-Sep-2020,720,PE,0,0,0,19.9,5.4,0,0,0,0,06-JUL-2020,
OPTSTK,ESCORTS,24-Sep-2020,740,PE,0,0,0,23.6,7,0,0,0,0,06-JUL-2020,
OPTSTK,ESCORTS,24-Sep-2020,760,PE,0,0,0,27.75,8.9,0,0,0,0,06-JUL-2020,
OPTSTK,ESCORTS,24-Sep-2020,780,PE,0,0,0,32.4,11.2,0,0,0,0,06-JUL-2020,
OPTSTK,ESCORTS,24-Sep-2020,800,PE,0,0,0,37.5,13.95,0,0,0,0,06-JUL-2020,
OPTSTK,ESCORTS,24-Sep-2020,820,PE,0,0,0,43.05,17.1,0,0,0,0,06-JUL-2020,
OPTSTK,ESCORTS,24-Sep-2020,840,PE,0,0,0,49.1,20.7,0,0,0,0,06-JUL-2020,
OPTSTK,ESCORTS,24-Sep-2020,860,PE,0,0,0,55.6,24.85,0,0,0,0,06-JUL-2020,
OPTSTK,ESCORTS,24-Sep-2020,880,PE,0,0,0,62.65,29.5,0,0,0,0,06-JUL-2020,
OPTSTK,ESCORTS,24-Sep-2020,900,PE,0,0,0,70.15,34.75,0,0,0,0,06-JUL-2020,
OPTSTK,ESCORTS,24-Sep-2020,920,PE,0,0,0,78.2,40.5,0,0,0,0,06-JUL-2020,
OPTSTK,ESCORTS,24-Sep-2020,940,PE,0,0,0,86.75,46.9,0,0,0,0,06-JUL-2020,
OPTSTK,ESCORTS,24-Sep-2020,960,PE,0,0,0,95.8,53.9,0,0,0,0,06-JUL-2020,
OPTSTK,ESCORTS,24-Sep-2020,980,PE,0,0,0,105.35,61.45,0,0,0,0,06-JUL-2020,
OPTSTK,ESCORTS,24-Sep-2020,1000,PE,0,0,0,115.3,69.65,0,0,0,0,06-JUL-2020,
OPTSTK,ESCORTS,24-Sep-2020,1020,PE,0,0,0,125.8,78.45,0,0,0,0,06-JUL-2020,
OPTSTK,ESCORTS,24-Sep-2020,1040,PE,0,0,0,136.7,87.85,0,0,0,0,06-JUL-2020,
OPTSTK,ESCORTS,24-Sep-2020,1060,PE,0,0,0,148.05,97.8,0,0,0,0,06-JUL-2020,
OPTSTK,ESCORTS,24-Sep-2020,1080,PE,0,0,0,159.85,108.4,0,0,0,0,06-JUL-2020,
OPTSTK,ESCORTS,24-Sep-2020,1100,PE,0,0,0,172.05,119.5,0,0,0,0,06-JUL-2020,
OPTSTK,ESCORTS,24-Sep-2020,1120,PE,0,0,0,184.7,131.2,0,0,0,0,06-JUL-2020,
OPTSTK,ESCORTS,24-Sep-2020,1140,PE,0,0,0,197.7,143.4,0,0,0,0,06-JUL-2020,
OPTSTK,ESCORTS,24-Sep-2020,1160,PE,0,0,0,211.05,156.1,0,0,0,0,06-JUL-2020,
OPTSTK,ESCORTS,24-Sep-2020,1180,PE,0,0,0,224.8,169.3,0,0,0,0,06-JUL-2020,
OPTSTK,ESCORTS,24-Sep-2020,1200,PE,0,0,0,238.85,182.95,0,0,0,0,06-JUL-2020,
OPTSTK,ESCORTS,24-Sep-2020,1220,PE,0,0,0,253.25,197.1,0,0,0,0,06-JUL-2020,
OPTSTK,ESCORTS,24-Sep-2020,1240,PE,0,0,0,268,211.6,0,0,0,0,06-JUL-2020,
OPTSTK,ESCORTS,24-Sep-2020,1260,PE,0,0,0,283.05,226.55,0,0,0,0,06-JUL-2020,
OPTSTK,EXIDEIND,30-Jul-2020,107.5,CE,0,0,0,53.7,50.45,0,0,0,0,06-JUL-2020,
OPTSTK,EXIDEIND,30-Jul-2020,110,CE,0,0,0,51.65,47.95,0,0,0,0,06-JUL-2020,
OPTSTK,EXIDEIND,30-Jul-2020,112.5,CE,0,0,0,49.6,45.45,0,0,0,0,06-JUL-2020,
OPTSTK,EXIDEIND,30-Jul-2020,115,CE,0,0,0,47.65,42.95,0,0,0,0,06-JUL-2020,
OPTSTK,EXIDEIND,30-Jul-2020,117.5,CE,0,0,0,45.7,40.5,0,0,0,0,06-JUL-2020,
OPTSTK,EXIDEIND,30-Jul-2020,120,CE,0,0,0,36.05,38,0,0,7200,0,06-JUL-2020,
OPTSTK,EXIDEIND,30-Jul-2020,122.5,CE,0,0,0,42,35.5,0,0,0,0,06-JUL-2020,
OPTSTK,EXIDEIND,30-Jul-2020,125,CE,0,0,0,40.25,33.05,0,0,0,0,06-JUL-2020,
OPTSTK,EXIDEIND,30-Jul-2020,127.5,CE,0,0,0,38.5,30.55,0,0,0,0,06-JUL-2020,
OPTSTK,EXIDEIND,30-Jul-2020,130,CE,0,0,0,36.85,28.1,0,0,0,0,06-JUL-2020,
OPTSTK,EXIDEIND,30-Jul-2020,132.5,CE,0,0,0,35.2,25.7,0,0,0,0,06-JUL-2020,
OPTSTK,EXIDEIND,30-Jul-2020,135,CE,0,0,0,33.6,23.3,0,0,0,0,06-JUL-2020,
OPTSTK,EXIDEIND,30-Jul-2020,137.5,CE,0,0,0,13.2,21,0,0,14400,0,06-JUL-2020,
OPTSTK,EXIDEIND,30-Jul-2020,140,CE,17.1,19.45,17.1,18.75,18.75,11,62.54,75600,-14400,06-JUL-2020,
OPTSTK,EXIDEIND,30-Jul-2020,142.5,CE,0,0,0,13.55,16.55,0,0,36000,0,06-JUL-2020,
OPTSTK,EXIDEIND,30-Jul-2020,145,CE,14.7,14.7,14.7,14.7,14.5,1,5.74,7200,0,06-JUL-2020,
OPTSTK,EXIDEIND,30-Jul-2020,147.5,CE,0,0,0,9,12.55,0,0,0,0,06-JUL-2020,
OPTSTK,EXIDEIND,30-Jul-2020,150,CE,9.9,11.75,9.5,11.3,11.3,67,387.13,252000,-28800,06-JUL-2020,
OPTSTK,EXIDEIND,30-Jul-2020,152.5,CE,8.65,9.6,8.6,9.6,9.6,8,46.49,43200,-21600,06-JUL-2020,
OPTSTK,EXIDEIND,30-Jul-2020,155,CE,6.6,8.5,6.55,8.05,8.05,172,1007.94,216000,-115200,06-JUL-2020,
OPTSTK,EXIDEIND,30-Jul-2020,157.5,CE,6.6,6.95,6.4,6.85,6.85,20,118.25,50400,28800,06-JUL-2020,
OPTSTK,EXIDEIND,30-Jul-2020,160,CE,4.4,6.05,4.35,5.75,5.75,849,5057.95,676800,-194400,06-JUL-2020,
OPTSTK,EXIDEIND,30-Jul-2020,162.5,CE,0,0,0,19.6,4.15,0,0,0,0,06-JUL-2020,
OPTSTK,EXIDEIND,30-Jul-2020,165,CE,2.95,4.1,2.95,3.9,3.9,244,1482.26,288000,-97200,06-JUL-2020,
OPTSTK,EXIDEIND,30-Jul-2020,167.5,CE,0,0,0,17.65,2.6,0,0,0,0,06-JUL-2020,
OPTSTK,EXIDEIND,30-Jul-2020,170,CE,2.1,2.75,2,2.6,2.6,184,1142.35,482400,-10800,06-JUL-2020,
OPTSTK,EXIDEIND,30-Jul-2020,172.5,CE,0,0,0,15.9,1.55,0,0,0,0,06-JUL-2020,
OPTSTK,EXIDEIND,30-Jul-2020,175,CE,1.5,1.95,1.5,1.7,1.7,20,127.19,82800,18000,06-JUL-2020,
OPTSTK,EXIDEIND,30-Jul-2020,177.5,CE,0,0,0,14.3,0.9,0,0,0,0,06-JUL-2020,
OPTSTK,EXIDEIND,30-Jul-2020,180,CE,1.05,1.2,0.95,1.15,1.15,37,241.2,198000,-3600,06-JUL-2020,
OPTSTK,EXIDEIND,30-Jul-2020,182.5,CE,0,0,0,12.8,0.45,0,0,0,0,06-JUL-2020,
OPTSTK,EXIDEIND,30-Jul-2020,185,CE,0,0,0,0.35,0.35,0,0,7200,0,06-JUL-2020,
OPTSTK,EXIDEIND,30-Jul-2020,187.5,CE,0,0,0,11.5,0.25,0,0,0,0,06-JUL-2020,
OPTSTK,EXIDEIND,30-Jul-2020,190,CE,0.55,0.55,0.45,0.55,0.55,6,41.14,28800,-3600,06-JUL-2020,
OPTSTK,EXIDEIND,30-Jul-2020,192.5,CE,0,0,0,10.3,0.1,0,0,0,0,06-JUL-2020,
OPTSTK,EXIDEIND,30-Jul-2020,195,CE,0,0,0,9.75,0.1,0,0,0,0,06-JUL-2020,
OPTSTK,EXIDEIND,30-Jul-2020,197.5,CE,0,0,0,9.2,0.05,0,0,0,0,06-JUL-2020,
OPTSTK,EXIDEIND,30-Jul-2020,200,CE,0,0,0,0.4,0.05,0,0,10800,0,06-JUL-2020,
OPTSTK,EXIDEIND,30-Jul-2020,202.5,CE,0,0,0,8.25,0.05,0,0,0,0,06-JUL-2020,
OPTSTK,EXIDEIND,30-Jul-2020,205,CE,0,0,0,7.8,0.05,0,0,0,0,06-JUL-2020,
OPTSTK,EXIDEIND,30-Jul-2020,107.5,PE,0,0,0,2.6,0.05,0,0,0,0,06-JUL-2020,
OPTSTK,EXIDEIND,30-Jul-2020,110,PE,0,0,0,3,0.05,0,0,0,0,06-JUL-2020,
OPTSTK,EXIDEIND,30-Jul-2020,112.5,PE,0,0,0,3.45,0.05,0,0,0,0,06-JUL-2020,
OPTSTK,EXIDEIND,30-Jul-2020,115,PE,0,0,0,3.95,0.05,0,0,0,0,06-JUL-2020,
OPTSTK,EXIDEIND,30-Jul-2020,117.5,PE,0,0,0,4.5,0.05,0,0,0,0,06-JUL-2020,
OPTSTK,EXIDEIND,30-Jul-2020,120,PE,0,0,0,1,0.05,0,0,7200,0,06-JUL-2020,
OPTSTK,EXIDEIND,30-Jul-2020,122.5,PE,0,0,0,5.7,0.05,0,0,0,0,06-JUL-2020,
OPTSTK,EXIDEIND,30-Jul-2020,125,PE,0,0,0,6.4,0.05,0,0,0,0,06-JUL-2020,
OPTSTK,EXIDEIND,30-Jul-2020,127.5,PE,0,0,0,7.15,0.05,0,0,0,0,06-JUL-2020,
OPTSTK,EXIDEIND,30-Jul-2020,130,PE,0.45,0.5,0.35,0.45,0.1,22,103.31,115200,-43200,06-JUL-2020,
OPTSTK,EXIDEIND,30-Jul-2020,132.5,PE,0,0,0,8.75,0.2,0,0,0,0,06-JUL-2020,
OPTSTK,EXIDEIND,30-Jul-2020,135,PE,0.75,0.75,0.75,0.75,0.3,4,19.54,72000,-14400,06-JUL-2020,
OPTSTK,EXIDEIND,30-Jul-2020,137.5,PE,0,0,0,10.6,0.45,0,0,0,0,06-JUL-2020,
OPTSTK,EXIDEIND,30-Jul-2020,140,PE,1.5,1.5,1.05,1.2,1.2,76,386.61,540000,-50400,06-JUL-2020,
OPTSTK,EXIDEIND,30-Jul-2020,142.5,PE,1.4,1.8,1.4,1.6,1.6,2,10.37,43200,0,06-JUL-2020,
OPTSTK,EXIDEIND,30-Jul-2020,145,PE,2.4,2.45,1.8,2,2,24,127.18,118800,25200,06-JUL-2020,
OPTSTK,EXIDEIND,30-Jul-2020,147.5,PE,0,0,0,14.9,2,0,0,0,0,06-JUL-2020,
OPTSTK,EXIDEIND,30-Jul-2020,150,PE,4,4.35,3.15,3.3,3.3,77,425.94,306000,32400,06-JUL-2020,
OPTSTK,EXIDEIND,30-Jul-2020,152.5,PE,0,0,0,8.45,3.55,0,0,18000,0,06-JUL-2020,
OPTSTK,EXIDEIND,30-Jul-2020,155,PE,6.1,6.2,4.9,5.3,5.3,38,219.73,115200,18000,06-JUL-2020,
OPTSTK,EXIDEIND,30-Jul-2020,157.5,PE,6.35,6.35,6.35,6.35,5.7,1,5.89,18000,3600,06-JUL-2020,
OPTSTK,EXIDEIND,30-Jul-2020,160,PE,8.95,8.95,7.55,7.6,7.6,14,84.8,68400,14400,06-JUL-2020,
OPTSTK,EXIDEIND,30-Jul-2020,162.5,PE,0,0,0,22.8,8.55,0,0,0,0,06-JUL-2020,
OPTSTK,EXIDEIND,30-Jul-2020,165,PE,0,0,0,16.05,10.2,0,0,7200,0,06-JUL-2020,
OPTSTK,EXIDEIND,30-Jul-2020,167.5,PE,0,0,0,18,12,0,0,14400,0,06-JUL-2020,
OPTSTK,EXIDEIND,30-Jul-2020,170,PE,0,0,0,22,13.9,0,0,10800,0,06-JUL-2020,
OPTSTK,EXIDEIND,30-Jul-2020,172.5,PE,0,0,0,21.7,15.9,0,0,14400,0,06-JUL-2020,
OPTSTK,EXIDEIND,30-Jul-2020,175,PE,0,0,0,30.6,18.05,0,0,0,0,06-JUL-2020,
OPTSTK,EXIDEIND,30-Jul-2020,177.5,PE,0,0,0,32.3,20.25,0,0,0,0,06-JUL-2020,
OPTSTK,EXIDEIND,30-Jul-2020,180,PE,0,0,0,29.5,22.5,0,0,7200,0,06-JUL-2020,
OPTSTK,EXIDEIND,30-Jul-2020,182.5,PE,0,0,0,35.75,24.8,0,0,0,0,06-JUL-2020,
OPTSTK,EXIDEIND,30-Jul-2020,185,PE,0,0,0,31.95,27.2,0,0,14400,0,06-JUL-2020,
OPTSTK,EXIDEIND,30-Jul-2020,187.5,PE,0,0,0,34.15,29.55,0,0,7200,0,06-JUL-2020,
OPTSTK,EXIDEIND,30-Jul-2020,190,PE,0,0,0,41.2,32,0,0,0,0,06-JUL-2020,
OPTSTK,EXIDEIND,30-Jul-2020,192.5,PE,0,0,0,43.1,34.45,0,0,0,0,06-JUL-2020,
OPTSTK,EXIDEIND,30-Jul-2020,195,PE,0,0,0,45,36.9,0,0,0,0,06-JUL-2020,
OPTSTK,EXIDEIND,30-Jul-2020,197.5,PE,0,0,0,46.95,39.35,0,0,0,0,06-JUL-2020,
OPTSTK,EXIDEIND,30-Jul-2020,200,PE,0,0,0,45.25,41.85,0,0,14400,0,06-JUL-2020,
OPTSTK,EXIDEIND,30-Jul-2020,202.5,PE,0,0,0,50.9,44.3,0,0,0,0,06-JUL-2020,
OPTSTK,EXIDEIND,30-Jul-2020,205,PE,0,0,0,52.95,46.8,0,0,0,0,06-JUL-2020,
OPTSTK,EXIDEIND,27-Aug-2020,107.5,CE,0,0,0,53.55,50.8,0,0,0,0,06-JUL-2020,
OPTSTK,EXIDEIND,27-Aug-2020,110,CE,0,0,0,51.35,48.35,0,0,0,0,06-JUL-2020,
OPTSTK,EXIDEIND,27-Aug-2020,112.5,CE,0,0,0,49.15,45.85,0,0,0,0,06-JUL-2020,
OPTSTK,EXIDEIND,27-Aug-2020,115,CE,0,0,0,46.95,43.4,0,0,0,0,06-JUL-2020,
OPTSTK,EXIDEIND,27-Aug-2020,117.5,CE,0,0,0,44.85,40.95,0,0,0,0,06-JUL-2020,
OPTSTK,EXIDEIND,27-Aug-2020,120,CE,0,0,0,42.8,38.55,0,0,0,0,06-JUL-2020,
OPTSTK,EXIDEIND,27-Aug-2020,122.5,CE,0,0,0,40.75,36.15,0,0,0,0,06-JUL-2020,
OPTSTK,EXIDEIND,27-Aug-2020,125,CE,0,0,0,38.8,33.75,0,0,0,0,06-JUL-2020,
OPTSTK,EXIDEIND,27-Aug-2020,127.5,CE,0,0,0,36.85,31.45,0,0,0,0,06-JUL-2020,
OPTSTK,EXIDEIND,27-Aug-2020,130,CE,0,0,0,35,29.15,0,0,0,0,06-JUL-2020,
OPTSTK,EXIDEIND,27-Aug-2020,132.5,CE,0,0,0,33.2,26.9,0,0,0,0,06-JUL-2020,
OPTSTK,EXIDEIND,27-Aug-2020,135,CE,0,0,0,31.45,24.75,0,0,0,0,06-JUL-2020,
OPTSTK,EXIDEIND,27-Aug-2020,137.5,CE,0,0,0,29.75,22.65,0,0,0,0,06-JUL-2020,
OPTSTK,EXIDEIND,27-Aug-2020,140,CE,0,0,0,28.15,20.65,0,0,0,0,06-JUL-2020,
OPTSTK,EXIDEIND,27-Aug-2020,142.5,CE,0,0,0,26.55,18.7,0,0,0,0,06-JUL-2020,
OPTSTK,EXIDEIND,27-Aug-2020,145,CE,0,0,0,25.05,16.9,0,0,0,0,06-JUL-2020,
OPTSTK,EXIDEIND,27-Aug-2020,147.5,CE,0,0,0,23.6,15.15,0,0,0,0,06-JUL-2020,
OPTSTK,EXIDEIND,27-Aug-2020,150,CE,0,0,0,22.25,13.55,0,0,0,0,06-JUL-2020,
OPTSTK,EXIDEIND,27-Aug-2020,152.5,CE,0,0,0,20.9,12.05,0,0,0,0,06-JUL-2020,
OPTSTK,EXIDEIND,27-Aug-2020,155,CE,0,0,0,19.65,10.65,0,0,0,0,06-JUL-2020,
OPTSTK,EXIDEIND,27-Aug-2020,157.5,CE,0,0,0,18.45,9.4,0,0,0,0,06-JUL-2020,
OPTSTK,EXIDEIND,27-Aug-2020,160,CE,0,0,0,17.3,8.2,0,0,0,0,06-JUL-2020,
OPTSTK,EXIDEIND,27-Aug-2020,162.5,CE,0,0,0,16.2,7.15,0,0,0,0,06-JUL-2020,
OPTSTK,EXIDEIND,27-Aug-2020,165,CE,0,0,0,15.15,6.2,0,0,0,0,06-JUL-2020,
OPTSTK,EXIDEIND,27-Aug-2020,167.5,CE,0,0,0,14.2,5.35,0,0,0,0,06-JUL-2020,
OPTSTK,EXIDEIND,27-Aug-2020,170,CE,0,0,0,13.25,4.6,0,0,0,0,06-JUL-2020,
OPTSTK,EXIDEIND,27-Aug-2020,172.5,CE,0,0,0,12.4,3.95,0,0,0,0,06-JUL-2020,
OPTSTK,EXIDEIND,27-Aug-2020,175,CE,0,0,0,11.55,3.35,0,0,0,0,06-JUL-2020,
OPTSTK,EXIDEIND,27-Aug-2020,177.5,CE,0,0,0,10.8,2.85,0,0,0,0,06-JUL-2020,
OPTSTK,EXIDEIND,27-Aug-2020,180,CE,0,0,0,10.05,2.4,0,0,0,0,06-JUL-2020,
OPTSTK,EXIDEIND,27-Aug-2020,182.5,CE,0,0,0,9.35,2,0,0,0,0,06-JUL-2020,
OPTSTK,EXIDEIND,27-Aug-2020,185,CE,0,0,0,8.7,1.65,0,0,0,0,06-JUL-2020,
OPTSTK,EXIDEIND,27-Aug-2020,187.5,CE,0,0,0,8.1,1.4,0,0,0,0,06-JUL-2020,
OPTSTK,EXIDEIND,27-Aug-2020,190,CE,0,0,0,7.55,1.15,0,0,0,0,06-JUL-2020,
OPTSTK,EXIDEIND,27-Aug-2020,192.5,CE,0,0,0,7,0.95,0,0,0,0,06-JUL-2020,
OPTSTK,EXIDEIND,27-Aug-2020,195,CE,0,0,0,6.5,0.8,0,0,0,0,06-JUL-2020,
OPTSTK,EXIDEIND,27-Aug-2020,197.5,CE,0,0,0,6.05,0.65,0,0,0,0,06-JUL-2020,
OPTSTK,EXIDEIND,27-Aug-2020,200,CE,0,0,0,5.6,0.5,0,0,0,0,06-JUL-2020,
OPTSTK,EXIDEIND,27-Aug-2020,202.5,CE,0,0,0,5.2,0.4,0,0,0,0,06-JUL-2020,
OPTSTK,EXIDEIND,27-Aug-2020,205,CE,0,0,0,4.8,0.35,0,0,0,0,06-JUL-2020,
OPTSTK,EXIDEIND,27-Aug-2020,107.5,PE,0,0,0,1.05,0.05,0,0,0,0,06-JUL-2020,
OPTSTK,EXIDEIND,27-Aug-2020,110,PE,0,0,0,1.3,0.05,0,0,0,0,06-JUL-2020,
OPTSTK,EXIDEIND,27-Aug-2020,112.5,PE,0,0,0,1.55,0.05,0,0,0,0,06-JUL-2020,
OPTSTK,EXIDEIND,27-Aug-2020,115,PE,0,0,0,1.85,0.05,0,0,0,0,06-JUL-2020,
OPTSTK,EXIDEIND,27-Aug-2020,117.5,PE,0,0,0,2.25,0.1,0,0,0,0,06-JUL-2020,
OPTSTK,EXIDEIND,27-Aug-2020,120,PE,0,0,0,2.6,0.15,0,0,0,0,06-JUL-2020,
OPTSTK,EXIDEIND,27-Aug-2020,122.5,PE,0,0,0,3.05,0.25,0,0,0,0,06-JUL-2020,
OPTSTK,EXIDEIND,27-Aug-2020,125,PE,0,0,0,3.55,0.35,0,0,0,0,06-JUL-2020,
OPTSTK,EXIDEIND,27-Aug-2020,127.5,PE,0,0,0,4.1,0.5,0,0,0,0,06-JUL-2020,
OPTSTK,EXIDEIND,27-Aug-2020,130,PE,0,0,0,4.75,0.7,0,0,0,0,06-JUL-2020,
OPTSTK,EXIDEIND,27-Aug-2020,132.5,PE,0,0,0,5.4,0.95,0,0,0,0,06-JUL-2020,
OPTSTK,EXIDEIND,27-Aug-2020,135,PE,0,0,0,6.1,1.3,0,0,0,0,06-JUL-2020,
OPTSTK,EXIDEIND,27-Aug-2020,137.5,PE,0,0,0,6.9,1.7,0,0,0,0,06-JUL-2020,
OPTSTK,EXIDEIND,27-Aug-2020,140,PE,0,0,0,7.75,2.15,0,0,0,0,06-JUL-2020,
OPTSTK,EXIDEIND,27-Aug-2020,142.5,PE,0,0,0,8.65,2.7,0,0,0,0,06-JUL-2020,
OPTSTK,EXIDEIND,27-Aug-2020,145,PE,0,0,0,9.6,3.35,0,0,0,0,06-JUL-2020,
OPTSTK,EXIDEIND,27-Aug-2020,147.5,PE,0,0,0,10.6,4.15,0,0,0,0,06-JUL-2020,
OPTSTK,EXIDEIND,27-Aug-2020,150,PE,0,0,0,11.7,5,0,0,0,0,06-JUL-2020,
OPTSTK,EXIDEIND,27-Aug-2020,152.5,PE,0,0,0,12.85,6,0,0,0,0,06-JUL-2020,
OPTSTK,EXIDEIND,27-Aug-2020,155,PE,0,0,0,14.05,7.1,0,0,0,0,06-JUL-2020,
OPTSTK,EXIDEIND,27-Aug-2020,157.5,PE,0,0,0,15.35,8.3,0,0,0,0,06-JUL-2020,
OPTSTK,EXIDEIND,27-Aug-2020,160,PE,0,0,0,16.65,9.6,0,0,0,0,06-JUL-2020,
OPTSTK,EXIDEIND,27-Aug-2020,162.5,PE,0,0,0,18.05,11.05,0,0,0,0,06-JUL-2020,
OPTSTK,EXIDEIND,27-Aug-2020,165,PE,0,0,0,19.45,12.55,0,0,0,0,06-JUL-2020,
OPTSTK,EXIDEIND,27-Aug-2020,167.5,PE,0,0,0,20.95,14.2,0,0,0,0,06-JUL-2020,
OPTSTK,EXIDEIND,27-Aug-2020,170,PE,0,0,0,22.5,15.9,0,0,0,0,06-JUL-2020,
OPTSTK,EXIDEIND,27-Aug-2020,172.5,PE,0,0,0,24.1,17.75,0,0,0,0,06-JUL-2020,
OPTSTK,EXIDEIND,27-Aug-2020,175,PE,0,0,0,25.75,19.65,0,0,0,0,06-JUL-2020,
OPTSTK,EXIDEIND,27-Aug-2020,177.5,PE,0,0,0,27.4,21.6,0,0,0,0,06-JUL-2020,
OPTSTK,EXIDEIND,27-Aug-2020,180,PE,0,0,0,29.15,23.65,0,0,0,0,06-JUL-2020,
OPTSTK,EXIDEIND,27-Aug-2020,182.5,PE,0,0,0,30.95,25.75,0,0,0,0,06-JUL-2020,
OPTSTK,EXIDEIND,27-Aug-2020,185,PE,0,0,0,32.75,27.9,0,0,0,0,06-JUL-2020,
OPTSTK,EXIDEIND,27-Aug-2020,187.5,PE,0,0,0,34.6,30.1,0,0,0,0,06-JUL-2020,
OPTSTK,EXIDEIND,27-Aug-2020,190,PE,0,0,0,36.5,32.35,0,0,0,0,06-JUL-2020,
OPTSTK,EXIDEIND,27-Aug-2020,192.5,PE,0,0,0,38.45,34.65,0,0,0,0,06-JUL-2020,
OPTSTK,EXIDEIND,27-Aug-2020,195,PE,0,0,0,40.45,36.95,0,0,0,0,06-JUL-2020,
OPTSTK,EXIDEIND,27-Aug-2020,197.5,PE,0,0,0,42.45,39.3,0,0,0,0,06-JUL-2020,
OPTSTK,EXIDEIND,27-Aug-2020,200,PE,0,0,0,44.45,41.65,0,0,0,0,06-JUL-2020,
OPTSTK,EXIDEIND,27-Aug-2020,202.5,PE,0,0,0,46.5,44.05,0,0,0,0,06-JUL-2020,
OPTSTK,EXIDEIND,27-Aug-2020,205,PE,0,0,0,48.6,46.45,0,0,0,0,06-JUL-2020,
OPTSTK,EXIDEIND,24-Sep-2020,107.5,CE,0,0,0,44.7,51.25,0,0,0,0,06-JUL-2020,
OPTSTK,EXIDEIND,24-Sep-2020,110,CE,0,0,0,42.45,48.8,0,0,0,0,06-JUL-2020,
OPTSTK,EXIDEIND,24-Sep-2020,112.5,CE,0,0,0,40.25,46.4,0,0,0,0,06-JUL-2020,
OPTSTK,EXIDEIND,24-Sep-2020,115,CE,0,0,0,38.1,44,0,0,0,0,06-JUL-2020,
OPTSTK,EXIDEIND,24-Sep-2020,117.5,CE,0,0,0,36,41.65,0,0,0,0,06-JUL-2020,
OPTSTK,EXIDEIND,24-Sep-2020,120,CE,0,0,0,33.95,39.3,0,0,0,0,06-JUL-2020,
OPTSTK,EXIDEIND,24-Sep-2020,122.5,CE,0,0,0,31.95,37,0,0,0,0,06-JUL-2020,
OPTSTK,EXIDEIND,24-Sep-2020,125,CE,0,0,0,30,34.75,0,0,0,0,06-JUL-2020,
OPTSTK,EXIDEIND,24-Sep-2020,127.5,CE,0,0,0,28.15,32.55,0,0,0,0,06-JUL-2020,
OPTSTK,EXIDEIND,24-Sep-2020,130,CE,0,0,0,26.35,30.4,0,0,0,0,06-JUL-2020,
OPTSTK,EXIDEIND,24-Sep-2020,132.5,CE,0,0,0,24.6,28.3,0,0,0,0,06-JUL-2020,
OPTSTK,EXIDEIND,24-Sep-2020,135,CE,0,0,0,22.95,26.25,0,0,0,0,06-JUL-2020,
OPTSTK,EXIDEIND,24-Sep-2020,137.5,CE,0,0,0,21.4,24.3,0,0,0,0,06-JUL-2020,
OPTSTK,EXIDEIND,24-Sep-2020,140,CE,0,0,0,19.85,22.45,0,0,0,0,06-JUL-2020,
OPTSTK,EXIDEIND,24-Sep-2020,142.5,CE,0,0,0,18.45,20.65,0,0,0,0,06-JUL-2020,
OPTSTK,EXIDEIND,24-Sep-2020,145,CE,0,0,0,17.1,18.95,0,0,0,0,06-JUL-2020,
OPTSTK,EXIDEIND,24-Sep-2020,147.5,CE,0,0,0,15.8,17.3,0,0,0,0,06-JUL-2020,
OPTSTK,EXIDEIND,24-Sep-2020,150,CE,0,0,0,14.6,15.8,0,0,0,0,06-JUL-2020,
OPTSTK,EXIDEIND,24-Sep-2020,152.5,CE,0,0,0,13.45,14.35,0,0,0,0,06-JUL-2020,
OPTSTK,EXIDEIND,24-Sep-2020,155,CE,0,0,0,12.4,13,0,0,0,0,06-JUL-2020,
OPTSTK,EXIDEIND,24-Sep-2020,157.5,CE,0,0,0,11.35,11.75,0,0,0,0,06-JUL-2020,
OPTSTK,EXIDEIND,24-Sep-2020,160,CE,0,0,0,10.45,10.6,0,0,0,0,06-JUL-2020,
OPTSTK,EXIDEIND,24-Sep-2020,162.5,CE,0,0,0,9.55,9.5,0,0,0,0,06-JUL-2020,
OPTSTK,EXIDEIND,24-Sep-2020,165,CE,0,0,0,8.75,8.5,0,0,0,0,06-JUL-2020,
OPTSTK,EXIDEIND,24-Sep-2020,167.5,CE,0,0,0,8,7.6,0,0,0,0,06-JUL-2020,
OPTSTK,EXIDEIND,24-Sep-2020,170,CE,0,0,0,7.3,6.75,0,0,0,0,06-JUL-2020,
OPTSTK,EXIDEIND,24-Sep-2020,172.5,CE,0,0,0,6.65,6,0,0,0,0,06-JUL-2020,
OPTSTK,EXIDEIND,24-Sep-2020,175,CE,0,0,0,6.05,5.3,0,0,0,0,06-JUL-2020,
OPTSTK,EXIDEIND,24-Sep-2020,177.5,CE,0,0,0,5.5,4.7,0,0,0,0,06-JUL-2020,
OPTSTK,EXIDEIND,24-Sep-2020,180,CE,0,0,0,5,4.15,0,0,0,0,06-JUL-2020,
OPTSTK,EXIDEIND,24-Sep-2020,182.5,CE,0,0,0,4.55,3.65,0,0,0,0,06-JUL-2020,
OPTSTK,EXIDEIND,24-Sep-2020,185,CE,0,0,0,4.1,3.2,0,0,0,0,06-JUL-2020,
OPTSTK,EXIDEIND,24-Sep-2020,187.5,CE,0,0,0,3.75,2.8,0,0,0,0,06-JUL-2020,
OPTSTK,EXIDEIND,24-Sep-2020,190,CE,0,0,0,3.35,2.45,0,0,0,0,06-JUL-2020,
OPTSTK,EXIDEIND,24-Sep-2020,192.5,CE,0,0,0,3.05,2.1,0,0,0,0,06-JUL-2020,
OPTSTK,EXIDEIND,24-Sep-2020,195,CE,0,0,0,2.75,1.85,0,0,0,0,06-JUL-2020,
OPTSTK,EXIDEIND,24-Sep-2020,197.5,CE,0,0,0,2.5,1.6,0,0,0,0,06-JUL-2020,
OPTSTK,EXIDEIND,24-Sep-2020,200,CE,0,0,0,2.25,1.4,0,0,0,0,06-JUL-2020,
OPTSTK,EXIDEIND,24-Sep-2020,202.5,CE,0,0,0,2,1.2,0,0,0,0,06-JUL-2020,
OPTSTK,EXIDEIND,24-Sep-2020,205,CE,0,0,0,1.8,1,0,0,0,0,06-JUL-2020,
OPTSTK,EXIDEIND,24-Sep-2020,107.5,PE,0,0,0,0.85,0.1,0,0,0,0,06-JUL-2020,
OPTSTK,EXIDEIND,24-Sep-2020,110,PE,0,0,0,1.1,0.15,0,0,0,0,06-JUL-2020,
OPTSTK,EXIDEIND,24-Sep-2020,112.5,PE,0,0,0,1.35,0.2,0,0,0,0,06-JUL-2020,
OPTSTK,EXIDEIND,24-Sep-2020,115,PE,0,0,0,1.65,0.3,0,0,0,0,06-JUL-2020,
OPTSTK,EXIDEIND,24-Sep-2020,117.5,PE,0,0,0,2,0.4,0,0,0,0,06-JUL-2020,
OPTSTK,EXIDEIND,24-Sep-2020,120,PE,0,0,0,2.45,0.55,0,0,0,0,06-JUL-2020,
OPTSTK,EXIDEIND,24-Sep-2020,122.5,PE,0,0,0,2.9,0.7,0,0,0,0,06-JUL-2020,
OPTSTK,EXIDEIND,24-Sep-2020,125,PE,0,0,0,3.45,0.95,0,0,0,0,06-JUL-2020,
OPTSTK,EXIDEIND,24-Sep-2020,127.5,PE,0,0,0,4.05,1.2,0,0,0,0,06-JUL-2020,
OPTSTK,EXIDEIND,24-Sep-2020,130,PE,0,0,0,4.75,1.5,0,0,0,0,06-JUL-2020,
OPTSTK,EXIDEIND,24-Sep-2020,132.5,PE,0,0,0,5.5,1.9,0,0,0,0,06-JUL-2020,
OPTSTK,EXIDEIND,24-Sep-2020,135,PE,0,0,0,6.3,2.35,0,0,0,0,06-JUL-2020,
OPTSTK,EXIDEIND,24-Sep-2020,137.5,PE,0,0,0,7.2,2.9,0,0,0,0,06-JUL-2020,
OPTSTK,EXIDEIND,24-Sep-2020,140,PE,0,0,0,8.15,3.5,0,0,0,0,06-JUL-2020,
OPTSTK,EXIDEIND,24-Sep-2020,142.5,PE,0,0,0,9.2,4.15,0,0,0,0,06-JUL-2020,
OPTSTK,EXIDEIND,24-Sep-2020,145,PE,0,0,0,10.3,4.95,0,0,0,0,06-JUL-2020,
OPTSTK,EXIDEIND,24-Sep-2020,147.5,PE,0,0,0,11.5,5.8,0,0,0,0,06-JUL-2020,
OPTSTK,EXIDEIND,24-Sep-2020,150,PE,0,0,0,12.75,6.75,0,0,0,0,06-JUL-2020,
OPTSTK,EXIDEIND,24-Sep-2020,152.5,PE,0,0,0,14.1,7.8,0,0,0,0,06-JUL-2020,
OPTSTK,EXIDEIND,24-Sep-2020,155,PE,0,0,0,15.5,8.9,0,0,0,0,06-JUL-2020,
OPTSTK,EXIDEIND,24-Sep-2020,157.5,PE,0,0,0,16.95,10.15,0,0,0,0,06-JUL-2020,
OPTSTK,EXIDEIND,24-Sep-2020,160,PE,0,0,0,18.5,11.45,0,0,0,0,06-JUL-2020,
OPTSTK,EXIDEIND,24-Sep-2020,162.5,PE,0,0,0,20.1,12.85,0,0,0,0,06-JUL-2020,
OPTSTK,EXIDEIND,24-Sep-2020,165,PE,0,0,0,21.75,14.35,0,0,0,0,06-JUL-2020,
OPTSTK,EXIDEIND,24-Sep-2020,167.5,PE,0,0,0,23.45,15.9,0,0,0,0,06-JUL-2020,
OPTSTK,EXIDEIND,24-Sep-2020,170,PE,0,0,0,25.25,17.55,0,0,0,0,06-JUL-2020,
OPTSTK,EXIDEIND,24-Sep-2020,172.5,PE,0,0,0,27.05,19.25,0,0,0,0,06-JUL-2020,
OPTSTK,EXIDEIND,24-Sep-2020,175,PE,0,0,0,28.95,21.05,0,0,0,0,06-JUL-2020,
OPTSTK,EXIDEIND,24-Sep-2020,177.5,PE,0,0,0,30.85,22.9,0,0,0,0,06-JUL-2020,
OPTSTK,EXIDEIND,24-Sep-2020,180,PE,0,0,0,32.8,24.8,0,0,0,0,06-JUL-2020,
OPTSTK,EXIDEIND,24-Sep-2020,182.5,PE,0,0,0,34.85,26.8,0,0,0,0,06-JUL-2020,
OPTSTK,EXIDEIND,24-Sep-2020,185,PE,0,0,0,36.85,28.8,0,0,0,0,06-JUL-2020,
OPTSTK,EXIDEIND,24-Sep-2020,187.5,PE,0,0,0,38.95,30.9,0,0,0,0,06-JUL-2020,
OPTSTK,EXIDEIND,24-Sep-2020,190,PE,0,0,0,41.05,33,0,0,0,0,06-JUL-2020,
OPTSTK,EXIDEIND,24-Sep-2020,192.5,PE,0,0,0,43.2,35.2,0,0,0,0,06-JUL-2020,
OPTSTK,EXIDEIND,24-Sep-2020,195,PE,0,0,0,45.4,37.4,0,0,0,0,06-JUL-2020,
OPTSTK,EXIDEIND,24-Sep-2020,197.5,PE,0,0,0,47.6,39.6,0,0,0,0,06-JUL-2020,
OPTSTK,EXIDEIND,24-Sep-2020,200,PE,0,0,0,49.8,41.85,0,0,0,0,06-JUL-2020,
OPTSTK,EXIDEIND,24-Sep-2020,202.5,PE,0,0,0,52.05,44.15,0,0,0,0,06-JUL-2020,
OPTSTK,EXIDEIND,24-Sep-2020,205,PE,0,0,0,54.35,46.45,0,0,0,0,06-JUL-2020,
OPTSTK,FEDERALBNK,30-Jul-2020,20,CE,0,0,0,29.3,33.7,0,0,0,0,06-JUL-2020,
OPTSTK,FEDERALBNK,30-Jul-2020,22.5,CE,0,0,0,27.05,31.2,0,0,0,0,06-JUL-2020,
OPTSTK,FEDERALBNK,30-Jul-2020,25,CE,0,0,0,24.9,28.7,0,0,0,0,06-JUL-2020,
OPTSTK,FEDERALBNK,30-Jul-2020,27.5,CE,0,0,0,22.85,26.25,0,0,0,0,06-JUL-2020,
OPTSTK,FEDERALBNK,30-Jul-2020,30,CE,0,0,0,20.9,23.75,0,0,0,0,06-JUL-2020,
OPTSTK,FEDERALBNK,30-Jul-2020,32.5,CE,0,0,0,19.1,21.25,0,0,0,0,06-JUL-2020,
OPTSTK,FEDERALBNK,30-Jul-2020,33,CE,0,0,0,12.3,20.75,0,0,0,0,06-JUL-2020,
OPTSTK,FEDERALBNK,30-Jul-2020,34,CE,0,0,0,11.6,19.75,0,0,0,0,06-JUL-2020,
OPTSTK,FEDERALBNK,30-Jul-2020,35,CE,0,0,0,17.4,18.75,0,0,0,0,06-JUL-2020,
OPTSTK,FEDERALBNK,30-Jul-2020,36,CE,0,0,0,10.35,17.75,0,0,0,0,06-JUL-2020,
OPTSTK,FEDERALBNK,30-Jul-2020,37,CE,0,0,0,9.8,16.75,0,0,0,0,06-JUL-2020,
OPTSTK,FEDERALBNK,30-Jul-2020,37.5,CE,0,0,0,15.85,16.25,0,0,0,0,06-JUL-2020,
OPTSTK,FEDERALBNK,30-Jul-2020,38,CE,0,0,0,9.2,15.75,0,0,0,0,06-JUL-2020,
OPTSTK,FEDERALBNK,30-Jul-2020,39,CE,0,0,0,8.7,14.8,0,0,0,0,06-JUL-2020,
OPTSTK,FEDERALBNK,30-Jul-2020,40,CE,0,0,0,14.4,13.8,0,0,0,0,06-JUL-2020,
OPTSTK,FEDERALBNK,30-Jul-2020,41,CE,0,0,0,7.7,12.85,0,0,0,0,06-JUL-2020,
OPTSTK,FEDERALBNK,30-Jul-2020,42,CE,0,0,0,7.25,11.9,0,0,0,0,06-JUL-2020,
OPTSTK,FEDERALBNK,30-Jul-2020,42.5,CE,0,0,0,7.2,11.4,0,0,17000,0,06-JUL-2020,
OPTSTK,FEDERALBNK,30-Jul-2020,43,CE,0,0,0,6.8,10.95,0,0,0,0,06-JUL-2020,
OPTSTK,FEDERALBNK,30-Jul-2020,44,CE,0,0,0,6.4,10,0,0,0,0,06-JUL-2020,
OPTSTK,FEDERALBNK,30-Jul-2020,45,CE,0,0,0,8.7,9.15,0,0,170000,0,06-JUL-2020,
OPTSTK,FEDERALBNK,30-Jul-2020,46,CE,0,0,0,8.1,8.25,0,0,76500,0,06-JUL-2020,
OPTSTK,FEDERALBNK,30-Jul-2020,47,CE,0,0,0,5.3,7.45,0,0,0,0,06-JUL-2020,
OPTSTK,FEDERALBNK,30-Jul-2020,47.5,CE,0,0,0,8,7.05,0,0,8500,0,06-JUL-2020,
OPTSTK,FEDERALBNK,30-Jul-2020,48,CE,0,0,0,7.5,6.65,0,0,25500,0,06-JUL-2020,
OPTSTK,FEDERALBNK,30-Jul-2020,49,CE,0,0,0,5.55,5.9,0,0,8500,0,06-JUL-2020,
OPTSTK,FEDERALBNK,30-Jul-2020,50,CE,6,6.2,5.6,5.6,5.25,17,80.91,425000,-51000,06-JUL-2020,
OPTSTK,FEDERALBNK,30-Jul-2020,51,CE,0,0,0,5.25,4.6,0,0,34000,0,06-JUL-2020,
OPTSTK,FEDERALBNK,30-Jul-2020,52,CE,5,5,4.35,4.4,4.4,13,62.64,204000,-34000,06-JUL-2020,
OPTSTK,FEDERALBNK,30-Jul-2020,52.5,CE,4.6,4.6,4.15,4.15,3.7,15,72.59,153000,25500,06-JUL-2020,
OPTSTK,FEDERALBNK,30-Jul-2020,53,CE,4.2,4.35,3.85,3.9,3.45,10,48.47,195500,-8500,06-JUL-2020,
OPTSTK,FEDERALBNK,30-Jul-2020,54,CE,3.65,3.9,3.4,3.45,3.45,47,230.3,790500,153000,06-JUL-2020,
OPTSTK,FEDERALBNK,30-Jul-2020,55,CE,3.15,3.45,2.95,3.05,3.05,520,2573.57,3697500,943500,06-JUL-2020,
OPTSTK,FEDERALBNK,30-Jul-2020,56,CE,2.95,2.95,2.6,2.6,2.6,36,179.91,705500,76500,06-JUL-2020,
OPTSTK,FEDERALBNK,30-Jul-2020,57,CE,2.3,2.65,2.3,2.3,2.3,36,181.88,357000,51000,06-JUL-2020,
OPTSTK,FEDERALBNK,30-Jul-2020,57.5,CE,2.4,2.4,2.15,2.15,2.15,15,76.23,238000,85000,06-JUL-2020,
OPTSTK,FEDERALBNK,30-Jul-2020,58,CE,2.1,2.35,2.1,2.35,1.5,2,10.23,144500,-8500,06-JUL-2020,
OPTSTK,FEDERALBNK,30-Jul-2020,59,CE,0,0,0,2,1.25,0,0,76500,0,06-JUL-2020,
OPTSTK,FEDERALBNK,30-Jul-2020,60,CE,1.7,1.75,1.45,1.5,1.5,172,900.56,3791000,102000,06-JUL-2020,
OPTSTK,FEDERALBNK,30-Jul-2020,61,CE,0,0,0,1.4,0.85,0,0,0,0,06-JUL-2020,
OPTSTK,FEDERALBNK,30-Jul-2020,62,CE,0,0,0,1.2,0.7,0,0,195500,0,06-JUL-2020,
OPTSTK,FEDERALBNK,30-Jul-2020,62.5,CE,0,0,0,1.15,0.65,0,0,280500,0,06-JUL-2020,
OPTSTK,FEDERALBNK,30-Jul-2020,63,CE,1,1,1,1,0.55,1,5.44,8500,8500,06-JUL-2020,
OPTSTK,FEDERALBNK,30-Jul-2020,64,CE,0.9,0.9,0.9,0.9,0.45,2,11.03,17000,0,06-JUL-2020,
OPTSTK,FEDERALBNK,30-Jul-2020,65,CE,0.8,0.8,0.7,0.75,0.75,70,391.23,1309000,17000,06-JUL-2020,
OPTSTK,FEDERALBNK,30-Jul-2020,66,CE,0,0,0,0.85,0.3,0,0,8500,0,06-JUL-2020,
OPTSTK,FEDERALBNK,30-Jul-2020,67,CE,0,0,0,1.05,0.25,0,0,0,0,06-JUL-2020,
OPTSTK,FEDERALBNK,30-Jul-2020,67.5,CE,0,0,0,0.55,0.2,0,0,34000,0,06-JUL-2020,
OPTSTK,FEDERALBNK,30-Jul-2020,68,CE,0,0,0,1.35,0.2,0,0,25500,0,06-JUL-2020,
OPTSTK,FEDERALBNK,30-Jul-2020,69,CE,0,0,0,0.65,0.15,0,0,0,0,06-JUL-2020,
OPTSTK,FEDERALBNK,30-Jul-2020,70,CE,0.35,0.4,0.35,0.35,0.35,27,161.52,943500,-85000,06-JUL-2020,
OPTSTK,FEDERALBNK,30-Jul-2020,72.5,CE,0,0,0,0.2,0.05,0,0,306000,0,06-JUL-2020,
OPTSTK,FEDERALBNK,30-Jul-2020,20,PE,0,0,0,0.1,0.05,0,0,17000,0,06-JUL-2020,
OPTSTK,FEDERALBNK,30-Jul-2020,22.5,PE,0,0,0,0.2,0.05,0,0,8500,0,06-JUL-2020,
OPTSTK,FEDERALBNK,30-Jul-2020,25,PE,0,0,0,0.8,0.05,0,0,0,0,06-JUL-2020,
OPTSTK,FEDERALBNK,30-Jul-2020,27.5,PE,0,0,0,1.2,0.05,0,0,0,0,06-JUL-2020,
OPTSTK,FEDERALBNK,30-Jul-2020,30,PE,0,0,0,1.7,0.05,0,0,0,0,06-JUL-2020,
OPTSTK,FEDERALBNK,30-Jul-2020,32.5,PE,0,0,0,0.1,0.05,0,0,51000,0,06-JUL-2020,
OPTSTK,FEDERALBNK,30-Jul-2020,33,PE,0,0,0,2.2,0.05,0,0,0,0,06-JUL-2020,
OPTSTK,FEDERALBNK,30-Jul-2020,34,PE,0,0,0,2.5,0.05,0,0,0,0,06-JUL-2020,
OPTSTK,FEDERALBNK,30-Jul-2020,35,PE,0.05,0.05,0.05,0.05,0.05,2,5.95,59500,17000,06-JUL-2020,
OPTSTK,FEDERALBNK,30-Jul-2020,36,PE,0,0,0,0.4,0.05,0,0,0,0,06-JUL-2020,
OPTSTK,FEDERALBNK,30-Jul-2020,37,PE,0,0,0,3.65,0.05,0,0,0,0,06-JUL-2020,
OPTSTK,FEDERALBNK,30-Jul-2020,37.5,PE,0,0,0,0.1,0.05,0,0,17000,0,06-JUL-2020,
OPTSTK,FEDERALBNK,30-Jul-2020,38,PE,0,0,0,4.1,0.05,0,0,0,0,06-JUL-2020,
OPTSTK,FEDERALBNK,30-Jul-2020,39,PE,0,0,0,4.55,0.05,0,0,0,0,06-JUL-2020,
OPTSTK,FEDERALBNK,30-Jul-2020,40,PE,0.2,0.2,0.2,0.2,0.05,4,13.66,799000,-17000,06-JUL-2020,
OPTSTK,FEDERALBNK,30-Jul-2020,41,PE,0,0,0,5.55,0.05,0,0,0,0,06-JUL-2020,
OPTSTK,FEDERALBNK,30-Jul-2020,42,PE,0,0,0,0.5,0.1,0,0,25500,0,06-JUL-2020,
OPTSTK,FEDERALBNK,30-Jul-2020,42.5,PE,0,0,0,0.35,0.15,0,0,102000,0,06-JUL-2020,
OPTSTK,FEDERALBNK,30-Jul-2020,43,PE,0,0,0,6.65,0.15,0,0,0,0,06-JUL-2020,
OPTSTK,FEDERALBNK,30-Jul-2020,44,PE,0,0,0,7.25,0.25,0,0,0,0,06-JUL-2020,
OPTSTK,FEDERALBNK,30-Jul-2020,45,PE,0.65,0.65,0.5,0.6,0.6,65,251.68,1147500,8500,06-JUL-2020,
OPTSTK,FEDERALBNK,30-Jul-2020,46,PE,0,0,0,0.65,0.5,0,0,178500,0,06-JUL-2020,
OPTSTK,FEDERALBNK,30-Jul-2020,47,PE,0,0,0,1.7,0.65,0,0,42500,0,06-JUL-2020,
OPTSTK,FEDERALBNK,30-Jul-2020,47.5,PE,1,1,1,1,0.75,1,4.12,127500,8500,06-JUL-2020,
OPTSTK,FEDERALBNK,30-Jul-2020,48,PE,1.1,1.15,1,1,1,5,20.84,144500,8500,06-JUL-2020,
OPTSTK,FEDERALBNK,30-Jul-2020,49,PE,1.45,1.45,1.25,1.25,1.15,3,12.83,110500,-17000,06-JUL-2020,
OPTSTK,FEDERALBNK,30-Jul-2020,50,PE,1.65,1.85,1.45,1.8,1.8,78,342.31,2048500,-34000,06-JUL-2020,
OPTSTK,FEDERALBNK,30-Jul-2020,51,PE,2.1,2.1,1.8,1.95,1.8,12,53.97,127500,8500,06-JUL-2020,
OPTSTK,FEDERALBNK,30-Jul-2020,52,PE,2.35,2.65,2.2,2.65,2.65,22,101.59,374000,59500,06-JUL-2020,
OPTSTK,FEDERALBNK,30-Jul-2020,52.5,PE,2.5,2.8,2.45,2.7,2.7,11,51.55,229500,34000,06-JUL-2020,
OPTSTK,FEDERALBNK,30-Jul-2020,53,PE,2.75,3.05,2.65,3.05,3.05,20,94.98,323000,59500,06-JUL-2020,
OPTSTK,FEDERALBNK,30-Jul-2020,54,PE,3.25,3.65,3.1,3.55,3.55,17,82.96,331500,102000,06-JUL-2020,
OPTSTK,FEDERALBNK,30-Jul-2020,55,PE,4.3,4.3,3.6,4.2,4.2,48,240.55,748000,127500,06-JUL-2020,
OPTSTK,FEDERALBNK,30-Jul-2020,56,PE,4.8,4.8,4.8,4.8,4.35,1,5.16,42500,0,06-JUL-2020,
OPTSTK,FEDERALBNK,30-Jul-2020,57,PE,0,0,0,6.15,5,0,0,8500,0,06-JUL-2020,
OPTSTK,FEDERALBNK,30-Jul-2020,57.5,PE,0,0,0,6.75,5.35,0,0,25500,0,06-JUL-2020,
OPTSTK,FEDERALBNK,30-Jul-2020,58,PE,0,0,0,6.6,5.7,0,0,42500,0,06-JUL-2020,
OPTSTK,FEDERALBNK,30-Jul-2020,59,PE,0,0,0,7.05,6.45,0,0,17000,0,06-JUL-2020,
OPTSTK,FEDERALBNK,30-Jul-2020,60,PE,7.05,7.05,7.05,7.05,7.2,1,5.69,68000,8500,06-JUL-2020,
OPTSTK,FEDERALBNK,30-Jul-2020,61,PE,0,0,0,19.8,8.05,0,0,0,0,06-JUL-2020,
OPTSTK,FEDERALBNK,30-Jul-2020,62,PE,0,0,0,18.95,8.9,0,0,0,0,06-JUL-2020,
OPTSTK,FEDERALBNK,30-Jul-2020,62.5,PE,0,0,0,18.85,9.3,0,0,0,0,06-JUL-2020,
OPTSTK,FEDERALBNK,30-Jul-2020,63,PE,0,0,0,19.8,9.75,0,0,0,0,06-JUL-2020,
OPTSTK,FEDERALBNK,30-Jul-2020,64,PE,0,0,0,19.3,10.65,0,0,0,0,06-JUL-2020,
OPTSTK,FEDERALBNK,30-Jul-2020,65,PE,0,0,0,20.75,11.55,0,0,0,0,06-JUL-2020,
OPTSTK,FEDERALBNK,30-Jul-2020,66,PE,0,0,0,18.95,12.45,0,0,0,0,06-JUL-2020,
OPTSTK,FEDERALBNK,30-Jul-2020,67,PE,0,0,0,17.8,13.4,0,0,0,0,06-JUL-2020,
OPTSTK,FEDERALBNK,30-Jul-2020,67.5,PE,0,0,0,22.7,13.85,0,0,0,0,06-JUL-2020,
OPTSTK,FEDERALBNK,30-Jul-2020,68,PE,0,0,0,18.7,14.35,0,0,0,0,06-JUL-2020,
OPTSTK,FEDERALBNK,30-Jul-2020,69,PE,0,0,0,18.35,15.3,0,0,0,0,06-JUL-2020,
OPTSTK,FEDERALBNK,30-Jul-2020,70,PE,0,0,0,24.7,16.25,0,0,0,0,06-JUL-2020,
OPTSTK,FEDERALBNK,30-Jul-2020,72.5,PE,0,0,0,26.8,18.7,0,0,0,0,06-JUL-2020,
OPTSTK,FEDERALBNK,27-Aug-2020,25,CE,0,0,0,19.05,28.8,0,0,0,0,06-JUL-2020,
OPTSTK,FEDERALBNK,27-Aug-2020,26,CE,0,0,0,18.25,27.8,0,0,0,0,06-JUL-2020,
OPTSTK,FEDERALBNK,27-Aug-2020,27,CE,0,0,0,17.5,26.8,0,0,0,0,06-JUL-2020,
OPTSTK,FEDERALBNK,27-Aug-2020,28,CE,0,0,0,16.75,25.8,0,0,0,0,06-JUL-2020,
OPTSTK,FEDERALBNK,27-Aug-2020,29,CE,0,0,0,16,24.85,0,0,0,0,06-JUL-2020,
OPTSTK,FEDERALBNK,27-Aug-2020,30,CE,0,0,0,15.3,23.85,0,0,0,0,06-JUL-2020,
OPTSTK,FEDERALBNK,27-Aug-2020,31,CE,0,0,0,14.6,22.85,0,0,0,0,06-JUL-2020,
OPTSTK,FEDERALBNK,27-Aug-2020,32,CE,0,0,0,13.95,21.85,0,0,0,0,06-JUL-2020,
OPTSTK,FEDERALBNK,27-Aug-2020,33,CE,0,0,0,13.3,20.9,0,0,0,0,06-JUL-2020,
OPTSTK,FEDERALBNK,27-Aug-2020,34,CE,0,0,0,12.7,19.9,0,0,0,0,06-JUL-2020,
OPTSTK,FEDERALBNK,27-Aug-2020,35,CE,0,0,0,12.1,18.95,0,0,0,0,06-JUL-2020,
OPTSTK,FEDERALBNK,27-Aug-2020,36,CE,0,0,0,11.55,17.95,0,0,0,0,06-JUL-2020,
OPTSTK,FEDERALBNK,27-Aug-2020,37,CE,0,0,0,11,17,0,0,0,0,06-JUL-2020,
OPTSTK,FEDERALBNK,27-Aug-2020,38,CE,0,0,0,10.5,16.05,0,0,0,0,06-JUL-2020,
OPTSTK,FEDERALBNK,27-Aug-2020,39,CE,0,0,0,10,15.15,0,0,0,0,06-JUL-2020,
OPTSTK,FEDERALBNK,27-Aug-2020,40,CE,0,0,0,9.5,14.25,0,0,0,0,06-JUL-2020,
OPTSTK,FEDERALBNK,27-Aug-2020,41,CE,0,0,0,9.05,13.35,0,0,0,0,06-JUL-2020,
OPTSTK,FEDERALBNK,27-Aug-2020,42,CE,0,0,0,8.6,12.45,0,0,0,0,06-JUL-2020,
OPTSTK,FEDERALBNK,27-Aug-2020,43,CE,0,0,0,8.2,11.65,0,0,0,0,06-JUL-2020,
OPTSTK,FEDERALBNK,27-Aug-2020,44,CE,0,0,0,7.8,10.8,0,0,0,0,06-JUL-2020,
OPTSTK,FEDERALBNK,27-Aug-2020,45,CE,0,0,0,7.45,10.05,0,0,0,0,06-JUL-2020,
OPTSTK,FEDERALBNK,27-Aug-2020,46,CE,0,0,0,7.05,9.25,0,0,0,0,06-JUL-2020,
OPTSTK,FEDERALBNK,27-Aug-2020,47,CE,0,0,0,6.7,8.55,0,0,0,0,06-JUL-2020,
OPTSTK,FEDERALBNK,27-Aug-2020,48,CE,0,0,0,6.4,7.85,0,0,0,0,06-JUL-2020,
OPTSTK,FEDERALBNK,27-Aug-2020,49,CE,0,0,0,6.1,7.2,0,0,0,0,06-JUL-2020,
OPTSTK,FEDERALBNK,27-Aug-2020,50,CE,0,0,0,5.8,6.6,0,0,0,0,06-JUL-2020,
OPTSTK,FEDERALBNK,27-Aug-2020,51,CE,0,0,0,5.5,6,0,0,0,0,06-JUL-2020,
OPTSTK,FEDERALBNK,27-Aug-2020,52,CE,0,0,0,5.2,5.45,0,0,0,0,06-JUL-2020,
OPTSTK,FEDERALBNK,27-Aug-2020,53,CE,0,0,0,4.95,4.95,0,0,0,0,06-JUL-2020,
OPTSTK,FEDERALBNK,27-Aug-2020,54,CE,0,0,0,4.7,4.5,0,0,0,0,06-JUL-2020,
OPTSTK,FEDERALBNK,27-Aug-2020,55,CE,0,0,0,4.5,4.05,0,0,0,0,06-JUL-2020,
OPTSTK,FEDERALBNK,27-Aug-2020,56,CE,0,0,0,4.25,3.65,0,0,0,0,06-JUL-2020,
OPTSTK,FEDERALBNK,27-Aug-2020,57,CE,0,0,0,4.05,3.3,0,0,0,0,06-JUL-2020,
OPTSTK,FEDERALBNK,27-Aug-2020,58,CE,0,0,0,3.75,2.95,0,0,25500,0,06-JUL-2020,
OPTSTK,FEDERALBNK,27-Aug-2020,59,CE,0,0,0,3.65,2.65,0,0,0,0,06-JUL-2020,
OPTSTK,FEDERALBNK,27-Aug-2020,60,CE,0,0,0,3.45,2.35,0,0,8500,0,06-JUL-2020,
OPTSTK,FEDERALBNK,27-Aug-2020,61,CE,0,0,0,3.3,2.1,0,0,0,0,06-JUL-2020,
OPTSTK,FEDERALBNK,27-Aug-2020,62,CE,0,0,0,3.65,1.85,0,0,0,0,06-JUL-2020,
OPTSTK,FEDERALBNK,27-Aug-2020,63,CE,0,0,0,3.45,1.65,0,0,0,0,06-JUL-2020,
OPTSTK,FEDERALBNK,27-Aug-2020,64,CE,0,0,0,2.25,1.45,0,0,17000,0,06-JUL-2020,
OPTSTK,FEDERALBNK,27-Aug-2020,65,CE,0,0,0,3.6,1.3,0,0,0,0,06-JUL-2020,
OPTSTK,FEDERALBNK,27-Aug-2020,25,PE,0,0,0,0.95,0.05,0,0,0,0,06-JUL-2020,
OPTSTK,FEDERALBNK,27-Aug-2020,26,PE,0,0,0,1.15,0.05,0,0,0,0,06-JUL-2020,
OPTSTK,FEDERALBNK,27-Aug-2020,27,PE,0,0,0,1.35,0.05,0,0,0,0,06-JUL-2020,
OPTSTK,FEDERALBNK,27-Aug-2020,28,PE,0,0,0,1.6,0.05,0,0,0,0,06-JUL-2020,
OPTSTK,FEDERALBNK,27-Aug-2020,29,PE,0,0,0,1.85,0.05,0,0,0,0,06-JUL-2020,
OPTSTK,FEDERALBNK,27-Aug-2020,30,PE,0,0,0,2.15,0.05,0,0,0,0,06-JUL-2020,
OPTSTK,FEDERALBNK,27-Aug-2020,31,PE,0,0,0,2.45,0.05,0,0,0,0,06-JUL-2020,
OPTSTK,FEDERALBNK,27-Aug-2020,32,PE,0,0,0,2.75,0.05,0,0,0,0,06-JUL-2020,
OPTSTK,FEDERALBNK,27-Aug-2020,33,PE,0,0,0,3.1,0.05,0,0,0,0,06-JUL-2020,
OPTSTK,FEDERALBNK,27-Aug-2020,34,PE,0,0,0,3.5,0.05,0,0,0,0,06-JUL-2020,
OPTSTK,FEDERALBNK,27-Aug-2020,35,PE,0,0,0,3.9,0.05,0,0,0,0,06-JUL-2020,
OPTSTK,FEDERALBNK,27-Aug-2020,36,PE,0,0,0,4.3,0.1,0,0,0,0,06-JUL-2020,
OPTSTK,FEDERALBNK,27-Aug-2020,37,PE,0,0,0,4.75,0.15,0,0,0,0,06-JUL-2020,
OPTSTK,FEDERALBNK,27-Aug-2020,38,PE,0,0,0,5.25,0.2,0,0,0,0,06-JUL-2020,
OPTSTK,FEDERALBNK,27-Aug-2020,39,PE,0,0,0,5.7,0.25,0,0,0,0,06-JUL-2020,
OPTSTK,FEDERALBNK,27-Aug-2020,40,PE,0,0,0,6.25,0.35,0,0,0,0,06-JUL-2020,
OPTSTK,FEDERALBNK,27-Aug-2020,41,PE,0,0,0,6.75,0.45,0,0,0,0,06-JUL-2020,
OPTSTK,FEDERALBNK,27-Aug-2020,42,PE,0,0,0,7.3,0.55,0,0,0,0,06-JUL-2020,
OPTSTK,FEDERALBNK,27-Aug-2020,43,PE,0,0,0,7.9,0.7,0,0,0,0,06-JUL-2020,
OPTSTK,FEDERALBNK,27-Aug-2020,44,PE,0,0,0,8.45,0.9,0,0,0,0,06-JUL-2020,
OPTSTK,FEDERALBNK,27-Aug-2020,45,PE,0,0,0,9.1,1.1,0,0,0,0,06-JUL-2020,
OPTSTK,FEDERALBNK,27-Aug-2020,46,PE,0,0,0,9.7,1.35,0,0,0,0,06-JUL-2020,
OPTSTK,FEDERALBNK,27-Aug-2020,47,PE,0,0,0,10.35,1.6,0,0,0,0,06-JUL-2020,
OPTSTK,FEDERALBNK,27-Aug-2020,48,PE,0,0,0,11,1.9,0,0,0,0,06-JUL-2020,
OPTSTK,FEDERALBNK,27-Aug-2020,49,PE,0,0,0,11.7,2.25,0,0,0,0,06-JUL-2020,
OPTSTK,FEDERALBNK,27-Aug-2020,50,PE,0,0,0,12.35,2.65,0,0,0,0,06-JUL-2020,
OPTSTK,FEDERALBNK,27-Aug-2020,51,PE,0,0,0,13.1,3.05,0,0,0,0,06-JUL-2020,
OPTSTK,FEDERALBNK,27-Aug-2020,52,PE,0,0,0,5.05,3.5,0,0,8500,0,06-JUL-2020,
OPTSTK,FEDERALBNK,27-Aug-2020,53,PE,0,0,0,14.5,4,0,0,0,0,06-JUL-2020,
OPTSTK,FEDERALBNK,27-Aug-2020,54,PE,0,0,0,15.25,4.5,0,0,0,0,06-JUL-2020,
OPTSTK,FEDERALBNK,27-Aug-2020,55,PE,0,0,0,16,5.05,0,0,0,0,06-JUL-2020,
OPTSTK,FEDERALBNK,27-Aug-2020,56,PE,0,0,0,16.8,5.65,0,0,0,0,06-JUL-2020,
OPTSTK,FEDERALBNK,27-Aug-2020,57,PE,0,0,0,17.55,6.3,0,0,0,0,06-JUL-2020,
OPTSTK,FEDERALBNK,27-Aug-2020,58,PE,0,0,0,18.35,6.95,0,0,0,0,06-JUL-2020,
OPTSTK,FEDERALBNK,27-Aug-2020,59,PE,0,0,0,19.15,7.6,0,0,0,0,06-JUL-2020,
OPTSTK,FEDERALBNK,27-Aug-2020,60,PE,0,0,0,19.95,8.35,0,0,0,0,06-JUL-2020,
OPTSTK,FEDERALBNK,27-Aug-2020,61,PE,0,0,0,20.8,9.05,0,0,0,0,06-JUL-2020,
OPTSTK,FEDERALBNK,27-Aug-2020,62,PE,0,0,0,20,9.85,0,0,0,0,06-JUL-2020,
OPTSTK,FEDERALBNK,27-Aug-2020,63,PE,0,0,0,20.85,10.6,0,0,0,0,06-JUL-2020,
OPTSTK,FEDERALBNK,27-Aug-2020,64,PE,0,0,0,20.4,11.4,0,0,0,0,06-JUL-2020,
OPTSTK,FEDERALBNK,27-Aug-2020,65,PE,0,0,0,21.2,12.25,0,0,0,0,06-JUL-2020,
OPTSTK,FEDERALBNK,24-Sep-2020,32,CE,0,0,0,21.1,22.05,0,0,0,0,06-JUL-2020,
OPTSTK,FEDERALBNK,24-Sep-2020,33,CE,0,0,0,20.25,21.1,0,0,0,0,06-JUL-2020,
OPTSTK,FEDERALBNK,24-Sep-2020,34,CE,0,0,0,19.4,20.15,0,0,0,0,06-JUL-2020,
OPTSTK,FEDERALBNK,24-Sep-2020,35,CE,0,0,0,18.55,19.2,0,0,0,0,06-JUL-2020,
OPTSTK,FEDERALBNK,24-Sep-2020,36,CE,0,0,0,17.75,18.25,0,0,0,0,06-JUL-2020,
OPTSTK,FEDERALBNK,24-Sep-2020,37,CE,0,0,0,16.95,17.35,0,0,0,0,06-JUL-2020,
OPTSTK,FEDERALBNK,24-Sep-2020,38,CE,0,0,0,16.15,16.45,0,0,0,0,06-JUL-2020,
OPTSTK,FEDERALBNK,24-Sep-2020,39,CE,0,0,0,15.4,15.6,0,0,0,0,06-JUL-2020,
OPTSTK,FEDERALBNK,24-Sep-2020,40,CE,0,0,0,14.7,14.75,0,0,0,0,06-JUL-2020,
OPTSTK,FEDERALBNK,24-Sep-2020,41,CE,0,0,0,14,13.9,0,0,0,0,06-JUL-2020,
OPTSTK,FEDERALBNK,24-Sep-2020,42,CE,0,0,0,13.3,13.1,0,0,0,0,06-JUL-2020,
OPTSTK,FEDERALBNK,24-Sep-2020,43,CE,0,0,0,12.65,12.35,0,0,0,0,06-JUL-2020,
OPTSTK,FEDERALBNK,24-Sep-2020,44,CE,0,0,0,12,11.6,0,0,0,0,06-JUL-2020,
OPTSTK,FEDERALBNK,24-Sep-2020,45,CE,0,0,0,11.4,10.85,0,0,0,0,06-JUL-2020,
OPTSTK,FEDERALBNK,24-Sep-2020,46,CE,0,0,0,10.8,10.15,0,0,0,0,06-JUL-2020,
OPTSTK,FEDERALBNK,24-Sep-2020,47,CE,0,0,0,10.25,9.5,0,0,0,0,06-JUL-2020,
OPTSTK,FEDERALBNK,24-Sep-2020,48,CE,0,0,0,9.7,8.85,0,0,0,0,06-JUL-2020,
OPTSTK,FEDERALBNK,24-Sep-2020,49,CE,0,0,0,9.2,8.25,0,0,0,0,06-JUL-2020,
OPTSTK,FEDERALBNK,24-Sep-2020,50,CE,0,0,0,8.7,7.65,0,0,0,0,06-JUL-2020,
OPTSTK,FEDERALBNK,24-Sep-2020,51,CE,0,0,0,8.2,7.1,0,0,0,0,06-JUL-2020,
OPTSTK,FEDERALBNK,24-Sep-2020,52,CE,0,0,0,7.75,6.6,0,0,0,0,06-JUL-2020,
OPTSTK,FEDERALBNK,24-Sep-2020,53,CE,0,0,0,7.35,6.1,0,0,0,0,06-JUL-2020,
OPTSTK,FEDERALBNK,24-Sep-2020,54,CE,0,0,0,6.95,5.65,0,0,0,0,06-JUL-2020,
OPTSTK,FEDERALBNK,24-Sep-2020,55,CE,0,0,0,6.55,5.2,0,0,0,0,06-JUL-2020,
OPTSTK,FEDERALBNK,24-Sep-2020,56,CE,0,0,0,6.15,4.8,0,0,0,0,06-JUL-2020,
OPTSTK,FEDERALBNK,24-Sep-2020,57,CE,0,0,0,5.8,4.4,0,0,0,0,06-JUL-2020,
OPTSTK,FEDERALBNK,24-Sep-2020,58,CE,0,0,0,5.5,4.05,0,0,0,0,06-JUL-2020,
OPTSTK,FEDERALBNK,24-Sep-2020,59,CE,0,0,0,5.15,3.75,0,0,0,0,06-JUL-2020,
OPTSTK,FEDERALBNK,24-Sep-2020,60,CE,0,0,0,4.85,3.45,0,0,0,0,06-JUL-2020,
OPTSTK,FEDERALBNK,24-Sep-2020,61,CE,0,0,0,4.55,3.15,0,0,0,0,06-JUL-2020,
OPTSTK,FEDERALBNK,24-Sep-2020,62,CE,0,0,0,4.3,2.85,0,0,0,0,06-JUL-2020,
OPTSTK,FEDERALBNK,24-Sep-2020,63,CE,0,0,0,4.05,2.65,0,0,0,0,06-JUL-2020,
OPTSTK,FEDERALBNK,24-Sep-2020,64,CE,0,0,0,3.8,2.4,0,0,0,0,06-JUL-2020,
OPTSTK,FEDERALBNK,24-Sep-2020,65,CE,0,0,0,3.6,2.2,0,0,0,0,06-JUL-2020,
OPTSTK,FEDERALBNK,24-Sep-2020,32,PE,0,0,0,0.55,0.1,0,0,0,0,06-JUL-2020,
OPTSTK,FEDERALBNK,24-Sep-2020,33,PE,0,0,0,0.65,0.1,0,0,0,0,06-JUL-2020,
OPTSTK,FEDERALBNK,24-Sep-2020,34,PE,0,0,0,0.8,0.15,0,0,0,0,06-JUL-2020,
OPTSTK,FEDERALBNK,24-Sep-2020,35,PE,0,0,0,0.95,0.2,0,0,0,0,06-JUL-2020,
OPTSTK,FEDERALBNK,24-Sep-2020,36,PE,0,0,0,1.1,0.3,0,0,0,0,06-JUL-2020,
OPTSTK,FEDERALBNK,24-Sep-2020,37,PE,0,0,0,1.3,0.35,0,0,0,0,06-JUL-2020,
OPTSTK,FEDERALBNK,24-Sep-2020,38,PE,0,0,0,1.55,0.45,0,0,0,0,06-JUL-2020,
OPTSTK,FEDERALBNK,24-Sep-2020,39,PE,0,0,0,1.75,0.6,0,0,0,0,06-JUL-2020,
OPTSTK,FEDERALBNK,24-Sep-2020,40,PE,0,0,0,2.05,0.75,0,0,0,0,06-JUL-2020,
OPTSTK,FEDERALBNK,24-Sep-2020,41,PE,0,0,0,2.3,0.9,0,0,0,0,06-JUL-2020,
OPTSTK,FEDERALBNK,24-Sep-2020,42,PE,0,0,0,2.6,1.1,0,0,0,0,06-JUL-2020,
OPTSTK,FEDERALBNK,24-Sep-2020,43,PE,0,0,0,2.95,1.3,0,0,0,0,06-JUL-2020,
OPTSTK,FEDERALBNK,24-Sep-2020,44,PE,0,0,0,3.3,1.55,0,0,0,0,06-JUL-2020,
OPTSTK,FEDERALBNK,24-Sep-2020,45,PE,0,0,0,3.7,1.8,0,0,0,0,06-JUL-2020,
OPTSTK,FEDERALBNK,24-Sep-2020,46,PE,0,0,0,4.1,2.1,0,0,0,0,06-JUL-2020,
OPTSTK,FEDERALBNK,24-Sep-2020,47,PE,0,0,0,4.5,2.4,0,0,0,0,06-JUL-2020,
OPTSTK,FEDERALBNK,24-Sep-2020,48,PE,0,0,0,4.95,2.75,0,0,0,0,06-JUL-2020,
OPTSTK,FEDERALBNK,24-Sep-2020,49,PE,0,0,0,5.4,3.15,0,0,0,0,06-JUL-2020,
OPTSTK,FEDERALBNK,24-Sep-2020,50,PE,0,0,0,5.9,3.55,0,0,0,0,06-JUL-2020,
OPTSTK,FEDERALBNK,24-Sep-2020,51,PE,0,0,0,6.45,4,0,0,0,0,06-JUL-2020,
OPTSTK,FEDERALBNK,24-Sep-2020,52,PE,0,0,0,6.95,4.45,0,0,0,0,06-JUL-2020,
OPTSTK,FEDERALBNK,24-Sep-2020,53,PE,0,0,0,7.5,4.95,0,0,0,0,06-JUL-2020,
OPTSTK,FEDERALBNK,24-Sep-2020,54,PE,0,0,0,8.1,5.5,0,0,0,0,06-JUL-2020,
OPTSTK,FEDERALBNK,24-Sep-2020,55,PE,0,0,0,8.7,6.05,0,0,0,0,06-JUL-2020,
OPTSTK,FEDERALBNK,24-Sep-2020,56,PE,0,0,0,9.3,6.65,0,0,0,0,06-JUL-2020,
OPTSTK,FEDERALBNK,24-Sep-2020,57,PE,0,0,0,9.95,7.25,0,0,0,0,06-JUL-2020,
OPTSTK,FEDERALBNK,24-Sep-2020,58,PE,0,0,0,10.6,7.9,0,0,0,0,06-JUL-2020,
OPTSTK,FEDERALBNK,24-Sep-2020,59,PE,0,0,0,11.3,8.55,0,0,0,0,06-JUL-2020,
OPTSTK,FEDERALBNK,24-Sep-2020,60,PE,0,0,0,11.95,9.2,0,0,0,0,06-JUL-2020,
OPTSTK,FEDERALBNK,24-Sep-2020,61,PE,0,0,0,12.65,9.95,0,0,0,0,06-JUL-2020,
OPTSTK,FEDERALBNK,24-Sep-2020,62,PE,0,0,0,13.4,10.65,0,0,0,0,06-JUL-2020,
OPTSTK,FEDERALBNK,24-Sep-2020,63,PE,0,0,0,14.1,11.4,0,0,0,0,06-JUL-2020,
OPTSTK,FEDERALBNK,24-Sep-2020,64,PE,0,0,0,14.85,12.15,0,0,0,0,06-JUL-2020,
OPTSTK,FEDERALBNK,24-Sep-2020,65,PE,0,0,0,15.65,12.95,0,0,0,0,06-JUL-2020,
OPTSTK,GAIL,30-Jul-2020,60,CE,0,0,0,38.35,43.85,0,0,0,0,06-JUL-2020,
OPTSTK,GAIL,30-Jul-2020,62.5,CE,0,0,0,36.3,41.35,0,0,0,0,06-JUL-2020,
OPTSTK,GAIL,30-Jul-2020,65,CE,0,0,0,34.35,38.9,0,0,0,0,06-JUL-2020,
OPTSTK,GAIL,30-Jul-2020,67.5,CE,0,0,0,32.5,36.4,0,0,0,0,06-JUL-2020,
OPTSTK,GAIL,30-Jul-2020,70,CE,0,0,0,30.7,33.9,0,0,0,0,06-JUL-2020,
OPTSTK,GAIL,30-Jul-2020,72.5,CE,0,0,0,28.95,31.4,0,0,0,0,06-JUL-2020,
OPTSTK,GAIL,30-Jul-2020,75,CE,0,0,0,27.25,28.9,0,0,0,0,06-JUL-2020,
OPTSTK,GAIL,30-Jul-2020,77.5,CE,0,0,0,25.65,26.45,0,0,0,0,06-JUL-2020,
OPTSTK,GAIL,30-Jul-2020,80,CE,0,0,0,20.5,23.95,0,0,6100,0,06-JUL-2020,
OPTSTK,GAIL,30-Jul-2020,82.5,CE,0,0,0,22.7,21.5,0,0,0,0,06-JUL-2020,
OPTSTK,GAIL,30-Jul-2020,85,CE,0,0,0,21.3,19.1,0,0,0,0,06-JUL-2020,
OPTSTK,GAIL,30-Jul-2020,87.5,CE,0,0,0,20,16.75,0,0,0,0,06-JUL-2020,
OPTSTK,GAIL,30-Jul-2020,90,CE,15.55,15.55,15.55,15.55,14.5,2,12.87,30500,6100,06-JUL-2020,
OPTSTK,GAIL,30-Jul-2020,92.5,CE,0,0,0,15.8,12.35,0,0,12200,0,06-JUL-2020,
OPTSTK,GAIL,30-Jul-2020,95,CE,11,11,10.95,10.95,10.35,2,12.92,79300,0,06-JUL-2020,
OPTSTK,GAIL,30-Jul-2020,97.5,CE,0,0,0,10.85,8.55,0,0,42700,0,06-JUL-2020,
OPTSTK,GAIL,30-Jul-2020,100,CE,7.95,8.8,7.7,8,8,54,356.32,713700,36600,06-JUL-2020,
OPTSTK,GAIL,30-Jul-2020,102.5,CE,6.65,7.15,6.65,6.75,6.75,11,73.41,262300,12200,06-JUL-2020,
OPTSTK,GAIL,30-Jul-2020,105,CE,5.6,6,5.3,5.65,5.65,190,1282.45,1952000,30500,06-JUL-2020,
OPTSTK,GAIL,30-Jul-2020,107.5,CE,5.15,5.15,4.4,4.6,4.6,55,376.54,573400,67100,06-JUL-2020,
OPTSTK,GAIL,30-Jul-2020,110,CE,4,4.3,3.55,3.75,3.75,340,2360.54,4721400,298900,06-JUL-2020,
OPTSTK,GAIL,30-Jul-2020,112.5,CE,3,3.2,2.9,3.05,3.05,35,246.68,329400,67100,06-JUL-2020,
OPTSTK,GAIL,30-Jul-2020,115,CE,2.5,2.7,2.25,2.4,2.4,95,680.37,957700,122000,06-JUL-2020,
OPTSTK,GAIL,30-Jul-2020,117.5,CE,1.8,2.2,1.8,2.05,2.05,17,123.94,48800,12200,06-JUL-2020,
OPTSTK,GAIL,30-Jul-2020,120,CE,1.65,1.75,1.5,1.55,1.55,97,719.4,1634800,140300,06-JUL-2020,
OPTSTK,GAIL,30-Jul-2020,122.5,CE,1.2,1.4,1.2,1.35,0.45,3,22.65,567300,12200,06-JUL-2020,
OPTSTK,GAIL,30-Jul-2020,125,CE,1,1.1,0.9,1,1,55,422.65,744200,54900,06-JUL-2020,
OPTSTK,GAIL,30-Jul-2020,60,PE,0,0,0,1.9,0.05,0,0,0,0,06-JUL-2020,
OPTSTK,GAIL,30-Jul-2020,62.5,PE,0.25,0.25,0.1,0.1,0.05,2,7.64,0,0,06-JUL-2020,
OPTSTK,GAIL,30-Jul-2020,65,PE,0.2,0.2,0.2,0.2,0.2,1,3.97,6100,6100,06-JUL-2020,
OPTSTK,GAIL,30-Jul-2020,67.5,PE,0,0,0,3.45,0.05,0,0,0,0,06-JUL-2020,
OPTSTK,GAIL,30-Jul-2020,70,PE,0,0,0,0.15,0.05,0,0,18300,0,06-JUL-2020,
OPTSTK,GAIL,30-Jul-2020,72.5,PE,0,0,0,4.8,0.05,0,0,0,0,06-JUL-2020,
OPTSTK,GAIL,30-Jul-2020,75,PE,0,0,0,0.1,0.05,0,0,36600,0,06-JUL-2020,
OPTSTK,GAIL,30-Jul-2020,77.5,PE,0,0,0,6.5,0.05,0,0,0,0,06-JUL-2020,
OPTSTK,GAIL,30-Jul-2020,80,PE,0.3,0.3,0.2,0.25,0.25,11,53.85,854000,-12200,06-JUL-2020,
OPTSTK,GAIL,30-Jul-2020,82.5,PE,0,0,0,1,0.1,0,0,42700,0,06-JUL-2020,
OPTSTK,GAIL,30-Jul-2020,85,PE,0.55,0.6,0.5,0.55,0.55,25,130.47,457500,-85400,06-JUL-2020,
OPTSTK,GAIL,30-Jul-2020,87.5,PE,0.55,0.55,0.55,0.55,0.3,1,5.37,18300,0,06-JUL-2020,
OPTSTK,GAIL,30-Jul-2020,90,PE,1.3,1.35,1.1,1.15,1.15,54,300.41,976000,134200,06-JUL-2020,
OPTSTK,GAIL,30-Jul-2020,92.5,PE,1.7,1.7,1.55,1.6,1.6,40,229.74,420900,195200,06-JUL-2020,
OPTSTK,GAIL,30-Jul-2020,95,PE,2.5,2.5,2.2,2.25,2.25,36,213.77,866200,42700,06-JUL-2020,
OPTSTK,GAIL,30-Jul-2020,97.5,PE,3.1,3.3,3,3.2,2.05,7,42.97,158600,18300,06-JUL-2020,
OPTSTK,GAIL,30-Jul-2020,100,PE,4,4.5,3.75,4,4,177,1124.37,1085800,122000,06-JUL-2020,
OPTSTK,GAIL,30-Jul-2020,102.5,PE,5.5,5.65,4.95,5.2,5.2,16,105.2,311100,18300,06-JUL-2020,
OPTSTK,GAIL,30-Jul-2020,105,PE,6.95,7,6.2,6.45,6.45,40,272.25,549000,18300,06-JUL-2020,
OPTSTK,GAIL,30-Jul-2020,107.5,PE,8.1,8.3,8.1,8.3,6.75,2,14.11,48800,12200,06-JUL-2020,
OPTSTK,GAIL,30-Jul-2020,110,PE,9.95,9.95,9.25,9.45,9.45,10,73,146400,12200,06-JUL-2020,
OPTSTK,GAIL,30-Jul-2020,112.5,PE,0,0,0,25.7,10.3,0,0,0,0,06-JUL-2020,
OPTSTK,GAIL,30-Jul-2020,115,PE,0,0,0,27.45,12.3,0,0,0,0,06-JUL-2020,
OPTSTK,GAIL,30-Jul-2020,117.5,PE,0,0,0,29.3,14.4,0,0,0,0,06-JUL-2020,
OPTSTK,GAIL,30-Jul-2020,120,PE,0,0,0,18.65,16.6,0,0,12200,0,06-JUL-2020,
OPTSTK,GAIL,30-Jul-2020,122.5,PE,0,0,0,20.9,18.9,0,0,6100,0,06-JUL-2020,
OPTSTK,GAIL,30-Jul-2020,125,PE,0,0,0,35,21.25,0,0,0,0,06-JUL-2020,
OPTSTK,GAIL,27-Aug-2020,60,CE,0,0,0,31.1,44.05,0,0,0,0,06-JUL-2020,
OPTSTK,GAIL,27-Aug-2020,62.5,CE,0,0,0,29,41.6,0,0,0,0,06-JUL-2020,
OPTSTK,GAIL,27-Aug-2020,65,CE,0,0,0,27,39.1,0,0,0,0,06-JUL-2020,
OPTSTK,GAIL,27-Aug-2020,67.5,CE,0,0,0,25.1,36.65,0,0,0,0,06-JUL-2020,
OPTSTK,GAIL,27-Aug-2020,70,CE,0,0,0,23.25,34.15,0,0,0,0,06-JUL-2020,
OPTSTK,GAIL,27-Aug-2020,72.5,CE,0,0,0,21.5,31.7,0,0,0,0,06-JUL-2020,
OPTSTK,GAIL,27-Aug-2020,75,CE,0,0,0,19.85,29.3,0,0,0,0,06-JUL-2020,
OPTSTK,GAIL,27-Aug-2020,77.5,CE,0,0,0,18.25,26.9,0,0,0,0,06-JUL-2020,
OPTSTK,GAIL,27-Aug-2020,80,CE,0,0,0,16.8,24.55,0,0,0,0,06-JUL-2020,
OPTSTK,GAIL,27-Aug-2020,82.5,CE,0,0,0,15.4,22.3,0,0,0,0,06-JUL-2020,
OPTSTK,GAIL,27-Aug-2020,85,CE,0,0,0,14.1,20.05,0,0,0,0,06-JUL-2020,
OPTSTK,GAIL,27-Aug-2020,87.5,CE,0,0,0,12.9,17.95,0,0,0,0,06-JUL-2020,
OPTSTK,GAIL,27-Aug-2020,90,CE,0,0,0,11.8,15.95,0,0,0,0,06-JUL-2020,
OPTSTK,GAIL,27-Aug-2020,92.5,CE,0,0,0,10.75,14.05,0,0,0,0,06-JUL-2020,
OPTSTK,GAIL,27-Aug-2020,95,CE,0,0,0,9.8,12.3,0,0,0,0,06-JUL-2020,
OPTSTK,GAIL,27-Aug-2020,97.5,CE,0,0,0,8.9,10.65,0,0,0,0,06-JUL-2020,
OPTSTK,GAIL,27-Aug-2020,100,CE,0,0,0,8.1,9.2,0,0,0,0,06-JUL-2020,
OPTSTK,GAIL,27-Aug-2020,102.5,CE,0,0,0,7.35,7.85,0,0,0,0,06-JUL-2020,
OPTSTK,GAIL,27-Aug-2020,105,CE,0,0,0,6.65,6.65,0,0,0,0,06-JUL-2020,
OPTSTK,GAIL,27-Aug-2020,107.5,CE,0,0,0,6,5.6,0,0,0,0,06-JUL-2020,
OPTSTK,GAIL,27-Aug-2020,110,CE,0,0,0,5.45,4.7,0,0,0,0,06-JUL-2020,
OPTSTK,GAIL,27-Aug-2020,112.5,CE,0,0,0,4.95,3.9,0,0,0,0,06-JUL-2020,
OPTSTK,GAIL,27-Aug-2020,115,CE,0,0,0,4.45,3.2,0,0,0,0,06-JUL-2020,
OPTSTK,GAIL,27-Aug-2020,117.5,CE,0,0,0,4,2.65,0,0,0,0,06-JUL-2020,
OPTSTK,GAIL,27-Aug-2020,120,CE,5.05,5.05,5.05,5.05,2.15,1,7.62,6100,0,06-JUL-2020,
OPTSTK,GAIL,27-Aug-2020,122.5,CE,0,0,0,3.25,1.75,0,0,0,0,06-JUL-2020,
OPTSTK,GAIL,27-Aug-2020,125,CE,0,0,0,2.75,1.4,0,0,6100,0,06-JUL-2020,
OPTSTK,GAIL,27-Aug-2020,60,PE,0,0,0,1.25,0.05,0,0,0,0,06-JUL-2020,
OPTSTK,GAIL,27-Aug-2020,62.5,PE,0,0,0,1.65,0.05,0,0,0,0,06-JUL-2020,
OPTSTK,GAIL,27-Aug-2020,65,PE,0,0,0,2.1,0.05,0,0,0,0,06-JUL-2020,
OPTSTK,GAIL,27-Aug-2020,67.5,PE,0,0,0,2.65,0.05,0,0,0,0,06-JUL-2020,
OPTSTK,GAIL,27-Aug-2020,70,PE,0,0,0,3.3,0.05,0,0,0,0,06-JUL-2020,
OPTSTK,GAIL,27-Aug-2020,72.5,PE,0,0,0,4,0.1,0,0,0,0,06-JUL-2020,
OPTSTK,GAIL,27-Aug-2020,75,PE,0,0,0,4.8,0.15,0,0,0,0,06-JUL-2020,
OPTSTK,GAIL,27-Aug-2020,77.5,PE,0,0,0,5.7,0.25,0,0,0,0,06-JUL-2020,
OPTSTK,GAIL,27-Aug-2020,80,PE,0,0,0,6.7,0.4,0,0,0,0,06-JUL-2020,
OPTSTK,GAIL,27-Aug-2020,82.5,PE,0,0,0,7.8,0.6,0,0,0,0,06-JUL-2020,
OPTSTK,GAIL,27-Aug-2020,85,PE,0,0,0,9,0.85,0,0,0,0,06-JUL-2020,
OPTSTK,GAIL,27-Aug-2020,87.5,PE,0,0,0,10.25,1.25,0,0,0,0,06-JUL-2020,
OPTSTK,GAIL,27-Aug-2020,90,PE,0,0,0,11.6,1.7,0,0,0,0,06-JUL-2020,
OPTSTK,GAIL,27-Aug-2020,92.5,PE,0,0,0,13,2.3,0,0,0,0,06-JUL-2020,
OPTSTK,GAIL,27-Aug-2020,95,PE,4.75,4.75,4.75,4.75,3,2,12.16,12200,12200,06-JUL-2020,
OPTSTK,GAIL,27-Aug-2020,97.5,PE,0,0,0,16.1,3.9,0,0,0,0,06-JUL-2020,
OPTSTK,GAIL,27-Aug-2020,100,PE,0,0,0,17.75,4.9,0,0,0,0,06-JUL-2020,
OPTSTK,GAIL,27-Aug-2020,102.5,PE,0,0,0,19.5,6.05,0,0,0,0,06-JUL-2020,
OPTSTK,GAIL,27-Aug-2020,105,PE,0,0,0,21.25,7.35,0,0,0,0,06-JUL-2020,
OPTSTK,GAIL,27-Aug-2020,107.5,PE,0,0,0,23.1,8.75,0,0,0,0,06-JUL-2020,
OPTSTK,GAIL,27-Aug-2020,110,PE,0,0,0,25,10.35,0,0,0,0,06-JUL-2020,
OPTSTK,GAIL,27-Aug-2020,112.5,PE,0,0,0,26.95,12,0,0,0,0,06-JUL-2020,
OPTSTK,GAIL,27-Aug-2020,115,PE,0,0,0,28.95,13.8,0,0,0,0,06-JUL-2020,
OPTSTK,GAIL,27-Aug-2020,117.5,PE,0,0,0,31,15.7,0,0,0,0,06-JUL-2020,
OPTSTK,GAIL,27-Aug-2020,120,PE,0,0,0,33.05,17.7,0,0,0,0,06-JUL-2020,
OPTSTK,GAIL,27-Aug-2020,122.5,PE,0,0,0,35.2,19.8,0,0,0,0,06-JUL-2020,
OPTSTK,GAIL,27-Aug-2020,125,PE,0,0,0,37.35,21.95,0,0,0,0,06-JUL-2020,
OPTSTK,GAIL,24-Sep-2020,62.5,CE,0,0,0,41.6,41.8,0,0,0,0,06-JUL-2020,
OPTSTK,GAIL,24-Sep-2020,65,CE,0,0,0,39.25,39.35,0,0,0,0,06-JUL-2020,
OPTSTK,GAIL,24-Sep-2020,67.5,CE,0,0,0,36.9,36.95,0,0,0,0,06-JUL-2020,
OPTSTK,GAIL,24-Sep-2020,70,CE,0,0,0,34.65,34.55,0,0,0,0,06-JUL-2020,
OPTSTK,GAIL,24-Sep-2020,72.5,CE,0,0,0,32.45,32.15,0,0,0,0,06-JUL-2020,
OPTSTK,GAIL,24-Sep-2020,75,CE,0,0,0,30.3,29.85,0,0,0,0,06-JUL-2020,
OPTSTK,GAIL,24-Sep-2020,77.5,CE,0,0,0,28.2,27.55,0,0,0,0,06-JUL-2020,
OPTSTK,GAIL,24-Sep-2020,80,CE,0,0,0,26.15,25.35,0,0,0,0,06-JUL-2020,
OPTSTK,GAIL,24-Sep-2020,82.5,CE,0,0,0,24.25,23.2,0,0,0,0,06-JUL-2020,
OPTSTK,GAIL,24-Sep-2020,85,CE,0,0,0,22.4,21.15,0,0,0,0,06-JUL-2020,
OPTSTK,GAIL,24-Sep-2020,87.5,CE,0,0,0,20.6,19.15,0,0,0,0,06-JUL-2020,
OPTSTK,GAIL,24-Sep-2020,90,CE,0,0,0,18.95,17.3,0,0,0,0,06-JUL-2020,
OPTSTK,GAIL,24-Sep-2020,92.5,CE,0,0,0,17.35,15.55,0,0,0,0,06-JUL-2020,
OPTSTK,GAIL,24-Sep-2020,95,CE,0,0,0,15.9,13.9,0,0,0,0,06-JUL-2020,
OPTSTK,GAIL,24-Sep-2020,97.5,CE,0,0,0,14.5,12.35,0,0,0,0,06-JUL-2020,
OPTSTK,GAIL,24-Sep-2020,100,CE,0,0,0,13.2,10.95,0,0,0,0,06-JUL-2020,
OPTSTK,GAIL,24-Sep-2020,102.5,CE,0,0,0,11.95,9.65,0,0,0,0,06-JUL-2020,
OPTSTK,GAIL,24-Sep-2020,105,CE,0,0,0,10.85,8.5,0,0,0,0,06-JUL-2020,
OPTSTK,GAIL,24-Sep-2020,107.5,CE,0,0,0,9.8,7.45,0,0,0,0,06-JUL-2020,
OPTSTK,GAIL,24-Sep-2020,110,CE,0,0,0,8.85,6.45,0,0,0,0,06-JUL-2020,
OPTSTK,GAIL,24-Sep-2020,112.5,CE,0,0,0,8,5.6,0,0,0,0,06-JUL-2020,
OPTSTK,GAIL,24-Sep-2020,115,CE,0,0,0,7.2,4.85,0,0,0,0,06-JUL-2020,
OPTSTK,GAIL,24-Sep-2020,117.5,CE,0,0,0,6.45,4.2,0,0,0,0,06-JUL-2020,
OPTSTK,GAIL,24-Sep-2020,120,CE,0,0,0,5.8,3.6,0,0,0,0,06-JUL-2020,
OPTSTK,GAIL,24-Sep-2020,122.5,CE,0,0,0,5.2,3.05,0,0,0,0,06-JUL-2020,
OPTSTK,GAIL,24-Sep-2020,125,CE,0,0,0,4.65,2.6,0,0,0,0,06-JUL-2020,
OPTSTK,GAIL,24-Sep-2020,62.5,PE,0,0,0,0.25,0.05,0,0,0,0,06-JUL-2020,
OPTSTK,GAIL,24-Sep-2020,65,PE,0,0,0,0.4,0.05,0,0,0,0,06-JUL-2020,
OPTSTK,GAIL,24-Sep-2020,67.5,PE,0,0,0,0.55,0.1,0,0,0,0,06-JUL-2020,
OPTSTK,GAIL,24-Sep-2020,70,PE,0,0,0,0.75,0.2,0,0,0,0,06-JUL-2020,
OPTSTK,GAIL,24-Sep-2020,72.5,PE,0,0,0,1,0.3,0,0,0,0,06-JUL-2020,
OPTSTK,GAIL,24-Sep-2020,75,PE,0,0,0,1.3,0.45,0,0,0,0,06-JUL-2020,
OPTSTK,GAIL,24-Sep-2020,77.5,PE,0,0,0,1.7,0.65,0,0,0,0,06-JUL-2020,
OPTSTK,GAIL,24-Sep-2020,80,PE,0,0,0,2.15,0.9,0,0,0,0,06-JUL-2020,
OPTSTK,GAIL,24-Sep-2020,82.5,PE,0,0,0,2.7,1.2,0,0,0,0,06-JUL-2020,
OPTSTK,GAIL,24-Sep-2020,85,PE,0,0,0,3.3,1.65,0,0,0,0,06-JUL-2020,
OPTSTK,GAIL,24-Sep-2020,87.5,PE,0,0,0,4,2.15,0,0,0,0,06-JUL-2020,
OPTSTK,GAIL,24-Sep-2020,90,PE,0,0,0,4.8,2.75,0,0,0,0,06-JUL-2020,
OPTSTK,GAIL,24-Sep-2020,92.5,PE,0,0,0,5.7,3.5,0,0,0,0,06-JUL-2020,
OPTSTK,GAIL,24-Sep-2020,95,PE,0,0,0,6.7,4.3,0,0,0,0,06-JUL-2020,
OPTSTK,GAIL,24-Sep-2020,97.5,PE,0,0,0,7.75,5.25,0,0,0,0,06-JUL-2020,
OPTSTK,GAIL,24-Sep-2020,100,PE,0,0,0,8.9,6.35,0,0,0,0,06-JUL-2020,
OPTSTK,GAIL,24-Sep-2020,102.5,PE,0,0,0,10.2,7.5,0,0,0,0,06-JUL-2020,
OPTSTK,GAIL,24-Sep-2020,105,PE,0,0,0,11.55,8.8,0,0,0,0,06-JUL-2020,
OPTSTK,GAIL,24-Sep-2020,107.5,PE,0,0,0,12.95,10.25,0,0,0,0,06-JUL-2020,
OPTSTK,GAIL,24-Sep-2020,110,PE,0,0,0,14.5,11.75,0,0,0,0,06-JUL-2020,
OPTSTK,GAIL,24-Sep-2020,112.5,PE,0,0,0,16.1,13.35,0,0,0,0,06-JUL-2020,
OPTSTK,GAIL,24-Sep-2020,115,PE,0,0,0,17.75,15.1,0,0,0,0,06-JUL-2020,
OPTSTK,GAIL,24-Sep-2020,117.5,PE,0,0,0,19.5,16.9,0,0,0,0,06-JUL-2020,
OPTSTK,GAIL,24-Sep-2020,120,PE,0,0,0,21.3,18.75,0,0,0,0,06-JUL-2020,
OPTSTK,GAIL,24-Sep-2020,122.5,PE,0,0,0,23.15,20.75,0,0,0,0,06-JUL-2020,
OPTSTK,GAIL,24-Sep-2020,125,PE,0,0,0,25.1,22.75,0,0,0,0,06-JUL-2020,
OPTSTK,GLENMARK,30-Jul-2020,140,CE,0,0,0,200.7,288.4,0,0,0,0,06-JUL-2020,
OPTSTK,GLENMARK,30-Jul-2020,160,CE,0,0,0,182.75,268.45,0,0,0,0,06-JUL-2020,
OPTSTK,GLENMARK,30-Jul-2020,180,CE,0,0,0,165.7,248.5,0,0,0,0,06-JUL-2020,
OPTSTK,GLENMARK,30-Jul-2020,200,CE,0,0,0,149.65,228.55,0,0,0,0,06-JUL-2020,
OPTSTK,GLENMARK,30-Jul-2020,220,CE,0,0,0,134.8,208.6,0,0,0,0,06-JUL-2020,
OPTSTK,GLENMARK,30-Jul-2020,240,CE,0,0,0,121.05,188.65,0,0,0,0,06-JUL-2020,
OPTSTK,GLENMARK,30-Jul-2020,260,CE,0,0,0,108.5,168.75,0,0,0,0,06-JUL-2020,
OPTSTK,GLENMARK,30-Jul-2020,270,CE,0,0,0,84.8,158.75,0,0,0,0,06-JUL-2020,
OPTSTK,GLENMARK,30-Jul-2020,280,CE,0,0,0,97.05,148.8,0,0,0,0,06-JUL-2020,
OPTSTK,GLENMARK,30-Jul-2020,290,CE,0,0,0,70.45,138.85,0,0,0,0,06-JUL-2020,
OPTSTK,GLENMARK,30-Jul-2020,300,CE,0,0,0,86.7,128.95,0,0,0,0,06-JUL-2020,
OPTSTK,GLENMARK,30-Jul-2020,310,CE,0,0,0,57.75,119.1,0,0,0,0,06-JUL-2020,
OPTSTK,GLENMARK,30-Jul-2020,320,CE,0,0,0,88.65,109.3,0,0,2300,0,06-JUL-2020,
OPTSTK,GLENMARK,30-Jul-2020,330,CE,0,0,0,46.85,99.7,0,0,0,0,06-JUL-2020,
OPTSTK,GLENMARK,30-Jul-2020,340,CE,0,0,0,69,90.2,0,0,0,0,06-JUL-2020,
OPTSTK,GLENMARK,30-Jul-2020,350,CE,0,0,0,37.55,81,0,0,0,0,06-JUL-2020,
OPTSTK,GLENMARK,30-Jul-2020,360,CE,0,0,0,92,72.15,0,0,2300,0,06-JUL-2020,
OPTSTK,GLENMARK,30-Jul-2020,370,CE,0,0,0,70.5,63.65,0,0,2300,0,06-JUL-2020,
OPTSTK,GLENMARK,30-Jul-2020,380,CE,0,0,0,64.95,55.65,0,0,4600,0,06-JUL-2020,
OPTSTK,GLENMARK,30-Jul-2020,390,CE,0,0,0,55.2,48.15,0,0,4600,0,06-JUL-2020,
OPTSTK,GLENMARK,30-Jul-2020,400,CE,0,0,0,50,41.25,0,0,124200,0,06-JUL-2020,
OPTSTK,GLENMARK,30-Jul-2020,410,CE,0,0,0,42.5,35,0,0,11500,0,06-JUL-2020,
OPTSTK,GLENMARK,30-Jul-2020,420,CE,0,0,0,37.7,29.4,0,0,75900,0,06-JUL-2020,
OPTSTK,GLENMARK,30-Jul-2020,430,CE,26,31.8,26,31,24.4,7,73.88,105800,-16100,06-JUL-2020,
OPTSTK,GLENMARK,30-Jul-2020,440,CE,23,23,19.25,19.7,19.7,6,63.58,138000,-13800,06-JUL-2020,
OPTSTK,GLENMARK,30-Jul-2020,450,CE,23,23,18.1,18.1,16.35,6,65,335800,-13800,06-JUL-2020,
OPTSTK,GLENMARK,30-Jul-2020,460,CE,19.8,19.8,12.6,14.35,14.35,7,76.51,271400,-16100,06-JUL-2020,
OPTSTK,GLENMARK,30-Jul-2020,470,CE,11.1,11.65,11.1,11.6,11.6,14,155.04,262200,-32200,06-JUL-2020,
OPTSTK,GLENMARK,30-Jul-2020,480,CE,10.5,10.8,9.5,9.8,9.8,12,135.29,510600,-27600,06-JUL-2020,
OPTSTK,GLENMARK,30-Jul-2020,490,CE,9.95,9.95,9,9,9,6,68.88,179400,-13800,06-JUL-2020,
OPTSTK,GLENMARK,30-Jul-2020,500,CE,7,7.45,6.6,7.05,7.05,15,174.91,756700,-34500,06-JUL-2020,
OPTSTK,GLENMARK,30-Jul-2020,510,CE,5.55,5.55,5.55,5.55,5.55,1,11.85,119600,-2300,06-JUL-2020,
OPTSTK,GLENMARK,30-Jul-2020,520,CE,4,4.5,3.6,4.5,4.5,10,120.49,202400,-23000,06-JUL-2020,
OPTSTK,GLENMARK,30-Jul-2020,530,CE,3.2,3.2,3,3,2.25,2,24.52,89700,-4600,06-JUL-2020,
OPTSTK,GLENMARK,30-Jul-2020,540,CE,3,3,3,3,1.7,1,12.48,142600,-2300,06-JUL-2020,
OPTSTK,GLENMARK,30-Jul-2020,550,CE,3.25,3.25,2.5,2.65,2.65,7,88.98,338100,-16100,06-JUL-2020,
OPTSTK,GLENMARK,30-Jul-2020,560,CE,3.05,4,3.05,4,0.95,2,25.92,94300,-4600,06-JUL-2020,
OPTSTK,GLENMARK,30-Jul-2020,570,CE,0,0,0,3.65,0.7,0,0,78200,0,06-JUL-2020,
OPTSTK,GLENMARK,30-Jul-2020,580,CE,1.85,1.85,1.85,1.85,0.5,2,26.76,151800,-4600,06-JUL-2020,
OPTSTK,GLENMARK,30-Jul-2020,590,CE,1.85,1.85,1.7,1.7,1.7,3,40.83,354200,-6900,06-JUL-2020,
OPTSTK,GLENMARK,30-Jul-2020,140,PE,0,0,0,1.85,0.05,0,0,0,0,06-JUL-2020,
OPTSTK,GLENMARK,30-Jul-2020,160,PE,0,0,0,3.65,0.05,0,0,0,0,06-JUL-2020,
OPTSTK,GLENMARK,30-Jul-2020,180,PE,0,0,0,6.35,0.05,0,0,0,0,06-JUL-2020,
OPTSTK,GLENMARK,30-Jul-2020,200,PE,0,0,0,10.1,0.05,0,0,0,0,06-JUL-2020,
OPTSTK,GLENMARK,30-Jul-2020,220,PE,0,0,0,14.95,0.05,0,0,0,0,06-JUL-2020,
OPTSTK,GLENMARK,30-Jul-2020,240,PE,0,0,0,20.95,0.05,0,0,0,0,06-JUL-2020,
OPTSTK,GLENMARK,30-Jul-2020,260,PE,0,0,0,28.15,0.05,0,0,0,0,06-JUL-2020,
OPTSTK,GLENMARK,30-Jul-2020,270,PE,0,0,0,9.3,0.05,0,0,0,0,06-JUL-2020,
OPTSTK,GLENMARK,30-Jul-2020,280,PE,0,0,0,36.45,0.05,0,0,0,0,06-JUL-2020,
OPTSTK,GLENMARK,30-Jul-2020,290,PE,0,0,0,14.8,0.05,0,0,0,0,06-JUL-2020,
OPTSTK,GLENMARK,30-Jul-2020,300,PE,0.3,0.3,0.3,0.3,0.1,4,27.62,510600,-9200,06-JUL-2020,
OPTSTK,GLENMARK,30-Jul-2020,310,PE,0,0,0,21.95,0.25,0,0,0,0,06-JUL-2020,
OPTSTK,GLENMARK,30-Jul-2020,320,PE,0,0,0,0.85,0.45,0,0,23000,0,06-JUL-2020,
OPTSTK,GLENMARK,30-Jul-2020,330,PE,2.25,2.25,2.25,2.25,0.75,1,7.64,18400,-2300,06-JUL-2020,
OPTSTK,GLENMARK,30-Jul-2020,340,PE,2.1,2.1,2.1,2.1,1.25,1,7.86,6900,-2300,06-JUL-2020,
OPTSTK,GLENMARK,30-Jul-2020,350,PE,3,3.05,3,3,3,5,40.59,186300,-11500,06-JUL-2020,
OPTSTK,GLENMARK,30-Jul-2020,360,PE,4.8,4.8,4.8,4.8,4.8,1,8.39,133400,-2300,06-JUL-2020,
OPTSTK,GLENMARK,30-Jul-2020,370,PE,0,0,0,6.3,4.6,0,0,41400,0,06-JUL-2020,
OPTSTK,GLENMARK,30-Jul-2020,380,PE,7.2,7.5,7.2,7.5,7.5,3,26.72,322000,-6900,06-JUL-2020,
OPTSTK,GLENMARK,30-Jul-2020,390,PE,0,0,0,10,9.05,0,0,119600,0,06-JUL-2020,
OPTSTK,GLENMARK,30-Jul-2020,400,PE,12,15,11.5,12.55,12.55,6,56.97,561200,-13800,06-JUL-2020,
OPTSTK,GLENMARK,30-Jul-2020,410,PE,14.1,17.5,14,17.5,15.85,3,29.33,64400,-6900,06-JUL-2020,
OPTSTK,GLENMARK,30-Jul-2020,420,PE,19.6,19.6,19.6,19.6,19.6,4,40.44,326600,-9200,06-JUL-2020,
OPTSTK,GLENMARK,30-Jul-2020,430,PE,24.05,24.55,24,24.15,24.15,10,104.43,319700,-23000,06-JUL-2020,
OPTSTK,GLENMARK,30-Jul-2020,440,PE,31.8,31.8,31.05,31.05,31.05,2,21.68,144900,-4600,06-JUL-2020,
OPTSTK,GLENMARK,30-Jul-2020,450,PE,0,0,0,34.05,37.1,0,0,266800,0,06-JUL-2020,
OPTSTK,GLENMARK,30-Jul-2020,460,PE,44,44,44,44,43.9,1,11.59,156400,-2300,06-JUL-2020,
OPTSTK,GLENMARK,30-Jul-2020,470,PE,0,0,0,47.65,51.2,0,0,87400,0,06-JUL-2020,
OPTSTK,GLENMARK,30-Jul-2020,480,PE,0,0,0,99,59,0,0,64400,0,06-JUL-2020,
OPTSTK,GLENMARK,30-Jul-2020,490,PE,0,0,0,62.3,67.15,0,0,25300,0,06-JUL-2020,
OPTSTK,GLENMARK,30-Jul-2020,500,PE,0,0,0,74.5,75.65,0,0,71300,0,06-JUL-2020,
OPTSTK,GLENMARK,30-Jul-2020,510,PE,0,0,0,87.3,84.5,0,0,6900,0,06-JUL-2020,
OPTSTK,GLENMARK,30-Jul-2020,520,PE,0,0,0,84,93.55,0,0,9200,0,06-JUL-2020,
OPTSTK,GLENMARK,30-Jul-2020,530,PE,0,0,0,104.5,102.8,0,0,6900,0,06-JUL-2020,
OPTSTK,GLENMARK,30-Jul-2020,540,PE,0,0,0,218,112.2,0,0,0,0,06-JUL-2020,
OPTSTK,GLENMARK,30-Jul-2020,550,PE,0,0,0,122.45,121.75,0,0,4600,0,06-JUL-2020,
OPTSTK,GLENMARK,30-Jul-2020,560,PE,0,0,0,210.35,131.35,0,0,0,0,06-JUL-2020,
OPTSTK,GLENMARK,30-Jul-2020,570,PE,0,0,0,72,141.1,0,0,0,0,06-JUL-2020,
OPTSTK,GLENMARK,30-Jul-2020,580,PE,0,0,0,79.15,150.9,0,0,0,0,06-JUL-2020,
OPTSTK,GLENMARK,30-Jul-2020,590,PE,0,0,0,86.55,160.7,0,0,0,0,06-JUL-2020,
OPTSTK,GLENMARK,27-Aug-2020,200,CE,0,0,0,147.75,229.2,0,0,0,0,06-JUL-2020,
OPTSTK,GLENMARK,27-Aug-2020,210,CE,0,0,0,138.7,219.25,0,0,0,0,06-JUL-2020,
OPTSTK,GLENMARK,27-Aug-2020,220,CE,0,0,0,129.95,209.35,0,0,0,0,06-JUL-2020,
OPTSTK,GLENMARK,27-Aug-2020,230,CE,0,0,0,121.45,199.4,0,0,0,0,06-JUL-2020,
OPTSTK,GLENMARK,27-Aug-2020,240,CE,0,0,0,113.25,189.5,0,0,0,0,06-JUL-2020,
OPTSTK,GLENMARK,27-Aug-2020,250,CE,0,0,0,105.35,179.65,0,0,0,0,06-JUL-2020,
OPTSTK,GLENMARK,27-Aug-2020,260,CE,0,0,0,97.8,169.8,0,0,0,0,06-JUL-2020,
OPTSTK,GLENMARK,27-Aug-2020,270,CE,0,0,0,90.6,160,0,0,0,0,06-JUL-2020,
OPTSTK,GLENMARK,27-Aug-2020,280,CE,0,0,0,83.75,150.3,0,0,0,0,06-JUL-2020,
OPTSTK,GLENMARK,27-Aug-2020,290,CE,0,0,0,77.25,140.7,0,0,0,0,06-JUL-2020,
OPTSTK,GLENMARK,27-Aug-2020,300,CE,0,0,0,71.15,131.25,0,0,0,0,06-JUL-2020,
OPTSTK,GLENMARK,27-Aug-2020,310,CE,0,0,0,65.4,121.95,0,0,0,0,06-JUL-2020,
OPTSTK,GLENMARK,27-Aug-2020,320,CE,0,0,0,60,112.9,0,0,0,0,06-JUL-2020,
OPTSTK,GLENMARK,27-Aug-2020,330,CE,0,0,0,55,104.1,0,0,0,0,06-JUL-2020,
OPTSTK,GLENMARK,27-Aug-2020,340,CE,0,0,0,50.3,95.55,0,0,0,0,06-JUL-2020,
OPTSTK,GLENMARK,27-Aug-2020,350,CE,0,0,0,46,87.4,0,0,0,0,06-JUL-2020,
OPTSTK,GLENMARK,27-Aug-2020,360,CE,0,0,0,41.95,79.55,0,0,0,0,06-JUL-2020,
OPTSTK,GLENMARK,27-Aug-2020,370,CE,0,0,0,38.25,72.15,0,0,0,0,06-JUL-2020,
OPTSTK,GLENMARK,27-Aug-2020,380,CE,0,0,0,34.8,65.15,0,0,0,0,06-JUL-2020,
OPTSTK,GLENMARK,27-Aug-2020,390,CE,0,0,0,31.65,58.55,0,0,0,0,06-JUL-2020,
OPTSTK,GLENMARK,27-Aug-2020,400,CE,0,0,0,28.75,52.45,0,0,0,0,06-JUL-2020,
OPTSTK,GLENMARK,27-Aug-2020,410,CE,0,0,0,26.1,46.75,0,0,0,0,06-JUL-2020,
OPTSTK,GLENMARK,27-Aug-2020,420,CE,0,0,0,23.7,41.5,0,0,0,0,06-JUL-2020,
OPTSTK,GLENMARK,27-Aug-2020,430,CE,0,0,0,21.5,36.75,0,0,0,0,06-JUL-2020,
OPTSTK,GLENMARK,27-Aug-2020,440,CE,0,0,0,19.45,32.35,0,0,0,0,06-JUL-2020,
OPTSTK,GLENMARK,27-Aug-2020,450,CE,0,0,0,17.65,28.4,0,0,0,0,06-JUL-2020,
OPTSTK,GLENMARK,27-Aug-2020,460,CE,0,0,0,27.05,24.85,0,0,2300,0,06-JUL-2020,
OPTSTK,GLENMARK,27-Aug-2020,470,CE,0,0,0,14.4,21.7,0,0,0,0,06-JUL-2020,
OPTSTK,GLENMARK,27-Aug-2020,480,CE,0,0,0,13,18.85,0,0,0,0,06-JUL-2020,
OPTSTK,GLENMARK,27-Aug-2020,490,CE,0,0,0,12.85,16.3,0,0,0,0,06-JUL-2020,
OPTSTK,GLENMARK,27-Aug-2020,500,CE,0,0,0,20,14.1,0,0,2300,0,06-JUL-2020,
OPTSTK,GLENMARK,27-Aug-2020,510,CE,0,0,0,12.9,12.1,0,0,0,0,06-JUL-2020,
OPTSTK,GLENMARK,27-Aug-2020,520,CE,0,0,0,14.15,10.4,0,0,0,0,06-JUL-2020,
OPTSTK,GLENMARK,27-Aug-2020,530,CE,0,0,0,50.05,8.9,0,0,2300,0,06-JUL-2020,
OPTSTK,GLENMARK,27-Aug-2020,540,CE,0,0,0,12.45,7.6,0,0,0,0,06-JUL-2020,
OPTSTK,GLENMARK,27-Aug-2020,550,CE,0,0,0,9.75,6.5,0,0,0,0,06-JUL-2020,
OPTSTK,GLENMARK,27-Aug-2020,560,CE,0,0,0,41.65,5.5,0,0,0,0,06-JUL-2020,
OPTSTK,GLENMARK,27-Aug-2020,570,CE,0,0,0,38.3,4.65,0,0,0,0,06-JUL-2020,
OPTSTK,GLENMARK,27-Aug-2020,580,CE,0,0,0,35.15,3.95,0,0,0,0,06-JUL-2020,
OPTSTK,GLENMARK,27-Aug-2020,590,CE,0,0,0,32.2,3.35,0,0,0,0,06-JUL-2020,
OPTSTK,GLENMARK,27-Aug-2020,200,PE,0,0,0,2.1,0.05,0,0,0,0,06-JUL-2020,
OPTSTK,GLENMARK,27-Aug-2020,210,PE,0,0,0,2.95,0.05,0,0,0,0,06-JUL-2020,
OPTSTK,GLENMARK,27-Aug-2020,220,PE,0,0,0,4.1,0.05,0,0,0,0,06-JUL-2020,
OPTSTK,GLENMARK,27-Aug-2020,230,PE,0,0,0,5.45,0.05,0,0,0,0,06-JUL-2020,
OPTSTK,GLENMARK,27-Aug-2020,240,PE,0,0,0,7.15,0.05,0,0,0,0,06-JUL-2020,
OPTSTK,GLENMARK,27-Aug-2020,250,PE,0,0,0,9.1,0.1,0,0,0,0,06-JUL-2020,
OPTSTK,GLENMARK,27-Aug-2020,260,PE,0,0,0,11.45,0.2,0,0,0,0,06-JUL-2020,
OPTSTK,GLENMARK,27-Aug-2020,270,PE,0,0,0,14.1,0.35,0,0,0,0,06-JUL-2020,
OPTSTK,GLENMARK,27-Aug-2020,280,PE,0,0,0,17.15,0.6,0,0,0,0,06-JUL-2020,
OPTSTK,GLENMARK,27-Aug-2020,290,PE,0,0,0,20.55,0.95,0,0,0,0,06-JUL-2020,
OPTSTK,GLENMARK,27-Aug-2020,300,PE,0,0,0,24.3,1.45,0,0,0,0,06-JUL-2020,
OPTSTK,GLENMARK,27-Aug-2020,310,PE,0,0,0,28.45,2.1,0,0,0,0,06-JUL-2020,
OPTSTK,GLENMARK,27-Aug-2020,320,PE,0,0,0,32.95,2.95,0,0,0,0,06-JUL-2020,
OPTSTK,GLENMARK,27-Aug-2020,330,PE,0,0,0,37.8,4.1,0,0,0,0,06-JUL-2020,
OPTSTK,GLENMARK,27-Aug-2020,340,PE,0,0,0,43,5.5,0,0,0,0,06-JUL-2020,
OPTSTK,GLENMARK,27-Aug-2020,350,PE,0,0,0,48.55,7.25,0,0,0,0,06-JUL-2020,
OPTSTK,GLENMARK,27-Aug-2020,360,PE,0,0,0,54.4,9.4,0,0,0,0,06-JUL-2020,
OPTSTK,GLENMARK,27-Aug-2020,370,PE,0,0,0,60.55,11.9,0,0,0,0,06-JUL-2020,
OPTSTK,GLENMARK,27-Aug-2020,380,PE,0,0,0,67,14.85,0,0,0,0,06-JUL-2020,
OPTSTK,GLENMARK,27-Aug-2020,390,PE,0,0,0,73.75,18.2,0,0,0,0,06-JUL-2020,
OPTSTK,GLENMARK,27-Aug-2020,400,PE,0,0,0,28.05,22,0,0,4600,0,06-JUL-2020,
OPTSTK,GLENMARK,27-Aug-2020,410,PE,0,0,0,87.95,26.25,0,0,0,0,06-JUL-2020,
OPTSTK,GLENMARK,27-Aug-2020,420,PE,0,0,0,95.4,31,0,0,0,0,06-JUL-2020,
OPTSTK,GLENMARK,27-Aug-2020,430,PE,0,0,0,103.05,36.15,0,0,0,0,06-JUL-2020,
OPTSTK,GLENMARK,27-Aug-2020,440,PE,0,0,0,110.95,41.7,0,0,0,0,06-JUL-2020,
OPTSTK,GLENMARK,27-Aug-2020,450,PE,0,0,0,118.95,47.7,0,0,0,0,06-JUL-2020,
OPTSTK,GLENMARK,27-Aug-2020,460,PE,0,0,0,127.15,54.1,0,0,0,0,06-JUL-2020,
OPTSTK,GLENMARK,27-Aug-2020,470,PE,0,0,0,135.5,60.85,0,0,0,0,06-JUL-2020,
OPTSTK,GLENMARK,27-Aug-2020,480,PE,0,0,0,144,67.95,0,0,0,0,06-JUL-2020,
OPTSTK,GLENMARK,27-Aug-2020,490,PE,0,0,0,142.05,75.35,0,0,0,0,06-JUL-2020,
OPTSTK,GLENMARK,27-Aug-2020,500,PE,0,0,0,150.65,83.05,0,0,0,0,06-JUL-2020,
OPTSTK,GLENMARK,27-Aug-2020,510,PE,0,0,0,148.25,91.05,0,0,0,0,06-JUL-2020,
OPTSTK,GLENMARK,27-Aug-2020,520,PE,0,0,0,139.5,99.25,0,0,0,0,06-JUL-2020,
OPTSTK,GLENMARK,27-Aug-2020,530,PE,0,0,0,148,107.7,0,0,0,0,06-JUL-2020,
OPTSTK,GLENMARK,27-Aug-2020,540,PE,0,0,0,150.8,116.35,0,0,0,0,06-JUL-2020,
OPTSTK,GLENMARK,27-Aug-2020,550,PE,0,0,0,149.1,125.15,0,0,0,0,06-JUL-2020,
OPTSTK,GLENMARK,27-Aug-2020,560,PE,0,0,0,77.15,134.1,0,0,0,0,06-JUL-2020,
OPTSTK,GLENMARK,27-Aug-2020,570,PE,0,0,0,83.65,143.2,0,0,0,0,06-JUL-2020,
OPTSTK,GLENMARK,27-Aug-2020,580,PE,0,0,0,90.45,152.45,0,0,0,0,06-JUL-2020,
OPTSTK,GLENMARK,27-Aug-2020,590,PE,0,0,0,97.45,161.75,0,0,0,0,06-JUL-2020,
OPTSTK,GLENMARK,24-Sep-2020,300,CE,0,0,0,168.7,134.45,0,0,0,0,06-JUL-2020,
OPTSTK,GLENMARK,24-Sep-2020,310,CE,0,0,0,160.4,125.7,0,0,0,0,06-JUL-2020,
OPTSTK,GLENMARK,24-Sep-2020,320,CE,0,0,0,152.35,117.25,0,0,0,0,06-JUL-2020,
OPTSTK,GLENMARK,24-Sep-2020,330,CE,0,0,0,144.55,109.05,0,0,0,0,06-JUL-2020,
OPTSTK,GLENMARK,24-Sep-2020,340,CE,0,0,0,136.95,101.15,0,0,0,0,06-JUL-2020,
OPTSTK,GLENMARK,24-Sep-2020,350,CE,0,0,0,129.65,93.6,0,0,0,0,06-JUL-2020,
OPTSTK,GLENMARK,24-Sep-2020,360,CE,0,0,0,122.55,86.4,0,0,0,0,06-JUL-2020,
OPTSTK,GLENMARK,24-Sep-2020,370,CE,0,0,0,115.75,79.55,0,0,0,0,06-JUL-2020,
OPTSTK,GLENMARK,24-Sep-2020,380,CE,0,0,0,109.25,73.05,0,0,0,0,06-JUL-2020,
OPTSTK,GLENMARK,24-Sep-2020,390,CE,0,0,0,102.95,66.9,0,0,0,0,06-JUL-2020,
OPTSTK,GLENMARK,24-Sep-2020,400,CE,0,0,0,97,61.15,0,0,0,0,06-JUL-2020,
OPTSTK,GLENMARK,24-Sep-2020,410,CE,0,0,0,91.25,55.75,0,0,0,0,06-JUL-2020,
OPTSTK,GLENMARK,24-Sep-2020,420,CE,0,0,0,85.8,50.75,0,0,0,0,06-JUL-2020,
OPTSTK,GLENMARK,24-Sep-2020,430,CE,0,0,0,80.6,46.05,0,0,0,0,06-JUL-2020,
OPTSTK,GLENMARK,24-Sep-2020,440,CE,0,0,0,75.7,41.75,0,0,0,0,06-JUL-2020,
OPTSTK,GLENMARK,24-Sep-2020,450,CE,0,0,0,71,37.75,0,0,0,0,06-JUL-2020,
OPTSTK,GLENMARK,24-Sep-2020,460,CE,0,0,0,66.55,34.05,0,0,0,0,06-JUL-2020,
OPTSTK,GLENMARK,24-Sep-2020,470,CE,0,0,0,62.35,30.7,0,0,0,0,06-JUL-2020,
OPTSTK,GLENMARK,24-Sep-2020,480,CE,0,0,0,58.35,27.6,0,0,0,0,06-JUL-2020,
OPTSTK,GLENMARK,24-Sep-2020,490,CE,0,0,0,54.6,24.75,0,0,0,0,06-JUL-2020,
OPTSTK,GLENMARK,24-Sep-2020,500,CE,0,0,0,51.05,22.2,0,0,0,0,06-JUL-2020,
OPTSTK,GLENMARK,24-Sep-2020,510,CE,0,0,0,47.75,19.85,0,0,0,0,06-JUL-2020,
OPTSTK,GLENMARK,24-Sep-2020,520,CE,0,0,0,44.6,17.75,0,0,0,0,06-JUL-2020,
OPTSTK,GLENMARK,24-Sep-2020,530,CE,0,0,0,41.65,15.85,0,0,0,0,06-JUL-2020,
OPTSTK,GLENMARK,24-Sep-2020,540,CE,0,0,0,38.85,14.1,0,0,0,0,06-JUL-2020,
OPTSTK,GLENMARK,24-Sep-2020,550,CE,0,0,0,36.25,12.55,0,0,0,0,06-JUL-2020,
OPTSTK,GLENMARK,24-Sep-2020,560,CE,0,0,0,33.85,11.15,0,0,0,0,06-JUL-2020,
OPTSTK,GLENMARK,24-Sep-2020,570,CE,0,0,0,31.55,9.9,0,0,0,0,06-JUL-2020,
OPTSTK,GLENMARK,24-Sep-2020,580,CE,0,0,0,29.4,8.8,0,0,0,0,06-JUL-2020,
OPTSTK,GLENMARK,24-Sep-2020,590,CE,0,0,0,27.4,7.8,0,0,0,0,06-JUL-2020,
OPTSTK,GLENMARK,24-Sep-2020,300,PE,0,0,0,7.15,3.65,0,0,0,0,06-JUL-2020,
OPTSTK,GLENMARK,24-Sep-2020,310,PE,0,0,0,8.7,4.85,0,0,0,0,06-JUL-2020,
OPTSTK,GLENMARK,24-Sep-2020,320,PE,0,0,0,10.55,6.25,0,0,0,0,06-JUL-2020,
OPTSTK,GLENMARK,24-Sep-2020,330,PE,0,0,0,12.6,8,0,0,0,0,06-JUL-2020,
OPTSTK,GLENMARK,24-Sep-2020,340,PE,0,0,0,14.9,10,0,0,0,0,06-JUL-2020,
OPTSTK,GLENMARK,24-Sep-2020,350,PE,0,0,0,17.5,12.35,0,0,0,0,06-JUL-2020,
OPTSTK,GLENMARK,24-Sep-2020,360,PE,0,0,0,20.3,15.05,0,0,0,0,06-JUL-2020,
OPTSTK,GLENMARK,24-Sep-2020,370,PE,0,0,0,23.4,18.1,0,0,0,0,06-JUL-2020,
OPTSTK,GLENMARK,24-Sep-2020,380,PE,0,0,0,26.75,21.5,0,0,0,0,06-JUL-2020,
OPTSTK,GLENMARK,24-Sep-2020,390,PE,0,0,0,30.35,25.3,0,0,0,0,06-JUL-2020,
OPTSTK,GLENMARK,24-Sep-2020,400,PE,0,0,0,34.25,29.45,0,0,0,0,06-JUL-2020,
OPTSTK,GLENMARK,24-Sep-2020,410,PE,0,0,0,38.4,33.95,0,0,0,0,06-JUL-2020,
OPTSTK,GLENMARK,24-Sep-2020,420,PE,0,0,0,42.85,38.85,0,0,0,0,06-JUL-2020,
OPTSTK,GLENMARK,24-Sep-2020,430,PE,0,0,0,47.55,44.1,0,0,0,0,06-JUL-2020,
OPTSTK,GLENMARK,24-Sep-2020,440,PE,0,0,0,52.45,49.65,0,0,0,0,06-JUL-2020,
OPTSTK,GLENMARK,24-Sep-2020,450,PE,0,0,0,57.65,55.55,0,0,0,0,06-JUL-2020,
OPTSTK,GLENMARK,24-Sep-2020,460,PE,0,0,0,63.1,61.8,0,0,0,0,06-JUL-2020,
OPTSTK,GLENMARK,24-Sep-2020,470,PE,0,0,0,68.8,68.3,0,0,0,0,06-JUL-2020,
OPTSTK,GLENMARK,24-Sep-2020,480,PE,0,0,0,74.7,75.15,0,0,0,0,06-JUL-2020,
OPTSTK,GLENMARK,24-Sep-2020,490,PE,0,0,0,80.85,82.2,0,0,0,0,06-JUL-2020,
OPTSTK,GLENMARK,24-Sep-2020,500,PE,0,0,0,87.15,89.55,0,0,0,0,06-JUL-2020,
OPTSTK,GLENMARK,24-Sep-2020,510,PE,0,0,0,93.7,97.15,0,0,0,0,06-JUL-2020,
OPTSTK,GLENMARK,24-Sep-2020,520,PE,0,0,0,100.45,104.95,0,0,0,0,06-JUL-2020,
OPTSTK,GLENMARK,24-Sep-2020,530,PE,0,0,0,107.4,112.95,0,0,0,0,06-JUL-2020,
OPTSTK,GLENMARK,24-Sep-2020,540,PE,0,0,0,114.5,121.1,0,0,0,0,06-JUL-2020,
OPTSTK,GLENMARK,24-Sep-2020,550,PE,0,0,0,121.75,129.45,0,0,0,0,06-JUL-2020,
OPTSTK,GLENMARK,24-Sep-2020,560,PE,0,0,0,129.25,138,0,0,0,0,06-JUL-2020,
OPTSTK,GLENMARK,24-Sep-2020,570,PE,0,0,0,136.85,146.65,0,0,0,0,06-JUL-2020,
OPTSTK,GLENMARK,24-Sep-2020,580,PE,0,0,0,144.55,155.4,0,0,0,0,06-JUL-2020,
OPTSTK,GLENMARK,24-Sep-2020,590,PE,0,0,0,152.45,164.3,0,0,0,0,06-JUL-2020,
OPTSTK,GMRINFRA,30-Jul-2020,11,CE,0,0,0,6.35,10.35,0,0,0,0,06-JUL-2020,
OPTSTK,GMRINFRA,30-Jul-2020,12,CE,0,0,0,5.4,9.35,0,0,0,0,06-JUL-2020,
OPTSTK,GMRINFRA,30-Jul-2020,13,CE,0,0,0,4.6,8.35,0,0,0,0,06-JUL-2020,
OPTSTK,GMRINFRA,30-Jul-2020,14,CE,0,0,0,3.8,7.35,0,0,0,0,06-JUL-2020,
OPTSTK,GMRINFRA,30-Jul-2020,15,CE,0,0,0,7.3,6.35,0,0,45000,0,06-JUL-2020,
OPTSTK,GMRINFRA,30-Jul-2020,16,CE,0,0,0,2.5,5.35,0,0,0,0,06-JUL-2020,
OPTSTK,GMRINFRA,30-Jul-2020,17,CE,0,0,0,2,4.35,0,0,0,0,06-JUL-2020,
OPTSTK,GMRINFRA,30-Jul-2020,18,CE,0,0,0,1.55,3.4,0,0,0,0,06-JUL-2020,
OPTSTK,GMRINFRA,30-Jul-2020,19,CE,0,0,0,1.9,2.55,0,0,45000,0,06-JUL-2020,
OPTSTK,GMRINFRA,30-Jul-2020,20,CE,2.3,2.9,2,2.05,2.05,15,151.15,3600000,0,06-JUL-2020,
OPTSTK,GMRINFRA,30-Jul-2020,21,CE,1.6,2,1.5,1.5,1.15,10,102.06,4050000,-45000,06-JUL-2020,
OPTSTK,GMRINFRA,30-Jul-2020,22,CE,1.15,1.55,0.95,1,1,136,1420.33,4050000,540000,06-JUL-2020,
OPTSTK,GMRINFRA,30-Jul-2020,23,CE,0.75,1.1,0.7,0.7,0.7,130,1398.8,2970000,585000,06-JUL-2020,
OPTSTK,GMRINFRA,30-Jul-2020,24,CE,0.55,0.75,0.4,0.45,0.2,119,1315.75,3510000,495000,06-JUL-2020,
OPTSTK,GMRINFRA,30-Jul-2020,25,CE,0.35,0.5,0.25,0.3,0.3,150,1714.54,5805000,270000,06-JUL-2020,
OPTSTK,GMRINFRA,30-Jul-2020,26,CE,0.25,0.35,0.15,0.2,0.2,100,1181.67,2655000,540000,06-JUL-2020,
OPTSTK,GMRINFRA,30-Jul-2020,27,CE,0.15,0.25,0.15,0.15,0.05,50,611.52,2115000,90000,06-JUL-2020,
OPTSTK,GMRINFRA,30-Jul-2020,11,PE,0,0,0,0.05,0.05,0,0,45000,0,06-JUL-2020,
OPTSTK,GMRINFRA,30-Jul-2020,12,PE,0,0,0,0.05,0.05,0,0,135000,0,06-JUL-2020,
OPTSTK,GMRINFRA,30-Jul-2020,13,PE,0.05,0.05,0.05,0.05,0.05,1,5.87,225000,45000,06-JUL-2020,
OPTSTK,GMRINFRA,30-Jul-2020,14,PE,0,0,0,0.05,0.05,0,0,180000,0,06-JUL-2020,
OPTSTK,GMRINFRA,30-Jul-2020,15,PE,0,0,0,0.05,0.05,0,0,1125000,0,06-JUL-2020,
OPTSTK,GMRINFRA,30-Jul-2020,16,PE,0,0,0,0.05,0.05,0,0,180000,0,06-JUL-2020,
OPTSTK,GMRINFRA,30-Jul-2020,17,PE,0.05,0.1,0.05,0.1,0.05,2,15.36,2520000,45000,06-JUL-2020,
OPTSTK,GMRINFRA,30-Jul-2020,18,PE,0.15,0.2,0.15,0.2,0.2,27,220.65,3195000,0,06-JUL-2020,
OPTSTK,GMRINFRA,30-Jul-2020,19,PE,0.3,0.4,0.25,0.35,0.35,55,477.51,1260000,270000,06-JUL-2020,
OPTSTK,GMRINFRA,30-Jul-2020,20,PE,0.55,0.65,0.45,0.65,0.65,65,601.26,2610000,585000,06-JUL-2020,
OPTSTK,GMRINFRA,30-Jul-2020,21,PE,0.9,1,0.7,1,1,40,394.04,3780000,0,06-JUL-2020,
OPTSTK,GMRINFRA,30-Jul-2020,22,PE,1.45,1.5,1.15,1.15,1.35,7,73.59,990000,90000,06-JUL-2020,
OPTSTK,GMRINFRA,30-Jul-2020,23,PE,2.05,2.3,1.8,1.85,2.05,4,45,135000,0,06-JUL-2020,
OPTSTK,GMRINFRA,30-Jul-2020,24,PE,2.4,2.8,2.4,2.45,2.85,3,35.84,270000,45000,06-JUL-2020,
OPTSTK,GMRINFRA,30-Jul-2020,25,PE,3,3.4,3,3.4,3.75,2,25.38,135000,45000,06-JUL-2020,
OPTSTK,GMRINFRA,30-Jul-2020,26,PE,0,0,0,5.6,4.65,0,0,90000,0,06-JUL-2020,
OPTSTK,GMRINFRA,30-Jul-2020,27,PE,0,0,0,9.7,5.65,0,0,0,0,06-JUL-2020,
OPTSTK,GMRINFRA,27-Aug-2020,11,CE,0,0,0,6.95,10.35,0,0,0,0,06-JUL-2020,
OPTSTK,GMRINFRA,27-Aug-2020,12,CE,0,0,0,6,9.35,0,0,0,0,06-JUL-2020,
OPTSTK,GMRINFRA,27-Aug-2020,13,CE,0,0,0,5.05,8.4,0,0,0,0,06-JUL-2020,
OPTSTK,GMRINFRA,27-Aug-2020,14,CE,0,0,0,4.15,7.4,0,0,0,0,06-JUL-2020,
OPTSTK,GMRINFRA,27-Aug-2020,15,CE,0,0,0,3.35,6.4,0,0,0,0,06-JUL-2020,
OPTSTK,GMRINFRA,27-Aug-2020,16,CE,0,0,0,2.6,5.45,0,0,0,0,06-JUL-2020,
OPTSTK,GMRINFRA,27-Aug-2020,17,CE,0,0,0,2,4.5,0,0,0,0,06-JUL-2020,
OPTSTK,GMRINFRA,27-Aug-2020,18,CE,0,0,0,1.45,3.65,0,0,0,0,06-JUL-2020,
OPTSTK,GMRINFRA,27-Aug-2020,19,CE,0,0,0,1.05,2.9,0,0,0,0,06-JUL-2020,
OPTSTK,GMRINFRA,27-Aug-2020,20,CE,0,0,0,2,2.2,0,0,90000,0,06-JUL-2020,
OPTSTK,GMRINFRA,27-Aug-2020,21,CE,0,0,0,0.55,1.65,0,0,0,0,06-JUL-2020,
OPTSTK,GMRINFRA,27-Aug-2020,22,CE,0,0,0,0.35,1.2,0,0,0,0,06-JUL-2020,
OPTSTK,GMRINFRA,27-Aug-2020,23,CE,0,0,0,0.25,0.8,0,0,0,0,06-JUL-2020,
OPTSTK,GMRINFRA,27-Aug-2020,24,CE,0,0,0,0.15,0.55,0,0,0,0,06-JUL-2020,
OPTSTK,GMRINFRA,27-Aug-2020,25,CE,1.1,1.15,1.1,1.15,1.15,11,129.39,855000,495000,06-JUL-2020,
OPTSTK,GMRINFRA,27-Aug-2020,26,CE,0,0,0,3.05,0.25,0,0,540000,0,06-JUL-2020,
OPTSTK,GMRINFRA,27-Aug-2020,27,CE,0,0,0,0.15,0.15,0,0,0,0,06-JUL-2020,
OPTSTK,GMRINFRA,27-Aug-2020,11,PE,0,0,0,0.3,0.05,0,0,90000,0,06-JUL-2020,
OPTSTK,GMRINFRA,27-Aug-2020,12,PE,0.5,0.5,0.5,0.5,0.05,2,11.25,135000,90000,06-JUL-2020,
OPTSTK,GMRINFRA,27-Aug-2020,13,PE,0,0,0,0.1,0.05,0,0,45000,0,06-JUL-2020,
OPTSTK,GMRINFRA,27-Aug-2020,14,PE,0,0,0,0.2,0.05,0,0,180000,0,06-JUL-2020,
OPTSTK,GMRINFRA,27-Aug-2020,15,PE,0,0,0,0.35,0.05,0,0,0,0,06-JUL-2020,
OPTSTK,GMRINFRA,27-Aug-2020,16,PE,0,0,0,0.6,0.05,0,0,0,0,06-JUL-2020,
OPTSTK,GMRINFRA,27-Aug-2020,17,PE,0.2,0.2,0.2,0.2,0.1,7,54.18,135000,-315000,06-JUL-2020,
OPTSTK,GMRINFRA,27-Aug-2020,18,PE,0,0,0,1.45,0.25,0,0,0,0,06-JUL-2020,
OPTSTK,GMRINFRA,27-Aug-2020,19,PE,0,0,0,2.05,0.45,0,0,0,0,06-JUL-2020,
OPTSTK,GMRINFRA,27-Aug-2020,20,PE,0,0,0,2.8,0.8,0,0,180000,0,06-JUL-2020,
OPTSTK,GMRINFRA,27-Aug-2020,21,PE,0,0,0,3.45,1.2,0,0,0,0,06-JUL-2020,
OPTSTK,GMRINFRA,27-Aug-2020,22,PE,0,0,0,4.3,1.75,0,0,0,0,06-JUL-2020,
OPTSTK,GMRINFRA,27-Aug-2020,23,PE,0,0,0,5.15,2.4,0,0,0,0,06-JUL-2020,
OPTSTK,GMRINFRA,27-Aug-2020,24,PE,0,0,0,6.1,3.1,0,0,0,0,06-JUL-2020,
OPTSTK,GMRINFRA,27-Aug-2020,25,PE,0,0,0,7,3.9,0,0,0,0,06-JUL-2020,
OPTSTK,GMRINFRA,27-Aug-2020,26,PE,0,0,0,7.95,4.8,0,0,0,0,06-JUL-2020,
OPTSTK,GMRINFRA,27-Aug-2020,27,PE,0,0,0,8.95,5.7,0,0,0,0,06-JUL-2020,
OPTSTK,GMRINFRA,24-Sep-2020,11,CE,0,0,0,9.6,10.4,0,0,0,0,06-JUL-2020,
OPTSTK,GMRINFRA,24-Sep-2020,12,CE,0,0,0,8.65,9.4,0,0,0,0,06-JUL-2020,
OPTSTK,GMRINFRA,24-Sep-2020,13,CE,0,0,0,7.7,8.45,0,0,0,0,06-JUL-2020,
OPTSTK,GMRINFRA,24-Sep-2020,14,CE,0,0,0,6.75,7.45,0,0,0,0,06-JUL-2020,
OPTSTK,GMRINFRA,24-Sep-2020,15,CE,0,0,0,5.9,6.5,0,0,0,0,06-JUL-2020,
OPTSTK,GMRINFRA,24-Sep-2020,16,CE,0,0,0,5.05,5.6,0,0,0,0,06-JUL-2020,
OPTSTK,GMRINFRA,24-Sep-2020,17,CE,0,0,0,4.3,4.7,0,0,0,0,06-JUL-2020,
OPTSTK,GMRINFRA,24-Sep-2020,18,CE,0,0,0,3.6,3.9,0,0,0,0,06-JUL-2020,
OPTSTK,GMRINFRA,24-Sep-2020,19,CE,0,0,0,3,3.2,0,0,0,0,06-JUL-2020,
OPTSTK,GMRINFRA,24-Sep-2020,20,CE,0,0,0,2.45,2.55,0,0,0,0,06-JUL-2020,
OPTSTK,GMRINFRA,24-Sep-2020,21,CE,0,0,0,2,2,0,0,0,0,06-JUL-2020,
OPTSTK,GMRINFRA,24-Sep-2020,22,CE,0,0,0,1.6,1.55,0,0,0,0,06-JUL-2020,
OPTSTK,GMRINFRA,24-Sep-2020,23,CE,0,0,0,1.3,1.2,0,0,0,0,06-JUL-2020,
OPTSTK,GMRINFRA,24-Sep-2020,24,CE,0,0,0,1,0.9,0,0,0,0,06-JUL-2020,
OPTSTK,GMRINFRA,24-Sep-2020,25,CE,0,0,0,0.8,0.65,0,0,0,0,06-JUL-2020,
OPTSTK,GMRINFRA,24-Sep-2020,26,CE,0,0,0,0.65,0.5,0,0,0,0,06-JUL-2020,
OPTSTK,GMRINFRA,24-Sep-2020,27,CE,0,0,0,0.5,0.35,0,0,0,0,06-JUL-2020,
OPTSTK,GMRINFRA,24-Sep-2020,11,PE,0,0,0,0.05,0.05,0,0,0,0,06-JUL-2020,
OPTSTK,GMRINFRA,24-Sep-2020,12,PE,0,0,0,0.05,0.05,0,0,0,0,06-JUL-2020,
OPTSTK,GMRINFRA,24-Sep-2020,13,PE,0,0,0,0.1,0.05,0,0,0,0,06-JUL-2020,
OPTSTK,GMRINFRA,24-Sep-2020,14,PE,0,0,0,0.15,0.05,0,0,0,0,06-JUL-2020,
OPTSTK,GMRINFRA,24-Sep-2020,15,PE,0,0,0,0.25,0.05,0,0,0,0,06-JUL-2020,
OPTSTK,GMRINFRA,24-Sep-2020,16,PE,0,0,0,0.4,0.15,0,0,0,0,06-JUL-2020,
OPTSTK,GMRINFRA,24-Sep-2020,17,PE,0,0,0,0.65,0.25,0,0,0,0,06-JUL-2020,
OPTSTK,GMRINFRA,24-Sep-2020,18,PE,0,0,0,0.95,0.45,0,0,0,0,06-JUL-2020,
OPTSTK,GMRINFRA,24-Sep-2020,19,PE,0,0,0,1.3,0.7,0,0,0,0,06-JUL-2020,
OPTSTK,GMRINFRA,24-Sep-2020,20,PE,0,0,0,1.75,1.05,0,0,0,0,06-JUL-2020,
OPTSTK,GMRINFRA,24-Sep-2020,21,PE,0,0,0,2.3,1.5,0,0,0,0,06-JUL-2020,
OPTSTK,GMRINFRA,24-Sep-2020,22,PE,0,0,0,2.9,2.05,0,0,0,0,06-JUL-2020,
OPTSTK,GMRINFRA,24-Sep-2020,23,PE,0,0,0,3.55,2.65,0,0,0,0,06-JUL-2020,
OPTSTK,GMRINFRA,24-Sep-2020,24,PE,0,0,0,4.3,3.35,0,0,0,0,06-JUL-2020,
OPTSTK,GMRINFRA,24-Sep-2020,25,PE,0,0,0,5.05,4.1,0,0,0,0,06-JUL-2020,
OPTSTK,GMRINFRA,24-Sep-2020,26,PE,0,0,0,5.9,4.95,0,0,0,0,06-JUL-2020,
OPTSTK,GMRINFRA,24-Sep-2020,27,PE,0,0,0,6.75,5.8,0,0,0,0,06-JUL-2020,
OPTSTK,GODREJCP,30-Jul-2020,340,CE,0,0,0,212.25,368.85,0,0,0,0,06-JUL-2020,
OPTSTK,GODREJCP,30-Jul-2020,350,CE,0,0,0,203.45,358.9,0,0,0,0,06-JUL-2020,
OPTSTK,GODREJCP,30-Jul-2020,360,CE,0,0,0,194.85,348.9,0,0,0,0,06-JUL-2020,
OPTSTK,GODREJCP,30-Jul-2020,370,CE,0,0,0,186.4,338.95,0,0,0,0,06-JUL-2020,
OPTSTK,GODREJCP,30-Jul-2020,380,CE,0,0,0,178.1,328.95,0,0,0,0,06-JUL-2020,
OPTSTK,GODREJCP,30-Jul-2020,390,CE,0,0,0,170.05,319,0,0,0,0,06-JUL-2020,
OPTSTK,GODREJCP,30-Jul-2020,400,CE,0,0,0,162.2,309,0,0,0,0,06-JUL-2020,
OPTSTK,GODREJCP,30-Jul-2020,410,CE,0,0,0,154.55,299.05,0,0,0,0,06-JUL-2020,
OPTSTK,GODREJCP,30-Jul-2020,420,CE,0,0,0,147.15,289.05,0,0,0,0,06-JUL-2020,
OPTSTK,GODREJCP,30-Jul-2020,430,CE,0,0,0,139.95,279.1,0,0,0,0,06-JUL-2020,
OPTSTK,GODREJCP,30-Jul-2020,440,CE,0,0,0,133,269.15,0,0,0,0,06-JUL-2020,
OPTSTK,GODREJCP,30-Jul-2020,450,CE,0,0,0,126.25,259.15,0,0,0,0,06-JUL-2020,
OPTSTK,GODREJCP,30-Jul-2020,460,CE,0,0,0,119.8,249.2,0,0,0,0,06-JUL-2020,
OPTSTK,GODREJCP,30-Jul-2020,470,CE,0,0,0,113.5,239.2,0,0,0,0,06-JUL-2020,
OPTSTK,GODREJCP,30-Jul-2020,480,CE,0,0,0,107.5,229.25,0,0,0,0,06-JUL-2020,
OPTSTK,GODREJCP,30-Jul-2020,490,CE,0,0,0,101.75,219.25,0,0,0,0,06-JUL-2020,
OPTSTK,GODREJCP,30-Jul-2020,500,CE,0,0,0,96.25,209.3,0,0,0,0,06-JUL-2020,
OPTSTK,GODREJCP,30-Jul-2020,510,CE,0,0,0,90.95,199.35,0,0,0,0,06-JUL-2020,
OPTSTK,GODREJCP,30-Jul-2020,520,CE,0,0,0,85.9,189.35,0,0,0,0,06-JUL-2020,
OPTSTK,GODREJCP,30-Jul-2020,530,CE,0,0,0,81.05,179.4,0,0,0,0,06-JUL-2020,
OPTSTK,GODREJCP,30-Jul-2020,540,CE,0,0,0,76.45,169.45,0,0,0,0,06-JUL-2020,
OPTSTK,GODREJCP,30-Jul-2020,550,CE,0,0,0,72.05,159.5,0,0,0,0,06-JUL-2020,
OPTSTK,GODREJCP,30-Jul-2020,560,CE,0,0,0,67.85,149.6,0,0,0,0,06-JUL-2020,
OPTSTK,GODREJCP,30-Jul-2020,570,CE,0,0,0,63.9,139.7,0,0,0,0,06-JUL-2020,
OPTSTK,GODREJCP,30-Jul-2020,580,CE,0,0,0,60.1,129.9,0,0,0,0,06-JUL-2020,
OPTSTK,GODREJCP,30-Jul-2020,590,CE,0,0,0,56.5,120.2,0,0,0,0,06-JUL-2020,
OPTSTK,GODREJCP,30-Jul-2020,600,CE,0,0,0,78.8,110.55,0,0,2000,0,06-JUL-2020,
OPTSTK,GODREJCP,30-Jul-2020,610,CE,0,0,0,49.9,101.1,0,0,0,0,06-JUL-2020,
OPTSTK,GODREJCP,30-Jul-2020,620,CE,0,0,0,67,91.9,0,0,5000,0,06-JUL-2020,
OPTSTK,GODREJCP,30-Jul-2020,630,CE,0,0,0,60,82.9,0,0,3000,0,06-JUL-2020,
OPTSTK,GODREJCP,30-Jul-2020,640,CE,0,0,0,41.25,74.25,0,0,0,0,06-JUL-2020,
OPTSTK,GODREJCP,30-Jul-2020,650,CE,0,0,0,44,66,0,0,2000,0,06-JUL-2020,
OPTSTK,GODREJCP,30-Jul-2020,660,CE,0,0,0,52.75,58.15,0,0,4000,0,06-JUL-2020,
OPTSTK,GODREJCP,30-Jul-2020,670,CE,0,0,0,35.8,50.8,0,0,2000,0,06-JUL-2020,
OPTSTK,GODREJCP,30-Jul-2020,680,CE,0,0,0,33.65,44,0,0,93000,0,06-JUL-2020,
OPTSTK,GODREJCP,30-Jul-2020,690,CE,38.95,39.05,33.45,33.9,33.9,5,36.29,8000,3000,06-JUL-2020,
OPTSTK,GODREJCP,30-Jul-2020,700,CE,29.15,33.95,26.6,29.5,29.5,30,219.04,58000,7000,06-JUL-2020,
OPTSTK,GODREJCP,30-Jul-2020,710,CE,26.75,29,21.8,25.15,27,29,213.39,12000,-2000,06-JUL-2020,
OPTSTK,GODREJCP,30-Jul-2020,720,CE,23,24.2,17.15,19.25,19.25,163,1207.02,88000,3000,06-JUL-2020,
OPTSTK,GODREJCP,30-Jul-2020,730,CE,17.1,19.05,14.25,15.7,15.7,18,134.4,7000,3000,06-JUL-2020,
OPTSTK,GODREJCP,30-Jul-2020,740,CE,17.5,17.5,11.05,12.85,12.85,32,240.94,33000,11000,06-JUL-2020,
OPTSTK,GODREJCP,30-Jul-2020,750,CE,11.25,12.1,8.6,9.4,9.4,96,729.71,82000,4000,06-JUL-2020,
OPTSTK,GODREJCP,30-Jul-2020,760,CE,8,8,6.5,6.5,9.8,5,38.35,14000,3000,06-JUL-2020,
OPTSTK,GODREJCP,30-Jul-2020,770,CE,5.25,5.25,5.25,5.25,7.8,2,15.5,3000,2000,06-JUL-2020,
OPTSTK,GODREJCP,30-Jul-2020,780,CE,5,5,5,5,5,1,7.85,4000,1000,06-JUL-2020,
OPTSTK,GODREJCP,30-Jul-2020,790,CE,0,0,0,11,4.75,0,0,0,0,06-JUL-2020,
OPTSTK,GODREJCP,30-Jul-2020,800,CE,4,4,1.8,2.7,2.7,8,64.22,25000,4000,06-JUL-2020,
OPTSTK,GODREJCP,30-Jul-2020,810,CE,0,0,0,9,2.8,0,0,0,0,06-JUL-2020,
OPTSTK,GODREJCP,30-Jul-2020,820,CE,0,0,0,8.15,2.1,0,0,0,0,06-JUL-2020,
OPTSTK,GODREJCP,30-Jul-2020,830,CE,0,0,0,12.4,1.6,0,0,0,0,06-JUL-2020,
OPTSTK,GODREJCP,30-Jul-2020,840,CE,0,0,0,11.3,1.15,0,0,0,0,06-JUL-2020,
OPTSTK,GODREJCP,30-Jul-2020,340,PE,0,0,0,4.75,0.05,0,0,0,0,06-JUL-2020,
OPTSTK,GODREJCP,30-Jul-2020,350,PE,0,0,0,5.8,0.05,0,0,0,0,06-JUL-2020,
OPTSTK,GODREJCP,30-Jul-2020,360,PE,0,0,0,7.05,0.05,0,0,0,0,06-JUL-2020,
OPTSTK,GODREJCP,30-Jul-2020,370,PE,0,0,0,8.5,0.05,0,0,0,0,06-JUL-2020,
OPTSTK,GODREJCP,30-Jul-2020,380,PE,0,0,0,10.1,0.05,0,0,0,0,06-JUL-2020,
OPTSTK,GODREJCP,30-Jul-2020,390,PE,0,0,0,11.9,0.05,0,0,0,0,06-JUL-2020,
OPTSTK,GODREJCP,30-Jul-2020,400,PE,0,0,0,13.95,0.05,0,0,0,0,06-JUL-2020,
OPTSTK,GODREJCP,30-Jul-2020,410,PE,0,0,0,16.15,0.05,0,0,0,0,06-JUL-2020,
OPTSTK,GODREJCP,30-Jul-2020,420,PE,0,0,0,18.65,0.05,0,0,0,0,06-JUL-2020,
OPTSTK,GODREJCP,30-Jul-2020,430,PE,0,0,0,21.3,0.05,0,0,0,0,06-JUL-2020,
OPTSTK,GODREJCP,30-Jul-2020,440,PE,0,0,0,24.2,0.05,0,0,0,0,06-JUL-2020,
OPTSTK,GODREJCP,30-Jul-2020,450,PE,0,0,0,27.35,0.05,0,0,0,0,06-JUL-2020,
OPTSTK,GODREJCP,30-Jul-2020,460,PE,0,0,0,30.75,0.05,0,0,0,0,06-JUL-2020,
OPTSTK,GODREJCP,30-Jul-2020,470,PE,0,0,0,34.35,0.05,0,0,0,0,06-JUL-2020,
OPTSTK,GODREJCP,30-Jul-2020,480,PE,0,0,0,38.25,0.05,0,0,0,0,06-JUL-2020,
OPTSTK,GODREJCP,30-Jul-2020,490,PE,0,0,0,42.35,0.05,0,0,0,0,06-JUL-2020,
OPTSTK,GODREJCP,30-Jul-2020,500,PE,0,0,0,0.25,0.05,0,0,1000,0,06-JUL-2020,
OPTSTK,GODREJCP,30-Jul-2020,510,PE,0,0,0,51.3,0.05,0,0,0,0,06-JUL-2020,
OPTSTK,GODREJCP,30-Jul-2020,520,PE,0,0,0,56.1,0.05,0,0,0,0,06-JUL-2020,
OPTSTK,GODREJCP,30-Jul-2020,530,PE,0,0,0,61.15,0.05,0,0,0,0,06-JUL-2020,
OPTSTK,GODREJCP,30-Jul-2020,540,PE,0,0,0,66.4,0.05,0,0,0,0,06-JUL-2020,
OPTSTK,GODREJCP,30-Jul-2020,550,PE,0,0,0,71.85,0.05,0,0,0,0,06-JUL-2020,
OPTSTK,GODREJCP,30-Jul-2020,560,PE,0,0,0,77.55,0.15,0,0,0,0,06-JUL-2020,
OPTSTK,GODREJCP,30-Jul-2020,570,PE,0,0,0,83.45,0.25,0,0,0,0,06-JUL-2020,
OPTSTK,GODREJCP,30-Jul-2020,580,PE,0,0,0,89.55,0.4,0,0,0,0,06-JUL-2020,
OPTSTK,GODREJCP,30-Jul-2020,590,PE,0,0,0,95.85,0.65,0,0,0,0,06-JUL-2020,
OPTSTK,GODREJCP,30-Jul-2020,600,PE,1.8,1.8,1.65,1.65,1,3,18.05,16000,1000,06-JUL-2020,
OPTSTK,GODREJCP,30-Jul-2020,610,PE,0,0,0,109,1.5,0,0,0,0,06-JUL-2020,
OPTSTK,GODREJCP,30-Jul-2020,620,PE,0,0,0,7,2.25,0,0,1000,0,06-JUL-2020,
OPTSTK,GODREJCP,30-Jul-2020,630,PE,2.85,2.85,2.85,2.85,3.25,1,6.32,8000,-1000,06-JUL-2020,
OPTSTK,GODREJCP,30-Jul-2020,640,PE,2.55,2.55,2.55,2.55,4.55,1,6.42,35000,1000,06-JUL-2020,
OPTSTK,GODREJCP,30-Jul-2020,650,PE,4.7,5,4.55,5,5,8,52.38,40000,-1000,06-JUL-2020,
OPTSTK,GODREJCP,30-Jul-2020,660,PE,5.55,6.55,5.05,6,6,25,166.42,85000,-1000,06-JUL-2020,
OPTSTK,GODREJCP,30-Jul-2020,670,PE,0,0,0,152.35,11.05,0,0,0,0,06-JUL-2020,
OPTSTK,GODREJCP,30-Jul-2020,680,PE,10.85,12.35,9.45,10.5,10.5,26,179.49,64000,3000,06-JUL-2020,
OPTSTK,GODREJCP,30-Jul-2020,690,PE,14.05,15.1,12.65,13.8,13.8,16,112.59,16000,3000,06-JUL-2020,
OPTSTK,GODREJCP,30-Jul-2020,700,PE,17,20.55,15.05,17.4,17.4,45,322.94,39000,-1000,06-JUL-2020,
OPTSTK,GODREJCP,30-Jul-2020,710,PE,24.45,24.45,20.2,22.85,22.85,12,87.83,8000,5000,06-JUL-2020,
OPTSTK,GODREJCP,30-Jul-2020,720,PE,28.5,30.1,23.75,28.55,28.55,44,328.83,11000,2000,06-JUL-2020,
OPTSTK,GODREJCP,30-Jul-2020,730,PE,31,31,31,31,38.6,1,7.61,1000,1000,06-JUL-2020,
OPTSTK,GODREJCP,30-Jul-2020,740,PE,0,0,0,45.55,45.2,0,0,1000,0,06-JUL-2020,
OPTSTK,GODREJCP,30-Jul-2020,750,PE,0,0,0,57.05,52.25,0,0,2000,0,06-JUL-2020,
OPTSTK,GODREJCP,30-Jul-2020,760,PE,0,0,0,203.05,59.8,0,0,0,0,06-JUL-2020,
OPTSTK,GODREJCP,30-Jul-2020,770,PE,0,0,0,201.35,67.75,0,0,0,0,06-JUL-2020,
OPTSTK,GODREJCP,30-Jul-2020,780,PE,0,0,0,210.1,76.05,0,0,0,0,06-JUL-2020,
OPTSTK,GODREJCP,30-Jul-2020,790,PE,0,0,0,189.95,84.65,0,0,0,0,06-JUL-2020,
OPTSTK,GODREJCP,30-Jul-2020,800,PE,0,0,0,198.8,93.5,0,0,0,0,06-JUL-2020,
OPTSTK,GODREJCP,30-Jul-2020,810,PE,0,0,0,207.8,102.65,0,0,0,0,06-JUL-2020,
OPTSTK,GODREJCP,30-Jul-2020,820,PE,0,0,0,216.8,111.9,0,0,0,0,06-JUL-2020,
OPTSTK,GODREJCP,30-Jul-2020,830,PE,0,0,0,201.95,121.35,0,0,0,0,06-JUL-2020,
OPTSTK,GODREJCP,30-Jul-2020,840,PE,0,0,0,210.8,130.95,0,0,0,0,06-JUL-2020,
OPTSTK,GODREJCP,27-Aug-2020,380,CE,0,0,0,231.55,330.2,0,0,0,0,06-JUL-2020,
OPTSTK,GODREJCP,27-Aug-2020,390,CE,0,0,0,222.35,320.25,0,0,0,0,06-JUL-2020,
OPTSTK,GODREJCP,27-Aug-2020,400,CE,0,0,0,213.25,310.3,0,0,0,0,06-JUL-2020,
OPTSTK,GODREJCP,27-Aug-2020,410,CE,0,0,0,204.3,300.4,0,0,0,0,06-JUL-2020,
OPTSTK,GODREJCP,27-Aug-2020,420,CE,0,0,0,195.5,290.45,0,0,0,0,06-JUL-2020,
OPTSTK,GODREJCP,27-Aug-2020,430,CE,0,0,0,186.85,280.5,0,0,0,0,06-JUL-2020,
OPTSTK,GODREJCP,27-Aug-2020,440,CE,0,0,0,178.4,270.55,0,0,0,0,06-JUL-2020,
OPTSTK,GODREJCP,27-Aug-2020,450,CE,0,0,0,170.15,260.65,0,0,0,0,06-JUL-2020,
OPTSTK,GODREJCP,27-Aug-2020,460,CE,0,0,0,162.05,250.7,0,0,0,0,06-JUL-2020,
OPTSTK,GODREJCP,27-Aug-2020,470,CE,0,0,0,154.2,240.75,0,0,0,0,06-JUL-2020,
OPTSTK,GODREJCP,27-Aug-2020,480,CE,0,0,0,146.55,230.85,0,0,0,0,06-JUL-2020,
OPTSTK,GODREJCP,27-Aug-2020,490,CE,0,0,0,139.1,220.95,0,0,0,0,06-JUL-2020,
OPTSTK,GODREJCP,27-Aug-2020,500,CE,0,0,0,131.9,211.1,0,0,0,0,06-JUL-2020,
OPTSTK,GODREJCP,27-Aug-2020,510,CE,0,0,0,124.95,201.25,0,0,0,0,06-JUL-2020,
OPTSTK,GODREJCP,27-Aug-2020,520,CE,0,0,0,118.2,191.4,0,0,0,0,06-JUL-2020,
OPTSTK,GODREJCP,27-Aug-2020,530,CE,0,0,0,111.7,181.65,0,0,0,0,06-JUL-2020,
OPTSTK,GODREJCP,27-Aug-2020,540,CE,0,0,0,105.45,171.95,0,0,0,0,06-JUL-2020,
OPTSTK,GODREJCP,27-Aug-2020,550,CE,0,0,0,99.5,162.35,0,0,0,0,06-JUL-2020,
OPTSTK,GODREJCP,27-Aug-2020,560,CE,0,0,0,93.75,152.85,0,0,0,0,06-JUL-2020,
OPTSTK,GODREJCP,27-Aug-2020,570,CE,0,0,0,88.25,143.5,0,0,0,0,06-JUL-2020,
OPTSTK,GODREJCP,27-Aug-2020,580,CE,0,0,0,83,134.3,0,0,0,0,06-JUL-2020,
OPTSTK,GODREJCP,27-Aug-2020,590,CE,0,0,0,78,125.3,0,0,0,0,06-JUL-2020,
OPTSTK,GODREJCP,27-Aug-2020,600,CE,0,0,0,73.2,116.5,0,0,0,0,06-JUL-2020,
OPTSTK,GODREJCP,27-Aug-2020,610,CE,0,0,0,68.7,107.9,0,0,0,0,06-JUL-2020,
OPTSTK,GODREJCP,27-Aug-2020,620,CE,0,0,0,64.35,99.65,0,0,0,0,06-JUL-2020,
OPTSTK,GODREJCP,27-Aug-2020,630,CE,0,0,0,60.3,91.65,0,0,0,0,06-JUL-2020,
OPTSTK,GODREJCP,27-Aug-2020,640,CE,0,0,0,56.4,84,0,0,0,0,06-JUL-2020,
OPTSTK,GODREJCP,27-Aug-2020,650,CE,0,0,0,52.75,76.65,0,0,0,0,06-JUL-2020,
OPTSTK,GODREJCP,27-Aug-2020,660,CE,0,0,0,49.25,69.7,0,0,0,0,06-JUL-2020,
OPTSTK,GODREJCP,27-Aug-2020,670,CE,0,0,0,46,63.15,0,0,0,0,06-JUL-2020,
OPTSTK,GODREJCP,27-Aug-2020,680,CE,0,0,0,42.9,56.95,0,0,0,0,06-JUL-2020,
OPTSTK,GODREJCP,27-Aug-2020,690,CE,0,0,0,40,51.15,0,0,0,0,06-JUL-2020,
OPTSTK,GODREJCP,27-Aug-2020,700,CE,0,0,0,37.25,45.8,0,0,0,0,06-JUL-2020,
OPTSTK,GODREJCP,27-Aug-2020,710,CE,0,0,0,34.7,40.8,0,0,0,0,06-JUL-2020,
OPTSTK,GODREJCP,27-Aug-2020,720,CE,0,0,0,32.3,36.25,0,0,0,0,06-JUL-2020,
OPTSTK,GODREJCP,27-Aug-2020,730,CE,0,0,0,30.05,32.05,0,0,0,0,06-JUL-2020,
OPTSTK,GODREJCP,27-Aug-2020,740,CE,0,0,0,27.95,28.2,0,0,0,0,06-JUL-2020,
OPTSTK,GODREJCP,27-Aug-2020,750,CE,0,0,0,25.95,24.75,0,0,0,0,06-JUL-2020,
OPTSTK,GODREJCP,27-Aug-2020,760,CE,0,0,0,24.1,21.65,0,0,0,0,06-JUL-2020,
OPTSTK,GODREJCP,27-Aug-2020,770,CE,0,0,0,22.35,18.85,0,0,0,0,06-JUL-2020,
OPTSTK,GODREJCP,27-Aug-2020,780,CE,0,0,0,20.75,16.35,0,0,0,0,06-JUL-2020,
OPTSTK,GODREJCP,27-Aug-2020,790,CE,0,0,0,19.25,14.1,0,0,0,0,06-JUL-2020,
OPTSTK,GODREJCP,27-Aug-2020,800,CE,0,0,0,17.85,12.15,0,0,0,0,06-JUL-2020,
OPTSTK,GODREJCP,27-Aug-2020,810,CE,0,0,0,16.5,10.4,0,0,0,0,06-JUL-2020,
OPTSTK,GODREJCP,27-Aug-2020,820,CE,0,0,0,15.3,8.9,0,0,0,0,06-JUL-2020,
OPTSTK,GODREJCP,27-Aug-2020,830,CE,0,0,0,21.9,7.6,0,0,0,0,06-JUL-2020,
OPTSTK,GODREJCP,27-Aug-2020,840,CE,0,0,0,20.4,6.45,0,0,0,0,06-JUL-2020,
OPTSTK,GODREJCP,27-Aug-2020,380,PE,0,0,0,2.55,0.05,0,0,0,0,06-JUL-2020,
OPTSTK,GODREJCP,27-Aug-2020,390,PE,0,0,0,3.2,0.05,0,0,0,0,06-JUL-2020,
OPTSTK,GODREJCP,27-Aug-2020,400,PE,0,0,0,4,0.05,0,0,0,0,06-JUL-2020,
OPTSTK,GODREJCP,27-Aug-2020,410,PE,0,0,0,4.95,0.05,0,0,0,0,06-JUL-2020,
OPTSTK,GODREJCP,27-Aug-2020,420,PE,0,0,0,6,0.05,0,0,0,0,06-JUL-2020,
OPTSTK,GODREJCP,27-Aug-2020,430,PE,0,0,0,7.25,0.05,0,0,0,0,06-JUL-2020,
OPTSTK,GODREJCP,27-Aug-2020,440,PE,0,0,0,8.65,0.05,0,0,0,0,06-JUL-2020,
OPTSTK,GODREJCP,27-Aug-2020,450,PE,0,0,0,10.25,0.05,0,0,0,0,06-JUL-2020,
OPTSTK,GODREJCP,27-Aug-2020,460,PE,0,0,0,12.05,0.05,0,0,0,0,06-JUL-2020,
OPTSTK,GODREJCP,27-Aug-2020,470,PE,0,0,0,14.1,0.05,0,0,0,0,06-JUL-2020,
OPTSTK,GODREJCP,27-Aug-2020,480,PE,0,0,0,16.3,0.05,0,0,0,0,06-JUL-2020,
OPTSTK,GODREJCP,27-Aug-2020,490,PE,0,0,0,18.75,0.1,0,0,0,0,06-JUL-2020,
OPTSTK,GODREJCP,27-Aug-2020,500,PE,0,0,0,21.45,0.15,0,0,0,0,06-JUL-2020,
OPTSTK,GODREJCP,27-Aug-2020,510,PE,0,0,0,24.35,0.25,0,0,0,0,06-JUL-2020,
OPTSTK,GODREJCP,27-Aug-2020,520,PE,0,0,0,27.5,0.4,0,0,0,0,06-JUL-2020,
OPTSTK,GODREJCP,27-Aug-2020,530,PE,0,0,0,30.85,0.55,0,0,0,0,06-JUL-2020,
OPTSTK,GODREJCP,27-Aug-2020,540,PE,0,0,0,34.5,0.8,0,0,0,0,06-JUL-2020,
OPTSTK,GODREJCP,27-Aug-2020,550,PE,0,0,0,38.4,1.15,0,0,0,0,06-JUL-2020,
OPTSTK,GODREJCP,27-Aug-2020,560,PE,0,0,0,42.55,1.6,0,0,0,0,06-JUL-2020,
OPTSTK,GODREJCP,27-Aug-2020,570,PE,0,0,0,46.95,2.15,0,0,0,0,06-JUL-2020,
OPTSTK,GODREJCP,27-Aug-2020,580,PE,0,0,0,51.55,2.9,0,0,0,0,06-JUL-2020,
OPTSTK,GODREJCP,27-Aug-2020,590,PE,0,0,0,56.45,3.85,0,0,0,0,06-JUL-2020,
OPTSTK,GODREJCP,27-Aug-2020,600,PE,0,0,0,61.55,4.95,0,0,0,0,06-JUL-2020,
OPTSTK,GODREJCP,27-Aug-2020,610,PE,0,0,0,66.9,6.35,0,0,0,0,06-JUL-2020,
OPTSTK,GODREJCP,27-Aug-2020,620,PE,0,0,0,72.45,8,0,0,0,0,06-JUL-2020,
OPTSTK,GODREJCP,27-Aug-2020,630,PE,0,0,0,78.25,9.95,0,0,0,0,06-JUL-2020,
OPTSTK,GODREJCP,27-Aug-2020,640,PE,0,0,0,84.25,12.2,0,0,0,0,06-JUL-2020,
OPTSTK,GODREJCP,27-Aug-2020,650,PE,0,0,0,90.45,14.85,0,0,0,0,06-JUL-2020,
OPTSTK,GODREJCP,27-Aug-2020,660,PE,0,0,0,96.85,17.8,0,0,0,0,06-JUL-2020,
OPTSTK,GODREJCP,27-Aug-2020,670,PE,0,0,0,103.45,21.2,0,0,0,0,06-JUL-2020,
OPTSTK,GODREJCP,27-Aug-2020,680,PE,0,0,0,110.25,24.95,0,0,0,0,06-JUL-2020,
OPTSTK,GODREJCP,27-Aug-2020,690,PE,0,0,0,117.2,29.1,0,0,0,0,06-JUL-2020,
OPTSTK,GODREJCP,27-Aug-2020,700,PE,0,0,0,124.35,33.65,0,0,0,0,06-JUL-2020,
OPTSTK,GODREJCP,27-Aug-2020,710,PE,0,0,0,131.7,38.65,0,0,0,0,06-JUL-2020,
OPTSTK,GODREJCP,27-Aug-2020,720,PE,0,0,0,139.15,44,0,0,0,0,06-JUL-2020,
OPTSTK,GODREJCP,27-Aug-2020,730,PE,0,0,0,146.8,49.75,0,0,0,0,06-JUL-2020,
OPTSTK,GODREJCP,27-Aug-2020,740,PE,0,0,0,154.55,55.85,0,0,0,0,06-JUL-2020,
OPTSTK,GODREJCP,27-Aug-2020,750,PE,0,0,0,162.45,62.35,0,0,0,0,06-JUL-2020,
OPTSTK,GODREJCP,27-Aug-2020,760,PE,0,0,0,170.5,69.15,0,0,0,0,06-JUL-2020,
OPTSTK,GODREJCP,27-Aug-2020,770,PE,0,0,0,178.6,76.3,0,0,0,0,06-JUL-2020,
OPTSTK,GODREJCP,27-Aug-2020,780,PE,0,0,0,186.85,83.75,0,0,0,0,06-JUL-2020,
OPTSTK,GODREJCP,27-Aug-2020,790,PE,0,0,0,195.25,91.45,0,0,0,0,06-JUL-2020,
OPTSTK,GODREJCP,27-Aug-2020,800,PE,0,0,0,203.7,99.4,0,0,0,0,06-JUL-2020,
OPTSTK,GODREJCP,27-Aug-2020,810,PE,0,0,0,212.3,107.65,0,0,0,0,06-JUL-2020,
OPTSTK,GODREJCP,27-Aug-2020,820,PE,0,0,0,220.95,116.05,0,0,0,0,06-JUL-2020,
OPTSTK,GODREJCP,27-Aug-2020,830,PE,0,0,0,208.35,124.7,0,0,0,0,06-JUL-2020,
OPTSTK,GODREJCP,27-Aug-2020,840,PE,0,0,0,216.8,133.45,0,0,0,0,06-JUL-2020,
OPTSTK,GODREJCP,24-Sep-2020,440,CE,0,0,0,243.05,272.05,0,0,0,0,06-JUL-2020,
OPTSTK,GODREJCP,24-Sep-2020,450,CE,0,0,0,233.6,262.2,0,0,0,0,06-JUL-2020,
OPTSTK,GODREJCP,24-Sep-2020,460,CE,0,0,0,224.3,252.35,0,0,0,0,06-JUL-2020,
OPTSTK,GODREJCP,24-Sep-2020,470,CE,0,0,0,215.05,242.55,0,0,0,0,06-JUL-2020,
OPTSTK,GODREJCP,24-Sep-2020,480,CE,0,0,0,205.95,232.75,0,0,0,0,06-JUL-2020,
OPTSTK,GODREJCP,24-Sep-2020,490,CE,0,0,0,197,223,0,0,0,0,06-JUL-2020,
OPTSTK,GODREJCP,24-Sep-2020,500,CE,0,0,0,188.2,213.3,0,0,0,0,06-JUL-2020,
OPTSTK,GODREJCP,24-Sep-2020,510,CE,0,0,0,179.55,203.7,0,0,0,0,06-JUL-2020,
OPTSTK,GODREJCP,24-Sep-2020,520,CE,0,0,0,171.05,194.15,0,0,0,0,06-JUL-2020,
OPTSTK,GODREJCP,24-Sep-2020,530,CE,0,0,0,162.75,184.7,0,0,0,0,06-JUL-2020,
OPTSTK,GODREJCP,24-Sep-2020,540,CE,0,0,0,154.65,175.4,0,0,0,0,06-JUL-2020,
OPTSTK,GODREJCP,24-Sep-2020,550,CE,0,0,0,146.75,166.2,0,0,0,0,06-JUL-2020,
OPTSTK,GODREJCP,24-Sep-2020,560,CE,0,0,0,139.1,157.15,0,0,0,0,06-JUL-2020,
OPTSTK,GODREJCP,24-Sep-2020,570,CE,0,0,0,131.7,148.3,0,0,0,0,06-JUL-2020,
OPTSTK,GODREJCP,24-Sep-2020,580,CE,0,0,0,124.45,139.6,0,0,0,0,06-JUL-2020,
OPTSTK,GODREJCP,24-Sep-2020,590,CE,0,0,0,117.5,131.15,0,0,0,0,06-JUL-2020,
OPTSTK,GODREJCP,24-Sep-2020,600,CE,0,0,0,110.75,122.9,0,0,0,0,06-JUL-2020,
OPTSTK,GODREJCP,24-Sep-2020,610,CE,0,0,0,104.25,114.9,0,0,0,0,06-JUL-2020,
OPTSTK,GODREJCP,24-Sep-2020,620,CE,0,0,0,98.05,107.2,0,0,0,0,06-JUL-2020,
OPTSTK,GODREJCP,24-Sep-2020,630,CE,0,0,0,92.1,99.75,0,0,0,0,06-JUL-2020,
OPTSTK,GODREJCP,24-Sep-2020,640,CE,0,0,0,86.4,92.6,0,0,0,0,06-JUL-2020,
OPTSTK,GODREJCP,24-Sep-2020,650,CE,0,0,0,80.95,85.75,0,0,0,0,06-JUL-2020,
OPTSTK,GODREJCP,24-Sep-2020,660,CE,0,0,0,75.75,79.25,0,0,0,0,06-JUL-2020,
OPTSTK,GODREJCP,24-Sep-2020,670,CE,0,0,0,70.8,73,0,0,0,0,06-JUL-2020,
OPTSTK,GODREJCP,24-Sep-2020,680,CE,0,0,0,66.1,67.15,0,0,0,0,06-JUL-2020,
OPTSTK,GODREJCP,24-Sep-2020,690,CE,0,0,0,61.65,61.6,0,0,0,0,06-JUL-2020,
OPTSTK,GODREJCP,24-Sep-2020,700,CE,0,0,0,57.45,56.35,0,0,0,0,06-JUL-2020,
OPTSTK,GODREJCP,24-Sep-2020,710,CE,0,0,0,53.45,51.45,0,0,0,0,06-JUL-2020,
OPTSTK,GODREJCP,24-Sep-2020,720,CE,0,0,0,49.7,46.85,0,0,0,0,06-JUL-2020,
OPTSTK,GODREJCP,24-Sep-2020,730,CE,0,0,0,46.15,42.55,0,0,0,0,06-JUL-2020,
OPTSTK,GODREJCP,24-Sep-2020,740,CE,0,0,0,42.8,38.6,0,0,0,0,06-JUL-2020,
OPTSTK,GODREJCP,24-Sep-2020,750,CE,0,0,0,39.65,34.9,0,0,0,0,06-JUL-2020,
OPTSTK,GODREJCP,24-Sep-2020,760,CE,0,0,0,36.75,31.5,0,0,0,0,06-JUL-2020,
OPTSTK,GODREJCP,24-Sep-2020,770,CE,0,0,0,34,28.35,0,0,0,0,06-JUL-2020,
OPTSTK,GODREJCP,24-Sep-2020,780,CE,0,0,0,31.45,25.45,0,0,0,0,06-JUL-2020,
OPTSTK,GODREJCP,24-Sep-2020,790,CE,0,0,0,29.05,22.85,0,0,0,0,06-JUL-2020,
OPTSTK,GODREJCP,24-Sep-2020,800,CE,0,0,0,26.8,20.45,0,0,0,0,06-JUL-2020,
OPTSTK,GODREJCP,24-Sep-2020,810,CE,0,0,0,24.7,18.25,0,0,0,0,06-JUL-2020,
OPTSTK,GODREJCP,24-Sep-2020,820,CE,0,0,0,22.8,16.25,0,0,0,0,06-JUL-2020,
OPTSTK,GODREJCP,24-Sep-2020,830,CE,0,0,0,20.95,14.45,0,0,0,0,06-JUL-2020,
OPTSTK,GODREJCP,24-Sep-2020,840,CE,0,0,0,19.25,12.85,0,0,0,0,06-JUL-2020,
OPTSTK,GODREJCP,24-Sep-2020,440,PE,0,0,0,1.65,0.1,0,0,0,0,06-JUL-2020,
OPTSTK,GODREJCP,24-Sep-2020,450,PE,0,0,0,2.1,0.1,0,0,0,0,06-JUL-2020,
OPTSTK,GODREJCP,24-Sep-2020,460,PE,0,0,0,2.65,0.2,0,0,0,0,06-JUL-2020,
OPTSTK,GODREJCP,24-Sep-2020,470,PE,0,0,0,3.3,0.3,0,0,0,0,06-JUL-2020,
OPTSTK,GODREJCP,24-Sep-2020,480,PE,0,0,0,4.1,0.4,0,0,0,0,06-JUL-2020,
OPTSTK,GODREJCP,24-Sep-2020,490,PE,0,0,0,5,0.55,0,0,0,0,06-JUL-2020,
OPTSTK,GODREJCP,24-Sep-2020,500,PE,0,0,0,6.1,0.8,0,0,0,0,06-JUL-2020,
OPTSTK,GODREJCP,24-Sep-2020,510,PE,0,0,0,7.3,1.05,0,0,0,0,06-JUL-2020,
OPTSTK,GODREJCP,24-Sep-2020,520,PE,0,0,0,8.7,1.45,0,0,0,0,06-JUL-2020,
OPTSTK,GODREJCP,24-Sep-2020,530,PE,0,0,0,10.3,1.9,0,0,0,0,06-JUL-2020,
OPTSTK,GODREJCP,24-Sep-2020,540,PE,0,0,0,12.1,2.5,0,0,0,0,06-JUL-2020,
OPTSTK,GODREJCP,24-Sep-2020,550,PE,0,0,0,14.1,3.2,0,0,0,0,06-JUL-2020,
OPTSTK,GODREJCP,24-Sep-2020,560,PE,0,0,0,16.3,4.05,0,0,0,0,06-JUL-2020,
OPTSTK,GODREJCP,24-Sep-2020,570,PE,0,0,0,18.75,5.1,0,0,0,0,06-JUL-2020,
OPTSTK,GODREJCP,24-Sep-2020,580,PE,0,0,0,21.45,6.35,0,0,0,0,06-JUL-2020,
OPTSTK,GODREJCP,24-Sep-2020,590,PE,0,0,0,24.35,7.75,0,0,0,0,06-JUL-2020,
OPTSTK,GODREJCP,24-Sep-2020,600,PE,0,0,0,27.5,9.45,0,0,0,0,06-JUL-2020,
OPTSTK,GODREJCP,24-Sep-2020,610,PE,0,0,0,30.9,11.35,0,0,0,0,06-JUL-2020,
OPTSTK,GODREJCP,24-Sep-2020,620,PE,0,0,0,34.55,13.55,0,0,0,0,06-JUL-2020,
OPTSTK,GODREJCP,24-Sep-2020,630,PE,0,0,0,38.5,16,0,0,0,0,06-JUL-2020,
OPTSTK,GODREJCP,24-Sep-2020,640,PE,0,0,0,42.65,18.75,0,0,0,0,06-JUL-2020,
OPTSTK,GODREJCP,24-Sep-2020,650,PE,0,0,0,47.1,21.85,0,0,0,0,06-JUL-2020,
OPTSTK,GODREJCP,24-Sep-2020,660,PE,0,0,0,51.8,25.2,0,0,0,0,06-JUL-2020,
OPTSTK,GODREJCP,24-Sep-2020,670,PE,0,0,0,56.75,28.9,0,0,0,0,06-JUL-2020,
OPTSTK,GODREJCP,24-Sep-2020,680,PE,0,0,0,61.9,32.95,0,0,0,0,06-JUL-2020,
OPTSTK,GODREJCP,24-Sep-2020,690,PE,0,0,0,67.35,37.3,0,0,0,0,06-JUL-2020,
OPTSTK,GODREJCP,24-Sep-2020,700,PE,0,0,0,73,41.95,0,0,0,0,06-JUL-2020,
OPTSTK,GODREJCP,24-Sep-2020,710,PE,0,0,0,78.9,46.95,0,0,0,0,06-JUL-2020,
OPTSTK,GODREJCP,24-Sep-2020,720,PE,0,0,0,85.05,52.25,0,0,0,0,06-JUL-2020,
OPTSTK,GODREJCP,24-Sep-2020,730,PE,0,0,0,91.35,57.9,0,0,0,0,06-JUL-2020,
OPTSTK,GODREJCP,24-Sep-2020,740,PE,0,0,0,97.9,63.8,0,0,0,0,06-JUL-2020,
OPTSTK,GODREJCP,24-Sep-2020,750,PE,0,0,0,104.65,70.05,0,0,0,0,06-JUL-2020,
OPTSTK,GODREJCP,24-Sep-2020,760,PE,0,0,0,111.6,76.55,0,0,0,0,06-JUL-2020,
OPTSTK,GODREJCP,24-Sep-2020,770,PE,0,0,0,118.75,83.3,0,0,0,0,06-JUL-2020,
OPTSTK,GODREJCP,24-Sep-2020,780,PE,0,0,0,126.1,90.35,0,0,0,0,06-JUL-2020,
OPTSTK,GODREJCP,24-Sep-2020,790,PE,0,0,0,133.55,97.6,0,0,0,0,06-JUL-2020,
OPTSTK,GODREJCP,24-Sep-2020,800,PE,0,0,0,141.2,105.1,0,0,0,0,06-JUL-2020,
OPTSTK,GODREJCP,24-Sep-2020,810,PE,0,0,0,149,112.85,0,0,0,0,06-JUL-2020,
OPTSTK,GODREJCP,24-Sep-2020,820,PE,0,0,0,156.95,120.75,0,0,0,0,06-JUL-2020,
OPTSTK,GODREJCP,24-Sep-2020,830,PE,0,0,0,165,128.85,0,0,0,0,06-JUL-2020,
OPTSTK,GODREJCP,24-Sep-2020,840,PE,0,0,0,173.2,137.15,0,0,0,0,06-JUL-2020,
OPTSTK,GODREJPROP,30-Jul-2020,440,CE,0,0,0,267.2,453.2,0,0,0,0,06-JUL-2020,
OPTSTK,GODREJPROP,30-Jul-2020,460,CE,0,0,0,252.55,433.25,0,0,0,0,06-JUL-2020,
OPTSTK,GODREJPROP,30-Jul-2020,480,CE,0,0,0,238.5,413.3,0,0,0,0,06-JUL-2020,
OPTSTK,GODREJPROP,30-Jul-2020,500,CE,0,0,0,225.05,393.35,0,0,0,0,06-JUL-2020,
OPTSTK,GODREJPROP,30-Jul-2020,520,CE,0,0,0,212.2,373.4,0,0,0,0,06-JUL-2020,
OPTSTK,GODREJPROP,30-Jul-2020,540,CE,0,0,0,199.95,353.45,0,0,0,0,06-JUL-2020,
OPTSTK,GODREJPROP,30-Jul-2020,560,CE,0,0,0,188.3,333.5,0,0,0,0,06-JUL-2020,
OPTSTK,GODREJPROP,30-Jul-2020,580,CE,0,0,0,177.2,313.55,0,0,0,0,06-JUL-2020,
OPTSTK,GODREJPROP,30-Jul-2020,600,CE,0,0,0,166.7,293.6,0,0,0,0,06-JUL-2020,
OPTSTK,GODREJPROP,30-Jul-2020,620,CE,269.25,269.25,269.25,269.25,273.7,1,5.78,650,650,06-JUL-2020,
OPTSTK,GODREJPROP,30-Jul-2020,640,CE,0,0,0,147.35,253.75,0,0,0,0,06-JUL-2020,
OPTSTK,GODREJPROP,30-Jul-2020,660,CE,0,0,0,138.45,233.8,0,0,0,0,06-JUL-2020,
OPTSTK,GODREJPROP,30-Jul-2020,680,CE,0,0,0,130.05,213.85,0,0,0,0,06-JUL-2020,
OPTSTK,GODREJPROP,30-Jul-2020,700,CE,0,0,0,122.1,193.9,0,0,0,0,06-JUL-2020,
OPTSTK,GODREJPROP,30-Jul-2020,720,CE,0,0,0,114.65,173.95,0,0,0,0,06-JUL-2020,
OPTSTK,GODREJPROP,30-Jul-2020,740,CE,141,141,141,141,154.05,1,5.72,650,0,06-JUL-2020,
OPTSTK,GODREJPROP,30-Jul-2020,760,CE,0,0,0,100.95,134.15,0,0,0,0,06-JUL-2020,
OPTSTK,GODREJPROP,30-Jul-2020,780,CE,0,0,0,94.7,114.4,0,0,0,0,06-JUL-2020,
OPTSTK,GODREJPROP,30-Jul-2020,800,CE,0,0,0,88.85,95,0,0,0,0,06-JUL-2020,
OPTSTK,GODREJPROP,30-Jul-2020,820,CE,0,0,0,83.35,76.35,0,0,0,0,06-JUL-2020,
OPTSTK,GODREJPROP,30-Jul-2020,840,CE,0,0,0,78.2,58.9,0,0,0,0,06-JUL-2020,
OPTSTK,GODREJPROP,30-Jul-2020,860,CE,0,0,0,49.95,43.35,0,0,4550,0,06-JUL-2020,
OPTSTK,GODREJPROP,30-Jul-2020,880,CE,0,0,0,44,30.25,0,0,1300,0,06-JUL-2020,
OPTSTK,GODREJPROP,30-Jul-2020,900,CE,49,49.5,38,41.85,41.85,94,575.61,33800,20150,06-JUL-2020,
OPTSTK,GODREJPROP,30-Jul-2020,920,CE,38.1,38.1,30,30.05,12.3,15,92.88,7800,2600,06-JUL-2020,
OPTSTK,GODREJPROP,30-Jul-2020,940,CE,34,34,24.5,26.75,26.75,4,25.19,6500,1950,06-JUL-2020,
OPTSTK,GODREJPROP,30-Jul-2020,960,CE,0,0,0,17,3.85,0,0,1950,0,06-JUL-2020,
OPTSTK,GODREJPROP,30-Jul-2020,980,CE,0,0,0,13.5,1.95,0,0,1950,0,06-JUL-2020,
OPTSTK,GODREJPROP,30-Jul-2020,1000,CE,17,17,10,12,12,11,72.37,5200,2600,06-JUL-2020,
OPTSTK,GODREJPROP,30-Jul-2020,1020,CE,0,0,0,16.65,0.4,0,0,0,0,06-JUL-2020,
OPTSTK,GODREJPROP,30-Jul-2020,1040,CE,0,0,0,14.5,0.15,0,0,0,0,06-JUL-2020,
OPTSTK,GODREJPROP,30-Jul-2020,1060,CE,0,0,0,3.75,0.05,0,0,1300,0,06-JUL-2020,
OPTSTK,GODREJPROP,30-Jul-2020,1080,CE,0,0,0,21.4,0.05,0,0,0,0,06-JUL-2020,
OPTSTK,GODREJPROP,30-Jul-2020,440,PE,0,0,0,24,0.05,0,0,0,0,06-JUL-2020,
OPTSTK,GODREJPROP,30-Jul-2020,460,PE,0,0,0,29.15,0.05,0,0,0,0,06-JUL-2020,
OPTSTK,GODREJPROP,30-Jul-2020,480,PE,0,0,0,34.8,0.05,0,0,0,0,06-JUL-2020,
OPTSTK,GODREJPROP,30-Jul-2020,500,PE,0,0,0,41.1,0.05,0,0,0,0,06-JUL-2020,
OPTSTK,GODREJPROP,30-Jul-2020,520,PE,0,0,0,48,0.05,0,0,0,0,06-JUL-2020,
OPTSTK,GODREJPROP,30-Jul-2020,540,PE,0,0,0,55.5,0.05,0,0,0,0,06-JUL-2020,
OPTSTK,GODREJPROP,30-Jul-2020,560,PE,0,0,0,63.6,0.05,0,0,0,0,06-JUL-2020,
OPTSTK,GODREJPROP,30-Jul-2020,580,PE,0,0,0,72.25,0.05,0,0,0,0,06-JUL-2020,
OPTSTK,GODREJPROP,30-Jul-2020,600,PE,0,0,0,81.5,0.05,0,0,0,0,06-JUL-2020,
OPTSTK,GODREJPROP,30-Jul-2020,620,PE,0,0,0,91.3,0.05,0,0,0,0,06-JUL-2020,
OPTSTK,GODREJPROP,30-Jul-2020,640,PE,0,0,0,101.65,0.05,0,0,0,0,06-JUL-2020,
OPTSTK,GODREJPROP,30-Jul-2020,660,PE,0,0,0,112.5,0.05,0,0,0,0,06-JUL-2020,
OPTSTK,GODREJPROP,30-Jul-2020,680,PE,0,0,0,0.25,0.05,0,0,650,0,06-JUL-2020,
OPTSTK,GODREJPROP,30-Jul-2020,700,PE,0,0,0,0.25,0.05,0,0,650,0,06-JUL-2020,
OPTSTK,GODREJPROP,30-Jul-2020,720,PE,0,0,0,147.9,0.05,0,0,0,0,06-JUL-2020,
OPTSTK,GODREJPROP,30-Jul-2020,740,PE,0,0,0,160.6,0.05,0,0,0,0,06-JUL-2020,
OPTSTK,GODREJPROP,30-Jul-2020,760,PE,0,0,0,7.5,0.1,0,0,6500,0,06-JUL-2020,
OPTSTK,GODREJPROP,30-Jul-2020,780,PE,0,0,0,187.25,0.3,0,0,0,0,06-JUL-2020,
OPTSTK,GODREJPROP,30-Jul-2020,800,PE,12.85,17.5,10,10,10,7,36.99,5200,0,06-JUL-2020,
OPTSTK,GODREJPROP,30-Jul-2020,820,PE,15.45,15.45,15.45,15.45,2.1,1,5.43,1950,0,06-JUL-2020,
OPTSTK,GODREJPROP,30-Jul-2020,840,PE,0,0,0,25,4.6,0,0,1950,0,06-JUL-2020,
OPTSTK,GODREJPROP,30-Jul-2020,860,PE,28,35.75,28,30.05,30.05,21,121.64,7150,650,06-JUL-2020,
OPTSTK,GODREJPROP,30-Jul-2020,880,PE,0,0,0,260.05,15.85,0,0,0,0,06-JUL-2020,
OPTSTK,GODREJPROP,30-Jul-2020,900,PE,0,0,0,53.45,25.45,0,0,1300,0,06-JUL-2020,
OPTSTK,GODREJPROP,30-Jul-2020,920,PE,0,0,0,62,37.8,0,0,650,0,06-JUL-2020,
OPTSTK,GODREJPROP,30-Jul-2020,940,PE,0,0,0,79,52.55,0,0,0,0,06-JUL-2020,
OPTSTK,GODREJPROP,30-Jul-2020,960,PE,88.2,88.2,88.2,88.2,69.25,2,13.62,1300,1300,06-JUL-2020,
OPTSTK,GODREJPROP,30-Jul-2020,980,PE,0,0,0,278.7,87.25,0,0,0,0,06-JUL-2020,
OPTSTK,GODREJPROP,30-Jul-2020,1000,PE,122.4,122.4,122.4,122.4,106.2,1,7.29,650,650,06-JUL-2020,
OPTSTK,GODREJPROP,30-Jul-2020,1020,PE,0,0,0,262.2,125.6,0,0,0,0,06-JUL-2020,
OPTSTK,GODREJPROP,30-Jul-2020,1040,PE,0,0,0,279.9,145.3,0,0,0,0,06-JUL-2020,
OPTSTK,GODREJPROP,30-Jul-2020,1060,PE,0,0,0,243.95,165.15,0,0,0,0,06-JUL-2020,
OPTSTK,GODREJPROP,30-Jul-2020,1080,PE,0,0,0,261,185.05,0,0,0,0,06-JUL-2020,
OPTSTK,GODREJPROP,27-Aug-2020,440,CE,0,0,0,234.3,454.6,0,0,0,0,06-JUL-2020,
OPTSTK,GODREJPROP,27-Aug-2020,460,CE,0,0,0,218.65,434.75,0,0,0,0,06-JUL-2020,
OPTSTK,GODREJPROP,27-Aug-2020,480,CE,0,0,0,203.75,414.85,0,0,0,0,06-JUL-2020,
OPTSTK,GODREJPROP,27-Aug-2020,500,CE,0,0,0,189.45,394.95,0,0,0,0,06-JUL-2020,
OPTSTK,GODREJPROP,27-Aug-2020,520,CE,0,0,0,175.9,375.1,0,0,0,0,06-JUL-2020,
OPTSTK,GODREJPROP,27-Aug-2020,540,CE,0,0,0,163.05,355.2,0,0,0,0,06-JUL-2020,
OPTSTK,GODREJPROP,27-Aug-2020,560,CE,0,0,0,150.9,335.35,0,0,0,0,06-JUL-2020,
OPTSTK,GODREJPROP,27-Aug-2020,580,CE,0,0,0,139.5,315.45,0,0,0,0,06-JUL-2020,
OPTSTK,GODREJPROP,27-Aug-2020,600,CE,0,0,0,128.8,295.55,0,0,0,0,06-JUL-2020,
OPTSTK,GODREJPROP,27-Aug-2020,620,CE,0,0,0,118.75,275.7,0,0,0,0,06-JUL-2020,
OPTSTK,GODREJPROP,27-Aug-2020,640,CE,0,0,0,109.4,255.8,0,0,0,0,06-JUL-2020,
OPTSTK,GODREJPROP,27-Aug-2020,660,CE,0,0,0,100.65,235.95,0,0,0,0,06-JUL-2020,
OPTSTK,GODREJPROP,27-Aug-2020,680,CE,0,0,0,92.55,216.1,0,0,0,0,06-JUL-2020,
OPTSTK,GODREJPROP,27-Aug-2020,700,CE,0,0,0,85,196.25,0,0,0,0,06-JUL-2020,
OPTSTK,GODREJPROP,27-Aug-2020,720,CE,0,0,0,78,176.5,0,0,0,0,06-JUL-2020,
OPTSTK,GODREJPROP,27-Aug-2020,740,CE,0,0,0,71.55,156.95,0,0,0,0,06-JUL-2020,
OPTSTK,GODREJPROP,27-Aug-2020,760,CE,0,0,0,65.55,137.65,0,0,0,0,06-JUL-2020,
OPTSTK,GODREJPROP,27-Aug-2020,780,CE,0,0,0,60.05,118.9,0,0,0,0,06-JUL-2020,
OPTSTK,GODREJPROP,27-Aug-2020,800,CE,0,0,0,55,100.85,0,0,0,0,06-JUL-2020,
OPTSTK,GODREJPROP,27-Aug-2020,820,CE,0,0,0,50.3,83.9,0,0,0,0,06-JUL-2020,
OPTSTK,GODREJPROP,27-Aug-2020,840,CE,0,0,0,46.05,68.3,0,0,0,0,06-JUL-2020,
OPTSTK,GODREJPROP,27-Aug-2020,860,CE,0,0,0,42.1,54.3,0,0,0,0,06-JUL-2020,
OPTSTK,GODREJPROP,27-Aug-2020,880,CE,0,0,0,38.45,42.15,0,0,0,0,06-JUL-2020,
OPTSTK,GODREJPROP,27-Aug-2020,900,CE,0,0,0,35.15,31.85,0,0,0,0,06-JUL-2020,
OPTSTK,GODREJPROP,27-Aug-2020,920,CE,0,0,0,32.1,23.45,0,0,0,0,06-JUL-2020,
OPTSTK,GODREJPROP,27-Aug-2020,940,CE,0,0,0,29.3,16.85,0,0,0,0,06-JUL-2020,
OPTSTK,GODREJPROP,27-Aug-2020,960,CE,0,0,0,32.05,11.75,0,0,0,0,06-JUL-2020,
OPTSTK,GODREJPROP,27-Aug-2020,980,CE,0,0,0,37.3,8,0,0,0,0,06-JUL-2020,
OPTSTK,GODREJPROP,27-Aug-2020,1000,CE,0,0,0,34.25,5.3,0,0,0,0,06-JUL-2020,
OPTSTK,GODREJPROP,27-Aug-2020,1020,CE,0,0,0,29.6,3.4,0,0,0,0,06-JUL-2020,
OPTSTK,GODREJPROP,27-Aug-2020,1040,CE,0,0,0,26.7,2.15,0,0,0,0,06-JUL-2020,
OPTSTK,GODREJPROP,27-Aug-2020,1060,CE,0,0,0,40.2,1.3,0,0,0,0,06-JUL-2020,
OPTSTK,GODREJPROP,27-Aug-2020,1080,CE,0,0,0,36.65,0.8,0,0,0,0,06-JUL-2020,
OPTSTK,GODREJPROP,27-Aug-2020,440,PE,0,0,0,15.15,0.05,0,0,0,0,06-JUL-2020,
OPTSTK,GODREJPROP,27-Aug-2020,460,PE,0,0,0,19.3,0.05,0,0,0,0,06-JUL-2020,
OPTSTK,GODREJPROP,27-Aug-2020,480,PE,0,0,0,24.1,0.05,0,0,0,0,06-JUL-2020,
OPTSTK,GODREJPROP,27-Aug-2020,500,PE,0,0,0,29.6,0.05,0,0,0,0,06-JUL-2020,
OPTSTK,GODREJPROP,27-Aug-2020,520,PE,0,0,0,35.8,0.05,0,0,0,0,06-JUL-2020,
OPTSTK,GODREJPROP,27-Aug-2020,540,PE,0,0,0,42.7,0.05,0,0,0,0,06-JUL-2020,
OPTSTK,GODREJPROP,27-Aug-2020,560,PE,0,0,0,50.3,0.05,0,0,0,0,06-JUL-2020,
OPTSTK,GODREJPROP,27-Aug-2020,580,PE,0,0,0,58.65,0.05,0,0,0,0,06-JUL-2020,
OPTSTK,GODREJPROP,27-Aug-2020,600,PE,0,0,0,67.7,0.05,0,0,0,0,06-JUL-2020,
OPTSTK,GODREJPROP,27-Aug-2020,620,PE,0,0,0,77.45,0.05,0,0,0,0,06-JUL-2020,
OPTSTK,GODREJPROP,27-Aug-2020,640,PE,0,0,0,87.85,0.05,0,0,0,0,06-JUL-2020,
OPTSTK,GODREJPROP,27-Aug-2020,660,PE,0,0,0,98.85,0.05,0,0,0,0,06-JUL-2020,
OPTSTK,GODREJPROP,27-Aug-2020,680,PE,0,0,0,110.5,0.05,0,0,0,0,06-JUL-2020,
OPTSTK,GODREJPROP,27-Aug-2020,700,PE,0,0,0,122.7,0.1,0,0,0,0,06-JUL-2020,
OPTSTK,GODREJPROP,27-Aug-2020,720,PE,0,0,0,135.45,0.2,0,0,0,0,06-JUL-2020,
OPTSTK,GODREJPROP,27-Aug-2020,740,PE,0,0,0,148.75,0.55,0,0,0,0,06-JUL-2020,
OPTSTK,GODREJPROP,27-Aug-2020,760,PE,0,0,0,162.5,1.15,0,0,0,0,06-JUL-2020,
OPTSTK,GODREJPROP,27-Aug-2020,780,PE,0,0,0,176.75,2.25,0,0,0,0,06-JUL-2020,
OPTSTK,GODREJPROP,27-Aug-2020,800,PE,0,0,0,191.5,4.1,0,0,0,0,06-JUL-2020,
OPTSTK,GODREJPROP,27-Aug-2020,820,PE,0,0,0,206.55,7,0,0,0,0,06-JUL-2020,
OPTSTK,GODREJPROP,27-Aug-2020,840,PE,0,0,0,222.05,11.3,0,0,0,0,06-JUL-2020,
OPTSTK,GODREJPROP,27-Aug-2020,860,PE,0,0,0,237.85,17.15,0,0,0,0,06-JUL-2020,
OPTSTK,GODREJPROP,27-Aug-2020,880,PE,0,0,0,254,24.85,0,0,0,0,06-JUL-2020,
OPTSTK,GODREJPROP,27-Aug-2020,900,PE,0,0,0,270.45,34.5,0,0,0,0,06-JUL-2020,
OPTSTK,GODREJPROP,27-Aug-2020,920,PE,0,0,0,287.15,45.95,0,0,0,0,06-JUL-2020,
OPTSTK,GODREJPROP,27-Aug-2020,940,PE,0,0,0,304.1,59.2,0,0,0,0,06-JUL-2020,
OPTSTK,GODREJPROP,27-Aug-2020,960,PE,0,0,0,292.4,74,0,0,0,0,06-JUL-2020,
OPTSTK,GODREJPROP,27-Aug-2020,980,PE,0,0,0,290.3,90.1,0,0,0,0,06-JUL-2020,
OPTSTK,GODREJPROP,27-Aug-2020,1000,PE,0,0,0,307,107.3,0,0,0,0,06-JUL-2020,
OPTSTK,GODREJPROP,27-Aug-2020,1020,PE,0,0,0,271.3,125.3,0,0,0,0,06-JUL-2020,
OPTSTK,GODREJPROP,27-Aug-2020,1040,PE,0,0,0,288.2,143.9,0,0,0,0,06-JUL-2020,
OPTSTK,GODREJPROP,27-Aug-2020,1060,PE,0,0,0,256,162.95,0,0,0,0,06-JUL-2020,
OPTSTK,GODREJPROP,27-Aug-2020,1080,PE,0,0,0,272.25,182.3,0,0,0,0,06-JUL-2020,
OPTSTK,GODREJPROP,24-Sep-2020,520,CE,0,0,0,372.5,376.75,0,0,0,0,06-JUL-2020,
OPTSTK,GODREJPROP,24-Sep-2020,540,CE,0,0,0,354.25,356.95,0,0,0,0,06-JUL-2020,
OPTSTK,GODREJPROP,24-Sep-2020,560,CE,0,0,0,336.4,337.15,0,0,0,0,06-JUL-2020,
OPTSTK,GODREJPROP,24-Sep-2020,580,CE,0,0,0,318.9,317.35,0,0,0,0,06-JUL-2020,
OPTSTK,GODREJPROP,24-Sep-2020,600,CE,0,0,0,301.85,297.5,0,0,0,0,06-JUL-2020,
OPTSTK,GODREJPROP,24-Sep-2020,620,CE,0,0,0,285.25,277.7,0,0,0,0,06-JUL-2020,
OPTSTK,GODREJPROP,24-Sep-2020,640,CE,0,0,0,269.15,257.9,0,0,0,0,06-JUL-2020,
OPTSTK,GODREJPROP,24-Sep-2020,660,CE,0,0,0,253.55,238.15,0,0,0,0,06-JUL-2020,
OPTSTK,GODREJPROP,24-Sep-2020,680,CE,0,0,0,238.55,218.5,0,0,0,0,06-JUL-2020,
OPTSTK,GODREJPROP,24-Sep-2020,700,CE,0,0,0,224.1,198.9,0,0,0,0,06-JUL-2020,
OPTSTK,GODREJPROP,24-Sep-2020,720,CE,0,0,0,210.2,179.55,0,0,0,0,06-JUL-2020,
OPTSTK,GODREJPROP,24-Sep-2020,740,CE,0,0,0,196.85,160.5,0,0,0,0,06-JUL-2020,
OPTSTK,GODREJPROP,24-Sep-2020,760,CE,0,0,0,184.15,142,0,0,0,0,06-JUL-2020,
OPTSTK,GODREJPROP,24-Sep-2020,780,CE,0,0,0,172.05,124.1,0,0,0,0,06-JUL-2020,
OPTSTK,GODREJPROP,24-Sep-2020,800,CE,0,0,0,160.55,107.1,0,0,0,0,06-JUL-2020,
OPTSTK,GODREJPROP,24-Sep-2020,820,CE,0,0,0,149.6,91.15,0,0,0,0,06-JUL-2020,
OPTSTK,GODREJPROP,24-Sep-2020,840,CE,0,0,0,139.3,76.5,0,0,0,0,06-JUL-2020,
OPTSTK,GODREJPROP,24-Sep-2020,860,CE,0,0,0,129.55,63.2,0,0,0,0,06-JUL-2020,
OPTSTK,GODREJPROP,24-Sep-2020,880,CE,0,0,0,120.35,51.45,0,0,0,0,06-JUL-2020,
OPTSTK,GODREJPROP,24-Sep-2020,900,CE,0,0,0,111.7,41.2,0,0,0,0,06-JUL-2020,
OPTSTK,GODREJPROP,24-Sep-2020,920,CE,0,0,0,103.55,32.45,0,0,0,0,06-JUL-2020,
OPTSTK,GODREJPROP,24-Sep-2020,940,CE,0,0,0,95.95,25.2,0,0,0,0,06-JUL-2020,
OPTSTK,GODREJPROP,24-Sep-2020,960,CE,0,0,0,88.8,19.25,0,0,0,0,06-JUL-2020,
OPTSTK,GODREJPROP,24-Sep-2020,980,CE,0,0,0,82.1,14.45,0,0,0,0,06-JUL-2020,
OPTSTK,GODREJPROP,24-Sep-2020,1000,CE,0,0,0,75.9,10.7,0,0,0,0,06-JUL-2020,
OPTSTK,GODREJPROP,24-Sep-2020,1020,CE,0,0,0,70.05,7.8,0,0,0,0,06-JUL-2020,
OPTSTK,GODREJPROP,24-Sep-2020,1040,CE,0,0,0,64.65,5.6,0,0,0,0,06-JUL-2020,
OPTSTK,GODREJPROP,24-Sep-2020,1060,CE,0,0,0,59.65,3.95,0,0,0,0,06-JUL-2020,
OPTSTK,GODREJPROP,24-Sep-2020,1080,CE,0,0,0,55,2.75,0,0,0,0,06-JUL-2020,
OPTSTK,GODREJPROP,24-Sep-2020,520,PE,0,0,0,4.6,0.05,0,0,0,0,06-JUL-2020,
OPTSTK,GODREJPROP,24-Sep-2020,540,PE,0,0,0,6.15,0.05,0,0,0,0,06-JUL-2020,
OPTSTK,GODREJPROP,24-Sep-2020,560,PE,0,0,0,8.05,0.05,0,0,0,0,06-JUL-2020,
OPTSTK,GODREJPROP,24-Sep-2020,580,PE,0,0,0,10.35,0.05,0,0,0,0,06-JUL-2020,
OPTSTK,GODREJPROP,24-Sep-2020,600,PE,0,0,0,13.05,0.05,0,0,0,0,06-JUL-2020,
OPTSTK,GODREJPROP,24-Sep-2020,620,PE,0,0,0,16.2,0.05,0,0,0,0,06-JUL-2020,
OPTSTK,GODREJPROP,24-Sep-2020,640,PE,0,0,0,19.85,0.05,0,0,0,0,06-JUL-2020,
OPTSTK,GODREJPROP,24-Sep-2020,660,PE,0,0,0,24.05,0.1,0,0,0,0,06-JUL-2020,
OPTSTK,GODREJPROP,24-Sep-2020,680,PE,0,0,0,28.8,0.2,0,0,0,0,06-JUL-2020,
OPTSTK,GODREJPROP,24-Sep-2020,700,PE,0,0,0,34.1,0.45,0,0,0,0,06-JUL-2020,
OPTSTK,GODREJPROP,24-Sep-2020,720,PE,0,0,0,40,0.95,0,0,0,0,06-JUL-2020,
OPTSTK,GODREJPROP,24-Sep-2020,740,PE,0,0,0,46.45,1.7,0,0,0,0,06-JUL-2020,
OPTSTK,GODREJPROP,24-Sep-2020,760,PE,0,0,0,53.45,3,0,0,0,0,06-JUL-2020,
OPTSTK,GODREJPROP,24-Sep-2020,780,PE,0,0,0,61.15,4.9,0,0,0,0,06-JUL-2020,
OPTSTK,GODREJPROP,24-Sep-2020,800,PE,0,0,0,69.4,7.75,0,0,0,0,06-JUL-2020,
OPTSTK,GODREJPROP,24-Sep-2020,820,PE,0,0,0,78.25,11.6,0,0,0,0,06-JUL-2020,
OPTSTK,GODREJPROP,24-Sep-2020,840,PE,0,0,0,87.7,16.75,0,0,0,0,06-JUL-2020,
OPTSTK,GODREJPROP,24-Sep-2020,860,PE,0,0,0,97.7,23.3,0,0,0,0,06-JUL-2020,
OPTSTK,GODREJPROP,24-Sep-2020,880,PE,0,0,0,108.3,31.35,0,0,0,0,06-JUL-2020,
OPTSTK,GODREJPROP,24-Sep-2020,900,PE,0,0,0,119.4,40.9,0,0,0,0,06-JUL-2020,
OPTSTK,GODREJPROP,24-Sep-2020,920,PE,0,0,0,131.05,52,0,0,0,0,06-JUL-2020,
OPTSTK,GODREJPROP,24-Sep-2020,940,PE,0,0,0,143.2,64.5,0,0,0,0,06-JUL-2020,
OPTSTK,GODREJPROP,24-Sep-2020,960,PE,0,0,0,155.8,78.4,0,0,0,0,06-JUL-2020,
OPTSTK,GODREJPROP,24-Sep-2020,980,PE,0,0,0,168.9,93.4,0,0,0,0,06-JUL-2020,
OPTSTK,GODREJPROP,24-Sep-2020,1000,PE,0,0,0,182.45,109.45,0,0,0,0,06-JUL-2020,
OPTSTK,GODREJPROP,24-Sep-2020,1020,PE,0,0,0,196.4,126.4,0,0,0,0,06-JUL-2020,
OPTSTK,GODREJPROP,24-Sep-2020,1040,PE,0,0,0,210.75,144,0,0,0,0,06-JUL-2020,
OPTSTK,GODREJPROP,24-Sep-2020,1060,PE,0,0,0,225.55,162.2,0,0,0,0,06-JUL-2020,
OPTSTK,GODREJPROP,24-Sep-2020,1080,PE,0,0,0,240.65,180.8,0,0,0,0,06-JUL-2020,
OPTSTK,GRASIM,30-Jul-2020,260,CE,0,0,0,251.85,381.85,0,0,0,0,06-JUL-2020,
OPTSTK,GRASIM,30-Jul-2020,280,CE,0,0,0,234.05,361.9,0,0,0,0,06-JUL-2020,
OPTSTK,GRASIM,30-Jul-2020,300,CE,0,0,0,216.9,341.95,0,0,0,0,06-JUL-2020,
OPTSTK,GRASIM,30-Jul-2020,320,CE,0,0,0,200.5,322,0,0,0,0,06-JUL-2020,
OPTSTK,GRASIM,30-Jul-2020,340,CE,0,0,0,184.85,302.05,0,0,0,0,06-JUL-2020,
OPTSTK,GRASIM,30-Jul-2020,360,CE,0,0,0,170.05,282.1,0,0,0,0,06-JUL-2020,
OPTSTK,GRASIM,30-Jul-2020,380,CE,0,0,0,156.05,262.15,0,0,0,0,06-JUL-2020,
OPTSTK,GRASIM,30-Jul-2020,390,CE,0,0,0,195.4,252.2,0,0,0,0,06-JUL-2020,
OPTSTK,GRASIM,30-Jul-2020,400,CE,0,0,0,142.95,242.2,0,0,0,0,06-JUL-2020,
OPTSTK,GRASIM,30-Jul-2020,410,CE,0,0,0,178.15,232.25,0,0,0,0,06-JUL-2020,
OPTSTK,GRASIM,30-Jul-2020,420,CE,0,0,0,130.7,222.25,0,0,0,0,06-JUL-2020,
OPTSTK,GRASIM,30-Jul-2020,430,CE,0,0,0,161.7,212.3,0,0,0,0,06-JUL-2020,
OPTSTK,GRASIM,30-Jul-2020,440,CE,0,0,0,119.3,202.35,0,0,0,0,06-JUL-2020,
OPTSTK,GRASIM,30-Jul-2020,450,CE,0,0,0,175.9,192.35,0,0,950,0,06-JUL-2020,
OPTSTK,GRASIM,30-Jul-2020,460,CE,0,0,0,166.2,182.4,0,0,950,0,06-JUL-2020,
OPTSTK,GRASIM,30-Jul-2020,470,CE,0,0,0,131.35,172.5,0,0,0,0,06-JUL-2020,
OPTSTK,GRASIM,30-Jul-2020,480,CE,0,0,0,98.95,162.55,0,0,0,0,06-JUL-2020,
OPTSTK,GRASIM,30-Jul-2020,490,CE,0,0,0,117.6,152.7,0,0,0,0,06-JUL-2020,
OPTSTK,GRASIM,30-Jul-2020,500,CE,0,0,0,100.1,142.85,0,0,950,0,06-JUL-2020,
OPTSTK,GRASIM,30-Jul-2020,510,CE,0,0,0,104.85,133.1,0,0,0,0,06-JUL-2020,
OPTSTK,GRASIM,30-Jul-2020,520,CE,0,0,0,110,123.45,0,0,950,0,06-JUL-2020,
OPTSTK,GRASIM,30-Jul-2020,530,CE,0,0,0,101.1,113.9,0,0,10450,0,06-JUL-2020,
OPTSTK,GRASIM,30-Jul-2020,540,CE,0,0,0,77.7,104.6,0,0,4750,0,06-JUL-2020,
OPTSTK,GRASIM,30-Jul-2020,550,CE,0,0,0,78.35,95.45,0,0,1900,0,06-JUL-2020,
OPTSTK,GRASIM,30-Jul-2020,560,CE,0,0,0,71.5,86.6,0,0,11400,0,06-JUL-2020,
OPTSTK,GRASIM,30-Jul-2020,570,CE,0,0,0,64.2,78.1,0,0,2850,0,06-JUL-2020,
OPTSTK,GRASIM,30-Jul-2020,580,CE,65,65,65,65,69.95,1,6.12,16150,0,06-JUL-2020,
OPTSTK,GRASIM,30-Jul-2020,590,CE,0,0,0,51.9,62.25,0,0,6650,0,06-JUL-2020,
OPTSTK,GRASIM,30-Jul-2020,600,CE,50.25,61.55,48.5,61.3,54.95,12,74.88,40850,-3800,06-JUL-2020,
OPTSTK,GRASIM,30-Jul-2020,610,CE,49.5,54.1,49.2,54.1,48.2,5,31.4,18050,-1900,06-JUL-2020,
OPTSTK,GRASIM,30-Jul-2020,620,CE,38,48.05,36,40.05,40.05,125,787.68,71250,-50350,06-JUL-2020,
OPTSTK,GRASIM,30-Jul-2020,630,CE,31.55,42,29.55,35.6,35.6,240,1519.96,44650,-33250,06-JUL-2020,
OPTSTK,GRASIM,30-Jul-2020,640,CE,25.3,36.45,25.3,30.45,30.45,534,3408.22,59850,-13300,06-JUL-2020,
OPTSTK,GRASIM,30-Jul-2020,650,CE,23.45,31.4,21.45,25.45,25.45,1480,9522.64,97850,-120650,06-JUL-2020,
OPTSTK,GRASIM,30-Jul-2020,660,CE,20,26.75,18.6,21.9,21.9,892,5793.91,109250,60800,06-JUL-2020,
OPTSTK,GRASIM,30-Jul-2020,670,CE,16.65,22.35,16.4,17.45,17.45,888,5822.54,58900,36100,06-JUL-2020,
OPTSTK,GRASIM,30-Jul-2020,680,CE,13.9,18.7,12.6,14.5,14.5,285,1886,66500,49400,06-JUL-2020,
OPTSTK,GRASIM,30-Jul-2020,690,CE,15.45,16.15,12.5,12.5,12.75,10,66.93,4750,4750,06-JUL-2020,
OPTSTK,GRASIM,30-Jul-2020,700,CE,9.5,12.9,8.25,9.85,9.85,469,3167.92,142500,34200,06-JUL-2020,
OPTSTK,GRASIM,30-Jul-2020,710,CE,10,10,10,10,8.5,2,13.68,3800,950,06-JUL-2020,
OPTSTK,GRASIM,30-Jul-2020,720,CE,7.75,8.75,6.2,6.2,6.2,26,179.77,7600,3800,06-JUL-2020,
OPTSTK,GRASIM,30-Jul-2020,730,CE,0,0,0,10,5.45,0,0,2850,0,06-JUL-2020,
OPTSTK,GRASIM,30-Jul-2020,740,CE,0,0,0,3.4,4.35,0,0,6650,0,06-JUL-2020,
OPTSTK,GRASIM,30-Jul-2020,750,CE,0,0,0,20.55,3.45,0,0,0,0,06-JUL-2020,
OPTSTK,GRASIM,30-Jul-2020,260,PE,0,0,0,3.65,0.05,0,0,0,0,06-JUL-2020,
OPTSTK,GRASIM,30-Jul-2020,280,PE,0,0,0,5.6,0.05,0,0,0,0,06-JUL-2020,
OPTSTK,GRASIM,30-Jul-2020,300,PE,0,0,0,8.2,0.05,0,0,0,0,06-JUL-2020,
OPTSTK,GRASIM,30-Jul-2020,320,PE,0,0,0,11.55,0.05,0,0,0,0,06-JUL-2020,
OPTSTK,GRASIM,30-Jul-2020,340,PE,0,0,0,15.65,0.05,0,0,0,0,06-JUL-2020,
OPTSTK,GRASIM,30-Jul-2020,360,PE,0,0,0,20.6,0.05,0,0,0,0,06-JUL-2020,
OPTSTK,GRASIM,30-Jul-2020,380,PE,0,0,0,0.25,0.05,0,0,950,0,06-JUL-2020,
OPTSTK,GRASIM,30-Jul-2020,390,PE,0,0,0,0.25,0.05,0,0,950,0,06-JUL-2020,
OPTSTK,GRASIM,30-Jul-2020,400,PE,0,0,0,33,0.05,0,0,0,0,06-JUL-2020,
OPTSTK,GRASIM,30-Jul-2020,410,PE,0,0,0,8.2,0.05,0,0,0,0,06-JUL-2020,
OPTSTK,GRASIM,30-Jul-2020,420,PE,0,0,0,40.45,0.05,0,0,0,0,06-JUL-2020,
OPTSTK,GRASIM,30-Jul-2020,430,PE,0,0,0,11.55,0.05,0,0,0,0,06-JUL-2020,
OPTSTK,GRASIM,30-Jul-2020,440,PE,0,0,0,48.8,0.05,0,0,0,0,06-JUL-2020,
OPTSTK,GRASIM,30-Jul-2020,450,PE,0,0,0,15.75,0.05,0,0,0,0,06-JUL-2020,
OPTSTK,GRASIM,30-Jul-2020,460,PE,0,0,0,58,0.05,0,0,0,0,06-JUL-2020,
OPTSTK,GRASIM,30-Jul-2020,470,PE,0,0,0,20.9,0.05,0,0,0,0,06-JUL-2020,
OPTSTK,GRASIM,30-Jul-2020,480,PE,0,0,0,67.95,0.1,0,0,0,0,06-JUL-2020,
OPTSTK,GRASIM,30-Jul-2020,490,PE,0,0,0,27,0.2,0,0,0,0,06-JUL-2020,
OPTSTK,GRASIM,30-Jul-2020,500,PE,0,0,0,1.9,0.35,0,0,950,0,06-JUL-2020,
OPTSTK,GRASIM,30-Jul-2020,510,PE,0,0,0,34.05,0.55,0,0,0,0,06-JUL-2020,
OPTSTK,GRASIM,30-Jul-2020,520,PE,0,0,0,10.9,0.9,0,0,1900,0,06-JUL-2020,
OPTSTK,GRASIM,30-Jul-2020,530,PE,2.3,2.3,1.95,2,2,33,166.78,29450,20900,06-JUL-2020,
OPTSTK,GRASIM,30-Jul-2020,540,PE,0,0,0,8,1.95,0,0,20900,0,06-JUL-2020,
OPTSTK,GRASIM,30-Jul-2020,550,PE,3.5,4,3.3,4,4,4,21.03,30400,950,06-JUL-2020,
OPTSTK,GRASIM,30-Jul-2020,560,PE,5.5,5.5,4.35,4.9,4.9,6,32.2,64600,-950,06-JUL-2020,
OPTSTK,GRASIM,30-Jul-2020,570,PE,5.95,5.95,5.45,5.45,5.4,2,10.93,76950,950,06-JUL-2020,
OPTSTK,GRASIM,30-Jul-2020,580,PE,8.9,8.9,7,7.8,7.8,10,55.82,30400,950,06-JUL-2020,
OPTSTK,GRASIM,30-Jul-2020,590,PE,10.5,10.5,8,9.55,9.5,19,108.14,31350,1900,06-JUL-2020,
OPTSTK,GRASIM,30-Jul-2020,600,PE,15.7,15.7,10.1,12.65,12.65,206,1197.13,153900,58900,06-JUL-2020,
OPTSTK,GRASIM,30-Jul-2020,610,PE,17.95,18.75,12.8,16.1,16.1,34,201.96,42750,1900,06-JUL-2020,
OPTSTK,GRASIM,30-Jul-2020,620,PE,21.85,23,15.75,19.5,19.5,129,782.15,50350,-19950,06-JUL-2020,
OPTSTK,GRASIM,30-Jul-2020,630,PE,26.6,26.6,19.55,24.1,24.1,164,1016.29,36100,-3800,06-JUL-2020,
OPTSTK,GRASIM,30-Jul-2020,640,PE,31.3,31.3,23.9,28.7,28.7,127,805.36,29450,27550,06-JUL-2020,
OPTSTK,GRASIM,30-Jul-2020,650,PE,40.45,40.45,28.5,35.05,35.05,40,259.24,14250,13300,06-JUL-2020,
OPTSTK,GRASIM,30-Jul-2020,660,PE,37.6,40.15,35.1,37.2,39.3,13,86.09,6650,3800,06-JUL-2020,
OPTSTK,GRASIM,30-Jul-2020,670,PE,42.3,42.3,42.3,42.3,45.65,1,6.76,950,950,06-JUL-2020,
OPTSTK,GRASIM,30-Jul-2020,680,PE,53,53,50.25,50.25,52.5,2,13.9,950,950,06-JUL-2020,
OPTSTK,GRASIM,30-Jul-2020,690,PE,0,0,0,139.65,59.75,0,0,0,0,06-JUL-2020,
OPTSTK,GRASIM,30-Jul-2020,700,PE,70,70,64,64,67.4,3,21.86,2850,2850,06-JUL-2020,
OPTSTK,GRASIM,30-Jul-2020,710,PE,0,0,0,155.2,75.4,0,0,0,0,06-JUL-2020,
OPTSTK,GRASIM,30-Jul-2020,720,PE,0,0,0,236.15,83.75,0,0,0,0,06-JUL-2020,
OPTSTK,GRASIM,30-Jul-2020,730,PE,0,0,0,171.25,92.35,0,0,0,0,06-JUL-2020,
OPTSTK,GRASIM,30-Jul-2020,740,PE,0,0,0,253,101.2,0,0,0,0,06-JUL-2020,
OPTSTK,GRASIM,30-Jul-2020,750,PE,0,0,0,187.75,110.25,0,0,0,0,06-JUL-2020,
OPTSTK,GRASIM,27-Aug-2020,360,CE,0,0,0,227.2,283.3,0,0,0,0,06-JUL-2020,
OPTSTK,GRASIM,27-Aug-2020,370,CE,0,0,0,218.55,273.35,0,0,0,0,06-JUL-2020,
OPTSTK,GRASIM,27-Aug-2020,380,CE,0,0,0,210.05,263.4,0,0,0,0,06-JUL-2020,
OPTSTK,GRASIM,27-Aug-2020,390,CE,0,0,0,201.75,253.5,0,0,0,0,06-JUL-2020,
OPTSTK,GRASIM,27-Aug-2020,400,CE,0,0,0,193.65,243.6,0,0,0,0,06-JUL-2020,
OPTSTK,GRASIM,27-Aug-2020,410,CE,0,0,0,185.7,233.7,0,0,0,0,06-JUL-2020,
OPTSTK,GRASIM,27-Aug-2020,420,CE,0,0,0,177.95,223.8,0,0,0,0,06-JUL-2020,
OPTSTK,GRASIM,27-Aug-2020,430,CE,0,0,0,170.4,213.95,0,0,0,0,06-JUL-2020,
OPTSTK,GRASIM,27-Aug-2020,440,CE,0,0,0,163.05,204.15,0,0,0,0,06-JUL-2020,
OPTSTK,GRASIM,27-Aug-2020,450,CE,0,0,0,155.95,194.4,0,0,0,0,06-JUL-2020,
OPTSTK,GRASIM,27-Aug-2020,460,CE,0,0,0,149,184.7,0,0,0,0,06-JUL-2020,
OPTSTK,GRASIM,27-Aug-2020,470,CE,0,0,0,142.3,175.1,0,0,0,0,06-JUL-2020,
OPTSTK,GRASIM,27-Aug-2020,480,CE,0,0,0,135.8,165.6,0,0,0,0,06-JUL-2020,
OPTSTK,GRASIM,27-Aug-2020,490,CE,0,0,0,129.5,156.2,0,0,0,0,06-JUL-2020,
OPTSTK,GRASIM,27-Aug-2020,500,CE,0,0,0,123.4,147,0,0,0,0,06-JUL-2020,
OPTSTK,GRASIM,27-Aug-2020,510,CE,0,0,0,117.6,137.95,0,0,0,0,06-JUL-2020,
OPTSTK,GRASIM,27-Aug-2020,520,CE,0,0,0,111.95,129.05,0,0,0,0,06-JUL-2020,
OPTSTK,GRASIM,27-Aug-2020,530,CE,0,0,0,106.55,120.45,0,0,0,0,06-JUL-2020,
OPTSTK,GRASIM,27-Aug-2020,540,CE,0,0,0,101.3,112.05,0,0,0,0,06-JUL-2020,
OPTSTK,GRASIM,27-Aug-2020,550,CE,0,0,0,96.3,103.95,0,0,0,0,06-JUL-2020,
OPTSTK,GRASIM,27-Aug-2020,560,CE,0,0,0,91.5,96.1,0,0,0,0,06-JUL-2020,
OPTSTK,GRASIM,27-Aug-2020,570,CE,0,0,0,86.9,88.6,0,0,0,0,06-JUL-2020,
OPTSTK,GRASIM,27-Aug-2020,580,CE,0,0,0,82.5,81.45,0,0,0,0,06-JUL-2020,
OPTSTK,GRASIM,27-Aug-2020,590,CE,0,0,0,78.25,74.6,0,0,0,0,06-JUL-2020,
OPTSTK,GRASIM,27-Aug-2020,600,CE,0,0,0,74.25,68.15,0,0,0,0,06-JUL-2020,
OPTSTK,GRASIM,27-Aug-2020,610,CE,0,0,0,70.4,62.05,0,0,0,0,06-JUL-2020,
OPTSTK,GRASIM,27-Aug-2020,620,CE,0,0,0,66.7,56.3,0,0,0,0,06-JUL-2020,
OPTSTK,GRASIM,27-Aug-2020,630,CE,0,0,0,63.2,50.95,0,0,0,0,06-JUL-2020,
OPTSTK,GRASIM,27-Aug-2020,640,CE,0,0,0,59.85,45.95,0,0,0,0,06-JUL-2020,
OPTSTK,GRASIM,27-Aug-2020,650,CE,43,43,43,43,41.3,1,6.58,950,950,06-JUL-2020,
OPTSTK,GRASIM,27-Aug-2020,660,CE,0,0,0,53.6,37.05,0,0,0,0,06-JUL-2020,
OPTSTK,GRASIM,27-Aug-2020,670,CE,0,0,0,50.75,33.1,0,0,0,0,06-JUL-2020,
OPTSTK,GRASIM,27-Aug-2020,680,CE,0,0,0,48,29.5,0,0,0,0,06-JUL-2020,
OPTSTK,GRASIM,27-Aug-2020,690,CE,0,0,0,45.35,26.2,0,0,0,0,06-JUL-2020,
OPTSTK,GRASIM,27-Aug-2020,700,CE,0,0,0,42.9,23.25,0,0,0,0,06-JUL-2020,
OPTSTK,GRASIM,27-Aug-2020,710,CE,0,0,0,40.55,20.5,0,0,0,0,06-JUL-2020,
OPTSTK,GRASIM,27-Aug-2020,720,CE,0,0,0,38.35,18.1,0,0,0,0,06-JUL-2020,
OPTSTK,GRASIM,27-Aug-2020,730,CE,0,0,0,36.2,15.9,0,0,0,0,06-JUL-2020,
OPTSTK,GRASIM,27-Aug-2020,740,CE,0,0,0,34.2,13.95,0,0,0,0,06-JUL-2020,
OPTSTK,GRASIM,27-Aug-2020,750,CE,0,0,0,32.3,12.15,0,0,0,0,06-JUL-2020,
OPTSTK,GRASIM,27-Aug-2020,360,PE,0,0,0,6.3,0.05,0,0,0,0,06-JUL-2020,
OPTSTK,GRASIM,27-Aug-2020,370,PE,0,0,0,7.55,0.05,0,0,0,0,06-JUL-2020,
OPTSTK,GRASIM,27-Aug-2020,380,PE,0,0,0,8.95,0.05,0,0,0,0,06-JUL-2020,
OPTSTK,GRASIM,27-Aug-2020,390,PE,0,0,0,10.5,0.05,0,0,0,0,06-JUL-2020,
OPTSTK,GRASIM,27-Aug-2020,400,PE,0,0,0,12.25,0.05,0,0,0,0,06-JUL-2020,
OPTSTK,GRASIM,27-Aug-2020,410,PE,0,0,0,14.2,0.1,0,0,0,0,06-JUL-2020,
OPTSTK,GRASIM,27-Aug-2020,420,PE,0,0,0,16.35,0.15,0,0,0,0,06-JUL-2020,
OPTSTK,GRASIM,27-Aug-2020,430,PE,0,0,0,18.7,0.25,0,0,0,0,06-JUL-2020,
OPTSTK,GRASIM,27-Aug-2020,440,PE,0,0,0,21.25,0.4,0,0,0,0,06-JUL-2020,
OPTSTK,GRASIM,27-Aug-2020,450,PE,0,0,0,23.95,0.55,0,0,0,0,06-JUL-2020,
OPTSTK,GRASIM,27-Aug-2020,460,PE,0,0,0,26.9,0.8,0,0,0,0,06-JUL-2020,
OPTSTK,GRASIM,27-Aug-2020,470,PE,0,0,0,30.1,1.15,0,0,0,0,06-JUL-2020,
OPTSTK,GRASIM,27-Aug-2020,480,PE,0,0,0,33.45,1.6,0,0,0,0,06-JUL-2020,
OPTSTK,GRASIM,27-Aug-2020,490,PE,0,0,0,37.05,2.15,0,0,0,0,06-JUL-2020,
OPTSTK,GRASIM,27-Aug-2020,500,PE,0,0,0,40.85,2.85,0,0,0,0,06-JUL-2020,
OPTSTK,GRASIM,27-Aug-2020,510,PE,0,0,0,44.9,3.75,0,0,0,0,06-JUL-2020,
OPTSTK,GRASIM,27-Aug-2020,520,PE,0,0,0,49.15,4.85,0,0,0,0,06-JUL-2020,
OPTSTK,GRASIM,27-Aug-2020,530,PE,0,0,0,53.6,6.15,0,0,0,0,06-JUL-2020,
OPTSTK,GRASIM,27-Aug-2020,540,PE,0,0,0,58.25,7.7,0,0,0,0,06-JUL-2020,
OPTSTK,GRASIM,27-Aug-2020,550,PE,0,0,0,63.15,9.5,0,0,0,0,06-JUL-2020,
OPTSTK,GRASIM,27-Aug-2020,560,PE,0,0,0,22.75,11.65,0,0,1900,0,06-JUL-2020,
OPTSTK,GRASIM,27-Aug-2020,570,PE,0,0,0,26.15,14.05,0,0,1900,0,06-JUL-2020,
OPTSTK,GRASIM,27-Aug-2020,580,PE,0,0,0,29.8,16.85,0,0,1900,0,06-JUL-2020,
OPTSTK,GRASIM,27-Aug-2020,590,PE,0,0,0,34.05,19.95,0,0,1900,0,06-JUL-2020,
OPTSTK,GRASIM,27-Aug-2020,600,PE,0,0,0,38.55,23.4,0,0,1900,0,06-JUL-2020,
OPTSTK,GRASIM,27-Aug-2020,610,PE,0,0,0,43.45,27.25,0,0,1900,0,06-JUL-2020,
OPTSTK,GRASIM,27-Aug-2020,620,PE,0,0,0,48.65,31.45,0,0,1900,0,06-JUL-2020,
OPTSTK,GRASIM,27-Aug-2020,630,PE,0,0,0,109.05,36.05,0,0,0,0,06-JUL-2020,
OPTSTK,GRASIM,27-Aug-2020,640,PE,0,0,0,115.55,41,0,0,0,0,06-JUL-2020,
OPTSTK,GRASIM,27-Aug-2020,650,PE,0,0,0,122.25,46.3,0,0,0,0,06-JUL-2020,
OPTSTK,GRASIM,27-Aug-2020,660,PE,0,0,0,129.1,51.95,0,0,0,0,06-JUL-2020,
OPTSTK,GRASIM,27-Aug-2020,670,PE,0,0,0,136.1,57.95,0,0,0,0,06-JUL-2020,
OPTSTK,GRASIM,27-Aug-2020,680,PE,0,0,0,143.2,64.3,0,0,0,0,06-JUL-2020,
OPTSTK,GRASIM,27-Aug-2020,690,PE,0,0,0,150.5,70.95,0,0,0,0,06-JUL-2020,
OPTSTK,GRASIM,27-Aug-2020,700,PE,81.1,81.1,81.1,81.1,81.1,1,7.42,950,950,06-JUL-2020,
OPTSTK,GRASIM,27-Aug-2020,710,PE,0,0,0,165.45,85.15,0,0,0,0,06-JUL-2020,
OPTSTK,GRASIM,27-Aug-2020,720,PE,0,0,0,173.1,92.65,0,0,0,0,06-JUL-2020,
OPTSTK,GRASIM,27-Aug-2020,730,PE,0,0,0,180.85,100.4,0,0,0,0,06-JUL-2020,
OPTSTK,GRASIM,27-Aug-2020,740,PE,0,0,0,188.75,108.35,0,0,0,0,06-JUL-2020,
OPTSTK,GRASIM,27-Aug-2020,750,PE,0,0,0,196.7,116.55,0,0,0,0,06-JUL-2020,
OPTSTK,GRASIM,24-Sep-2020,370,CE,0,0,0,243.6,274.65,0,0,0,0,06-JUL-2020,
OPTSTK,GRASIM,24-Sep-2020,380,CE,0,0,0,234.25,264.8,0,0,0,0,06-JUL-2020,
OPTSTK,GRASIM,24-Sep-2020,390,CE,0,0,0,225,255,0,0,0,0,06-JUL-2020,
OPTSTK,GRASIM,24-Sep-2020,400,CE,0,0,0,215.9,245.25,0,0,0,0,06-JUL-2020,
OPTSTK,GRASIM,24-Sep-2020,410,CE,0,0,0,206.9,235.5,0,0,0,0,06-JUL-2020,
OPTSTK,GRASIM,24-Sep-2020,420,CE,0,0,0,198.05,225.8,0,0,0,0,06-JUL-2020,
OPTSTK,GRASIM,24-Sep-2020,430,CE,0,0,0,189.35,216.2,0,0,0,0,06-JUL-2020,
OPTSTK,GRASIM,24-Sep-2020,440,CE,0,0,0,180.85,206.7,0,0,0,0,06-JUL-2020,
OPTSTK,GRASIM,24-Sep-2020,450,CE,0,0,0,172.5,197.25,0,0,0,0,06-JUL-2020,
OPTSTK,GRASIM,24-Sep-2020,460,CE,0,0,0,164.35,187.95,0,0,0,0,06-JUL-2020,
OPTSTK,GRASIM,24-Sep-2020,470,CE,0,0,0,156.45,178.75,0,0,0,0,06-JUL-2020,
OPTSTK,GRASIM,24-Sep-2020,480,CE,0,0,0,148.7,169.7,0,0,0,0,06-JUL-2020,
OPTSTK,GRASIM,24-Sep-2020,490,CE,0,0,0,141.2,160.85,0,0,0,0,06-JUL-2020,
OPTSTK,GRASIM,24-Sep-2020,500,CE,0,0,0,133.95,152.15,0,0,0,0,06-JUL-2020,
OPTSTK,GRASIM,24-Sep-2020,510,CE,0,0,0,126.95,143.65,0,0,0,0,06-JUL-2020,
OPTSTK,GRASIM,24-Sep-2020,520,CE,0,0,0,120.15,135.4,0,0,0,0,06-JUL-2020,
OPTSTK,GRASIM,24-Sep-2020,530,CE,0,0,0,113.55,127.35,0,0,0,0,06-JUL-2020,
OPTSTK,GRASIM,24-Sep-2020,540,CE,0,0,0,107.25,119.55,0,0,0,0,06-JUL-2020,
OPTSTK,GRASIM,24-Sep-2020,550,CE,0,0,0,101.2,112.05,0,0,0,0,06-JUL-2020,
OPTSTK,GRASIM,24-Sep-2020,560,CE,0,0,0,95.35,104.8,0,0,0,0,06-JUL-2020,
OPTSTK,GRASIM,24-Sep-2020,570,CE,0,0,0,89.8,97.8,0,0,0,0,06-JUL-2020,
OPTSTK,GRASIM,24-Sep-2020,580,CE,0,0,0,84.5,91.15,0,0,0,0,06-JUL-2020,
OPTSTK,GRASIM,24-Sep-2020,590,CE,0,0,0,79.4,84.75,0,0,0,0,06-JUL-2020,
OPTSTK,GRASIM,24-Sep-2020,600,CE,0,0,0,74.55,78.65,0,0,0,0,06-JUL-2020,
OPTSTK,GRASIM,24-Sep-2020,610,CE,0,0,0,69.95,72.9,0,0,0,0,06-JUL-2020,
OPTSTK,GRASIM,24-Sep-2020,620,CE,0,0,0,65.55,67.4,0,0,0,0,06-JUL-2020,
OPTSTK,GRASIM,24-Sep-2020,630,CE,0,0,0,61.4,62.2,0,0,0,0,06-JUL-2020,
OPTSTK,GRASIM,24-Sep-2020,640,CE,0,0,0,57.5,57.35,0,0,0,0,06-JUL-2020,
OPTSTK,GRASIM,24-Sep-2020,650,CE,0,0,0,53.75,52.75,0,0,0,0,06-JUL-2020,
OPTSTK,GRASIM,24-Sep-2020,660,CE,0,0,0,50.2,48.4,0,0,0,0,06-JUL-2020,
OPTSTK,GRASIM,24-Sep-2020,670,CE,0,0,0,46.9,44.4,0,0,0,0,06-JUL-2020,
OPTSTK,GRASIM,24-Sep-2020,680,CE,0,0,0,43.75,40.6,0,0,0,0,06-JUL-2020,
OPTSTK,GRASIM,24-Sep-2020,690,CE,0,0,0,40.8,37.1,0,0,0,0,06-JUL-2020,
OPTSTK,GRASIM,24-Sep-2020,700,CE,0,0,0,38,33.85,0,0,0,0,06-JUL-2020,
OPTSTK,GRASIM,24-Sep-2020,710,CE,0,0,0,35.4,30.85,0,0,0,0,06-JUL-2020,
OPTSTK,GRASIM,24-Sep-2020,720,CE,0,0,0,32.95,28.05,0,0,0,0,06-JUL-2020,
OPTSTK,GRASIM,24-Sep-2020,730,CE,0,0,0,30.65,25.45,0,0,0,0,06-JUL-2020,
OPTSTK,GRASIM,24-Sep-2020,740,CE,0,0,0,28.5,23.1,0,0,0,0,06-JUL-2020,
OPTSTK,GRASIM,24-Sep-2020,750,CE,0,0,0,26.5,20.9,0,0,0,0,06-JUL-2020,
OPTSTK,GRASIM,24-Sep-2020,370,PE,0,0,0,1.9,0.15,0,0,0,0,06-JUL-2020,
OPTSTK,GRASIM,24-Sep-2020,380,PE,0,0,0,2.4,0.2,0,0,0,0,06-JUL-2020,
OPTSTK,GRASIM,24-Sep-2020,390,PE,0,0,0,3.05,0.3,0,0,0,0,06-JUL-2020,
OPTSTK,GRASIM,24-Sep-2020,400,PE,0,0,0,3.8,0.4,0,0,0,0,06-JUL-2020,
OPTSTK,GRASIM,24-Sep-2020,410,PE,0,0,0,4.7,0.6,0,0,0,0,06-JUL-2020,
OPTSTK,GRASIM,24-Sep-2020,420,PE,0,0,0,5.7,0.8,0,0,0,0,06-JUL-2020,
OPTSTK,GRASIM,24-Sep-2020,430,PE,0,0,0,6.9,1.1,0,0,0,0,06-JUL-2020,
OPTSTK,GRASIM,24-Sep-2020,440,PE,0,0,0,8.3,1.5,0,0,0,0,06-JUL-2020,
OPTSTK,GRASIM,24-Sep-2020,450,PE,0,0,0,9.85,2,0,0,0,0,06-JUL-2020,
OPTSTK,GRASIM,24-Sep-2020,460,PE,0,0,0,11.6,2.55,0,0,0,0,06-JUL-2020,
OPTSTK,GRASIM,24-Sep-2020,470,PE,0,0,0,13.55,3.3,0,0,0,0,06-JUL-2020,
OPTSTK,GRASIM,24-Sep-2020,480,PE,0,0,0,15.7,4.15,0,0,0,0,06-JUL-2020,
OPTSTK,GRASIM,24-Sep-2020,490,PE,0,0,0,18.1,5.2,0,0,0,0,06-JUL-2020,
OPTSTK,GRASIM,24-Sep-2020,500,PE,0,0,0,20.7,6.4,0,0,0,0,06-JUL-2020,
OPTSTK,GRASIM,24-Sep-2020,510,PE,0,0,0,23.55,7.85,0,0,0,0,06-JUL-2020,
OPTSTK,GRASIM,24-Sep-2020,520,PE,0,0,0,26.65,9.5,0,0,0,0,06-JUL-2020,
OPTSTK,GRASIM,24-Sep-2020,530,PE,0,0,0,29.95,11.35,0,0,0,0,06-JUL-2020,
OPTSTK,GRASIM,24-Sep-2020,540,PE,0,0,0,33.55,13.45,0,0,0,0,06-JUL-2020,
OPTSTK,GRASIM,24-Sep-2020,550,PE,0,0,0,37.35,15.85,0,0,0,0,06-JUL-2020,
OPTSTK,GRASIM,24-Sep-2020,560,PE,0,0,0,41.45,18.5,0,0,0,0,06-JUL-2020,
OPTSTK,GRASIM,24-Sep-2020,570,PE,0,0,0,45.75,21.45,0,0,0,0,06-JUL-2020,
OPTSTK,GRASIM,24-Sep-2020,580,PE,0,0,0,50.3,24.65,0,0,0,0,06-JUL-2020,
OPTSTK,GRASIM,24-Sep-2020,590,PE,0,0,0,55.1,28.2,0,0,0,0,06-JUL-2020,
OPTSTK,GRASIM,24-Sep-2020,600,PE,0,0,0,60.15,32,0,0,0,0,06-JUL-2020,
OPTSTK,GRASIM,24-Sep-2020,610,PE,0,0,0,65.45,36.15,0,0,0,0,06-JUL-2020,
OPTSTK,GRASIM,24-Sep-2020,620,PE,0,0,0,70.95,40.55,0,0,0,0,06-JUL-2020,
OPTSTK,GRASIM,24-Sep-2020,630,PE,0,0,0,76.65,45.25,0,0,0,0,06-JUL-2020,
OPTSTK,GRASIM,24-Sep-2020,640,PE,0,0,0,82.6,50.3,0,0,0,0,06-JUL-2020,
OPTSTK,GRASIM,24-Sep-2020,650,PE,0,0,0,88.75,55.6,0,0,0,0,06-JUL-2020,
OPTSTK,GRASIM,24-Sep-2020,660,PE,0,0,0,95.1,61.2,0,0,0,0,06-JUL-2020,
OPTSTK,GRASIM,24-Sep-2020,670,PE,0,0,0,101.65,67.05,0,0,0,0,06-JUL-2020,
OPTSTK,GRASIM,24-Sep-2020,680,PE,0,0,0,108.4,73.2,0,0,0,0,06-JUL-2020,
OPTSTK,GRASIM,24-Sep-2020,690,PE,0,0,0,115.35,79.6,0,0,0,0,06-JUL-2020,
OPTSTK,GRASIM,24-Sep-2020,700,PE,0,0,0,122.45,86.25,0,0,0,0,06-JUL-2020,
OPTSTK,GRASIM,24-Sep-2020,710,PE,0,0,0,129.7,93.15,0,0,0,0,06-JUL-2020,
OPTSTK,GRASIM,24-Sep-2020,720,PE,0,0,0,137.15,100.25,0,0,0,0,06-JUL-2020,
OPTSTK,GRASIM,24-Sep-2020,730,PE,0,0,0,144.75,107.6,0,0,0,0,06-JUL-2020,
OPTSTK,GRASIM,24-Sep-2020,740,PE,0,0,0,152.5,115.15,0,0,0,0,06-JUL-2020,
OPTSTK,GRASIM,24-Sep-2020,750,PE,0,0,0,160.35,122.85,0,0,0,0,06-JUL-2020,
OPTSTK,HAVELLS,30-Jul-2020,340,CE,0,0,0,230.3,243.85,0,0,0,0,06-JUL-2020,
OPTSTK,HAVELLS,30-Jul-2020,360,CE,0,0,0,212.05,223.9,0,0,0,0,06-JUL-2020,
OPTSTK,HAVELLS,30-Jul-2020,370,CE,0,0,0,136.85,213.95,0,0,0,0,06-JUL-2020,
OPTSTK,HAVELLS,30-Jul-2020,380,CE,0,0,0,194.4,203.95,0,0,0,0,06-JUL-2020,
OPTSTK,HAVELLS,30-Jul-2020,390,CE,0,0,0,119.65,194,0,0,0,0,06-JUL-2020,
OPTSTK,HAVELLS,30-Jul-2020,400,CE,0,0,0,177.35,184,0,0,0,0,06-JUL-2020,
OPTSTK,HAVELLS,30-Jul-2020,410,CE,0,0,0,103.5,174.05,0,0,0,0,06-JUL-2020,
OPTSTK,HAVELLS,30-Jul-2020,420,CE,0,0,0,161.15,164.05,0,0,0,0,06-JUL-2020,
OPTSTK,HAVELLS,30-Jul-2020,430,CE,0,0,0,88.55,154.1,0,0,0,0,06-JUL-2020,
OPTSTK,HAVELLS,30-Jul-2020,440,CE,0,0,0,145.75,144.15,0,0,0,0,06-JUL-2020,
OPTSTK,HAVELLS,30-Jul-2020,450,CE,0,0,0,74.95,134.2,0,0,0,0,06-JUL-2020,
OPTSTK,HAVELLS,30-Jul-2020,460,CE,0,0,0,131.3,124.25,0,0,0,0,06-JUL-2020,
OPTSTK,HAVELLS,30-Jul-2020,470,CE,0,0,0,62.8,114.35,0,0,0,0,06-JUL-2020,
OPTSTK,HAVELLS,30-Jul-2020,480,CE,0,0,0,117.75,104.5,0,0,0,0,06-JUL-2020,
OPTSTK,HAVELLS,30-Jul-2020,490,CE,0,0,0,52.1,94.75,0,0,0,0,06-JUL-2020,
OPTSTK,HAVELLS,30-Jul-2020,500,CE,0,0,0,80,85.15,0,0,7000,0,06-JUL-2020,
OPTSTK,HAVELLS,30-Jul-2020,510,CE,0,0,0,42.8,75.75,0,0,0,0,06-JUL-2020,
OPTSTK,HAVELLS,30-Jul-2020,520,CE,0,0,0,57,66.65,0,0,1000,0,06-JUL-2020,
OPTSTK,HAVELLS,30-Jul-2020,530,CE,0,0,0,34.85,57.95,0,0,0,0,06-JUL-2020,
OPTSTK,HAVELLS,30-Jul-2020,540,CE,0,0,0,52.7,49.75,0,0,5000,0,06-JUL-2020,
OPTSTK,HAVELLS,30-Jul-2020,550,CE,0,0,0,43,42.1,0,0,4000,0,06-JUL-2020,
OPTSTK,HAVELLS,30-Jul-2020,560,CE,0,0,0,40.45,35.1,0,0,4000,0,06-JUL-2020,
OPTSTK,HAVELLS,30-Jul-2020,570,CE,32.25,33.9,32.25,33.8,28.85,4,24.13,9000,1000,06-JUL-2020,
OPTSTK,HAVELLS,30-Jul-2020,580,CE,25.05,29.7,24.9,25.05,25.05,35,212.41,68000,0,06-JUL-2020,
OPTSTK,HAVELLS,30-Jul-2020,590,CE,20.2,24.25,19.6,20.65,20.65,79,483.77,33000,-2000,06-JUL-2020,
OPTSTK,HAVELLS,30-Jul-2020,600,CE,16.55,19.95,16.25,16.8,16.8,531,3282.44,205000,15000,06-JUL-2020,
OPTSTK,HAVELLS,30-Jul-2020,610,CE,12.9,16.2,12.9,13.35,13.35,33,206.02,43000,7000,06-JUL-2020,
OPTSTK,HAVELLS,30-Jul-2020,620,CE,10.9,12.85,10.2,10.35,10.35,48,303.09,41000,10000,06-JUL-2020,
OPTSTK,HAVELLS,30-Jul-2020,630,CE,8.8,10.4,8,8.25,8.25,30,191.68,56000,9000,06-JUL-2020,
OPTSTK,HAVELLS,30-Jul-2020,640,CE,7.25,7.85,6.25,6.3,6.3,15,97.07,13000,2000,06-JUL-2020,
OPTSTK,HAVELLS,30-Jul-2020,650,CE,5.25,6,4.5,4.55,4.55,47,307.94,94000,26000,06-JUL-2020,
OPTSTK,HAVELLS,30-Jul-2020,660,CE,0,0,0,5,2.35,0,0,4000,0,06-JUL-2020,
OPTSTK,HAVELLS,30-Jul-2020,670,CE,0,0,0,3,1.65,0,0,6000,0,06-JUL-2020,
OPTSTK,HAVELLS,30-Jul-2020,680,CE,0,0,0,2.3,1.1,0,0,4000,0,06-JUL-2020,
OPTSTK,HAVELLS,30-Jul-2020,690,CE,0,0,0,7,0.75,0,0,2000,0,06-JUL-2020,
OPTSTK,HAVELLS,30-Jul-2020,700,CE,1,1.7,1,1.3,1.3,10,70.12,85000,5000,06-JUL-2020,
OPTSTK,HAVELLS,30-Jul-2020,710,CE,0,0,0,9.45,0.35,0,0,0,0,06-JUL-2020,
OPTSTK,HAVELLS,30-Jul-2020,720,CE,0,0,0,2.2,0.2,0,0,10000,0,06-JUL-2020,
OPTSTK,HAVELLS,30-Jul-2020,730,CE,0,0,0,7.5,0.15,0,0,0,0,06-JUL-2020,
OPTSTK,HAVELLS,30-Jul-2020,740,CE,0,0,0,0.7,0.1,0,0,3000,0,06-JUL-2020,
OPTSTK,HAVELLS,30-Jul-2020,340,PE,0,0,0,2.5,0.05,0,0,0,0,06-JUL-2020,
OPTSTK,HAVELLS,30-Jul-2020,360,PE,0,0,0,4,0.05,0,0,0,0,06-JUL-2020,
OPTSTK,HAVELLS,30-Jul-2020,370,PE,0,0,0,4,0.05,0,0,0,0,06-JUL-2020,
OPTSTK,HAVELLS,30-Jul-2020,380,PE,0,0,0,6.05,0.05,0,0,0,0,06-JUL-2020,
OPTSTK,HAVELLS,30-Jul-2020,390,PE,0,0,0,6.6,0.05,0,0,0,0,06-JUL-2020,
OPTSTK,HAVELLS,30-Jul-2020,400,PE,0,0,0,8.8,0.05,0,0,0,0,06-JUL-2020,
OPTSTK,HAVELLS,30-Jul-2020,410,PE,0,0,0,10.25,0.05,0,0,0,0,06-JUL-2020,
OPTSTK,HAVELLS,30-Jul-2020,420,PE,0,0,0,12.3,0.05,0,0,0,0,06-JUL-2020,
OPTSTK,HAVELLS,30-Jul-2020,430,PE,0,0,0,15.2,0.05,0,0,0,0,06-JUL-2020,
OPTSTK,HAVELLS,30-Jul-2020,440,PE,0,0,0,1.8,0.05,0,0,1000,0,06-JUL-2020,
OPTSTK,HAVELLS,30-Jul-2020,450,PE,0,0,0,21.4,0.05,0,0,0,0,06-JUL-2020,
OPTSTK,HAVELLS,30-Jul-2020,460,PE,0,0,0,21.95,0.05,0,0,0,0,06-JUL-2020,
OPTSTK,HAVELLS,30-Jul-2020,470,PE,0,0,0,29.1,0.15,0,0,0,0,06-JUL-2020,
OPTSTK,HAVELLS,30-Jul-2020,480,PE,0,0,0,6.3,0.25,0,0,3000,0,06-JUL-2020,
OPTSTK,HAVELLS,30-Jul-2020,490,PE,0,0,0,38.25,0.45,0,0,0,0,06-JUL-2020,
OPTSTK,HAVELLS,30-Jul-2020,500,PE,2.1,2.45,1.6,2.3,0.85,15,75.29,91000,0,06-JUL-2020,
OPTSTK,HAVELLS,30-Jul-2020,510,PE,3.1,3.1,3.1,3.1,1.45,4,20.52,23000,4000,06-JUL-2020,
OPTSTK,HAVELLS,30-Jul-2020,520,PE,4.5,4.5,4.5,4.5,2.3,2,10.49,14000,-2000,06-JUL-2020,
OPTSTK,HAVELLS,30-Jul-2020,530,PE,5.5,5.75,5.5,5.75,3.6,3,16.07,37000,3000,06-JUL-2020,
OPTSTK,HAVELLS,30-Jul-2020,540,PE,8,8.4,6.65,7.8,7.8,42,229.96,43000,-3000,06-JUL-2020,
OPTSTK,HAVELLS,30-Jul-2020,550,PE,11,11.25,9,10.55,10.55,30,167.92,33000,-3000,06-JUL-2020,
OPTSTK,HAVELLS,30-Jul-2020,560,PE,14.5,14.5,11.9,13.25,13.25,47,269.22,74000,13000,06-JUL-2020,
OPTSTK,HAVELLS,30-Jul-2020,570,PE,18,18.45,15.35,17,17,34,199.51,44000,4000,06-JUL-2020,
OPTSTK,HAVELLS,30-Jul-2020,580,PE,23.5,23.5,19.25,21.6,21.6,112,673.19,95000,10000,06-JUL-2020,
OPTSTK,HAVELLS,30-Jul-2020,590,PE,27.25,27.25,25.7,25.7,25.7,3,18.49,7000,-1000,06-JUL-2020,
OPTSTK,HAVELLS,30-Jul-2020,600,PE,33.15,33.15,30.6,32.65,32.65,5,31.58,37000,1000,06-JUL-2020,
OPTSTK,HAVELLS,30-Jul-2020,610,PE,0,0,0,46.5,36.55,0,0,3000,0,06-JUL-2020,
OPTSTK,HAVELLS,30-Jul-2020,620,PE,0,0,0,98.55,43.8,0,0,0,0,06-JUL-2020,
OPTSTK,HAVELLS,30-Jul-2020,630,PE,0,0,0,136.05,51.6,0,0,0,0,06-JUL-2020,
OPTSTK,HAVELLS,30-Jul-2020,640,PE,0,0,0,112.05,59.9,0,0,0,0,06-JUL-2020,
OPTSTK,HAVELLS,30-Jul-2020,650,PE,0,0,0,153.45,68.6,0,0,0,0,06-JUL-2020,
OPTSTK,HAVELLS,30-Jul-2020,660,PE,0,0,0,126.2,77.6,0,0,0,0,06-JUL-2020,
OPTSTK,HAVELLS,30-Jul-2020,670,PE,0,0,0,171.35,86.85,0,0,0,0,06-JUL-2020,
OPTSTK,HAVELLS,30-Jul-2020,680,PE,0,0,0,141.05,96.3,0,0,0,0,06-JUL-2020,
OPTSTK,HAVELLS,30-Jul-2020,690,PE,0,0,0,189.65,105.95,0,0,0,0,06-JUL-2020,
OPTSTK,HAVELLS,30-Jul-2020,700,PE,0,0,0,156.45,115.65,0,0,0,0,06-JUL-2020,
OPTSTK,HAVELLS,30-Jul-2020,710,PE,0,0,0,173.5,125.45,0,0,0,0,06-JUL-2020,
OPTSTK,HAVELLS,30-Jul-2020,720,PE,0,0,0,172.4,135.3,0,0,0,0,06-JUL-2020,
OPTSTK,HAVELLS,30-Jul-2020,730,PE,0,0,0,191.45,145.2,0,0,0,0,06-JUL-2020,
OPTSTK,HAVELLS,30-Jul-2020,740,PE,0,0,0,188.8,155.1,0,0,0,0,06-JUL-2020,
OPTSTK,HAVELLS,27-Aug-2020,340,CE,0,0,0,167.6,244.95,0,0,0,0,06-JUL-2020,
OPTSTK,HAVELLS,27-Aug-2020,350,CE,0,0,0,158.75,235,0,0,0,0,06-JUL-2020,
OPTSTK,HAVELLS,27-Aug-2020,360,CE,0,0,0,150.1,225.05,0,0,0,0,06-JUL-2020,
OPTSTK,HAVELLS,27-Aug-2020,370,CE,0,0,0,141.7,215.15,0,0,0,0,06-JUL-2020,
OPTSTK,HAVELLS,27-Aug-2020,380,CE,0,0,0,133.5,205.2,0,0,0,0,06-JUL-2020,
OPTSTK,HAVELLS,27-Aug-2020,390,CE,0,0,0,125.55,195.25,0,0,0,0,06-JUL-2020,
OPTSTK,HAVELLS,27-Aug-2020,400,CE,0,0,0,117.85,185.35,0,0,0,0,06-JUL-2020,
OPTSTK,HAVELLS,27-Aug-2020,410,CE,0,0,0,110.45,175.45,0,0,0,0,06-JUL-2020,
OPTSTK,HAVELLS,27-Aug-2020,420,CE,0,0,0,103.35,165.55,0,0,0,0,06-JUL-2020,
OPTSTK,HAVELLS,27-Aug-2020,430,CE,0,0,0,96.5,155.7,0,0,0,0,06-JUL-2020,
OPTSTK,HAVELLS,27-Aug-2020,440,CE,0,0,0,89.95,145.95,0,0,0,0,06-JUL-2020,
OPTSTK,HAVELLS,27-Aug-2020,450,CE,0,0,0,83.75,136.2,0,0,0,0,06-JUL-2020,
OPTSTK,HAVELLS,27-Aug-2020,460,CE,0,0,0,77.85,126.6,0,0,0,0,06-JUL-2020,
OPTSTK,HAVELLS,27-Aug-2020,470,CE,0,0,0,72.25,117.15,0,0,0,0,06-JUL-2020,
OPTSTK,HAVELLS,27-Aug-2020,480,CE,0,0,0,66.95,107.85,0,0,0,0,06-JUL-2020,
OPTSTK,HAVELLS,27-Aug-2020,490,CE,0,0,0,61.95,98.75,0,0,0,0,06-JUL-2020,
OPTSTK,HAVELLS,27-Aug-2020,500,CE,0,0,0,57.2,89.95,0,0,0,0,06-JUL-2020,
OPTSTK,HAVELLS,27-Aug-2020,510,CE,0,0,0,52.8,81.5,0,0,0,0,06-JUL-2020,
OPTSTK,HAVELLS,27-Aug-2020,520,CE,0,0,0,48.65,73.35,0,0,0,0,06-JUL-2020,
OPTSTK,HAVELLS,27-Aug-2020,530,CE,0,0,0,44.75,65.65,0,0,0,0,06-JUL-2020,
OPTSTK,HAVELLS,27-Aug-2020,540,CE,0,0,0,41.15,58.35,0,0,0,0,06-JUL-2020,
OPTSTK,HAVELLS,27-Aug-2020,550,CE,0,0,0,37.75,51.55,0,0,0,0,06-JUL-2020,
OPTSTK,HAVELLS,27-Aug-2020,560,CE,0,0,0,34.65,45.2,0,0,0,0,06-JUL-2020,
OPTSTK,HAVELLS,27-Aug-2020,570,CE,0,0,0,31.75,39.4,0,0,0,0,06-JUL-2020,
OPTSTK,HAVELLS,27-Aug-2020,580,CE,0,0,0,41.15,34.1,0,0,1000,0,06-JUL-2020,
OPTSTK,HAVELLS,27-Aug-2020,590,CE,0,0,0,28.05,29.35,0,0,1000,0,06-JUL-2020,
OPTSTK,HAVELLS,27-Aug-2020,600,CE,0,0,0,24.25,25.05,0,0,0,0,06-JUL-2020,
OPTSTK,HAVELLS,27-Aug-2020,610,CE,0,0,0,22.15,21.25,0,0,0,0,06-JUL-2020,
OPTSTK,HAVELLS,27-Aug-2020,620,CE,0,0,0,20.2,17.9,0,0,0,0,06-JUL-2020,
OPTSTK,HAVELLS,27-Aug-2020,630,CE,0,0,0,18.4,15,0,0,0,0,06-JUL-2020,
OPTSTK,HAVELLS,27-Aug-2020,640,CE,0,0,0,16.75,12.5,0,0,0,0,06-JUL-2020,
OPTSTK,HAVELLS,27-Aug-2020,650,CE,0,0,0,15.2,10.3,0,0,0,0,06-JUL-2020,
OPTSTK,HAVELLS,27-Aug-2020,660,CE,0,0,0,13.8,8.5,0,0,0,0,06-JUL-2020,
OPTSTK,HAVELLS,27-Aug-2020,670,CE,0,0,0,12.55,6.9,0,0,0,0,06-JUL-2020,
OPTSTK,HAVELLS,27-Aug-2020,680,CE,0,0,0,11.4,5.6,0,0,0,0,06-JUL-2020,
OPTSTK,HAVELLS,27-Aug-2020,690,CE,0,0,0,10.35,4.55,0,0,0,0,06-JUL-2020,
OPTSTK,HAVELLS,27-Aug-2020,700,CE,0,0,0,9.35,3.65,0,0,0,0,06-JUL-2020,
OPTSTK,HAVELLS,27-Aug-2020,340,PE,0,0,0,3.7,0.05,0,0,0,0,06-JUL-2020,
OPTSTK,HAVELLS,27-Aug-2020,350,PE,0,0,0,4.75,0.05,0,0,0,0,06-JUL-2020,
OPTSTK,HAVELLS,27-Aug-2020,360,PE,0,0,0,6,0.05,0,0,0,0,06-JUL-2020,
OPTSTK,HAVELLS,27-Aug-2020,370,PE,0,0,0,7.45,0.05,0,0,0,0,06-JUL-2020,
OPTSTK,HAVELLS,27-Aug-2020,380,PE,0,0,0,9.1,0.05,0,0,0,0,06-JUL-2020,
OPTSTK,HAVELLS,27-Aug-2020,390,PE,0,0,0,11.05,0.05,0,0,0,0,06-JUL-2020,
OPTSTK,HAVELLS,27-Aug-2020,400,PE,0,0,0,13.25,0.05,0,0,0,0,06-JUL-2020,
OPTSTK,HAVELLS,27-Aug-2020,410,PE,0,0,0,15.75,0.05,0,0,0,0,06-JUL-2020,
OPTSTK,HAVELLS,27-Aug-2020,420,PE,0,0,0,18.5,0.15,0,0,0,0,06-JUL-2020,
OPTSTK,HAVELLS,27-Aug-2020,430,PE,0,0,0,21.55,0.2,0,0,0,0,06-JUL-2020,
OPTSTK,HAVELLS,27-Aug-2020,440,PE,0,0,0,24.9,0.35,0,0,0,0,06-JUL-2020,
OPTSTK,HAVELLS,27-Aug-2020,450,PE,0,0,0,28.55,0.6,0,0,0,0,06-JUL-2020,
OPTSTK,HAVELLS,27-Aug-2020,460,PE,0,0,0,32.5,0.95,0,0,0,0,06-JUL-2020,
OPTSTK,HAVELLS,27-Aug-2020,470,PE,0,0,0,36.8,1.4,0,0,0,0,06-JUL-2020,
OPTSTK,HAVELLS,27-Aug-2020,480,PE,0,0,0,41.35,2.05,0,0,0,0,06-JUL-2020,
OPTSTK,HAVELLS,27-Aug-2020,490,PE,0,0,0,46.25,2.9,0,0,0,0,06-JUL-2020,
OPTSTK,HAVELLS,27-Aug-2020,500,PE,0,0,0,51.4,4.05,0,0,0,0,06-JUL-2020,
OPTSTK,HAVELLS,27-Aug-2020,510,PE,0,0,0,56.85,5.5,0,0,0,0,06-JUL-2020,
OPTSTK,HAVELLS,27-Aug-2020,520,PE,0,0,0,62.6,7.3,0,0,0,0,06-JUL-2020,
OPTSTK,HAVELLS,27-Aug-2020,530,PE,0,0,0,68.6,9.55,0,0,0,0,06-JUL-2020,
OPTSTK,HAVELLS,27-Aug-2020,540,PE,0,0,0,74.85,12.2,0,0,0,0,06-JUL-2020,
OPTSTK,HAVELLS,27-Aug-2020,550,PE,0,0,0,81.35,15.3,0,0,0,0,06-JUL-2020,
OPTSTK,HAVELLS,27-Aug-2020,560,PE,0,0,0,88.1,18.95,0,0,0,0,06-JUL-2020,
OPTSTK,HAVELLS,27-Aug-2020,570,PE,0,0,0,95.05,23.05,0,0,0,0,06-JUL-2020,
OPTSTK,HAVELLS,27-Aug-2020,580,PE,0,0,0,102.25,27.7,0,0,0,0,06-JUL-2020,
OPTSTK,HAVELLS,27-Aug-2020,590,PE,0,0,0,109.65,32.9,0,0,0,0,06-JUL-2020,
OPTSTK,HAVELLS,27-Aug-2020,600,PE,0,0,0,117.25,38.55,0,0,0,0,06-JUL-2020,
OPTSTK,HAVELLS,27-Aug-2020,610,PE,0,0,0,125,44.7,0,0,0,0,06-JUL-2020,
OPTSTK,HAVELLS,27-Aug-2020,620,PE,0,0,0,132.9,51.3,0,0,0,0,06-JUL-2020,
OPTSTK,HAVELLS,27-Aug-2020,630,PE,0,0,0,141,58.3,0,0,0,0,06-JUL-2020,
OPTSTK,HAVELLS,27-Aug-2020,640,PE,0,0,0,149.2,65.7,0,0,0,0,06-JUL-2020,
OPTSTK,HAVELLS,27-Aug-2020,650,PE,0,0,0,157.55,73.5,0,0,0,0,06-JUL-2020,
OPTSTK,HAVELLS,27-Aug-2020,660,PE,0,0,0,166.05,81.6,0,0,0,0,06-JUL-2020,
OPTSTK,HAVELLS,27-Aug-2020,670,PE,0,0,0,174.65,90,0,0,0,0,06-JUL-2020,
OPTSTK,HAVELLS,27-Aug-2020,680,PE,0,0,0,183.4,98.6,0,0,0,0,06-JUL-2020,
OPTSTK,HAVELLS,27-Aug-2020,690,PE,0,0,0,192.2,107.45,0,0,0,0,06-JUL-2020,
OPTSTK,HAVELLS,27-Aug-2020,700,PE,0,0,0,201.1,116.5,0,0,0,0,06-JUL-2020,
OPTSTK,HAVELLS,24-Sep-2020,360,CE,0,0,0,224.35,226.25,0,0,0,0,06-JUL-2020,
OPTSTK,HAVELLS,24-Sep-2020,370,CE,0,0,0,214.75,216.4,0,0,0,0,06-JUL-2020,
OPTSTK,HAVELLS,24-Sep-2020,380,CE,0,0,0,205.25,206.5,0,0,0,0,06-JUL-2020,
OPTSTK,HAVELLS,24-Sep-2020,390,CE,0,0,0,195.85,196.7,0,0,0,0,06-JUL-2020,
OPTSTK,HAVELLS,24-Sep-2020,400,CE,0,0,0,186.6,186.85,0,0,0,0,06-JUL-2020,
OPTSTK,HAVELLS,24-Sep-2020,410,CE,0,0,0,177.45,177.1,0,0,0,0,06-JUL-2020,
OPTSTK,HAVELLS,24-Sep-2020,420,CE,0,0,0,168.45,167.4,0,0,0,0,06-JUL-2020,
OPTSTK,HAVELLS,24-Sep-2020,430,CE,0,0,0,159.6,157.8,0,0,0,0,06-JUL-2020,
OPTSTK,HAVELLS,24-Sep-2020,440,CE,0,0,0,151,148.3,0,0,0,0,06-JUL-2020,
OPTSTK,HAVELLS,24-Sep-2020,450,CE,0,0,0,142.55,138.95,0,0,0,0,06-JUL-2020,
OPTSTK,HAVELLS,24-Sep-2020,460,CE,0,0,0,134.35,129.75,0,0,0,0,06-JUL-2020,
OPTSTK,HAVELLS,24-Sep-2020,470,CE,0,0,0,126.4,120.7,0,0,0,0,06-JUL-2020,
OPTSTK,HAVELLS,24-Sep-2020,480,CE,0,0,0,118.7,111.9,0,0,0,0,06-JUL-2020,
OPTSTK,HAVELLS,24-Sep-2020,490,CE,0,0,0,111.25,103.4,0,0,0,0,06-JUL-2020,
OPTSTK,HAVELLS,24-Sep-2020,500,CE,0,0,0,104.1,95.15,0,0,0,0,06-JUL-2020,
OPTSTK,HAVELLS,24-Sep-2020,510,CE,0,0,0,97.2,87.25,0,0,0,0,06-JUL-2020,
OPTSTK,HAVELLS,24-Sep-2020,520,CE,0,0,0,90.6,79.65,0,0,0,0,06-JUL-2020,
OPTSTK,HAVELLS,24-Sep-2020,530,CE,0,0,0,84.3,72.45,0,0,0,0,06-JUL-2020,
OPTSTK,HAVELLS,24-Sep-2020,540,CE,0,0,0,78.3,65.6,0,0,0,0,06-JUL-2020,
OPTSTK,HAVELLS,24-Sep-2020,550,CE,0,0,0,72.65,59.2,0,0,0,0,06-JUL-2020,
OPTSTK,HAVELLS,24-Sep-2020,560,CE,0,0,0,67.25,53.2,0,0,0,0,06-JUL-2020,
OPTSTK,HAVELLS,24-Sep-2020,570,CE,0,0,0,62.15,47.6,0,0,0,0,06-JUL-2020,
OPTSTK,HAVELLS,24-Sep-2020,580,CE,0,0,0,57.35,42.4,0,0,0,0,06-JUL-2020,
OPTSTK,HAVELLS,24-Sep-2020,590,CE,0,0,0,52.85,37.65,0,0,0,0,06-JUL-2020,
OPTSTK,HAVELLS,24-Sep-2020,600,CE,0,0,0,48.6,33.3,0,0,0,0,06-JUL-2020,
OPTSTK,HAVELLS,24-Sep-2020,610,CE,0,0,0,44.65,29.35,0,0,0,0,06-JUL-2020,
OPTSTK,HAVELLS,24-Sep-2020,620,CE,0,0,0,40.95,25.75,0,0,0,0,06-JUL-2020,
OPTSTK,HAVELLS,24-Sep-2020,630,CE,0,0,0,37.5,22.5,0,0,0,0,06-JUL-2020,
OPTSTK,HAVELLS,24-Sep-2020,640,CE,0,0,0,34.3,19.6,0,0,0,0,06-JUL-2020,
OPTSTK,HAVELLS,24-Sep-2020,650,CE,0,0,0,31.35,17,0,0,0,0,06-JUL-2020,
OPTSTK,HAVELLS,24-Sep-2020,660,CE,0,0,0,28.6,14.7,0,0,0,0,06-JUL-2020,
OPTSTK,HAVELLS,24-Sep-2020,670,CE,0,0,0,26.05,12.65,0,0,0,0,06-JUL-2020,
OPTSTK,HAVELLS,24-Sep-2020,680,CE,0,0,0,23.7,10.85,0,0,0,0,06-JUL-2020,
OPTSTK,HAVELLS,24-Sep-2020,690,CE,0,0,0,21.55,9.3,0,0,0,0,06-JUL-2020,
OPTSTK,HAVELLS,24-Sep-2020,700,CE,0,0,0,19.6,7.95,0,0,0,0,06-JUL-2020,
OPTSTK,HAVELLS,24-Sep-2020,360,PE,0,0,0,0.8,0.05,0,0,0,0,06-JUL-2020,
OPTSTK,HAVELLS,24-Sep-2020,370,PE,0,0,0,1.1,0.05,0,0,0,0,06-JUL-2020,
OPTSTK,HAVELLS,24-Sep-2020,380,PE,0,0,0,1.45,0.1,0,0,0,0,06-JUL-2020,
OPTSTK,HAVELLS,24-Sep-2020,390,PE,0,0,0,1.95,0.15,0,0,0,0,06-JUL-2020,
OPTSTK,HAVELLS,24-Sep-2020,400,PE,0,0,0,2.55,0.25,0,0,0,0,06-JUL-2020,
OPTSTK,HAVELLS,24-Sep-2020,410,PE,0,0,0,3.3,0.4,0,0,0,0,06-JUL-2020,
OPTSTK,HAVELLS,24-Sep-2020,420,PE,0,0,0,4.15,0.6,0,0,0,0,06-JUL-2020,
OPTSTK,HAVELLS,24-Sep-2020,430,PE,0,0,0,5.25,0.9,0,0,0,0,06-JUL-2020,
OPTSTK,HAVELLS,24-Sep-2020,440,PE,0,0,0,6.5,1.3,0,0,0,0,06-JUL-2020,
OPTSTK,HAVELLS,24-Sep-2020,450,PE,0,0,0,7.95,1.85,0,0,0,0,06-JUL-2020,
OPTSTK,HAVELLS,24-Sep-2020,460,PE,0,0,0,9.6,2.55,0,0,0,0,06-JUL-2020,
OPTSTK,HAVELLS,24-Sep-2020,470,PE,0,0,0,11.55,3.45,0,0,0,0,06-JUL-2020,
OPTSTK,HAVELLS,24-Sep-2020,480,PE,0,0,0,13.7,4.55,0,0,0,0,06-JUL-2020,
OPTSTK,HAVELLS,24-Sep-2020,490,PE,0,0,0,16.2,5.95,0,0,0,0,06-JUL-2020,
OPTSTK,HAVELLS,24-Sep-2020,500,PE,0,0,0,18.9,7.6,0,0,0,0,06-JUL-2020,
OPTSTK,HAVELLS,24-Sep-2020,510,PE,0,0,0,21.9,9.6,0,0,0,0,06-JUL-2020,
OPTSTK,HAVELLS,24-Sep-2020,520,PE,0,0,0,25.15,11.95,0,0,0,0,06-JUL-2020,
OPTSTK,HAVELLS,24-Sep-2020,530,PE,0,0,0,28.75,14.65,0,0,0,0,06-JUL-2020,
OPTSTK,HAVELLS,24-Sep-2020,540,PE,0,0,0,32.65,17.7,0,0,0,0,06-JUL-2020,
OPTSTK,HAVELLS,24-Sep-2020,550,PE,0,0,0,36.85,21.2,0,0,0,0,06-JUL-2020,
OPTSTK,HAVELLS,24-Sep-2020,560,PE,0,0,0,41.35,25.1,0,0,0,0,06-JUL-2020,
OPTSTK,HAVELLS,24-Sep-2020,570,PE,0,0,0,46.15,29.4,0,0,0,0,06-JUL-2020,
OPTSTK,HAVELLS,24-Sep-2020,580,PE,0,0,0,51.2,34.15,0,0,0,0,06-JUL-2020,
OPTSTK,HAVELLS,24-Sep-2020,590,PE,0,0,0,56.6,39.3,0,0,0,0,06-JUL-2020,
OPTSTK,HAVELLS,24-Sep-2020,600,PE,0,0,0,62.25,44.85,0,0,0,0,06-JUL-2020,
OPTSTK,HAVELLS,24-Sep-2020,610,PE,0,0,0,68.15,50.75,0,0,0,0,06-JUL-2020,
OPTSTK,HAVELLS,24-Sep-2020,620,PE,0,0,0,74.35,57.1,0,0,0,0,06-JUL-2020,
OPTSTK,HAVELLS,24-Sep-2020,630,PE,0,0,0,80.8,63.75,0,0,0,0,06-JUL-2020,
OPTSTK,HAVELLS,24-Sep-2020,640,PE,0,0,0,87.5,70.75,0,0,0,0,06-JUL-2020,
OPTSTK,HAVELLS,24-Sep-2020,650,PE,0,0,0,94.4,78.05,0,0,0,0,06-JUL-2020,
OPTSTK,HAVELLS,24-Sep-2020,660,PE,0,0,0,101.5,85.65,0,0,0,0,06-JUL-2020,
OPTSTK,HAVELLS,24-Sep-2020,670,PE,0,0,0,108.9,93.55,0,0,0,0,06-JUL-2020,
OPTSTK,HAVELLS,24-Sep-2020,680,PE,0,0,0,116.45,101.65,0,0,0,0,06-JUL-2020,
OPTSTK,HAVELLS,24-Sep-2020,690,PE,0,0,0,124.15,110,0,0,0,0,06-JUL-2020,
OPTSTK,HAVELLS,24-Sep-2020,700,PE,0,0,0,132.05,118.55,0,0,0,0,06-JUL-2020,
OPTSTK,HCLTECH,30-Jul-2020,340,CE,0,0,0,218.5,239.65,0,0,0,0,06-JUL-2020,
OPTSTK,HCLTECH,30-Jul-2020,350,CE,0,0,0,210.4,229.7,0,0,0,0,06-JUL-2020,
OPTSTK,HCLTECH,30-Jul-2020,360,CE,0,0,0,202.5,219.7,0,0,0,0,06-JUL-2020,
OPTSTK,HCLTECH,30-Jul-2020,370,CE,0,0,0,194.75,209.75,0,0,0,0,06-JUL-2020,
OPTSTK,HCLTECH,30-Jul-2020,380,CE,0,0,0,187.2,199.75,0,0,0,0,06-JUL-2020,
OPTSTK,HCLTECH,30-Jul-2020,390,CE,0,0,0,179.9,189.8,0,0,0,0,06-JUL-2020,
OPTSTK,HCLTECH,30-Jul-2020,400,CE,0,0,0,172.75,179.8,0,0,0,0,06-JUL-2020,
OPTSTK,HCLTECH,30-Jul-2020,410,CE,0,0,0,165.8,169.85,0,0,0,0,06-JUL-2020,
OPTSTK,HCLTECH,30-Jul-2020,420,CE,0,0,0,159.05,159.85,0,0,0,0,06-JUL-2020,
OPTSTK,HCLTECH,30-Jul-2020,430,CE,0,0,0,152.5,149.9,0,0,0,0,06-JUL-2020,
OPTSTK,HCLTECH,30-Jul-2020,440,CE,0,0,0,146.2,139.95,0,0,0,0,06-JUL-2020,
OPTSTK,HCLTECH,30-Jul-2020,450,CE,0,0,0,140.05,129.95,0,0,0,0,06-JUL-2020,
OPTSTK,HCLTECH,30-Jul-2020,460,CE,0,0,0,134.1,120,0,0,0,0,06-JUL-2020,
OPTSTK,HCLTECH,30-Jul-2020,470,CE,0,0,0,128.4,110.1,0,0,0,0,06-JUL-2020,
OPTSTK,HCLTECH,30-Jul-2020,480,CE,0,0,0,87.75,100.25,0,0,2800,0,06-JUL-2020,
OPTSTK,HCLTECH,30-Jul-2020,490,CE,0,0,0,78.35,90.45,0,0,8400,0,06-JUL-2020,
OPTSTK,HCLTECH,30-Jul-2020,500,CE,0,0,0,71.45,80.8,0,0,7000,0,06-JUL-2020,
OPTSTK,HCLTECH,30-Jul-2020,510,CE,0,0,0,56.7,71.4,0,0,5600,0,06-JUL-2020,
OPTSTK,HCLTECH,30-Jul-2020,520,CE,0,0,0,50.85,62.25,0,0,2800,0,06-JUL-2020,
OPTSTK,HCLTECH,30-Jul-2020,530,CE,0,0,0,40.1,53.55,0,0,4200,0,06-JUL-2020,
OPTSTK,HCLTECH,30-Jul-2020,540,CE,48.45,48.8,44.4,44.4,44.4,3,24.66,35000,0,06-JUL-2020,
OPTSTK,HCLTECH,30-Jul-2020,550,CE,36.6,42,36.55,36.55,36.55,13,107.26,32200,-5600,06-JUL-2020,
OPTSTK,HCLTECH,30-Jul-2020,560,CE,32,35,29,29.45,29.45,44,364.65,86800,-9800,06-JUL-2020,
OPTSTK,HCLTECH,30-Jul-2020,570,CE,24.95,28.4,23.05,23.8,23.8,80,667.41,103600,-25200,06-JUL-2020,
OPTSTK,HCLTECH,30-Jul-2020,580,CE,19.75,22.25,17.3,18.75,18.75,710,5958.59,175000,-72800,06-JUL-2020,
OPTSTK,HCLTECH,30-Jul-2020,590,CE,14.35,17.35,12.95,14,14,331,2806.48,112000,26600,06-JUL-2020,
OPTSTK,HCLTECH,30-Jul-2020,600,CE,11,13.15,9.6,10.6,10.6,1038,8880.42,526400,-26600,06-JUL-2020,
OPTSTK,HCLTECH,30-Jul-2020,610,CE,7.8,9.8,7.4,7.65,7.65,60,519.41,56000,18200,06-JUL-2020,
OPTSTK,HCLTECH,30-Jul-2020,620,CE,5.85,7.1,5.4,5.55,5.55,130,1139.67,172200,12600,06-JUL-2020,
OPTSTK,HCLTECH,30-Jul-2020,630,CE,7.95,7.95,3.9,3.9,4.5,5,44.46,14000,2800,06-JUL-2020,
OPTSTK,HCLTECH,30-Jul-2020,640,CE,2.5,2.7,2.5,2.6,2.6,2,17.99,8400,0,06-JUL-2020,
OPTSTK,HCLTECH,30-Jul-2020,650,CE,1.9,2.65,1.9,2.05,2.05,43,392.7,107800,26600,06-JUL-2020,
OPTSTK,HCLTECH,30-Jul-2020,660,CE,1.4,1.4,1.4,1.4,1.4,2,18.51,28000,0,06-JUL-2020,
OPTSTK,HCLTECH,30-Jul-2020,670,CE,0,0,0,1.1,0.95,0,0,18200,0,06-JUL-2020,
OPTSTK,HCLTECH,30-Jul-2020,680,CE,1.4,1.4,1.3,1.3,0.65,2,19.07,25200,1400,06-JUL-2020,
OPTSTK,HCLTECH,30-Jul-2020,690,CE,0,0,0,1.4,0.4,0,0,2800,0,06-JUL-2020,
OPTSTK,HCLTECH,30-Jul-2020,700,CE,0,0,0,43.9,0.25,0,0,0,0,06-JUL-2020,
OPTSTK,HCLTECH,30-Jul-2020,340,PE,0,0,0,10.65,0.05,0,0,0,0,06-JUL-2020,
OPTSTK,HCLTECH,30-Jul-2020,350,PE,0,0,0,12.4,0.05,0,0,0,0,06-JUL-2020,
OPTSTK,HCLTECH,30-Jul-2020,360,PE,0,0,0,14.35,0.05,0,0,0,0,06-JUL-2020,
OPTSTK,HCLTECH,30-Jul-2020,370,PE,0,0,0,16.5,0.05,0,0,0,0,06-JUL-2020,
OPTSTK,HCLTECH,30-Jul-2020,380,PE,0,0,0,1,0.05,0,0,2800,0,06-JUL-2020,
OPTSTK,HCLTECH,30-Jul-2020,390,PE,0,0,0,21.4,0.05,0,0,0,0,06-JUL-2020,
OPTSTK,HCLTECH,30-Jul-2020,400,PE,0,0,0,0.25,0.05,0,0,2800,0,06-JUL-2020,
OPTSTK,HCLTECH,30-Jul-2020,410,PE,0,0,0,0.25,0.05,0,0,1400,0,06-JUL-2020,
OPTSTK,HCLTECH,30-Jul-2020,420,PE,0,0,0,30.2,0.05,0,0,0,0,06-JUL-2020,
OPTSTK,HCLTECH,30-Jul-2020,430,PE,0,0,0,2.5,0.05,0,0,2800,0,06-JUL-2020,
OPTSTK,HCLTECH,30-Jul-2020,440,PE,0,0,0,37.05,0.05,0,0,0,0,06-JUL-2020,
OPTSTK,HCLTECH,30-Jul-2020,450,PE,0,0,0,1.4,0.05,0,0,4200,0,06-JUL-2020,
OPTSTK,HCLTECH,30-Jul-2020,460,PE,0,0,0,44.75,0.05,0,0,0,0,06-JUL-2020,
OPTSTK,HCLTECH,30-Jul-2020,470,PE,0,0,0,48.9,0.1,0,0,0,0,06-JUL-2020,
OPTSTK,HCLTECH,30-Jul-2020,480,PE,0,0,0,3,0.2,0,0,1400,0,06-JUL-2020,
OPTSTK,HCLTECH,30-Jul-2020,490,PE,0,0,0,3.3,0.4,0,0,1400,0,06-JUL-2020,
OPTSTK,HCLTECH,30-Jul-2020,500,PE,1.75,1.85,1.6,1.85,1.85,39,273.93,100800,-19600,06-JUL-2020,
OPTSTK,HCLTECH,30-Jul-2020,510,PE,2.85,2.85,2.85,2.85,1.25,1,7.17,30800,-1400,06-JUL-2020,
OPTSTK,HCLTECH,30-Jul-2020,520,PE,3.7,3.7,2.8,3.65,3.65,5,36.62,116200,-1400,06-JUL-2020,
OPTSTK,HCLTECH,30-Jul-2020,530,PE,5,5.4,3.85,4.7,4.7,49,366.57,116200,9800,06-JUL-2020,
OPTSTK,HCLTECH,30-Jul-2020,540,PE,6.65,6.65,5.35,6.45,6.45,31,236.98,117600,-4200,06-JUL-2020,
OPTSTK,HCLTECH,30-Jul-2020,550,PE,8,10.15,7.4,8.8,8.8,133,1040.29,114800,19600,06-JUL-2020,
OPTSTK,HCLTECH,30-Jul-2020,560,PE,10.2,12.95,9.65,11.4,11.4,482,3854.45,99400,0,06-JUL-2020,
OPTSTK,HCLTECH,30-Jul-2020,570,PE,13.55,16.15,12.7,15.7,15.7,68,556.37,79800,-7000,06-JUL-2020,
OPTSTK,HCLTECH,30-Jul-2020,580,PE,18.15,22,16.75,20,20,75,628.7,54600,-4200,06-JUL-2020,
OPTSTK,HCLTECH,30-Jul-2020,590,PE,23.7,25.85,21.65,25.85,25.85,25,214.94,22400,15400,06-JUL-2020,
OPTSTK,HCLTECH,30-Jul-2020,600,PE,31.75,31.75,27.65,30.65,31.2,5,44.11,7000,0,06-JUL-2020,
OPTSTK,HCLTECH,30-Jul-2020,610,PE,0,0,0,126.35,38.2,0,0,0,0,06-JUL-2020,
OPTSTK,HCLTECH,30-Jul-2020,620,PE,0,0,0,133.05,45.85,0,0,0,0,06-JUL-2020,
OPTSTK,HCLTECH,30-Jul-2020,630,PE,0,0,0,139.95,54.05,0,0,0,0,06-JUL-2020,
OPTSTK,HCLTECH,30-Jul-2020,640,PE,0,0,0,146.95,62.65,0,0,0,0,06-JUL-2020,
OPTSTK,HCLTECH,30-Jul-2020,650,PE,0,0,0,154.05,71.65,0,0,0,0,06-JUL-2020,
OPTSTK,HCLTECH,30-Jul-2020,660,PE,0,0,0,161.3,80.9,0,0,0,0,06-JUL-2020,
OPTSTK,HCLTECH,30-Jul-2020,670,PE,0,0,0,168.7,90.4,0,0,0,0,06-JUL-2020,
OPTSTK,HCLTECH,30-Jul-2020,680,PE,0,0,0,176.2,100.05,0,0,0,0,06-JUL-2020,
OPTSTK,HCLTECH,30-Jul-2020,690,PE,0,0,0,183.8,109.75,0,0,0,0,06-JUL-2020,
OPTSTK,HCLTECH,30-Jul-2020,700,PE,0,0,0,191.5,119.6,0,0,0,0,06-JUL-2020,
OPTSTK,HCLTECH,27-Aug-2020,340,CE,0,0,0,208.85,240.75,0,0,0,0,06-JUL-2020,
OPTSTK,HCLTECH,27-Aug-2020,350,CE,0,0,0,199.6,230.8,0,0,0,0,06-JUL-2020,
OPTSTK,HCLTECH,27-Aug-2020,360,CE,0,0,0,190.5,220.85,0,0,0,0,06-JUL-2020,
OPTSTK,HCLTECH,27-Aug-2020,370,CE,0,0,0,181.5,210.95,0,0,0,0,06-JUL-2020,
OPTSTK,HCLTECH,27-Aug-2020,380,CE,0,0,0,172.75,201,0,0,0,0,06-JUL-2020,
OPTSTK,HCLTECH,27-Aug-2020,390,CE,0,0,0,164.1,191.05,0,0,0,0,06-JUL-2020,
OPTSTK,HCLTECH,27-Aug-2020,400,CE,0,0,0,155.7,181.15,0,0,0,0,06-JUL-2020,
OPTSTK,HCLTECH,27-Aug-2020,410,CE,0,0,0,147.5,171.2,0,0,0,0,06-JUL-2020,
OPTSTK,HCLTECH,27-Aug-2020,420,CE,0,0,0,139.55,161.3,0,0,0,0,06-JUL-2020,
OPTSTK,HCLTECH,27-Aug-2020,430,CE,0,0,0,131.8,151.45,0,0,0,0,06-JUL-2020,
OPTSTK,HCLTECH,27-Aug-2020,440,CE,0,0,0,124.35,141.6,0,0,0,0,06-JUL-2020,
OPTSTK,HCLTECH,27-Aug-2020,450,CE,0,0,0,117.1,131.85,0,0,0,0,06-JUL-2020,
OPTSTK,HCLTECH,27-Aug-2020,460,CE,0,0,0,110.15,122.2,0,0,0,0,06-JUL-2020,
OPTSTK,HCLTECH,27-Aug-2020,470,CE,0,0,0,103.45,112.65,0,0,0,0,06-JUL-2020,
OPTSTK,HCLTECH,27-Aug-2020,480,CE,0,0,0,97,103.3,0,0,0,0,06-JUL-2020,
OPTSTK,HCLTECH,27-Aug-2020,490,CE,0,0,0,90.9,94.15,0,0,0,0,06-JUL-2020,
OPTSTK,HCLTECH,27-Aug-2020,500,CE,0,0,0,85.05,85.3,0,0,0,0,06-JUL-2020,
OPTSTK,HCLTECH,27-Aug-2020,510,CE,0,0,0,79.45,76.75,0,0,0,0,06-JUL-2020,
OPTSTK,HCLTECH,27-Aug-2020,520,CE,0,0,0,74.15,68.6,0,0,0,0,06-JUL-2020,
OPTSTK,HCLTECH,27-Aug-2020,530,CE,0,0,0,69.1,60.85,0,0,0,0,06-JUL-2020,
OPTSTK,HCLTECH,27-Aug-2020,540,CE,0,0,0,64.35,53.55,0,0,0,0,06-JUL-2020,
OPTSTK,HCLTECH,27-Aug-2020,550,CE,0,0,0,59.85,46.8,0,0,0,0,06-JUL-2020,
OPTSTK,HCLTECH,27-Aug-2020,560,CE,0,0,0,55.6,40.6,0,0,0,0,06-JUL-2020,
OPTSTK,HCLTECH,27-Aug-2020,570,CE,0,0,0,51.6,34.9,0,0,0,0,06-JUL-2020,
OPTSTK,HCLTECH,27-Aug-2020,580,CE,0,0,0,47.85,29.8,0,0,0,0,06-JUL-2020,
OPTSTK,HCLTECH,27-Aug-2020,590,CE,0,0,0,44.3,25.2,0,0,0,0,06-JUL-2020,
OPTSTK,HCLTECH,27-Aug-2020,600,CE,22,23,22,23,21.2,3,26.13,0,-4200,06-JUL-2020,
OPTSTK,HCLTECH,27-Aug-2020,610,CE,0,0,0,37.9,17.65,0,0,0,0,06-JUL-2020,
OPTSTK,HCLTECH,27-Aug-2020,620,CE,0,0,0,35,14.6,0,0,0,0,06-JUL-2020,
OPTSTK,HCLTECH,27-Aug-2020,630,CE,0,0,0,32.3,11.95,0,0,0,0,06-JUL-2020,
OPTSTK,HCLTECH,27-Aug-2020,640,CE,0,0,0,29.8,9.75,0,0,0,0,06-JUL-2020,
OPTSTK,HCLTECH,27-Aug-2020,650,CE,0,0,0,27.5,7.85,0,0,0,0,06-JUL-2020,
OPTSTK,HCLTECH,27-Aug-2020,660,CE,0,0,0,25.3,6.3,0,0,0,0,06-JUL-2020,
OPTSTK,HCLTECH,27-Aug-2020,670,CE,0,0,0,23.3,5,0,0,0,0,06-JUL-2020,
OPTSTK,HCLTECH,27-Aug-2020,680,CE,0,0,0,21.4,3.95,0,0,0,0,06-JUL-2020,
OPTSTK,HCLTECH,27-Aug-2020,690,CE,0,0,0,19.65,3.1,0,0,0,0,06-JUL-2020,
OPTSTK,HCLTECH,27-Aug-2020,700,CE,0,0,0,18.05,2.4,0,0,0,0,06-JUL-2020,
OPTSTK,HCLTECH,27-Aug-2020,340,PE,0,0,0,2.1,0.05,0,0,0,0,06-JUL-2020,
OPTSTK,HCLTECH,27-Aug-2020,350,PE,0,0,0,2.7,0.05,0,0,0,0,06-JUL-2020,
OPTSTK,HCLTECH,27-Aug-2020,360,PE,0,0,0,3.45,0.05,0,0,0,0,06-JUL-2020,
OPTSTK,HCLTECH,27-Aug-2020,370,PE,0,0,0,4.4,0.05,0,0,0,0,06-JUL-2020,
OPTSTK,HCLTECH,27-Aug-2020,380,PE,0,0,0,5.45,0.05,0,0,0,0,06-JUL-2020,
OPTSTK,HCLTECH,27-Aug-2020,390,PE,0,0,0,6.75,0.05,0,0,0,0,06-JUL-2020,
OPTSTK,HCLTECH,27-Aug-2020,400,PE,0,0,0,8.2,0.05,0,0,0,0,06-JUL-2020,
OPTSTK,HCLTECH,27-Aug-2020,410,PE,0,0,0,9.9,0.05,0,0,0,0,06-JUL-2020,
OPTSTK,HCLTECH,27-Aug-2020,420,PE,0,0,0,11.8,0.1,0,0,0,0,06-JUL-2020,
OPTSTK,HCLTECH,27-Aug-2020,430,PE,0,0,0,13.95,0.15,0,0,0,0,06-JUL-2020,
OPTSTK,HCLTECH,27-Aug-2020,440,PE,0,0,0,16.35,0.25,0,0,0,0,06-JUL-2020,
OPTSTK,HCLTECH,27-Aug-2020,450,PE,0,0,0,19,0.45,0,0,0,0,06-JUL-2020,
OPTSTK,HCLTECH,27-Aug-2020,460,PE,0,0,0,21.9,0.7,0,0,0,0,06-JUL-2020,
OPTSTK,HCLTECH,27-Aug-2020,470,PE,0,0,0,25.1,1.15,0,0,0,0,06-JUL-2020,
OPTSTK,HCLTECH,27-Aug-2020,480,PE,0,0,0,28.55,1.7,0,0,0,0,06-JUL-2020,
OPTSTK,HCLTECH,27-Aug-2020,490,PE,0,0,0,32.3,2.5,0,0,0,0,06-JUL-2020,
OPTSTK,HCLTECH,27-Aug-2020,500,PE,0,0,0,36.3,3.55,0,0,0,0,06-JUL-2020,
OPTSTK,HCLTECH,27-Aug-2020,510,PE,0,0,0,40.6,4.95,0,0,0,0,06-JUL-2020,
OPTSTK,HCLTECH,27-Aug-2020,520,PE,0,0,0,10.45,6.75,0,0,5600,0,06-JUL-2020,
OPTSTK,HCLTECH,27-Aug-2020,530,PE,0,0,0,12.9,8.95,0,0,7000,0,06-JUL-2020,
OPTSTK,HCLTECH,27-Aug-2020,540,PE,0,0,0,55.15,11.6,0,0,0,0,06-JUL-2020,
OPTSTK,HCLTECH,27-Aug-2020,550,PE,0,0,0,60.55,14.8,0,0,0,0,06-JUL-2020,
OPTSTK,HCLTECH,27-Aug-2020,560,PE,0,0,0,66.15,18.5,0,0,0,0,06-JUL-2020,
OPTSTK,HCLTECH,27-Aug-2020,570,PE,0,0,0,72.05,22.75,0,0,0,0,06-JUL-2020,
OPTSTK,HCLTECH,27-Aug-2020,580,PE,0,0,0,78.15,27.6,0,0,0,0,06-JUL-2020,
OPTSTK,HCLTECH,27-Aug-2020,590,PE,0,0,0,84.5,32.95,0,0,0,0,06-JUL-2020,
OPTSTK,HCLTECH,27-Aug-2020,600,PE,0,0,0,91.05,38.85,0,0,0,0,06-JUL-2020,
OPTSTK,HCLTECH,27-Aug-2020,610,PE,0,0,0,97.85,45.25,0,0,0,0,06-JUL-2020,
OPTSTK,HCLTECH,27-Aug-2020,620,PE,0,0,0,104.85,52.15,0,0,0,0,06-JUL-2020,
OPTSTK,HCLTECH,27-Aug-2020,630,PE,0,0,0,112,59.45,0,0,0,0,06-JUL-2020,
OPTSTK,HCLTECH,27-Aug-2020,640,PE,0,0,0,119.4,67.15,0,0,0,0,06-JUL-2020,
OPTSTK,HCLTECH,27-Aug-2020,650,PE,0,0,0,126.95,75.25,0,0,0,0,06-JUL-2020,
OPTSTK,HCLTECH,27-Aug-2020,660,PE,0,0,0,134.65,83.6,0,0,0,0,06-JUL-2020,
OPTSTK,HCLTECH,27-Aug-2020,670,PE,0,0,0,142.5,92.25,0,0,0,0,06-JUL-2020,
OPTSTK,HCLTECH,27-Aug-2020,680,PE,0,0,0,150.5,101.15,0,0,0,0,06-JUL-2020,
OPTSTK,HCLTECH,27-Aug-2020,690,PE,0,0,0,158.65,110.25,0,0,0,0,06-JUL-2020,
OPTSTK,HCLTECH,27-Aug-2020,700,PE,0,0,0,166.9,119.5,0,0,0,0,06-JUL-2020,
OPTSTK,HCLTECH,24-Sep-2020,340,CE,0,0,0,214.75,241.85,0,0,0,0,06-JUL-2020,
OPTSTK,HCLTECH,24-Sep-2020,350,CE,0,0,0,205.15,231.95,0,0,0,0,06-JUL-2020,
OPTSTK,HCLTECH,24-Sep-2020,360,CE,0,0,0,195.65,222.05,0,0,0,0,06-JUL-2020,
OPTSTK,HCLTECH,24-Sep-2020,370,CE,0,0,0,186.25,212.15,0,0,0,0,06-JUL-2020,
OPTSTK,HCLTECH,24-Sep-2020,380,CE,0,0,0,176.95,202.3,0,0,0,0,06-JUL-2020,
OPTSTK,HCLTECH,24-Sep-2020,390,CE,0,0,0,167.85,192.4,0,0,0,0,06-JUL-2020,
OPTSTK,HCLTECH,24-Sep-2020,400,CE,0,0,0,158.9,182.6,0,0,0,0,06-JUL-2020,
OPTSTK,HCLTECH,24-Sep-2020,410,CE,0,0,0,150.1,172.8,0,0,0,0,06-JUL-2020,
OPTSTK,HCLTECH,24-Sep-2020,420,CE,0,0,0,141.55,163.05,0,0,0,0,06-JUL-2020,
OPTSTK,HCLTECH,24-Sep-2020,430,CE,0,0,0,133.2,153.35,0,0,0,0,06-JUL-2020,
OPTSTK,HCLTECH,24-Sep-2020,440,CE,0,0,0,125.1,143.8,0,0,0,0,06-JUL-2020,
OPTSTK,HCLTECH,24-Sep-2020,450,CE,0,0,0,117.25,134.35,0,0,0,0,06-JUL-2020,
OPTSTK,HCLTECH,24-Sep-2020,460,CE,0,0,0,109.65,125.05,0,0,0,0,06-JUL-2020,
OPTSTK,HCLTECH,24-Sep-2020,470,CE,0,0,0,102.4,115.95,0,0,0,0,06-JUL-2020,
OPTSTK,HCLTECH,24-Sep-2020,480,CE,0,0,0,95.35,107.05,0,0,0,0,06-JUL-2020,
OPTSTK,HCLTECH,24-Sep-2020,490,CE,0,0,0,88.65,98.45,0,0,0,0,06-JUL-2020,
OPTSTK,HCLTECH,24-Sep-2020,500,CE,0,0,0,82.25,90.15,0,0,0,0,06-JUL-2020,
OPTSTK,HCLTECH,24-Sep-2020,510,CE,0,0,0,76.2,82.15,0,0,0,0,06-JUL-2020,
OPTSTK,HCLTECH,24-Sep-2020,520,CE,0,0,0,70.45,74.5,0,0,0,0,06-JUL-2020,
OPTSTK,HCLTECH,24-Sep-2020,530,CE,0,0,0,65,67.3,0,0,0,0,06-JUL-2020,
OPTSTK,HCLTECH,24-Sep-2020,540,CE,0,0,0,59.9,60.45,0,0,0,0,06-JUL-2020,
OPTSTK,HCLTECH,24-Sep-2020,550,CE,0,0,0,55.05,54.05,0,0,0,0,06-JUL-2020,
OPTSTK,HCLTECH,24-Sep-2020,560,CE,0,0,0,50.55,48.15,0,0,0,0,06-JUL-2020,
OPTSTK,HCLTECH,24-Sep-2020,570,CE,0,0,0,46.3,42.65,0,0,0,0,06-JUL-2020,
OPTSTK,HCLTECH,24-Sep-2020,580,CE,0,0,0,42.4,37.6,0,0,0,0,06-JUL-2020,
OPTSTK,HCLTECH,24-Sep-2020,590,CE,0,0,0,38.7,32.95,0,0,0,0,06-JUL-2020,
OPTSTK,HCLTECH,24-Sep-2020,600,CE,0,0,0,35.3,28.8,0,0,0,0,06-JUL-2020,
OPTSTK,HCLTECH,24-Sep-2020,610,CE,0,0,0,32.15,25,0,0,0,0,06-JUL-2020,
OPTSTK,HCLTECH,24-Sep-2020,620,CE,0,0,0,29.25,21.65,0,0,0,0,06-JUL-2020,
OPTSTK,HCLTECH,24-Sep-2020,630,CE,0,0,0,26.55,18.65,0,0,0,0,06-JUL-2020,
OPTSTK,HCLTECH,24-Sep-2020,640,CE,0,0,0,24.1,16,0,0,0,0,06-JUL-2020,
OPTSTK,HCLTECH,24-Sep-2020,650,CE,0,0,0,21.85,13.65,0,0,0,0,06-JUL-2020,
OPTSTK,HCLTECH,24-Sep-2020,660,CE,0,0,0,19.75,11.6,0,0,0,0,06-JUL-2020,
OPTSTK,HCLTECH,24-Sep-2020,670,CE,0,0,0,17.85,9.8,0,0,0,0,06-JUL-2020,
OPTSTK,HCLTECH,24-Sep-2020,680,CE,0,0,0,16.1,8.25,0,0,0,0,06-JUL-2020,
OPTSTK,HCLTECH,24-Sep-2020,690,CE,0,0,0,14.5,6.95,0,0,0,0,06-JUL-2020,
OPTSTK,HCLTECH,24-Sep-2020,700,CE,0,0,0,13.05,5.8,0,0,0,0,06-JUL-2020,
OPTSTK,HCLTECH,24-Sep-2020,340,PE,0,0,0,0.75,0.05,0,0,0,0,06-JUL-2020,
OPTSTK,HCLTECH,24-Sep-2020,350,PE,0,0,0,1.05,0.05,0,0,0,0,06-JUL-2020,
OPTSTK,HCLTECH,24-Sep-2020,360,PE,0,0,0,1.4,0.05,0,0,0,0,06-JUL-2020,
OPTSTK,HCLTECH,24-Sep-2020,370,PE,0,0,0,1.9,0.05,0,0,0,0,06-JUL-2020,
OPTSTK,HCLTECH,24-Sep-2020,380,PE,0,0,0,2.5,0.05,0,0,0,0,06-JUL-2020,
OPTSTK,HCLTECH,24-Sep-2020,390,PE,0,0,0,3.25,0.1,0,0,0,0,06-JUL-2020,
OPTSTK,HCLTECH,24-Sep-2020,400,PE,0,0,0,4.2,0.15,0,0,0,0,06-JUL-2020,
OPTSTK,HCLTECH,24-Sep-2020,410,PE,0,0,0,5.3,0.3,0,0,0,0,06-JUL-2020,
OPTSTK,HCLTECH,24-Sep-2020,420,PE,0,0,0,6.6,0.45,0,0,0,0,06-JUL-2020,
OPTSTK,HCLTECH,24-Sep-2020,430,PE,0,0,0,8.15,0.7,0,0,0,0,06-JUL-2020,
OPTSTK,HCLTECH,24-Sep-2020,440,PE,0,0,0,9.95,1,0,0,0,0,06-JUL-2020,
OPTSTK,HCLTECH,24-Sep-2020,450,PE,0,0,0,11.95,1.45,0,0,0,0,06-JUL-2020,
OPTSTK,HCLTECH,24-Sep-2020,460,PE,0,0,0,14.25,2.1,0,0,0,0,06-JUL-2020,
OPTSTK,HCLTECH,24-Sep-2020,470,PE,0,0,0,16.85,2.9,0,0,0,0,06-JUL-2020,
OPTSTK,HCLTECH,24-Sep-2020,480,PE,0,0,0,19.75,3.9,0,0,0,0,06-JUL-2020,
OPTSTK,HCLTECH,24-Sep-2020,490,PE,0,0,0,22.9,5.2,0,0,0,0,06-JUL-2020,
OPTSTK,HCLTECH,24-Sep-2020,500,PE,0,0,0,26.4,6.8,0,0,0,0,06-JUL-2020,
OPTSTK,HCLTECH,24-Sep-2020,510,PE,0,0,0,30.25,8.7,0,0,0,0,06-JUL-2020,
OPTSTK,HCLTECH,24-Sep-2020,520,PE,0,0,0,34.35,11,0,0,0,0,06-JUL-2020,
OPTSTK,HCLTECH,24-Sep-2020,530,PE,0,0,0,38.8,13.65,0,0,0,0,06-JUL-2020,
OPTSTK,HCLTECH,24-Sep-2020,540,PE,0,0,0,43.6,16.75,0,0,0,0,06-JUL-2020,
OPTSTK,HCLTECH,24-Sep-2020,550,PE,0,0,0,48.65,20.25,0,0,0,0,06-JUL-2020,
OPTSTK,HCLTECH,24-Sep-2020,560,PE,0,0,0,54,24.25,0,0,0,0,06-JUL-2020,
OPTSTK,HCLTECH,24-Sep-2020,570,PE,0,0,0,59.65,28.65,0,0,0,0,06-JUL-2020,
OPTSTK,HCLTECH,24-Sep-2020,580,PE,0,0,0,65.6,33.5,0,0,0,0,06-JUL-2020,
OPTSTK,HCLTECH,24-Sep-2020,590,PE,0,0,0,71.8,38.8,0,0,0,0,06-JUL-2020,
OPTSTK,HCLTECH,24-Sep-2020,600,PE,0,0,0,78.3,44.5,0,0,0,0,06-JUL-2020,
OPTSTK,HCLTECH,24-Sep-2020,610,PE,0,0,0,85.05,50.65,0,0,0,0,06-JUL-2020,
OPTSTK,HCLTECH,24-Sep-2020,620,PE,0,0,0,92,57.2,0,0,0,0,06-JUL-2020,
OPTSTK,HCLTECH,24-Sep-2020,630,PE,0,0,0,99.2,64.1,0,0,0,0,06-JUL-2020,
OPTSTK,HCLTECH,24-Sep-2020,640,PE,0,0,0,106.65,71.35,0,0,0,0,06-JUL-2020,
OPTSTK,HCLTECH,24-Sep-2020,650,PE,0,0,0,114.25,78.9,0,0,0,0,06-JUL-2020,
OPTSTK,HCLTECH,24-Sep-2020,660,PE,0,0,0,122.05,86.75,0,0,0,0,06-JUL-2020,
OPTSTK,HCLTECH,24-Sep-2020,670,PE,0,0,0,130.05,94.9,0,0,0,0,06-JUL-2020,
OPTSTK,HCLTECH,24-Sep-2020,680,PE,0,0,0,138.15,103.25,0,0,0,0,06-JUL-2020,
OPTSTK,HCLTECH,24-Sep-2020,690,PE,0,0,0,146.45,111.85,0,0,0,0,06-JUL-2020,
OPTSTK,HCLTECH,24-Sep-2020,700,PE,0,0,0,154.9,120.6,0,0,0,0,06-JUL-2020,
OPTSTK,HDFC,30-Jul-2020,1050,CE,0,0,0,910,821.65,0,0,0,0,06-JUL-2020,
OPTSTK,HDFC,30-Jul-2020,1100,CE,0,0,0,868.45,771.75,0,0,0,0,06-JUL-2020,
OPTSTK,HDFC,30-Jul-2020,1150,CE,0,0,0,828.1,721.9,0,0,0,0,06-JUL-2020,
OPTSTK,HDFC,30-Jul-2020,1200,CE,0,0,0,418.15,672.05,0,0,300,0,06-JUL-2020,
OPTSTK,HDFC,30-Jul-2020,1250,CE,0,0,0,751.1,622.2,0,0,0,0,06-JUL-2020,
OPTSTK,HDFC,30-Jul-2020,1300,CE,0,0,0,714.6,572.35,0,0,0,0,06-JUL-2020,
OPTSTK,HDFC,30-Jul-2020,1350,CE,0,0,0,679.35,522.6,0,0,0,0,06-JUL-2020,
OPTSTK,HDFC,30-Jul-2020,1360,CE,0,0,0,374.05,512.65,0,0,0,0,06-JUL-2020,
OPTSTK,HDFC,30-Jul-2020,1380,CE,0,0,0,367,492.75,0,0,1200,0,06-JUL-2020,
OPTSTK,HDFC,30-Jul-2020,1400,CE,0,0,0,645.45,472.95,0,0,0,0,06-JUL-2020,
OPTSTK,HDFC,30-Jul-2020,1420,CE,0,0,0,332.5,453.15,0,0,600,0,06-JUL-2020,
OPTSTK,HDFC,30-Jul-2020,1440,CE,0,0,0,326,433.4,0,0,0,0,06-JUL-2020,
OPTSTK,HDFC,30-Jul-2020,1450,CE,0,0,0,612.85,423.55,0,0,0,0,06-JUL-2020,
OPTSTK,HDFC,30-Jul-2020,1460,CE,0,0,0,296.9,413.75,0,0,600,0,06-JUL-2020,
OPTSTK,HDFC,30-Jul-2020,1480,CE,0,0,0,351.7,394.2,0,0,600,0,06-JUL-2020,
OPTSTK,HDFC,30-Jul-2020,1500,CE,388.75,388.75,388.75,388.75,374.75,1,5.66,4200,0,06-JUL-2020,
OPTSTK,HDFC,30-Jul-2020,1520,CE,0,0,0,291.45,355.5,0,0,600,0,06-JUL-2020,
OPTSTK,HDFC,30-Jul-2020,1540,CE,0,0,0,235.5,336.45,0,0,900,0,06-JUL-2020,
OPTSTK,HDFC,30-Jul-2020,1550,CE,0,0,0,239.7,326.95,0,0,600,0,06-JUL-2020,
OPTSTK,HDFC,30-Jul-2020,1560,CE,0,0,0,278.15,317.6,0,0,600,0,06-JUL-2020,
OPTSTK,HDFC,30-Jul-2020,1580,CE,0,0,0,253.65,299,0,0,0,0,06-JUL-2020,
OPTSTK,HDFC,30-Jul-2020,1600,CE,294.35,294.35,253.9,253.9,253.9,9,50.73,3600,0,06-JUL-2020,
OPTSTK,HDFC,30-Jul-2020,1620,CE,0,0,0,235.55,262.85,0,0,0,0,06-JUL-2020,
OPTSTK,HDFC,30-Jul-2020,1640,CE,0,0,0,159.7,245.35,0,0,300,0,06-JUL-2020,
OPTSTK,HDFC,30-Jul-2020,1650,CE,0,0,0,211.7,236.75,0,0,7500,0,06-JUL-2020,
OPTSTK,HDFC,30-Jul-2020,1660,CE,0,0,0,138.95,228.3,0,0,600,0,06-JUL-2020,
OPTSTK,HDFC,30-Jul-2020,1680,CE,0,0,0,200,211.8,0,0,900,0,06-JUL-2020,
OPTSTK,HDFC,30-Jul-2020,1700,CE,194.5,194.5,169.5,170.55,170.55,16,90.37,58500,-300,06-JUL-2020,
OPTSTK,HDFC,30-Jul-2020,1720,CE,173.1,177.1,161.3,162,180.45,8,45.32,6900,-1200,06-JUL-2020,
OPTSTK,HDFC,30-Jul-2020,1740,CE,159.85,159.85,149,149,165.7,4,22.73,11100,-600,06-JUL-2020,
OPTSTK,HDFC,30-Jul-2020,1750,CE,147.85,150.5,134.15,134.15,134.15,7,39.84,30000,-900,06-JUL-2020,
OPTSTK,HDFC,30-Jul-2020,1760,CE,142.7,142.7,120.9,122.95,122.95,6,34.05,13200,-1800,06-JUL-2020,
OPTSTK,HDFC,30-Jul-2020,1780,CE,110.45,110.45,110.45,110.45,110.45,2,11.34,69600,0,06-JUL-2020,
OPTSTK,HDFC,30-Jul-2020,1800,CE,115,124.85,95,98,98,300,1718.21,149700,-6600,06-JUL-2020,
OPTSTK,HDFC,30-Jul-2020,1820,CE,102,109.3,84,84.55,84.55,30,172.5,21000,-2400,06-JUL-2020,
OPTSTK,HDFC,30-Jul-2020,1840,CE,86.65,95,73.15,73.85,73.85,179,1033.9,63300,900,06-JUL-2020,
OPTSTK,HDFC,30-Jul-2020,1850,CE,77.7,90,67,68.85,68.85,345,1997.3,79800,-6600,06-JUL-2020,
OPTSTK,HDFC,30-Jul-2020,1860,CE,77.25,84.95,62.55,64.2,64.2,309,1793.05,55200,3300,06-JUL-2020,
OPTSTK,HDFC,30-Jul-2020,1880,CE,66.95,73.4,52.8,54.7,54.7,476,2776,38400,3000,06-JUL-2020,
OPTSTK,HDFC,30-Jul-2020,1900,CE,56.2,63.6,45,46.55,46.55,2619,15359.46,447900,9000,06-JUL-2020,
OPTSTK,HDFC,30-Jul-2020,1920,CE,46.9,55.2,38,39.4,39.4,1042,6154.01,51600,14100,06-JUL-2020,
OPTSTK,HDFC,30-Jul-2020,1940,CE,57.85,57.85,32.05,33.1,33.1,467,2773.22,33600,16800,06-JUL-2020,
OPTSTK,HDFC,30-Jul-2020,1950,CE,37.95,42.7,29.35,30.4,30.4,643,3830.92,87600,32700,06-JUL-2020,
OPTSTK,HDFC,30-Jul-2020,1960,CE,32.05,39.3,27.05,27.7,27.7,194,1160.01,24300,11100,06-JUL-2020,
OPTSTK,HDFC,30-Jul-2020,1980,CE,25.65,30,21.7,23.15,23.15,56,337.06,6000,5400,06-JUL-2020,
OPTSTK,HDFC,30-Jul-2020,2000,CE,27.45,28.3,19.5,20.15,20.15,1756,10661.56,257400,32400,06-JUL-2020,
OPTSTK,HDFC,30-Jul-2020,2020,CE,0,0,0,22.7,34.2,0,0,5400,0,06-JUL-2020,
OPTSTK,HDFC,30-Jul-2020,2040,CE,0,0,0,103.75,29.7,0,0,0,0,06-JUL-2020,
OPTSTK,HDFC,30-Jul-2020,2050,CE,13.55,17.8,11.9,12.45,12.45,142,879.37,26700,8700,06-JUL-2020,
OPTSTK,HDFC,30-Jul-2020,2060,CE,0,0,0,99.6,25.7,0,0,0,0,06-JUL-2020,
OPTSTK,HDFC,30-Jul-2020,2080,CE,0,0,0,95.65,22.15,0,0,0,0,06-JUL-2020,
OPTSTK,HDFC,30-Jul-2020,2100,CE,9.9,11.35,7.5,7.9,7.9,589,3727.17,97200,3900,06-JUL-2020,
OPTSTK,HDFC,30-Jul-2020,2120,CE,7.85,11.9,7.85,11.9,16.3,2,12.77,4200,0,06-JUL-2020,
OPTSTK,HDFC,30-Jul-2020,2140,CE,0,0,0,87.15,13.95,0,0,0,0,06-JUL-2020,
OPTSTK,HDFC,30-Jul-2020,2150,CE,6,6,4.4,4.4,12.85,4,25.86,7800,300,06-JUL-2020,
OPTSTK,HDFC,30-Jul-2020,2160,CE,0,0,0,100.8,11.85,0,0,0,0,06-JUL-2020,
OPTSTK,HDFC,30-Jul-2020,2180,CE,0,0,0,13.9,10.05,0,0,300,0,06-JUL-2020,
OPTSTK,HDFC,30-Jul-2020,2200,CE,3.85,4.55,3.2,3.35,3.35,252,1666.05,127800,13200,06-JUL-2020,
OPTSTK,HDFC,30-Jul-2020,2220,CE,0,0,0,88.9,7.15,0,0,0,0,06-JUL-2020,
OPTSTK,HDFC,30-Jul-2020,2240,CE,0,0,0,46.8,6,0,0,0,0,06-JUL-2020,
OPTSTK,HDFC,30-Jul-2020,2250,CE,3.8,3.8,2.15,2.15,5.5,2,13.51,3900,0,06-JUL-2020,
OPTSTK,HDFC,30-Jul-2020,2260,CE,0,0,0,43.8,5,0,0,0,0,06-JUL-2020,
OPTSTK,HDFC,30-Jul-2020,2280,CE,0,0,0,40.95,4.2,0,0,0,0,06-JUL-2020,
OPTSTK,HDFC,30-Jul-2020,2300,CE,3,3,1.8,1.8,1.8,21,145.03,37200,600,06-JUL-2020,
OPTSTK,HDFC,30-Jul-2020,2320,CE,0,0,0,39.05,2.9,0,0,0,0,06-JUL-2020,
OPTSTK,HDFC,30-Jul-2020,2350,CE,0,0,0,227.4,2.15,0,0,0,0,06-JUL-2020,
OPTSTK,HDFC,30-Jul-2020,2400,CE,0,0,0,214.95,1.3,0,0,0,0,06-JUL-2020,
OPTSTK,HDFC,30-Jul-2020,2450,CE,0,0,0,203.15,0.8,0,0,0,0,06-JUL-2020,
OPTSTK,HDFC,30-Jul-2020,2500,CE,0,0,0,191.95,0.45,0,0,0,0,06-JUL-2020,
OPTSTK,HDFC,30-Jul-2020,2550,CE,0,0,0,181.4,0.25,0,0,0,0,06-JUL-2020,
OPTSTK,HDFC,30-Jul-2020,2600,CE,0,0,0,171.4,0.15,0,0,0,0,06-JUL-2020,
OPTSTK,HDFC,30-Jul-2020,2650,CE,0,0,0,0.3,0.1,0,0,600,0,06-JUL-2020,
OPTSTK,HDFC,30-Jul-2020,1050,PE,0,0,0,30.7,0.05,0,0,0,0,06-JUL-2020,
OPTSTK,HDFC,30-Jul-2020,1100,PE,0,0,0,38.5,0.05,0,0,0,0,06-JUL-2020,
OPTSTK,HDFC,30-Jul-2020,1150,PE,0,0,0,47.5,0.05,0,0,0,0,06-JUL-2020,
OPTSTK,HDFC,30-Jul-2020,1200,PE,0,0,0,6,0.05,0,0,300,0,06-JUL-2020,
OPTSTK,HDFC,30-Jul-2020,1250,PE,0,0,0,69.25,0.05,0,0,0,0,06-JUL-2020,
OPTSTK,HDFC,30-Jul-2020,1300,PE,0,0,0,0.25,0.05,0,0,4500,0,06-JUL-2020,
OPTSTK,HDFC,30-Jul-2020,1350,PE,1.8,1.8,1.8,1.8,0.1,2,8.11,600,0,06-JUL-2020,
OPTSTK,HDFC,30-Jul-2020,1360,PE,0,0,0,98.9,0.15,0,0,0,0,06-JUL-2020,
OPTSTK,HDFC,30-Jul-2020,1380,PE,0,0,0,2.5,0.2,0,0,300,0,06-JUL-2020,
OPTSTK,HDFC,30-Jul-2020,1400,PE,2,2,2,2,0.3,1,4.2,27300,0,06-JUL-2020,
OPTSTK,HDFC,30-Jul-2020,1420,PE,0,0,0,121.85,0.45,0,0,0,0,06-JUL-2020,
OPTSTK,HDFC,30-Jul-2020,1440,PE,0,0,0,5.8,0.7,0,0,300,0,06-JUL-2020,
OPTSTK,HDFC,30-Jul-2020,1450,PE,3,3,3,3,0.8,1,4.35,13800,300,06-JUL-2020,
OPTSTK,HDFC,30-Jul-2020,1460,PE,0,0,0,138.75,1,0,0,0,0,06-JUL-2020,
OPTSTK,HDFC,30-Jul-2020,1480,PE,0,0,0,4.75,1.35,0,0,600,0,06-JUL-2020,
OPTSTK,HDFC,30-Jul-2020,1500,PE,3.95,3.95,2.55,3.6,3.6,74,333.7,178500,-5400,06-JUL-2020,
OPTSTK,HDFC,30-Jul-2020,1520,PE,0,0,0,3.2,2.55,0,0,900,0,06-JUL-2020,
OPTSTK,HDFC,30-Jul-2020,1540,PE,0,0,0,176.15,3.45,0,0,0,0,06-JUL-2020,
OPTSTK,HDFC,30-Jul-2020,1550,PE,4.45,4.65,3.45,4.65,3.95,13,60.6,29400,-1800,06-JUL-2020,
OPTSTK,HDFC,30-Jul-2020,1560,PE,0,0,0,186.25,4.5,0,0,0,0,06-JUL-2020,
OPTSTK,HDFC,30-Jul-2020,1580,PE,0,0,0,6.8,5.9,0,0,1500,0,06-JUL-2020,
OPTSTK,HDFC,30-Jul-2020,1600,PE,6,6,4.7,5.7,5.7,99,476.76,179100,-3300,06-JUL-2020,
OPTSTK,HDFC,30-Jul-2020,1620,PE,0,0,0,8.35,9.6,0,0,2100,0,06-JUL-2020,
OPTSTK,HDFC,30-Jul-2020,1640,PE,13.15,13.15,13.15,13.15,12.05,1,4.95,600,300,06-JUL-2020,
OPTSTK,HDFC,30-Jul-2020,1650,PE,8.8,10.4,7.75,10,10,74,368.32,56400,-1200,06-JUL-2020,
OPTSTK,HDFC,30-Jul-2020,1660,PE,7.85,10.5,7.85,10.5,15,2,10.01,9900,-300,06-JUL-2020,
OPTSTK,HDFC,30-Jul-2020,1680,PE,12,14.9,10.9,13.5,13.5,28,142.13,18600,1500,06-JUL-2020,
OPTSTK,HDFC,30-Jul-2020,1700,PE,14.05,17.05,12,16.5,16.5,672,3456.24,371400,-6300,06-JUL-2020,
OPTSTK,HDFC,30-Jul-2020,1720,PE,16,21,16,20.5,20.5,26,135.6,23700,-2400,06-JUL-2020,
OPTSTK,HDFC,30-Jul-2020,1740,PE,20.4,27.85,20.05,26.25,26.25,36,190.27,22200,2400,06-JUL-2020,
OPTSTK,HDFC,30-Jul-2020,1750,PE,18.45,28,18.45,27.05,27.05,226,1202.71,112800,-1800,06-JUL-2020,
OPTSTK,HDFC,30-Jul-2020,1760,PE,24.35,30.9,21.8,30.1,30.1,213,1141.42,30900,2100,06-JUL-2020,
OPTSTK,HDFC,30-Jul-2020,1780,PE,25.05,36.65,25.05,35.35,35.35,328,1782.54,45300,300,06-JUL-2020,
OPTSTK,HDFC,30-Jul-2020,1800,PE,29.55,43.85,29.55,42.4,42.4,920,5072.26,189600,-17700,06-JUL-2020,
OPTSTK,HDFC,30-Jul-2020,1820,PE,40.4,51.6,37.75,50,50,223,1247.49,21000,3000,06-JUL-2020,
OPTSTK,HDFC,30-Jul-2020,1840,PE,54,60.5,39.35,58.6,58.6,460,2609,20700,-1200,06-JUL-2020,
OPTSTK,HDFC,30-Jul-2020,1850,PE,51.95,65.2,47.4,63.3,63.3,610,3487.88,54300,0,06-JUL-2020,
OPTSTK,HDFC,30-Jul-2020,1860,PE,56.95,70.3,52,68.5,68.5,464,2672.8,36600,16800,06-JUL-2020,
OPTSTK,HDFC,30-Jul-2020,1880,PE,66.05,81,61.15,79.2,79.2,777,4549.01,24600,7800,06-JUL-2020,
OPTSTK,HDFC,30-Jul-2020,1900,PE,78,93,70.65,91,91,518,3076.09,47100,-9600,06-JUL-2020,
OPTSTK,HDFC,30-Jul-2020,1920,PE,0,0,0,98.2,111.3,0,0,300,0,06-JUL-2020,
OPTSTK,HDFC,30-Jul-2020,1940,PE,0,0,0,426.75,123.75,0,0,0,0,06-JUL-2020,
OPTSTK,HDFC,30-Jul-2020,1950,PE,0,0,0,125.35,130.2,0,0,2400,0,06-JUL-2020,
OPTSTK,HDFC,30-Jul-2020,1960,PE,0,0,0,441.65,136.85,0,0,0,0,06-JUL-2020,
OPTSTK,HDFC,30-Jul-2020,1980,PE,0,0,0,456.7,150.6,0,0,0,0,06-JUL-2020,
OPTSTK,HDFC,30-Jul-2020,2000,PE,140.25,165.8,139.1,163.2,163.2,47,303.33,26400,600,06-JUL-2020,
OPTSTK,HDFC,30-Jul-2020,2020,PE,0,0,0,487.3,179.85,0,0,0,0,06-JUL-2020,
OPTSTK,HDFC,30-Jul-2020,2040,PE,0,0,0,502.85,195.3,0,0,0,0,06-JUL-2020,
OPTSTK,HDFC,30-Jul-2020,2050,PE,0,0,0,427,203.25,0,0,0,0,06-JUL-2020,
OPTSTK,HDFC,30-Jul-2020,2060,PE,0,0,0,518.55,211.25,0,0,0,0,06-JUL-2020,
OPTSTK,HDFC,30-Jul-2020,2080,PE,0,0,0,534.4,227.65,0,0,0,0,06-JUL-2020,
OPTSTK,HDFC,30-Jul-2020,2100,PE,230,230,230,230,244.5,1,6.99,600,300,06-JUL-2020,
OPTSTK,HDFC,30-Jul-2020,2120,PE,0,0,0,535.05,261.7,0,0,0,0,06-JUL-2020,
OPTSTK,HDFC,30-Jul-2020,2140,PE,0,0,0,551.15,279.25,0,0,0,0,06-JUL-2020,
OPTSTK,HDFC,30-Jul-2020,2150,PE,0,0,0,491.85,288.15,0,0,0,0,06-JUL-2020,
OPTSTK,HDFC,30-Jul-2020,2160,PE,0,0,0,372,297.1,0,0,900,0,06-JUL-2020,
OPTSTK,HDFC,30-Jul-2020,2180,PE,0,0,0,521.8,315.25,0,0,0,0,06-JUL-2020,
OPTSTK,HDFC,30-Jul-2020,2200,PE,0,0,0,421,333.65,0,0,1500,0,06-JUL-2020,
OPTSTK,HDFC,30-Jul-2020,2220,PE,0,0,0,553.75,352.25,0,0,0,0,06-JUL-2020,
OPTSTK,HDFC,30-Jul-2020,2240,PE,0,0,0,455.95,371.05,0,0,0,0,06-JUL-2020,
OPTSTK,HDFC,30-Jul-2020,2250,PE,0,0,0,430,380.5,0,0,300,0,06-JUL-2020,
OPTSTK,HDFC,30-Jul-2020,2260,PE,0,0,0,472.8,390,0,0,0,0,06-JUL-2020,
OPTSTK,HDFC,30-Jul-2020,2280,PE,0,0,0,489.75,409.1,0,0,0,0,06-JUL-2020,
OPTSTK,HDFC,30-Jul-2020,2300,PE,0,0,0,595.5,428.35,0,0,0,0,06-JUL-2020,
OPTSTK,HDFC,30-Jul-2020,2320,PE,0,0,0,505.85,447.7,0,0,0,0,06-JUL-2020,
OPTSTK,HDFC,30-Jul-2020,2350,PE,0,0,0,631.6,476.9,0,0,0,0,06-JUL-2020,
OPTSTK,HDFC,30-Jul-2020,2400,PE,0,0,0,668.55,525.9,0,0,0,0,06-JUL-2020,
OPTSTK,HDFC,30-Jul-2020,2450,PE,0,0,0,706.1,575.25,0,0,0,0,06-JUL-2020,
OPTSTK,HDFC,30-Jul-2020,2500,PE,0,0,0,744.25,624.8,0,0,0,0,06-JUL-2020,
OPTSTK,HDFC,30-Jul-2020,2550,PE,0,0,0,783.05,674.45,0,0,0,0,06-JUL-2020,
OPTSTK,HDFC,30-Jul-2020,2600,PE,0,0,0,822.45,724.2,0,0,0,0,06-JUL-2020,
OPTSTK,HDFC,30-Jul-2020,2650,PE,0,0,0,780.05,774,0,0,300,0,06-JUL-2020,
OPTSTK,HDFC,27-Aug-2020,1140,CE,0,0,0,558.95,735.7,0,0,0,0,06-JUL-2020,
OPTSTK,HDFC,27-Aug-2020,1160,CE,0,0,0,544.4,715.85,0,0,0,0,06-JUL-2020,
OPTSTK,HDFC,27-Aug-2020,1180,CE,0,0,0,530.15,696.05,0,0,0,0,06-JUL-2020,
OPTSTK,HDFC,27-Aug-2020,1200,CE,0,0,0,516.15,676.25,0,0,0,0,06-JUL-2020,
OPTSTK,HDFC,27-Aug-2020,1220,CE,0,0,0,502.45,656.5,0,0,0,0,06-JUL-2020,
OPTSTK,HDFC,27-Aug-2020,1240,CE,0,0,0,489,636.75,0,0,0,0,06-JUL-2020,
OPTSTK,HDFC,27-Aug-2020,1260,CE,0,0,0,475.8,617.05,0,0,0,0,06-JUL-2020,
OPTSTK,HDFC,27-Aug-2020,1280,CE,0,0,0,462.9,597.45,0,0,0,0,06-JUL-2020,
OPTSTK,HDFC,27-Aug-2020,1300,CE,0,0,0,450.25,577.85,0,0,0,0,06-JUL-2020,
OPTSTK,HDFC,27-Aug-2020,1320,CE,0,0,0,437.85,558.4,0,0,0,0,06-JUL-2020,
OPTSTK,HDFC,27-Aug-2020,1340,CE,0,0,0,425.75,539,0,0,0,0,06-JUL-2020,
OPTSTK,HDFC,27-Aug-2020,1360,CE,0,0,0,413.85,519.7,0,0,0,0,06-JUL-2020,
OPTSTK,HDFC,27-Aug-2020,1380,CE,0,0,0,402.3,500.55,0,0,0,0,06-JUL-2020,
OPTSTK,HDFC,27-Aug-2020,1400,CE,0,0,0,391,481.55,0,0,0,0,06-JUL-2020,
OPTSTK,HDFC,27-Aug-2020,1420,CE,0,0,0,379.95,462.7,0,0,0,0,06-JUL-2020,
OPTSTK,HDFC,27-Aug-2020,1440,CE,0,0,0,369.15,444.05,0,0,0,0,06-JUL-2020,
OPTSTK,HDFC,27-Aug-2020,1450,CE,0,0,0,376.5,434.8,0,0,0,0,06-JUL-2020,
OPTSTK,HDFC,27-Aug-2020,1460,CE,0,0,0,358.65,425.65,0,0,0,0,06-JUL-2020,
OPTSTK,HDFC,27-Aug-2020,1480,CE,0,0,0,348.35,407.45,0,0,0,0,06-JUL-2020,
OPTSTK,HDFC,27-Aug-2020,1500,CE,0,0,0,380,389.5,0,0,600,0,06-JUL-2020,
OPTSTK,HDFC,27-Aug-2020,1520,CE,0,0,0,328.55,371.85,0,0,0,0,06-JUL-2020,
OPTSTK,HDFC,27-Aug-2020,1540,CE,0,0,0,319.05,354.5,0,0,0,0,06-JUL-2020,
OPTSTK,HDFC,27-Aug-2020,1550,CE,0,0,0,303.1,345.95,0,0,0,0,06-JUL-2020,
OPTSTK,HDFC,27-Aug-2020,1560,CE,0,0,0,309.75,337.5,0,0,0,0,06-JUL-2020,
OPTSTK,HDFC,27-Aug-2020,1580,CE,0,0,0,300.7,320.85,0,0,0,0,06-JUL-2020,
OPTSTK,HDFC,27-Aug-2020,1600,CE,0,0,0,223,304.6,0,0,2400,0,06-JUL-2020,
OPTSTK,HDFC,27-Aug-2020,1620,CE,0,0,0,283.25,288.7,0,0,0,0,06-JUL-2020,
OPTSTK,HDFC,27-Aug-2020,1640,CE,0,0,0,274.9,273.25,0,0,0,0,06-JUL-2020,
OPTSTK,HDFC,27-Aug-2020,1650,CE,0,0,0,239.15,265.7,0,0,0,0,06-JUL-2020,
OPTSTK,HDFC,27-Aug-2020,1660,CE,0,0,0,266.75,258.25,0,0,0,0,06-JUL-2020,
OPTSTK,HDFC,27-Aug-2020,1680,CE,0,0,0,258.85,243.7,0,0,0,0,06-JUL-2020,
OPTSTK,HDFC,27-Aug-2020,1700,CE,0,0,0,146.25,229.65,0,0,300,0,06-JUL-2020,
OPTSTK,HDFC,27-Aug-2020,1720,CE,0,0,0,243.6,216.05,0,0,0,0,06-JUL-2020,
OPTSTK,HDFC,27-Aug-2020,1740,CE,0,0,0,236.3,202.95,0,0,0,0,06-JUL-2020,
OPTSTK,HDFC,27-Aug-2020,1750,CE,0,0,0,185.2,196.6,0,0,0,0,06-JUL-2020,
OPTSTK,HDFC,27-Aug-2020,1760,CE,0,0,0,140,190.35,0,0,300,0,06-JUL-2020,
OPTSTK,HDFC,27-Aug-2020,1780,CE,0,0,0,120,178.25,0,0,300,0,06-JUL-2020,
OPTSTK,HDFC,27-Aug-2020,1800,CE,141.95,141.95,141.95,141.95,166.7,1,5.82,1500,300,06-JUL-2020,
OPTSTK,HDFC,27-Aug-2020,1820,CE,0,0,0,209.05,155.65,0,0,0,0,06-JUL-2020,
OPTSTK,HDFC,27-Aug-2020,1840,CE,0,0,0,202.7,145.1,0,0,0,0,06-JUL-2020,
OPTSTK,HDFC,27-Aug-2020,1850,CE,123.05,123.05,123.05,123.05,140.05,1,5.91,6300,0,06-JUL-2020,
OPTSTK,HDFC,27-Aug-2020,1860,CE,0,0,0,196.55,135.1,0,0,0,0,06-JUL-2020,
OPTSTK,HDFC,27-Aug-2020,1880,CE,0,0,0,190.55,125.55,0,0,0,0,06-JUL-2020,
OPTSTK,HDFC,27-Aug-2020,1900,CE,99.95,99.95,99.95,99.95,116.55,1,5.99,600,0,06-JUL-2020,
OPTSTK,HDFC,27-Aug-2020,1920,CE,107.85,107.85,107.85,107.85,108,1,6.08,300,300,06-JUL-2020,
OPTSTK,HDFC,27-Aug-2020,1940,CE,0,0,0,173.65,99.95,0,0,0,0,06-JUL-2020,
OPTSTK,HDFC,27-Aug-2020,1950,CE,0,0,0,105.5,96.1,0,0,0,0,06-JUL-2020,
OPTSTK,HDFC,27-Aug-2020,1960,CE,0,0,0,168.3,92.35,0,0,0,0,06-JUL-2020,
OPTSTK,HDFC,27-Aug-2020,1980,CE,0,0,0,163.15,85.2,0,0,0,0,06-JUL-2020,
OPTSTK,HDFC,27-Aug-2020,2000,CE,61,61,61,61,78.5,1,6.18,2100,300,06-JUL-2020,
OPTSTK,HDFC,27-Aug-2020,2020,CE,0,0,0,153.35,72.25,0,0,0,0,06-JUL-2020,
OPTSTK,HDFC,27-Aug-2020,2040,CE,0,0,0,148.65,66.4,0,0,0,0,06-JUL-2020,
OPTSTK,HDFC,27-Aug-2020,2050,CE,0,0,0,77.85,63.6,0,0,0,0,06-JUL-2020,
OPTSTK,HDFC,27-Aug-2020,2060,CE,0,0,0,144.05,60.9,0,0,0,0,06-JUL-2020,
OPTSTK,HDFC,27-Aug-2020,2080,CE,0,0,0,39,55.85,0,0,0,0,06-JUL-2020,
OPTSTK,HDFC,27-Aug-2020,2100,CE,0,0,0,32,51.1,0,0,2100,0,06-JUL-2020,
OPTSTK,HDFC,27-Aug-2020,2150,CE,0,0,0,56.7,40.7,0,0,0,0,06-JUL-2020,
OPTSTK,HDFC,27-Aug-2020,2200,CE,35.75,35.75,20,20,32.2,2,13.36,600,300,06-JUL-2020,
OPTSTK,HDFC,27-Aug-2020,2250,CE,0,0,0,40.75,25.25,0,0,0,0,06-JUL-2020,
OPTSTK,HDFC,27-Aug-2020,1140,PE,0,0,0,61.4,0.1,0,0,0,0,06-JUL-2020,
OPTSTK,HDFC,27-Aug-2020,1160,PE,0,0,0,66.6,0.15,0,0,0,0,06-JUL-2020,
OPTSTK,HDFC,27-Aug-2020,1180,PE,0,0,0,72.1,0.2,0,0,0,0,06-JUL-2020,
OPTSTK,HDFC,27-Aug-2020,1200,PE,0,0,0,77.9,0.3,0,0,0,0,06-JUL-2020,
OPTSTK,HDFC,27-Aug-2020,1220,PE,0,0,0,83.9,0.4,0,0,0,0,06-JUL-2020,
OPTSTK,HDFC,27-Aug-2020,1240,PE,0,0,0,90.2,0.55,0,0,0,0,06-JUL-2020,
OPTSTK,HDFC,27-Aug-2020,1260,PE,0,0,0,96.8,0.75,0,0,0,0,06-JUL-2020,
OPTSTK,HDFC,27-Aug-2020,1280,PE,0,0,0,103.65,1,0,0,0,0,06-JUL-2020,
OPTSTK,HDFC,27-Aug-2020,1300,PE,0,0,0,110.75,1.3,0,0,0,0,06-JUL-2020,
OPTSTK,HDFC,27-Aug-2020,1320,PE,0,0,0,118.15,1.7,0,0,0,0,06-JUL-2020,
OPTSTK,HDFC,27-Aug-2020,1340,PE,0,0,0,125.8,2.2,0,0,0,0,06-JUL-2020,
OPTSTK,HDFC,27-Aug-2020,1360,PE,0,0,0,133.65,2.8,0,0,0,0,06-JUL-2020,
OPTSTK,HDFC,27-Aug-2020,1380,PE,0,0,0,141.85,3.5,0,0,0,0,06-JUL-2020,
OPTSTK,HDFC,27-Aug-2020,1400,PE,0,0,0,150.3,4.4,0,0,0,0,06-JUL-2020,
OPTSTK,HDFC,27-Aug-2020,1420,PE,0,0,0,159,5.45,0,0,0,0,06-JUL-2020,
OPTSTK,HDFC,27-Aug-2020,1440,PE,0,0,0,167.95,6.65,0,0,0,0,06-JUL-2020,
OPTSTK,HDFC,27-Aug-2020,1450,PE,0,0,0,37,7.35,0,0,0,0,06-JUL-2020,
OPTSTK,HDFC,27-Aug-2020,1460,PE,0,0,0,177.2,8.1,0,0,0,0,06-JUL-2020,
OPTSTK,HDFC,27-Aug-2020,1480,PE,0,0,0,186.7,9.8,0,0,0,0,06-JUL-2020,
OPTSTK,HDFC,27-Aug-2020,1500,PE,0,0,0,196.45,11.75,0,0,0,0,06-JUL-2020,
OPTSTK,HDFC,27-Aug-2020,1520,PE,0,0,0,206.4,13.95,0,0,0,0,06-JUL-2020,
OPTSTK,HDFC,27-Aug-2020,1540,PE,0,0,0,216.65,16.5,0,0,0,0,06-JUL-2020,
OPTSTK,HDFC,27-Aug-2020,1550,PE,0,0,0,35,17.9,0,0,300,0,06-JUL-2020,
OPTSTK,HDFC,27-Aug-2020,1560,PE,0,0,0,227.1,19.4,0,0,0,0,06-JUL-2020,
OPTSTK,HDFC,27-Aug-2020,1580,PE,0,0,0,237.8,22.6,0,0,0,0,06-JUL-2020,
OPTSTK,HDFC,27-Aug-2020,1600,PE,0,0,0,22,26.2,0,0,7500,0,06-JUL-2020,
OPTSTK,HDFC,27-Aug-2020,1620,PE,0,0,0,55,30.25,0,0,300,0,06-JUL-2020,
OPTSTK,HDFC,27-Aug-2020,1640,PE,0,0,0,50,34.65,0,0,900,0,06-JUL-2020,
OPTSTK,HDFC,27-Aug-2020,1650,PE,0,0,0,98.1,37.05,0,0,0,0,06-JUL-2020,
OPTSTK,HDFC,27-Aug-2020,1660,PE,0,0,0,282.9,39.55,0,0,0,0,06-JUL-2020,
OPTSTK,HDFC,27-Aug-2020,1680,PE,0,0,0,294.75,44.85,0,0,0,0,06-JUL-2020,
OPTSTK,HDFC,27-Aug-2020,1700,PE,43,43,43,43,50.65,3,15.68,2100,0,06-JUL-2020,
OPTSTK,HDFC,27-Aug-2020,1720,PE,0,0,0,58.95,56.95,0,0,900,0,06-JUL-2020,
OPTSTK,HDFC,27-Aug-2020,1740,PE,0,0,0,331.45,63.75,0,0,0,0,06-JUL-2020,
OPTSTK,HDFC,27-Aug-2020,1750,PE,51,51,51,51,67.3,5,27.01,2700,1500,06-JUL-2020,
OPTSTK,HDFC,27-Aug-2020,1760,PE,0,0,0,62,71.05,0,0,1500,0,06-JUL-2020,
OPTSTK,HDFC,27-Aug-2020,1780,PE,0,0,0,357,78.85,0,0,0,0,06-JUL-2020,
OPTSTK,HDFC,27-Aug-2020,1800,PE,0,0,0,101,87.15,0,0,1500,0,06-JUL-2020,
OPTSTK,HDFC,27-Aug-2020,1820,PE,0,0,0,86.65,95.95,0,0,600,0,06-JUL-2020,
OPTSTK,HDFC,27-Aug-2020,1840,PE,0,0,0,396.7,105.3,0,0,0,0,06-JUL-2020,
OPTSTK,HDFC,27-Aug-2020,1850,PE,0,0,0,198.25,110.15,0,0,0,0,06-JUL-2020,
OPTSTK,HDFC,27-Aug-2020,1860,PE,0,0,0,410.25,115.15,0,0,0,0,06-JUL-2020,
OPTSTK,HDFC,27-Aug-2020,1880,PE,0,0,0,424.05,125.5,0,0,0,0,06-JUL-2020,
OPTSTK,HDFC,27-Aug-2020,1900,PE,120,120,111.2,111.2,136.35,2,12.09,600,300,06-JUL-2020,
OPTSTK,HDFC,27-Aug-2020,1920,PE,0,0,0,452.1,147.7,0,0,0,0,06-JUL-2020,
OPTSTK,HDFC,27-Aug-2020,1940,PE,0,0,0,466.4,159.55,0,0,0,0,06-JUL-2020,
OPTSTK,HDFC,27-Aug-2020,1950,PE,0,0,0,257.2,165.6,0,0,600,0,06-JUL-2020,
OPTSTK,HDFC,27-Aug-2020,1960,PE,0,0,0,480.8,171.8,0,0,0,0,06-JUL-2020,
OPTSTK,HDFC,27-Aug-2020,1980,PE,0,0,0,495.4,184.55,0,0,0,0,06-JUL-2020,
OPTSTK,HDFC,27-Aug-2020,2000,PE,0,0,0,290,197.75,0,0,300,0,06-JUL-2020,
OPTSTK,HDFC,27-Aug-2020,2020,PE,0,0,0,525.1,211.35,0,0,0,0,06-JUL-2020,
OPTSTK,HDFC,27-Aug-2020,2040,PE,0,0,0,540.15,225.4,0,0,0,0,06-JUL-2020,
OPTSTK,HDFC,27-Aug-2020,2050,PE,0,0,0,333.55,232.55,0,0,0,0,06-JUL-2020,
OPTSTK,HDFC,27-Aug-2020,2060,PE,0,0,0,555.35,239.8,0,0,0,0,06-JUL-2020,
OPTSTK,HDFC,27-Aug-2020,2080,PE,0,0,0,570.65,254.6,0,0,0,0,06-JUL-2020,
OPTSTK,HDFC,27-Aug-2020,2100,PE,0,0,0,325,269.7,0,0,300,0,06-JUL-2020,
OPTSTK,HDFC,27-Aug-2020,2150,PE,0,0,0,411.65,309.05,0,0,0,0,06-JUL-2020,
OPTSTK,HDFC,27-Aug-2020,2200,PE,0,0,0,575.7,350.2,0,0,0,0,06-JUL-2020,
OPTSTK,HDFC,27-Aug-2020,2250,PE,0,0,0,494.85,392.95,0,0,0,0,06-JUL-2020,
OPTSTK,HDFC,24-Sep-2020,1150,CE,0,0,0,650.6,730.3,0,0,0,0,06-JUL-2020,
OPTSTK,HDFC,24-Sep-2020,1200,CE,0,0,0,605.35,681.5,0,0,0,0,06-JUL-2020,
OPTSTK,HDFC,24-Sep-2020,1250,CE,0,0,0,561.4,633.2,0,0,0,0,06-JUL-2020,
OPTSTK,HDFC,24-Sep-2020,1300,CE,0,0,0,518.85,585.6,0,0,0,0,06-JUL-2020,
OPTSTK,HDFC,24-Sep-2020,1350,CE,0,0,0,477.95,538.9,0,0,0,0,06-JUL-2020,
OPTSTK,HDFC,24-Sep-2020,1400,CE,0,0,0,438.75,493.3,0,0,0,0,06-JUL-2020,
OPTSTK,HDFC,24-Sep-2020,1450,CE,0,0,0,401.55,449.15,0,0,0,0,06-JUL-2020,
OPTSTK,HDFC,24-Sep-2020,1500,CE,0,0,0,366.2,406.65,0,0,0,0,06-JUL-2020,
OPTSTK,HDFC,24-Sep-2020,1550,CE,0,0,0,332.95,366.1,0,0,0,0,06-JUL-2020,
OPTSTK,HDFC,24-Sep-2020,1600,CE,0,0,0,301.7,327.65,0,0,0,0,06-JUL-2020,
OPTSTK,HDFC,24-Sep-2020,1650,CE,0,0,0,272.7,291.6,0,0,0,0,06-JUL-2020,
OPTSTK,HDFC,24-Sep-2020,1700,CE,0,0,0,245.75,258,0,0,0,0,06-JUL-2020,
OPTSTK,HDFC,24-Sep-2020,1750,CE,0,0,0,220.85,226.95,0,0,0,0,06-JUL-2020,
OPTSTK,HDFC,24-Sep-2020,1800,CE,0,0,0,198,198.5,0,0,0,0,06-JUL-2020,
OPTSTK,HDFC,24-Sep-2020,1850,CE,0,0,0,177.05,172.7,0,0,0,0,06-JUL-2020,
OPTSTK,HDFC,24-Sep-2020,1900,CE,0,0,0,157.95,149.45,0,0,0,0,06-JUL-2020,
OPTSTK,HDFC,24-Sep-2020,1950,CE,0,0,0,140.55,128.6,0,0,0,0,06-JUL-2020,
OPTSTK,HDFC,24-Sep-2020,2000,CE,0,0,0,124.85,110.15,0,0,0,0,06-JUL-2020,
OPTSTK,HDFC,24-Sep-2020,2050,CE,0,0,0,110.65,93.85,0,0,0,0,06-JUL-2020,
OPTSTK,HDFC,24-Sep-2020,2100,CE,0,0,0,98,79.65,0,0,0,0,06-JUL-2020,
OPTSTK,HDFC,24-Sep-2020,2150,CE,0,0,0,86.6,67.25,0,0,0,0,06-JUL-2020,
OPTSTK,HDFC,24-Sep-2020,2200,CE,0,0,0,76.4,56.55,0,0,0,0,06-JUL-2020,
OPTSTK,HDFC,24-Sep-2020,2250,CE,0,0,0,67.3,47.35,0,0,0,0,06-JUL-2020,
OPTSTK,HDFC,24-Sep-2020,1150,PE,0,0,0,9.45,0.9,0,0,0,0,06-JUL-2020,
OPTSTK,HDFC,24-Sep-2020,1200,PE,0,0,0,13.65,1.7,0,0,0,0,06-JUL-2020,
OPTSTK,HDFC,24-Sep-2020,1250,PE,0,0,0,19.1,2.95,0,0,0,0,06-JUL-2020,
OPTSTK,HDFC,24-Sep-2020,1300,PE,0,0,0,26,4.85,0,0,0,0,06-JUL-2020,
OPTSTK,HDFC,24-Sep-2020,1350,PE,0,0,0,34.5,7.65,0,0,0,0,06-JUL-2020,
OPTSTK,HDFC,24-Sep-2020,1400,PE,0,0,0,44.75,11.6,0,0,0,0,06-JUL-2020,
OPTSTK,HDFC,24-Sep-2020,1450,PE,0,0,0,56.9,17,0,0,0,0,06-JUL-2020,
OPTSTK,HDFC,24-Sep-2020,1500,PE,0,0,0,71,24.05,0,0,0,0,06-JUL-2020,
OPTSTK,HDFC,24-Sep-2020,1550,PE,0,0,0,87.15,33,0,0,0,0,06-JUL-2020,
OPTSTK,HDFC,24-Sep-2020,1600,PE,0,0,0,105.35,44.15,0,0,0,0,06-JUL-2020,
OPTSTK,HDFC,24-Sep-2020,1650,PE,0,0,0,125.75,57.6,0,0,0,0,06-JUL-2020,
OPTSTK,HDFC,24-Sep-2020,1700,PE,0,0,0,148.2,73.5,0,0,0,0,06-JUL-2020,
OPTSTK,HDFC,24-Sep-2020,1750,PE,0,0,0,172.75,92,0,0,0,0,06-JUL-2020,
OPTSTK,HDFC,24-Sep-2020,1800,PE,0,0,0,199.3,113.15,0,0,0,0,06-JUL-2020,
OPTSTK,HDFC,24-Sep-2020,1850,PE,0,0,0,227.75,136.85,0,0,0,0,06-JUL-2020,
OPTSTK,HDFC,24-Sep-2020,1900,PE,0,0,0,258.1,163.1,0,0,0,0,06-JUL-2020,
OPTSTK,HDFC,24-Sep-2020,1950,PE,0,0,0,290.15,191.85,0,0,0,0,06-JUL-2020,
OPTSTK,HDFC,24-Sep-2020,2000,PE,0,0,0,323.85,222.9,0,0,0,0,06-JUL-2020,
OPTSTK,HDFC,24-Sep-2020,2050,PE,0,0,0,359.1,256.15,0,0,0,0,06-JUL-2020,
OPTSTK,HDFC,24-Sep-2020,2100,PE,0,0,0,395.85,291.45,0,0,0,0,06-JUL-2020,
OPTSTK,HDFC,24-Sep-2020,2150,PE,0,0,0,433.85,328.6,0,0,0,0,06-JUL-2020,
OPTSTK,HDFC,24-Sep-2020,2200,PE,0,0,0,473.05,367.45,0,0,0,0,06-JUL-2020,
OPTSTK,HDFC,24-Sep-2020,2250,PE,0,0,0,513.4,407.75,0,0,0,0,06-JUL-2020,
OPTSTK,HDFCBANK,30-Jul-2020,600,CE,0,0,0,425,504.65,0,0,1100,0,06-JUL-2020,
OPTSTK,HDFCBANK,30-Jul-2020,620,CE,0,0,0,403.35,484.75,0,0,0,0,06-JUL-2020,
OPTSTK,HDFCBANK,30-Jul-2020,640,CE,0,0,0,386.45,464.8,0,0,0,0,06-JUL-2020,
OPTSTK,HDFCBANK,30-Jul-2020,660,CE,0,0,0,369.95,444.85,0,0,0,0,06-JUL-2020,
OPTSTK,HDFCBANK,30-Jul-2020,680,CE,0,0,0,353.85,424.9,0,0,0,0,06-JUL-2020,
OPTSTK,HDFCBANK,30-Jul-2020,700,CE,0,0,0,338.15,404.95,0,0,0,0,06-JUL-2020,
OPTSTK,HDFCBANK,30-Jul-2020,720,CE,0,0,0,322.9,385,0,0,0,0,06-JUL-2020,
OPTSTK,HDFCBANK,30-Jul-2020,740,CE,0,0,0,308.15,365.05,0,0,0,0,06-JUL-2020,
OPTSTK,HDFCBANK,30-Jul-2020,760,CE,0,0,0,270,345.1,0,0,1100,0,06-JUL-2020,
OPTSTK,HDFCBANK,30-Jul-2020,780,CE,0,0,0,297,325.2,0,0,1650,0,06-JUL-2020,
OPTSTK,HDFCBANK,30-Jul-2020,790,CE,0,0,0,200.25,315.2,0,0,0,0,06-JUL-2020,
OPTSTK,HDFCBANK,30-Jul-2020,800,CE,0,0,0,270.95,305.25,0,0,1650,0,06-JUL-2020,
OPTSTK,HDFCBANK,30-Jul-2020,810,CE,0,0,0,186.8,295.25,0,0,0,0,06-JUL-2020,
OPTSTK,HDFCBANK,30-Jul-2020,820,CE,0,0,0,200,285.3,0,0,550,0,06-JUL-2020,
OPTSTK,HDFCBANK,30-Jul-2020,830,CE,0,0,0,173.9,275.35,0,0,0,0,06-JUL-2020,
OPTSTK,HDFCBANK,30-Jul-2020,840,CE,275,275,275,275,265.4,1,6.13,6600,0,06-JUL-2020,
OPTSTK,HDFCBANK,30-Jul-2020,850,CE,0,0,0,195.35,255.45,0,0,550,0,06-JUL-2020,
OPTSTK,HDFCBANK,30-Jul-2020,860,CE,0,0,0,212.65,245.5,0,0,2200,0,06-JUL-2020,
OPTSTK,HDFCBANK,30-Jul-2020,870,CE,0,0,0,150.1,235.6,0,0,0,0,06-JUL-2020,
OPTSTK,HDFCBANK,30-Jul-2020,880,CE,0,0,0,167,225.7,0,0,3300,0,06-JUL-2020,
OPTSTK,HDFCBANK,30-Jul-2020,890,CE,0,0,0,135.1,215.85,0,0,1100,0,06-JUL-2020,
OPTSTK,HDFCBANK,30-Jul-2020,900,CE,214,214,205.35,205.35,206,2,12.2,17600,0,06-JUL-2020,
OPTSTK,HDFCBANK,30-Jul-2020,910,CE,0,0,0,128.8,196.25,0,0,0,0,06-JUL-2020,
OPTSTK,HDFCBANK,30-Jul-2020,920,CE,0,0,0,170.15,186.55,0,0,1650,0,06-JUL-2020,
OPTSTK,HDFCBANK,30-Jul-2020,930,CE,0,0,0,116.85,176.9,0,0,550,0,06-JUL-2020,
OPTSTK,HDFCBANK,30-Jul-2020,940,CE,0,0,0,141.95,167.35,0,0,3850,0,06-JUL-2020,
OPTSTK,HDFCBANK,30-Jul-2020,950,CE,163.25,163.25,161.3,161.3,157.9,2,12.23,3850,-550,06-JUL-2020,
OPTSTK,HDFCBANK,30-Jul-2020,960,CE,150.05,150.05,150.05,150.05,148.6,1,6.1,22550,-550,06-JUL-2020,
OPTSTK,HDFCBANK,30-Jul-2020,970,CE,141,141,141,141,139.45,1,6.11,2200,0,06-JUL-2020,
OPTSTK,HDFCBANK,30-Jul-2020,980,CE,132.75,135.6,130,130,130.5,7,42.87,11000,-550,06-JUL-2020,
OPTSTK,HDFCBANK,30-Jul-2020,990,CE,0,0,0,97.05,121.7,0,0,8250,0,06-JUL-2020,
OPTSTK,HDFCBANK,30-Jul-2020,1000,CE,102.6,123.1,102.6,109.3,109.3,235,1442.26,176000,-17600,06-JUL-2020,
OPTSTK,HDFCBANK,30-Jul-2020,1010,CE,102,106.55,99.1,99.1,99.1,6,36.69,22000,-550,06-JUL-2020,
OPTSTK,HDFCBANK,30-Jul-2020,1020,CE,91.5,104.25,90.5,90.5,96.85,69,424.78,78100,-3850,06-JUL-2020,
OPTSTK,HDFCBANK,30-Jul-2020,1030,CE,84.55,94.8,84.55,94.8,89.15,12,73.89,212850,-1100,06-JUL-2020,
OPTSTK,HDFCBANK,30-Jul-2020,1040,CE,80,87.15,75.3,76.8,76.8,127,782.17,151800,-14850,06-JUL-2020,
OPTSTK,HDFCBANK,30-Jul-2020,1050,CE,70,81,66.6,69,69,252,1556.81,517550,-8250,06-JUL-2020,
OPTSTK,HDFCBANK,30-Jul-2020,1060,CE,64,74.15,60.25,63.15,63.15,286,1771.89,586300,-26950,06-JUL-2020,
OPTSTK,HDFCBANK,30-Jul-2020,1070,CE,50,67,50,55.65,55.65,267,1658.43,167750,-38500,06-JUL-2020,
OPTSTK,HDFCBANK,30-Jul-2020,1080,CE,49.95,60,48,49.9,49.9,1155,7192.02,799700,-249150,06-JUL-2020,
OPTSTK,HDFCBANK,30-Jul-2020,1090,CE,49.2,53.7,42,44.25,44.25,649,4059.7,84700,-68200,06-JUL-2020,
OPTSTK,HDFCBANK,30-Jul-2020,1100,CE,33.25,47.9,33.25,39.05,39.05,4660,29268.73,1224300,-169950,06-JUL-2020,
OPTSTK,HDFCBANK,30-Jul-2020,1110,CE,30,42.25,30,34.2,34.2,1721,10857.87,123200,39050,06-JUL-2020,
OPTSTK,HDFCBANK,30-Jul-2020,1120,CE,28.65,36.8,27.9,29.7,29.7,2973,18842.43,465300,19250,06-JUL-2020,
OPTSTK,HDFCBANK,30-Jul-2020,1130,CE,24.5,32.5,23.95,25.45,25.45,1035,6593.17,88550,25300,06-JUL-2020,
OPTSTK,HDFCBANK,30-Jul-2020,1140,CE,22.6,27.65,20.65,21.65,21.65,1755,11236.86,238700,-4400,06-JUL-2020,
OPTSTK,HDFCBANK,30-Jul-2020,1150,CE,19.65,23.6,17.35,18.35,18.35,2415,15549.38,393800,64900,06-JUL-2020,
OPTSTK,HDFCBANK,30-Jul-2020,1160,CE,17,20.45,14.4,15.4,15.4,1247,8076.07,425150,24750,06-JUL-2020,
OPTSTK,HDFCBANK,30-Jul-2020,1170,CE,14.45,16.65,12.6,12.85,12.85,110,716.89,42900,4400,06-JUL-2020,
OPTSTK,HDFCBANK,30-Jul-2020,1180,CE,9,14.85,9,10.65,10.65,827,5422.99,273350,18150,06-JUL-2020,
OPTSTK,HDFCBANK,30-Jul-2020,1190,CE,10.2,12.25,8.05,8.75,8.75,171,1129.28,53350,-1100,06-JUL-2020,
OPTSTK,HDFCBANK,30-Jul-2020,1200,CE,7.35,9.95,6.75,7.3,7.3,3930,26122.74,1437700,62700,06-JUL-2020,
OPTSTK,HDFCBANK,30-Jul-2020,1210,CE,7.1,8.55,4.15,6,6,49,327.99,15400,8800,06-JUL-2020,
OPTSTK,HDFCBANK,30-Jul-2020,1220,CE,7.9,7.9,4.5,4.9,4.9,438,2953.1,109450,29700,06-JUL-2020,
OPTSTK,HDFCBANK,30-Jul-2020,1230,CE,22.25,22.25,3.5,3.5,3.5,33,224.29,7150,3850,06-JUL-2020,
OPTSTK,HDFCBANK,30-Jul-2020,1240,CE,5.75,5.75,3.1,3.25,3.25,554,3790.35,268950,89650,06-JUL-2020,
OPTSTK,HDFCBANK,30-Jul-2020,1250,CE,4.5,4.5,2.6,2.7,2.7,367,2529.85,177650,125400,06-JUL-2020,
OPTSTK,HDFCBANK,30-Jul-2020,1260,CE,2.9,3,2.05,2.15,2.15,482,3347.54,256300,215600,06-JUL-2020,
OPTSTK,HDFCBANK,30-Jul-2020,1270,CE,2.5,2.5,1.55,1.75,3.65,6,41.96,2750,1100,06-JUL-2020,
OPTSTK,HDFCBANK,30-Jul-2020,1280,CE,2.1,2.35,1.55,1.6,1.6,58,408.99,242000,11000,06-JUL-2020,
OPTSTK,HDFCBANK,30-Jul-2020,1300,CE,2,2,1.5,1.55,1.55,418,2992.58,474100,64900,06-JUL-2020,
OPTSTK,HDFCBANK,30-Jul-2020,600,PE,0,0,0,11.2,0.05,0,0,0,0,06-JUL-2020,
OPTSTK,HDFCBANK,30-Jul-2020,620,PE,0,0,0,13.7,0.05,0,0,0,0,06-JUL-2020,
OPTSTK,HDFCBANK,30-Jul-2020,640,PE,0,0,0,0.25,0.05,0,0,11000,0,06-JUL-2020,
OPTSTK,HDFCBANK,30-Jul-2020,660,PE,0,0,0,19.8,0.05,0,0,0,0,06-JUL-2020,
OPTSTK,HDFCBANK,30-Jul-2020,680,PE,0,0,0,10,0.05,0,0,550,0,06-JUL-2020,
OPTSTK,HDFCBANK,30-Jul-2020,700,PE,0.6,0.6,0.55,0.55,0.55,4,15.41,15400,550,06-JUL-2020,
OPTSTK,HDFCBANK,30-Jul-2020,720,PE,0,0,0,1.05,0.05,0,0,6600,0,06-JUL-2020,
OPTSTK,HDFCBANK,30-Jul-2020,740,PE,0,0,0,18.45,0.05,0,0,550,0,06-JUL-2020,
OPTSTK,HDFCBANK,30-Jul-2020,760,PE,1,1,1,1,0.05,1,4.18,15950,0,06-JUL-2020,
OPTSTK,HDFCBANK,30-Jul-2020,780,PE,0,0,0,48.2,0.05,0,0,0,0,06-JUL-2020,
OPTSTK,HDFCBANK,30-Jul-2020,790,PE,0,0,0,38.35,0.05,0,0,0,0,06-JUL-2020,
OPTSTK,HDFCBANK,30-Jul-2020,800,PE,1,1.35,1,1.3,1.3,56,246.78,209000,-8250,06-JUL-2020,
OPTSTK,HDFCBANK,30-Jul-2020,810,PE,0,0,0,44.7,0.05,0,0,0,0,06-JUL-2020,
OPTSTK,HDFCBANK,30-Jul-2020,820,PE,1.35,1.5,1.35,1.45,0.05,10,45.17,14300,-2200,06-JUL-2020,
OPTSTK,HDFCBANK,30-Jul-2020,830,PE,0,0,0,51.65,0.05,0,0,0,0,06-JUL-2020,
OPTSTK,HDFCBANK,30-Jul-2020,840,PE,1.7,1.95,1.35,1.55,1.55,25,115.72,27500,-3300,06-JUL-2020,
OPTSTK,HDFCBANK,30-Jul-2020,850,PE,1.75,1.95,1.6,1.7,1.7,34,159.29,41800,-6050,06-JUL-2020,
OPTSTK,HDFCBANK,30-Jul-2020,860,PE,2,2.4,1.75,1.75,1.75,91,431.5,92950,-5500,06-JUL-2020,
OPTSTK,HDFCBANK,30-Jul-2020,870,PE,0,0,0,2.9,0.15,0,0,127050,0,06-JUL-2020,
OPTSTK,HDFCBANK,30-Jul-2020,880,PE,1.85,2.5,1.85,2.25,2.25,11,53.36,22000,-1100,06-JUL-2020,
OPTSTK,HDFCBANK,30-Jul-2020,890,PE,0,0,0,5.15,0.35,0,0,5500,0,06-JUL-2020,
OPTSTK,HDFCBANK,30-Jul-2020,900,PE,3,3.05,2.3,2.55,2.55,376,1866.62,539550,29150,06-JUL-2020,
OPTSTK,HDFCBANK,30-Jul-2020,910,PE,0,0,0,19,0.7,0,0,550,0,06-JUL-2020,
OPTSTK,HDFCBANK,30-Jul-2020,920,PE,4.2,4.2,2.5,2.75,2.75,56,284.26,79750,-4400,06-JUL-2020,
OPTSTK,HDFCBANK,30-Jul-2020,930,PE,2.8,3.45,2.45,2.85,2.85,127,651.53,70400,-5500,06-JUL-2020,
OPTSTK,HDFCBANK,30-Jul-2020,940,PE,6,6,2.95,3.45,3.45,39,202.44,60500,-4400,06-JUL-2020,
OPTSTK,HDFCBANK,30-Jul-2020,950,PE,5.75,6.45,3.8,4.35,4.35,307,1611.89,280500,25300,06-JUL-2020,
OPTSTK,HDFCBANK,30-Jul-2020,960,PE,5.55,6.5,4,4.95,4.95,263,1395.5,138050,2200,06-JUL-2020,
OPTSTK,HDFCBANK,30-Jul-2020,970,PE,8.75,8.75,4.55,5.25,5.25,102,547.14,67100,-2200,06-JUL-2020,
OPTSTK,HDFCBANK,30-Jul-2020,980,PE,7.3,7.6,5.4,6.45,6.45,486,2635.99,113300,-8800,06-JUL-2020,
OPTSTK,HDFCBANK,30-Jul-2020,990,PE,6.95,8.1,6.45,7.4,7.4,108,592.35,59950,-3850,06-JUL-2020,
OPTSTK,HDFCBANK,30-Jul-2020,1000,PE,14,14,6.25,8.6,8.6,2300,12755.29,910250,171050,06-JUL-2020,
OPTSTK,HDFCBANK,30-Jul-2020,1010,PE,10.05,10.7,8.5,10.15,10.15,105,588.85,118250,11000,06-JUL-2020,
OPTSTK,HDFCBANK,30-Jul-2020,1020,PE,12.15,12.55,9.8,11.8,11.8,638,3618.33,395450,32450,06-JUL-2020,
OPTSTK,HDFCBANK,30-Jul-2020,1030,PE,12.75,14.4,10.85,13.15,13.15,449,2575.16,639650,7700,06-JUL-2020,
OPTSTK,HDFCBANK,30-Jul-2020,1040,PE,13.75,17.15,13.1,15.7,15.7,802,4654.5,246400,26400,06-JUL-2020,
OPTSTK,HDFCBANK,30-Jul-2020,1050,PE,28.3,28.3,15.3,18.6,18.6,1568,9208.56,363000,41250,06-JUL-2020,
OPTSTK,HDFCBANK,30-Jul-2020,1060,PE,18.55,23.1,17.95,21.8,21.8,1044,6205.35,232650,22000,06-JUL-2020,
OPTSTK,HDFCBANK,30-Jul-2020,1070,PE,20,26.7,20,25,25,761,4578.82,171050,550,06-JUL-2020,
OPTSTK,HDFCBANK,30-Jul-2020,1080,PE,42,42,23.85,29.1,29.1,1489,9071.42,218900,22000,06-JUL-2020,
OPTSTK,HDFCBANK,30-Jul-2020,1090,PE,42.5,42.5,27.8,33.45,33.45,735,4534.83,52800,8250,06-JUL-2020,
OPTSTK,HDFCBANK,30-Jul-2020,1100,PE,35.35,43,31.5,38.05,38.05,3981,24874.65,331100,177100,06-JUL-2020,
OPTSTK,HDFCBANK,30-Jul-2020,1110,PE,45,45,35.8,42.5,42.5,599,3791.14,41250,22550,06-JUL-2020,
OPTSTK,HDFCBANK,30-Jul-2020,1120,PE,50.1,50.1,40.95,47.9,47.9,567,3635.05,43450,12650,06-JUL-2020,
OPTSTK,HDFCBANK,30-Jul-2020,1130,PE,54.35,56.15,46.8,54.6,54.6,105,682.51,17050,13200,06-JUL-2020,
OPTSTK,HDFCBANK,30-Jul-2020,1140,PE,57.6,62.15,51.15,60.5,60.5,138,908.03,25850,21450,06-JUL-2020,
OPTSTK,HDFCBANK,30-Jul-2020,1150,PE,66.8,68,57.35,68,68,33,220.13,13750,9900,06-JUL-2020,
OPTSTK,HDFCBANK,30-Jul-2020,1160,PE,69,75.6,67,75.6,75,4,27.06,2200,1100,06-JUL-2020,
OPTSTK,HDFCBANK,30-Jul-2020,1170,PE,0,0,0,257.2,82.2,0,0,0,0,06-JUL-2020,
OPTSTK,HDFCBANK,30-Jul-2020,1180,PE,84.6,87,80,87,89.7,5,34.75,11000,-2200,06-JUL-2020,
OPTSTK,HDFCBANK,30-Jul-2020,1190,PE,0,0,0,273.3,97.5,0,0,0,0,06-JUL-2020,
OPTSTK,HDFCBANK,30-Jul-2020,1200,PE,105.8,108,95,104.95,104.95,37,264.82,26400,2750,06-JUL-2020,
OPTSTK,HDFCBANK,30-Jul-2020,1210,PE,0,0,0,254.9,113.75,0,0,0,0,06-JUL-2020,
OPTSTK,HDFCBANK,30-Jul-2020,1220,PE,0,0,0,286.95,122.25,0,0,0,0,06-JUL-2020,
OPTSTK,HDFCBANK,30-Jul-2020,1230,PE,0,0,0,270.95,130.9,0,0,0,0,06-JUL-2020,
OPTSTK,HDFCBANK,30-Jul-2020,1240,PE,0,0,0,301.9,139.75,0,0,0,0,06-JUL-2020,
OPTSTK,HDFCBANK,30-Jul-2020,1250,PE,0,0,0,232,148.75,0,0,0,0,06-JUL-2020,
OPTSTK,HDFCBANK,30-Jul-2020,1260,PE,0,0,0,317.1,157.85,0,0,0,0,06-JUL-2020,
OPTSTK,HDFCBANK,30-Jul-2020,1270,PE,0,0,0,239.3,167.1,0,0,0,0,06-JUL-2020,
OPTSTK,HDFCBANK,30-Jul-2020,1280,PE,0,0,0,332.55,176.45,0,0,0,0,06-JUL-2020,
OPTSTK,HDFCBANK,30-Jul-2020,1300,PE,199.7,199.7,180.95,180.95,195.45,2,16.39,8800,0,06-JUL-2020,
OPTSTK,HDFCBANK,27-Aug-2020,710,CE,0,0,0,274.15,397.3,0,0,0,0,06-JUL-2020,
OPTSTK,HDFCBANK,27-Aug-2020,720,CE,0,0,0,266.75,387.4,0,0,0,0,06-JUL-2020,
OPTSTK,HDFCBANK,27-Aug-2020,730,CE,0,0,0,259.5,377.45,0,0,0,0,06-JUL-2020,
OPTSTK,HDFCBANK,27-Aug-2020,740,CE,0,0,0,252.4,367.55,0,0,0,0,06-JUL-2020,
OPTSTK,HDFCBANK,27-Aug-2020,750,CE,0,0,0,245.4,357.6,0,0,0,0,06-JUL-2020,
OPTSTK,HDFCBANK,27-Aug-2020,760,CE,0,0,0,238.5,347.7,0,0,0,0,06-JUL-2020,
OPTSTK,HDFCBANK,27-Aug-2020,770,CE,0,0,0,231.75,337.85,0,0,0,0,06-JUL-2020,
OPTSTK,HDFCBANK,27-Aug-2020,780,CE,0,0,0,270,327.95,0,0,1100,0,06-JUL-2020,
OPTSTK,HDFCBANK,27-Aug-2020,790,CE,0,0,0,218.7,318.1,0,0,0,0,06-JUL-2020,
OPTSTK,HDFCBANK,27-Aug-2020,800,CE,297,300,297,300,308.25,2,12.08,3850,1100,06-JUL-2020,
OPTSTK,HDFCBANK,27-Aug-2020,810,CE,0,0,0,206.1,298.45,0,0,0,0,06-JUL-2020,
OPTSTK,HDFCBANK,27-Aug-2020,820,CE,0,0,0,200.05,288.65,0,0,0,0,06-JUL-2020,
OPTSTK,HDFCBANK,27-Aug-2020,830,CE,0,0,0,194.1,278.95,0,0,0,0,06-JUL-2020,
OPTSTK,HDFCBANK,27-Aug-2020,840,CE,0,0,0,188.3,269.25,0,0,0,0,06-JUL-2020,
OPTSTK,HDFCBANK,27-Aug-2020,850,CE,0,0,0,182.65,259.6,0,0,0,0,06-JUL-2020,
OPTSTK,HDFCBANK,27-Aug-2020,860,CE,0,0,0,207.5,250.05,0,0,2200,0,06-JUL-2020,
OPTSTK,HDFCBANK,27-Aug-2020,870,CE,0,0,0,198.4,240.5,0,0,4950,0,06-JUL-2020,
OPTSTK,HDFCBANK,27-Aug-2020,880,CE,0,0,0,166.45,231.1,0,0,0,0,06-JUL-2020,
OPTSTK,HDFCBANK,27-Aug-2020,890,CE,0,0,0,161.3,221.75,0,0,0,0,06-JUL-2020,
OPTSTK,HDFCBANK,27-Aug-2020,900,CE,0,0,0,175,212.55,0,0,1100,0,06-JUL-2020,
OPTSTK,HDFCBANK,27-Aug-2020,910,CE,0,0,0,151.4,203.4,0,0,0,0,06-JUL-2020,
OPTSTK,HDFCBANK,27-Aug-2020,920,CE,0,0,0,185.75,194.45,0,0,2200,0,06-JUL-2020,
OPTSTK,HDFCBANK,27-Aug-2020,930,CE,0,0,0,176.15,185.55,0,0,3300,0,06-JUL-2020,
OPTSTK,HDFCBANK,27-Aug-2020,940,CE,0,0,0,137.45,176.85,0,0,0,0,06-JUL-2020,
OPTSTK,HDFCBANK,27-Aug-2020,950,CE,0,0,0,157.5,168.35,0,0,3300,0,06-JUL-2020,
OPTSTK,HDFCBANK,27-Aug-2020,960,CE,0,0,0,128.8,159.95,0,0,0,0,06-JUL-2020,
OPTSTK,HDFCBANK,27-Aug-2020,970,CE,0,0,0,138.35,151.75,0,0,2200,0,06-JUL-2020,
OPTSTK,HDFCBANK,27-Aug-2020,980,CE,0,0,0,120.55,143.8,0,0,0,0,06-JUL-2020,
OPTSTK,HDFCBANK,27-Aug-2020,990,CE,0,0,0,116.65,136,0,0,0,0,06-JUL-2020,
OPTSTK,HDFCBANK,27-Aug-2020,1000,CE,122.6,128,122.6,128,128.45,2,12.37,6600,0,06-JUL-2020,
OPTSTK,HDFCBANK,27-Aug-2020,1010,CE,0,0,0,109.1,121.1,0,0,0,0,06-JUL-2020,
OPTSTK,HDFCBANK,27-Aug-2020,1020,CE,0,0,0,105.5,114,0,0,0,0,06-JUL-2020,
OPTSTK,HDFCBANK,27-Aug-2020,1030,CE,0,0,0,101.95,107.15,0,0,0,0,06-JUL-2020,
OPTSTK,HDFCBANK,27-Aug-2020,1040,CE,0,0,0,98.55,100.5,0,0,0,0,06-JUL-2020,
OPTSTK,HDFCBANK,27-Aug-2020,1050,CE,0,0,0,95.25,94.15,0,0,0,0,06-JUL-2020,
OPTSTK,HDFCBANK,27-Aug-2020,1060,CE,0,0,0,92.05,88.05,0,0,0,0,06-JUL-2020,
OPTSTK,HDFCBANK,27-Aug-2020,1070,CE,0,0,0,88.95,82.2,0,0,0,0,06-JUL-2020,
OPTSTK,HDFCBANK,27-Aug-2020,1080,CE,0,0,0,85.95,76.6,0,0,0,0,06-JUL-2020,
OPTSTK,HDFCBANK,27-Aug-2020,1090,CE,0,0,0,83,71.3,0,0,0,0,06-JUL-2020,
OPTSTK,HDFCBANK,27-Aug-2020,1100,CE,58.9,65.65,56.9,58.65,58.65,101,645.69,91300,20900,06-JUL-2020,
OPTSTK,HDFCBANK,27-Aug-2020,1110,CE,0,0,0,77.4,61.4,0,0,0,0,06-JUL-2020,
OPTSTK,HDFCBANK,27-Aug-2020,1120,CE,53.05,54,50,50,50,11,70.99,4950,-2750,06-JUL-2020,
OPTSTK,HDFCBANK,27-Aug-2020,1130,CE,0,0,0,72.2,52.55,0,0,0,0,06-JUL-2020,
OPTSTK,HDFCBANK,27-Aug-2020,1140,CE,51.2,51.2,43.3,43.3,48.45,23,149.92,11000,10450,06-JUL-2020,
OPTSTK,HDFCBANK,27-Aug-2020,1150,CE,44,44,37.55,39,39,14,91.57,7150,5500,06-JUL-2020,
OPTSTK,HDFCBANK,27-Aug-2020,1160,CE,0,0,0,25.8,41.05,0,0,550,0,06-JUL-2020,
OPTSTK,HDFCBANK,27-Aug-2020,1170,CE,0,0,0,62.7,37.7,0,0,0,0,06-JUL-2020,
OPTSTK,HDFCBANK,27-Aug-2020,1180,CE,0,0,0,60.55,34.55,0,0,0,0,06-JUL-2020,
OPTSTK,HDFCBANK,27-Aug-2020,1190,CE,0,0,0,29.4,31.65,0,0,9350,0,06-JUL-2020,
OPTSTK,HDFCBANK,27-Aug-2020,1200,CE,24.95,26.1,21.6,22,22,33,222.19,14300,9350,06-JUL-2020,
OPTSTK,HDFCBANK,27-Aug-2020,1220,CE,18.05,19.5,18,19.35,19.35,11,74.94,5500,4950,06-JUL-2020,
OPTSTK,HDFCBANK,27-Aug-2020,1240,CE,0,0,0,22.65,19.85,0,0,0,0,06-JUL-2020,
OPTSTK,HDFCBANK,27-Aug-2020,1260,CE,13.05,13.05,13.05,13.05,16.25,2,14,19250,1100,06-JUL-2020,
OPTSTK,HDFCBANK,27-Aug-2020,1280,CE,12,12,11.9,11.9,13.25,4,28.42,2750,1650,06-JUL-2020,
OPTSTK,HDFCBANK,27-Aug-2020,710,PE,0,0,0,30.25,0.05,0,0,0,0,06-JUL-2020,
OPTSTK,HDFCBANK,27-Aug-2020,720,PE,0,0,0,32.8,0.05,0,0,0,0,06-JUL-2020,
OPTSTK,HDFCBANK,27-Aug-2020,730,PE,0,0,0,35.4,0.05,0,0,0,0,06-JUL-2020,
OPTSTK,HDFCBANK,27-Aug-2020,740,PE,0,0,0,38.15,0.05,0,0,0,0,06-JUL-2020,
OPTSTK,HDFCBANK,27-Aug-2020,750,PE,0,0,0,12.9,0.1,0,0,2200,0,06-JUL-2020,
OPTSTK,HDFCBANK,27-Aug-2020,760,PE,0,0,0,3.5,0.15,0,0,550,0,06-JUL-2020,
OPTSTK,HDFCBANK,27-Aug-2020,770,PE,0,0,0,47.15,0.2,0,0,0,0,06-JUL-2020,
OPTSTK,HDFCBANK,27-Aug-2020,780,PE,0,0,0,50.45,0.25,0,0,0,0,06-JUL-2020,
OPTSTK,HDFCBANK,27-Aug-2020,790,PE,0,0,0,53.85,0.35,0,0,0,0,06-JUL-2020,
OPTSTK,HDFCBANK,27-Aug-2020,800,PE,0,0,0,3.45,0.45,0,0,1650,0,06-JUL-2020,
OPTSTK,HDFCBANK,27-Aug-2020,810,PE,0,0,0,61.05,0.55,0,0,0,0,06-JUL-2020,
OPTSTK,HDFCBANK,27-Aug-2020,820,PE,0,0,0,7.95,0.7,0,0,550,0,06-JUL-2020,
OPTSTK,HDFCBANK,27-Aug-2020,830,PE,0,0,0,68.8,0.9,0,0,0,0,06-JUL-2020,
OPTSTK,HDFCBANK,27-Aug-2020,840,PE,0,0,0,72.85,1.15,0,0,0,0,06-JUL-2020,
OPTSTK,HDFCBANK,27-Aug-2020,850,PE,0,0,0,30,1.45,0,0,0,0,06-JUL-2020,
OPTSTK,HDFCBANK,27-Aug-2020,860,PE,0,0,0,81.45,1.85,0,0,0,0,06-JUL-2020,
OPTSTK,HDFCBANK,27-Aug-2020,870,PE,0,0,0,85.9,2.25,0,0,0,0,06-JUL-2020,
OPTSTK,HDFCBANK,27-Aug-2020,880,PE,0,0,0,90.5,2.8,0,0,0,0,06-JUL-2020,
OPTSTK,HDFCBANK,27-Aug-2020,890,PE,0,0,0,95.25,3.4,0,0,0,0,06-JUL-2020,
OPTSTK,HDFCBANK,27-Aug-2020,900,PE,4.1,7,4.1,5.25,5.25,20,99.62,26400,1650,06-JUL-2020,
OPTSTK,HDFCBANK,27-Aug-2020,910,PE,0,0,0,105.1,4.9,0,0,0,0,06-JUL-2020,
OPTSTK,HDFCBANK,27-Aug-2020,920,PE,0,0,0,25,5.85,0,0,550,0,06-JUL-2020,
OPTSTK,HDFCBANK,27-Aug-2020,930,PE,0,0,0,115.45,6.95,0,0,0,0,06-JUL-2020,
OPTSTK,HDFCBANK,27-Aug-2020,940,PE,0,0,0,120.8,8.2,0,0,0,0,06-JUL-2020,
OPTSTK,HDFCBANK,27-Aug-2020,950,PE,13.75,14.5,13,13,13,5,26.5,4950,0,06-JUL-2020,
OPTSTK,HDFCBANK,27-Aug-2020,960,PE,0,0,0,131.9,11.15,0,0,0,0,06-JUL-2020,
OPTSTK,HDFCBANK,27-Aug-2020,970,PE,0,0,0,32.5,12.9,0,0,0,0,06-JUL-2020,
OPTSTK,HDFCBANK,27-Aug-2020,980,PE,0,0,0,143.4,14.85,0,0,0,0,06-JUL-2020,
OPTSTK,HDFCBANK,27-Aug-2020,990,PE,0,0,0,149.35,17.05,0,0,0,0,06-JUL-2020,
OPTSTK,HDFCBANK,27-Aug-2020,1000,PE,26,26,21.7,22,22,27,151.98,33550,7700,06-JUL-2020,
OPTSTK,HDFCBANK,27-Aug-2020,1010,PE,0,0,0,161.6,22,0,0,0,0,06-JUL-2020,
OPTSTK,HDFCBANK,27-Aug-2020,1020,PE,0,0,0,167.85,24.85,0,0,0,0,06-JUL-2020,
OPTSTK,HDFCBANK,27-Aug-2020,1030,PE,0,0,0,174.2,27.9,0,0,0,0,06-JUL-2020,
OPTSTK,HDFCBANK,27-Aug-2020,1040,PE,0,0,0,180.7,31.25,0,0,0,0,06-JUL-2020,
OPTSTK,HDFCBANK,27-Aug-2020,1050,PE,0,0,0,187.25,34.8,0,0,0,0,06-JUL-2020,
OPTSTK,HDFCBANK,27-Aug-2020,1060,PE,0,0,0,193.95,38.65,0,0,0,0,06-JUL-2020,
OPTSTK,HDFCBANK,27-Aug-2020,1070,PE,0,0,0,200.7,42.75,0,0,0,0,06-JUL-2020,
OPTSTK,HDFCBANK,27-Aug-2020,1080,PE,0,0,0,207.55,47.1,0,0,0,0,06-JUL-2020,
OPTSTK,HDFCBANK,27-Aug-2020,1090,PE,0,0,0,214.5,51.7,0,0,0,0,06-JUL-2020,
OPTSTK,HDFCBANK,27-Aug-2020,1100,PE,57,60.65,56.7,60,60,23,146.56,8800,5500,06-JUL-2020,
OPTSTK,HDFCBANK,27-Aug-2020,1110,PE,0,0,0,228.7,61.7,0,0,0,0,06-JUL-2020,
OPTSTK,HDFCBANK,27-Aug-2020,1120,PE,65,71,65,71,67.1,2,13.06,1100,1100,06-JUL-2020,
OPTSTK,HDFCBANK,27-Aug-2020,1130,PE,0,0,0,243.2,72.7,0,0,0,0,06-JUL-2020,
OPTSTK,HDFCBANK,27-Aug-2020,1140,PE,0,0,0,250.65,78.6,0,0,0,0,06-JUL-2020,
OPTSTK,HDFCBANK,27-Aug-2020,1150,PE,0,0,0,258.1,84.7,0,0,0,0,06-JUL-2020,
OPTSTK,HDFCBANK,27-Aug-2020,1160,PE,0,0,0,265.65,91.05,0,0,0,0,06-JUL-2020,
OPTSTK,HDFCBANK,27-Aug-2020,1170,PE,0,0,0,273.25,97.65,0,0,0,0,06-JUL-2020,
OPTSTK,HDFCBANK,27-Aug-2020,1180,PE,105,105,105,105,104.45,2,14.13,1100,1100,06-JUL-2020,
OPTSTK,HDFCBANK,27-Aug-2020,1190,PE,0,0,0,288.7,111.45,0,0,0,0,06-JUL-2020,
OPTSTK,HDFCBANK,27-Aug-2020,1200,PE,0,0,0,140,118.65,0,0,550,0,06-JUL-2020,
OPTSTK,HDFCBANK,27-Aug-2020,1220,PE,0,0,0,279.65,133.65,0,0,0,0,06-JUL-2020,
OPTSTK,HDFCBANK,27-Aug-2020,1240,PE,0,0,0,247.5,149.35,0,0,0,0,06-JUL-2020,
OPTSTK,HDFCBANK,27-Aug-2020,1260,PE,0,0,0,247.15,165.65,0,0,0,0,06-JUL-2020,
OPTSTK,HDFCBANK,27-Aug-2020,1280,PE,0,0,0,243.8,182.55,0,0,0,0,06-JUL-2020,
OPTSTK,HDFCBANK,24-Sep-2020,720,CE,0,0,0,321,389.95,0,0,0,0,06-JUL-2020,
OPTSTK,HDFCBANK,24-Sep-2020,740,CE,0,0,0,302.65,370.35,0,0,0,0,06-JUL-2020,
OPTSTK,HDFCBANK,24-Sep-2020,760,CE,0,0,0,284.6,350.8,0,0,0,0,06-JUL-2020,
OPTSTK,HDFCBANK,24-Sep-2020,780,CE,0,0,0,266.95,331.4,0,0,0,0,06-JUL-2020,
OPTSTK,HDFCBANK,24-Sep-2020,800,CE,0,0,0,249.75,312.2,0,0,0,0,06-JUL-2020,
OPTSTK,HDFCBANK,24-Sep-2020,820,CE,0,0,0,233.05,293.2,0,0,0,0,06-JUL-2020,
OPTSTK,HDFCBANK,24-Sep-2020,840,CE,0,0,0,216.95,274.45,0,0,0,0,06-JUL-2020,
OPTSTK,HDFCBANK,24-Sep-2020,860,CE,0,0,0,201.35,256.05,0,0,0,0,06-JUL-2020,
OPTSTK,HDFCBANK,24-Sep-2020,880,CE,0,0,0,186.45,238.05,0,0,0,0,06-JUL-2020,
OPTSTK,HDFCBANK,24-Sep-2020,900,CE,0,0,0,172.15,220.5,0,0,0,0,06-JUL-2020,
OPTSTK,HDFCBANK,24-Sep-2020,920,CE,0,0,0,158.55,203.5,0,0,0,0,06-JUL-2020,
OPTSTK,HDFCBANK,24-Sep-2020,940,CE,0,0,0,145.55,187.05,0,0,0,0,06-JUL-2020,
OPTSTK,HDFCBANK,24-Sep-2020,960,CE,0,0,0,133.35,171.3,0,0,0,0,06-JUL-2020,
OPTSTK,HDFCBANK,24-Sep-2020,980,CE,0,0,0,121.9,156.25,0,0,0,0,06-JUL-2020,
OPTSTK,HDFCBANK,24-Sep-2020,1000,CE,0,0,0,111.1,141.9,0,0,0,0,06-JUL-2020,
OPTSTK,HDFCBANK,24-Sep-2020,1020,CE,0,0,0,101.05,128.4,0,0,0,0,06-JUL-2020,
OPTSTK,HDFCBANK,24-Sep-2020,1040,CE,0,0,0,91.65,115.7,0,0,0,0,06-JUL-2020,
OPTSTK,HDFCBANK,24-Sep-2020,1060,CE,0,0,0,82.95,103.85,0,0,0,0,06-JUL-2020,
OPTSTK,HDFCBANK,24-Sep-2020,1080,CE,0,0,0,74.9,92.8,0,0,0,0,06-JUL-2020,
OPTSTK,HDFCBANK,24-Sep-2020,1100,CE,0,0,0,67.5,82.6,0,0,0,0,06-JUL-2020,
OPTSTK,HDFCBANK,24-Sep-2020,1120,CE,0,0,0,60.7,73.25,0,0,0,0,06-JUL-2020,
OPTSTK,HDFCBANK,24-Sep-2020,1140,CE,0,0,0,54.45,64.7,0,0,0,0,06-JUL-2020,
OPTSTK,HDFCBANK,24-Sep-2020,1160,CE,0,0,0,48.75,56.95,0,0,0,0,06-JUL-2020,
OPTSTK,HDFCBANK,24-Sep-2020,1180,CE,0,0,0,43.6,49.9,0,0,0,0,06-JUL-2020,
OPTSTK,HDFCBANK,24-Sep-2020,1200,CE,0,0,0,38.95,43.6,0,0,0,0,06-JUL-2020,
OPTSTK,HDFCBANK,24-Sep-2020,1220,CE,0,0,0,34.7,37.95,0,0,0,0,06-JUL-2020,
OPTSTK,HDFCBANK,24-Sep-2020,1240,CE,0,0,0,30.8,32.9,0,0,0,0,06-JUL-2020,
OPTSTK,HDFCBANK,24-Sep-2020,1260,CE,0,0,0,27.35,28.4,0,0,0,0,06-JUL-2020,
OPTSTK,HDFCBANK,24-Sep-2020,1280,CE,24.95,24.95,24.95,24.95,24.45,2,14.35,1100,1100,06-JUL-2020,
OPTSTK,HDFCBANK,24-Sep-2020,720,PE,0,0,0,3.9,0.3,0,0,0,0,06-JUL-2020,
OPTSTK,HDFCBANK,24-Sep-2020,740,PE,0,0,0,5.3,0.5,0,0,0,0,06-JUL-2020,
OPTSTK,HDFCBANK,24-Sep-2020,760,PE,0,0,0,7.05,0.75,0,0,0,0,06-JUL-2020,
OPTSTK,HDFCBANK,24-Sep-2020,780,PE,0,0,0,9.15,1.2,0,0,0,0,06-JUL-2020,
OPTSTK,HDFCBANK,24-Sep-2020,800,PE,0,0,0,11.75,1.75,0,0,0,0,06-JUL-2020,
OPTSTK,HDFCBANK,24-Sep-2020,820,PE,0,0,0,14.8,2.6,0,0,0,0,06-JUL-2020,
OPTSTK,HDFCBANK,24-Sep-2020,840,PE,0,0,0,18.45,3.65,0,0,0,0,06-JUL-2020,
OPTSTK,HDFCBANK,24-Sep-2020,860,PE,0,0,0,22.65,5.05,0,0,0,0,06-JUL-2020,
OPTSTK,HDFCBANK,24-Sep-2020,880,PE,0,0,0,27.5,6.85,0,0,0,0,06-JUL-2020,
OPTSTK,HDFCBANK,24-Sep-2020,900,PE,0,0,0,32.95,9.15,0,0,0,0,06-JUL-2020,
OPTSTK,HDFCBANK,24-Sep-2020,920,PE,0,0,0,39.1,11.95,0,0,0,0,06-JUL-2020,
OPTSTK,HDFCBANK,24-Sep-2020,940,PE,0,0,0,45.9,15.35,0,0,0,0,06-JUL-2020,
OPTSTK,HDFCBANK,24-Sep-2020,960,PE,0,0,0,53.5,19.4,0,0,0,0,06-JUL-2020,
OPTSTK,HDFCBANK,24-Sep-2020,980,PE,0,0,0,61.75,24.15,0,0,0,0,06-JUL-2020,
OPTSTK,HDFCBANK,24-Sep-2020,1000,PE,0,0,0,70.75,29.65,0,0,0,0,06-JUL-2020,
OPTSTK,HDFCBANK,24-Sep-2020,1020,PE,0,0,0,80.45,35.95,0,0,0,0,06-JUL-2020,
OPTSTK,HDFCBANK,24-Sep-2020,1040,PE,0,0,0,90.85,43.05,0,0,0,0,06-JUL-2020,
OPTSTK,HDFCBANK,24-Sep-2020,1060,PE,0,0,0,101.9,51,0,0,0,0,06-JUL-2020,
OPTSTK,HDFCBANK,24-Sep-2020,1080,PE,0,0,0,113.65,59.8,0,0,0,0,06-JUL-2020,
OPTSTK,HDFCBANK,24-Sep-2020,1100,PE,0,0,0,80.95,69.4,0,0,550,0,06-JUL-2020,
OPTSTK,HDFCBANK,24-Sep-2020,1120,PE,0,0,0,138.95,79.9,0,0,0,0,06-JUL-2020,
OPTSTK,HDFCBANK,24-Sep-2020,1140,PE,0,0,0,152.5,91.15,0,0,0,0,06-JUL-2020,
OPTSTK,HDFCBANK,24-Sep-2020,1160,PE,0,0,0,166.55,103.2,0,0,0,0,06-JUL-2020,
OPTSTK,HDFCBANK,24-Sep-2020,1180,PE,0,0,0,181.2,115.95,0,0,0,0,06-JUL-2020,
OPTSTK,HDFCBANK,24-Sep-2020,1200,PE,0,0,0,196.25,129.45,0,0,0,0,06-JUL-2020,
OPTSTK,HDFCBANK,24-Sep-2020,1220,PE,0,0,0,211.8,143.6,0,0,0,0,06-JUL-2020,
OPTSTK,HDFCBANK,24-Sep-2020,1240,PE,0,0,0,227.65,158.4,0,0,0,0,06-JUL-2020,
OPTSTK,HDFCBANK,24-Sep-2020,1260,PE,0,0,0,243.95,173.75,0,0,0,0,06-JUL-2020,
OPTSTK,HDFCBANK,24-Sep-2020,1280,PE,0,0,0,260.6,189.6,0,0,0,0,06-JUL-2020,
OPTSTK,HDFCLIFE,30-Jul-2020,300,CE,0,0,0,218.25,285.55,0,0,0,0,06-JUL-2020,
OPTSTK,HDFCLIFE,30-Jul-2020,310,CE,0,0,0,210.5,275.55,0,0,0,0,06-JUL-2020,
OPTSTK,HDFCLIFE,30-Jul-2020,320,CE,0,0,0,202.9,265.6,0,0,0,0,06-JUL-2020,
OPTSTK,HDFCLIFE,30-Jul-2020,330,CE,0,0,0,195.55,255.6,0,0,0,0,06-JUL-2020,
OPTSTK,HDFCLIFE,30-Jul-2020,340,CE,0,0,0,188.4,245.65,0,0,0,0,06-JUL-2020,
OPTSTK,HDFCLIFE,30-Jul-2020,350,CE,0,0,0,181.4,235.7,0,0,0,0,06-JUL-2020,
OPTSTK,HDFCLIFE,30-Jul-2020,360,CE,0,0,0,174.6,225.7,0,0,0,0,06-JUL-2020,
OPTSTK,HDFCLIFE,30-Jul-2020,370,CE,0,0,0,168.05,215.75,0,0,0,0,06-JUL-2020,
OPTSTK,HDFCLIFE,30-Jul-2020,380,CE,0,0,0,161.65,205.75,0,0,0,0,06-JUL-2020,
OPTSTK,HDFCLIFE,30-Jul-2020,390,CE,0,0,0,155.5,195.8,0,0,0,0,06-JUL-2020,
OPTSTK,HDFCLIFE,30-Jul-2020,400,CE,0,0,0,149.5,185.8,0,0,0,0,06-JUL-2020,
OPTSTK,HDFCLIFE,30-Jul-2020,410,CE,0,0,0,143.7,175.85,0,0,0,0,06-JUL-2020,
OPTSTK,HDFCLIFE,30-Jul-2020,420,CE,0,0,0,138.1,165.85,0,0,0,0,06-JUL-2020,
OPTSTK,HDFCLIFE,30-Jul-2020,430,CE,0,0,0,132.7,155.9,0,0,0,0,06-JUL-2020,
OPTSTK,HDFCLIFE,30-Jul-2020,440,CE,0,0,0,127.5,145.95,0,0,0,0,06-JUL-2020,
OPTSTK,HDFCLIFE,30-Jul-2020,450,CE,134.9,134.9,134.9,134.9,135.95,1,6.43,1100,0,06-JUL-2020,
OPTSTK,HDFCLIFE,30-Jul-2020,460,CE,0,0,0,117.6,126,0,0,0,0,06-JUL-2020,
OPTSTK,HDFCLIFE,30-Jul-2020,470,CE,0,0,0,112.95,116,0,0,0,0,06-JUL-2020,
OPTSTK,HDFCLIFE,30-Jul-2020,480,CE,0,0,0,108.45,106.05,0,0,0,0,06-JUL-2020,
OPTSTK,HDFCLIFE,30-Jul-2020,490,CE,0,0,0,49,96.05,0,0,1100,0,06-JUL-2020,
OPTSTK,HDFCLIFE,30-Jul-2020,500,CE,84.45,89.9,79.6,89.9,86.1,6,38.5,17600,2200,06-JUL-2020,
OPTSTK,HDFCLIFE,30-Jul-2020,510,CE,0,0,0,30,76.15,0,0,1100,0,06-JUL-2020,
OPTSTK,HDFCLIFE,30-Jul-2020,520,CE,61,72.7,61,66,66.15,21,134.75,26400,-2200,06-JUL-2020,
OPTSTK,HDFCLIFE,30-Jul-2020,530,CE,60.75,63,56.45,58.65,56.25,5,32.44,116600,-1100,06-JUL-2020,
OPTSTK,HDFCLIFE,30-Jul-2020,540,CE,43.35,55.85,43.25,49.4,49.4,25,161.25,82500,14300,06-JUL-2020,
OPTSTK,HDFCLIFE,30-Jul-2020,550,CE,38.95,47.15,36.5,41.8,41.8,79,514.53,415800,-5500,06-JUL-2020,
OPTSTK,HDFCLIFE,30-Jul-2020,560,CE,33,39.25,29.85,34.75,34.75,84,549.11,129800,-9900,06-JUL-2020,
OPTSTK,HDFCLIFE,30-Jul-2020,570,CE,25.85,32.85,24,28.5,28.5,220,1446.99,84700,-45100,06-JUL-2020,
OPTSTK,HDFCLIFE,30-Jul-2020,580,CE,21.95,27.3,19,23.15,23.15,740,4905.44,192500,-75900,06-JUL-2020,
OPTSTK,HDFCLIFE,30-Jul-2020,590,CE,17.6,22.1,15.35,19.05,19.05,773,5179.68,200200,41800,06-JUL-2020,
OPTSTK,HDFCLIFE,30-Jul-2020,600,CE,13.05,17.5,12,14.95,14.95,1770,11969.84,584100,-48400,06-JUL-2020,
OPTSTK,HDFCLIFE,30-Jul-2020,610,CE,10.55,13.65,9.6,11.85,11.85,261,1784.99,49500,-9900,06-JUL-2020,
OPTSTK,HDFCLIFE,30-Jul-2020,620,CE,8,10.6,7.2,9,9,574,3970.36,167200,-31900,06-JUL-2020,
OPTSTK,HDFCLIFE,30-Jul-2020,630,CE,6.9,8.25,5.7,7.05,7.05,153,1072.35,53900,19800,06-JUL-2020,
OPTSTK,HDFCLIFE,30-Jul-2020,640,CE,4.05,6.5,4.05,5.35,5.35,162,1150.16,78100,7700,06-JUL-2020,
OPTSTK,HDFCLIFE,30-Jul-2020,650,CE,4.9,10,3,4.15,4.15,675,4857.35,368500,71500,06-JUL-2020,
OPTSTK,HDFCLIFE,30-Jul-2020,660,CE,2.85,3.95,2.85,3.25,3.25,59,430.52,34100,18700,06-JUL-2020,
OPTSTK,HDFCLIFE,30-Jul-2020,670,CE,2.5,3,2.2,2.55,2.55,95,702.94,70400,34100,06-JUL-2020,
OPTSTK,HDFCLIFE,30-Jul-2020,300,PE,0,0,0,0.2,0.05,0,0,4400,0,06-JUL-2020,
OPTSTK,HDFCLIFE,30-Jul-2020,310,PE,0,0,0,15.5,0.05,0,0,0,0,06-JUL-2020,
OPTSTK,HDFCLIFE,30-Jul-2020,320,PE,0,0,0,17.8,0.05,0,0,0,0,06-JUL-2020,
OPTSTK,HDFCLIFE,30-Jul-2020,330,PE,0,0,0,20.35,0.05,0,0,0,0,06-JUL-2020,
OPTSTK,HDFCLIFE,30-Jul-2020,340,PE,0,0,0,23,0.05,0,0,0,0,06-JUL-2020,
OPTSTK,HDFCLIFE,30-Jul-2020,350,PE,0,0,0,25.9,0.05,0,0,0,0,06-JUL-2020,
OPTSTK,HDFCLIFE,30-Jul-2020,360,PE,0,0,0,29,0.05,0,0,0,0,06-JUL-2020,
OPTSTK,HDFCLIFE,30-Jul-2020,370,PE,0,0,0,32.3,0.05,0,0,0,0,06-JUL-2020,
OPTSTK,HDFCLIFE,30-Jul-2020,380,PE,0,0,0,35.8,0.05,0,0,0,0,06-JUL-2020,
OPTSTK,HDFCLIFE,30-Jul-2020,390,PE,0,0,0,39.5,0.05,0,0,0,0,06-JUL-2020,
OPTSTK,HDFCLIFE,30-Jul-2020,400,PE,0,0,0,0.25,0.05,0,0,7700,0,06-JUL-2020,
OPTSTK,HDFCLIFE,30-Jul-2020,410,PE,0,0,0,0.25,0.05,0,0,1100,0,06-JUL-2020,
OPTSTK,HDFCLIFE,30-Jul-2020,420,PE,0,0,0,51.75,0.05,0,0,0,0,06-JUL-2020,
OPTSTK,HDFCLIFE,30-Jul-2020,430,PE,0,0,0,56.2,0.05,0,0,0,0,06-JUL-2020,
OPTSTK,HDFCLIFE,30-Jul-2020,440,PE,0,0,0,60.85,0.05,0,0,0,0,06-JUL-2020,
OPTSTK,HDFCLIFE,30-Jul-2020,450,PE,0.4,0.55,0.4,0.55,0.05,7,34.68,89100,-4400,06-JUL-2020,
OPTSTK,HDFCLIFE,30-Jul-2020,460,PE,0,0,0,2.05,0.05,0,0,2200,0,06-JUL-2020,
OPTSTK,HDFCLIFE,30-Jul-2020,470,PE,0.5,0.5,0.5,0.5,0.05,2,10.35,6600,2200,06-JUL-2020,
OPTSTK,HDFCLIFE,30-Jul-2020,480,PE,0.85,0.85,0.8,0.8,0.05,6,31.73,17600,0,06-JUL-2020,
OPTSTK,HDFCLIFE,30-Jul-2020,490,PE,0.95,0.95,0.95,0.95,0.05,2,10.8,6600,-1100,06-JUL-2020,
OPTSTK,HDFCLIFE,30-Jul-2020,500,PE,1.9,2,1.4,1.55,1.55,83,457.99,218900,24200,06-JUL-2020,
OPTSTK,HDFCLIFE,30-Jul-2020,510,PE,2.3,2.35,1.8,1.9,1.9,18,101.39,22000,1100,06-JUL-2020,
OPTSTK,HDFCLIFE,30-Jul-2020,520,PE,3.15,3.9,2.5,2.65,2.65,128,736.45,124300,-14300,06-JUL-2020,
OPTSTK,HDFCLIFE,30-Jul-2020,530,PE,4.15,5.35,3.15,3.65,3.65,112,657.97,104500,-3300,06-JUL-2020,
OPTSTK,HDFCLIFE,30-Jul-2020,540,PE,6.05,7.5,4.7,5.3,5.3,178,1068.94,129800,11000,06-JUL-2020,
OPTSTK,HDFCLIFE,30-Jul-2020,550,PE,8.6,10.25,6.45,7.45,7.45,356,2184.93,209000,37400,06-JUL-2020,
OPTSTK,HDFCLIFE,30-Jul-2020,560,PE,12.65,13.8,8.9,10.4,10.4,255,1600.86,95700,3300,06-JUL-2020,
OPTSTK,HDFCLIFE,30-Jul-2020,570,PE,16.95,17.95,11.95,13.95,13.95,207,1330.94,62700,4400,06-JUL-2020,
OPTSTK,HDFCLIFE,30-Jul-2020,580,PE,20.7,23,15.75,18.55,18.55,249,1638.84,48400,26400,06-JUL-2020,
OPTSTK,HDFCLIFE,30-Jul-2020,590,PE,21,24.9,21,24.55,24.55,71,478.6,26400,22000,06-JUL-2020,
OPTSTK,HDFCLIFE,30-Jul-2020,600,PE,34.4,34.5,26.9,29.85,29.85,20,138.53,16500,4400,06-JUL-2020,
OPTSTK,HDFCLIFE,30-Jul-2020,610,PE,38.2,38.2,38.2,38.2,26.25,2,14.26,2200,2200,06-JUL-2020,
OPTSTK,HDFCLIFE,30-Jul-2020,620,PE,0,0,0,52.45,34.85,0,0,1100,0,06-JUL-2020,
OPTSTK,HDFCLIFE,30-Jul-2020,630,PE,0,0,0,179.25,44.1,0,0,0,0,06-JUL-2020,
OPTSTK,HDFCLIFE,30-Jul-2020,640,PE,0,0,0,90,53.75,0,0,1100,0,06-JUL-2020,
OPTSTK,HDFCLIFE,30-Jul-2020,650,PE,0,0,0,96.75,63.55,0,0,1100,0,06-JUL-2020,
OPTSTK,HDFCLIFE,30-Jul-2020,660,PE,0,0,0,202.05,73.5,0,0,0,0,06-JUL-2020,
OPTSTK,HDFCLIFE,30-Jul-2020,670,PE,0,0,0,209.8,83.45,0,0,0,0,06-JUL-2020,
OPTSTK,HDFCLIFE,27-Aug-2020,320,CE,0,0,0,205.75,266.65,0,0,0,0,06-JUL-2020,
OPTSTK,HDFCLIFE,27-Aug-2020,330,CE,0,0,0,197.05,256.7,0,0,0,0,06-JUL-2020,
OPTSTK,HDFCLIFE,27-Aug-2020,340,CE,0,0,0,188.5,246.75,0,0,0,0,06-JUL-2020,
OPTSTK,HDFCLIFE,27-Aug-2020,350,CE,0,0,0,180.15,236.8,0,0,0,0,06-JUL-2020,
OPTSTK,HDFCLIFE,27-Aug-2020,360,CE,0,0,0,172,226.85,0,0,0,0,06-JUL-2020,
OPTSTK,HDFCLIFE,27-Aug-2020,370,CE,0,0,0,164.05,216.95,0,0,0,0,06-JUL-2020,
OPTSTK,HDFCLIFE,27-Aug-2020,380,CE,0,0,0,156.3,207,0,0,0,0,06-JUL-2020,
OPTSTK,HDFCLIFE,27-Aug-2020,390,CE,0,0,0,148.8,197.05,0,0,0,0,06-JUL-2020,
OPTSTK,HDFCLIFE,27-Aug-2020,400,CE,0,0,0,141.55,187.1,0,0,0,0,06-JUL-2020,
OPTSTK,HDFCLIFE,27-Aug-2020,410,CE,0,0,0,134.5,177.15,0,0,0,0,06-JUL-2020,
OPTSTK,HDFCLIFE,27-Aug-2020,420,CE,0,0,0,127.75,167.25,0,0,0,0,06-JUL-2020,
OPTSTK,HDFCLIFE,27-Aug-2020,430,CE,0,0,0,121.15,157.3,0,0,0,0,06-JUL-2020,
OPTSTK,HDFCLIFE,27-Aug-2020,440,CE,0,0,0,114.85,147.35,0,0,0,0,06-JUL-2020,
OPTSTK,HDFCLIFE,27-Aug-2020,450,CE,0,0,0,108.75,137.4,0,0,0,0,06-JUL-2020,
OPTSTK,HDFCLIFE,27-Aug-2020,460,CE,0,0,0,102.95,127.5,0,0,0,0,06-JUL-2020,
OPTSTK,HDFCLIFE,27-Aug-2020,470,CE,0,0,0,97.35,117.55,0,0,0,0,06-JUL-2020,
OPTSTK,HDFCLIFE,27-Aug-2020,480,CE,0,0,0,92.05,107.6,0,0,0,0,06-JUL-2020,
OPTSTK,HDFCLIFE,27-Aug-2020,490,CE,0,0,0,86.95,97.7,0,0,0,0,06-JUL-2020,
OPTSTK,HDFCLIFE,27-Aug-2020,500,CE,0,0,0,88,87.8,0,0,1100,0,06-JUL-2020,
OPTSTK,HDFCLIFE,27-Aug-2020,510,CE,0,0,0,77.4,77.95,0,0,0,0,06-JUL-2020,
OPTSTK,HDFCLIFE,27-Aug-2020,520,CE,0,0,0,72.95,68.25,0,0,0,0,06-JUL-2020,
OPTSTK,HDFCLIFE,27-Aug-2020,530,CE,0,0,0,68.75,58.7,0,0,0,0,06-JUL-2020,
OPTSTK,HDFCLIFE,27-Aug-2020,540,CE,0,0,0,64.75,49.55,0,0,0,0,06-JUL-2020,
OPTSTK,HDFCLIFE,27-Aug-2020,550,CE,0,0,0,60.95,40.85,0,0,0,0,06-JUL-2020,
OPTSTK,HDFCLIFE,27-Aug-2020,560,CE,0,0,0,57.35,32.85,0,0,0,0,06-JUL-2020,
OPTSTK,HDFCLIFE,27-Aug-2020,570,CE,0,0,0,33,25.7,0,0,1100,0,06-JUL-2020,
OPTSTK,HDFCLIFE,27-Aug-2020,580,CE,0,0,0,50.65,19.5,0,0,0,0,06-JUL-2020,
OPTSTK,HDFCLIFE,27-Aug-2020,590,CE,0,0,0,47.6,14.3,0,0,0,0,06-JUL-2020,
OPTSTK,HDFCLIFE,27-Aug-2020,600,CE,24,28.8,24,24.55,10.15,6,41.34,9900,0,06-JUL-2020,
OPTSTK,HDFCLIFE,27-Aug-2020,610,CE,0,0,0,41.95,6.95,0,0,0,0,06-JUL-2020,
OPTSTK,HDFCLIFE,27-Aug-2020,620,CE,0,0,0,39.35,4.6,0,0,0,0,06-JUL-2020,
OPTSTK,HDFCLIFE,27-Aug-2020,630,CE,0,0,0,36.95,2.95,0,0,0,0,06-JUL-2020,
OPTSTK,HDFCLIFE,27-Aug-2020,640,CE,0,0,0,34.65,1.8,0,0,0,0,06-JUL-2020,
OPTSTK,HDFCLIFE,27-Aug-2020,650,CE,0,0,0,10,1.05,0,0,2200,0,06-JUL-2020,
OPTSTK,HDFCLIFE,27-Aug-2020,660,CE,0,0,0,30.45,0.6,0,0,0,0,06-JUL-2020,
OPTSTK,HDFCLIFE,27-Aug-2020,670,CE,0,0,0,28.55,0.35,0,0,0,0,06-JUL-2020,
OPTSTK,HDFCLIFE,27-Aug-2020,320,PE,0,0,0,5.05,0.05,0,0,0,0,06-JUL-2020,
OPTSTK,HDFCLIFE,27-Aug-2020,330,PE,0,0,0,6.2,0.05,0,0,0,0,06-JUL-2020,
OPTSTK,HDFCLIFE,27-Aug-2020,340,PE,0,0,0,7.55,0.05,0,0,0,0,06-JUL-2020,
OPTSTK,HDFCLIFE,27-Aug-2020,350,PE,0,0,0,9.1,0.05,0,0,0,0,06-JUL-2020,
OPTSTK,HDFCLIFE,27-Aug-2020,360,PE,0,0,0,10.8,0.05,0,0,0,0,06-JUL-2020,
OPTSTK,HDFCLIFE,27-Aug-2020,370,PE,0,0,0,12.75,0.05,0,0,0,0,06-JUL-2020,
OPTSTK,HDFCLIFE,27-Aug-2020,380,PE,0,0,0,14.9,0.05,0,0,0,0,06-JUL-2020,
OPTSTK,HDFCLIFE,27-Aug-2020,390,PE,0,0,0,17.3,0.05,0,0,0,0,06-JUL-2020,
OPTSTK,HDFCLIFE,27-Aug-2020,400,PE,0,0,0,19.9,0.05,0,0,0,0,06-JUL-2020,
OPTSTK,HDFCLIFE,27-Aug-2020,410,PE,0,0,0,22.75,0.05,0,0,0,0,06-JUL-2020,
OPTSTK,HDFCLIFE,27-Aug-2020,420,PE,0,0,0,25.85,0.05,0,0,0,0,06-JUL-2020,
OPTSTK,HDFCLIFE,27-Aug-2020,430,PE,0,0,0,29.15,0.05,0,0,0,0,06-JUL-2020,
OPTSTK,HDFCLIFE,27-Aug-2020,440,PE,0,0,0,32.7,0.05,0,0,0,0,06-JUL-2020,
OPTSTK,HDFCLIFE,27-Aug-2020,450,PE,0,0,0,36.5,0.05,0,0,0,0,06-JUL-2020,
OPTSTK,HDFCLIFE,27-Aug-2020,460,PE,0,0,0,40.55,0.05,0,0,0,0,06-JUL-2020,
OPTSTK,HDFCLIFE,27-Aug-2020,470,PE,0,0,0,44.85,0.05,0,0,0,0,06-JUL-2020,
OPTSTK,HDFCLIFE,27-Aug-2020,480,PE,0,0,0,49.4,0.05,0,0,0,0,06-JUL-2020,
OPTSTK,HDFCLIFE,27-Aug-2020,490,PE,0,0,0,54.2,0.05,0,0,0,0,06-JUL-2020,
OPTSTK,HDFCLIFE,27-Aug-2020,500,PE,0,0,0,59.2,0.05,0,0,0,0,06-JUL-2020,
OPTSTK,HDFCLIFE,27-Aug-2020,510,PE,0,0,0,64.4,0.15,0,0,0,0,06-JUL-2020,
OPTSTK,HDFCLIFE,27-Aug-2020,520,PE,0,0,0,69.85,0.4,0,0,0,0,06-JUL-2020,
OPTSTK,HDFCLIFE,27-Aug-2020,530,PE,0,0,0,75.5,0.8,0,0,0,0,06-JUL-2020,
OPTSTK,HDFCLIFE,27-Aug-2020,540,PE,0,0,0,81.4,1.6,0,0,0,0,06-JUL-2020,
OPTSTK,HDFCLIFE,27-Aug-2020,550,PE,0,0,0,87.45,2.85,0,0,0,0,06-JUL-2020,
OPTSTK,HDFCLIFE,27-Aug-2020,560,PE,0,0,0,21.5,4.8,0,0,1100,0,06-JUL-2020,
OPTSTK,HDFCLIFE,27-Aug-2020,570,PE,0,0,0,100.2,7.55,0,0,0,0,06-JUL-2020,
OPTSTK,HDFCLIFE,27-Aug-2020,580,PE,0,0,0,106.8,11.3,0,0,0,0,06-JUL-2020,
OPTSTK,HDFCLIFE,27-Aug-2020,590,PE,0,0,0,113.65,16.05,0,0,0,0,06-JUL-2020,
OPTSTK,HDFCLIFE,27-Aug-2020,600,PE,0,0,0,120.6,21.8,0,0,0,0,06-JUL-2020,
OPTSTK,HDFCLIFE,27-Aug-2020,610,PE,0,0,0,127.75,28.55,0,0,0,0,06-JUL-2020,
OPTSTK,HDFCLIFE,27-Aug-2020,620,PE,0,0,0,135.05,36.15,0,0,0,0,06-JUL-2020,
OPTSTK,HDFCLIFE,27-Aug-2020,630,PE,0,0,0,142.5,44.45,0,0,0,0,06-JUL-2020,
OPTSTK,HDFCLIFE,27-Aug-2020,640,PE,0,0,0,150.1,53.25,0,0,0,0,06-JUL-2020,
OPTSTK,HDFCLIFE,27-Aug-2020,650,PE,0,0,0,157.8,62.45,0,0,0,0,06-JUL-2020,
OPTSTK,HDFCLIFE,27-Aug-2020,660,PE,0,0,0,165.65,71.95,0,0,0,0,06-JUL-2020,
OPTSTK,HDFCLIFE,27-Aug-2020,670,PE,0,0,0,173.6,81.6,0,0,0,0,06-JUL-2020,
OPTSTK,HDFCLIFE,24-Sep-2020,340,CE,0,0,0,206.45,247.85,0,0,0,0,06-JUL-2020,
OPTSTK,HDFCLIFE,24-Sep-2020,350,CE,0,0,0,197.6,237.95,0,0,0,0,06-JUL-2020,
OPTSTK,HDFCLIFE,24-Sep-2020,360,CE,0,0,0,188.85,228.05,0,0,0,0,06-JUL-2020,
OPTSTK,HDFCLIFE,24-Sep-2020,370,CE,0,0,0,180.3,218.15,0,0,0,0,06-JUL-2020,
OPTSTK,HDFCLIFE,24-Sep-2020,380,CE,0,0,0,171.95,208.2,0,0,0,0,06-JUL-2020,
OPTSTK,HDFCLIFE,24-Sep-2020,390,CE,0,0,0,163.8,198.3,0,0,0,0,06-JUL-2020,
OPTSTK,HDFCLIFE,24-Sep-2020,400,CE,0,0,0,155.9,188.4,0,0,0,0,06-JUL-2020,
OPTSTK,HDFCLIFE,24-Sep-2020,410,CE,0,0,0,148.15,178.5,0,0,0,0,06-JUL-2020,
OPTSTK,HDFCLIFE,24-Sep-2020,420,CE,0,0,0,140.7,168.6,0,0,0,0,06-JUL-2020,
OPTSTK,HDFCLIFE,24-Sep-2020,430,CE,0,0,0,133.45,158.7,0,0,0,0,06-JUL-2020,
OPTSTK,HDFCLIFE,24-Sep-2020,440,CE,0,0,0,126.45,148.8,0,0,0,0,06-JUL-2020,
OPTSTK,HDFCLIFE,24-Sep-2020,450,CE,0,0,0,119.7,138.9,0,0,0,0,06-JUL-2020,
OPTSTK,HDFCLIFE,24-Sep-2020,460,CE,0,0,0,113.15,129,0,0,0,0,06-JUL-2020,
OPTSTK,HDFCLIFE,24-Sep-2020,470,CE,0,0,0,106.9,119.1,0,0,0,0,06-JUL-2020,
OPTSTK,HDFCLIFE,24-Sep-2020,480,CE,0,0,0,100.9,109.2,0,0,0,0,06-JUL-2020,
OPTSTK,HDFCLIFE,24-Sep-2020,490,CE,0,0,0,95.15,99.4,0,0,0,0,06-JUL-2020,
OPTSTK,HDFCLIFE,24-Sep-2020,500,CE,0,0,0,89.65,89.65,0,0,0,0,06-JUL-2020,
OPTSTK,HDFCLIFE,24-Sep-2020,510,CE,0,0,0,84.4,80.05,0,0,0,0,06-JUL-2020,
OPTSTK,HDFCLIFE,24-Sep-2020,520,CE,0,0,0,79.35,70.6,0,0,0,0,06-JUL-2020,
OPTSTK,HDFCLIFE,24-Sep-2020,530,CE,0,0,0,74.6,61.5,0,0,0,0,06-JUL-2020,
OPTSTK,HDFCLIFE,24-Sep-2020,540,CE,0,0,0,70.05,52.75,0,0,0,0,06-JUL-2020,
OPTSTK,HDFCLIFE,24-Sep-2020,550,CE,0,0,0,65.75,44.55,0,0,0,0,06-JUL-2020,
OPTSTK,HDFCLIFE,24-Sep-2020,560,CE,0,0,0,61.65,37,0,0,0,0,06-JUL-2020,
OPTSTK,HDFCLIFE,24-Sep-2020,570,CE,0,0,0,57.8,30.15,0,0,0,0,06-JUL-2020,
OPTSTK,HDFCLIFE,24-Sep-2020,580,CE,0,0,0,54.1,24.05,0,0,0,0,06-JUL-2020,
OPTSTK,HDFCLIFE,24-Sep-2020,590,CE,0,0,0,50.65,18.85,0,0,0,0,06-JUL-2020,
OPTSTK,HDFCLIFE,24-Sep-2020,600,CE,0,0,0,47.35,14.45,0,0,0,0,06-JUL-2020,
OPTSTK,HDFCLIFE,24-Sep-2020,610,CE,0,0,0,44.3,10.85,0,0,0,0,06-JUL-2020,
OPTSTK,HDFCLIFE,24-Sep-2020,620,CE,0,0,0,41.4,7.95,0,0,0,0,06-JUL-2020,
OPTSTK,HDFCLIFE,24-Sep-2020,630,CE,0,0,0,38.65,5.7,0,0,0,0,06-JUL-2020,
OPTSTK,HDFCLIFE,24-Sep-2020,640,CE,0,0,0,36.1,4,0,0,0,0,06-JUL-2020,
OPTSTK,HDFCLIFE,24-Sep-2020,650,CE,0,0,0,33.65,2.75,0,0,0,0,06-JUL-2020,
OPTSTK,HDFCLIFE,24-Sep-2020,660,CE,0,0,0,31.4,1.85,0,0,0,0,06-JUL-2020,
OPTSTK,HDFCLIFE,24-Sep-2020,670,CE,0,0,0,29.3,1.25,0,0,0,0,06-JUL-2020,
OPTSTK,HDFCLIFE,24-Sep-2020,340,PE,0,0,0,4.1,0.05,0,0,0,0,06-JUL-2020,
OPTSTK,HDFCLIFE,24-Sep-2020,350,PE,0,0,0,5.1,0.05,0,0,0,0,06-JUL-2020,
OPTSTK,HDFCLIFE,24-Sep-2020,360,PE,0,0,0,6.3,0.05,0,0,0,0,06-JUL-2020,
OPTSTK,HDFCLIFE,24-Sep-2020,370,PE,0,0,0,7.6,0.05,0,0,0,0,06-JUL-2020,
OPTSTK,HDFCLIFE,24-Sep-2020,380,PE,0,0,0,9.15,0.05,0,0,0,0,06-JUL-2020,
OPTSTK,HDFCLIFE,24-Sep-2020,390,PE,0,0,0,10.9,0.05,0,0,0,0,06-JUL-2020,
OPTSTK,HDFCLIFE,24-Sep-2020,400,PE,0,0,0,12.85,0.05,0,0,0,0,06-JUL-2020,
OPTSTK,HDFCLIFE,24-Sep-2020,410,PE,0,0,0,15,0.05,0,0,0,0,06-JUL-2020,
OPTSTK,HDFCLIFE,24-Sep-2020,420,PE,0,0,0,17.45,0.05,0,0,0,0,06-JUL-2020,
OPTSTK,HDFCLIFE,24-Sep-2020,430,PE,0,0,0,20.05,0.05,0,0,0,0,06-JUL-2020,
OPTSTK,HDFCLIFE,24-Sep-2020,440,PE,0,0,0,22.95,0.05,0,0,0,0,06-JUL-2020,
OPTSTK,HDFCLIFE,24-Sep-2020,450,PE,0,0,0,26.05,0.05,0,0,0,0,06-JUL-2020,
OPTSTK,HDFCLIFE,24-Sep-2020,460,PE,0,0,0,29.45,0.05,0,0,0,0,06-JUL-2020,
OPTSTK,HDFCLIFE,24-Sep-2020,470,PE,0,0,0,33.05,0.05,0,0,0,0,06-JUL-2020,
OPTSTK,HDFCLIFE,24-Sep-2020,480,PE,0,0,0,36.9,0.05,0,0,0,0,06-JUL-2020,
OPTSTK,HDFCLIFE,24-Sep-2020,490,PE,0,0,0,41.05,0.15,0,0,0,0,06-JUL-2020,
OPTSTK,HDFCLIFE,24-Sep-2020,500,PE,0,0,0,45.45,0.3,0,0,0,0,06-JUL-2020,
OPTSTK,HDFCLIFE,24-Sep-2020,510,PE,0,0,0,50.05,0.6,0,0,0,0,06-JUL-2020,
OPTSTK,HDFCLIFE,24-Sep-2020,520,PE,0,0,0,54.95,1.1,0,0,0,0,06-JUL-2020,
OPTSTK,HDFCLIFE,24-Sep-2020,530,PE,0,0,0,60.05,1.9,0,0,0,0,06-JUL-2020,
OPTSTK,HDFCLIFE,24-Sep-2020,540,PE,0,0,0,65.4,3.05,0,0,0,0,06-JUL-2020,
OPTSTK,HDFCLIFE,24-Sep-2020,550,PE,0,0,0,70.95,4.75,0,0,0,0,06-JUL-2020,
OPTSTK,HDFCLIFE,24-Sep-2020,560,PE,0,0,0,76.75,7.1,0,0,0,0,06-JUL-2020,
OPTSTK,HDFCLIFE,24-Sep-2020,570,PE,0,0,0,82.75,10.15,0,0,0,0,06-JUL-2020,
OPTSTK,HDFCLIFE,24-Sep-2020,580,PE,0,0,0,89,14,0,0,0,0,06-JUL-2020,
OPTSTK,HDFCLIFE,24-Sep-2020,590,PE,0,0,0,95.4,18.65,0,0,0,0,06-JUL-2020,
OPTSTK,HDFCLIFE,24-Sep-2020,600,PE,0,0,0,102,24.2,0,0,0,0,06-JUL-2020,
OPTSTK,HDFCLIFE,24-Sep-2020,610,PE,0,0,0,108.8,30.5,0,0,0,0,06-JUL-2020,
OPTSTK,HDFCLIFE,24-Sep-2020,620,PE,0,0,0,115.8,37.5,0,0,0,0,06-JUL-2020,
OPTSTK,HDFCLIFE,24-Sep-2020,630,PE,0,0,0,122.95,45.2,0,0,0,0,06-JUL-2020,
OPTSTK,HDFCLIFE,24-Sep-2020,640,PE,0,0,0,130.25,53.4,0,0,0,0,06-JUL-2020,
OPTSTK,HDFCLIFE,24-Sep-2020,650,PE,0,0,0,137.75,62.05,0,0,0,0,06-JUL-2020,
OPTSTK,HDFCLIFE,24-Sep-2020,660,PE,0,0,0,145.35,71.05,0,0,0,0,06-JUL-2020,
OPTSTK,HDFCLIFE,24-Sep-2020,670,PE,0,0,0,153.1,80.3,0,0,0,0,06-JUL-2020,
OPTSTK,HEROMOTOCO,30-Jul-2020,1350,CE,0,0,0,883.7,1424.7,0,0,0,0,06-JUL-2020,
OPTSTK,HEROMOTOCO,30-Jul-2020,1400,CE,0,0,0,844.15,1374.85,0,0,0,0,06-JUL-2020,
OPTSTK,HEROMOTOCO,30-Jul-2020,1450,CE,0,0,0,805.75,1325,0,0,0,0,06-JUL-2020,
OPTSTK,HEROMOTOCO,30-Jul-2020,1500,CE,0,0,0,768.65,1275.15,0,0,0,0,06-JUL-2020,
OPTSTK,HEROMOTOCO,30-Jul-2020,1550,CE,0,0,0,732.65,1225.3,0,0,0,0,06-JUL-2020,
OPTSTK,HEROMOTOCO,30-Jul-2020,1600,CE,0,0,0,697.85,1175.4,0,0,0,0,06-JUL-2020,
OPTSTK,HEROMOTOCO,30-Jul-2020,1650,CE,0,0,0,664.3,1125.55,0,0,0,0,06-JUL-2020,
OPTSTK,HEROMOTOCO,30-Jul-2020,1700,CE,0,0,0,632,1075.7,0,0,0,0,06-JUL-2020,
OPTSTK,HEROMOTOCO,30-Jul-2020,1750,CE,0,0,0,600.95,1025.85,0,0,0,0,06-JUL-2020,
OPTSTK,HEROMOTOCO,30-Jul-2020,1800,CE,0,0,0,571.1,975.95,0,0,0,0,06-JUL-2020,
OPTSTK,HEROMOTOCO,30-Jul-2020,1850,CE,0,0,0,542.4,926.1,0,0,0,0,06-JUL-2020,
OPTSTK,HEROMOTOCO,30-Jul-2020,1900,CE,0,0,0,515,876.25,0,0,0,0,06-JUL-2020,
OPTSTK,HEROMOTOCO,30-Jul-2020,1950,CE,0,0,0,488.75,826.4,0,0,0,0,06-JUL-2020,
OPTSTK,HEROMOTOCO,30-Jul-2020,2000,CE,0,0,0,463.65,776.6,0,0,0,0,06-JUL-2020,
OPTSTK,HEROMOTOCO,30-Jul-2020,2050,CE,0,0,0,439.7,726.8,0,0,0,0,06-JUL-2020,
OPTSTK,HEROMOTOCO,30-Jul-2020,2100,CE,0,0,0,416.8,677.1,0,0,0,0,06-JUL-2020,
OPTSTK,HEROMOTOCO,30-Jul-2020,2150,CE,0,0,0,307.75,627.55,0,0,900,0,06-JUL-2020,
OPTSTK,HEROMOTOCO,30-Jul-2020,2200,CE,0,0,0,361.65,578.25,0,0,3300,0,06-JUL-2020,
OPTSTK,HEROMOTOCO,30-Jul-2020,2250,CE,0,0,0,354.4,529.35,0,0,0,0,06-JUL-2020,
OPTSTK,HEROMOTOCO,30-Jul-2020,2300,CE,411.25,447.5,411.25,447.5,447.5,20,163.82,12600,-4800,06-JUL-2020,
OPTSTK,HEROMOTOCO,30-Jul-2020,2350,CE,0,0,0,273,433.65,0,0,1500,0,06-JUL-2020,
OPTSTK,HEROMOTOCO,30-Jul-2020,2400,CE,321.4,359,311.95,359,359,16,131.47,14100,-600,06-JUL-2020,
OPTSTK,HEROMOTOCO,30-Jul-2020,2450,CE,0,0,0,283.7,342.9,0,0,6600,0,06-JUL-2020,
OPTSTK,HEROMOTOCO,30-Jul-2020,2500,CE,238.75,272,225.6,271.3,271.3,50,412.56,48000,600,06-JUL-2020,
OPTSTK,HEROMOTOCO,30-Jul-2020,2550,CE,199.95,233.6,199.25,232.4,232.4,16,132.83,35700,0,06-JUL-2020,
OPTSTK,HEROMOTOCO,30-Jul-2020,2600,CE,172,195,156,194,194,51,425.66,93300,-5400,06-JUL-2020,
OPTSTK,HEROMOTOCO,30-Jul-2020,2650,CE,160.75,161,126.85,157.7,157.7,89,747.5,18000,-6900,06-JUL-2020,
OPTSTK,HEROMOTOCO,30-Jul-2020,2700,CE,116,131.75,97.9,128.9,128.9,374,3160.54,75900,1200,06-JUL-2020,
OPTSTK,HEROMOTOCO,30-Jul-2020,2750,CE,91.85,105,78,102.45,102.45,788,6727.24,41400,3300,06-JUL-2020,
OPTSTK,HEROMOTOCO,30-Jul-2020,2800,CE,74,82.25,59.3,79.85,79.85,1575,13580.66,124500,17100,06-JUL-2020,
OPTSTK,HEROMOTOCO,30-Jul-2020,2850,CE,54,63.2,44.75,61.25,61.25,298,2598.76,35400,3900,06-JUL-2020,
OPTSTK,HEROMOTOCO,30-Jul-2020,2900,CE,42,48.05,33,46.35,46.35,553,4879.72,84900,11400,06-JUL-2020,
OPTSTK,HEROMOTOCO,30-Jul-2020,2950,CE,30.4,36.05,25,34.6,34.6,121,1082.61,14700,3300,06-JUL-2020,
OPTSTK,HEROMOTOCO,30-Jul-2020,3000,CE,23.05,27,17.55,25.5,25.5,984,8924.8,91500,6600,06-JUL-2020,
OPTSTK,HEROMOTOCO,30-Jul-2020,3050,CE,11.55,19.5,11.55,18.95,18.95,44,404.89,17100,600,06-JUL-2020,
OPTSTK,HEROMOTOCO,30-Jul-2020,3100,CE,10.25,14.7,9,14.05,14.05,168,1568.8,32100,21000,06-JUL-2020,
OPTSTK,HEROMOTOCO,30-Jul-2020,3150,CE,0,0,0,68.9,17.3,0,0,0,0,06-JUL-2020,
OPTSTK,HEROMOTOCO,30-Jul-2020,3200,CE,0,0,0,62.95,12.7,0,0,0,0,06-JUL-2020,
OPTSTK,HEROMOTOCO,30-Jul-2020,3250,CE,0,0,0,69.8,9.2,0,0,0,0,06-JUL-2020,
OPTSTK,HEROMOTOCO,30-Jul-2020,1350,PE,0,0,0,49.9,0.05,0,0,0,0,06-JUL-2020,
OPTSTK,HEROMOTOCO,30-Jul-2020,1400,PE,0,0,0,59.7,0.05,0,0,0,0,06-JUL-2020,
OPTSTK,HEROMOTOCO,30-Jul-2020,1450,PE,0,0,0,70.7,0.05,0,0,0,0,06-JUL-2020,
OPTSTK,HEROMOTOCO,30-Jul-2020,1500,PE,0,0,0,82.9,0.05,0,0,0,0,06-JUL-2020,
OPTSTK,HEROMOTOCO,30-Jul-2020,1550,PE,0,0,0,96.3,0.05,0,0,0,0,06-JUL-2020,
OPTSTK,HEROMOTOCO,30-Jul-2020,1600,PE,0,0,0,1,0.05,0,0,300,0,06-JUL-2020,
OPTSTK,HEROMOTOCO,30-Jul-2020,1650,PE,0,0,0,6.3,0.05,0,0,300,0,06-JUL-2020,
OPTSTK,HEROMOTOCO,30-Jul-2020,1700,PE,0,0,0,11.5,0.05,0,0,300,0,06-JUL-2020,
OPTSTK,HEROMOTOCO,30-Jul-2020,1750,PE,0,0,0,162.05,0.05,0,0,0,0,06-JUL-2020,
OPTSTK,HEROMOTOCO,30-Jul-2020,1800,PE,0,0,0,181.6,0.05,0,0,0,0,06-JUL-2020,
OPTSTK,HEROMOTOCO,30-Jul-2020,1850,PE,0,0,0,0.75,0.05,0,0,600,0,06-JUL-2020,
OPTSTK,HEROMOTOCO,30-Jul-2020,1900,PE,1.5,1.5,1.5,1.5,0.05,1,5.7,5100,-300,06-JUL-2020,
OPTSTK,HEROMOTOCO,30-Jul-2020,1950,PE,0,0,0,247.35,0.05,0,0,0,0,06-JUL-2020,
OPTSTK,HEROMOTOCO,30-Jul-2020,2000,PE,2.45,4.5,2,2.1,2.1,40,240.33,34500,-3900,06-JUL-2020,
OPTSTK,HEROMOTOCO,30-Jul-2020,2050,PE,0,0,0,297,0.15,0,0,0,0,06-JUL-2020,
OPTSTK,HEROMOTOCO,30-Jul-2020,2100,PE,5,5,3.35,3.45,0.3,11,69.42,14100,300,06-JUL-2020,
OPTSTK,HEROMOTOCO,30-Jul-2020,2150,PE,0,0,0,4.9,0.6,0,0,6300,0,06-JUL-2020,
OPTSTK,HEROMOTOCO,30-Jul-2020,2200,PE,5.25,8.15,5.25,6.05,6.05,265,1753.9,34800,300,06-JUL-2020,
OPTSTK,HEROMOTOCO,30-Jul-2020,2250,PE,9.15,9.15,6,8.4,8.4,7,47.42,12900,-300,06-JUL-2020,
OPTSTK,HEROMOTOCO,30-Jul-2020,2300,PE,11,14,9.25,10.35,10.35,130,901.39,63900,2400,06-JUL-2020,
OPTSTK,HEROMOTOCO,30-Jul-2020,2350,PE,13.75,14.45,11.3,13.1,13.1,14,99.24,29400,-1500,06-JUL-2020,
OPTSTK,HEROMOTOCO,30-Jul-2020,2400,PE,19.45,23.4,16,17.75,17.75,345,2504.14,86400,10200,06-JUL-2020,
OPTSTK,HEROMOTOCO,30-Jul-2020,2450,PE,30,30.5,21.8,23.1,23.1,78,579.32,24300,-3300,06-JUL-2020,
OPTSTK,HEROMOTOCO,30-Jul-2020,2500,PE,35.05,40.6,28.75,30.35,30.35,828,6293.68,119100,19800,06-JUL-2020,
OPTSTK,HEROMOTOCO,30-Jul-2020,2550,PE,49,53.65,38.85,40.1,40.1,304,2366.03,37200,3900,06-JUL-2020,
OPTSTK,HEROMOTOCO,30-Jul-2020,2600,PE,59.45,70,51.4,53,53,878,7004.01,141000,11100,06-JUL-2020,
OPTSTK,HEROMOTOCO,30-Jul-2020,2650,PE,83,90.5,67.5,69.55,69.55,404,3305.64,44700,13200,06-JUL-2020,
OPTSTK,HEROMOTOCO,30-Jul-2020,2700,PE,100,115,86.15,88.4,88.4,1317,11059.45,98400,51900,06-JUL-2020,
OPTSTK,HEROMOTOCO,30-Jul-2020,2750,PE,126.3,141.35,110,111.8,111.8,115,991.2,14700,10800,06-JUL-2020,
OPTSTK,HEROMOTOCO,30-Jul-2020,2800,PE,164.65,164.65,137,138.7,138.7,36,318.2,8700,3300,06-JUL-2020,
OPTSTK,HEROMOTOCO,30-Jul-2020,2850,PE,178.45,178.45,178.45,178.45,155.95,1,9.08,900,0,06-JUL-2020,
OPTSTK,HEROMOTOCO,30-Jul-2020,2900,PE,215,217.6,203,203,203,6,55.99,1500,1200,06-JUL-2020,
OPTSTK,HEROMOTOCO,30-Jul-2020,2950,PE,0,0,0,908.6,223.45,0,0,0,0,06-JUL-2020,
OPTSTK,HEROMOTOCO,30-Jul-2020,3000,PE,0,0,0,905,261.3,0,0,0,0,06-JUL-2020,
OPTSTK,HEROMOTOCO,30-Jul-2020,3050,PE,0,0,0,902.35,301.5,0,0,0,0,06-JUL-2020,
OPTSTK,HEROMOTOCO,30-Jul-2020,3100,PE,0,0,0,851.2,343.7,0,0,0,0,06-JUL-2020,
OPTSTK,HEROMOTOCO,30-Jul-2020,3150,PE,0,0,0,894.3,387.55,0,0,0,0,06-JUL-2020,
OPTSTK,HEROMOTOCO,30-Jul-2020,3200,PE,0,0,0,937.9,432.8,0,0,0,0,06-JUL-2020,
OPTSTK,HEROMOTOCO,30-Jul-2020,3250,PE,0,0,0,932.95,479.2,0,0,0,0,06-JUL-2020,
OPTSTK,HEROMOTOCO,27-Aug-2020,1400,CE,0,0,0,940.65,1379.4,0,0,0,0,06-JUL-2020,
OPTSTK,HEROMOTOCO,27-Aug-2020,1450,CE,0,0,0,897.55,1329.7,0,0,0,0,06-JUL-2020,
OPTSTK,HEROMOTOCO,27-Aug-2020,1500,CE,0,0,0,855.5,1280,0,0,0,0,06-JUL-2020,
OPTSTK,HEROMOTOCO,27-Aug-2020,1550,CE,0,0,0,814.5,1230.3,0,0,0,0,06-JUL-2020,
OPTSTK,HEROMOTOCO,27-Aug-2020,1600,CE,0,0,0,774.6,1180.6,0,0,0,0,06-JUL-2020,
OPTSTK,HEROMOTOCO,27-Aug-2020,1650,CE,0,0,0,735.95,1130.95,0,0,0,0,06-JUL-2020,
OPTSTK,HEROMOTOCO,27-Aug-2020,1700,CE,0,0,0,698.5,1081.25,0,0,0,0,06-JUL-2020,
OPTSTK,HEROMOTOCO,27-Aug-2020,1750,CE,0,0,0,662.3,1031.65,0,0,0,0,06-JUL-2020,
OPTSTK,HEROMOTOCO,27-Aug-2020,1800,CE,0,0,0,627.3,982.05,0,0,0,0,06-JUL-2020,
OPTSTK,HEROMOTOCO,27-Aug-2020,1850,CE,0,0,0,593.65,932.55,0,0,0,0,06-JUL-2020,
OPTSTK,HEROMOTOCO,27-Aug-2020,1900,CE,0,0,0,561.3,883.15,0,0,0,0,06-JUL-2020,
OPTSTK,HEROMOTOCO,27-Aug-2020,1950,CE,0,0,0,530.15,833.95,0,0,0,0,06-JUL-2020,
OPTSTK,HEROMOTOCO,27-Aug-2020,2000,CE,0,0,0,500.45,785,0,0,0,0,06-JUL-2020,
OPTSTK,HEROMOTOCO,27-Aug-2020,2050,CE,0,0,0,472.05,736.45,0,0,0,0,06-JUL-2020,
OPTSTK,HEROMOTOCO,27-Aug-2020,2100,CE,0,0,0,444.9,688.4,0,0,0,0,06-JUL-2020,
OPTSTK,HEROMOTOCO,27-Aug-2020,2150,CE,0,0,0,419.05,640.95,0,0,0,0,06-JUL-2020,
OPTSTK,HEROMOTOCO,27-Aug-2020,2200,CE,0,0,0,432.35,594.35,0,0,600,0,06-JUL-2020,
OPTSTK,HEROMOTOCO,27-Aug-2020,2250,CE,0,0,0,371,548.8,0,0,0,0,06-JUL-2020,
OPTSTK,HEROMOTOCO,27-Aug-2020,2300,CE,0,0,0,348.75,504.4,0,0,0,0,06-JUL-2020,
OPTSTK,HEROMOTOCO,27-Aug-2020,2350,CE,0,0,0,327.65,461.4,0,0,0,0,06-JUL-2020,
OPTSTK,HEROMOTOCO,27-Aug-2020,2400,CE,0,0,0,339,420.05,0,0,600,0,06-JUL-2020,
OPTSTK,HEROMOTOCO,27-Aug-2020,2450,CE,0,0,0,288.7,380.45,0,0,0,0,06-JUL-2020,
OPTSTK,HEROMOTOCO,27-Aug-2020,2500,CE,0,0,0,270.85,342.85,0,0,0,0,06-JUL-2020,
OPTSTK,HEROMOTOCO,27-Aug-2020,2550,CE,0,0,0,253.9,307.35,0,0,0,0,06-JUL-2020,
OPTSTK,HEROMOTOCO,27-Aug-2020,2600,CE,0,0,0,215,274.1,0,0,1200,0,06-JUL-2020,
OPTSTK,HEROMOTOCO,27-Aug-2020,2650,CE,212,212,212,212,243.1,1,8.58,300,0,06-JUL-2020,
OPTSTK,HEROMOTOCO,27-Aug-2020,2700,CE,0,0,0,175,214.5,0,0,1200,0,06-JUL-2020,
OPTSTK,HEROMOTOCO,27-Aug-2020,2750,CE,0,0,0,195.4,188.25,0,0,0,0,06-JUL-2020,
OPTSTK,HEROMOTOCO,27-Aug-2020,2800,CE,0,0,0,182.95,164.3,0,0,0,0,06-JUL-2020,
OPTSTK,HEROMOTOCO,27-Aug-2020,2850,CE,0,0,0,171.2,142.7,0,0,0,0,06-JUL-2020,
OPTSTK,HEROMOTOCO,27-Aug-2020,2900,CE,0,0,0,100.75,123.25,0,0,300,0,06-JUL-2020,
OPTSTK,HEROMOTOCO,27-Aug-2020,2950,CE,87,87,87,87,87,1,9.11,300,300,06-JUL-2020,
OPTSTK,HEROMOTOCO,27-Aug-2020,3000,CE,0,0,0,140,90.6,0,0,0,0,06-JUL-2020,
OPTSTK,HEROMOTOCO,27-Aug-2020,3050,CE,64.05,64.05,64.05,64.05,77.05,5,46.71,2100,1200,06-JUL-2020,
OPTSTK,HEROMOTOCO,27-Aug-2020,3100,CE,0,0,0,122.3,65.25,0,0,0,0,06-JUL-2020,
OPTSTK,HEROMOTOCO,27-Aug-2020,3150,CE,0,0,0,114.25,55,0,0,0,0,06-JUL-2020,
OPTSTK,HEROMOTOCO,27-Aug-2020,3200,CE,0,0,0,106.65,46.1,0,0,0,0,06-JUL-2020,
OPTSTK,HEROMOTOCO,27-Aug-2020,3250,CE,0,0,0,118.45,38.5,0,0,0,0,06-JUL-2020,
OPTSTK,HEROMOTOCO,27-Aug-2020,1400,PE,0,0,0,25.55,0.05,0,0,0,0,06-JUL-2020,
OPTSTK,HEROMOTOCO,27-Aug-2020,1450,PE,0,0,0,31.85,0.05,0,0,0,0,06-JUL-2020,
OPTSTK,HEROMOTOCO,27-Aug-2020,1500,PE,0,0,0,39.2,0.05,0,0,0,0,06-JUL-2020,
OPTSTK,HEROMOTOCO,27-Aug-2020,1550,PE,0,0,0,47.6,0.05,0,0,0,0,06-JUL-2020,
OPTSTK,HEROMOTOCO,27-Aug-2020,1600,PE,0,0,0,57.1,0.05,0,0,0,0,06-JUL-2020,
OPTSTK,HEROMOTOCO,27-Aug-2020,1650,PE,0,0,0,67.8,0.05,0,0,0,0,06-JUL-2020,
OPTSTK,HEROMOTOCO,27-Aug-2020,1700,PE,0,0,0,79.8,0.05,0,0,0,0,06-JUL-2020,
OPTSTK,HEROMOTOCO,27-Aug-2020,1750,PE,0,0,0,92.95,0.1,0,0,0,0,06-JUL-2020,
OPTSTK,HEROMOTOCO,27-Aug-2020,1800,PE,0,0,0,107.35,0.25,0,0,0,0,06-JUL-2020,
OPTSTK,HEROMOTOCO,27-Aug-2020,1850,PE,0,0,0,123.1,0.4,0,0,0,0,06-JUL-2020,
OPTSTK,HEROMOTOCO,27-Aug-2020,1900,PE,0,0,0,140.15,0.7,0,0,0,0,06-JUL-2020,
OPTSTK,HEROMOTOCO,27-Aug-2020,1950,PE,0,0,0,158.4,1.2,0,0,0,0,06-JUL-2020,
OPTSTK,HEROMOTOCO,27-Aug-2020,2000,PE,0,0,0,178.1,2,0,0,0,0,06-JUL-2020,
OPTSTK,HEROMOTOCO,27-Aug-2020,2050,PE,0,0,0,199.05,3.1,0,0,0,0,06-JUL-2020,
OPTSTK,HEROMOTOCO,27-Aug-2020,2100,PE,0,0,0,221.3,4.75,0,0,0,0,06-JUL-2020,
OPTSTK,HEROMOTOCO,27-Aug-2020,2150,PE,0,0,0,244.85,7.05,0,0,0,0,06-JUL-2020,
OPTSTK,HEROMOTOCO,27-Aug-2020,2200,PE,0,0,0,269.6,10.15,0,0,0,0,06-JUL-2020,
OPTSTK,HEROMOTOCO,27-Aug-2020,2250,PE,0,0,0,295.55,14.25,0,0,0,0,06-JUL-2020,
OPTSTK,HEROMOTOCO,27-Aug-2020,2300,PE,0,0,0,56.8,19.55,0,0,2700,0,06-JUL-2020,
OPTSTK,HEROMOTOCO,27-Aug-2020,2350,PE,0,0,0,48.4,26.3,0,0,4200,0,06-JUL-2020,
OPTSTK,HEROMOTOCO,27-Aug-2020,2400,PE,52.45,52.45,47,48,48,10,73.5,2700,900,06-JUL-2020,
OPTSTK,HEROMOTOCO,27-Aug-2020,2450,PE,0,0,0,96.8,44.75,0,0,2400,0,06-JUL-2020,
OPTSTK,HEROMOTOCO,27-Aug-2020,2500,PE,71.2,80,71.2,75,56.8,5,38.62,900,600,06-JUL-2020,
OPTSTK,HEROMOTOCO,27-Aug-2020,2550,PE,0,0,0,474.85,71,0,0,0,0,06-JUL-2020,
OPTSTK,HEROMOTOCO,27-Aug-2020,2600,PE,0,0,0,236,87.45,0,0,600,0,06-JUL-2020,
OPTSTK,HEROMOTOCO,27-Aug-2020,2650,PE,0,0,0,542.65,106.15,0,0,0,0,06-JUL-2020,
OPTSTK,HEROMOTOCO,27-Aug-2020,2700,PE,0,0,0,284.1,127.25,0,0,600,0,06-JUL-2020,
OPTSTK,HEROMOTOCO,27-Aug-2020,2750,PE,0,0,0,319.55,150.7,0,0,600,0,06-JUL-2020,
OPTSTK,HEROMOTOCO,27-Aug-2020,2800,PE,0,0,0,356.35,176.45,0,0,600,0,06-JUL-2020,
OPTSTK,HEROMOTOCO,27-Aug-2020,2850,PE,0,0,0,688.5,204.55,0,0,0,0,06-JUL-2020,
OPTSTK,HEROMOTOCO,27-Aug-2020,2900,PE,0,0,0,726.8,234.8,0,0,0,0,06-JUL-2020,
OPTSTK,HEROMOTOCO,27-Aug-2020,2950,PE,0,0,0,765.8,267.15,0,0,0,0,06-JUL-2020,
OPTSTK,HEROMOTOCO,27-Aug-2020,3000,PE,0,0,0,805.45,301.5,0,0,0,0,06-JUL-2020,
OPTSTK,HEROMOTOCO,27-Aug-2020,3050,PE,0,0,0,845.7,337.7,0,0,0,0,06-JUL-2020,
OPTSTK,HEROMOTOCO,27-Aug-2020,3100,PE,0,0,0,886.55,375.6,0,0,0,0,06-JUL-2020,
OPTSTK,HEROMOTOCO,27-Aug-2020,3150,PE,0,0,0,927.9,415,0,0,0,0,06-JUL-2020,
OPTSTK,HEROMOTOCO,27-Aug-2020,3200,PE,0,0,0,969.7,455.85,0,0,0,0,06-JUL-2020,
OPTSTK,HEROMOTOCO,27-Aug-2020,3250,PE,0,0,0,969.5,497.95,0,0,0,0,06-JUL-2020,
OPTSTK,HEROMOTOCO,24-Sep-2020,1550,CE,0,0,0,1034.3,1235.45,0,0,0,0,06-JUL-2020,
OPTSTK,HEROMOTOCO,24-Sep-2020,1600,CE,0,0,0,987.25,1186,0,0,0,0,06-JUL-2020,
OPTSTK,HEROMOTOCO,24-Sep-2020,1650,CE,0,0,0,940.8,1136.6,0,0,0,0,06-JUL-2020,
OPTSTK,HEROMOTOCO,24-Sep-2020,1700,CE,0,0,0,895.05,1087.3,0,0,0,0,06-JUL-2020,
OPTSTK,HEROMOTOCO,24-Sep-2020,1750,CE,0,0,0,850.1,1038.15,0,0,0,0,06-JUL-2020,
OPTSTK,HEROMOTOCO,24-Sep-2020,1800,CE,0,0,0,806.1,989.15,0,0,0,0,06-JUL-2020,
OPTSTK,HEROMOTOCO,24-Sep-2020,1850,CE,0,0,0,763,940.4,0,0,0,0,06-JUL-2020,
OPTSTK,HEROMOTOCO,24-Sep-2020,1900,CE,0,0,0,721.05,892,0,0,0,0,06-JUL-2020,
OPTSTK,HEROMOTOCO,24-Sep-2020,1950,CE,0,0,0,680.2,844.05,0,0,0,0,06-JUL-2020,
OPTSTK,HEROMOTOCO,24-Sep-2020,2000,CE,0,0,0,640.6,796.6,0,0,0,0,06-JUL-2020,
OPTSTK,HEROMOTOCO,24-Sep-2020,2050,CE,0,0,0,602.3,749.8,0,0,0,0,06-JUL-2020,
OPTSTK,HEROMOTOCO,24-Sep-2020,2100,CE,0,0,0,565.4,703.75,0,0,0,0,06-JUL-2020,
OPTSTK,HEROMOTOCO,24-Sep-2020,2150,CE,0,0,0,529.85,658.65,0,0,0,0,06-JUL-2020,
OPTSTK,HEROMOTOCO,24-Sep-2020,2200,CE,0,0,0,495.7,614.65,0,0,0,0,06-JUL-2020,
OPTSTK,HEROMOTOCO,24-Sep-2020,2250,CE,0,0,0,462.95,571.8,0,0,0,0,06-JUL-2020,
OPTSTK,HEROMOTOCO,24-Sep-2020,2300,CE,0,0,0,431.75,530.3,0,0,0,0,06-JUL-2020,
OPTSTK,HEROMOTOCO,24-Sep-2020,2350,CE,0,0,0,402.1,490.25,0,0,0,0,06-JUL-2020,
OPTSTK,HEROMOTOCO,24-Sep-2020,2400,CE,0,0,0,373.9,451.75,0,0,0,0,06-JUL-2020,
OPTSTK,HEROMOTOCO,24-Sep-2020,2450,CE,0,0,0,347.2,414.95,0,0,0,0,06-JUL-2020,
OPTSTK,HEROMOTOCO,24-Sep-2020,2500,CE,0,0,0,321.95,379.95,0,0,0,0,06-JUL-2020,
OPTSTK,HEROMOTOCO,24-Sep-2020,2550,CE,0,0,0,298.15,346.75,0,0,0,0,06-JUL-2020,
OPTSTK,HEROMOTOCO,24-Sep-2020,2600,CE,0,0,0,275.75,315.45,0,0,0,0,06-JUL-2020,
OPTSTK,HEROMOTOCO,24-Sep-2020,2650,CE,0,0,0,254.7,286,0,0,0,0,06-JUL-2020,
OPTSTK,HEROMOTOCO,24-Sep-2020,2700,CE,0,0,0,234.95,258.55,0,0,0,0,06-JUL-2020,
OPTSTK,HEROMOTOCO,24-Sep-2020,2750,CE,0,0,0,216.5,232.95,0,0,0,0,06-JUL-2020,
OPTSTK,HEROMOTOCO,24-Sep-2020,2800,CE,0,0,0,199.25,209.25,0,0,0,0,06-JUL-2020,
OPTSTK,HEROMOTOCO,24-Sep-2020,2850,CE,0,0,0,183.2,187.4,0,0,0,0,06-JUL-2020,
OPTSTK,HEROMOTOCO,24-Sep-2020,2900,CE,0,0,0,168.25,167.3,0,0,0,0,06-JUL-2020,
OPTSTK,HEROMOTOCO,24-Sep-2020,2950,CE,0,0,0,154.35,148.95,0,0,0,0,06-JUL-2020,
OPTSTK,HEROMOTOCO,24-Sep-2020,3000,CE,0,0,0,141.6,132.25,0,0,0,0,06-JUL-2020,
OPTSTK,HEROMOTOCO,24-Sep-2020,3050,CE,0,0,0,129.7,117.05,0,0,0,0,06-JUL-2020,
OPTSTK,HEROMOTOCO,24-Sep-2020,3100,CE,0,0,0,118.7,103.35,0,0,0,0,06-JUL-2020,
OPTSTK,HEROMOTOCO,24-Sep-2020,3150,CE,0,0,0,108.55,90.95,0,0,0,0,06-JUL-2020,
OPTSTK,HEROMOTOCO,24-Sep-2020,3200,CE,0,0,0,99.2,79.9,0,0,0,0,06-JUL-2020,
OPTSTK,HEROMOTOCO,24-Sep-2020,3250,CE,0,0,0,90.45,70,0,0,0,0,06-JUL-2020,
OPTSTK,HEROMOTOCO,24-Sep-2020,1550,PE,0,0,0,6.6,0.1,0,0,0,0,06-JUL-2020,
OPTSTK,HEROMOTOCO,24-Sep-2020,1600,PE,0,0,0,8.95,0.2,0,0,0,0,06-JUL-2020,
OPTSTK,HEROMOTOCO,24-Sep-2020,1650,PE,0,0,0,11.95,0.35,0,0,0,0,06-JUL-2020,
OPTSTK,HEROMOTOCO,24-Sep-2020,1700,PE,0,0,0,15.65,0.6,0,0,0,0,06-JUL-2020,
OPTSTK,HEROMOTOCO,24-Sep-2020,1750,PE,0,0,0,20.1,0.95,0,0,0,0,06-JUL-2020,
OPTSTK,HEROMOTOCO,24-Sep-2020,1800,PE,0,0,0,25.5,1.5,0,0,0,0,06-JUL-2020,
OPTSTK,HEROMOTOCO,24-Sep-2020,1850,PE,0,0,0,31.85,2.3,0,0,0,0,06-JUL-2020,
OPTSTK,HEROMOTOCO,24-Sep-2020,1900,PE,0,0,0,39.3,3.45,0,0,0,0,06-JUL-2020,
OPTSTK,HEROMOTOCO,24-Sep-2020,1950,PE,0,0,0,47.9,5,0,0,0,0,06-JUL-2020,
OPTSTK,HEROMOTOCO,24-Sep-2020,2000,PE,0,0,0,57.7,7.1,0,0,0,0,06-JUL-2020,
OPTSTK,HEROMOTOCO,24-Sep-2020,2050,PE,0,0,0,68.8,9.85,0,0,0,0,06-JUL-2020,
OPTSTK,HEROMOTOCO,24-Sep-2020,2100,PE,0,0,0,81.35,13.35,0,0,0,0,06-JUL-2020,
OPTSTK,HEROMOTOCO,24-Sep-2020,2150,PE,0,0,0,95.2,17.8,0,0,0,0,06-JUL-2020,
OPTSTK,HEROMOTOCO,24-Sep-2020,2200,PE,0,0,0,110.5,23.3,0,0,0,0,06-JUL-2020,
OPTSTK,HEROMOTOCO,24-Sep-2020,2250,PE,0,0,0,127.15,30,0,0,0,0,06-JUL-2020,
OPTSTK,HEROMOTOCO,24-Sep-2020,2300,PE,0,0,0,145.4,38,0,0,0,0,06-JUL-2020,
OPTSTK,HEROMOTOCO,24-Sep-2020,2350,PE,0,0,0,165.15,47.5,0,0,0,0,06-JUL-2020,
OPTSTK,HEROMOTOCO,24-Sep-2020,2400,PE,0,0,0,186.4,58.55,0,0,0,0,06-JUL-2020,
OPTSTK,HEROMOTOCO,24-Sep-2020,2450,PE,0,0,0,209.1,71.3,0,0,0,0,06-JUL-2020,
OPTSTK,HEROMOTOCO,24-Sep-2020,2500,PE,0,0,0,233.25,85.8,0,0,0,0,06-JUL-2020,
OPTSTK,HEROMOTOCO,24-Sep-2020,2550,PE,0,0,0,258.9,102.15,0,0,0,0,06-JUL-2020,
OPTSTK,HEROMOTOCO,24-Sep-2020,2600,PE,0,0,0,285.9,120.35,0,0,0,0,06-JUL-2020,
OPTSTK,HEROMOTOCO,24-Sep-2020,2650,PE,0,0,0,314.25,140.5,0,0,0,0,06-JUL-2020,
OPTSTK,HEROMOTOCO,24-Sep-2020,2700,PE,0,0,0,343.95,162.55,0,0,0,0,06-JUL-2020,
OPTSTK,HEROMOTOCO,24-Sep-2020,2750,PE,0,0,0,374.9,186.5,0,0,0,0,06-JUL-2020,
OPTSTK,HEROMOTOCO,24-Sep-2020,2800,PE,0,0,0,407.1,212.35,0,0,0,0,06-JUL-2020,
OPTSTK,HEROMOTOCO,24-Sep-2020,2850,PE,0,0,0,440.45,240.05,0,0,0,0,06-JUL-2020,
OPTSTK,HEROMOTOCO,24-Sep-2020,2900,PE,0,0,0,474.9,269.5,0,0,0,0,06-JUL-2020,
OPTSTK,HEROMOTOCO,24-Sep-2020,2950,PE,0,0,0,510.45,300.65,0,0,0,0,06-JUL-2020,
OPTSTK,HEROMOTOCO,24-Sep-2020,3000,PE,0,0,0,547.1,333.45,0,0,0,0,06-JUL-2020,
OPTSTK,HEROMOTOCO,24-Sep-2020,3050,PE,0,0,0,584.6,367.8,0,0,0,0,06-JUL-2020,
OPTSTK,HEROMOTOCO,24-Sep-2020,3100,PE,0,0,0,623.05,403.65,0,0,0,0,06-JUL-2020,
OPTSTK,HEROMOTOCO,24-Sep-2020,3150,PE,0,0,0,662.3,440.8,0,0,0,0,06-JUL-2020,
OPTSTK,HEROMOTOCO,24-Sep-2020,3200,PE,0,0,0,702.35,479.25,0,0,0,0,06-JUL-2020,
OPTSTK,HEROMOTOCO,24-Sep-2020,3250,PE,0,0,0,743.05,518.9,0,0,0,0,06-JUL-2020,
OPTSTK,HINDALCO,30-Jul-2020,80,CE,0,0,0,57.9,74.55,0,0,0,0,06-JUL-2020,
OPTSTK,HINDALCO,30-Jul-2020,85,CE,0,0,0,54.55,69.6,0,0,0,0,06-JUL-2020,
OPTSTK,HINDALCO,30-Jul-2020,90,CE,0,0,0,51.3,64.6,0,0,0,0,06-JUL-2020,
OPTSTK,HINDALCO,30-Jul-2020,95,CE,0,0,0,48.3,59.6,0,0,0,0,06-JUL-2020,
OPTSTK,HINDALCO,30-Jul-2020,100,CE,0,0,0,45.4,54.65,0,0,0,0,06-JUL-2020,
OPTSTK,HINDALCO,30-Jul-2020,102.5,CE,0,0,0,42.4,52.15,0,0,0,0,06-JUL-2020,
OPTSTK,HINDALCO,30-Jul-2020,105,CE,0,0,0,42.7,49.65,0,0,0,0,06-JUL-2020,
OPTSTK,HINDALCO,30-Jul-2020,107.5,CE,0,0,0,38.9,47.15,0,0,0,0,06-JUL-2020,
OPTSTK,HINDALCO,30-Jul-2020,110,CE,0,0,0,40.15,44.7,0,0,0,0,06-JUL-2020,
OPTSTK,HINDALCO,30-Jul-2020,112.5,CE,0,0,0,35.65,42.2,0,0,0,0,06-JUL-2020,
OPTSTK,HINDALCO,30-Jul-2020,115,CE,0,0,0,37.75,39.75,0,0,0,0,06-JUL-2020,
OPTSTK,HINDALCO,30-Jul-2020,117.5,CE,0,0,0,32.55,37.3,0,0,0,0,06-JUL-2020,
OPTSTK,HINDALCO,30-Jul-2020,120,CE,0,0,0,32,34.85,0,0,8600,0,06-JUL-2020,
OPTSTK,HINDALCO,30-Jul-2020,122.5,CE,0,0,0,29.7,32.45,0,0,0,0,06-JUL-2020,
OPTSTK,HINDALCO,30-Jul-2020,125,CE,0,0,0,23.65,30.1,0,0,8600,0,06-JUL-2020,
OPTSTK,HINDALCO,30-Jul-2020,127.5,CE,0,0,0,26.5,27.75,0,0,4300,0,06-JUL-2020,
OPTSTK,HINDALCO,30-Jul-2020,130,CE,24.45,24.45,24.45,24.45,25.5,1,6.64,38700,-4300,06-JUL-2020,
OPTSTK,HINDALCO,30-Jul-2020,132.5,CE,0,0,0,24.6,23.3,0,0,0,0,06-JUL-2020,
OPTSTK,HINDALCO,30-Jul-2020,135,CE,19.8,19.8,19.8,19.8,21.15,1,6.65,55900,0,06-JUL-2020,
OPTSTK,HINDALCO,30-Jul-2020,137.5,CE,0,0,0,22.35,19.1,0,0,0,0,06-JUL-2020,
OPTSTK,HINDALCO,30-Jul-2020,140,CE,11.7,17.65,11.7,17.6,17.6,16,106.87,167700,-8600,06-JUL-2020,
OPTSTK,HINDALCO,30-Jul-2020,142.5,CE,12.4,15.8,12.4,14.85,15.35,14,94.27,51600,-12900,06-JUL-2020,
OPTSTK,HINDALCO,30-Jul-2020,145,CE,8.8,14,8.8,13.4,13.4,71,477.68,193500,-30100,06-JUL-2020,
OPTSTK,HINDALCO,30-Jul-2020,147.5,CE,7.5,12.45,7.5,11.85,11.85,68,460.67,60200,-64500,06-JUL-2020,
OPTSTK,HINDALCO,30-Jul-2020,150,CE,6.5,10.75,6.15,10.25,10.25,699,4763.67,920200,-365500,06-JUL-2020,
OPTSTK,HINDALCO,30-Jul-2020,152.5,CE,5.7,9.35,5.7,8.9,8.9,172,1184.57,159100,-120400,06-JUL-2020,
OPTSTK,HINDALCO,30-Jul-2020,155,CE,4.5,8,4.5,7.6,7.6,586,4074.9,593400,-51600,06-JUL-2020,
OPTSTK,HINDALCO,30-Jul-2020,157.5,CE,4.35,6.75,4.15,6.45,6.45,93,652.77,167700,4300,06-JUL-2020,
OPTSTK,HINDALCO,30-Jul-2020,160,CE,2.95,5.8,2.95,5.4,5.4,1103,7817.65,1238400,-369800,06-JUL-2020,
OPTSTK,HINDALCO,30-Jul-2020,162.5,CE,3.1,4.75,2.8,4.6,4.6,73,522.35,236500,68800,06-JUL-2020,
OPTSTK,HINDALCO,30-Jul-2020,165,CE,2.1,4,2.1,3.75,3.75,167,1208.37,399900,60200,06-JUL-2020,
OPTSTK,HINDALCO,30-Jul-2020,167.5,CE,3.05,3.2,2.85,3.2,3.2,11,80.7,103200,17200,06-JUL-2020,
OPTSTK,HINDALCO,30-Jul-2020,170,CE,1.6,2.7,1.45,2.5,2.5,422,3126.23,928800,-318200,06-JUL-2020,
OPTSTK,HINDALCO,30-Jul-2020,172.5,CE,0,0,0,1.35,2.4,0,0,8600,0,06-JUL-2020,
OPTSTK,HINDALCO,30-Jul-2020,175,CE,1,1.75,1,1.65,1.65,168,1274.82,559000,34400,06-JUL-2020,
OPTSTK,HINDALCO,30-Jul-2020,177.5,CE,0,0,0,9.95,1.65,0,0,0,0,06-JUL-2020,
OPTSTK,HINDALCO,30-Jul-2020,180,CE,0.6,1.2,0.6,1.15,1.15,313,2436.84,838500,288100,06-JUL-2020,
OPTSTK,HINDALCO,30-Jul-2020,182.5,CE,0.8,0.95,0.55,0.9,0.9,21,165.53,258000,25800,06-JUL-2020,
OPTSTK,HINDALCO,30-Jul-2020,80,PE,0,0,0,6.7,0.05,0,0,0,0,06-JUL-2020,
OPTSTK,HINDALCO,30-Jul-2020,85,PE,0,0,0,8.25,0.05,0,0,0,0,06-JUL-2020,
OPTSTK,HINDALCO,30-Jul-2020,90,PE,0,0,0,0.1,0.05,0,0,4300,0,06-JUL-2020,
OPTSTK,HINDALCO,30-Jul-2020,95,PE,0,0,0,11.9,0.05,0,0,0,0,06-JUL-2020,
OPTSTK,HINDALCO,30-Jul-2020,100,PE,0,0,0,0.3,0.05,0,0,38700,0,06-JUL-2020,
OPTSTK,HINDALCO,30-Jul-2020,102.5,PE,0,0,0,5.65,0.05,0,0,0,0,06-JUL-2020,
OPTSTK,HINDALCO,30-Jul-2020,105,PE,0,0,0,16.15,0.05,0,0,0,0,06-JUL-2020,
OPTSTK,HINDALCO,30-Jul-2020,107.5,PE,0,0,0,7.1,0.05,0,0,0,0,06-JUL-2020,
OPTSTK,HINDALCO,30-Jul-2020,110,PE,0,0,0,0.3,0.05,0,0,47300,0,06-JUL-2020,
OPTSTK,HINDALCO,30-Jul-2020,112.5,PE,0,0,0,8.8,0.05,0,0,0,0,06-JUL-2020,
OPTSTK,HINDALCO,30-Jul-2020,115,PE,0,0,0,21.1,0.05,0,0,0,0,06-JUL-2020,
OPTSTK,HINDALCO,30-Jul-2020,117.5,PE,0,0,0,10.65,0.1,0,0,0,0,06-JUL-2020,
OPTSTK,HINDALCO,30-Jul-2020,120,PE,0.55,0.55,0.35,0.35,0.35,37,191.6,498800,-12900,06-JUL-2020,
OPTSTK,HINDALCO,30-Jul-2020,122.5,PE,0,0,0,1.4,0.25,0,0,47300,0,06-JUL-2020,
OPTSTK,HINDALCO,30-Jul-2020,125,PE,0.9,0.9,0.6,0.65,0.65,24,129.78,176300,17200,06-JUL-2020,
OPTSTK,HINDALCO,30-Jul-2020,127.5,PE,1.5,1.5,0.35,0.35,0.35,2,11.04,8600,4300,06-JUL-2020,
OPTSTK,HINDALCO,30-Jul-2020,130,PE,1.5,1.55,0.9,0.95,0.95,124,699.38,606300,-77400,06-JUL-2020,
OPTSTK,HINDALCO,30-Jul-2020,132.5,PE,0,0,0,17.6,1.05,0,0,0,0,06-JUL-2020,
OPTSTK,HINDALCO,30-Jul-2020,135,PE,2.5,2.6,1.45,1.5,1.5,114,671.16,309600,43000,06-JUL-2020,
OPTSTK,HINDALCO,30-Jul-2020,137.5,PE,2.8,3.25,1.9,2,2,89,535.81,133300,8600,06-JUL-2020,
OPTSTK,HINDALCO,30-Jul-2020,140,PE,4,4.15,2.3,2.45,2.45,546,3353.8,1341600,283800,06-JUL-2020,
OPTSTK,HINDALCO,30-Jul-2020,142.5,PE,4.25,4.95,2.85,2.95,2.95,119,747.89,133300,-12900,06-JUL-2020,
OPTSTK,HINDALCO,30-Jul-2020,145,PE,5.7,6.3,3.55,3.65,3.65,358,2302.02,808400,219300,06-JUL-2020,
OPTSTK,HINDALCO,30-Jul-2020,147.5,PE,6.2,6.75,4.35,4.45,4.45,98,643.34,270900,-8600,06-JUL-2020,
OPTSTK,HINDALCO,30-Jul-2020,150,PE,9.05,9.05,5.2,5.45,5.45,477,3205.93,885800,391300,06-JUL-2020,
OPTSTK,HINDALCO,30-Jul-2020,152.5,PE,9.6,9.75,6.25,6.45,6.45,116,796.36,94600,-25800,06-JUL-2020,
OPTSTK,HINDALCO,30-Jul-2020,155,PE,11.4,11.4,7.4,7.6,7.6,164,1152.79,240800,55900,06-JUL-2020,
OPTSTK,HINDALCO,30-Jul-2020,157.5,PE,11.9,11.9,9,9.15,9.15,36,259.23,90300,0,06-JUL-2020,
OPTSTK,HINDALCO,30-Jul-2020,160,PE,14.2,14.2,10.3,10.55,10.55,32,236.1,107500,38700,06-JUL-2020,
OPTSTK,HINDALCO,30-Jul-2020,162.5,PE,14.65,14.7,12.05,12.05,12.65,11,83.51,51600,38700,06-JUL-2020,
OPTSTK,HINDALCO,30-Jul-2020,165,PE,16.5,16.5,13.8,13.9,13.9,5,38.7,43000,12900,06-JUL-2020,
OPTSTK,HINDALCO,30-Jul-2020,167.5,PE,0,0,0,39.9,16.2,0,0,0,0,06-JUL-2020,
OPTSTK,HINDALCO,30-Jul-2020,170,PE,17.3,17.3,17.3,17.3,17.3,1,8.05,8600,0,06-JUL-2020,
OPTSTK,HINDALCO,30-Jul-2020,172.5,PE,0,0,0,43.7,20.1,0,0,0,0,06-JUL-2020,
OPTSTK,HINDALCO,30-Jul-2020,175,PE,0,0,0,27.5,22.15,0,0,8600,0,06-JUL-2020,
OPTSTK,HINDALCO,30-Jul-2020,177.5,PE,0,0,0,47.55,24.3,0,0,0,0,06-JUL-2020,
OPTSTK,HINDALCO,30-Jul-2020,180,PE,0,0,0,64.6,26.5,0,0,0,0,06-JUL-2020,
OPTSTK,HINDALCO,30-Jul-2020,182.5,PE,0,0,0,51.55,28.7,0,0,0,0,06-JUL-2020,
OPTSTK,HINDALCO,27-Aug-2020,87.5,CE,0,0,0,56.15,67.4,0,0,0,0,06-JUL-2020,
OPTSTK,HINDALCO,27-Aug-2020,90,CE,0,0,0,54.25,64.9,0,0,0,0,06-JUL-2020,
OPTSTK,HINDALCO,27-Aug-2020,92.5,CE,0,0,0,52.4,62.45,0,0,0,0,06-JUL-2020,
OPTSTK,HINDALCO,27-Aug-2020,95,CE,0,0,0,50.6,59.95,0,0,0,0,06-JUL-2020,
OPTSTK,HINDALCO,27-Aug-2020,97.5,CE,0,0,0,48.85,57.5,0,0,0,0,06-JUL-2020,
OPTSTK,HINDALCO,27-Aug-2020,100,CE,0,0,0,47.15,55.05,0,0,0,0,06-JUL-2020,
OPTSTK,HINDALCO,27-Aug-2020,102.5,CE,0,0,0,45.45,52.6,0,0,0,0,06-JUL-2020,
OPTSTK,HINDALCO,27-Aug-2020,105,CE,0,0,0,43.85,50.15,0,0,0,0,06-JUL-2020,
OPTSTK,HINDALCO,27-Aug-2020,107.5,CE,0,0,0,42.25,47.75,0,0,0,0,06-JUL-2020,
OPTSTK,HINDALCO,27-Aug-2020,110,CE,0,0,0,40.7,45.35,0,0,0,0,06-JUL-2020,
OPTSTK,HINDALCO,27-Aug-2020,112.5,CE,0,0,0,39.25,43,0,0,0,0,06-JUL-2020,
OPTSTK,HINDALCO,27-Aug-2020,115,CE,0,0,0,37.8,40.7,0,0,0,0,06-JUL-2020,
OPTSTK,HINDALCO,27-Aug-2020,117.5,CE,0,0,0,36.4,38.4,0,0,0,0,06-JUL-2020,
OPTSTK,HINDALCO,27-Aug-2020,120,CE,0,0,0,35.05,36.15,0,0,0,0,06-JUL-2020,
OPTSTK,HINDALCO,27-Aug-2020,122.5,CE,0,0,0,33.75,33.95,0,0,0,0,06-JUL-2020,
OPTSTK,HINDALCO,27-Aug-2020,125,CE,0,0,0,32.5,31.8,0,0,0,0,06-JUL-2020,
OPTSTK,HINDALCO,27-Aug-2020,127.5,CE,0,0,0,31.25,29.75,0,0,0,0,06-JUL-2020,
OPTSTK,HINDALCO,27-Aug-2020,130,CE,0,0,0,30.05,27.75,0,0,0,0,06-JUL-2020,
OPTSTK,HINDALCO,27-Aug-2020,132.5,CE,0,0,0,28.95,25.8,0,0,0,0,06-JUL-2020,
OPTSTK,HINDALCO,27-Aug-2020,135,CE,0,0,0,27.85,23.9,0,0,0,0,06-JUL-2020,
OPTSTK,HINDALCO,27-Aug-2020,137.5,CE,0,0,0,26.75,22.15,0,0,0,0,06-JUL-2020,
OPTSTK,HINDALCO,27-Aug-2020,140,CE,0,0,0,25.75,20.4,0,0,0,0,06-JUL-2020,
OPTSTK,HINDALCO,27-Aug-2020,142.5,CE,0,0,0,24.75,18.8,0,0,0,0,06-JUL-2020,
OPTSTK,HINDALCO,27-Aug-2020,145,CE,0,0,0,23.8,17.25,0,0,0,0,06-JUL-2020,
OPTSTK,HINDALCO,27-Aug-2020,147.5,CE,0,0,0,22.9,15.8,0,0,0,0,06-JUL-2020,
OPTSTK,HINDALCO,27-Aug-2020,150,CE,11.75,11.75,11.75,11.75,14.45,1,6.95,17200,0,06-JUL-2020,
OPTSTK,HINDALCO,27-Aug-2020,152.5,CE,0,0,0,8.85,13.15,0,0,21500,0,06-JUL-2020,
OPTSTK,HINDALCO,27-Aug-2020,155,CE,0,0,0,7.9,11.95,0,0,30100,0,06-JUL-2020,
OPTSTK,HINDALCO,27-Aug-2020,157.5,CE,0,0,0,6.95,10.85,0,0,38700,0,06-JUL-2020,
OPTSTK,HINDALCO,27-Aug-2020,160,CE,0,0,0,5.2,9.8,0,0,47300,0,06-JUL-2020,
OPTSTK,HINDALCO,27-Aug-2020,162.5,CE,0,0,0,5.45,8.85,0,0,8600,0,06-JUL-2020,
OPTSTK,HINDALCO,27-Aug-2020,165,CE,0,0,0,17.35,7.95,0,0,0,0,06-JUL-2020,
OPTSTK,HINDALCO,27-Aug-2020,167.5,CE,5.2,5.5,5.2,5.5,7.15,9,66.9,38700,38700,06-JUL-2020,
OPTSTK,HINDALCO,27-Aug-2020,170,CE,4.5,4.75,4.5,4.75,6.4,9,67.61,43000,38700,06-JUL-2020,
OPTSTK,HINDALCO,27-Aug-2020,172.5,CE,0,0,0,15.4,5.75,0,0,0,0,06-JUL-2020,
OPTSTK,HINDALCO,27-Aug-2020,175,CE,0,0,0,8.2,5.1,0,0,8600,0,06-JUL-2020,
OPTSTK,HINDALCO,27-Aug-2020,177.5,CE,0,0,0,14.2,4.55,0,0,0,0,06-JUL-2020,
OPTSTK,HINDALCO,27-Aug-2020,180,CE,2.4,2.4,2.4,2.4,4.05,1,7.84,4300,4300,06-JUL-2020,
OPTSTK,HINDALCO,27-Aug-2020,182.5,CE,0,0,0,13.1,3.6,0,0,0,0,06-JUL-2020,
OPTSTK,HINDALCO,27-Aug-2020,87.5,PE,0,0,0,4.2,0.05,0,0,0,0,06-JUL-2020,
OPTSTK,HINDALCO,27-Aug-2020,90,PE,0,0,0,4.8,0.05,0,0,0,0,06-JUL-2020,
OPTSTK,HINDALCO,27-Aug-2020,92.5,PE,0,0,0,5.4,0.05,0,0,0,0,06-JUL-2020,
OPTSTK,HINDALCO,27-Aug-2020,95,PE,0,0,0,6.05,0.05,0,0,0,0,06-JUL-2020,
OPTSTK,HINDALCO,27-Aug-2020,97.5,PE,0,0,0,6.75,0.05,0,0,0,0,06-JUL-2020,
OPTSTK,HINDALCO,27-Aug-2020,100,PE,0,0,0,7.5,0.1,0,0,0,0,06-JUL-2020,
OPTSTK,HINDALCO,27-Aug-2020,102.5,PE,0,0,0,8.3,0.15,0,0,0,0,06-JUL-2020,
OPTSTK,HINDALCO,27-Aug-2020,105,PE,0,0,0,9.15,0.2,0,0,0,0,06-JUL-2020,
OPTSTK,HINDALCO,27-Aug-2020,107.5,PE,0,0,0,10.05,0.25,0,0,0,0,06-JUL-2020,
OPTSTK,HINDALCO,27-Aug-2020,110,PE,0,0,0,11,0.35,0,0,0,0,06-JUL-2020,
OPTSTK,HINDALCO,27-Aug-2020,112.5,PE,0,0,0,11.95,0.5,0,0,0,0,06-JUL-2020,
OPTSTK,HINDALCO,27-Aug-2020,115,PE,0,0,0,13,0.65,0,0,0,0,06-JUL-2020,
OPTSTK,HINDALCO,27-Aug-2020,117.5,PE,0,0,0,14.05,0.85,0,0,0,0,06-JUL-2020,
OPTSTK,HINDALCO,27-Aug-2020,120,PE,1.15,1.15,1.15,1.15,1.1,1,5.2,4300,4300,06-JUL-2020,
OPTSTK,HINDALCO,27-Aug-2020,122.5,PE,0,0,0,16.35,1.35,0,0,0,0,06-JUL-2020,
OPTSTK,HINDALCO,27-Aug-2020,125,PE,0,0,0,17.55,1.7,0,0,0,0,06-JUL-2020,
OPTSTK,HINDALCO,27-Aug-2020,127.5,PE,0,0,0,18.8,2.1,0,0,0,0,06-JUL-2020,
OPTSTK,HINDALCO,27-Aug-2020,130,PE,0,0,0,4.15,2.6,0,0,30100,0,06-JUL-2020,
OPTSTK,HINDALCO,27-Aug-2020,132.5,PE,0,0,0,21.4,3.15,0,0,0,0,06-JUL-2020,
OPTSTK,HINDALCO,27-Aug-2020,135,PE,0,0,0,22.8,3.75,0,0,0,0,06-JUL-2020,
OPTSTK,HINDALCO,27-Aug-2020,137.5,PE,4.55,4.55,4.25,4.25,4.45,12,73.17,51600,51600,06-JUL-2020,
OPTSTK,HINDALCO,27-Aug-2020,140,PE,4.95,4.95,4.95,4.95,5.2,5,31.16,30100,21500,06-JUL-2020,
OPTSTK,HINDALCO,27-Aug-2020,142.5,PE,5.75,5.75,5.75,5.75,6.1,5,31.87,21500,21500,06-JUL-2020,
OPTSTK,HINDALCO,27-Aug-2020,145,PE,0,0,0,28.65,7.05,0,0,0,0,06-JUL-2020,
OPTSTK,HINDALCO,27-Aug-2020,147.5,PE,0,0,0,30.2,8.05,0,0,0,0,06-JUL-2020,
OPTSTK,HINDALCO,27-Aug-2020,150,PE,0,0,0,31.75,9.15,0,0,0,0,06-JUL-2020,
OPTSTK,HINDALCO,27-Aug-2020,152.5,PE,0,0,0,33.4,10.4,0,0,0,0,06-JUL-2020,
OPTSTK,HINDALCO,27-Aug-2020,155,PE,0,0,0,35.05,11.65,0,0,0,0,06-JUL-2020,
OPTSTK,HINDALCO,27-Aug-2020,157.5,PE,0,0,0,36.7,13.05,0,0,0,0,06-JUL-2020,
OPTSTK,HINDALCO,27-Aug-2020,160,PE,0,0,0,38.45,14.5,0,0,0,0,06-JUL-2020,
OPTSTK,HINDALCO,27-Aug-2020,162.5,PE,0,0,0,40.15,16,0,0,0,0,06-JUL-2020,
OPTSTK,HINDALCO,27-Aug-2020,165,PE,0,0,0,41.95,17.6,0,0,0,0,06-JUL-2020,
OPTSTK,HINDALCO,27-Aug-2020,167.5,PE,0,0,0,43.7,19.3,0,0,0,0,06-JUL-2020,
OPTSTK,HINDALCO,27-Aug-2020,170,PE,0,0,0,26,21.05,0,0,4300,0,06-JUL-2020,
OPTSTK,HINDALCO,27-Aug-2020,172.5,PE,0,0,0,47.4,22.85,0,0,0,0,06-JUL-2020,
OPTSTK,HINDALCO,27-Aug-2020,175,PE,0,0,0,49.25,24.7,0,0,0,0,06-JUL-2020,
OPTSTK,HINDALCO,27-Aug-2020,177.5,PE,0,0,0,51.15,26.65,0,0,0,0,06-JUL-2020,
OPTSTK,HINDALCO,27-Aug-2020,180,PE,0,0,0,53.05,28.6,0,0,0,0,06-JUL-2020,
OPTSTK,HINDALCO,27-Aug-2020,182.5,PE,0,0,0,55,30.65,0,0,0,0,06-JUL-2020,
OPTSTK,HINDALCO,24-Sep-2020,90,CE,0,0,0,58.95,65.3,0,0,0,0,06-JUL-2020,
OPTSTK,HINDALCO,24-Sep-2020,95,CE,0,0,0,54.6,60.45,0,0,0,0,06-JUL-2020,
OPTSTK,HINDALCO,24-Sep-2020,100,CE,0,0,0,50.4,55.65,0,0,0,0,06-JUL-2020,
OPTSTK,HINDALCO,24-Sep-2020,105,CE,0,0,0,46.35,50.95,0,0,0,0,06-JUL-2020,
OPTSTK,HINDALCO,24-Sep-2020,110,CE,0,0,0,42.55,46.35,0,0,0,0,06-JUL-2020,
OPTSTK,HINDALCO,24-Sep-2020,115,CE,0,0,0,38.9,41.95,0,0,0,0,06-JUL-2020,
OPTSTK,HINDALCO,24-Sep-2020,120,CE,0,0,0,35.5,37.7,0,0,0,0,06-JUL-2020,
OPTSTK,HINDALCO,24-Sep-2020,125,CE,0,0,0,32.3,33.65,0,0,0,0,06-JUL-2020,
OPTSTK,HINDALCO,24-Sep-2020,130,CE,0,0,0,29.3,29.85,0,0,0,0,06-JUL-2020,
OPTSTK,HINDALCO,24-Sep-2020,135,CE,0,0,0,26.5,26.35,0,0,0,0,06-JUL-2020,
OPTSTK,HINDALCO,24-Sep-2020,140,CE,0,0,0,23.95,23.1,0,0,0,0,06-JUL-2020,
OPTSTK,HINDALCO,24-Sep-2020,145,CE,0,0,0,21.6,20.1,0,0,0,0,06-JUL-2020,
OPTSTK,HINDALCO,24-Sep-2020,150,CE,0,0,0,19.4,17.4,0,0,0,0,06-JUL-2020,
OPTSTK,HINDALCO,24-Sep-2020,155,CE,0,0,0,17.45,15,0,0,0,0,06-JUL-2020,
OPTSTK,HINDALCO,24-Sep-2020,160,CE,0,0,0,15.65,12.85,0,0,0,0,06-JUL-2020,
OPTSTK,HINDALCO,24-Sep-2020,165,CE,0,0,0,14,10.95,0,0,0,0,06-JUL-2020,
OPTSTK,HINDALCO,24-Sep-2020,170,CE,0,0,0,12.5,9.3,0,0,0,0,06-JUL-2020,
OPTSTK,HINDALCO,24-Sep-2020,175,CE,0,0,0,11.2,7.85,0,0,0,0,06-JUL-2020,
OPTSTK,HINDALCO,24-Sep-2020,180,CE,0,0,0,10,6.6,0,0,0,0,06-JUL-2020,
OPTSTK,HINDALCO,24-Sep-2020,90,PE,0,0,0,1.3,0.1,0,0,0,0,06-JUL-2020,
OPTSTK,HINDALCO,24-Sep-2020,95,PE,0,0,0,1.9,0.2,0,0,0,0,06-JUL-2020,
OPTSTK,HINDALCO,24-Sep-2020,100,PE,0,0,0,2.65,0.35,0,0,0,0,06-JUL-2020,
OPTSTK,HINDALCO,24-Sep-2020,105,PE,0,0,0,3.55,0.6,0,0,0,0,06-JUL-2020,
OPTSTK,HINDALCO,24-Sep-2020,110,PE,0,0,0,4.65,1,0,0,0,0,06-JUL-2020,
OPTSTK,HINDALCO,24-Sep-2020,115,PE,0,0,0,5.95,1.5,0,0,0,0,06-JUL-2020,
OPTSTK,HINDALCO,24-Sep-2020,120,PE,0,0,0,7.5,2.25,0,0,0,0,06-JUL-2020,
OPTSTK,HINDALCO,24-Sep-2020,125,PE,0,0,0,9.25,3.15,0,0,0,0,06-JUL-2020,
OPTSTK,HINDALCO,24-Sep-2020,130,PE,0,0,0,11.15,4.3,0,0,0,0,06-JUL-2020,
OPTSTK,HINDALCO,24-Sep-2020,135,PE,0,0,0,13.35,5.75,0,0,0,0,06-JUL-2020,
OPTSTK,HINDALCO,24-Sep-2020,140,PE,0,0,0,15.7,7.45,0,0,0,0,06-JUL-2020,
OPTSTK,HINDALCO,24-Sep-2020,145,PE,0,0,0,18.3,9.4,0,0,0,0,06-JUL-2020,
OPTSTK,HINDALCO,24-Sep-2020,150,PE,0,0,0,21.1,11.7,0,0,0,0,06-JUL-2020,
OPTSTK,HINDALCO,24-Sep-2020,155,PE,0,0,0,24.05,14.2,0,0,0,0,06-JUL-2020,
OPTSTK,HINDALCO,24-Sep-2020,160,PE,0,0,0,27.2,17,0,0,0,0,06-JUL-2020,
OPTSTK,HINDALCO,24-Sep-2020,165,PE,0,0,0,30.5,20.05,0,0,0,0,06-JUL-2020,
OPTSTK,HINDALCO,24-Sep-2020,170,PE,0,0,0,33.95,23.35,0,0,0,0,06-JUL-2020,
OPTSTK,HINDALCO,24-Sep-2020,175,PE,0,0,0,37.55,26.85,0,0,0,0,06-JUL-2020,
OPTSTK,HINDALCO,24-Sep-2020,180,PE,0,0,0,41.3,30.55,0,0,0,0,06-JUL-2020,
OPTSTK,HINDPETRO,30-Jul-2020,130,CE,0,0,0,83.35,85.95,0,0,0,0,06-JUL-2020,
OPTSTK,HINDPETRO,30-Jul-2020,135,CE,0,0,0,79.3,81,0,0,0,0,06-JUL-2020,
OPTSTK,HINDPETRO,30-Jul-2020,140,CE,0,0,0,86.7,76,0,0,0,0,06-JUL-2020,
OPTSTK,HINDPETRO,30-Jul-2020,145,CE,0,0,0,82.7,71,0,0,0,0,06-JUL-2020,
OPTSTK,HINDPETRO,30-Jul-2020,150,CE,0,0,0,78.8,66.05,0,0,0,0,06-JUL-2020,
OPTSTK,HINDPETRO,30-Jul-2020,155,CE,0,0,0,75.05,61.1,0,0,0,0,06-JUL-2020,
OPTSTK,HINDPETRO,30-Jul-2020,160,CE,0,0,0,71.4,56.15,0,0,0,0,06-JUL-2020,
OPTSTK,HINDPETRO,30-Jul-2020,165,CE,0,0,0,67.85,51.25,0,0,0,0,06-JUL-2020,
OPTSTK,HINDPETRO,30-Jul-2020,170,CE,0,0,0,64.45,46.4,0,0,0,0,06-JUL-2020,
OPTSTK,HINDPETRO,30-Jul-2020,175,CE,0,0,0,61.2,41.7,0,0,0,0,06-JUL-2020,
OPTSTK,HINDPETRO,30-Jul-2020,180,CE,0,0,0,36,37.1,0,0,2700,0,06-JUL-2020,
OPTSTK,HINDPETRO,30-Jul-2020,185,CE,0,0,0,32,32.65,0,0,5400,0,06-JUL-2020,
OPTSTK,HINDPETRO,30-Jul-2020,190,CE,0,0,0,24.8,28.45,0,0,2700,0,06-JUL-2020,
OPTSTK,HINDPETRO,30-Jul-2020,195,CE,0,0,0,20.95,24.5,0,0,5400,0,06-JUL-2020,
OPTSTK,HINDPETRO,30-Jul-2020,200,CE,22.7,24.05,22.7,24.05,20.85,3,18.08,62100,0,06-JUL-2020,
OPTSTK,HINDPETRO,30-Jul-2020,205,CE,19.1,21.45,16.45,17.45,17.55,8,48.27,75600,8100,06-JUL-2020,
OPTSTK,HINDPETRO,30-Jul-2020,210,CE,16.65,17.9,13.7,14.6,14.6,32,194.87,137700,-13500,06-JUL-2020,
OPTSTK,HINDPETRO,30-Jul-2020,215,CE,13.1,14.45,11.4,12.15,12.15,41,252.47,113400,8100,06-JUL-2020,
OPTSTK,HINDPETRO,30-Jul-2020,220,CE,10.35,11.9,9.15,9.9,9.9,303,1887.5,729000,81000,06-JUL-2020,
OPTSTK,HINDPETRO,30-Jul-2020,225,CE,7.75,9.65,7.55,8,8,110,693.85,240300,35100,06-JUL-2020,
OPTSTK,HINDPETRO,30-Jul-2020,230,CE,6.4,7.8,6.05,6.5,6.5,339,2168.96,791100,70200,06-JUL-2020,
OPTSTK,HINDPETRO,30-Jul-2020,235,CE,5.65,6.25,4.95,5.15,5.15,32,207.97,180900,13500,06-JUL-2020,
OPTSTK,HINDPETRO,30-Jul-2020,240,CE,4.65,4.95,3.8,4.1,4.1,183,1207.85,704700,59400,06-JUL-2020,
OPTSTK,HINDPETRO,30-Jul-2020,245,CE,3.95,4,3.2,3.45,3.45,15,100.68,35100,-10800,06-JUL-2020,
OPTSTK,HINDPETRO,30-Jul-2020,250,CE,2.7,3,2.5,2.7,2.7,70,477.79,445500,0,06-JUL-2020,
OPTSTK,HINDPETRO,30-Jul-2020,255,CE,2.05,2.05,2,2,1.55,2,13.87,18900,5400,06-JUL-2020,
OPTSTK,HINDPETRO,30-Jul-2020,260,CE,1.65,1.85,1.6,1.6,1.15,4,28.26,334800,2700,06-JUL-2020,
OPTSTK,HINDPETRO,30-Jul-2020,265,CE,0,0,0,3,0.85,0,0,2700,0,06-JUL-2020,
OPTSTK,HINDPETRO,30-Jul-2020,270,CE,1,1.05,1,1.05,0.6,3,21.95,24300,8100,06-JUL-2020,
OPTSTK,HINDPETRO,30-Jul-2020,275,CE,0,0,0,2,0.45,0,0,5400,0,06-JUL-2020,
OPTSTK,HINDPETRO,30-Jul-2020,280,CE,0.6,0.75,0.6,0.75,0.75,3,22.73,148500,8100,06-JUL-2020,
OPTSTK,HINDPETRO,30-Jul-2020,130,PE,0,0,0,3.95,0.05,0,0,0,0,06-JUL-2020,
OPTSTK,HINDPETRO,30-Jul-2020,135,PE,0,0,0,4.8,0.05,0,0,0,0,06-JUL-2020,
OPTSTK,HINDPETRO,30-Jul-2020,140,PE,0,0,0,4.6,0.05,0,0,0,0,06-JUL-2020,
OPTSTK,HINDPETRO,30-Jul-2020,145,PE,0,0,0,5.55,0.05,0,0,0,0,06-JUL-2020,
OPTSTK,HINDPETRO,30-Jul-2020,150,PE,0,0,0,0.5,0.05,0,0,5400,0,06-JUL-2020,
OPTSTK,HINDPETRO,30-Jul-2020,155,PE,0,0,0,7.75,0.05,0,0,0,0,06-JUL-2020,
OPTSTK,HINDPETRO,30-Jul-2020,160,PE,0,0,0,9.05,0.1,0,0,0,0,06-JUL-2020,
OPTSTK,HINDPETRO,30-Jul-2020,165,PE,0,0,0,10.5,0.2,0,0,0,0,06-JUL-2020,
OPTSTK,HINDPETRO,30-Jul-2020,170,PE,0,0,0,1.1,0.35,0,0,13500,0,06-JUL-2020,
OPTSTK,HINDPETRO,30-Jul-2020,175,PE,0.75,0.75,0.75,0.75,0.6,1,4.74,8100,0,06-JUL-2020,
OPTSTK,HINDPETRO,30-Jul-2020,180,PE,0.9,1.1,0.8,1.1,1,12,58.6,380700,0,06-JUL-2020,
OPTSTK,HINDPETRO,30-Jul-2020,185,PE,0,0,0,6.9,1.55,0,0,2700,0,06-JUL-2020,
OPTSTK,HINDPETRO,30-Jul-2020,190,PE,1.85,2.5,1.7,2.35,2.35,22,114.11,216000,8100,06-JUL-2020,
OPTSTK,HINDPETRO,30-Jul-2020,195,PE,2.7,3.6,2.4,3.6,3.35,21,112.13,62100,-5400,06-JUL-2020,
OPTSTK,HINDPETRO,30-Jul-2020,200,PE,4,5,3.5,4.6,4.6,82,451.99,445500,-2700,06-JUL-2020,
OPTSTK,HINDPETRO,30-Jul-2020,205,PE,5,6.65,4.8,6.35,6.35,34,193.45,140400,27000,06-JUL-2020,
OPTSTK,HINDPETRO,30-Jul-2020,210,PE,7.7,8.95,6.5,8.35,8.35,81,475.79,305100,-10800,06-JUL-2020,
OPTSTK,HINDPETRO,30-Jul-2020,215,PE,8.95,11.2,8.45,11,10.75,36,218.25,137700,-2700,06-JUL-2020,
OPTSTK,HINDPETRO,30-Jul-2020,220,PE,13.25,14.4,10.95,13.6,13.6,58,364.26,218700,0,06-JUL-2020,
OPTSTK,HINDPETRO,30-Jul-2020,225,PE,14.75,17.15,14.75,16.5,16.5,9,58.47,32400,-8100,06-JUL-2020,
OPTSTK,HINDPETRO,30-Jul-2020,230,PE,17.25,20.6,17.25,20.15,20.15,5,33.69,70200,0,06-JUL-2020,
OPTSTK,HINDPETRO,30-Jul-2020,235,PE,0,0,0,29.65,23.5,0,0,16200,0,06-JUL-2020,
OPTSTK,HINDPETRO,30-Jul-2020,240,PE,0,0,0,32.8,27.4,0,0,27000,0,06-JUL-2020,
OPTSTK,HINDPETRO,30-Jul-2020,245,PE,0,0,0,49.5,31.5,0,0,0,0,06-JUL-2020,
OPTSTK,HINDPETRO,30-Jul-2020,250,PE,0,0,0,41.5,35.8,0,0,13500,0,06-JUL-2020,
OPTSTK,HINDPETRO,30-Jul-2020,255,PE,0,0,0,56.3,40.25,0,0,0,0,06-JUL-2020,
OPTSTK,HINDPETRO,30-Jul-2020,260,PE,0,0,0,40.05,44.85,0,0,91800,0,06-JUL-2020,
OPTSTK,HINDPETRO,30-Jul-2020,265,PE,0,0,0,50,49.5,0,0,2700,0,06-JUL-2020,
OPTSTK,HINDPETRO,30-Jul-2020,270,PE,0,0,0,67.05,54.25,0,0,0,0,06-JUL-2020,
OPTSTK,HINDPETRO,30-Jul-2020,275,PE,0,0,0,56.15,59.05,0,0,2700,0,06-JUL-2020,
OPTSTK,HINDPETRO,30-Jul-2020,280,PE,0,0,0,74.55,63.95,0,0,0,0,06-JUL-2020,
OPTSTK,HINDPETRO,27-Aug-2020,130,CE,0,0,0,61.9,86.45,0,0,0,0,06-JUL-2020,
OPTSTK,HINDPETRO,27-Aug-2020,135,CE,0,0,0,58,81.5,0,0,0,0,06-JUL-2020,
OPTSTK,HINDPETRO,27-Aug-2020,140,CE,0,0,0,54.3,76.6,0,0,0,0,06-JUL-2020,
OPTSTK,HINDPETRO,27-Aug-2020,145,CE,0,0,0,50.75,71.7,0,0,0,0,06-JUL-2020,
OPTSTK,HINDPETRO,27-Aug-2020,150,CE,0,0,0,47.35,66.9,0,0,0,0,06-JUL-2020,
OPTSTK,HINDPETRO,27-Aug-2020,155,CE,0,0,0,44.1,62.15,0,0,0,0,06-JUL-2020,
OPTSTK,HINDPETRO,27-Aug-2020,160,CE,0,0,0,41,57.45,0,0,0,0,06-JUL-2020,
OPTSTK,HINDPETRO,27-Aug-2020,165,CE,0,0,0,38.1,52.9,0,0,0,0,06-JUL-2020,
OPTSTK,HINDPETRO,27-Aug-2020,170,CE,0,0,0,35.35,48.5,0,0,0,0,06-JUL-2020,
OPTSTK,HINDPETRO,27-Aug-2020,175,CE,0,0,0,32.8,44.2,0,0,0,0,06-JUL-2020,
OPTSTK,HINDPETRO,27-Aug-2020,180,CE,0,0,0,30.35,40.1,0,0,0,0,06-JUL-2020,
OPTSTK,HINDPETRO,27-Aug-2020,185,CE,0,0,0,28.1,36.2,0,0,0,0,06-JUL-2020,
OPTSTK,HINDPETRO,27-Aug-2020,190,CE,0,0,0,25.95,32.5,0,0,0,0,06-JUL-2020,
OPTSTK,HINDPETRO,27-Aug-2020,195,CE,0,0,0,23.95,29.05,0,0,0,0,06-JUL-2020,
OPTSTK,HINDPETRO,27-Aug-2020,200,CE,0,0,0,22.1,25.85,0,0,0,0,06-JUL-2020,
OPTSTK,HINDPETRO,27-Aug-2020,205,CE,0,0,0,20.35,22.85,0,0,0,0,06-JUL-2020,
OPTSTK,HINDPETRO,27-Aug-2020,210,CE,0,0,0,18.75,20.1,0,0,0,0,06-JUL-2020,
OPTSTK,HINDPETRO,27-Aug-2020,215,CE,0,0,0,17.25,17.6,0,0,0,0,06-JUL-2020,
OPTSTK,HINDPETRO,27-Aug-2020,220,CE,0,0,0,15.85,15.35,0,0,0,0,06-JUL-2020,
OPTSTK,HINDPETRO,27-Aug-2020,225,CE,0,0,0,14.6,13.3,0,0,0,0,06-JUL-2020,
OPTSTK,HINDPETRO,27-Aug-2020,230,CE,0,0,0,13.4,11.45,0,0,0,0,06-JUL-2020,
OPTSTK,HINDPETRO,27-Aug-2020,235,CE,0,0,0,12.3,9.85,0,0,0,0,06-JUL-2020,
OPTSTK,HINDPETRO,27-Aug-2020,240,CE,0,0,0,11.3,8.45,0,0,0,0,06-JUL-2020,
OPTSTK,HINDPETRO,27-Aug-2020,245,CE,0,0,0,10.4,7.2,0,0,0,0,06-JUL-2020,
OPTSTK,HINDPETRO,27-Aug-2020,250,CE,0,0,0,9.5,6.1,0,0,0,0,06-JUL-2020,
OPTSTK,HINDPETRO,27-Aug-2020,255,CE,0,0,0,8.75,5.15,0,0,0,0,06-JUL-2020,
OPTSTK,HINDPETRO,27-Aug-2020,260,CE,0,0,0,8,4.35,0,0,0,0,06-JUL-2020,
OPTSTK,HINDPETRO,27-Aug-2020,265,CE,0,0,0,7.35,3.65,0,0,0,0,06-JUL-2020,
OPTSTK,HINDPETRO,27-Aug-2020,270,CE,0,0,0,7.65,3.05,0,0,0,0,06-JUL-2020,
OPTSTK,HINDPETRO,27-Aug-2020,275,CE,0,0,0,7,2.55,0,0,0,0,06-JUL-2020,
OPTSTK,HINDPETRO,27-Aug-2020,280,CE,0,0,0,6.4,2.1,0,0,0,0,06-JUL-2020,
OPTSTK,HINDPETRO,27-Aug-2020,130,PE,0,0,0,4.45,0.05,0,0,0,0,06-JUL-2020,
OPTSTK,HINDPETRO,27-Aug-2020,135,PE,0,0,0,5.55,0.1,0,0,0,0,06-JUL-2020,
OPTSTK,HINDPETRO,27-Aug-2020,140,PE,0,0,0,6.75,0.15,0,0,0,0,06-JUL-2020,
OPTSTK,HINDPETRO,27-Aug-2020,145,PE,0,0,0,8.15,0.25,0,0,0,0,06-JUL-2020,
OPTSTK,HINDPETRO,27-Aug-2020,150,PE,0,0,0,9.65,0.4,0,0,0,0,06-JUL-2020,
OPTSTK,HINDPETRO,27-Aug-2020,155,PE,0,0,0,11.35,0.6,0,0,0,0,06-JUL-2020,
OPTSTK,HINDPETRO,27-Aug-2020,160,PE,0,0,0,13.25,0.9,0,0,0,0,06-JUL-2020,
OPTSTK,HINDPETRO,27-Aug-2020,165,PE,0,0,0,15.25,1.3,0,0,0,0,06-JUL-2020,
OPTSTK,HINDPETRO,27-Aug-2020,170,PE,0,0,0,17.45,1.85,0,0,0,0,06-JUL-2020,
OPTSTK,HINDPETRO,27-Aug-2020,175,PE,0,0,0,19.8,2.55,0,0,0,0,06-JUL-2020,
OPTSTK,HINDPETRO,27-Aug-2020,180,PE,0,0,0,22.3,3.45,0,0,0,0,06-JUL-2020,
OPTSTK,HINDPETRO,27-Aug-2020,185,PE,0,0,0,25,4.5,0,0,0,0,06-JUL-2020,
OPTSTK,HINDPETRO,27-Aug-2020,190,PE,0,0,0,27.8,5.75,0,0,0,0,06-JUL-2020,
OPTSTK,HINDPETRO,27-Aug-2020,195,PE,0,0,0,30.75,7.3,0,0,0,0,06-JUL-2020,
OPTSTK,HINDPETRO,27-Aug-2020,200,PE,7.45,7.5,7.45,7.5,9,2,11.2,16200,5400,06-JUL-2020,
OPTSTK,HINDPETRO,27-Aug-2020,205,PE,0,0,0,37,11,0,0,0,0,06-JUL-2020,
OPTSTK,HINDPETRO,27-Aug-2020,210,PE,0,0,0,15,13.25,0,0,2700,0,06-JUL-2020,
OPTSTK,HINDPETRO,27-Aug-2020,215,PE,0,0,0,43.8,15.7,0,0,0,0,06-JUL-2020,
OPTSTK,HINDPETRO,27-Aug-2020,220,PE,17,17,17,17,18.4,1,6.39,2700,2700,06-JUL-2020,
OPTSTK,HINDPETRO,27-Aug-2020,225,PE,0,0,0,51,21.35,0,0,0,0,06-JUL-2020,
OPTSTK,HINDPETRO,27-Aug-2020,230,PE,24,24,24,24,24.5,1,6.85,5400,2700,06-JUL-2020,
OPTSTK,HINDPETRO,27-Aug-2020,235,PE,0,0,0,58.6,27.85,0,0,0,0,06-JUL-2020,
OPTSTK,HINDPETRO,27-Aug-2020,240,PE,0,0,0,62.55,31.4,0,0,0,0,06-JUL-2020,
OPTSTK,HINDPETRO,27-Aug-2020,245,PE,0,0,0,66.55,35.1,0,0,0,0,06-JUL-2020,
OPTSTK,HINDPETRO,27-Aug-2020,250,PE,0,0,0,70.65,39,0,0,0,0,06-JUL-2020,
OPTSTK,HINDPETRO,27-Aug-2020,255,PE,0,0,0,74.8,43,0,0,0,0,06-JUL-2020,
OPTSTK,HINDPETRO,27-Aug-2020,260,PE,47,47,47,47,47.15,1,8.28,2700,2700,06-JUL-2020,
OPTSTK,HINDPETRO,27-Aug-2020,265,PE,0,0,0,83.25,51.45,0,0,0,0,06-JUL-2020,
OPTSTK,HINDPETRO,27-Aug-2020,270,PE,0,0,0,79.95,55.8,0,0,0,0,06-JUL-2020,
OPTSTK,HINDPETRO,27-Aug-2020,275,PE,0,0,0,84.2,60.25,0,0,0,0,06-JUL-2020,
OPTSTK,HINDPETRO,27-Aug-2020,280,PE,0,0,0,78.8,64.8,0,0,0,0,06-JUL-2020,
OPTSTK,HINDPETRO,24-Sep-2020,130,CE,0,0,0,94.45,87.05,0,0,0,0,06-JUL-2020,
OPTSTK,HINDPETRO,24-Sep-2020,135,CE,0,0,0,89.9,82.2,0,0,0,0,06-JUL-2020,
OPTSTK,HINDPETRO,24-Sep-2020,140,CE,0,0,0,85.4,77.45,0,0,0,0,06-JUL-2020,
OPTSTK,HINDPETRO,24-Sep-2020,145,CE,0,0,0,81,72.75,0,0,0,0,06-JUL-2020,
OPTSTK,HINDPETRO,24-Sep-2020,150,CE,0,0,0,76.7,68.15,0,0,0,0,06-JUL-2020,
OPTSTK,HINDPETRO,24-Sep-2020,155,CE,0,0,0,72.55,63.6,0,0,0,0,06-JUL-2020,
OPTSTK,HINDPETRO,24-Sep-2020,160,CE,0,0,0,68.5,59.2,0,0,0,0,06-JUL-2020,
OPTSTK,HINDPETRO,24-Sep-2020,165,CE,0,0,0,64.55,54.95,0,0,0,0,06-JUL-2020,
OPTSTK,HINDPETRO,24-Sep-2020,170,CE,0,0,0,60.75,50.8,0,0,0,0,06-JUL-2020,
OPTSTK,HINDPETRO,24-Sep-2020,175,CE,0,0,0,57.1,46.85,0,0,0,0,06-JUL-2020,
OPTSTK,HINDPETRO,24-Sep-2020,180,CE,0,0,0,53.6,43.05,0,0,0,0,06-JUL-2020,
OPTSTK,HINDPETRO,24-Sep-2020,185,CE,0,0,0,50.25,39.45,0,0,0,0,06-JUL-2020,
OPTSTK,HINDPETRO,24-Sep-2020,190,CE,0,0,0,47.05,36.05,0,0,0,0,06-JUL-2020,
OPTSTK,HINDPETRO,24-Sep-2020,195,CE,0,0,0,43.95,32.8,0,0,0,0,06-JUL-2020,
OPTSTK,HINDPETRO,24-Sep-2020,200,CE,0,0,0,41.05,29.8,0,0,0,0,06-JUL-2020,
OPTSTK,HINDPETRO,24-Sep-2020,205,CE,0,0,0,38.25,26.95,0,0,0,0,06-JUL-2020,
OPTSTK,HINDPETRO,24-Sep-2020,210,CE,0,0,0,35.65,24.35,0,0,0,0,06-JUL-2020,
OPTSTK,HINDPETRO,24-Sep-2020,215,CE,0,0,0,33.15,21.9,0,0,0,0,06-JUL-2020,
OPTSTK,HINDPETRO,24-Sep-2020,220,CE,0,0,0,30.85,19.65,0,0,0,0,06-JUL-2020,
OPTSTK,HINDPETRO,24-Sep-2020,225,CE,0,0,0,28.65,17.6,0,0,0,0,06-JUL-2020,
OPTSTK,HINDPETRO,24-Sep-2020,230,CE,0,0,0,26.55,15.7,0,0,0,0,06-JUL-2020,
OPTSTK,HINDPETRO,24-Sep-2020,235,CE,0,0,0,24.6,14,0,0,0,0,06-JUL-2020,
OPTSTK,HINDPETRO,24-Sep-2020,240,CE,0,0,0,22.8,12.45,0,0,0,0,06-JUL-2020,
OPTSTK,HINDPETRO,24-Sep-2020,245,CE,0,0,0,21.1,11,0,0,0,0,06-JUL-2020,
OPTSTK,HINDPETRO,24-Sep-2020,250,CE,0,0,0,19.5,9.75,0,0,0,0,06-JUL-2020,
OPTSTK,HINDPETRO,24-Sep-2020,255,CE,0,0,0,18,8.6,0,0,0,0,06-JUL-2020,
OPTSTK,HINDPETRO,24-Sep-2020,260,CE,0,0,0,16.65,7.6,0,0,0,0,06-JUL-2020,
OPTSTK,HINDPETRO,24-Sep-2020,265,CE,0,0,0,15.35,6.65,0,0,0,0,06-JUL-2020,
OPTSTK,HINDPETRO,24-Sep-2020,270,CE,0,0,0,14.15,5.85,0,0,0,0,06-JUL-2020,
OPTSTK,HINDPETRO,24-Sep-2020,275,CE,0,0,0,13.05,5.15,0,0,0,0,06-JUL-2020,
OPTSTK,HINDPETRO,24-Sep-2020,280,CE,0,0,0,12.05,4.5,0,0,0,0,06-JUL-2020,
OPTSTK,HINDPETRO,24-Sep-2020,130,PE,0,0,0,1.1,0.25,0,0,0,0,06-JUL-2020,
OPTSTK,HINDPETRO,24-Sep-2020,135,PE,0,0,0,1.45,0.35,0,0,0,0,06-JUL-2020,
OPTSTK,HINDPETRO,24-Sep-2020,140,PE,0,0,0,1.95,0.55,0,0,0,0,06-JUL-2020,
OPTSTK,HINDPETRO,24-Sep-2020,145,PE,0,0,0,2.45,0.8,0,0,0,0,06-JUL-2020,
OPTSTK,HINDPETRO,24-Sep-2020,150,PE,0,0,0,3.15,1.15,0,0,0,0,06-JUL-2020,
OPTSTK,HINDPETRO,24-Sep-2020,155,PE,0,0,0,3.9,1.6,0,0,0,0,06-JUL-2020,
OPTSTK,HINDPETRO,24-Sep-2020,160,PE,0,0,0,4.8,2.15,0,0,0,0,06-JUL-2020,
OPTSTK,HINDPETRO,24-Sep-2020,165,PE,0,0,0,5.8,2.8,0,0,0,0,06-JUL-2020,
OPTSTK,HINDPETRO,24-Sep-2020,170,PE,0,0,0,6.95,3.65,0,0,0,0,06-JUL-2020,
OPTSTK,HINDPETRO,24-Sep-2020,175,PE,0,0,0,8.25,4.65,0,0,0,0,06-JUL-2020,
OPTSTK,HINDPETRO,24-Sep-2020,180,PE,0,0,0,9.65,5.8,0,0,0,0,06-JUL-2020,
OPTSTK,HINDPETRO,24-Sep-2020,185,PE,0,0,0,11.25,7.15,0,0,0,0,06-JUL-2020,
OPTSTK,HINDPETRO,24-Sep-2020,190,PE,0,0,0,12.95,8.65,0,0,0,0,06-JUL-2020,
OPTSTK,HINDPETRO,24-Sep-2020,195,PE,0,0,0,14.85,10.4,0,0,0,0,06-JUL-2020,
OPTSTK,HINDPETRO,24-Sep-2020,200,PE,0,0,0,16.85,12.35,0,0,0,0,06-JUL-2020,
OPTSTK,HINDPETRO,24-Sep-2020,205,PE,0,0,0,19.05,14.45,0,0,0,0,06-JUL-2020,
OPTSTK,HINDPETRO,24-Sep-2020,210,PE,0,0,0,21.35,16.8,0,0,0,0,06-JUL-2020,
OPTSTK,HINDPETRO,24-Sep-2020,215,PE,0,0,0,23.85,19.3,0,0,0,0,06-JUL-2020,
OPTSTK,HINDPETRO,24-Sep-2020,220,PE,0,0,0,26.45,22,0,0,0,0,06-JUL-2020,
OPTSTK,HINDPETRO,24-Sep-2020,225,PE,0,0,0,29.15,24.9,0,0,0,0,06-JUL-2020,
OPTSTK,HINDPETRO,24-Sep-2020,230,PE,0,0,0,32.05,28,0,0,0,0,06-JUL-2020,
OPTSTK,HINDPETRO,24-Sep-2020,235,PE,0,0,0,35.05,31.2,0,0,0,0,06-JUL-2020,
OPTSTK,HINDPETRO,24-Sep-2020,240,PE,0,0,0,38.15,34.6,0,0,0,0,06-JUL-2020,
OPTSTK,HINDPETRO,24-Sep-2020,245,PE,0,0,0,41.4,38.15,0,0,0,0,06-JUL-2020,
OPTSTK,HINDPETRO,24-Sep-2020,250,PE,0,0,0,44.75,41.85,0,0,0,0,06-JUL-2020,
OPTSTK,HINDPETRO,24-Sep-2020,255,PE,0,0,0,48.2,45.65,0,0,0,0,06-JUL-2020,
OPTSTK,HINDPETRO,24-Sep-2020,260,PE,0,0,0,51.75,49.6,0,0,0,0,06-JUL-2020,
OPTSTK,HINDPETRO,24-Sep-2020,265,PE,0,0,0,55.45,53.6,0,0,0,0,06-JUL-2020,
OPTSTK,HINDPETRO,24-Sep-2020,270,PE,0,0,0,59.2,57.75,0,0,0,0,06-JUL-2020,
OPTSTK,HINDPETRO,24-Sep-2020,275,PE,0,0,0,63,62,0,0,0,0,06-JUL-2020,
OPTSTK,HINDPETRO,24-Sep-2020,280,PE,0,0,0,66.95,66.3,0,0,0,0,06-JUL-2020,
OPTSTK,HINDUNILVR,30-Jul-2020,1760,CE,0,0,0,473.2,406.65,0,0,0,0,06-JUL-2020,
OPTSTK,HINDUNILVR,30-Jul-2020,1780,CE,0,0,0,460.75,386.8,0,0,0,0,06-JUL-2020,
OPTSTK,HINDUNILVR,30-Jul-2020,1800,CE,0,0,0,535.4,367,0,0,0,0,06-JUL-2020,
OPTSTK,HINDUNILVR,30-Jul-2020,1820,CE,0,0,0,522.4,347.25,0,0,0,0,06-JUL-2020,
OPTSTK,HINDUNILVR,30-Jul-2020,1840,CE,0,0,0,509.65,327.6,0,0,0,0,06-JUL-2020,
OPTSTK,HINDUNILVR,30-Jul-2020,1860,CE,0,0,0,497.15,308.1,0,0,0,0,06-JUL-2020,
OPTSTK,HINDUNILVR,30-Jul-2020,1880,CE,0,0,0,484.75,288.7,0,0,0,0,06-JUL-2020,
OPTSTK,HINDUNILVR,30-Jul-2020,1900,CE,0,0,0,268,269.6,0,0,1800,0,06-JUL-2020,
OPTSTK,HINDUNILVR,30-Jul-2020,1920,CE,0,0,0,460.85,250.7,0,0,0,0,06-JUL-2020,
OPTSTK,HINDUNILVR,30-Jul-2020,1940,CE,0,0,0,220.35,232.15,0,0,600,0,06-JUL-2020,
OPTSTK,HINDUNILVR,30-Jul-2020,1960,CE,0,0,0,142,213.95,0,0,600,0,06-JUL-2020,
OPTSTK,HINDUNILVR,30-Jul-2020,1980,CE,0,0,0,426.65,196.3,0,0,0,0,06-JUL-2020,
OPTSTK,HINDUNILVR,30-Jul-2020,2000,CE,178,178,169,177,179.15,26,169.51,36600,600,06-JUL-2020,
OPTSTK,HINDUNILVR,30-Jul-2020,2020,CE,0,0,0,175.25,162.6,0,0,3000,0,06-JUL-2020,
OPTSTK,HINDUNILVR,30-Jul-2020,2040,CE,0,0,0,145.35,146.8,0,0,2700,0,06-JUL-2020,
OPTSTK,HINDUNILVR,30-Jul-2020,2060,CE,0,0,0,130,131.7,0,0,1800,0,06-JUL-2020,
OPTSTK,HINDUNILVR,30-Jul-2020,2080,CE,0,0,0,121.7,117.5,0,0,7200,0,06-JUL-2020,
OPTSTK,HINDUNILVR,30-Jul-2020,2100,CE,100,103.25,93.55,100,100,105,692.28,101700,15000,06-JUL-2020,
OPTSTK,HINDUNILVR,30-Jul-2020,2120,CE,0,0,0,104,91.7,0,0,20100,0,06-JUL-2020,
OPTSTK,HINDUNILVR,30-Jul-2020,2140,CE,79.2,81.8,71.5,77.45,77.45,73,485.39,68700,1500,06-JUL-2020,
OPTSTK,HINDUNILVR,30-Jul-2020,2160,CE,75.2,75.2,62,67.25,67.25,460,3072.27,107700,11700,06-JUL-2020,
OPTSTK,HINDUNILVR,30-Jul-2020,2180,CE,74.8,84.95,54,58.3,58.3,836,5613.46,146400,17100,06-JUL-2020,
OPTSTK,HINDUNILVR,30-Jul-2020,2200,CE,56,57.6,45.8,49.9,49.9,2285,15421.61,866400,29700,06-JUL-2020,
OPTSTK,HINDUNILVR,30-Jul-2020,2220,CE,49.4,49.45,39,42.4,42.4,353,2395.84,78000,-3600,06-JUL-2020,
OPTSTK,HINDUNILVR,30-Jul-2020,2240,CE,41.05,42.4,33,36,36,279,1904.74,77100,-3000,06-JUL-2020,
OPTSTK,HINDUNILVR,30-Jul-2020,2260,CE,32.35,32.55,27.85,30.05,30.05,174,1195.3,62400,0,06-JUL-2020,
OPTSTK,HINDUNILVR,30-Jul-2020,2280,CE,29.3,29.3,23.35,25.4,25.4,82,567.07,22500,6000,06-JUL-2020,
OPTSTK,HINDUNILVR,30-Jul-2020,2300,CE,24.5,24.5,19.3,21.2,21.2,929,6468.82,524100,-12900,06-JUL-2020,
OPTSTK,HINDUNILVR,30-Jul-2020,2320,CE,18.45,18.7,17.6,18.7,17.55,8,56.11,5100,0,06-JUL-2020,
OPTSTK,HINDUNILVR,30-Jul-2020,2340,CE,17,17,13.1,14.45,14.3,12,84.77,21600,1500,06-JUL-2020,
OPTSTK,HINDUNILVR,30-Jul-2020,2360,CE,0,0,0,254.55,11.55,0,0,0,0,06-JUL-2020,
OPTSTK,HINDUNILVR,30-Jul-2020,2380,CE,10.2,11.1,10,10.55,9.3,8,57.37,11100,300,06-JUL-2020,
OPTSTK,HINDUNILVR,30-Jul-2020,2400,CE,10.85,12,8.15,9.05,9.05,439,3172.86,223800,18000,06-JUL-2020,
OPTSTK,HINDUNILVR,30-Jul-2020,2420,CE,8.6,8.6,8,8,5.85,2,14.56,2700,600,06-JUL-2020,
OPTSTK,HINDUNILVR,30-Jul-2020,2440,CE,0,0,0,227.15,4.6,0,0,0,0,06-JUL-2020,
OPTSTK,HINDUNILVR,30-Jul-2020,2460,CE,0,0,0,220.7,3.6,0,0,0,0,06-JUL-2020,
OPTSTK,HINDUNILVR,30-Jul-2020,2480,CE,0,0,0,214.45,2.8,0,0,0,0,06-JUL-2020,
OPTSTK,HINDUNILVR,30-Jul-2020,2500,CE,5.95,5.95,4.1,4.3,4.3,229,1720.48,247200,14400,06-JUL-2020,
OPTSTK,HINDUNILVR,30-Jul-2020,2520,CE,0,0,0,202.35,1.65,0,0,0,0,06-JUL-2020,
OPTSTK,HINDUNILVR,30-Jul-2020,2540,CE,0,0,0,196.55,1.25,0,0,0,0,06-JUL-2020,
OPTSTK,HINDUNILVR,30-Jul-2020,2560,CE,0,0,0,190.9,0.95,0,0,0,0,06-JUL-2020,
OPTSTK,HINDUNILVR,30-Jul-2020,2580,CE,0,0,0,185.4,0.7,0,0,0,0,06-JUL-2020,
OPTSTK,HINDUNILVR,30-Jul-2020,2600,CE,2.55,2.75,2.15,2.5,2.5,62,484.04,115500,900,06-JUL-2020,
OPTSTK,HINDUNILVR,30-Jul-2020,1760,PE,0,0,0,128.5,0.15,0,0,0,0,06-JUL-2020,
OPTSTK,HINDUNILVR,30-Jul-2020,1780,PE,0,0,0,0.45,0.25,0,0,1200,0,06-JUL-2020,
OPTSTK,HINDUNILVR,30-Jul-2020,1800,PE,3.05,3.05,1.8,1.8,0.35,3,16.22,27300,600,06-JUL-2020,
OPTSTK,HINDUNILVR,30-Jul-2020,1820,PE,0,0,0,3.5,0.6,0,0,300,0,06-JUL-2020,
OPTSTK,HINDUNILVR,30-Jul-2020,1840,PE,0,0,0,7,0.85,0,0,300,0,06-JUL-2020,
OPTSTK,HINDUNILVR,30-Jul-2020,1860,PE,2.75,2.75,2.75,2.75,1.3,1,5.58,1800,-300,06-JUL-2020,
OPTSTK,HINDUNILVR,30-Jul-2020,1880,PE,0,0,0,2.85,1.9,0,0,1500,0,06-JUL-2020,
OPTSTK,HINDUNILVR,30-Jul-2020,1900,PE,3.8,5,3.5,3.95,3.95,29,165.67,147900,900,06-JUL-2020,
OPTSTK,HINDUNILVR,30-Jul-2020,1920,PE,4.2,4.2,4.2,4.2,3.75,1,5.77,2100,300,06-JUL-2020,
OPTSTK,HINDUNILVR,30-Jul-2020,1940,PE,0,0,0,7.8,5.1,0,0,6000,0,06-JUL-2020,
OPTSTK,HINDUNILVR,30-Jul-2020,1960,PE,7,7,6.5,6.5,6.9,4,23.6,24900,300,06-JUL-2020,
OPTSTK,HINDUNILVR,30-Jul-2020,1980,PE,9.3,9.3,7.1,7.2,7.2,9,53.66,6600,300,06-JUL-2020,
OPTSTK,HINDUNILVR,30-Jul-2020,2000,PE,9.15,12,8.95,9.2,9.2,545,3287.11,475500,27900,06-JUL-2020,
OPTSTK,HINDUNILVR,30-Jul-2020,2020,PE,0,0,0,13.8,15.35,0,0,11700,0,06-JUL-2020,
OPTSTK,HINDUNILVR,30-Jul-2020,2040,PE,34.3,34.3,15.7,15.7,15.7,12,74.11,36000,0,06-JUL-2020,
OPTSTK,HINDUNILVR,30-Jul-2020,2060,PE,24,25,19.2,20,20,146,911.7,338100,1500,06-JUL-2020,
OPTSTK,HINDUNILVR,30-Jul-2020,2080,PE,20.5,30,20.5,26.1,26.1,36,227.61,26100,-600,06-JUL-2020,
OPTSTK,HINDUNILVR,30-Jul-2020,2100,PE,30.5,38.2,30.5,31.95,31.95,355,2273.11,224100,24300,06-JUL-2020,
OPTSTK,HINDUNILVR,30-Jul-2020,2120,PE,42,45.85,39.1,39.6,39.6,125,811.02,30900,300,06-JUL-2020,
OPTSTK,HINDUNILVR,30-Jul-2020,2140,PE,51.05,55.65,47.95,48.6,48.6,235,1544.8,52500,15900,06-JUL-2020,
OPTSTK,HINDUNILVR,30-Jul-2020,2160,PE,57.8,66.65,57.45,58.55,58.55,275,1832.55,59400,9000,06-JUL-2020,
OPTSTK,HINDUNILVR,30-Jul-2020,2180,PE,66.85,78.15,66.8,68.65,68.65,192,1297.3,37200,16800,06-JUL-2020,
OPTSTK,HINDUNILVR,30-Jul-2020,2200,PE,78.1,90,77.95,80.35,80.35,80,548.12,59100,6000,06-JUL-2020,
OPTSTK,HINDUNILVR,30-Jul-2020,2220,PE,0,0,0,96.3,96.05,0,0,2100,0,06-JUL-2020,
OPTSTK,HINDUNILVR,30-Jul-2020,2240,PE,116,116,116,116,109.2,2,14.13,1200,600,06-JUL-2020,
OPTSTK,HINDUNILVR,30-Jul-2020,2260,PE,131,131,131,131,123.15,1,7.17,300,0,06-JUL-2020,
OPTSTK,HINDUNILVR,30-Jul-2020,2280,PE,0,0,0,340.95,137.9,0,0,0,0,06-JUL-2020,
OPTSTK,HINDUNILVR,30-Jul-2020,2300,PE,0,0,0,151,153.35,0,0,5700,0,06-JUL-2020,
OPTSTK,HINDUNILVR,30-Jul-2020,2320,PE,0,0,0,364.95,169.45,0,0,0,0,06-JUL-2020,
OPTSTK,HINDUNILVR,30-Jul-2020,2340,PE,0,0,0,377.2,186.15,0,0,0,0,06-JUL-2020,
OPTSTK,HINDUNILVR,30-Jul-2020,2360,PE,0,0,0,389.65,203.4,0,0,0,0,06-JUL-2020,
OPTSTK,HINDUNILVR,30-Jul-2020,2380,PE,0,0,0,402.3,221.05,0,0,0,0,06-JUL-2020,
OPTSTK,HINDUNILVR,30-Jul-2020,2400,PE,0,0,0,331.5,239.1,0,0,1500,0,06-JUL-2020,
OPTSTK,HINDUNILVR,30-Jul-2020,2420,PE,0,0,0,428.05,257.5,0,0,0,0,06-JUL-2020,
OPTSTK,HINDUNILVR,30-Jul-2020,2440,PE,0,0,0,441.2,276.2,0,0,0,0,06-JUL-2020,
OPTSTK,HINDUNILVR,30-Jul-2020,2460,PE,0,0,0,454.55,295.15,0,0,0,0,06-JUL-2020,
OPTSTK,HINDUNILVR,30-Jul-2020,2480,PE,0,0,0,468,314.25,0,0,0,0,06-JUL-2020,
OPTSTK,HINDUNILVR,30-Jul-2020,2500,PE,0,0,0,340.05,333.55,0,0,1500,0,06-JUL-2020,
OPTSTK,HINDUNILVR,30-Jul-2020,2520,PE,0,0,0,495.45,353,0,0,0,0,06-JUL-2020,
OPTSTK,HINDUNILVR,30-Jul-2020,2540,PE,0,0,0,509.4,372.55,0,0,0,0,06-JUL-2020,
OPTSTK,HINDUNILVR,30-Jul-2020,2560,PE,0,0,0,523.45,392.2,0,0,0,0,06-JUL-2020,
OPTSTK,HINDUNILVR,30-Jul-2020,2580,PE,0,0,0,537.7,411.9,0,0,0,0,06-JUL-2020,
OPTSTK,HINDUNILVR,30-Jul-2020,2600,PE,0,0,0,552.1,431.65,0,0,0,0,06-JUL-2020,
OPTSTK,HINDUNILVR,27-Aug-2020,1760,CE,0,0,0,355.1,414.75,0,0,0,0,06-JUL-2020,
OPTSTK,HINDUNILVR,27-Aug-2020,1780,CE,0,0,0,341.9,395.65,0,0,0,0,06-JUL-2020,
OPTSTK,HINDUNILVR,27-Aug-2020,1800,CE,0,0,0,329.15,376.7,0,0,0,0,06-JUL-2020,
OPTSTK,HINDUNILVR,27-Aug-2020,1820,CE,0,0,0,316.7,358,0,0,0,0,06-JUL-2020,
OPTSTK,HINDUNILVR,27-Aug-2020,1840,CE,0,0,0,304.55,339.5,0,0,0,0,06-JUL-2020,
OPTSTK,HINDUNILVR,27-Aug-2020,1860,CE,0,0,0,292.75,321.3,0,0,0,0,06-JUL-2020,
OPTSTK,HINDUNILVR,27-Aug-2020,1880,CE,0,0,0,281.25,303.4,0,0,0,0,06-JUL-2020,
OPTSTK,HINDUNILVR,27-Aug-2020,1900,CE,0,0,0,270.1,285.85,0,0,0,0,06-JUL-2020,
OPTSTK,HINDUNILVR,27-Aug-2020,1920,CE,0,0,0,259.25,268.65,0,0,0,0,06-JUL-2020,
OPTSTK,HINDUNILVR,27-Aug-2020,1940,CE,0,0,0,248.75,251.9,0,0,0,0,06-JUL-2020,
OPTSTK,HINDUNILVR,27-Aug-2020,1960,CE,0,0,0,238.55,235.65,0,0,0,0,06-JUL-2020,
OPTSTK,HINDUNILVR,27-Aug-2020,1980,CE,0,0,0,228.65,219.85,0,0,0,0,06-JUL-2020,
OPTSTK,HINDUNILVR,27-Aug-2020,2000,CE,205,205,205,205,205,1,6.61,900,300,06-JUL-2020,
OPTSTK,HINDUNILVR,27-Aug-2020,2020,CE,0,0,0,209.85,189.85,0,0,0,0,06-JUL-2020,
OPTSTK,HINDUNILVR,27-Aug-2020,2040,CE,0,0,0,200.9,175.75,0,0,0,0,06-JUL-2020,
OPTSTK,HINDUNILVR,27-Aug-2020,2060,CE,0,0,0,192.25,162.2,0,0,0,0,06-JUL-2020,
OPTSTK,HINDUNILVR,27-Aug-2020,2080,CE,0,0,0,183.9,149.3,0,0,0,0,06-JUL-2020,
OPTSTK,HINDUNILVR,27-Aug-2020,2100,CE,0,0,0,168.35,137.05,0,0,3000,0,06-JUL-2020,
OPTSTK,HINDUNILVR,27-Aug-2020,2120,CE,0,0,0,168.05,125.45,0,0,0,0,06-JUL-2020,
OPTSTK,HINDUNILVR,27-Aug-2020,2140,CE,0,0,0,160.55,114.5,0,0,0,0,06-JUL-2020,
OPTSTK,HINDUNILVR,27-Aug-2020,2160,CE,0,0,0,123.85,104.2,0,0,3000,0,06-JUL-2020,
OPTSTK,HINDUNILVR,27-Aug-2020,2180,CE,0,0,0,146.4,94.55,0,0,0,0,06-JUL-2020,
OPTSTK,HINDUNILVR,27-Aug-2020,2200,CE,94.95,94.95,89.9,92.1,92.1,31,213.12,78300,-300,06-JUL-2020,
OPTSTK,HINDUNILVR,27-Aug-2020,2220,CE,0,0,0,99.05,77.15,0,0,3300,0,06-JUL-2020,
OPTSTK,HINDUNILVR,27-Aug-2020,2240,CE,0,0,0,127.1,69.4,0,0,0,0,06-JUL-2020,
OPTSTK,HINDUNILVR,27-Aug-2020,2260,CE,91.75,91.75,91.75,91.75,62.25,1,7.05,2700,0,06-JUL-2020,
OPTSTK,HINDUNILVR,27-Aug-2020,2280,CE,0,0,0,78.5,55.7,0,0,3000,0,06-JUL-2020,
OPTSTK,HINDUNILVR,27-Aug-2020,2300,CE,0,0,0,66.85,49.65,0,0,4200,0,06-JUL-2020,
OPTSTK,HINDUNILVR,27-Aug-2020,2320,CE,0,0,0,104.75,44.15,0,0,0,0,06-JUL-2020,
OPTSTK,HINDUNILVR,27-Aug-2020,2340,CE,0,0,0,99.8,39.15,0,0,0,0,06-JUL-2020,
OPTSTK,HINDUNILVR,27-Aug-2020,2360,CE,0,0,0,95,34.6,0,0,0,0,06-JUL-2020,
OPTSTK,HINDUNILVR,27-Aug-2020,2380,CE,0,0,0,90.4,30.5,0,0,0,0,06-JUL-2020,
OPTSTK,HINDUNILVR,27-Aug-2020,2400,CE,37,37,33.5,33.7,26.8,5,36.52,17700,600,06-JUL-2020,
OPTSTK,HINDUNILVR,27-Aug-2020,2420,CE,0,0,0,81.8,23.5,0,0,0,0,06-JUL-2020,
OPTSTK,HINDUNILVR,27-Aug-2020,2440,CE,0,0,0,77.75,20.55,0,0,0,0,06-JUL-2020,
OPTSTK,HINDUNILVR,27-Aug-2020,2460,CE,0,0,0,73.9,17.9,0,0,0,0,06-JUL-2020,
OPTSTK,HINDUNILVR,27-Aug-2020,2480,CE,0,0,0,70.25,15.6,0,0,0,0,06-JUL-2020,
OPTSTK,HINDUNILVR,27-Aug-2020,1760,PE,0,0,0,83.8,2.55,0,0,0,0,06-JUL-2020,
OPTSTK,HINDUNILVR,27-Aug-2020,1780,PE,3.9,3.9,3.9,3.9,3.3,4,21.4,1200,1200,06-JUL-2020,
OPTSTK,HINDUNILVR,27-Aug-2020,1800,PE,4.9,4.9,4.9,4.9,4.25,4,21.65,1200,1200,06-JUL-2020,
OPTSTK,HINDUNILVR,27-Aug-2020,1820,PE,0,0,0,104.65,5.4,0,0,0,0,06-JUL-2020,
OPTSTK,HINDUNILVR,27-Aug-2020,1840,PE,0,0,0,112.25,6.8,0,0,0,0,06-JUL-2020,
OPTSTK,HINDUNILVR,27-Aug-2020,1860,PE,0,0,0,120.2,8.45,0,0,0,0,06-JUL-2020,
OPTSTK,HINDUNILVR,27-Aug-2020,1880,PE,0,0,0,128.5,10.45,0,0,0,0,06-JUL-2020,
OPTSTK,HINDUNILVR,27-Aug-2020,1900,PE,0,0,0,137.1,12.75,0,0,0,0,06-JUL-2020,
OPTSTK,HINDUNILVR,27-Aug-2020,1920,PE,0,0,0,146,15.45,0,0,0,0,06-JUL-2020,
OPTSTK,HINDUNILVR,27-Aug-2020,1940,PE,0,0,0,29,18.6,0,0,300,0,06-JUL-2020,
OPTSTK,HINDUNILVR,27-Aug-2020,1960,PE,0,0,0,164.8,22.2,0,0,0,0,06-JUL-2020,
OPTSTK,HINDUNILVR,27-Aug-2020,1980,PE,0,0,0,174.7,26.3,0,0,0,0,06-JUL-2020,
OPTSTK,HINDUNILVR,27-Aug-2020,2000,PE,38,42,36.65,36.65,36.65,13,79.54,10200,3900,06-JUL-2020,
OPTSTK,HINDUNILVR,27-Aug-2020,2020,PE,0,0,0,195.4,36.05,0,0,0,0,06-JUL-2020,
OPTSTK,HINDUNILVR,27-Aug-2020,2040,PE,0,0,0,206.2,41.8,0,0,0,0,06-JUL-2020,
OPTSTK,HINDUNILVR,27-Aug-2020,2060,PE,0,0,0,217.3,48.2,0,0,0,0,06-JUL-2020,
OPTSTK,HINDUNILVR,27-Aug-2020,2080,PE,0,0,0,228.7,55.15,0,0,0,0,06-JUL-2020,
OPTSTK,HINDUNILVR,27-Aug-2020,2100,PE,74,74,72.6,72.6,62.8,2,13.03,600,300,06-JUL-2020,
OPTSTK,HINDUNILVR,27-Aug-2020,2120,PE,0,0,0,252.35,71.05,0,0,0,0,06-JUL-2020,
OPTSTK,HINDUNILVR,27-Aug-2020,2140,PE,0,0,0,264.65,80,0,0,0,0,06-JUL-2020,
OPTSTK,HINDUNILVR,27-Aug-2020,2160,PE,0,0,0,277.15,89.55,0,0,0,0,06-JUL-2020,
OPTSTK,HINDUNILVR,27-Aug-2020,2180,PE,0,0,0,290,99.8,0,0,0,0,06-JUL-2020,
OPTSTK,HINDUNILVR,27-Aug-2020,2200,PE,125,125,115,115,115,3,20.89,8400,900,06-JUL-2020,
OPTSTK,HINDUNILVR,27-Aug-2020,2220,PE,0,0,0,316.35,122.15,0,0,0,0,06-JUL-2020,
OPTSTK,HINDUNILVR,27-Aug-2020,2240,PE,0,0,0,329.95,134.3,0,0,0,0,06-JUL-2020,
OPTSTK,HINDUNILVR,27-Aug-2020,2260,PE,0,0,0,343.75,147,0,0,0,0,06-JUL-2020,
OPTSTK,HINDUNILVR,27-Aug-2020,2280,PE,0,0,0,357.85,160.3,0,0,0,0,06-JUL-2020,
OPTSTK,HINDUNILVR,27-Aug-2020,2300,PE,0,0,0,372.1,174.15,0,0,0,0,06-JUL-2020,
OPTSTK,HINDUNILVR,27-Aug-2020,2320,PE,0,0,0,386.6,188.55,0,0,0,0,06-JUL-2020,
OPTSTK,HINDUNILVR,27-Aug-2020,2340,PE,0,0,0,401.45,203.4,0,0,0,0,06-JUL-2020,
OPTSTK,HINDUNILVR,27-Aug-2020,2360,PE,0,0,0,416.4,218.75,0,0,0,0,06-JUL-2020,
OPTSTK,HINDUNILVR,27-Aug-2020,2380,PE,0,0,0,431.55,234.55,0,0,0,0,06-JUL-2020,
OPTSTK,HINDUNILVR,27-Aug-2020,2400,PE,0,0,0,446.9,250.75,0,0,0,0,06-JUL-2020,
OPTSTK,HINDUNILVR,27-Aug-2020,2420,PE,0,0,0,462.45,267.3,0,0,0,0,06-JUL-2020,
OPTSTK,HINDUNILVR,27-Aug-2020,2440,PE,0,0,0,478.2,284.25,0,0,0,0,06-JUL-2020,
OPTSTK,HINDUNILVR,27-Aug-2020,2460,PE,0,0,0,494.1,301.45,0,0,0,0,06-JUL-2020,
OPTSTK,HINDUNILVR,27-Aug-2020,2480,PE,0,0,0,510.2,319,0,0,0,0,06-JUL-2020,
OPTSTK,HINDUNILVR,24-Sep-2020,1760,CE,0,0,0,466.1,425.2,0,0,0,0,06-JUL-2020,
OPTSTK,HINDUNILVR,24-Sep-2020,1780,CE,0,0,0,450,406.9,0,0,0,0,06-JUL-2020,
OPTSTK,HINDUNILVR,24-Sep-2020,1800,CE,0,0,0,434.15,388.85,0,0,0,0,06-JUL-2020,
OPTSTK,HINDUNILVR,24-Sep-2020,1820,CE,0,0,0,418.55,371.05,0,0,0,0,06-JUL-2020,
OPTSTK,HINDUNILVR,24-Sep-2020,1840,CE,0,0,0,403.3,353.55,0,0,0,0,06-JUL-2020,
OPTSTK,HINDUNILVR,24-Sep-2020,1860,CE,0,0,0,388.35,336.35,0,0,0,0,06-JUL-2020,
OPTSTK,HINDUNILVR,24-Sep-2020,1880,CE,0,0,0,373.75,319.55,0,0,0,0,06-JUL-2020,
OPTSTK,HINDUNILVR,24-Sep-2020,1900,CE,0,0,0,359.45,303.05,0,0,0,0,06-JUL-2020,
OPTSTK,HINDUNILVR,24-Sep-2020,1920,CE,0,0,0,345.4,287,0,0,0,0,06-JUL-2020,
OPTSTK,HINDUNILVR,24-Sep-2020,1940,CE,0,0,0,331.75,271.35,0,0,0,0,06-JUL-2020,
OPTSTK,HINDUNILVR,24-Sep-2020,1960,CE,0,0,0,318.35,256.1,0,0,0,0,06-JUL-2020,
OPTSTK,HINDUNILVR,24-Sep-2020,1980,CE,0,0,0,305.35,241.3,0,0,0,0,06-JUL-2020,
OPTSTK,HINDUNILVR,24-Sep-2020,2000,CE,0,0,0,292.7,227,0,0,0,0,06-JUL-2020,
OPTSTK,HINDUNILVR,24-Sep-2020,2020,CE,0,0,0,280.4,213.2,0,0,0,0,06-JUL-2020,
OPTSTK,HINDUNILVR,24-Sep-2020,2040,CE,0,0,0,268.5,199.85,0,0,0,0,06-JUL-2020,
OPTSTK,HINDUNILVR,24-Sep-2020,2060,CE,0,0,0,256.9,187.05,0,0,0,0,06-JUL-2020,
OPTSTK,HINDUNILVR,24-Sep-2020,2080,CE,0,0,0,245.65,174.75,0,0,0,0,06-JUL-2020,
OPTSTK,HINDUNILVR,24-Sep-2020,2100,CE,0,0,0,234.75,163,0,0,0,0,06-JUL-2020,
OPTSTK,HINDUNILVR,24-Sep-2020,2120,CE,0,0,0,224.2,151.75,0,0,0,0,06-JUL-2020,
OPTSTK,HINDUNILVR,24-Sep-2020,2140,CE,0,0,0,214,141,0,0,0,0,06-JUL-2020,
OPTSTK,HINDUNILVR,24-Sep-2020,2160,CE,0,0,0,204.15,130.85,0,0,0,0,06-JUL-2020,
OPTSTK,HINDUNILVR,24-Sep-2020,2180,CE,0,0,0,194.65,121.15,0,0,0,0,06-JUL-2020,
OPTSTK,HINDUNILVR,24-Sep-2020,2200,CE,0,0,0,185.45,112.05,0,0,0,0,06-JUL-2020,
OPTSTK,HINDUNILVR,24-Sep-2020,2220,CE,0,0,0,176.6,103.4,0,0,0,0,06-JUL-2020,
OPTSTK,HINDUNILVR,24-Sep-2020,2240,CE,0,0,0,168.1,95.25,0,0,0,0,06-JUL-2020,
OPTSTK,HINDUNILVR,24-Sep-2020,2260,CE,0,0,0,159.85,87.6,0,0,0,0,06-JUL-2020,
OPTSTK,HINDUNILVR,24-Sep-2020,2280,CE,0,0,0,152,80.45,0,0,0,0,06-JUL-2020,
OPTSTK,HINDUNILVR,24-Sep-2020,2300,CE,0,0,0,144.4,73.75,0,0,0,0,06-JUL-2020,
OPTSTK,HINDUNILVR,24-Sep-2020,2320,CE,0,0,0,137.15,67.45,0,0,0,0,06-JUL-2020,
OPTSTK,HINDUNILVR,24-Sep-2020,2340,CE,0,0,0,130.15,61.65,0,0,0,0,06-JUL-2020,
OPTSTK,HINDUNILVR,24-Sep-2020,2360,CE,0,0,0,123.45,56.2,0,0,0,0,06-JUL-2020,
OPTSTK,HINDUNILVR,24-Sep-2020,2380,CE,0,0,0,117.05,51.2,0,0,0,0,06-JUL-2020,
OPTSTK,HINDUNILVR,24-Sep-2020,2400,CE,0,0,0,110.95,46.5,0,0,0,0,06-JUL-2020,
OPTSTK,HINDUNILVR,24-Sep-2020,2420,CE,0,0,0,105.05,42.2,0,0,0,0,06-JUL-2020,
OPTSTK,HINDUNILVR,24-Sep-2020,2440,CE,0,0,0,99.45,38.25,0,0,0,0,06-JUL-2020,
OPTSTK,HINDUNILVR,24-Sep-2020,2460,CE,0,0,0,94.1,34.6,0,0,0,0,06-JUL-2020,
OPTSTK,HINDUNILVR,24-Sep-2020,2480,CE,0,0,0,89.1,31.25,0,0,0,0,06-JUL-2020,
OPTSTK,HINDUNILVR,24-Sep-2020,1760,PE,0,0,0,32.55,7.25,0,0,0,0,06-JUL-2020,
OPTSTK,HINDUNILVR,24-Sep-2020,1780,PE,0,0,0,36.2,8.8,0,0,0,0,06-JUL-2020,
OPTSTK,HINDUNILVR,24-Sep-2020,1800,PE,0,0,0,40.1,10.55,0,0,0,0,06-JUL-2020,
OPTSTK,HINDUNILVR,24-Sep-2020,1820,PE,0,0,0,44.3,12.55,0,0,0,0,06-JUL-2020,
OPTSTK,HINDUNILVR,24-Sep-2020,1840,PE,0,0,0,48.8,14.9,0,0,0,0,06-JUL-2020,
OPTSTK,HINDUNILVR,24-Sep-2020,1860,PE,0,0,0,53.6,17.55,0,0,0,0,06-JUL-2020,
OPTSTK,HINDUNILVR,24-Sep-2020,1880,PE,0,0,0,58.8,20.5,0,0,0,0,06-JUL-2020,
OPTSTK,HINDUNILVR,24-Sep-2020,1900,PE,0,0,0,64.25,23.85,0,0,0,0,06-JUL-2020,
OPTSTK,HINDUNILVR,24-Sep-2020,1920,PE,0,0,0,70,27.6,0,0,0,0,06-JUL-2020,
OPTSTK,HINDUNILVR,24-Sep-2020,1940,PE,0,0,0,76.1,31.75,0,0,0,0,06-JUL-2020,
OPTSTK,HINDUNILVR,24-Sep-2020,1960,PE,0,0,0,82.45,36.35,0,0,0,0,06-JUL-2020,
OPTSTK,HINDUNILVR,24-Sep-2020,1980,PE,0,0,0,89.25,41.35,0,0,0,0,06-JUL-2020,
OPTSTK,HINDUNILVR,24-Sep-2020,2000,PE,0,0,0,96.35,46.85,0,0,0,0,06-JUL-2020,
OPTSTK,HINDUNILVR,24-Sep-2020,2020,PE,0,0,0,103.85,52.85,0,0,0,0,06-JUL-2020,
OPTSTK,HINDUNILVR,24-Sep-2020,2040,PE,0,0,0,111.65,59.35,0,0,0,0,06-JUL-2020,
OPTSTK,HINDUNILVR,24-Sep-2020,2060,PE,0,0,0,119.85,66.35,0,0,0,0,06-JUL-2020,
OPTSTK,HINDUNILVR,24-Sep-2020,2080,PE,0,0,0,128.4,73.85,0,0,0,0,06-JUL-2020,
OPTSTK,HINDUNILVR,24-Sep-2020,2100,PE,0,0,0,137.25,81.9,0,0,0,0,06-JUL-2020,
OPTSTK,HINDUNILVR,24-Sep-2020,2120,PE,0,0,0,146.45,90.5,0,0,0,0,06-JUL-2020,
OPTSTK,HINDUNILVR,24-Sep-2020,2140,PE,0,0,0,156.05,99.6,0,0,0,0,06-JUL-2020,
OPTSTK,HINDUNILVR,24-Sep-2020,2160,PE,0,0,0,165.95,109.2,0,0,0,0,06-JUL-2020,
OPTSTK,HINDUNILVR,24-Sep-2020,2180,PE,0,0,0,176.2,119.35,0,0,0,0,06-JUL-2020,
OPTSTK,HINDUNILVR,24-Sep-2020,2200,PE,0,0,0,186.8,130.05,0,0,0,0,06-JUL-2020,
OPTSTK,HINDUNILVR,24-Sep-2020,2220,PE,0,0,0,197.7,141.2,0,0,0,0,06-JUL-2020,
OPTSTK,HINDUNILVR,24-Sep-2020,2240,PE,0,0,0,208.95,152.9,0,0,0,0,06-JUL-2020,
OPTSTK,HINDUNILVR,24-Sep-2020,2260,PE,0,0,0,220.5,165.05,0,0,0,0,06-JUL-2020,
OPTSTK,HINDUNILVR,24-Sep-2020,2280,PE,0,0,0,232.4,177.7,0,0,0,0,06-JUL-2020,
OPTSTK,HINDUNILVR,24-Sep-2020,2300,PE,0,0,0,244.6,190.8,0,0,0,0,06-JUL-2020,
OPTSTK,HINDUNILVR,24-Sep-2020,2320,PE,0,0,0,257.05,204.35,0,0,0,0,06-JUL-2020,
OPTSTK,HINDUNILVR,24-Sep-2020,2340,PE,0,0,0,269.85,218.35,0,0,0,0,06-JUL-2020,
OPTSTK,HINDUNILVR,24-Sep-2020,2360,PE,0,0,0,282.95,232.75,0,0,0,0,06-JUL-2020,
OPTSTK,HINDUNILVR,24-Sep-2020,2380,PE,0,0,0,296.3,247.5,0,0,0,0,06-JUL-2020,
OPTSTK,HINDUNILVR,24-Sep-2020,2400,PE,0,0,0,309.95,262.65,0,0,0,0,06-JUL-2020,
OPTSTK,HINDUNILVR,24-Sep-2020,2420,PE,0,0,0,323.85,278.2,0,0,0,0,06-JUL-2020,
OPTSTK,HINDUNILVR,24-Sep-2020,2440,PE,0,0,0,338,294.05,0,0,0,0,06-JUL-2020,
OPTSTK,HINDUNILVR,24-Sep-2020,2460,PE,0,0,0,352.45,310.2,0,0,0,0,06-JUL-2020,
OPTSTK,HINDUNILVR,24-Sep-2020,2480,PE,0,0,0,367.2,326.65,0,0,0,0,06-JUL-2020,
OPTSTK,IBULHSGFIN,30-Jul-2020,30,CE,0,0,0,103.5,201.9,0,0,0,0,06-JUL-2020,
OPTSTK,IBULHSGFIN,30-Jul-2020,40,CE,0,0,0,94.45,191.9,0,0,0,0,06-JUL-2020,
OPTSTK,IBULHSGFIN,30-Jul-2020,50,CE,0,0,0,86.05,181.95,0,0,0,0,06-JUL-2020,
OPTSTK,IBULHSGFIN,30-Jul-2020,60,CE,0,0,0,78.25,171.95,0,0,0,0,06-JUL-2020,
OPTSTK,IBULHSGFIN,30-Jul-2020,70,CE,0,0,0,71.2,162,0,0,0,0,06-JUL-2020,
OPTSTK,IBULHSGFIN,30-Jul-2020,80,CE,0,0,0,64.75,152,0,0,0,0,06-JUL-2020,
OPTSTK,IBULHSGFIN,30-Jul-2020,90,CE,0,0,0,63,142.05,0,0,6200,0,06-JUL-2020,
OPTSTK,IBULHSGFIN,30-Jul-2020,95,CE,0,0,0,37.65,137.05,0,0,0,0,06-JUL-2020,
OPTSTK,IBULHSGFIN,30-Jul-2020,100,CE,0,0,0,73.8,132.1,0,0,15500,0,06-JUL-2020,
OPTSTK,IBULHSGFIN,30-Jul-2020,105,CE,0,0,0,32.2,127.1,0,0,0,0,06-JUL-2020,
OPTSTK,IBULHSGFIN,30-Jul-2020,110,CE,0,0,0,130.6,122.15,0,0,6200,0,06-JUL-2020,
OPTSTK,IBULHSGFIN,30-Jul-2020,115,CE,0,0,0,27.45,117.2,0,0,0,0,06-JUL-2020,
OPTSTK,IBULHSGFIN,30-Jul-2020,120,CE,0,0,0,109,112.25,0,0,52700,0,06-JUL-2020,
OPTSTK,IBULHSGFIN,30-Jul-2020,125,CE,0,0,0,92.25,107.3,0,0,12400,0,06-JUL-2020,
OPTSTK,IBULHSGFIN,30-Jul-2020,130,CE,0,0,0,94,102.45,0,0,9300,0,06-JUL-2020,
OPTSTK,IBULHSGFIN,30-Jul-2020,135,CE,0,0,0,35.8,97.6,0,0,0,0,06-JUL-2020,
OPTSTK,IBULHSGFIN,30-Jul-2020,140,CE,0,0,0,78,92.75,0,0,18600,0,06-JUL-2020,
OPTSTK,IBULHSGFIN,30-Jul-2020,145,CE,0,0,0,75.65,88,0,0,15500,0,06-JUL-2020,
OPTSTK,IBULHSGFIN,30-Jul-2020,150,CE,0,0,0,73.8,83.35,0,0,40300,0,06-JUL-2020,
OPTSTK,IBULHSGFIN,30-Jul-2020,155,CE,0,0,0,59.5,78.75,0,0,12400,0,06-JUL-2020,
OPTSTK,IBULHSGFIN,30-Jul-2020,160,CE,0,0,0,65.7,74.25,0,0,80600,0,06-JUL-2020,
OPTSTK,IBULHSGFIN,30-Jul-2020,165,CE,0,0,0,62.3,69.85,0,0,9300,0,06-JUL-2020,
OPTSTK,IBULHSGFIN,30-Jul-2020,170,CE,60,60,60,60,65.55,1,7.13,89900,-3100,06-JUL-2020,
OPTSTK,IBULHSGFIN,30-Jul-2020,175,CE,0,0,0,56.65,61.4,0,0,12400,0,06-JUL-2020,
OPTSTK,IBULHSGFIN,30-Jul-2020,180,CE,0,0,0,55,57.4,0,0,71300,0,06-JUL-2020,
OPTSTK,IBULHSGFIN,30-Jul-2020,185,CE,0,0,0,18.6,53.55,0,0,6200,0,06-JUL-2020,
OPTSTK,IBULHSGFIN,30-Jul-2020,190,CE,0,0,0,52.6,49.85,0,0,108500,0,06-JUL-2020,
OPTSTK,IBULHSGFIN,30-Jul-2020,195,CE,0,0,0,42.65,46.3,0,0,6200,0,06-JUL-2020,
OPTSTK,IBULHSGFIN,30-Jul-2020,200,CE,42,44.75,40,44,44,8,60.04,362700,-15500,06-JUL-2020,
OPTSTK,IBULHSGFIN,30-Jul-2020,205,CE,0,0,0,44,39.7,0,0,15500,0,06-JUL-2020,
OPTSTK,IBULHSGFIN,30-Jul-2020,210,CE,37.25,37.5,37.25,37.5,36.65,3,23,176700,-9300,06-JUL-2020,
OPTSTK,IBULHSGFIN,30-Jul-2020,215,CE,0,0,0,36.6,33.75,0,0,65100,0,06-JUL-2020,
OPTSTK,IBULHSGFIN,30-Jul-2020,220,CE,29,34.5,27,32,32,53,413,827700,-145700,06-JUL-2020,
OPTSTK,IBULHSGFIN,30-Jul-2020,225,CE,30,30,27,27,28.5,2,15.71,99200,-3100,06-JUL-2020,
OPTSTK,IBULHSGFIN,30-Jul-2020,230,CE,25,28.5,22.7,26.4,26.4,37,294.27,1174900,-108500,06-JUL-2020,
OPTSTK,IBULHSGFIN,30-Jul-2020,235,CE,8.6,24.05,8.6,23.8,23.8,3,23.59,279000,-9300,06-JUL-2020,
OPTSTK,IBULHSGFIN,30-Jul-2020,240,CE,23.3,24.2,17.05,21.8,21.8,82,664.53,1069500,-226300,06-JUL-2020,
OPTSTK,IBULHSGFIN,30-Jul-2020,245,CE,19,19,19,19,19.9,1,8.18,74400,-3100,06-JUL-2020,
OPTSTK,IBULHSGFIN,30-Jul-2020,250,CE,17,21.1,16.7,19,19,54,449.4,1410500,-151900,06-JUL-2020,
OPTSTK,IBULHSGFIN,30-Jul-2020,255,CE,0,0,0,20.05,16.5,0,0,77500,0,06-JUL-2020,
OPTSTK,IBULHSGFIN,30-Jul-2020,260,CE,14.1,17.5,13.35,15,15,30,256.14,1119100,-83700,06-JUL-2020,
OPTSTK,IBULHSGFIN,30-Jul-2020,265,CE,17,17,17,17,13.55,1,8.74,164300,-3100,06-JUL-2020,
OPTSTK,IBULHSGFIN,30-Jul-2020,270,CE,13.95,15.3,11.05,12.8,12.8,79,693.07,1447700,-232500,06-JUL-2020,
OPTSTK,IBULHSGFIN,30-Jul-2020,30,PE,0,0,0,0.45,0.05,0,0,0,0,06-JUL-2020,
OPTSTK,IBULHSGFIN,30-Jul-2020,40,PE,0,0,0,1.25,0.05,0,0,0,0,06-JUL-2020,
OPTSTK,IBULHSGFIN,30-Jul-2020,50,PE,0,0,0,2.7,0.05,0,0,0,0,06-JUL-2020,
OPTSTK,IBULHSGFIN,30-Jul-2020,60,PE,0,0,0,4.8,0.05,0,0,0,0,06-JUL-2020,
OPTSTK,IBULHSGFIN,30-Jul-2020,70,PE,0,0,0,0.1,0.05,0,0,37200,0,06-JUL-2020,
OPTSTK,IBULHSGFIN,30-Jul-2020,80,PE,0,0,0,0.35,0.05,0,0,3100,0,06-JUL-2020,
OPTSTK,IBULHSGFIN,30-Jul-2020,90,PE,0,0,0,0.3,0.05,0,0,6200,0,06-JUL-2020,
OPTSTK,IBULHSGFIN,30-Jul-2020,95,PE,0,0,0,11.05,0.05,0,0,0,0,06-JUL-2020,
OPTSTK,IBULHSGFIN,30-Jul-2020,100,PE,0.2,0.2,0.05,0.05,0.05,6,18.61,368900,-18600,06-JUL-2020,
OPTSTK,IBULHSGFIN,30-Jul-2020,105,PE,0,0,0,15.5,0.05,0,0,0,0,06-JUL-2020,
OPTSTK,IBULHSGFIN,30-Jul-2020,110,PE,0,0,0,0.7,0.05,0,0,127100,0,06-JUL-2020,
OPTSTK,IBULHSGFIN,30-Jul-2020,115,PE,0,0,0,20.7,0.05,0,0,0,0,06-JUL-2020,
OPTSTK,IBULHSGFIN,30-Jul-2020,120,PE,0.25,0.25,0.25,0.25,0.1,2,7.45,279000,-6200,06-JUL-2020,
OPTSTK,IBULHSGFIN,30-Jul-2020,125,PE,0,0,0,2,0.15,0,0,9300,0,06-JUL-2020,
OPTSTK,IBULHSGFIN,30-Jul-2020,130,PE,1.1,1.1,1.1,1.1,0.25,1,4.06,173600,-3100,06-JUL-2020,
OPTSTK,IBULHSGFIN,30-Jul-2020,135,PE,0,0,0,1.75,0.4,0,0,15500,0,06-JUL-2020,
OPTSTK,IBULHSGFIN,30-Jul-2020,140,PE,0.05,0.5,0.05,0.5,0.6,3,13.03,232500,-6200,06-JUL-2020,
OPTSTK,IBULHSGFIN,30-Jul-2020,145,PE,0,0,0,4.1,0.8,0,0,6200,0,06-JUL-2020,
OPTSTK,IBULHSGFIN,30-Jul-2020,150,PE,2.1,2.1,0.6,1.4,1.15,18,84.48,610700,-52700,06-JUL-2020,
OPTSTK,IBULHSGFIN,30-Jul-2020,155,PE,0,0,0,3.9,1.5,0,0,27900,0,06-JUL-2020,
OPTSTK,IBULHSGFIN,30-Jul-2020,160,PE,2.5,2.6,2.5,2.6,2.6,4,20.15,291400,-6200,06-JUL-2020,
OPTSTK,IBULHSGFIN,30-Jul-2020,165,PE,0,0,0,8.4,2.6,0,0,3100,0,06-JUL-2020,
OPTSTK,IBULHSGFIN,30-Jul-2020,170,PE,4.5,6,4.5,6,3.3,10,54.33,381300,-27900,06-JUL-2020,
OPTSTK,IBULHSGFIN,30-Jul-2020,175,PE,0,0,0,8,4.15,0,0,9300,0,06-JUL-2020,
OPTSTK,IBULHSGFIN,30-Jul-2020,180,PE,6,7.7,6,6.6,6.6,12,69.6,489800,-37200,06-JUL-2020,
OPTSTK,IBULHSGFIN,30-Jul-2020,185,PE,0,0,0,64.65,6.25,0,0,0,0,06-JUL-2020,
OPTSTK,IBULHSGFIN,30-Jul-2020,190,PE,7.1,12.95,7.1,12.95,12.95,20,123.55,300700,-58900,06-JUL-2020,
OPTSTK,IBULHSGFIN,30-Jul-2020,195,PE,0,0,0,12.05,8.95,0,0,31000,0,06-JUL-2020,
OPTSTK,IBULHSGFIN,30-Jul-2020,200,PE,13.1,13.95,10.5,11.85,11.85,49,321.89,1054000,-145700,06-JUL-2020,
OPTSTK,IBULHSGFIN,30-Jul-2020,205,PE,0,0,0,16.2,12.3,0,0,46500,0,06-JUL-2020,
OPTSTK,IBULHSGFIN,30-Jul-2020,210,PE,24.95,24.95,15.35,20,20,6,42.37,375100,-15500,06-JUL-2020,
OPTSTK,IBULHSGFIN,30-Jul-2020,215,PE,10,14.1,10,14.1,16.35,3,21.17,124000,-9300,06-JUL-2020,
OPTSTK,IBULHSGFIN,30-Jul-2020,220,PE,20,26.05,19.8,21,21,32,240.09,651000,-86800,06-JUL-2020,
OPTSTK,IBULHSGFIN,30-Jul-2020,225,PE,8,8,8,8,21.05,1,7.22,52700,-3100,06-JUL-2020,
OPTSTK,IBULHSGFIN,30-Jul-2020,230,PE,25.05,28,22.85,28,23.7,10,79.59,430900,-27900,06-JUL-2020,
OPTSTK,IBULHSGFIN,30-Jul-2020,235,PE,0,0,0,31.5,26.45,0,0,40300,0,06-JUL-2020,
OPTSTK,IBULHSGFIN,30-Jul-2020,240,PE,34.4,34.4,34.4,34.4,29.35,2,17.01,96100,-6200,06-JUL-2020,
OPTSTK,IBULHSGFIN,30-Jul-2020,245,PE,0,0,0,39.7,32.4,0,0,24800,0,06-JUL-2020,
OPTSTK,IBULHSGFIN,30-Jul-2020,250,PE,35,35,35,35,35.65,1,8.83,248000,-3100,06-JUL-2020,
OPTSTK,IBULHSGFIN,30-Jul-2020,255,PE,0,0,0,53.15,38.95,0,0,6200,0,06-JUL-2020,
OPTSTK,IBULHSGFIN,30-Jul-2020,260,PE,0,0,0,55.55,42.45,0,0,15500,0,06-JUL-2020,
OPTSTK,IBULHSGFIN,30-Jul-2020,265,PE,0,0,0,60.65,46.05,0,0,24800,0,06-JUL-2020,
OPTSTK,IBULHSGFIN,30-Jul-2020,270,PE,0,0,0,59.9,49.75,0,0,9300,0,06-JUL-2020,
OPTSTK,IBULHSGFIN,27-Aug-2020,60,CE,0,0,0,64.75,172.15,0,0,0,0,06-JUL-2020,
OPTSTK,IBULHSGFIN,27-Aug-2020,65,CE,0,0,0,60.9,167.2,0,0,0,0,06-JUL-2020,
OPTSTK,IBULHSGFIN,27-Aug-2020,70,CE,0,0,0,57.2,162.25,0,0,0,0,06-JUL-2020,
OPTSTK,IBULHSGFIN,27-Aug-2020,75,CE,0,0,0,53.75,157.3,0,0,0,0,06-JUL-2020,
OPTSTK,IBULHSGFIN,27-Aug-2020,80,CE,0,0,0,50.45,152.35,0,0,0,0,06-JUL-2020,
OPTSTK,IBULHSGFIN,27-Aug-2020,85,CE,0,0,0,47.35,147.4,0,0,0,0,06-JUL-2020,
OPTSTK,IBULHSGFIN,27-Aug-2020,90,CE,0,0,0,44.45,142.5,0,0,0,0,06-JUL-2020,
OPTSTK,IBULHSGFIN,27-Aug-2020,95,CE,0,0,0,41.7,137.6,0,0,0,0,06-JUL-2020,
OPTSTK,IBULHSGFIN,27-Aug-2020,100,CE,0,0,0,39.1,132.75,0,0,0,0,06-JUL-2020,
OPTSTK,IBULHSGFIN,27-Aug-2020,105,CE,0,0,0,36.7,127.95,0,0,0,0,06-JUL-2020,
OPTSTK,IBULHSGFIN,27-Aug-2020,110,CE,0,0,0,108,123.2,0,0,12400,0,06-JUL-2020,
OPTSTK,IBULHSGFIN,27-Aug-2020,115,CE,0,0,0,32.3,118.5,0,0,0,0,06-JUL-2020,
OPTSTK,IBULHSGFIN,27-Aug-2020,120,CE,0,0,0,30.3,113.85,0,0,0,0,06-JUL-2020,
OPTSTK,IBULHSGFIN,27-Aug-2020,125,CE,0,0,0,28.45,109.25,0,0,0,0,06-JUL-2020,
OPTSTK,IBULHSGFIN,27-Aug-2020,130,CE,0,0,0,90,104.75,0,0,3100,0,06-JUL-2020,
OPTSTK,IBULHSGFIN,27-Aug-2020,135,CE,0,0,0,25.1,100.35,0,0,0,0,06-JUL-2020,
OPTSTK,IBULHSGFIN,27-Aug-2020,140,CE,0,0,0,23.55,96,0,0,0,0,06-JUL-2020,
OPTSTK,IBULHSGFIN,27-Aug-2020,145,CE,0,0,0,22.1,91.8,0,0,0,0,06-JUL-2020,
OPTSTK,IBULHSGFIN,27-Aug-2020,150,CE,0,0,0,20.8,87.7,0,0,0,0,06-JUL-2020,
OPTSTK,IBULHSGFIN,27-Aug-2020,155,CE,0,0,0,19.55,83.7,0,0,0,0,06-JUL-2020,
OPTSTK,IBULHSGFIN,27-Aug-2020,160,CE,0,0,0,79,79.8,0,0,6200,0,06-JUL-2020,
OPTSTK,IBULHSGFIN,27-Aug-2020,165,CE,0,0,0,66.9,76,0,0,6200,0,06-JUL-2020,
OPTSTK,IBULHSGFIN,27-Aug-2020,170,CE,0,0,0,63.75,72.35,0,0,6200,0,06-JUL-2020,
OPTSTK,IBULHSGFIN,27-Aug-2020,175,CE,0,0,0,59.35,68.8,0,0,6200,0,06-JUL-2020,
OPTSTK,IBULHSGFIN,27-Aug-2020,180,CE,0,0,0,57.85,65.4,0,0,9300,0,06-JUL-2020,
OPTSTK,IBULHSGFIN,27-Aug-2020,185,CE,0,0,0,13.85,62.15,0,0,0,0,06-JUL-2020,
OPTSTK,IBULHSGFIN,27-Aug-2020,190,CE,0,0,0,19.4,58.95,0,0,6200,0,06-JUL-2020,
OPTSTK,IBULHSGFIN,27-Aug-2020,195,CE,0,0,0,20,55.95,0,0,0,0,06-JUL-2020,
OPTSTK,IBULHSGFIN,27-Aug-2020,200,CE,0,0,0,64.55,53.05,0,0,0,0,06-JUL-2020,
OPTSTK,IBULHSGFIN,27-Aug-2020,205,CE,0,0,0,17.85,50.25,0,0,0,0,06-JUL-2020,
OPTSTK,IBULHSGFIN,27-Aug-2020,210,CE,0,0,0,42,47.55,0,0,3100,0,06-JUL-2020,
OPTSTK,IBULHSGFIN,27-Aug-2020,215,CE,0,0,0,20.75,45,0,0,0,0,06-JUL-2020,
OPTSTK,IBULHSGFIN,27-Aug-2020,220,CE,0,0,0,41,42.6,0,0,9300,0,06-JUL-2020,
OPTSTK,IBULHSGFIN,27-Aug-2020,225,CE,0,0,0,34.5,40.25,0,0,0,0,06-JUL-2020,
OPTSTK,IBULHSGFIN,27-Aug-2020,230,CE,0,0,0,34.75,38.05,0,0,12400,0,06-JUL-2020,
OPTSTK,IBULHSGFIN,27-Aug-2020,235,CE,0,0,0,31.35,35.95,0,0,0,0,06-JUL-2020,
OPTSTK,IBULHSGFIN,27-Aug-2020,240,CE,0,0,0,33.25,33.95,0,0,9300,0,06-JUL-2020,
OPTSTK,IBULHSGFIN,27-Aug-2020,245,CE,0,0,0,28.5,32.05,0,0,0,0,06-JUL-2020,
OPTSTK,IBULHSGFIN,27-Aug-2020,250,CE,0,0,0,27.2,30.25,0,0,0,0,06-JUL-2020,
OPTSTK,IBULHSGFIN,27-Aug-2020,255,CE,0,0,0,25.95,28.5,0,0,0,0,06-JUL-2020,
OPTSTK,IBULHSGFIN,27-Aug-2020,260,CE,0,0,0,24.75,26.9,0,0,0,0,06-JUL-2020,
OPTSTK,IBULHSGFIN,27-Aug-2020,265,CE,0,0,0,23.7,25.35,0,0,6200,0,06-JUL-2020,
OPTSTK,IBULHSGFIN,27-Aug-2020,270,CE,0,0,0,26,23.9,0,0,37200,0,06-JUL-2020,
OPTSTK,IBULHSGFIN,27-Aug-2020,60,PE,0,0,0,3.2,0.05,0,0,0,0,06-JUL-2020,
OPTSTK,IBULHSGFIN,27-Aug-2020,65,PE,0,0,0,4.3,0.05,0,0,0,0,06-JUL-2020,
OPTSTK,IBULHSGFIN,27-Aug-2020,70,PE,0,0,0,5.55,0.05,0,0,0,0,06-JUL-2020,
OPTSTK,IBULHSGFIN,27-Aug-2020,75,PE,0,0,0,7.05,0.05,0,0,0,0,06-JUL-2020,
OPTSTK,IBULHSGFIN,27-Aug-2020,80,PE,0,0,0,8.7,0.05,0,0,0,0,06-JUL-2020,
OPTSTK,IBULHSGFIN,27-Aug-2020,85,PE,0,0,0,10.55,0.1,0,0,0,0,06-JUL-2020,
OPTSTK,IBULHSGFIN,27-Aug-2020,90,PE,0,0,0,12.55,0.15,0,0,0,0,06-JUL-2020,
OPTSTK,IBULHSGFIN,27-Aug-2020,95,PE,0,0,0,14.75,0.25,0,0,0,0,06-JUL-2020,
OPTSTK,IBULHSGFIN,27-Aug-2020,100,PE,0,0,0,17.1,0.35,0,0,0,0,06-JUL-2020,
OPTSTK,IBULHSGFIN,27-Aug-2020,105,PE,0,0,0,19.6,0.5,0,0,0,0,06-JUL-2020,
OPTSTK,IBULHSGFIN,27-Aug-2020,110,PE,0,0,0,22.3,0.75,0,0,0,0,06-JUL-2020,
OPTSTK,IBULHSGFIN,27-Aug-2020,115,PE,0,0,0,25.1,1,0,0,0,0,06-JUL-2020,
OPTSTK,IBULHSGFIN,27-Aug-2020,120,PE,0,0,0,28.05,1.3,0,0,0,0,06-JUL-2020,
OPTSTK,IBULHSGFIN,27-Aug-2020,125,PE,0,0,0,6.2,1.7,0,0,6200,0,06-JUL-2020,
OPTSTK,IBULHSGFIN,27-Aug-2020,130,PE,0,0,0,34.35,2.15,0,0,0,0,06-JUL-2020,
OPTSTK,IBULHSGFIN,27-Aug-2020,135,PE,0,0,0,37.65,2.75,0,0,0,0,06-JUL-2020,
OPTSTK,IBULHSGFIN,27-Aug-2020,140,PE,0,0,0,9.9,3.4,0,0,9300,0,06-JUL-2020,
OPTSTK,IBULHSGFIN,27-Aug-2020,145,PE,0,0,0,44.55,4.1,0,0,0,0,06-JUL-2020,
OPTSTK,IBULHSGFIN,27-Aug-2020,150,PE,0,0,0,48.15,5,0,0,0,0,06-JUL-2020,
OPTSTK,IBULHSGFIN,27-Aug-2020,155,PE,0,0,0,51.85,5.95,0,0,0,0,06-JUL-2020,
OPTSTK,IBULHSGFIN,27-Aug-2020,160,PE,0,0,0,55.65,7,0,0,0,0,06-JUL-2020,
OPTSTK,IBULHSGFIN,27-Aug-2020,165,PE,0,0,0,15.15,8.2,0,0,3100,0,06-JUL-2020,
OPTSTK,IBULHSGFIN,27-Aug-2020,170,PE,0,0,0,63.4,9.55,0,0,0,0,06-JUL-2020,
OPTSTK,IBULHSGFIN,27-Aug-2020,175,PE,0,0,0,67.4,10.95,0,0,0,0,06-JUL-2020,
OPTSTK,IBULHSGFIN,27-Aug-2020,180,PE,0,0,0,71.45,12.55,0,0,0,0,06-JUL-2020,
OPTSTK,IBULHSGFIN,27-Aug-2020,185,PE,0,0,0,68.75,14.2,0,0,0,0,06-JUL-2020,
OPTSTK,IBULHSGFIN,27-Aug-2020,190,PE,0,0,0,72.85,16.05,0,0,0,0,06-JUL-2020,
OPTSTK,IBULHSGFIN,27-Aug-2020,195,PE,0,0,0,63.95,17.95,0,0,0,0,06-JUL-2020,
OPTSTK,IBULHSGFIN,27-Aug-2020,200,PE,0,0,0,32,20,0,0,3100,0,06-JUL-2020,
OPTSTK,IBULHSGFIN,27-Aug-2020,205,PE,0,0,0,71.7,22.2,0,0,0,0,06-JUL-2020,
OPTSTK,IBULHSGFIN,27-Aug-2020,210,PE,0,0,0,75.7,24.5,0,0,0,0,06-JUL-2020,
OPTSTK,IBULHSGFIN,27-Aug-2020,215,PE,0,0,0,71.75,26.9,0,0,0,0,06-JUL-2020,
OPTSTK,IBULHSGFIN,27-Aug-2020,220,PE,0,0,0,75.65,29.45,0,0,0,0,06-JUL-2020,
OPTSTK,IBULHSGFIN,27-Aug-2020,225,PE,0,0,0,54.15,32.1,0,0,0,0,06-JUL-2020,
OPTSTK,IBULHSGFIN,27-Aug-2020,230,PE,0,0,0,48.85,34.85,0,0,21700,0,06-JUL-2020,
OPTSTK,IBULHSGFIN,27-Aug-2020,235,PE,0,0,0,60.9,37.7,0,0,0,0,06-JUL-2020,
OPTSTK,IBULHSGFIN,27-Aug-2020,240,PE,0,0,0,55.45,40.7,0,0,9300,0,06-JUL-2020,
OPTSTK,IBULHSGFIN,27-Aug-2020,245,PE,0,0,0,68,43.75,0,0,0,0,06-JUL-2020,
OPTSTK,IBULHSGFIN,27-Aug-2020,250,PE,0,0,0,71.6,46.9,0,0,0,0,06-JUL-2020,
OPTSTK,IBULHSGFIN,27-Aug-2020,255,PE,0,0,0,75.3,50.15,0,0,0,0,06-JUL-2020,
OPTSTK,IBULHSGFIN,27-Aug-2020,260,PE,0,0,0,79.1,53.5,0,0,0,0,06-JUL-2020,
OPTSTK,IBULHSGFIN,27-Aug-2020,265,PE,0,0,0,73.1,56.95,0,0,6200,0,06-JUL-2020,
OPTSTK,IBULHSGFIN,27-Aug-2020,270,PE,0,0,0,76.6,60.45,0,0,9300,0,06-JUL-2020,
OPTSTK,IBULHSGFIN,24-Sep-2020,155,CE,0,0,0,93.4,88.65,0,0,0,0,06-JUL-2020,
OPTSTK,IBULHSGFIN,24-Sep-2020,160,CE,0,0,0,90.45,85.15,0,0,0,0,06-JUL-2020,
OPTSTK,IBULHSGFIN,24-Sep-2020,165,CE,0,0,0,87.55,81.75,0,0,0,0,06-JUL-2020,
OPTSTK,IBULHSGFIN,24-Sep-2020,170,CE,0,0,0,84.7,78.45,0,0,0,0,06-JUL-2020,
OPTSTK,IBULHSGFIN,24-Sep-2020,175,CE,0,0,0,82,75.25,0,0,0,0,06-JUL-2020,
OPTSTK,IBULHSGFIN,24-Sep-2020,180,CE,0,0,0,79.35,72.2,0,0,0,0,06-JUL-2020,
OPTSTK,IBULHSGFIN,24-Sep-2020,185,CE,0,0,0,76.8,69.2,0,0,0,0,06-JUL-2020,
OPTSTK,IBULHSGFIN,24-Sep-2020,190,CE,0,0,0,74.35,66.35,0,0,0,0,06-JUL-2020,
OPTSTK,IBULHSGFIN,24-Sep-2020,195,CE,0,0,0,71.95,63.6,0,0,0,0,06-JUL-2020,
OPTSTK,IBULHSGFIN,24-Sep-2020,200,CE,0,0,0,69.65,60.9,0,0,0,0,06-JUL-2020,
OPTSTK,IBULHSGFIN,24-Sep-2020,205,CE,0,0,0,67.45,58.35,0,0,0,0,06-JUL-2020,
OPTSTK,IBULHSGFIN,24-Sep-2020,210,CE,0,0,0,65.3,55.9,0,0,0,0,06-JUL-2020,
OPTSTK,IBULHSGFIN,24-Sep-2020,215,CE,0,0,0,63.2,53.5,0,0,0,0,06-JUL-2020,
OPTSTK,IBULHSGFIN,24-Sep-2020,220,CE,0,0,0,61.2,51.25,0,0,0,0,06-JUL-2020,
OPTSTK,IBULHSGFIN,24-Sep-2020,225,CE,0,0,0,59.25,49.05,0,0,0,0,06-JUL-2020,
OPTSTK,IBULHSGFIN,24-Sep-2020,230,CE,0,0,0,57.35,46.95,0,0,0,0,06-JUL-2020,
OPTSTK,IBULHSGFIN,24-Sep-2020,235,CE,0,0,0,55.55,44.95,0,0,0,0,06-JUL-2020,
OPTSTK,IBULHSGFIN,24-Sep-2020,240,CE,0,0,0,53.8,43,0,0,0,0,06-JUL-2020,
OPTSTK,IBULHSGFIN,24-Sep-2020,245,CE,0,0,0,52.1,41.15,0,0,0,0,06-JUL-2020,
OPTSTK,IBULHSGFIN,24-Sep-2020,250,CE,0,0,0,50.45,39.35,0,0,0,0,06-JUL-2020,
OPTSTK,IBULHSGFIN,24-Sep-2020,255,CE,0,0,0,48.9,37.65,0,0,0,0,06-JUL-2020,
OPTSTK,IBULHSGFIN,24-Sep-2020,260,CE,0,0,0,47.35,36.05,0,0,0,0,06-JUL-2020,
OPTSTK,IBULHSGFIN,24-Sep-2020,265,CE,0,0,0,45.9,34.45,0,0,0,0,06-JUL-2020,
OPTSTK,IBULHSGFIN,24-Sep-2020,270,CE,0,0,0,44.45,32.95,0,0,0,0,06-JUL-2020,
OPTSTK,IBULHSGFIN,24-Sep-2020,155,PE,0,0,0,19.3,10.45,0,0,0,0,06-JUL-2020,
OPTSTK,IBULHSGFIN,24-Sep-2020,160,PE,0,0,0,21.25,11.85,0,0,0,0,06-JUL-2020,
OPTSTK,IBULHSGFIN,24-Sep-2020,165,PE,0,0,0,23.3,13.4,0,0,0,0,06-JUL-2020,
OPTSTK,IBULHSGFIN,24-Sep-2020,170,PE,0,0,0,25.45,15.1,0,0,0,0,06-JUL-2020,
OPTSTK,IBULHSGFIN,24-Sep-2020,175,PE,0,0,0,27.65,16.85,0,0,0,0,06-JUL-2020,
OPTSTK,IBULHSGFIN,24-Sep-2020,180,PE,0,0,0,30,18.7,0,0,0,0,06-JUL-2020,
OPTSTK,IBULHSGFIN,24-Sep-2020,185,PE,0,0,0,32.35,20.7,0,0,0,0,06-JUL-2020,
OPTSTK,IBULHSGFIN,24-Sep-2020,190,PE,0,0,0,34.85,22.8,0,0,0,0,06-JUL-2020,
OPTSTK,IBULHSGFIN,24-Sep-2020,195,PE,0,0,0,37.4,25,0,0,0,0,06-JUL-2020,
OPTSTK,IBULHSGFIN,24-Sep-2020,200,PE,0,0,0,40.05,27.25,0,0,0,0,06-JUL-2020,
OPTSTK,IBULHSGFIN,24-Sep-2020,205,PE,0,0,0,42.75,29.65,0,0,0,0,06-JUL-2020,
OPTSTK,IBULHSGFIN,24-Sep-2020,210,PE,0,0,0,45.55,32.15,0,0,0,0,06-JUL-2020,
OPTSTK,IBULHSGFIN,24-Sep-2020,215,PE,0,0,0,48.4,34.7,0,0,0,0,06-JUL-2020,
OPTSTK,IBULHSGFIN,24-Sep-2020,220,PE,0,0,0,51.35,37.4,0,0,0,0,06-JUL-2020,
OPTSTK,IBULHSGFIN,24-Sep-2020,225,PE,0,0,0,54.35,40.15,0,0,0,0,06-JUL-2020,
OPTSTK,IBULHSGFIN,24-Sep-2020,230,PE,0,0,0,57.4,43,0,0,0,0,06-JUL-2020,
OPTSTK,IBULHSGFIN,24-Sep-2020,235,PE,0,0,0,60.55,45.95,0,0,0,0,06-JUL-2020,
OPTSTK,IBULHSGFIN,24-Sep-2020,240,PE,0,0,0,63.7,48.95,0,0,0,0,06-JUL-2020,
OPTSTK,IBULHSGFIN,24-Sep-2020,245,PE,0,0,0,66.95,52.05,0,0,0,0,06-JUL-2020,
OPTSTK,IBULHSGFIN,24-Sep-2020,250,PE,0,0,0,70.25,55.25,0,0,0,0,06-JUL-2020,
OPTSTK,IBULHSGFIN,24-Sep-2020,255,PE,0,0,0,73.65,58.5,0,0,0,0,06-JUL-2020,
OPTSTK,IBULHSGFIN,24-Sep-2020,260,PE,0,0,0,77.05,61.8,0,0,0,0,06-JUL-2020,
OPTSTK,IBULHSGFIN,24-Sep-2020,265,PE,0,0,0,80.5,65.2,0,0,0,0,06-JUL-2020,
OPTSTK,IBULHSGFIN,24-Sep-2020,270,PE,0,0,0,84,68.65,0,0,0,0,06-JUL-2020,
OPTSTK,ICICIBANK,30-Jul-2020,200,CE,0,0,0,189.95,162.4,0,0,0,0,06-JUL-2020,
OPTSTK,ICICIBANK,30-Jul-2020,210,CE,0,0,0,181.8,152.45,0,0,0,0,06-JUL-2020,
OPTSTK,ICICIBANK,30-Jul-2020,220,CE,0,0,0,173.9,142.45,0,0,0,0,06-JUL-2020,
OPTSTK,ICICIBANK,30-Jul-2020,230,CE,0,0,0,166.25,132.5,0,0,0,0,06-JUL-2020,
OPTSTK,ICICIBANK,30-Jul-2020,240,CE,0,0,0,110.8,122.5,0,0,5500,0,06-JUL-2020,
OPTSTK,ICICIBANK,30-Jul-2020,245,CE,0,0,0,111.25,117.55,0,0,2750,0,06-JUL-2020,
OPTSTK,ICICIBANK,30-Jul-2020,250,CE,0,0,0,101.8,112.55,0,0,9625,0,06-JUL-2020,
OPTSTK,ICICIBANK,30-Jul-2020,255,CE,0,0,0,91.55,107.6,0,0,0,0,06-JUL-2020,
OPTSTK,ICICIBANK,30-Jul-2020,260,CE,0,0,0,98.05,102.6,0,0,2750,0,06-JUL-2020,
OPTSTK,ICICIBANK,30-Jul-2020,265,CE,0,0,0,85.05,97.65,0,0,0,0,06-JUL-2020,
OPTSTK,ICICIBANK,30-Jul-2020,270,CE,0,0,0,82.8,92.7,0,0,5500,0,06-JUL-2020,
OPTSTK,ICICIBANK,30-Jul-2020,275,CE,0,0,0,79.15,87.75,0,0,2750,0,06-JUL-2020,
OPTSTK,ICICIBANK,30-Jul-2020,280,CE,0,0,0,86,82.85,0,0,9625,0,06-JUL-2020,
OPTSTK,ICICIBANK,30-Jul-2020,285,CE,0,0,0,73.1,78,0,0,0,0,06-JUL-2020,
OPTSTK,ICICIBANK,30-Jul-2020,290,CE,0,0,0,48.35,73.2,0,0,16500,0,06-JUL-2020,
OPTSTK,ICICIBANK,30-Jul-2020,295,CE,0,0,0,67.65,68.4,0,0,0,0,06-JUL-2020,
OPTSTK,ICICIBANK,30-Jul-2020,300,CE,66.35,66.35,66.35,66.35,63.7,1,5.03,33000,-1375,06-JUL-2020,
OPTSTK,ICICIBANK,30-Jul-2020,305,CE,0,0,0,62.5,59.1,0,0,0,0,06-JUL-2020,
OPTSTK,ICICIBANK,30-Jul-2020,310,CE,56.45,56.45,56.45,56.45,54.6,1,5.03,39875,0,06-JUL-2020,
OPTSTK,ICICIBANK,30-Jul-2020,315,CE,0,0,0,57.75,50.25,0,0,0,0,06-JUL-2020,
OPTSTK,ICICIBANK,30-Jul-2020,320,CE,47,48.3,46.1,48.2,48.2,29,146.57,59125,17875,06-JUL-2020,
OPTSTK,ICICIBANK,30-Jul-2020,325,CE,43,43,43,43,41.95,1,5.06,5500,-1375,06-JUL-2020,
OPTSTK,ICICIBANK,30-Jul-2020,330,CE,42.15,42.2,37.8,39.2,39.2,206,1046.49,218625,-77000,06-JUL-2020,
OPTSTK,ICICIBANK,30-Jul-2020,335,CE,36.65,36.65,34.9,34.9,34.35,7,35.64,34375,0,06-JUL-2020,
OPTSTK,ICICIBANK,30-Jul-2020,340,CE,34.2,34.2,30.9,32.05,32.05,83,424.54,702625,12375,06-JUL-2020,
OPTSTK,ICICIBANK,30-Jul-2020,345,CE,30.9,31.2,28.35,28.35,27.55,14,72.13,158125,15125,06-JUL-2020,
OPTSTK,ICICIBANK,30-Jul-2020,350,CE,27.5,28,24.6,25.6,25.6,789,4075.53,1868625,347875,06-JUL-2020,
OPTSTK,ICICIBANK,30-Jul-2020,355,CE,23.7,24.8,21.9,22.5,22.5,431,2238.56,528000,-5500,06-JUL-2020,
OPTSTK,ICICIBANK,30-Jul-2020,360,CE,24.95,24.95,19.25,20.1,20.1,3569,18658.27,2233000,411125,06-JUL-2020,
OPTSTK,ICICIBANK,30-Jul-2020,365,CE,19.1,19.5,16.95,17.6,17.6,1268,6675.92,812625,255750,06-JUL-2020,
OPTSTK,ICICIBANK,30-Jul-2020,370,CE,17,17.2,14.8,15.4,15.4,4310,22854.27,2567125,265375,06-JUL-2020,
OPTSTK,ICICIBANK,30-Jul-2020,375,CE,14.3,15,12.9,13.4,13.4,1030,5503.65,541750,56375,06-JUL-2020,
OPTSTK,ICICIBANK,30-Jul-2020,380,CE,13,13,11.15,11.45,11.45,4656,25085.48,4360125,540375,06-JUL-2020,
OPTSTK,ICICIBANK,30-Jul-2020,385,CE,9.65,11.1,9.45,9.7,9.7,955,5185.41,583000,321750,06-JUL-2020,
OPTSTK,ICICIBANK,30-Jul-2020,390,CE,9.05,9.4,8,8.15,8.15,2064,11308.91,2851750,484000,06-JUL-2020,
OPTSTK,ICICIBANK,30-Jul-2020,395,CE,8,8.05,6.9,7.1,7.1,142,785.43,148500,8250,06-JUL-2020,
OPTSTK,ICICIBANK,30-Jul-2020,400,CE,5.65,7,5.65,6,6,3288,18363.85,3792250,515625,06-JUL-2020,
OPTSTK,ICICIBANK,30-Jul-2020,405,CE,6.4,7.8,4.85,5.05,5.05,55,310.22,57750,23375,06-JUL-2020,
OPTSTK,ICICIBANK,30-Jul-2020,410,CE,4.7,5.35,4.05,4.2,4.2,593,3378.28,693000,-13750,06-JUL-2020,
OPTSTK,ICICIBANK,30-Jul-2020,415,CE,3.35,3.8,3.3,3.45,3.45,55,316.46,90750,52250,06-JUL-2020,
OPTSTK,ICICIBANK,30-Jul-2020,420,CE,2.55,3.2,2.55,2.75,2.75,1032,6001.05,2250875,-35750,06-JUL-2020,
OPTSTK,ICICIBANK,30-Jul-2020,425,CE,2.4,2.75,2.4,2.45,2.45,17,99.93,23375,4125,06-JUL-2020,
OPTSTK,ICICIBANK,30-Jul-2020,430,CE,2.2,2.35,1.95,2,2,130,772.36,422125,-6875,06-JUL-2020,
OPTSTK,ICICIBANK,30-Jul-2020,435,CE,0,0,0,2.2,1.45,0,0,9625,0,06-JUL-2020,
OPTSTK,ICICIBANK,30-Jul-2020,440,CE,1.5,1.6,1.25,1.4,1.4,137,831.53,434500,33000,06-JUL-2020,
OPTSTK,ICICIBANK,30-Jul-2020,445,CE,0,0,0,19.25,0.95,0,0,0,0,06-JUL-2020,
OPTSTK,ICICIBANK,30-Jul-2020,450,CE,1.05,1.2,0.95,1.05,1.05,261,1618.69,921250,48125,06-JUL-2020,
OPTSTK,ICICIBANK,30-Jul-2020,455,CE,0,0,0,17.5,0.6,0,0,0,0,06-JUL-2020,
OPTSTK,ICICIBANK,30-Jul-2020,460,CE,0.8,0.9,0.65,0.75,0.75,34,215.42,75625,13750,06-JUL-2020,
OPTSTK,ICICIBANK,30-Jul-2020,465,CE,0,0,0,8,0.4,0,0,0,0,06-JUL-2020,
OPTSTK,ICICIBANK,30-Jul-2020,470,CE,0.7,0.7,0.55,0.55,0.55,10,64.7,55000,0,06-JUL-2020,
OPTSTK,ICICIBANK,30-Jul-2020,475,CE,0,0,0,8.1,0.25,0,0,0,0,06-JUL-2020,
OPTSTK,ICICIBANK,30-Jul-2020,480,CE,0.45,0.45,0.45,0.45,0.2,1,6.6,4125,0,06-JUL-2020,
OPTSTK,ICICIBANK,30-Jul-2020,485,CE,0,0,0,3.8,0.15,0,0,1375,0,06-JUL-2020,
OPTSTK,ICICIBANK,30-Jul-2020,490,CE,0.4,0.45,0.4,0.45,0.45,2,13.48,15125,0,06-JUL-2020,
OPTSTK,ICICIBANK,30-Jul-2020,500,CE,0.45,0.5,0.3,0.4,0.4,77,529.79,848375,56375,06-JUL-2020,
OPTSTK,ICICIBANK,30-Jul-2020,510,CE,0.25,0.45,0.15,0.4,0.4,59,413.99,44000,-23375,06-JUL-2020,
OPTSTK,ICICIBANK,30-Jul-2020,200,PE,0.25,0.25,0.25,0.25,0.25,3,8.26,39875,-1375,06-JUL-2020,
OPTSTK,ICICIBANK,30-Jul-2020,210,PE,0,0,0,9,0.05,0,0,0,0,06-JUL-2020,
OPTSTK,ICICIBANK,30-Jul-2020,220,PE,0.4,0.4,0.4,0.4,0.05,2,6.06,2750,0,06-JUL-2020,
OPTSTK,ICICIBANK,30-Jul-2020,230,PE,0,0,0,2,0.05,0,0,0,0,06-JUL-2020,
OPTSTK,ICICIBANK,30-Jul-2020,240,PE,0.35,0.35,0.35,0.35,0.35,4,13.21,45375,0,06-JUL-2020,
OPTSTK,ICICIBANK,30-Jul-2020,245,PE,0,0,0,14.5,0.05,0,0,0,0,06-JUL-2020,
OPTSTK,ICICIBANK,30-Jul-2020,250,PE,0.6,0.6,0.5,0.55,0.05,15,51.67,266750,-2750,06-JUL-2020,
OPTSTK,ICICIBANK,30-Jul-2020,255,PE,0,0,0,0.25,0.05,0,0,2750,0,06-JUL-2020,
OPTSTK,ICICIBANK,30-Jul-2020,260,PE,0.7,0.7,0.7,0.7,0.7,2,7.16,60500,1375,06-JUL-2020,
OPTSTK,ICICIBANK,30-Jul-2020,265,PE,0,0,0,21,0.05,0,0,0,0,06-JUL-2020,
OPTSTK,ICICIBANK,30-Jul-2020,270,PE,0.75,0.95,0.75,0.95,0.95,13,48.42,220000,-8250,06-JUL-2020,
OPTSTK,ICICIBANK,30-Jul-2020,275,PE,0,0,0,24.7,0.15,0,0,0,0,06-JUL-2020,
OPTSTK,ICICIBANK,30-Jul-2020,280,PE,0.9,1.4,0.9,1.2,1.2,53,204.93,671000,15125,06-JUL-2020,
OPTSTK,ICICIBANK,30-Jul-2020,285,PE,0,0,0,28.85,0.35,0,0,0,0,06-JUL-2020,
OPTSTK,ICICIBANK,30-Jul-2020,290,PE,1.7,1.75,1.45,1.55,1.55,50,200.47,297000,-6875,06-JUL-2020,
OPTSTK,ICICIBANK,30-Jul-2020,295,PE,1.8,1.8,1.8,1.8,0.75,1,4.08,11000,1375,06-JUL-2020,
OPTSTK,ICICIBANK,30-Jul-2020,300,PE,2.3,2.55,2.1,2.25,2.25,421,1749.84,2083125,-35750,06-JUL-2020,
OPTSTK,ICICIBANK,30-Jul-2020,305,PE,0,0,0,38.1,1.4,0,0,0,0,06-JUL-2020,
OPTSTK,ICICIBANK,30-Jul-2020,310,PE,2.8,3.3,2.55,2.9,2.9,240,1032.79,474375,19250,06-JUL-2020,
OPTSTK,ICICIBANK,30-Jul-2020,315,PE,0.65,3.95,0.65,3.5,3.5,237,1038.4,199375,8250,06-JUL-2020,
OPTSTK,ICICIBANK,30-Jul-2020,320,PE,4,4.9,3.75,4.25,4.25,847,3777.5,864875,159500,06-JUL-2020,
OPTSTK,ICICIBANK,30-Jul-2020,325,PE,5.2,5.85,4.5,5.3,5.3,249,1130.83,144375,-9625,06-JUL-2020,
OPTSTK,ICICIBANK,30-Jul-2020,330,PE,5.75,6.9,5.45,6.15,6.15,1233,5701.7,1245750,-66000,06-JUL-2020,
OPTSTK,ICICIBANK,30-Jul-2020,335,PE,7,8.2,6.9,7.4,7.4,139,654.78,246125,5500,06-JUL-2020,
OPTSTK,ICICIBANK,30-Jul-2020,340,PE,8.45,9.7,7.65,8.75,8.75,1493,7163.39,2105125,55000,06-JUL-2020,
OPTSTK,ICICIBANK,30-Jul-2020,345,PE,9.95,11.55,9.3,10.45,10.45,379,1853.08,214500,-5500,06-JUL-2020,
OPTSTK,ICICIBANK,30-Jul-2020,350,PE,11.95,13.6,11,12.3,12.3,2980,14854.76,1685750,427625,06-JUL-2020,
OPTSTK,ICICIBANK,30-Jul-2020,355,PE,13.55,15.7,13,14.4,14.4,607,3084.96,455125,-6875,06-JUL-2020,
OPTSTK,ICICIBANK,30-Jul-2020,360,PE,14.55,18.3,14.55,16.75,16.75,2025,10494.57,995500,368500,06-JUL-2020,
OPTSTK,ICICIBANK,30-Jul-2020,365,PE,18.6,20.95,17.6,19.3,19.3,620,3277.74,330000,111375,06-JUL-2020,
OPTSTK,ICICIBANK,30-Jul-2020,370,PE,20.9,23.7,20.3,22.15,22.15,561,3025.53,534875,48125,06-JUL-2020,
OPTSTK,ICICIBANK,30-Jul-2020,375,PE,23.55,26.5,23,25,25,154,847.79,101750,39875,06-JUL-2020,
OPTSTK,ICICIBANK,30-Jul-2020,380,PE,27.5,29.55,26.35,28.15,28.15,85,477.16,200750,31625,06-JUL-2020,
OPTSTK,ICICIBANK,30-Jul-2020,385,PE,31.85,31.85,31.7,31.7,31.3,2,11.46,2750,1375,06-JUL-2020,
OPTSTK,ICICIBANK,30-Jul-2020,390,PE,33.5,36.25,33.5,35.35,34.9,6,35.03,20625,1375,06-JUL-2020,
OPTSTK,ICICIBANK,30-Jul-2020,395,PE,0,0,0,94.5,38.7,0,0,0,0,06-JUL-2020,
OPTSTK,ICICIBANK,30-Jul-2020,400,PE,39.5,44.3,39.5,42.35,42.35,27,164.47,224125,8250,06-JUL-2020,
OPTSTK,ICICIBANK,30-Jul-2020,405,PE,0,0,0,101.95,46.7,0,0,0,0,06-JUL-2020,
OPTSTK,ICICIBANK,30-Jul-2020,410,PE,52.25,52.25,52.25,52.25,50.9,1,6.35,38500,0,06-JUL-2020,
OPTSTK,ICICIBANK,30-Jul-2020,415,PE,0,0,0,109.65,55.25,0,0,0,0,06-JUL-2020,
OPTSTK,ICICIBANK,30-Jul-2020,420,PE,0,0,0,67,59.65,0,0,12375,0,06-JUL-2020,
OPTSTK,ICICIBANK,30-Jul-2020,425,PE,0,0,0,117.5,64.15,0,0,0,0,06-JUL-2020,
OPTSTK,ICICIBANK,30-Jul-2020,430,PE,0,0,0,62.7,68.75,0,0,23375,0,06-JUL-2020,
OPTSTK,ICICIBANK,30-Jul-2020,435,PE,0,0,0,125.5,73.4,0,0,0,0,06-JUL-2020,
OPTSTK,ICICIBANK,30-Jul-2020,440,PE,0,0,0,83.85,78.1,0,0,8250,0,06-JUL-2020,
OPTSTK,ICICIBANK,30-Jul-2020,445,PE,0,0,0,133.65,82.85,0,0,0,0,06-JUL-2020,
OPTSTK,ICICIBANK,30-Jul-2020,450,PE,0,0,0,88.65,87.65,0,0,27500,0,06-JUL-2020,
OPTSTK,ICICIBANK,30-Jul-2020,455,PE,0,0,0,129.65,92.5,0,0,0,0,06-JUL-2020,
OPTSTK,ICICIBANK,30-Jul-2020,460,PE,0,0,0,108,97.35,0,0,4125,0,06-JUL-2020,
OPTSTK,ICICIBANK,30-Jul-2020,465,PE,0,0,0,121,102.25,0,0,0,0,06-JUL-2020,
OPTSTK,ICICIBANK,30-Jul-2020,470,PE,0,0,0,135.6,107.15,0,0,0,0,06-JUL-2020,
OPTSTK,ICICIBANK,30-Jul-2020,475,PE,0,0,0,122.65,112.05,0,0,0,0,06-JUL-2020,
OPTSTK,ICICIBANK,30-Jul-2020,480,PE,0,0,0,129.5,117,0,0,4125,0,06-JUL-2020,
OPTSTK,ICICIBANK,30-Jul-2020,485,PE,0,0,0,122.75,121.95,0,0,0,0,06-JUL-2020,
OPTSTK,ICICIBANK,30-Jul-2020,490,PE,0,0,0,122,126.9,0,0,1375,0,06-JUL-2020,
OPTSTK,ICICIBANK,30-Jul-2020,500,PE,0,0,0,131.2,136.85,0,0,6875,0,06-JUL-2020,
OPTSTK,ICICIBANK,30-Jul-2020,510,PE,0,0,0,145,146.75,0,0,4125,0,06-JUL-2020,
OPTSTK,ICICIBANK,27-Aug-2020,205,CE,0,0,0,134.3,158.1,0,0,0,0,06-JUL-2020,
OPTSTK,ICICIBANK,27-Aug-2020,210,CE,0,0,0,130.45,153.15,0,0,0,0,06-JUL-2020,
OPTSTK,ICICIBANK,27-Aug-2020,215,CE,0,0,0,126.75,148.15,0,0,0,0,06-JUL-2020,
OPTSTK,ICICIBANK,27-Aug-2020,220,CE,0,0,0,123.1,143.2,0,0,0,0,06-JUL-2020,
OPTSTK,ICICIBANK,27-Aug-2020,225,CE,0,0,0,119.5,138.25,0,0,0,0,06-JUL-2020,
OPTSTK,ICICIBANK,27-Aug-2020,230,CE,0,0,0,116,133.35,0,0,0,0,06-JUL-2020,
OPTSTK,ICICIBANK,27-Aug-2020,235,CE,0,0,0,112.6,128.4,0,0,0,0,06-JUL-2020,
OPTSTK,ICICIBANK,27-Aug-2020,240,CE,0,0,0,109.25,123.5,0,0,0,0,06-JUL-2020,
OPTSTK,ICICIBANK,27-Aug-2020,245,CE,0,0,0,105.95,118.6,0,0,0,0,06-JUL-2020,
OPTSTK,ICICIBANK,27-Aug-2020,250,CE,0,0,0,102.8,113.7,0,0,0,0,06-JUL-2020,
OPTSTK,ICICIBANK,27-Aug-2020,255,CE,0,0,0,99.65,108.9,0,0,0,0,06-JUL-2020,
OPTSTK,ICICIBANK,27-Aug-2020,260,CE,0,0,0,96.65,104.05,0,0,0,0,06-JUL-2020,
OPTSTK,ICICIBANK,27-Aug-2020,265,CE,0,0,0,93.65,99.3,0,0,0,0,06-JUL-2020,
OPTSTK,ICICIBANK,27-Aug-2020,270,CE,0,0,0,90.8,94.6,0,0,0,0,06-JUL-2020,
OPTSTK,ICICIBANK,27-Aug-2020,275,CE,0,0,0,88,89.95,0,0,0,0,06-JUL-2020,
OPTSTK,ICICIBANK,27-Aug-2020,280,CE,0,0,0,85.25,85.35,0,0,0,0,06-JUL-2020,
OPTSTK,ICICIBANK,27-Aug-2020,285,CE,0,0,0,82.6,80.85,0,0,0,0,06-JUL-2020,
OPTSTK,ICICIBANK,27-Aug-2020,290,CE,0,0,0,80,76.45,0,0,0,0,06-JUL-2020,
OPTSTK,ICICIBANK,27-Aug-2020,295,CE,0,0,0,77.5,72.1,0,0,0,0,06-JUL-2020,
OPTSTK,ICICIBANK,27-Aug-2020,300,CE,0,0,0,73,67.9,0,0,5500,0,06-JUL-2020,
OPTSTK,ICICIBANK,27-Aug-2020,305,CE,0,0,0,72.7,63.8,0,0,0,0,06-JUL-2020,
OPTSTK,ICICIBANK,27-Aug-2020,310,CE,0,0,0,70.4,59.8,0,0,0,0,06-JUL-2020,
OPTSTK,ICICIBANK,27-Aug-2020,315,CE,0,0,0,68.15,55.95,0,0,0,0,06-JUL-2020,
OPTSTK,ICICIBANK,27-Aug-2020,320,CE,0,0,0,47,52.25,0,0,2750,0,06-JUL-2020,
OPTSTK,ICICIBANK,27-Aug-2020,325,CE,0,0,0,63.85,48.65,0,0,0,0,06-JUL-2020,
OPTSTK,ICICIBANK,27-Aug-2020,330,CE,0,0,0,61.8,45.2,0,0,0,0,06-JUL-2020,
OPTSTK,ICICIBANK,27-Aug-2020,335,CE,0,0,0,59.8,41.95,0,0,0,0,06-JUL-2020,
OPTSTK,ICICIBANK,27-Aug-2020,340,CE,0,0,0,42,38.8,0,0,2750,0,06-JUL-2020,
OPTSTK,ICICIBANK,27-Aug-2020,345,CE,0,0,0,56.05,35.85,0,0,0,0,06-JUL-2020,
OPTSTK,ICICIBANK,27-Aug-2020,350,CE,33.45,33.8,33.05,33.8,33,10,52.69,16500,-1375,06-JUL-2020,
OPTSTK,ICICIBANK,27-Aug-2020,355,CE,0,0,0,52.45,30.35,0,0,0,0,06-JUL-2020,
OPTSTK,ICICIBANK,27-Aug-2020,360,CE,28.45,28.65,28,28.65,28.65,4,21.35,6875,1375,06-JUL-2020,
OPTSTK,ICICIBANK,27-Aug-2020,365,CE,25.9,25.9,25.9,25.9,25.5,1,5.37,20625,1375,06-JUL-2020,
OPTSTK,ICICIBANK,27-Aug-2020,370,CE,24.95,25.05,22.5,23.15,23.15,18,97.33,46750,5500,06-JUL-2020,
OPTSTK,ICICIBANK,27-Aug-2020,375,CE,20.85,20.85,20.85,20.85,21.25,1,5.44,48125,0,06-JUL-2020,
OPTSTK,ICICIBANK,27-Aug-2020,380,CE,19,19.5,18.7,19.25,19.25,15,82.31,45375,9625,06-JUL-2020,
OPTSTK,ICICIBANK,27-Aug-2020,385,CE,16.9,16.9,16.9,16.9,17.55,2,11.05,41250,2750,06-JUL-2020,
OPTSTK,ICICIBANK,27-Aug-2020,390,CE,15.75,16,15.1,15.2,15.2,36,200.7,114125,2750,06-JUL-2020,
OPTSTK,ICICIBANK,27-Aug-2020,395,CE,13.65,13.65,13.6,13.6,14.4,5,28.09,152625,6875,06-JUL-2020,
OPTSTK,ICICIBANK,27-Aug-2020,400,CE,13.7,13.75,12.2,13.15,13.15,43,244.03,290125,13750,06-JUL-2020,
OPTSTK,ICICIBANK,27-Aug-2020,405,CE,0,0,0,37.65,11.7,0,0,0,0,06-JUL-2020,
OPTSTK,ICICIBANK,27-Aug-2020,410,CE,10.75,10.75,10,10,10,7,40.45,94875,-2750,06-JUL-2020,
OPTSTK,ICICIBANK,27-Aug-2020,415,CE,0,0,0,35.25,9.45,0,0,0,0,06-JUL-2020,
OPTSTK,ICICIBANK,27-Aug-2020,420,CE,7.75,9.7,7.75,7.9,7.9,8,47.08,19250,8250,06-JUL-2020,
OPTSTK,ICICIBANK,27-Aug-2020,425,CE,0,0,0,33,7.55,0,0,0,0,06-JUL-2020,
OPTSTK,ICICIBANK,27-Aug-2020,430,CE,0,0,0,31.9,6.75,0,0,0,0,06-JUL-2020,
OPTSTK,ICICIBANK,27-Aug-2020,435,CE,6,6,6,6,6.05,1,6.06,9625,1375,06-JUL-2020,
OPTSTK,ICICIBANK,27-Aug-2020,440,CE,0,0,0,5.25,5.35,0,0,1375,0,06-JUL-2020,
OPTSTK,ICICIBANK,27-Aug-2020,445,CE,0,0,0,5.4,4.75,0,0,82500,0,06-JUL-2020,
OPTSTK,ICICIBANK,27-Aug-2020,205,PE,0,0,0,9.95,0.05,0,0,0,0,06-JUL-2020,
OPTSTK,ICICIBANK,27-Aug-2020,210,PE,0,0,0,11.05,0.05,0,0,0,0,06-JUL-2020,
OPTSTK,ICICIBANK,27-Aug-2020,215,PE,0,0,0,12.25,0.05,0,0,0,0,06-JUL-2020,
OPTSTK,ICICIBANK,27-Aug-2020,220,PE,0,0,0,13.55,0.05,0,0,0,0,06-JUL-2020,
OPTSTK,ICICIBANK,27-Aug-2020,225,PE,0,0,0,14.9,0.05,0,0,0,0,06-JUL-2020,
OPTSTK,ICICIBANK,27-Aug-2020,230,PE,0,0,0,16.35,0.1,0,0,0,0,06-JUL-2020,
OPTSTK,ICICIBANK,27-Aug-2020,235,PE,0,0,0,17.85,0.15,0,0,0,0,06-JUL-2020,
OPTSTK,ICICIBANK,27-Aug-2020,240,PE,0,0,0,19.45,0.2,0,0,0,0,06-JUL-2020,
OPTSTK,ICICIBANK,27-Aug-2020,245,PE,0,0,0,21.15,0.25,0,0,0,0,06-JUL-2020,
OPTSTK,ICICIBANK,27-Aug-2020,250,PE,1.3,1.3,0.45,1.25,0.35,3,10.35,12375,0,06-JUL-2020,
OPTSTK,ICICIBANK,27-Aug-2020,255,PE,0,0,0,24.7,0.5,0,0,0,0,06-JUL-2020,
OPTSTK,ICICIBANK,27-Aug-2020,260,PE,0,0,0,26.6,0.65,0,0,0,0,06-JUL-2020,
OPTSTK,ICICIBANK,27-Aug-2020,265,PE,0,0,0,28.6,0.85,0,0,0,0,06-JUL-2020,
OPTSTK,ICICIBANK,27-Aug-2020,270,PE,0,0,0,12,1.1,0,0,1375,0,06-JUL-2020,
OPTSTK,ICICIBANK,27-Aug-2020,275,PE,0,0,0,32.8,1.45,0,0,0,0,06-JUL-2020,
OPTSTK,ICICIBANK,27-Aug-2020,280,PE,0,0,0,8,1.85,0,0,1375,0,06-JUL-2020,
OPTSTK,ICICIBANK,27-Aug-2020,285,PE,0,0,0,37.3,2.3,0,0,0,0,06-JUL-2020,
OPTSTK,ICICIBANK,27-Aug-2020,290,PE,0,0,0,9.9,2.85,0,0,1375,0,06-JUL-2020,
OPTSTK,ICICIBANK,27-Aug-2020,295,PE,0,0,0,42.05,3.5,0,0,0,0,06-JUL-2020,
OPTSTK,ICICIBANK,27-Aug-2020,300,PE,5.85,6.25,5.85,5.85,5.85,46,193.56,152625,27500,06-JUL-2020,
OPTSTK,ICICIBANK,27-Aug-2020,305,PE,0,0,0,47.15,5.1,0,0,0,0,06-JUL-2020,
OPTSTK,ICICIBANK,27-Aug-2020,310,PE,0,0,0,49.75,6.1,0,0,0,0,06-JUL-2020,
OPTSTK,ICICIBANK,27-Aug-2020,315,PE,0,0,0,52.45,7.2,0,0,0,0,06-JUL-2020,
OPTSTK,ICICIBANK,27-Aug-2020,320,PE,9.5,10.35,9.5,10,8.45,40,181.5,41250,11000,06-JUL-2020,
OPTSTK,ICICIBANK,27-Aug-2020,325,PE,0,0,0,58.05,9.85,0,0,0,0,06-JUL-2020,
OPTSTK,ICICIBANK,27-Aug-2020,330,PE,13.4,13.4,13.4,13.4,11.4,1,4.72,4125,1375,06-JUL-2020,
OPTSTK,ICICIBANK,27-Aug-2020,335,PE,0,0,0,63.9,13.05,0,0,0,0,06-JUL-2020,
OPTSTK,ICICIBANK,27-Aug-2020,340,PE,16.5,16.7,15.5,16,14.9,8,39.17,13750,6875,06-JUL-2020,
OPTSTK,ICICIBANK,27-Aug-2020,345,PE,0,0,0,17.6,16.9,0,0,8250,0,06-JUL-2020,
OPTSTK,ICICIBANK,27-Aug-2020,350,PE,20.2,20.6,19.25,19.25,19.25,9,45.82,26125,1375,06-JUL-2020,
OPTSTK,ICICIBANK,27-Aug-2020,355,PE,0,0,0,21.6,21.35,0,0,6875,0,06-JUL-2020,
OPTSTK,ICICIBANK,27-Aug-2020,360,PE,24.5,24.5,24.2,24.2,24.2,4,21.13,27500,1375,06-JUL-2020,
OPTSTK,ICICIBANK,27-Aug-2020,365,PE,0,0,0,82.85,26.45,0,0,0,0,06-JUL-2020,
OPTSTK,ICICIBANK,27-Aug-2020,370,PE,28.25,29.5,28.25,29.5,29.2,4,21.92,6875,2750,06-JUL-2020,
OPTSTK,ICICIBANK,27-Aug-2020,375,PE,0,0,0,89.55,32.1,0,0,0,0,06-JUL-2020,
OPTSTK,ICICIBANK,27-Aug-2020,380,PE,36.8,36.8,36.75,36.8,35.15,7,40.11,9625,8250,06-JUL-2020,
OPTSTK,ICICIBANK,27-Aug-2020,385,PE,0,0,0,96.5,38.35,0,0,0,0,06-JUL-2020,
OPTSTK,ICICIBANK,27-Aug-2020,390,PE,0,0,0,41.8,41.7,0,0,1375,0,06-JUL-2020,
OPTSTK,ICICIBANK,27-Aug-2020,395,PE,0,0,0,103.6,45.15,0,0,0,0,06-JUL-2020,
OPTSTK,ICICIBANK,27-Aug-2020,400,PE,0,0,0,59,48.7,0,0,4125,0,06-JUL-2020,
OPTSTK,ICICIBANK,27-Aug-2020,405,PE,0,0,0,110.9,52.4,0,0,0,0,06-JUL-2020,
OPTSTK,ICICIBANK,27-Aug-2020,410,PE,0,0,0,114.65,56.2,0,0,0,0,06-JUL-2020,
OPTSTK,ICICIBANK,27-Aug-2020,415,PE,0,0,0,118.35,60.1,0,0,0,0,06-JUL-2020,
OPTSTK,ICICIBANK,27-Aug-2020,420,PE,0,0,0,122.15,64.05,0,0,0,0,06-JUL-2020,
OPTSTK,ICICIBANK,27-Aug-2020,425,PE,0,0,0,126,68.15,0,0,0,0,06-JUL-2020,
OPTSTK,ICICIBANK,27-Aug-2020,430,PE,0,0,0,129.85,72.3,0,0,0,0,06-JUL-2020,
OPTSTK,ICICIBANK,27-Aug-2020,435,PE,0,0,0,133.75,76.55,0,0,0,0,06-JUL-2020,
OPTSTK,ICICIBANK,27-Aug-2020,440,PE,81,81,78.75,78.75,78.75,3,21.46,11000,4125,06-JUL-2020,
OPTSTK,ICICIBANK,27-Aug-2020,445,PE,0,0,0,76.6,85.25,0,0,1375,0,06-JUL-2020,
OPTSTK,ICICIBANK,24-Sep-2020,210,CE,0,0,0,145.55,153.95,0,0,0,0,06-JUL-2020,
OPTSTK,ICICIBANK,24-Sep-2020,220,CE,0,0,0,136.55,144.15,0,0,0,0,06-JUL-2020,
OPTSTK,ICICIBANK,24-Sep-2020,230,CE,0,0,0,127.8,134.45,0,0,0,0,06-JUL-2020,
OPTSTK,ICICIBANK,24-Sep-2020,240,CE,0,0,0,119.3,124.85,0,0,0,0,06-JUL-2020,
OPTSTK,ICICIBANK,24-Sep-2020,250,CE,0,0,0,111.1,115.4,0,0,0,0,06-JUL-2020,
OPTSTK,ICICIBANK,24-Sep-2020,260,CE,0,0,0,103.2,106.15,0,0,0,0,06-JUL-2020,
OPTSTK,ICICIBANK,24-Sep-2020,270,CE,0,0,0,95.65,97.15,0,0,0,0,06-JUL-2020,
OPTSTK,ICICIBANK,24-Sep-2020,280,CE,0,0,0,88.45,88.45,0,0,0,0,06-JUL-2020,
OPTSTK,ICICIBANK,24-Sep-2020,290,CE,0,0,0,81.6,80.15,0,0,0,0,06-JUL-2020,
OPTSTK,ICICIBANK,24-Sep-2020,300,CE,0,0,0,75.15,72.2,0,0,0,0,06-JUL-2020,
OPTSTK,ICICIBANK,24-Sep-2020,310,CE,0,0,0,69.05,64.7,0,0,0,0,06-JUL-2020,
OPTSTK,ICICIBANK,24-Sep-2020,320,CE,0,0,0,63.3,57.65,0,0,0,0,06-JUL-2020,
OPTSTK,ICICIBANK,24-Sep-2020,330,CE,0,0,0,57.95,51.15,0,0,0,0,06-JUL-2020,
OPTSTK,ICICIBANK,24-Sep-2020,340,CE,0,0,0,53,45.1,0,0,0,0,06-JUL-2020,
OPTSTK,ICICIBANK,24-Sep-2020,350,CE,0,0,0,48.35,39.6,0,0,0,0,06-JUL-2020,
OPTSTK,ICICIBANK,24-Sep-2020,360,CE,0,0,0,44.05,34.55,0,0,0,0,06-JUL-2020,
OPTSTK,ICICIBANK,24-Sep-2020,370,CE,0,0,0,40.1,30.05,0,0,0,0,06-JUL-2020,
OPTSTK,ICICIBANK,24-Sep-2020,380,CE,0,0,0,36.4,26,0,0,0,0,06-JUL-2020,
OPTSTK,ICICIBANK,24-Sep-2020,390,CE,0,0,0,33.05,22.4,0,0,0,0,06-JUL-2020,
OPTSTK,ICICIBANK,24-Sep-2020,400,CE,0,0,0,29.95,19.2,0,0,0,0,06-JUL-2020,
OPTSTK,ICICIBANK,24-Sep-2020,410,CE,0,0,0,27.1,16.4,0,0,0,0,06-JUL-2020,
OPTSTK,ICICIBANK,24-Sep-2020,420,CE,0,0,0,24.55,13.95,0,0,0,0,06-JUL-2020,
OPTSTK,ICICIBANK,24-Sep-2020,430,CE,0,0,0,22.2,11.8,0,0,0,0,06-JUL-2020,
OPTSTK,ICICIBANK,24-Sep-2020,440,CE,0,0,0,20.05,10,0,0,0,0,06-JUL-2020,
OPTSTK,ICICIBANK,24-Sep-2020,210,PE,0,0,0,2.15,0.15,0,0,0,0,06-JUL-2020,
OPTSTK,ICICIBANK,24-Sep-2020,220,PE,0,0,0,3,0.25,0,0,0,0,06-JUL-2020,
OPTSTK,ICICIBANK,24-Sep-2020,230,PE,0,0,0,4.15,0.45,0,0,0,0,06-JUL-2020,
OPTSTK,ICICIBANK,24-Sep-2020,240,PE,0,0,0,5.5,0.75,0,0,0,0,06-JUL-2020,
OPTSTK,ICICIBANK,24-Sep-2020,250,PE,0,0,0,7.2,1.2,0,0,0,0,06-JUL-2020,
OPTSTK,ICICIBANK,24-Sep-2020,260,PE,0,0,0,9.2,1.9,0,0,0,0,06-JUL-2020,
OPTSTK,ICICIBANK,24-Sep-2020,270,PE,0,0,0,11.5,2.8,0,0,0,0,06-JUL-2020,
OPTSTK,ICICIBANK,24-Sep-2020,280,PE,0,0,0,14.2,4,0,0,0,0,06-JUL-2020,
OPTSTK,ICICIBANK,24-Sep-2020,290,PE,0,0,0,17.25,5.6,0,0,0,0,06-JUL-2020,
OPTSTK,ICICIBANK,24-Sep-2020,300,PE,0,0,0,20.65,7.55,0,0,0,0,06-JUL-2020,
OPTSTK,ICICIBANK,24-Sep-2020,310,PE,0,0,0,24.45,9.95,0,0,0,0,06-JUL-2020,
OPTSTK,ICICIBANK,24-Sep-2020,320,PE,0,0,0,28.6,12.85,0,0,0,0,06-JUL-2020,
OPTSTK,ICICIBANK,24-Sep-2020,330,PE,0,0,0,33.15,16.25,0,0,0,0,06-JUL-2020,
OPTSTK,ICICIBANK,24-Sep-2020,340,PE,0,0,0,38.05,20.1,0,0,0,0,06-JUL-2020,
OPTSTK,ICICIBANK,24-Sep-2020,350,PE,0,0,0,43.3,24.5,0,0,0,0,06-JUL-2020,
OPTSTK,ICICIBANK,24-Sep-2020,360,PE,0,0,0,48.9,29.4,0,0,0,0,06-JUL-2020,
OPTSTK,ICICIBANK,24-Sep-2020,370,PE,0,0,0,54.8,34.75,0,0,0,0,06-JUL-2020,
OPTSTK,ICICIBANK,24-Sep-2020,380,PE,0,0,0,61,40.6,0,0,0,0,06-JUL-2020,
OPTSTK,ICICIBANK,24-Sep-2020,390,PE,0,0,0,67.5,46.9,0,0,0,0,06-JUL-2020,
OPTSTK,ICICIBANK,24-Sep-2020,400,PE,0,0,0,74.3,53.65,0,0,0,0,06-JUL-2020,
OPTSTK,ICICIBANK,24-Sep-2020,410,PE,0,0,0,81.35,60.75,0,0,0,0,06-JUL-2020,
OPTSTK,ICICIBANK,24-Sep-2020,420,PE,0,0,0,88.65,68.2,0,0,0,0,06-JUL-2020,
OPTSTK,ICICIBANK,24-Sep-2020,430,PE,0,0,0,96.2,76,0,0,0,0,06-JUL-2020,
OPTSTK,ICICIBANK,24-Sep-2020,440,PE,0,0,0,103.9,84.05,0,0,0,0,06-JUL-2020,
OPTSTK,ICICIPRULI,30-Jul-2020,250,CE,0,0,0,185.15,185.9,0,0,0,0,06-JUL-2020,
OPTSTK,ICICIPRULI,30-Jul-2020,260,CE,0,0,0,178.25,175.95,0,0,0,0,06-JUL-2020,
OPTSTK,ICICIPRULI,30-Jul-2020,270,CE,0,0,0,171.5,165.95,0,0,0,0,06-JUL-2020,
OPTSTK,ICICIPRULI,30-Jul-2020,280,CE,0,0,0,165.05,156,0,0,0,0,06-JUL-2020,
OPTSTK,ICICIPRULI,30-Jul-2020,290,CE,0,0,0,158.8,146.05,0,0,0,0,06-JUL-2020,
OPTSTK,ICICIPRULI,30-Jul-2020,300,CE,0,0,0,152.75,136.1,0,0,0,0,06-JUL-2020,
OPTSTK,ICICIPRULI,30-Jul-2020,310,CE,0,0,0,146.9,126.15,0,0,0,0,06-JUL-2020,
OPTSTK,ICICIPRULI,30-Jul-2020,320,CE,0,0,0,141.3,116.3,0,0,0,0,06-JUL-2020,
OPTSTK,ICICIPRULI,30-Jul-2020,330,CE,0,0,0,135.85,106.55,0,0,0,0,06-JUL-2020,
OPTSTK,ICICIPRULI,30-Jul-2020,340,CE,0,0,0,83.5,96.9,0,0,0,0,06-JUL-2020,
OPTSTK,ICICIPRULI,30-Jul-2020,350,CE,0,0,0,125.6,87.45,0,0,0,0,06-JUL-2020,
OPTSTK,ICICIPRULI,30-Jul-2020,360,CE,0,0,0,120.75,78.25,0,0,0,0,06-JUL-2020,
OPTSTK,ICICIPRULI,30-Jul-2020,370,CE,0,0,0,68.3,69.35,0,0,1500,0,06-JUL-2020,
OPTSTK,ICICIPRULI,30-Jul-2020,380,CE,0,0,0,49.15,60.9,0,0,9000,0,06-JUL-2020,
OPTSTK,ICICIPRULI,30-Jul-2020,390,CE,0,0,0,49.2,52.95,0,0,6000,0,06-JUL-2020,
OPTSTK,ICICIPRULI,30-Jul-2020,400,CE,0,0,0,41,45.55,0,0,43500,0,06-JUL-2020,
OPTSTK,ICICIPRULI,30-Jul-2020,410,CE,32.95,32.95,28.55,31.2,38.75,9,59.4,75000,-3000,06-JUL-2020,
OPTSTK,ICICIPRULI,30-Jul-2020,420,CE,26,26,21.9,23.95,32.6,22,146.79,301500,-27000,06-JUL-2020,
OPTSTK,ICICIPRULI,30-Jul-2020,430,CE,19.3,20.1,16.55,18.85,18.85,234,1572.83,210000,-27000,06-JUL-2020,
OPTSTK,ICICIPRULI,30-Jul-2020,440,CE,14.7,15.1,12.3,14.15,14.15,159,1082.16,178500,18000,06-JUL-2020,
OPTSTK,ICICIPRULI,30-Jul-2020,450,CE,10.95,11.05,8.9,10.5,10.5,216,1490.28,304500,-15000,06-JUL-2020,
OPTSTK,ICICIPRULI,30-Jul-2020,460,CE,7.95,8,6.5,7.6,7.6,98,686.98,177000,3000,06-JUL-2020,
OPTSTK,ICICIPRULI,30-Jul-2020,470,CE,5.65,5.7,4.35,5.4,5.4,18,128.29,66000,-7500,06-JUL-2020,
OPTSTK,ICICIPRULI,30-Jul-2020,480,CE,4.05,4.1,3.3,3.8,3.8,29,210.39,72000,4500,06-JUL-2020,
OPTSTK,ICICIPRULI,30-Jul-2020,490,CE,3,3,2.35,2.9,7.15,23,169.94,100500,3000,06-JUL-2020,
OPTSTK,ICICIPRULI,30-Jul-2020,500,CE,2.1,2.1,1.65,1.9,1.9,31,233.38,102000,3000,06-JUL-2020,
OPTSTK,ICICIPRULI,30-Jul-2020,510,CE,1.55,1.55,1.55,1.55,4.2,1,7.67,58500,0,06-JUL-2020,
OPTSTK,ICICIPRULI,30-Jul-2020,250,PE,0,0,0,20.05,0.05,0,0,0,0,06-JUL-2020,
OPTSTK,ICICIPRULI,30-Jul-2020,260,PE,0,0,0,23,0.05,0,0,0,0,06-JUL-2020,
OPTSTK,ICICIPRULI,30-Jul-2020,270,PE,0,0,0,0.25,0.05,0,0,1500,0,06-JUL-2020,
OPTSTK,ICICIPRULI,30-Jul-2020,280,PE,0,0,0,0.25,0.05,0,0,1500,0,06-JUL-2020,
OPTSTK,ICICIPRULI,30-Jul-2020,290,PE,0,0,0,33.15,0.05,0,0,0,0,06-JUL-2020,
OPTSTK,ICICIPRULI,30-Jul-2020,300,PE,0,0,0,0.85,0.05,0,0,6000,0,06-JUL-2020,
OPTSTK,ICICIPRULI,30-Jul-2020,310,PE,0,0,0,41,0.1,0,0,0,0,06-JUL-2020,
OPTSTK,ICICIPRULI,30-Jul-2020,320,PE,0,0,0,45.25,0.2,0,0,0,0,06-JUL-2020,
OPTSTK,ICICIPRULI,30-Jul-2020,330,PE,0,0,0,49.75,0.4,0,0,0,0,06-JUL-2020,
OPTSTK,ICICIPRULI,30-Jul-2020,340,PE,0.45,0.45,0.45,0.45,0.45,1,5.1,78000,0,06-JUL-2020,
OPTSTK,ICICIPRULI,30-Jul-2020,350,PE,0,0,0,2.65,1.25,0,0,9000,0,06-JUL-2020,
OPTSTK,ICICIPRULI,30-Jul-2020,360,PE,0,0,0,1.1,2.05,0,0,121500,0,06-JUL-2020,
OPTSTK,ICICIPRULI,30-Jul-2020,370,PE,0,0,0,1.85,3.15,0,0,57000,0,06-JUL-2020,
OPTSTK,ICICIPRULI,30-Jul-2020,380,PE,2.1,2.1,2.1,2.1,2.1,4,22.92,109500,-4500,06-JUL-2020,
OPTSTK,ICICIPRULI,30-Jul-2020,390,PE,3.6,4.3,3.2,3.2,6.65,33,194.94,69000,-10500,06-JUL-2020,
OPTSTK,ICICIPRULI,30-Jul-2020,400,PE,5.65,6,4.75,4.9,4.9,37,224.9,117000,7500,06-JUL-2020,
OPTSTK,ICICIPRULI,30-Jul-2020,410,PE,8.05,9.3,7.1,7.2,7.2,23,144.28,55500,0,06-JUL-2020,
OPTSTK,ICICIPRULI,30-Jul-2020,420,PE,11,13.15,10.3,10.6,10.6,44,284.96,118500,4500,06-JUL-2020,
OPTSTK,ICICIPRULI,30-Jul-2020,430,PE,14.9,18,14.3,14.65,14.65,265,1774.6,61500,30000,06-JUL-2020,
OPTSTK,ICICIPRULI,30-Jul-2020,440,PE,21.8,23.35,19.65,19.65,19.65,7,48.46,27000,1500,06-JUL-2020,
OPTSTK,ICICIPRULI,30-Jul-2020,450,PE,28.05,29.75,25,26.3,26.3,22,157.37,28500,22500,06-JUL-2020,
OPTSTK,ICICIPRULI,30-Jul-2020,460,PE,0,0,0,32.7,38.15,0,0,7500,0,06-JUL-2020,
OPTSTK,ICICIPRULI,30-Jul-2020,470,PE,0,0,0,39.05,45.1,0,0,3000,0,06-JUL-2020,
OPTSTK,ICICIPRULI,30-Jul-2020,480,PE,0,0,0,48.45,52.65,0,0,3000,0,06-JUL-2020,
OPTSTK,ICICIPRULI,30-Jul-2020,490,PE,0,0,0,56.95,60.6,0,0,6000,0,06-JUL-2020,
OPTSTK,ICICIPRULI,30-Jul-2020,500,PE,0,0,0,151.6,68.9,0,0,0,0,06-JUL-2020,
OPTSTK,ICICIPRULI,30-Jul-2020,510,PE,0,0,0,158.8,77.6,0,0,0,0,06-JUL-2020,
OPTSTK,ICICIPRULI,27-Aug-2020,250,CE,0,0,0,132.55,186.75,0,0,0,0,06-JUL-2020,
OPTSTK,ICICIPRULI,27-Aug-2020,260,CE,0,0,0,125.15,176.9,0,0,0,0,06-JUL-2020,
OPTSTK,ICICIPRULI,27-Aug-2020,270,CE,0,0,0,118,167.05,0,0,0,0,06-JUL-2020,
OPTSTK,ICICIPRULI,27-Aug-2020,280,CE,0,0,0,111.15,157.25,0,0,0,0,06-JUL-2020,
OPTSTK,ICICIPRULI,27-Aug-2020,290,CE,0,0,0,104.65,147.5,0,0,0,0,06-JUL-2020,
OPTSTK,ICICIPRULI,27-Aug-2020,300,CE,0,0,0,98.4,137.9,0,0,0,0,06-JUL-2020,
OPTSTK,ICICIPRULI,27-Aug-2020,310,CE,0,0,0,92.4,128.45,0,0,0,0,06-JUL-2020,
OPTSTK,ICICIPRULI,27-Aug-2020,320,CE,0,0,0,86.75,119.15,0,0,0,0,06-JUL-2020,
OPTSTK,ICICIPRULI,27-Aug-2020,330,CE,0,0,0,81.4,110.05,0,0,0,0,06-JUL-2020,
OPTSTK,ICICIPRULI,27-Aug-2020,340,CE,0,0,0,76.3,101.25,0,0,0,0,06-JUL-2020,
OPTSTK,ICICIPRULI,27-Aug-2020,350,CE,0,0,0,71.5,92.7,0,0,0,0,06-JUL-2020,
OPTSTK,ICICIPRULI,27-Aug-2020,360,CE,0,0,0,66.95,84.5,0,0,0,0,06-JUL-2020,
OPTSTK,ICICIPRULI,27-Aug-2020,370,CE,0,0,0,62.65,76.7,0,0,0,0,06-JUL-2020,
OPTSTK,ICICIPRULI,27-Aug-2020,380,CE,0,0,0,58.65,69.3,0,0,0,0,06-JUL-2020,
OPTSTK,ICICIPRULI,27-Aug-2020,390,CE,0,0,0,54.8,62.3,0,0,0,0,06-JUL-2020,
OPTSTK,ICICIPRULI,27-Aug-2020,400,CE,0,0,0,51.25,55.8,0,0,0,0,06-JUL-2020,
OPTSTK,ICICIPRULI,27-Aug-2020,410,CE,0,0,0,47.9,49.7,0,0,0,0,06-JUL-2020,
OPTSTK,ICICIPRULI,27-Aug-2020,420,CE,0,0,0,44.7,44.1,0,0,0,0,06-JUL-2020,
OPTSTK,ICICIPRULI,27-Aug-2020,430,CE,0,0,0,41.75,38.95,0,0,0,0,06-JUL-2020,
OPTSTK,ICICIPRULI,27-Aug-2020,440,CE,0,0,0,39,34.25,0,0,0,0,06-JUL-2020,
OPTSTK,ICICIPRULI,27-Aug-2020,450,CE,0,0,0,15.85,30,0,0,1500,0,06-JUL-2020,
OPTSTK,ICICIPRULI,27-Aug-2020,460,CE,0,0,0,33.95,26.2,0,0,0,0,06-JUL-2020,
OPTSTK,ICICIPRULI,27-Aug-2020,470,CE,0,0,0,31.7,22.75,0,0,0,0,06-JUL-2020,
OPTSTK,ICICIPRULI,27-Aug-2020,480,CE,0,0,0,29.55,19.7,0,0,0,0,06-JUL-2020,
OPTSTK,ICICIPRULI,27-Aug-2020,490,CE,0,0,0,27.6,16.95,0,0,0,0,06-JUL-2020,
OPTSTK,ICICIPRULI,27-Aug-2020,500,CE,0,0,0,25.7,14.6,0,0,0,0,06-JUL-2020,
OPTSTK,ICICIPRULI,27-Aug-2020,510,CE,0,0,0,24,12.5,0,0,0,0,06-JUL-2020,
OPTSTK,ICICIPRULI,27-Aug-2020,250,PE,0,0,0,11.85,0.05,0,0,0,0,06-JUL-2020,
OPTSTK,ICICIPRULI,27-Aug-2020,260,PE,0,0,0,14.3,0.1,0,0,0,0,06-JUL-2020,
OPTSTK,ICICIPRULI,27-Aug-2020,270,PE,0,0,0,17.05,0.2,0,0,0,0,06-JUL-2020,
OPTSTK,ICICIPRULI,27-Aug-2020,280,PE,0,0,0,20.05,0.35,0,0,0,0,06-JUL-2020,
OPTSTK,ICICIPRULI,27-Aug-2020,290,PE,0,0,0,23.4,0.55,0,0,0,0,06-JUL-2020,
OPTSTK,ICICIPRULI,27-Aug-2020,300,PE,0,0,0,27.05,0.9,0,0,0,0,06-JUL-2020,
OPTSTK,ICICIPRULI,27-Aug-2020,310,PE,0,0,0,30.95,1.35,0,0,0,0,06-JUL-2020,
OPTSTK,ICICIPRULI,27-Aug-2020,320,PE,0,0,0,35.2,2,0,0,0,0,06-JUL-2020,
OPTSTK,ICICIPRULI,27-Aug-2020,330,PE,0,0,0,39.7,2.85,0,0,0,0,06-JUL-2020,
OPTSTK,ICICIPRULI,27-Aug-2020,340,PE,0,0,0,44.5,4,0,0,0,0,06-JUL-2020,
OPTSTK,ICICIPRULI,27-Aug-2020,350,PE,0,0,0,49.55,5.4,0,0,0,0,06-JUL-2020,
OPTSTK,ICICIPRULI,27-Aug-2020,360,PE,0,0,0,54.9,7.15,0,0,0,0,06-JUL-2020,
OPTSTK,ICICIPRULI,27-Aug-2020,370,PE,0,0,0,60.5,9.3,0,0,0,0,06-JUL-2020,
OPTSTK,ICICIPRULI,27-Aug-2020,380,PE,0,0,0,66.3,11.8,0,0,0,0,06-JUL-2020,
OPTSTK,ICICIPRULI,27-Aug-2020,390,PE,0,0,0,72.4,14.75,0,0,0,0,06-JUL-2020,
OPTSTK,ICICIPRULI,27-Aug-2020,400,PE,0,0,0,78.7,18.2,0,0,0,0,06-JUL-2020,
OPTSTK,ICICIPRULI,27-Aug-2020,410,PE,0,0,0,85.2,22.05,0,0,0,0,06-JUL-2020,
OPTSTK,ICICIPRULI,27-Aug-2020,420,PE,0,0,0,91.9,26.4,0,0,0,0,06-JUL-2020,
OPTSTK,ICICIPRULI,27-Aug-2020,430,PE,0,0,0,98.85,31.15,0,0,0,0,06-JUL-2020,
OPTSTK,ICICIPRULI,27-Aug-2020,440,PE,0,0,0,105.95,36.4,0,0,0,0,06-JUL-2020,
OPTSTK,ICICIPRULI,27-Aug-2020,450,PE,0,0,0,113.2,42.1,0,0,0,0,06-JUL-2020,
OPTSTK,ICICIPRULI,27-Aug-2020,460,PE,0,0,0,120.7,48.2,0,0,0,0,06-JUL-2020,
OPTSTK,ICICIPRULI,27-Aug-2020,470,PE,0,0,0,128.3,54.7,0,0,0,0,06-JUL-2020,
OPTSTK,ICICIPRULI,27-Aug-2020,480,PE,0,0,0,136.05,61.6,0,0,0,0,06-JUL-2020,
OPTSTK,ICICIPRULI,27-Aug-2020,490,PE,0,0,0,143.95,68.8,0,0,0,0,06-JUL-2020,
OPTSTK,ICICIPRULI,27-Aug-2020,500,PE,0,0,0,151.95,76.35,0,0,0,0,06-JUL-2020,
OPTSTK,ICICIPRULI,27-Aug-2020,510,PE,0,0,0,160.1,84.2,0,0,0,0,06-JUL-2020,
OPTSTK,ICICIPRULI,24-Sep-2020,270,CE,0,0,0,168.05,168.6,0,0,0,0,06-JUL-2020,
OPTSTK,ICICIPRULI,24-Sep-2020,280,CE,0,0,0,159.75,159.1,0,0,0,0,06-JUL-2020,
OPTSTK,ICICIPRULI,24-Sep-2020,290,CE,0,0,0,151.7,149.75,0,0,0,0,06-JUL-2020,
OPTSTK,ICICIPRULI,24-Sep-2020,300,CE,0,0,0,143.85,140.55,0,0,0,0,06-JUL-2020,
OPTSTK,ICICIPRULI,24-Sep-2020,310,CE,0,0,0,136.25,131.55,0,0,0,0,06-JUL-2020,
OPTSTK,ICICIPRULI,24-Sep-2020,320,CE,0,0,0,128.95,122.8,0,0,0,0,06-JUL-2020,
OPTSTK,ICICIPRULI,24-Sep-2020,330,CE,0,0,0,121.9,114.35,0,0,0,0,06-JUL-2020,
OPTSTK,ICICIPRULI,24-Sep-2020,340,CE,0,0,0,115.15,106.1,0,0,0,0,06-JUL-2020,
OPTSTK,ICICIPRULI,24-Sep-2020,350,CE,0,0,0,108.65,98.2,0,0,0,0,06-JUL-2020,
OPTSTK,ICICIPRULI,24-Sep-2020,360,CE,0,0,0,102.4,90.65,0,0,0,0,06-JUL-2020,
OPTSTK,ICICIPRULI,24-Sep-2020,370,CE,0,0,0,96.45,83.45,0,0,0,0,06-JUL-2020,
OPTSTK,ICICIPRULI,24-Sep-2020,380,CE,0,0,0,90.8,76.6,0,0,0,0,06-JUL-2020,
OPTSTK,ICICIPRULI,24-Sep-2020,390,CE,0,0,0,85.4,70.1,0,0,0,0,06-JUL-2020,
OPTSTK,ICICIPRULI,24-Sep-2020,400,CE,0,0,0,80.25,64,0,0,0,0,06-JUL-2020,
OPTSTK,ICICIPRULI,24-Sep-2020,410,CE,0,0,0,75.35,58.3,0,0,0,0,06-JUL-2020,
OPTSTK,ICICIPRULI,24-Sep-2020,420,CE,0,0,0,70.7,52.95,0,0,0,0,06-JUL-2020,
OPTSTK,ICICIPRULI,24-Sep-2020,430,CE,0,0,0,66.35,47.95,0,0,0,0,06-JUL-2020,
OPTSTK,ICICIPRULI,24-Sep-2020,440,CE,0,0,0,62.2,43.35,0,0,0,0,06-JUL-2020,
OPTSTK,ICICIPRULI,24-Sep-2020,450,CE,0,0,0,58.25,39.1,0,0,0,0,06-JUL-2020,
OPTSTK,ICICIPRULI,24-Sep-2020,460,CE,0,0,0,54.55,35.2,0,0,0,0,06-JUL-2020,
OPTSTK,ICICIPRULI,24-Sep-2020,470,CE,0,0,0,51.05,31.6,0,0,0,0,06-JUL-2020,
OPTSTK,ICICIPRULI,24-Sep-2020,480,CE,0,0,0,47.75,28.3,0,0,0,0,06-JUL-2020,
OPTSTK,ICICIPRULI,24-Sep-2020,490,CE,0,0,0,44.65,25.3,0,0,0,0,06-JUL-2020,
OPTSTK,ICICIPRULI,24-Sep-2020,500,CE,0,0,0,41.75,22.6,0,0,0,0,06-JUL-2020,
OPTSTK,ICICIPRULI,24-Sep-2020,510,CE,0,0,0,39,20.15,0,0,0,0,06-JUL-2020,
OPTSTK,ICICIPRULI,24-Sep-2020,270,PE,0,0,0,6.7,0.9,0,0,0,0,06-JUL-2020,
OPTSTK,ICICIPRULI,24-Sep-2020,280,PE,0,0,0,8.25,1.3,0,0,0,0,06-JUL-2020,
OPTSTK,ICICIPRULI,24-Sep-2020,290,PE,0,0,0,10.05,1.85,0,0,0,0,06-JUL-2020,
OPTSTK,ICICIPRULI,24-Sep-2020,300,PE,0,0,0,12.1,2.55,0,0,0,0,06-JUL-2020,
OPTSTK,ICICIPRULI,24-Sep-2020,310,PE,0,0,0,14.45,3.5,0,0,0,0,06-JUL-2020,
OPTSTK,ICICIPRULI,24-Sep-2020,320,PE,0,0,0,17,4.65,0,0,0,0,06-JUL-2020,
OPTSTK,ICICIPRULI,24-Sep-2020,330,PE,0,0,0,19.85,6.05,0,0,0,0,06-JUL-2020,
OPTSTK,ICICIPRULI,24-Sep-2020,340,PE,0,0,0,22.95,7.75,0,0,0,0,06-JUL-2020,
OPTSTK,ICICIPRULI,24-Sep-2020,350,PE,0,0,0,26.35,9.8,0,0,0,0,06-JUL-2020,
OPTSTK,ICICIPRULI,24-Sep-2020,360,PE,0,0,0,30,12.1,0,0,0,0,06-JUL-2020,
OPTSTK,ICICIPRULI,24-Sep-2020,370,PE,0,0,0,33.9,14.8,0,0,0,0,06-JUL-2020,
OPTSTK,ICICIPRULI,24-Sep-2020,380,PE,0,0,0,38.15,17.85,0,0,0,0,06-JUL-2020,
OPTSTK,ICICIPRULI,24-Sep-2020,390,PE,0,0,0,42.6,21.3,0,0,0,0,06-JUL-2020,
OPTSTK,ICICIPRULI,24-Sep-2020,400,PE,0,0,0,47.35,25.1,0,0,0,0,06-JUL-2020,
OPTSTK,ICICIPRULI,24-Sep-2020,410,PE,0,0,0,52.35,29.3,0,0,0,0,06-JUL-2020,
OPTSTK,ICICIPRULI,24-Sep-2020,420,PE,0,0,0,57.6,33.85,0,0,0,0,06-JUL-2020,
OPTSTK,ICICIPRULI,24-Sep-2020,430,PE,0,0,0,63.1,38.75,0,0,0,0,06-JUL-2020,
OPTSTK,ICICIPRULI,24-Sep-2020,440,PE,0,0,0,68.8,44.05,0,0,0,0,06-JUL-2020,
OPTSTK,ICICIPRULI,24-Sep-2020,450,PE,0,0,0,74.8,49.7,0,0,0,0,06-JUL-2020,
OPTSTK,ICICIPRULI,24-Sep-2020,460,PE,0,0,0,80.95,55.7,0,0,0,0,06-JUL-2020,
OPTSTK,ICICIPRULI,24-Sep-2020,470,PE,0,0,0,87.35,62.05,0,0,0,0,06-JUL-2020,
OPTSTK,ICICIPRULI,24-Sep-2020,480,PE,0,0,0,93.95,68.65,0,0,0,0,06-JUL-2020,
OPTSTK,ICICIPRULI,24-Sep-2020,490,PE,0,0,0,100.75,75.55,0,0,0,0,06-JUL-2020,
OPTSTK,ICICIPRULI,24-Sep-2020,500,PE,0,0,0,107.7,82.75,0,0,0,0,06-JUL-2020,
OPTSTK,ICICIPRULI,24-Sep-2020,510,PE,0,0,0,114.85,90.2,0,0,0,0,06-JUL-2020,
OPTSTK,IDEA,30-Jul-2020,1,CE,0,0,0,3.25,8.8,0,0,0,0,06-JUL-2020,
OPTSTK,IDEA,30-Jul-2020,2,CE,0,0,0,2.45,7.8,0,0,0,0,06-JUL-2020,
OPTSTK,IDEA,30-Jul-2020,3,CE,0,0,0,1.9,6.8,0,0,0,0,06-JUL-2020,
OPTSTK,IDEA,30-Jul-2020,4,CE,0,0,0,1.45,5.8,0,0,0,0,06-JUL-2020,
OPTSTK,IDEA,30-Jul-2020,5,CE,0,0,0,1.15,4.85,0,0,0,0,06-JUL-2020,
OPTSTK,IDEA,30-Jul-2020,6,CE,0,0,0,0.9,3.9,0,0,0,0,06-JUL-2020,
OPTSTK,IDEA,30-Jul-2020,7,CE,0,0,0,4.1,3,0,0,420000,0,06-JUL-2020,
OPTSTK,IDEA,30-Jul-2020,8,CE,0,0,0,3,2.25,0,0,2940000,0,06-JUL-2020,
OPTSTK,IDEA,30-Jul-2020,9,CE,0,0,0,1.85,1.65,0,0,1820000,0,06-JUL-2020,
OPTSTK,IDEA,30-Jul-2020,10,CE,1.25,1.25,1.15,1.2,1.2,11,172.48,26740000,-1540000,06-JUL-2020,
OPTSTK,IDEA,30-Jul-2020,11,CE,1.2,1.2,0.85,0.9,0.9,7,116.97,21700000,-980000,06-JUL-2020,
OPTSTK,IDEA,30-Jul-2020,12,CE,0.7,0.7,0.6,0.6,0.6,12,212.1,35140000,-1680000,06-JUL-2020,
OPTSTK,IDEA,30-Jul-2020,13,CE,0.45,0.6,0.4,0.4,0.4,10,188.79,20440000,-1400000,06-JUL-2020,
OPTSTK,IDEA,30-Jul-2020,14,CE,0.35,0.35,0.35,0.35,0.25,4,80.36,16800000,-560000,06-JUL-2020,
OPTSTK,IDEA,30-Jul-2020,15,CE,0.2,0.25,0.2,0.2,0.15,9,191.66,18760000,-1260000,06-JUL-2020,
OPTSTK,IDEA,30-Jul-2020,16,CE,0.2,0.2,0.2,0.2,0.1,2,45.36,17640000,-280000,06-JUL-2020,
OPTSTK,IDEA,30-Jul-2020,17,CE,0.15,0.15,0.15,0.15,0.05,3,72.03,18620000,-420000,06-JUL-2020,
OPTSTK,IDEA,30-Jul-2020,1,PE,0,0,0,0.05,0.05,0,0,140000,0,06-JUL-2020,
OPTSTK,IDEA,30-Jul-2020,2,PE,0,0,0,0.25,0.05,0,0,0,0,06-JUL-2020,
OPTSTK,IDEA,30-Jul-2020,3,PE,0,0,0,0.05,0.05,0,0,1960000,0,06-JUL-2020,
OPTSTK,IDEA,30-Jul-2020,4,PE,0,0,0,0.05,0.05,0,0,8680000,0,06-JUL-2020,
OPTSTK,IDEA,30-Jul-2020,5,PE,0,0,0,0.05,0.05,0,0,9800000,0,06-JUL-2020,
OPTSTK,IDEA,30-Jul-2020,6,PE,0,0,0,0.1,0.05,0,0,17640000,0,06-JUL-2020,
OPTSTK,IDEA,30-Jul-2020,7,PE,0,0,0,0.3,0.2,0,0,21420000,0,06-JUL-2020,
OPTSTK,IDEA,30-Jul-2020,8,PE,0.5,0.5,0.5,0.5,0.45,2,23.8,26180000,-280000,06-JUL-2020,
OPTSTK,IDEA,30-Jul-2020,9,PE,0.95,1.05,0.95,1,1,4,56,24640000,-560000,06-JUL-2020,
OPTSTK,IDEA,30-Jul-2020,10,PE,1.4,1.4,1.4,1.4,1.4,2,31.92,23940000,-280000,06-JUL-2020,
OPTSTK,IDEA,30-Jul-2020,11,PE,0,0,0,1.4,1.95,0,0,9240000,0,06-JUL-2020,
OPTSTK,IDEA,30-Jul-2020,12,PE,0,0,0,2.6,2.7,0,0,1820000,0,06-JUL-2020,
OPTSTK,IDEA,30-Jul-2020,13,PE,0,0,0,3.25,3.5,0,0,1680000,0,06-JUL-2020,
OPTSTK,IDEA,30-Jul-2020,14,PE,0,0,0,9.85,4.4,0,0,0,0,06-JUL-2020,
OPTSTK,IDEA,30-Jul-2020,15,PE,0,0,0,10.35,5.3,0,0,0,0,06-JUL-2020,
OPTSTK,IDEA,30-Jul-2020,16,PE,0,0,0,10.35,6.25,0,0,0,0,06-JUL-2020,
OPTSTK,IDEA,30-Jul-2020,17,PE,0,0,0,10.4,7.2,0,0,0,0,06-JUL-2020,
OPTSTK,IDEA,27-Aug-2020,1,CE,0,0,0,4.85,8.8,0,0,0,0,06-JUL-2020,
OPTSTK,IDEA,27-Aug-2020,2,CE,0,0,0,3.9,7.8,0,0,0,0,06-JUL-2020,
OPTSTK,IDEA,27-Aug-2020,3,CE,0,0,0,3.05,6.8,0,0,0,0,06-JUL-2020,
OPTSTK,IDEA,27-Aug-2020,4,CE,0,0,0,2.35,5.85,0,0,0,0,06-JUL-2020,
OPTSTK,IDEA,27-Aug-2020,5,CE,0,0,0,1.85,4.95,0,0,0,0,06-JUL-2020,
OPTSTK,IDEA,27-Aug-2020,6,CE,0,0,0,3,4.1,0,0,0,0,06-JUL-2020,
OPTSTK,IDEA,27-Aug-2020,7,CE,0,0,0,1.1,3.35,0,0,0,0,06-JUL-2020,
OPTSTK,IDEA,27-Aug-2020,8,CE,0,0,0,0.9,2.7,0,0,0,0,06-JUL-2020,
OPTSTK,IDEA,27-Aug-2020,9,CE,0,0,0,0.7,2.15,0,0,0,0,06-JUL-2020,
OPTSTK,IDEA,27-Aug-2020,10,CE,0,0,0,0.55,1.75,0,0,0,0,06-JUL-2020,
OPTSTK,IDEA,27-Aug-2020,11,CE,0,0,0,0.45,1.4,0,0,0,0,06-JUL-2020,
OPTSTK,IDEA,27-Aug-2020,12,CE,0,0,0,0.35,1.1,0,0,0,0,06-JUL-2020,
OPTSTK,IDEA,27-Aug-2020,13,CE,0,0,0,0.3,0.85,0,0,0,0,06-JUL-2020,
OPTSTK,IDEA,27-Aug-2020,14,CE,0,0,0,0.25,0.7,0,0,0,0,06-JUL-2020,
OPTSTK,IDEA,27-Aug-2020,15,CE,0,0,0,1.4,0.55,0,0,420000,0,06-JUL-2020,
OPTSTK,IDEA,27-Aug-2020,16,CE,0,0,0,0.15,0.45,0,0,0,0,06-JUL-2020,
OPTSTK,IDEA,27-Aug-2020,17,CE,0,0,0,0.75,0.35,0,0,140000,0,06-JUL-2020,
OPTSTK,IDEA,27-Aug-2020,1,PE,0,0,0,0.05,0.05,0,0,0,0,06-JUL-2020,
OPTSTK,IDEA,27-Aug-2020,2,PE,0,0,0,0.05,0.05,0,0,0,0,06-JUL-2020,
OPTSTK,IDEA,27-Aug-2020,3,PE,0,0,0,0.2,0.05,0,0,0,0,06-JUL-2020,
OPTSTK,IDEA,27-Aug-2020,4,PE,0,0,0,0.55,0.05,0,0,0,0,06-JUL-2020,
OPTSTK,IDEA,27-Aug-2020,5,PE,0,0,0,1,0.1,0,0,0,0,06-JUL-2020,
OPTSTK,IDEA,27-Aug-2020,6,PE,0,0,0,0.4,0.25,0,0,280000,0,06-JUL-2020,
OPTSTK,IDEA,27-Aug-2020,7,PE,0,0,0,2.25,0.5,0,0,0,0,06-JUL-2020,
OPTSTK,IDEA,27-Aug-2020,8,PE,0,0,0,3,0.85,0,0,0,0,06-JUL-2020,
OPTSTK,IDEA,27-Aug-2020,9,PE,0,0,0,3.8,1.3,0,0,0,0,06-JUL-2020,
OPTSTK,IDEA,27-Aug-2020,10,PE,0,0,0,4.65,1.9,0,0,0,0,06-JUL-2020,
OPTSTK,IDEA,27-Aug-2020,11,PE,0,0,0,5.5,2.5,0,0,0,0,06-JUL-2020,
OPTSTK,IDEA,27-Aug-2020,12,PE,0,0,0,6.4,3.2,0,0,0,0,06-JUL-2020,
OPTSTK,IDEA,27-Aug-2020,13,PE,0,0,0,7.35,4,0,0,0,0,06-JUL-2020,
OPTSTK,IDEA,27-Aug-2020,14,PE,0,0,0,8.3,4.8,0,0,0,0,06-JUL-2020,
OPTSTK,IDEA,27-Aug-2020,15,PE,0,0,0,9.2,5.65,0,0,0,0,06-JUL-2020,
OPTSTK,IDEA,27-Aug-2020,16,PE,0,0,0,10.2,6.55,0,0,0,0,06-JUL-2020,
OPTSTK,IDEA,27-Aug-2020,17,PE,0,0,0,10.45,7.45,0,0,0,0,06-JUL-2020,
OPTSTK,IDEA,24-Sep-2020,1,CE,0,0,0,8.9,8.8,0,0,0,0,06-JUL-2020,
OPTSTK,IDEA,24-Sep-2020,2,CE,0,0,0,7.9,7.8,0,0,0,0,06-JUL-2020,
OPTSTK,IDEA,24-Sep-2020,3,CE,0,0,0,7,6.85,0,0,0,0,06-JUL-2020,
OPTSTK,IDEA,24-Sep-2020,4,CE,0,0,0,6.15,5.9,0,0,0,0,06-JUL-2020,
OPTSTK,IDEA,24-Sep-2020,5,CE,0,0,0,5.4,5.05,0,0,0,0,06-JUL-2020,
OPTSTK,IDEA,24-Sep-2020,6,CE,0,0,0,4.75,4.3,0,0,0,0,06-JUL-2020,
OPTSTK,IDEA,24-Sep-2020,7,CE,0,0,0,4.2,3.65,0,0,0,0,06-JUL-2020,
OPTSTK,IDEA,24-Sep-2020,8,CE,0,0,0,3.7,3.05,0,0,0,0,06-JUL-2020,
OPTSTK,IDEA,24-Sep-2020,9,CE,0,0,0,3.25,2.6,0,0,0,0,06-JUL-2020,
OPTSTK,IDEA,24-Sep-2020,10,CE,0,0,0,2.85,2.15,0,0,0,0,06-JUL-2020,
OPTSTK,IDEA,24-Sep-2020,11,CE,0,0,0,2.55,1.85,0,0,0,0,06-JUL-2020,
OPTSTK,IDEA,24-Sep-2020,12,CE,0,0,0,2.25,1.55,0,0,0,0,06-JUL-2020,
OPTSTK,IDEA,24-Sep-2020,13,CE,0,0,0,2,1.3,0,0,0,0,06-JUL-2020,
OPTSTK,IDEA,24-Sep-2020,14,CE,0,0,0,1.8,1.1,0,0,0,0,06-JUL-2020,
OPTSTK,IDEA,24-Sep-2020,15,CE,0,0,0,1.6,0.95,0,0,0,0,06-JUL-2020,
OPTSTK,IDEA,24-Sep-2020,16,CE,0,0,0,1.45,0.8,0,0,0,0,06-JUL-2020,
OPTSTK,IDEA,24-Sep-2020,17,CE,0,0,0,1.3,0.65,0,0,0,0,06-JUL-2020,
OPTSTK,IDEA,24-Sep-2020,1,PE,0,0,0,0.05,0.05,0,0,0,0,06-JUL-2020,
OPTSTK,IDEA,24-Sep-2020,2,PE,0,0,0,0.05,0.05,0,0,0,0,06-JUL-2020,
OPTSTK,IDEA,24-Sep-2020,3,PE,0,0,0,0.1,0.05,0,0,0,0,06-JUL-2020,
OPTSTK,IDEA,24-Sep-2020,4,PE,0,0,0,0.25,0.1,0,0,0,0,06-JUL-2020,
OPTSTK,IDEA,24-Sep-2020,5,PE,0,0,0,0.5,0.2,0,0,0,0,06-JUL-2020,
OPTSTK,IDEA,24-Sep-2020,6,PE,0,0,0,0.85,0.45,0,0,0,0,06-JUL-2020,
OPTSTK,IDEA,24-Sep-2020,7,PE,0,0,0,1.25,0.8,0,0,0,0,06-JUL-2020,
OPTSTK,IDEA,24-Sep-2020,8,PE,0,0,0,1.75,1.2,0,0,0,0,06-JUL-2020,
OPTSTK,IDEA,24-Sep-2020,9,PE,0,0,0,2.3,1.7,0,0,0,0,06-JUL-2020,
OPTSTK,IDEA,24-Sep-2020,10,PE,0,0,0,2.9,2.3,0,0,0,0,06-JUL-2020,
OPTSTK,IDEA,24-Sep-2020,11,PE,0,0,0,3.55,2.95,0,0,0,0,06-JUL-2020,
OPTSTK,IDEA,24-Sep-2020,12,PE,0,0,0,4.3,3.65,0,0,0,0,06-JUL-2020,
OPTSTK,IDEA,24-Sep-2020,13,PE,0,0,0,5,4.4,0,0,0,0,06-JUL-2020,
OPTSTK,IDEA,24-Sep-2020,14,PE,0,0,0,5.8,5.15,0,0,0,0,06-JUL-2020,
OPTSTK,IDEA,24-Sep-2020,15,PE,0,0,0,6.6,6,0,0,0,0,06-JUL-2020,
OPTSTK,IDEA,24-Sep-2020,16,PE,0,0,0,7.4,6.85,0,0,0,0,06-JUL-2020,
OPTSTK,IDEA,24-Sep-2020,17,PE,0,0,0,8.25,7.7,0,0,0,0,06-JUL-2020,
OPTSTK,IDFCFIRSTB,30-Jul-2020,10,CE,0,0,0,16.1,17.25,0,0,19000,0,06-JUL-2020,
OPTSTK,IDFCFIRSTB,30-Jul-2020,11,CE,0,0,0,11.3,16.25,0,0,0,0,06-JUL-2020,
OPTSTK,IDFCFIRSTB,30-Jul-2020,12,CE,0,0,0,10.4,15.25,0,0,0,0,06-JUL-2020,
OPTSTK,IDFCFIRSTB,30-Jul-2020,13,CE,0,0,0,9.6,14.25,0,0,0,0,06-JUL-2020,
OPTSTK,IDFCFIRSTB,30-Jul-2020,14,CE,0,0,0,8.8,13.25,0,0,0,0,06-JUL-2020,
OPTSTK,IDFCFIRSTB,30-Jul-2020,15,CE,0,0,0,8.6,12.25,0,0,0,0,06-JUL-2020,
OPTSTK,IDFCFIRSTB,30-Jul-2020,16,CE,0,0,0,7.4,11.25,0,0,0,0,06-JUL-2020,
OPTSTK,IDFCFIRSTB,30-Jul-2020,17,CE,0,0,0,6.75,10.25,0,0,0,0,06-JUL-2020,
OPTSTK,IDFCFIRSTB,30-Jul-2020,18,CE,0,0,0,6.15,9.25,0,0,0,0,06-JUL-2020,
OPTSTK,IDFCFIRSTB,30-Jul-2020,19,CE,0,0,0,5.6,8.25,0,0,0,0,06-JUL-2020,
OPTSTK,IDFCFIRSTB,30-Jul-2020,20,CE,7.4,7.6,7.4,7.6,7.6,5,26.08,3154000,-19000,06-JUL-2020,
OPTSTK,IDFCFIRSTB,30-Jul-2020,21,CE,0,0,0,5.4,6.3,0,0,76000,0,06-JUL-2020,
OPTSTK,IDFCFIRSTB,30-Jul-2020,22,CE,0,0,0,5.3,5.35,0,0,38000,0,06-JUL-2020,
OPTSTK,IDFCFIRSTB,30-Jul-2020,23,CE,4.5,4.5,4.5,4.5,4.45,2,10.45,76000,-38000,06-JUL-2020,
OPTSTK,IDFCFIRSTB,30-Jul-2020,24,CE,4,4,4,4,3.6,1,5.32,152000,0,06-JUL-2020,
OPTSTK,IDFCFIRSTB,30-Jul-2020,25,CE,3.2,3.3,3,3.05,3.05,8,42.78,722000,57000,06-JUL-2020,
OPTSTK,IDFCFIRSTB,30-Jul-2020,26,CE,2.35,2.65,2.3,2.4,2.4,29,157.18,1463000,38000,06-JUL-2020,
OPTSTK,IDFCFIRSTB,30-Jul-2020,27,CE,1.8,2.1,1.8,1.85,1.85,80,439.45,1976000,-171000,06-JUL-2020,
OPTSTK,IDFCFIRSTB,30-Jul-2020,28,CE,1.4,1.65,1.4,1.45,1.45,119,666.68,2907000,228000,06-JUL-2020,
OPTSTK,IDFCFIRSTB,30-Jul-2020,29,CE,1.1,1.25,1.05,1.1,1.1,98,561.19,2375000,19000,06-JUL-2020,
OPTSTK,IDFCFIRSTB,30-Jul-2020,30,CE,0.8,0.95,0.75,0.85,0.85,186,1090.3,6802000,209000,06-JUL-2020,
OPTSTK,IDFCFIRSTB,30-Jul-2020,31,CE,0.6,0.7,0.6,0.6,0.6,61,366.51,1197000,95000,06-JUL-2020,
OPTSTK,IDFCFIRSTB,30-Jul-2020,32,CE,0.45,0.5,0.4,0.45,0.45,45,277.62,2565000,57000,06-JUL-2020,
OPTSTK,IDFCFIRSTB,30-Jul-2020,33,CE,0.35,0.4,0.35,0.35,0.35,9,57.07,798000,57000,06-JUL-2020,
OPTSTK,IDFCFIRSTB,30-Jul-2020,34,CE,0.25,0.3,0.25,0.25,0.1,15,97.65,4389000,19000,06-JUL-2020,
OPTSTK,IDFCFIRSTB,30-Jul-2020,10,PE,0,0,0,0.15,0.05,0,0,0,0,06-JUL-2020,
OPTSTK,IDFCFIRSTB,30-Jul-2020,11,PE,0,0,0,0.25,0.05,0,0,0,0,06-JUL-2020,
OPTSTK,IDFCFIRSTB,30-Jul-2020,12,PE,0,0,0,0.35,0.05,0,0,0,0,06-JUL-2020,
OPTSTK,IDFCFIRSTB,30-Jul-2020,13,PE,0.05,2.15,0.05,2.15,0.05,2,5.35,19000,19000,06-JUL-2020,
OPTSTK,IDFCFIRSTB,30-Jul-2020,14,PE,0,0,0,0.75,0.05,0,0,0,0,06-JUL-2020,
OPTSTK,IDFCFIRSTB,30-Jul-2020,15,PE,0,0,0,0.1,0.05,0,0,76000,0,06-JUL-2020,
OPTSTK,IDFCFIRSTB,30-Jul-2020,16,PE,0,0,0,1.3,0.05,0,0,0,0,06-JUL-2020,
OPTSTK,IDFCFIRSTB,30-Jul-2020,17,PE,0,0,0,0.05,0.05,0,0,76000,0,06-JUL-2020,
OPTSTK,IDFCFIRSTB,30-Jul-2020,18,PE,0.05,0.05,0.05,0.05,0.05,1,3.42,133000,0,06-JUL-2020,
OPTSTK,IDFCFIRSTB,30-Jul-2020,19,PE,0,0,0,0.1,0.05,0,0,361000,0,06-JUL-2020,
OPTSTK,IDFCFIRSTB,30-Jul-2020,20,PE,0.1,0.15,0.1,0.15,0.05,4,15.29,1653000,-19000,06-JUL-2020,
OPTSTK,IDFCFIRSTB,30-Jul-2020,21,PE,0.2,0.2,0.15,0.2,0.05,18,72.46,646000,-228000,06-JUL-2020,
OPTSTK,IDFCFIRSTB,30-Jul-2020,22,PE,0.3,0.3,0.2,0.25,0.25,9,38.04,1197000,-38000,06-JUL-2020,
OPTSTK,IDFCFIRSTB,30-Jul-2020,23,PE,0.4,0.4,0.35,0.35,0.15,13,57.73,1121000,0,06-JUL-2020,
OPTSTK,IDFCFIRSTB,30-Jul-2020,24,PE,0.75,0.75,0.45,0.5,0.5,36,167.85,1425000,95000,06-JUL-2020,
OPTSTK,IDFCFIRSTB,30-Jul-2020,25,PE,0.85,0.85,0.7,0.8,0.8,44,215.68,2071000,114000,06-JUL-2020,
OPTSTK,IDFCFIRSTB,30-Jul-2020,26,PE,1.3,1.3,1,1.2,1.2,12,61.79,1368000,19000,06-JUL-2020,
OPTSTK,IDFCFIRSTB,30-Jul-2020,27,PE,1.6,1.65,1.45,1.5,1.35,20,108.43,1178000,-38000,06-JUL-2020,
OPTSTK,IDFCFIRSTB,30-Jul-2020,28,PE,2.15,2.2,2,2.2,2.2,9,51.54,475000,19000,06-JUL-2020,
OPTSTK,IDFCFIRSTB,30-Jul-2020,29,PE,2.95,2.95,2.65,2.65,2.55,9,54.44,380000,0,06-JUL-2020,
OPTSTK,IDFCFIRSTB,30-Jul-2020,30,PE,0,0,0,4.1,3.3,0,0,608000,0,06-JUL-2020,
OPTSTK,IDFCFIRSTB,30-Jul-2020,31,PE,0,0,0,5.9,4.1,0,0,114000,0,06-JUL-2020,
OPTSTK,IDFCFIRSTB,30-Jul-2020,32,PE,0,0,0,6.75,4.95,0,0,38000,0,06-JUL-2020,
OPTSTK,IDFCFIRSTB,30-Jul-2020,33,PE,0,0,0,7.65,5.85,0,0,57000,0,06-JUL-2020,
OPTSTK,IDFCFIRSTB,30-Jul-2020,34,PE,0,0,0,8.6,6.8,0,0,532000,0,06-JUL-2020,
OPTSTK,IDFCFIRSTB,27-Aug-2020,10,CE,0,0,0,10.45,17.25,0,0,0,0,06-JUL-2020,
OPTSTK,IDFCFIRSTB,27-Aug-2020,11,CE,0,0,0,9.55,16.25,0,0,0,0,06-JUL-2020,
OPTSTK,IDFCFIRSTB,27-Aug-2020,12,CE,0,0,0,8.65,15.25,0,0,0,0,06-JUL-2020,
OPTSTK,IDFCFIRSTB,27-Aug-2020,13,CE,0,0,0,7.8,14.3,0,0,0,0,06-JUL-2020,
OPTSTK,IDFCFIRSTB,27-Aug-2020,14,CE,0,0,0,7,13.3,0,0,0,0,06-JUL-2020,
OPTSTK,IDFCFIRSTB,27-Aug-2020,15,CE,0,0,0,11.95,12.3,0,0,57000,0,06-JUL-2020,
OPTSTK,IDFCFIRSTB,27-Aug-2020,16,CE,0,0,0,5.55,11.3,0,0,0,0,06-JUL-2020,
OPTSTK,IDFCFIRSTB,27-Aug-2020,17,CE,0,0,0,4.9,10.3,0,0,0,0,06-JUL-2020,
OPTSTK,IDFCFIRSTB,27-Aug-2020,18,CE,0,0,0,4.3,9.35,0,0,0,0,06-JUL-2020,
OPTSTK,IDFCFIRSTB,27-Aug-2020,19,CE,0,0,0,3.8,8.4,0,0,0,0,06-JUL-2020,
OPTSTK,IDFCFIRSTB,27-Aug-2020,20,CE,0,0,0,6.8,7.45,0,0,38000,0,06-JUL-2020,
OPTSTK,IDFCFIRSTB,27-Aug-2020,21,CE,0,0,0,2.9,6.55,0,0,0,0,06-JUL-2020,
OPTSTK,IDFCFIRSTB,27-Aug-2020,22,CE,0,0,0,2.55,5.7,0,0,0,0,06-JUL-2020,
OPTSTK,IDFCFIRSTB,27-Aug-2020,23,CE,0,0,0,2.2,4.85,0,0,0,0,06-JUL-2020,
OPTSTK,IDFCFIRSTB,27-Aug-2020,24,CE,0,0,0,1.9,4.15,0,0,0,0,06-JUL-2020,
OPTSTK,IDFCFIRSTB,27-Aug-2020,25,CE,0,0,0,1.65,3.45,0,0,0,0,06-JUL-2020,
OPTSTK,IDFCFIRSTB,27-Aug-2020,26,CE,0,0,0,2.4,2.85,0,0,19000,0,06-JUL-2020,
OPTSTK,IDFCFIRSTB,27-Aug-2020,27,CE,0,0,0,2.35,2.35,0,0,57000,0,06-JUL-2020,
OPTSTK,IDFCFIRSTB,27-Aug-2020,28,CE,0,0,0,2,1.9,0,0,57000,0,06-JUL-2020,
OPTSTK,IDFCFIRSTB,27-Aug-2020,29,CE,0,0,0,2.6,1.5,0,0,19000,0,06-JUL-2020,
OPTSTK,IDFCFIRSTB,27-Aug-2020,30,CE,1.6,1.6,1.6,1.6,1.2,2,12,190000,0,06-JUL-2020,
OPTSTK,IDFCFIRSTB,27-Aug-2020,31,CE,1.55,1.55,1.55,1.55,0.95,2,12.36,38000,19000,06-JUL-2020,
OPTSTK,IDFCFIRSTB,27-Aug-2020,32,CE,0,0,0,0.85,0.75,0,0,0,0,06-JUL-2020,
OPTSTK,IDFCFIRSTB,27-Aug-2020,33,CE,0,0,0,1.4,0.55,0,0,0,0,06-JUL-2020,
OPTSTK,IDFCFIRSTB,27-Aug-2020,10,PE,0,0,0,0.1,0.05,0,0,0,0,06-JUL-2020,
OPTSTK,IDFCFIRSTB,27-Aug-2020,11,PE,0,0,0,0.15,0.05,0,0,0,0,06-JUL-2020,
OPTSTK,IDFCFIRSTB,27-Aug-2020,12,PE,0,0,0,0.25,0.05,0,0,0,0,06-JUL-2020,
OPTSTK,IDFCFIRSTB,27-Aug-2020,13,PE,0,0,0,0.35,0.05,0,0,0,0,06-JUL-2020,
OPTSTK,IDFCFIRSTB,27-Aug-2020,14,PE,0,0,0,0.55,0.05,0,0,0,0,06-JUL-2020,
OPTSTK,IDFCFIRSTB,27-Aug-2020,15,PE,0,0,0,0.8,0.05,0,0,0,0,06-JUL-2020,
OPTSTK,IDFCFIRSTB,27-Aug-2020,16,PE,0,0,0,1.1,0.05,0,0,0,0,06-JUL-2020,
OPTSTK,IDFCFIRSTB,27-Aug-2020,17,PE,0,0,0,1.45,0.05,0,0,0,0,06-JUL-2020,
OPTSTK,IDFCFIRSTB,27-Aug-2020,18,PE,0,0,0,0.15,0.05,0,0,38000,0,06-JUL-2020,
OPTSTK,IDFCFIRSTB,27-Aug-2020,19,PE,0,0,0,2.3,0.05,0,0,0,0,06-JUL-2020,
OPTSTK,IDFCFIRSTB,27-Aug-2020,20,PE,0.25,0.25,0.25,0.25,0.1,1,3.84,57000,19000,06-JUL-2020,
OPTSTK,IDFCFIRSTB,27-Aug-2020,21,PE,0,0,0,1.4,0.2,0,0,38000,0,06-JUL-2020,
OPTSTK,IDFCFIRSTB,27-Aug-2020,22,PE,0,0,0,2.25,0.35,0,0,19000,0,06-JUL-2020,
OPTSTK,IDFCFIRSTB,27-Aug-2020,23,PE,0,0,0,0.8,0.55,0,0,38000,0,06-JUL-2020,
OPTSTK,IDFCFIRSTB,27-Aug-2020,24,PE,0,0,0,1.75,0.8,0,0,38000,0,06-JUL-2020,
OPTSTK,IDFCFIRSTB,27-Aug-2020,25,PE,1.35,1.35,1.35,1.35,1.1,1,5,361000,-19000,06-JUL-2020,
OPTSTK,IDFCFIRSTB,27-Aug-2020,26,PE,0,0,0,2.5,1.5,0,0,38000,0,06-JUL-2020,
OPTSTK,IDFCFIRSTB,27-Aug-2020,27,PE,0,0,0,2.6,2,0,0,95000,0,06-JUL-2020,
OPTSTK,IDFCFIRSTB,27-Aug-2020,28,PE,0,0,0,8.5,2.55,0,0,0,0,06-JUL-2020,
OPTSTK,IDFCFIRSTB,27-Aug-2020,29,PE,0,0,0,9.35,3.15,0,0,0,0,06-JUL-2020,
OPTSTK,IDFCFIRSTB,27-Aug-2020,30,PE,0,0,0,10.2,3.85,0,0,0,0,06-JUL-2020,
OPTSTK,IDFCFIRSTB,27-Aug-2020,31,PE,0,0,0,9.5,4.55,0,0,0,0,06-JUL-2020,
OPTSTK,IDFCFIRSTB,27-Aug-2020,32,PE,0,0,0,10.4,5.35,0,0,0,0,06-JUL-2020,
OPTSTK,IDFCFIRSTB,27-Aug-2020,33,PE,0,0,0,7.2,6.15,0,0,19000,0,06-JUL-2020,
OPTSTK,IDFCFIRSTB,24-Sep-2020,17,CE,0,0,0,10.45,10.4,0,0,0,0,06-JUL-2020,
OPTSTK,IDFCFIRSTB,24-Sep-2020,18,CE,0,0,0,9.55,9.45,0,0,0,0,06-JUL-2020,
OPTSTK,IDFCFIRSTB,24-Sep-2020,19,CE,0,0,0,8.7,8.55,0,0,0,0,06-JUL-2020,
OPTSTK,IDFCFIRSTB,24-Sep-2020,20,CE,0,0,0,7.9,7.65,0,0,0,0,06-JUL-2020,
OPTSTK,IDFCFIRSTB,24-Sep-2020,21,CE,0,0,0,7.15,6.8,0,0,0,0,06-JUL-2020,
OPTSTK,IDFCFIRSTB,24-Sep-2020,22,CE,0,0,0,6.45,6,0,0,0,0,06-JUL-2020,
OPTSTK,IDFCFIRSTB,24-Sep-2020,23,CE,0,0,0,5.8,5.3,0,0,0,0,06-JUL-2020,
OPTSTK,IDFCFIRSTB,24-Sep-2020,24,CE,0,0,0,5.2,4.6,0,0,0,0,06-JUL-2020,
OPTSTK,IDFCFIRSTB,24-Sep-2020,25,CE,0,0,0,4.6,3.95,0,0,0,0,06-JUL-2020,
OPTSTK,IDFCFIRSTB,24-Sep-2020,26,CE,0,0,0,4.1,3.4,0,0,0,0,06-JUL-2020,
OPTSTK,IDFCFIRSTB,24-Sep-2020,27,CE,0,0,0,3.65,2.9,0,0,0,0,06-JUL-2020,
OPTSTK,IDFCFIRSTB,24-Sep-2020,28,CE,0,0,0,3.2,2.45,0,0,0,0,06-JUL-2020,
OPTSTK,IDFCFIRSTB,24-Sep-2020,29,CE,0,0,0,2.85,2.1,0,0,0,0,06-JUL-2020,
OPTSTK,IDFCFIRSTB,24-Sep-2020,30,CE,0,0,0,2.5,1.75,0,0,0,0,06-JUL-2020,
OPTSTK,IDFCFIRSTB,24-Sep-2020,31,CE,0,0,0,2.2,1.45,0,0,0,0,06-JUL-2020,
OPTSTK,IDFCFIRSTB,24-Sep-2020,32,CE,0,0,0,1.9,1.2,0,0,0,0,06-JUL-2020,
OPTSTK,IDFCFIRSTB,24-Sep-2020,33,CE,0,0,0,1.7,1,0,0,0,0,06-JUL-2020,
OPTSTK,IDFCFIRSTB,24-Sep-2020,17,PE,0,0,0,0.25,0.05,0,0,0,0,06-JUL-2020,
OPTSTK,IDFCFIRSTB,24-Sep-2020,18,PE,0,0,0,0.35,0.1,0,0,0,0,06-JUL-2020,
OPTSTK,IDFCFIRSTB,24-Sep-2020,19,PE,0,0,0,0.5,0.15,0,0,0,0,06-JUL-2020,
OPTSTK,IDFCFIRSTB,24-Sep-2020,20,PE,0,0,0,0.7,0.3,0,0,0,0,06-JUL-2020,
OPTSTK,IDFCFIRSTB,24-Sep-2020,21,PE,0,0,0,0.9,0.45,0,0,0,0,06-JUL-2020,
OPTSTK,IDFCFIRSTB,24-Sep-2020,22,PE,0,0,0,1.2,0.6,0,0,0,0,06-JUL-2020,
OPTSTK,IDFCFIRSTB,24-Sep-2020,23,PE,0,0,0,1.5,0.85,0,0,0,0,06-JUL-2020,
OPTSTK,IDFCFIRSTB,24-Sep-2020,24,PE,0,0,0,1.9,1.15,0,0,0,0,06-JUL-2020,
OPTSTK,IDFCFIRSTB,24-Sep-2020,25,PE,0,0,0,2.35,1.55,0,0,0,0,06-JUL-2020,
OPTSTK,IDFCFIRSTB,24-Sep-2020,26,PE,0,0,0,2.8,1.95,0,0,0,0,06-JUL-2020,
OPTSTK,IDFCFIRSTB,24-Sep-2020,27,PE,0,0,0,3.3,2.45,0,0,0,0,06-JUL-2020,
OPTSTK,IDFCFIRSTB,24-Sep-2020,28,PE,0,0,0,3.9,3,0,0,0,0,06-JUL-2020,
OPTSTK,IDFCFIRSTB,24-Sep-2020,29,PE,0,0,0,4.5,3.6,0,0,0,0,06-JUL-2020,
OPTSTK,IDFCFIRSTB,24-Sep-2020,30,PE,4.45,4.6,4.45,4.6,4.25,2,13.11,38000,38000,06-JUL-2020,
OPTSTK,IDFCFIRSTB,24-Sep-2020,31,PE,0,0,0,5.85,4.95,0,0,0,0,06-JUL-2020,
OPTSTK,IDFCFIRSTB,24-Sep-2020,32,PE,0,0,0,6.55,5.7,0,0,0,0,06-JUL-2020,
OPTSTK,IDFCFIRSTB,24-Sep-2020,33,PE,0,0,0,7.3,6.5,0,0,0,0,06-JUL-2020,
OPTSTK,IGL,30-Jul-2020,300,CE,0,0,0,185.3,142.2,0,0,0,0,06-JUL-2020,
OPTSTK,IGL,30-Jul-2020,310,CE,0,0,0,176.65,132.2,0,0,0,0,06-JUL-2020,
OPTSTK,IGL,30-Jul-2020,320,CE,0,0,0,168.2,122.25,0,0,0,0,06-JUL-2020,
OPTSTK,IGL,30-Jul-2020,330,CE,0,0,0,159.95,112.3,0,0,0,0,06-JUL-2020,
OPTSTK,IGL,30-Jul-2020,340,CE,0,0,0,151.9,102.35,0,0,0,0,06-JUL-2020,
OPTSTK,IGL,30-Jul-2020,350,CE,0,0,0,144.1,92.45,0,0,0,0,06-JUL-2020,
OPTSTK,IGL,30-Jul-2020,360,CE,0,0,0,136.55,82.65,0,0,0,0,06-JUL-2020,
OPTSTK,IGL,30-Jul-2020,370,CE,0,0,0,129.25,72.95,0,0,0,0,06-JUL-2020,
OPTSTK,IGL,30-Jul-2020,380,CE,0,0,0,122.2,63.5,0,0,0,0,06-JUL-2020,
OPTSTK,IGL,30-Jul-2020,390,CE,0,0,0,115.4,54.45,0,0,0,0,06-JUL-2020,
OPTSTK,IGL,30-Jul-2020,400,CE,52.45,52.45,47.05,47.15,47.15,6,36.96,16500,6875,06-JUL-2020,
OPTSTK,IGL,30-Jul-2020,410,CE,0,0,0,102.6,37.85,0,0,0,0,06-JUL-2020,
OPTSTK,IGL,30-Jul-2020,420,CE,36.5,36.5,32.5,32.5,32.5,6,37.46,11000,0,06-JUL-2020,
OPTSTK,IGL,30-Jul-2020,430,CE,31.2,31.2,25.9,26.2,26.2,7,44.07,23375,1375,06-JUL-2020,
OPTSTK,IGL,30-Jul-2020,440,CE,25.2,26.2,20.5,21.05,21.05,91,578.51,107250,45375,06-JUL-2020,
OPTSTK,IGL,30-Jul-2020,450,CE,21.35,21.8,16.2,16.75,16.75,256,1648.78,372625,111375,06-JUL-2020,
OPTSTK,IGL,30-Jul-2020,460,CE,17,17.35,12.6,12.95,12.95,222,1446.9,327250,44000,06-JUL-2020,
OPTSTK,IGL,30-Jul-2020,470,CE,13.4,13.4,9.55,9.85,9.85,132,872.74,202125,-6875,06-JUL-2020,
OPTSTK,IGL,30-Jul-2020,480,CE,10.35,10.35,7.25,7.55,7.55,273,1833.46,389125,0,06-JUL-2020,
OPTSTK,IGL,30-Jul-2020,490,CE,7.55,7.55,5.55,5.75,5.75,66,450.12,100375,39875,06-JUL-2020,
OPTSTK,IGL,30-Jul-2020,500,CE,6,6,4.2,4.45,4.45,196,1360.63,400125,26125,06-JUL-2020,
OPTSTK,IGL,30-Jul-2020,510,CE,4.35,4.4,3.35,3.4,3.4,8,56.51,20625,-2750,06-JUL-2020,
OPTSTK,IGL,30-Jul-2020,520,CE,2.9,3.5,2.5,2.55,2.55,27,194.13,42625,-8250,06-JUL-2020,
OPTSTK,IGL,30-Jul-2020,530,CE,2,2,2,2,0.65,1,7.31,11000,0,06-JUL-2020,
OPTSTK,IGL,30-Jul-2020,540,CE,1.3,1.8,1.3,1.8,0.4,6,44.68,31625,4125,06-JUL-2020,
OPTSTK,IGL,30-Jul-2020,550,CE,1.3,1.9,1.3,1.3,1.3,21,159.19,44000,26125,06-JUL-2020,
OPTSTK,IGL,30-Jul-2020,560,CE,0,0,0,1,0.15,0,0,5500,0,06-JUL-2020,
OPTSTK,IGL,30-Jul-2020,570,CE,0,0,0,1.9,0.1,0,0,5500,0,06-JUL-2020,
OPTSTK,IGL,30-Jul-2020,580,CE,0,0,0,33.4,0.05,0,0,0,0,06-JUL-2020,
OPTSTK,IGL,30-Jul-2020,590,CE,0,0,0,0.5,0.05,0,0,15125,0,06-JUL-2020,
OPTSTK,IGL,30-Jul-2020,600,CE,0,0,0,0.25,0.05,0,0,4125,0,06-JUL-2020,
OPTSTK,IGL,30-Jul-2020,300,PE,0,0,0,4.85,0.05,0,0,0,0,06-JUL-2020,
OPTSTK,IGL,30-Jul-2020,310,PE,0,0,0,6.1,0.05,0,0,0,0,06-JUL-2020,
OPTSTK,IGL,30-Jul-2020,320,PE,0,0,0,7.5,0.05,0,0,0,0,06-JUL-2020,
OPTSTK,IGL,30-Jul-2020,330,PE,0,0,0,9.1,0.05,0,0,0,0,06-JUL-2020,
OPTSTK,IGL,30-Jul-2020,340,PE,0,0,0,10.95,0.05,0,0,0,0,06-JUL-2020,
OPTSTK,IGL,30-Jul-2020,350,PE,0,0,0,13,0.1,0,0,0,0,06-JUL-2020,
OPTSTK,IGL,30-Jul-2020,360,PE,2.7,2.7,2.7,2.7,0.25,1,4.98,6875,1375,06-JUL-2020,
OPTSTK,IGL,30-Jul-2020,370,PE,0,0,0,1.6,0.55,0,0,13750,0,06-JUL-2020,
OPTSTK,IGL,30-Jul-2020,380,PE,2.25,2.25,2,2,1.1,4,21.01,20625,-1375,06-JUL-2020,
OPTSTK,IGL,30-Jul-2020,390,PE,2.75,3.05,2.35,3.05,3.05,9,48.6,28875,6875,06-JUL-2020,
OPTSTK,IGL,30-Jul-2020,400,PE,4.5,4.9,4.15,4.6,4.6,64,355.96,206250,41250,06-JUL-2020,
OPTSTK,IGL,30-Jul-2020,410,PE,5.9,6.9,5.9,6.7,6.7,26,148.93,99000,27500,06-JUL-2020,
OPTSTK,IGL,30-Jul-2020,420,PE,8.5,9.9,8.45,9.7,9.7,81,478.05,123750,9625,06-JUL-2020,
OPTSTK,IGL,30-Jul-2020,430,PE,11.95,14,11.65,13.5,13.5,60,365.34,154000,17875,06-JUL-2020,
OPTSTK,IGL,30-Jul-2020,440,PE,17.1,18.75,15.65,18.2,18.2,96,603.45,226875,-6875,06-JUL-2020,
OPTSTK,IGL,30-Jul-2020,450,PE,20.95,24.35,20.45,23.85,23.85,75,487.11,104500,16500,06-JUL-2020,
OPTSTK,IGL,30-Jul-2020,460,PE,27.2,30.25,27.2,30.25,27.85,16,107.46,20625,-2750,06-JUL-2020,
OPTSTK,IGL,30-Jul-2020,470,PE,33.8,36.8,33.8,35.85,34.9,9,62.57,24750,5500,06-JUL-2020,
OPTSTK,IGL,30-Jul-2020,480,PE,0,0,0,43.6,42.65,0,0,17875,0,06-JUL-2020,
OPTSTK,IGL,30-Jul-2020,490,PE,0,0,0,58,50.95,0,0,1375,0,06-JUL-2020,
OPTSTK,IGL,30-Jul-2020,500,PE,56,62,56,62,59.75,2,15.37,11000,-2750,06-JUL-2020,
OPTSTK,IGL,30-Jul-2020,510,PE,0,0,0,81.1,68.85,0,0,0,0,06-JUL-2020,
OPTSTK,IGL,30-Jul-2020,520,PE,0,0,0,87.45,78.25,0,0,0,0,06-JUL-2020,
OPTSTK,IGL,30-Jul-2020,530,PE,0,0,0,93.95,87.85,0,0,0,0,06-JUL-2020,
OPTSTK,IGL,30-Jul-2020,540,PE,0,0,0,100.7,97.55,0,0,0,0,06-JUL-2020,
OPTSTK,IGL,30-Jul-2020,550,PE,0,0,0,107.6,107.35,0,0,0,0,06-JUL-2020,
OPTSTK,IGL,30-Jul-2020,560,PE,0,0,0,114.7,117.25,0,0,0,0,06-JUL-2020,
OPTSTK,IGL,30-Jul-2020,570,PE,0,0,0,121.95,127.15,0,0,0,0,06-JUL-2020,
OPTSTK,IGL,30-Jul-2020,580,PE,0,0,0,117.9,137.1,0,0,1375,0,06-JUL-2020,
OPTSTK,IGL,30-Jul-2020,590,PE,0,0,0,137,147.05,0,0,0,0,06-JUL-2020,
OPTSTK,IGL,30-Jul-2020,600,PE,0,0,0,151,157,0,0,1375,0,06-JUL-2020,
OPTSTK,IGL,27-Aug-2020,300,CE,0,0,0,176.25,143.2,0,0,0,0,06-JUL-2020,
OPTSTK,IGL,27-Aug-2020,310,CE,0,0,0,167,133.35,0,0,0,0,06-JUL-2020,
OPTSTK,IGL,27-Aug-2020,320,CE,0,0,0,157.95,123.5,0,0,0,0,06-JUL-2020,
OPTSTK,IGL,27-Aug-2020,330,CE,0,0,0,149.05,113.8,0,0,0,0,06-JUL-2020,
OPTSTK,IGL,27-Aug-2020,340,CE,0,0,0,140.4,104.15,0,0,0,0,06-JUL-2020,
OPTSTK,IGL,27-Aug-2020,350,CE,0,0,0,131.95,94.7,0,0,0,0,06-JUL-2020,
OPTSTK,IGL,27-Aug-2020,360,CE,0,0,0,123.75,85.5,0,0,0,0,06-JUL-2020,
OPTSTK,IGL,27-Aug-2020,370,CE,0,0,0,115.85,76.6,0,0,0,0,06-JUL-2020,
OPTSTK,IGL,27-Aug-2020,380,CE,0,0,0,108.2,68.05,0,0,0,0,06-JUL-2020,
OPTSTK,IGL,27-Aug-2020,390,CE,0,0,0,100.9,59.95,0,0,0,0,06-JUL-2020,
OPTSTK,IGL,27-Aug-2020,400,CE,0,0,0,93.85,52.3,0,0,0,0,06-JUL-2020,
OPTSTK,IGL,27-Aug-2020,410,CE,0,0,0,87.15,45.25,0,0,0,0,06-JUL-2020,
OPTSTK,IGL,27-Aug-2020,420,CE,0,0,0,36.5,38.8,0,0,1375,0,06-JUL-2020,
OPTSTK,IGL,27-Aug-2020,430,CE,0,0,0,74.7,32.95,0,0,0,0,06-JUL-2020,
OPTSTK,IGL,27-Aug-2020,440,CE,0,0,0,69,27.7,0,0,0,0,06-JUL-2020,
OPTSTK,IGL,27-Aug-2020,450,CE,0,0,0,63.6,23.05,0,0,0,0,06-JUL-2020,
OPTSTK,IGL,27-Aug-2020,460,CE,0,0,0,58.5,19.05,0,0,0,0,06-JUL-2020,
OPTSTK,IGL,27-Aug-2020,470,CE,0,0,0,53.75,15.55,0,0,0,0,06-JUL-2020,
OPTSTK,IGL,27-Aug-2020,480,CE,0,0,0,49.3,12.6,0,0,0,0,06-JUL-2020,
OPTSTK,IGL,27-Aug-2020,490,CE,0,0,0,45.15,10.15,0,0,0,0,06-JUL-2020,
OPTSTK,IGL,27-Aug-2020,500,CE,0,0,0,8.1,8.05,0,0,1375,0,06-JUL-2020,
OPTSTK,IGL,27-Aug-2020,510,CE,0,0,0,37.65,6.35,0,0,0,0,06-JUL-2020,
OPTSTK,IGL,27-Aug-2020,520,CE,0,0,0,34.35,5,0,0,0,0,06-JUL-2020,
OPTSTK,IGL,27-Aug-2020,530,CE,0,0,0,31.25,3.9,0,0,0,0,06-JUL-2020,
OPTSTK,IGL,27-Aug-2020,540,CE,0,0,0,28.45,3,0,0,0,0,06-JUL-2020,
OPTSTK,IGL,27-Aug-2020,550,CE,0,0,0,25.85,2.3,0,0,0,0,06-JUL-2020,
OPTSTK,IGL,27-Aug-2020,560,CE,0,0,0,23.45,1.75,0,0,0,0,06-JUL-2020,
OPTSTK,IGL,27-Aug-2020,570,CE,0,0,0,21.25,1.3,0,0,0,0,06-JUL-2020,
OPTSTK,IGL,27-Aug-2020,580,CE,0,0,0,19.25,1,0,0,0,0,06-JUL-2020,
OPTSTK,IGL,27-Aug-2020,590,CE,0,0,0,17.4,0.75,0,0,0,0,06-JUL-2020,
OPTSTK,IGL,27-Aug-2020,600,CE,0,0,0,15.75,0.55,0,0,0,0,06-JUL-2020,
OPTSTK,IGL,27-Aug-2020,300,PE,0,0,0,1.85,0.05,0,0,0,0,06-JUL-2020,
OPTSTK,IGL,27-Aug-2020,310,PE,0,0,0,2.5,0.1,0,0,0,0,06-JUL-2020,
OPTSTK,IGL,27-Aug-2020,320,PE,0,0,0,3.3,0.25,0,0,0,0,06-JUL-2020,
OPTSTK,IGL,27-Aug-2020,330,PE,0,0,0,4.3,0.45,0,0,0,0,06-JUL-2020,
OPTSTK,IGL,27-Aug-2020,340,PE,0,0,0,5.5,0.75,0,0,0,0,06-JUL-2020,
OPTSTK,IGL,27-Aug-2020,350,PE,0,0,0,6.95,1.25,0,0,0,0,06-JUL-2020,
OPTSTK,IGL,27-Aug-2020,360,PE,0,0,0,8.65,2,0,0,0,0,06-JUL-2020,
OPTSTK,IGL,27-Aug-2020,370,PE,0,0,0,10.6,3,0,0,0,0,06-JUL-2020,
OPTSTK,IGL,27-Aug-2020,380,PE,0,0,0,12.85,4.4,0,0,0,0,06-JUL-2020,
OPTSTK,IGL,27-Aug-2020,390,PE,0,0,0,15.4,6.25,0,0,0,0,06-JUL-2020,
OPTSTK,IGL,27-Aug-2020,400,PE,0,0,0,8.6,8.55,0,0,2750,0,06-JUL-2020,
OPTSTK,IGL,27-Aug-2020,410,PE,0,0,0,21.45,11.45,0,0,0,0,06-JUL-2020,
OPTSTK,IGL,27-Aug-2020,420,PE,0,0,0,18,14.9,0,0,1375,0,06-JUL-2020,
OPTSTK,IGL,27-Aug-2020,430,PE,0,0,0,28.75,19,0,0,0,0,06-JUL-2020,
OPTSTK,IGL,27-Aug-2020,440,PE,0,0,0,32.9,23.7,0,0,0,0,06-JUL-2020,
OPTSTK,IGL,27-Aug-2020,450,PE,0,0,0,37.35,29,0,0,0,0,06-JUL-2020,
OPTSTK,IGL,27-Aug-2020,460,PE,0,0,0,42.15,34.9,0,0,0,0,06-JUL-2020,
OPTSTK,IGL,27-Aug-2020,470,PE,0,0,0,47.3,41.4,0,0,0,0,06-JUL-2020,
OPTSTK,IGL,27-Aug-2020,480,PE,0,0,0,52.7,48.35,0,0,0,0,06-JUL-2020,
OPTSTK,IGL,27-Aug-2020,490,PE,0,0,0,58.45,55.85,0,0,0,0,06-JUL-2020,
OPTSTK,IGL,27-Aug-2020,500,PE,0,0,0,64.45,63.7,0,0,0,0,06-JUL-2020,
OPTSTK,IGL,27-Aug-2020,510,PE,0,0,0,70.75,71.95,0,0,0,0,06-JUL-2020,
OPTSTK,IGL,27-Aug-2020,520,PE,0,0,0,77.3,80.5,0,0,0,0,06-JUL-2020,
OPTSTK,IGL,27-Aug-2020,530,PE,0,0,0,84.1,89.35,0,0,0,0,06-JUL-2020,
OPTSTK,IGL,27-Aug-2020,540,PE,0,0,0,91.15,98.4,0,0,0,0,06-JUL-2020,
OPTSTK,IGL,27-Aug-2020,550,PE,0,0,0,98.4,107.6,0,0,0,0,06-JUL-2020,
OPTSTK,IGL,27-Aug-2020,560,PE,0,0,0,105.9,117,0,0,0,0,06-JUL-2020,
OPTSTK,IGL,27-Aug-2020,570,PE,0,0,0,113.6,126.55,0,0,0,0,06-JUL-2020,
OPTSTK,IGL,27-Aug-2020,580,PE,0,0,0,121.45,136.15,0,0,0,0,06-JUL-2020,
OPTSTK,IGL,27-Aug-2020,590,PE,0,0,0,129.5,145.85,0,0,0,0,06-JUL-2020,
OPTSTK,IGL,27-Aug-2020,600,PE,0,0,0,137.7,155.55,0,0,0,0,06-JUL-2020,
OPTSTK,IGL,24-Sep-2020,300,CE,0,0,0,150.75,144.45,0,0,0,0,06-JUL-2020,
OPTSTK,IGL,24-Sep-2020,310,CE,0,0,0,141.65,134.8,0,0,0,0,06-JUL-2020,
OPTSTK,IGL,24-Sep-2020,320,CE,0,0,0,132.75,125.25,0,0,0,0,06-JUL-2020,
OPTSTK,IGL,24-Sep-2020,330,CE,0,0,0,124.1,115.8,0,0,0,0,06-JUL-2020,
OPTSTK,IGL,24-Sep-2020,340,CE,0,0,0,115.7,106.6,0,0,0,0,06-JUL-2020,
OPTSTK,IGL,24-Sep-2020,350,CE,0,0,0,107.55,97.65,0,0,0,0,06-JUL-2020,
OPTSTK,IGL,24-Sep-2020,360,CE,0,0,0,99.75,88.95,0,0,0,0,06-JUL-2020,
OPTSTK,IGL,24-Sep-2020,370,CE,0,0,0,92.25,80.6,0,0,0,0,06-JUL-2020,
OPTSTK,IGL,24-Sep-2020,380,CE,0,0,0,85.1,72.65,0,0,0,0,06-JUL-2020,
OPTSTK,IGL,24-Sep-2020,390,CE,0,0,0,78.25,65.1,0,0,0,0,06-JUL-2020,
OPTSTK,IGL,24-Sep-2020,400,CE,0,0,0,71.8,58,0,0,0,0,06-JUL-2020,
OPTSTK,IGL,24-Sep-2020,410,CE,0,0,0,65.7,51.35,0,0,0,0,06-JUL-2020,
OPTSTK,IGL,24-Sep-2020,420,CE,0,0,0,60,45.25,0,0,0,0,06-JUL-2020,
OPTSTK,IGL,24-Sep-2020,430,CE,0,0,0,54.65,39.65,0,0,0,0,06-JUL-2020,
OPTSTK,IGL,24-Sep-2020,440,CE,0,0,0,49.7,34.5,0,0,0,0,06-JUL-2020,
OPTSTK,IGL,24-Sep-2020,450,CE,0,0,0,45.05,29.9,0,0,0,0,06-JUL-2020,
OPTSTK,IGL,24-Sep-2020,460,CE,0,0,0,40.75,25.75,0,0,0,0,06-JUL-2020,
OPTSTK,IGL,24-Sep-2020,470,CE,0,0,0,36.8,22.05,0,0,0,0,06-JUL-2020,
OPTSTK,IGL,24-Sep-2020,480,CE,0,0,0,33.15,18.8,0,0,0,0,06-JUL-2020,
OPTSTK,IGL,24-Sep-2020,490,CE,0,0,0,29.85,15.95,0,0,0,0,06-JUL-2020,
OPTSTK,IGL,24-Sep-2020,500,CE,0,0,0,26.8,13.5,0,0,0,0,06-JUL-2020,
OPTSTK,IGL,24-Sep-2020,510,CE,0,0,0,24,11.3,0,0,0,0,06-JUL-2020,
OPTSTK,IGL,24-Sep-2020,520,CE,0,0,0,21.5,9.45,0,0,0,0,06-JUL-2020,
OPTSTK,IGL,24-Sep-2020,530,CE,0,0,0,19.2,7.9,0,0,0,0,06-JUL-2020,
OPTSTK,IGL,24-Sep-2020,540,CE,0,0,0,17.15,6.55,0,0,0,0,06-JUL-2020,
OPTSTK,IGL,24-Sep-2020,550,CE,0,0,0,15.25,5.4,0,0,0,0,06-JUL-2020,
OPTSTK,IGL,24-Sep-2020,560,CE,0,0,0,13.55,4.45,0,0,0,0,06-JUL-2020,
OPTSTK,IGL,24-Sep-2020,570,CE,0,0,0,12.05,3.65,0,0,0,0,06-JUL-2020,
OPTSTK,IGL,24-Sep-2020,580,CE,0,0,0,10.7,2.95,0,0,0,0,06-JUL-2020,
OPTSTK,IGL,24-Sep-2020,590,CE,0,0,0,9.45,2.4,0,0,0,0,06-JUL-2020,
OPTSTK,IGL,24-Sep-2020,600,CE,0,0,0,8.35,1.95,0,0,0,0,06-JUL-2020,
OPTSTK,IGL,24-Sep-2020,300,PE,0,0,0,2.15,0.35,0,0,0,0,06-JUL-2020,
OPTSTK,IGL,24-Sep-2020,310,PE,0,0,0,2.9,0.55,0,0,0,0,06-JUL-2020,
OPTSTK,IGL,24-Sep-2020,320,PE,0,0,0,3.9,0.9,0,0,0,0,06-JUL-2020,
OPTSTK,IGL,24-Sep-2020,330,PE,0,0,0,5.1,1.4,0,0,0,0,06-JUL-2020,
OPTSTK,IGL,24-Sep-2020,340,PE,0,0,0,6.6,2.1,0,0,0,0,06-JUL-2020,
OPTSTK,IGL,24-Sep-2020,350,PE,0,0,0,8.35,3.05,0,0,0,0,06-JUL-2020,
OPTSTK,IGL,24-Sep-2020,360,PE,0,0,0,10.4,4.25,0,0,0,0,06-JUL-2020,
OPTSTK,IGL,24-Sep-2020,370,PE,0,0,0,12.8,5.8,0,0,0,0,06-JUL-2020,
OPTSTK,IGL,24-Sep-2020,380,PE,0,0,0,15.5,7.75,0,0,0,0,06-JUL-2020,
OPTSTK,IGL,24-Sep-2020,390,PE,0,0,0,18.6,10.1,0,0,0,0,06-JUL-2020,
OPTSTK,IGL,24-Sep-2020,400,PE,0,0,0,22,12.95,0,0,0,0,06-JUL-2020,
OPTSTK,IGL,24-Sep-2020,410,PE,0,0,0,25.8,16.2,0,0,0,0,06-JUL-2020,
OPTSTK,IGL,24-Sep-2020,420,PE,0,0,0,30,20,0,0,0,0,06-JUL-2020,
OPTSTK,IGL,24-Sep-2020,430,PE,0,0,0,34.55,24.3,0,0,0,0,06-JUL-2020,
OPTSTK,IGL,24-Sep-2020,440,PE,0,0,0,39.45,29.1,0,0,0,0,06-JUL-2020,
OPTSTK,IGL,24-Sep-2020,450,PE,0,0,0,44.7,34.4,0,0,0,0,06-JUL-2020,
OPTSTK,IGL,24-Sep-2020,460,PE,0,0,0,50.3,40.15,0,0,0,0,06-JUL-2020,
OPTSTK,IGL,24-Sep-2020,470,PE,0,0,0,56.2,46.35,0,0,0,0,06-JUL-2020,
OPTSTK,IGL,24-Sep-2020,480,PE,0,0,0,62.45,53,0,0,0,0,06-JUL-2020,
OPTSTK,IGL,24-Sep-2020,490,PE,0,0,0,69,60.05,0,0,0,0,06-JUL-2020,
OPTSTK,IGL,24-Sep-2020,500,PE,0,0,0,75.85,67.5,0,0,0,0,06-JUL-2020,
OPTSTK,IGL,24-Sep-2020,510,PE,0,0,0,82.95,75.25,0,0,0,0,06-JUL-2020,
OPTSTK,IGL,24-Sep-2020,520,PE,0,0,0,90.3,83.3,0,0,0,0,06-JUL-2020,
OPTSTK,IGL,24-Sep-2020,530,PE,0,0,0,97.9,91.6,0,0,0,0,06-JUL-2020,
OPTSTK,IGL,24-Sep-2020,540,PE,0,0,0,105.7,100.2,0,0,0,0,06-JUL-2020,
OPTSTK,IGL,24-Sep-2020,550,PE,0,0,0,113.75,108.95,0,0,0,0,06-JUL-2020,
OPTSTK,IGL,24-Sep-2020,560,PE,0,0,0,121.9,117.9,0,0,0,0,06-JUL-2020,
OPTSTK,IGL,24-Sep-2020,570,PE,0,0,0,130.3,127,0,0,0,0,06-JUL-2020,
OPTSTK,IGL,24-Sep-2020,580,PE,0,0,0,138.8,136.25,0,0,0,0,06-JUL-2020,
OPTSTK,IGL,24-Sep-2020,590,PE,0,0,0,147.45,145.6,0,0,0,0,06-JUL-2020,
OPTSTK,IGL,24-Sep-2020,600,PE,0,0,0,156.25,155.05,0,0,0,0,06-JUL-2020,
OPTSTK,INDIGO,30-Jul-2020,660,CE,0,0,0,369.1,368.6,0,0,0,0,06-JUL-2020,
OPTSTK,INDIGO,30-Jul-2020,680,CE,0,0,0,353.6,348.65,0,0,0,0,06-JUL-2020,
OPTSTK,INDIGO,30-Jul-2020,700,CE,0,0,0,338.5,328.7,0,0,0,0,06-JUL-2020,
OPTSTK,INDIGO,30-Jul-2020,720,CE,0,0,0,323.85,308.8,0,0,0,0,06-JUL-2020,
OPTSTK,INDIGO,30-Jul-2020,740,CE,0,0,0,309.65,288.9,0,0,0,0,06-JUL-2020,
OPTSTK,INDIGO,30-Jul-2020,760,CE,0,0,0,295.85,269.05,0,0,0,0,06-JUL-2020,
OPTSTK,INDIGO,30-Jul-2020,780,CE,0,0,0,282.55,249.3,0,0,0,0,06-JUL-2020,
OPTSTK,INDIGO,30-Jul-2020,800,CE,0,0,0,218,229.7,0,0,500,0,06-JUL-2020,
OPTSTK,INDIGO,30-Jul-2020,820,CE,0,0,0,257.25,210.3,0,0,0,0,06-JUL-2020,
OPTSTK,INDIGO,30-Jul-2020,840,CE,0,0,0,180.65,191.2,0,0,1000,0,06-JUL-2020,
OPTSTK,INDIGO,30-Jul-2020,860,CE,0,0,0,233.7,172.5,0,0,0,0,06-JUL-2020,
OPTSTK,INDIGO,30-Jul-2020,880,CE,0,0,0,222.6,154.35,0,0,0,0,06-JUL-2020,
OPTSTK,INDIGO,30-Jul-2020,900,CE,0,0,0,126.75,136.9,0,0,3500,0,06-JUL-2020,
OPTSTK,INDIGO,30-Jul-2020,920,CE,0,0,0,201.7,120.3,0,0,0,0,06-JUL-2020,
OPTSTK,INDIGO,30-Jul-2020,940,CE,0,0,0,95,104.7,0,0,1000,0,06-JUL-2020,
OPTSTK,INDIGO,30-Jul-2020,960,CE,0,0,0,84,90.15,0,0,500,0,06-JUL-2020,
OPTSTK,INDIGO,30-Jul-2020,980,CE,0,0,0,67.85,76.85,0,0,1000,0,06-JUL-2020,
OPTSTK,INDIGO,30-Jul-2020,1000,CE,61,78,60,73.9,73.9,114,610.41,51000,-2000,06-JUL-2020,
OPTSTK,INDIGO,30-Jul-2020,1020,CE,52,68,49.35,63.2,63.2,270,1457.93,34500,-2000,06-JUL-2020,
OPTSTK,INDIGO,30-Jul-2020,1040,CE,47,59.2,42,54.35,54.35,288,1573.73,46000,15000,06-JUL-2020,
OPTSTK,INDIGO,30-Jul-2020,1060,CE,38.5,50.45,35.35,45.7,45.7,168,926.75,39000,3000,06-JUL-2020,
OPTSTK,INDIGO,30-Jul-2020,1080,CE,29.9,42,29.35,38.25,38.25,65,363.01,18000,5000,06-JUL-2020,
OPTSTK,INDIGO,30-Jul-2020,1100,CE,28,35.9,24.25,32.1,32.1,701,3963,175000,3500,06-JUL-2020,
OPTSTK,INDIGO,30-Jul-2020,1120,CE,21.1,29,21,26.8,26.8,39,223.49,15500,-500,06-JUL-2020,
OPTSTK,INDIGO,30-Jul-2020,1140,CE,16.05,26.6,16.05,21.95,21.95,27,156.81,8500,3500,06-JUL-2020,
OPTSTK,INDIGO,30-Jul-2020,1160,CE,15,17.5,15,17.5,11.15,4,23.52,5000,0,06-JUL-2020,
OPTSTK,INDIGO,30-Jul-2020,1180,CE,0,0,0,13.75,8.5,0,0,6000,0,06-JUL-2020,
OPTSTK,INDIGO,30-Jul-2020,1200,CE,10,14.8,9.45,12.55,12.55,259,1569.62,142500,20000,06-JUL-2020,
OPTSTK,INDIGO,30-Jul-2020,1220,CE,0,0,0,92.6,4.85,0,0,0,0,06-JUL-2020,
OPTSTK,INDIGO,30-Jul-2020,1240,CE,0,0,0,87.8,3.6,0,0,0,0,06-JUL-2020,
OPTSTK,INDIGO,30-Jul-2020,1260,CE,0,0,0,83.2,2.65,0,0,0,0,06-JUL-2020,
OPTSTK,INDIGO,30-Jul-2020,1280,CE,0,0,0,25.45,1.95,0,0,1000,0,06-JUL-2020,
OPTSTK,INDIGO,30-Jul-2020,1300,CE,9.9,9.9,3.15,4.95,4.95,88,573.95,83500,20000,06-JUL-2020,
OPTSTK,INDIGO,30-Jul-2020,1320,CE,0,0,0,70.8,1,0,0,0,0,06-JUL-2020,
OPTSTK,INDIGO,30-Jul-2020,1340,CE,0,0,0,11.25,0.7,0,0,1000,0,06-JUL-2020,
OPTSTK,INDIGO,30-Jul-2020,1360,CE,2.85,2.85,2.85,2.85,0.5,2,13.62,1000,0,06-JUL-2020,
OPTSTK,INDIGO,30-Jul-2020,1380,CE,0,0,0,1.7,0.35,0,0,0,0,06-JUL-2020,
OPTSTK,INDIGO,30-Jul-2020,1400,CE,2.6,2.6,1.3,1.95,1.95,32,224.28,61500,-2000,06-JUL-2020,
OPTSTK,INDIGO,30-Jul-2020,660,PE,0,0,0,25.5,0.05,0,0,0,0,06-JUL-2020,
OPTSTK,INDIGO,30-Jul-2020,680,PE,0,0,0,29.75,0.05,0,0,0,0,06-JUL-2020,
OPTSTK,INDIGO,30-Jul-2020,700,PE,0,0,0,3,0.05,0,0,1500,0,06-JUL-2020,
OPTSTK,INDIGO,30-Jul-2020,720,PE,0,0,0,2.6,0.05,0,0,3000,0,06-JUL-2020,
OPTSTK,INDIGO,30-Jul-2020,740,PE,0,0,0,1.9,0.1,0,0,2500,0,06-JUL-2020,
OPTSTK,INDIGO,30-Jul-2020,760,PE,0,0,0,2.95,0.2,0,0,1500,0,06-JUL-2020,
OPTSTK,INDIGO,30-Jul-2020,780,PE,0,0,0,57.4,0.4,0,0,0,0,06-JUL-2020,
OPTSTK,INDIGO,30-Jul-2020,800,PE,4.1,4.35,3.6,4,0.7,45,180.89,43500,13000,06-JUL-2020,
OPTSTK,INDIGO,30-Jul-2020,820,PE,0,0,0,9.6,1.25,0,0,3500,0,06-JUL-2020,
OPTSTK,INDIGO,30-Jul-2020,840,PE,8.95,8.95,8.95,8.95,2.1,1,4.24,11000,0,06-JUL-2020,
OPTSTK,INDIGO,30-Jul-2020,860,PE,0,0,0,13.5,3.35,0,0,3500,0,06-JUL-2020,
OPTSTK,INDIGO,30-Jul-2020,880,PE,12.25,12.25,12.25,12.25,5.15,1,4.46,9500,0,06-JUL-2020,
OPTSTK,INDIGO,30-Jul-2020,900,PE,16.9,18,12.7,13.15,13.15,84,384.6,110500,2500,06-JUL-2020,
OPTSTK,INDIGO,30-Jul-2020,920,PE,22.8,22.8,22.8,22.8,11,1,4.71,18500,-500,06-JUL-2020,
OPTSTK,INDIGO,30-Jul-2020,940,PE,26.8,30.7,22.1,22.45,22.45,32,154.52,27000,2000,06-JUL-2020,
OPTSTK,INDIGO,30-Jul-2020,960,PE,31.4,36.7,27.75,28.5,28.5,81,401.51,45500,0,06-JUL-2020,
OPTSTK,INDIGO,30-Jul-2020,980,PE,50.65,50.65,34.55,35.15,35.15,82,418.49,22000,3500,06-JUL-2020,
OPTSTK,INDIGO,30-Jul-2020,1000,PE,52,55.1,42.15,43.7,43.7,163,853.04,83500,3500,06-JUL-2020,
OPTSTK,INDIGO,30-Jul-2020,1020,PE,63.6,67.4,51,53.1,53.1,121,651.99,14000,6500,06-JUL-2020,
OPTSTK,INDIGO,30-Jul-2020,1040,PE,78.65,78.65,62.65,62.65,54.9,2,11.1,11000,0,06-JUL-2020,
OPTSTK,INDIGO,30-Jul-2020,1060,PE,87,88,79,79,66.65,3,17.17,8000,0,06-JUL-2020,
OPTSTK,INDIGO,30-Jul-2020,1080,PE,0,0,0,110,79.55,0,0,2500,0,06-JUL-2020,
OPTSTK,INDIGO,30-Jul-2020,1100,PE,117,117,102.5,102.5,93.55,3,18.11,10500,-1000,06-JUL-2020,
OPTSTK,INDIGO,30-Jul-2020,1120,PE,0,0,0,125,108.6,0,0,500,0,06-JUL-2020,
OPTSTK,INDIGO,30-Jul-2020,1140,PE,0,0,0,244.85,124.5,0,0,0,0,06-JUL-2020,
OPTSTK,INDIGO,30-Jul-2020,1160,PE,0,0,0,258.7,141.15,0,0,0,0,06-JUL-2020,
OPTSTK,INDIGO,30-Jul-2020,1180,PE,0,0,0,272.8,158.45,0,0,0,0,06-JUL-2020,
OPTSTK,INDIGO,30-Jul-2020,1200,PE,0,0,0,184,176.35,0,0,6500,0,06-JUL-2020,
OPTSTK,INDIGO,30-Jul-2020,1220,PE,0,0,0,199.85,194.7,0,0,1000,0,06-JUL-2020,
OPTSTK,INDIGO,30-Jul-2020,1240,PE,0,0,0,220,213.4,0,0,500,0,06-JUL-2020,
OPTSTK,INDIGO,30-Jul-2020,1260,PE,0,0,0,332,232.4,0,0,0,0,06-JUL-2020,
OPTSTK,INDIGO,30-Jul-2020,1280,PE,0,0,0,347.4,251.6,0,0,0,0,06-JUL-2020,
OPTSTK,INDIGO,30-Jul-2020,1300,PE,0,0,0,266,271,0,0,4000,0,06-JUL-2020,
OPTSTK,INDIGO,30-Jul-2020,1320,PE,0,0,0,378.8,290.55,0,0,0,0,06-JUL-2020,
OPTSTK,INDIGO,30-Jul-2020,1340,PE,0,0,0,394.85,310.2,0,0,0,0,06-JUL-2020,
OPTSTK,INDIGO,30-Jul-2020,1360,PE,0,0,0,411.05,329.95,0,0,0,0,06-JUL-2020,
OPTSTK,INDIGO,30-Jul-2020,1380,PE,0,0,0,427.45,349.75,0,0,0,0,06-JUL-2020,
OPTSTK,INDIGO,30-Jul-2020,1400,PE,0,0,0,345,369.6,0,0,500,0,06-JUL-2020,
OPTSTK,INDIGO,27-Aug-2020,660,CE,0,0,0,346.85,371,0,0,0,0,06-JUL-2020,
OPTSTK,INDIGO,27-Aug-2020,680,CE,0,0,0,331,351.3,0,0,0,0,06-JUL-2020,
OPTSTK,INDIGO,27-Aug-2020,700,CE,0,0,0,315.55,331.7,0,0,0,0,06-JUL-2020,
OPTSTK,INDIGO,27-Aug-2020,720,CE,0,0,0,300.65,312.25,0,0,0,0,06-JUL-2020,
OPTSTK,INDIGO,27-Aug-2020,740,CE,0,0,0,286.1,293,0,0,0,0,06-JUL-2020,
OPTSTK,INDIGO,27-Aug-2020,760,CE,0,0,0,272.1,274,0,0,0,0,06-JUL-2020,
OPTSTK,INDIGO,27-Aug-2020,780,CE,0,0,0,258.55,255.25,0,0,0,0,06-JUL-2020,
OPTSTK,INDIGO,27-Aug-2020,800,CE,0,0,0,245.5,236.9,0,0,0,0,06-JUL-2020,
OPTSTK,INDIGO,27-Aug-2020,820,CE,0,0,0,232.9,219.05,0,0,0,0,06-JUL-2020,
OPTSTK,INDIGO,27-Aug-2020,840,CE,0,0,0,220.8,201.65,0,0,0,0,06-JUL-2020,
OPTSTK,INDIGO,27-Aug-2020,860,CE,0,0,0,209.2,184.9,0,0,0,0,06-JUL-2020,
OPTSTK,INDIGO,27-Aug-2020,880,CE,0,0,0,151,168.75,0,0,500,0,06-JUL-2020,
OPTSTK,INDIGO,27-Aug-2020,900,CE,0,0,0,187.45,153.4,0,0,0,0,06-JUL-2020,
OPTSTK,INDIGO,27-Aug-2020,920,CE,0,0,0,177.3,138.8,0,0,0,0,06-JUL-2020,
OPTSTK,INDIGO,27-Aug-2020,940,CE,123,123,123,123,125,1,5.31,500,500,06-JUL-2020,
OPTSTK,INDIGO,27-Aug-2020,960,CE,0,0,0,158.3,112.1,0,0,0,0,06-JUL-2020,
OPTSTK,INDIGO,27-Aug-2020,980,CE,100,100,100,100,100.1,1,5.4,500,500,06-JUL-2020,
OPTSTK,INDIGO,27-Aug-2020,1000,CE,0,0,0,95.1,88.95,0,0,500,0,06-JUL-2020,
OPTSTK,INDIGO,27-Aug-2020,1020,CE,0,0,0,75,78.7,0,0,500,0,06-JUL-2020,
OPTSTK,INDIGO,27-Aug-2020,1040,CE,0,0,0,125.5,69.35,0,0,0,0,06-JUL-2020,
OPTSTK,INDIGO,27-Aug-2020,1060,CE,0,0,0,118.3,60.8,0,0,0,0,06-JUL-2020,
OPTSTK,INDIGO,27-Aug-2020,1080,CE,0,0,0,111.45,53.15,0,0,0,0,06-JUL-2020,
OPTSTK,INDIGO,27-Aug-2020,1100,CE,49.1,49.1,49,49,46.2,2,11.49,2000,0,06-JUL-2020,
OPTSTK,INDIGO,27-Aug-2020,1120,CE,0,0,0,98.8,40.05,0,0,0,0,06-JUL-2020,
OPTSTK,INDIGO,27-Aug-2020,1140,CE,0,0,0,93,34.55,0,0,0,0,06-JUL-2020,
OPTSTK,INDIGO,27-Aug-2020,1160,CE,0,0,0,87.5,29.7,0,0,0,0,06-JUL-2020,
OPTSTK,INDIGO,27-Aug-2020,1180,CE,0,0,0,82.3,25.45,0,0,0,0,06-JUL-2020,
OPTSTK,INDIGO,27-Aug-2020,1200,CE,0,0,0,38.15,21.7,0,0,500,0,06-JUL-2020,
OPTSTK,INDIGO,27-Aug-2020,1220,CE,0,0,0,72.8,18.45,0,0,0,0,06-JUL-2020,
OPTSTK,INDIGO,27-Aug-2020,1240,CE,0,0,0,68.45,15.65,0,0,0,0,06-JUL-2020,
OPTSTK,INDIGO,27-Aug-2020,1260,CE,0,0,0,64.35,13.2,0,0,0,0,06-JUL-2020,
OPTSTK,INDIGO,27-Aug-2020,1280,CE,0,0,0,60.45,11.1,0,0,0,0,06-JUL-2020,
OPTSTK,INDIGO,27-Aug-2020,1300,CE,0,0,0,56.8,9.35,0,0,0,0,06-JUL-2020,
OPTSTK,INDIGO,27-Aug-2020,1320,CE,0,0,0,53.35,7.8,0,0,0,0,06-JUL-2020,
OPTSTK,INDIGO,27-Aug-2020,1340,CE,0,0,0,50.1,6.5,0,0,0,0,06-JUL-2020,
OPTSTK,INDIGO,27-Aug-2020,1360,CE,0,0,0,47.05,5.4,0,0,0,0,06-JUL-2020,
OPTSTK,INDIGO,27-Aug-2020,1380,CE,0,0,0,44.15,4.5,0,0,0,0,06-JUL-2020,
OPTSTK,INDIGO,27-Aug-2020,660,PE,0,0,0,21.15,0.25,0,0,0,0,06-JUL-2020,
OPTSTK,INDIGO,27-Aug-2020,680,PE,0,0,0,25.05,0.45,0,0,0,0,06-JUL-2020,
OPTSTK,INDIGO,27-Aug-2020,700,PE,0,0,0,29.35,0.75,0,0,0,0,06-JUL-2020,
OPTSTK,INDIGO,27-Aug-2020,720,PE,0,0,0,34.2,1.15,0,0,0,0,06-JUL-2020,
OPTSTK,INDIGO,27-Aug-2020,740,PE,0,0,0,39.45,1.8,0,0,0,0,06-JUL-2020,
OPTSTK,INDIGO,27-Aug-2020,760,PE,0,0,0,45.15,2.65,0,0,0,0,06-JUL-2020,
OPTSTK,INDIGO,27-Aug-2020,780,PE,0,0,0,51.35,3.8,0,0,0,0,06-JUL-2020,
OPTSTK,INDIGO,27-Aug-2020,800,PE,0,0,0,16.35,5.35,0,0,500,0,06-JUL-2020,
OPTSTK,INDIGO,27-Aug-2020,820,PE,0,0,0,65.25,7.35,0,0,0,0,06-JUL-2020,
OPTSTK,INDIGO,27-Aug-2020,840,PE,0,0,0,72.9,9.85,0,0,0,0,06-JUL-2020,
OPTSTK,INDIGO,27-Aug-2020,860,PE,0,0,0,81.05,12.95,0,0,0,0,06-JUL-2020,
OPTSTK,INDIGO,27-Aug-2020,880,PE,0,0,0,89.7,16.7,0,0,0,0,06-JUL-2020,
OPTSTK,INDIGO,27-Aug-2020,900,PE,37,37,37,37,37,6,28.11,3000,3000,06-JUL-2020,
OPTSTK,INDIGO,27-Aug-2020,920,PE,0,0,0,108.4,26.5,0,0,0,0,06-JUL-2020,
OPTSTK,INDIGO,27-Aug-2020,940,PE,0,0,0,118.45,32.6,0,0,0,0,06-JUL-2020,
OPTSTK,INDIGO,27-Aug-2020,960,PE,0,0,0,128.95,39.55,0,0,0,0,06-JUL-2020,
OPTSTK,INDIGO,27-Aug-2020,980,PE,0,0,0,139.9,47.4,0,0,0,0,06-JUL-2020,
OPTSTK,INDIGO,27-Aug-2020,1000,PE,73.95,74,70.6,72.8,72.8,6,32.18,7000,0,06-JUL-2020,
OPTSTK,INDIGO,27-Aug-2020,1020,PE,0,0,0,163,65.8,0,0,0,0,06-JUL-2020,
OPTSTK,INDIGO,27-Aug-2020,1040,PE,0,0,0,175.15,76.3,0,0,0,0,06-JUL-2020,
OPTSTK,INDIGO,27-Aug-2020,1060,PE,0,0,0,187.7,87.7,0,0,0,0,06-JUL-2020,
OPTSTK,INDIGO,27-Aug-2020,1080,PE,0,0,0,200.6,99.85,0,0,0,0,06-JUL-2020,
OPTSTK,INDIGO,27-Aug-2020,1100,PE,0,0,0,213.9,112.85,0,0,0,0,06-JUL-2020,
OPTSTK,INDIGO,27-Aug-2020,1120,PE,0,0,0,165,126.55,0,0,500,0,06-JUL-2020,
OPTSTK,INDIGO,27-Aug-2020,1140,PE,0,0,0,241.45,140.9,0,0,0,0,06-JUL-2020,
OPTSTK,INDIGO,27-Aug-2020,1160,PE,0,0,0,255.7,155.95,0,0,0,0,06-JUL-2020,
OPTSTK,INDIGO,27-Aug-2020,1180,PE,0,0,0,270.25,171.55,0,0,0,0,06-JUL-2020,
OPTSTK,INDIGO,27-Aug-2020,1200,PE,0,0,0,285.15,187.7,0,0,0,0,06-JUL-2020,
OPTSTK,INDIGO,27-Aug-2020,1220,PE,0,0,0,300.3,204.35,0,0,0,0,06-JUL-2020,
OPTSTK,INDIGO,27-Aug-2020,1240,PE,0,0,0,315.7,221.4,0,0,0,0,06-JUL-2020,
OPTSTK,INDIGO,27-Aug-2020,1260,PE,0,0,0,331.35,238.85,0,0,0,0,06-JUL-2020,
OPTSTK,INDIGO,27-Aug-2020,1280,PE,0,0,0,347.2,256.65,0,0,0,0,06-JUL-2020,
OPTSTK,INDIGO,27-Aug-2020,1300,PE,0,0,0,363.3,274.75,0,0,0,0,06-JUL-2020,
OPTSTK,INDIGO,27-Aug-2020,1320,PE,0,0,0,379.6,293.1,0,0,0,0,06-JUL-2020,
OPTSTK,INDIGO,27-Aug-2020,1340,PE,0,0,0,396.15,311.7,0,0,0,0,06-JUL-2020,
OPTSTK,INDIGO,27-Aug-2020,1360,PE,0,0,0,412.85,330.45,0,0,0,0,06-JUL-2020,
OPTSTK,INDIGO,27-Aug-2020,1380,PE,0,0,0,429.7,349.4,0,0,0,0,06-JUL-2020,
OPTSTK,INDIGO,24-Sep-2020,660,CE,0,0,0,396.5,374.2,0,0,0,0,06-JUL-2020,
OPTSTK,INDIGO,24-Sep-2020,680,CE,0,0,0,378,355,0,0,0,0,06-JUL-2020,
OPTSTK,INDIGO,24-Sep-2020,700,CE,0,0,0,359.75,336,0,0,0,0,06-JUL-2020,
OPTSTK,INDIGO,24-Sep-2020,720,CE,0,0,0,341.8,317.25,0,0,0,0,06-JUL-2020,
OPTSTK,INDIGO,24-Sep-2020,740,CE,0,0,0,324.25,298.8,0,0,0,0,06-JUL-2020,
OPTSTK,INDIGO,24-Sep-2020,760,CE,0,0,0,307.1,280.7,0,0,0,0,06-JUL-2020,
OPTSTK,INDIGO,24-Sep-2020,780,CE,0,0,0,290.35,263,0,0,0,0,06-JUL-2020,
OPTSTK,INDIGO,24-Sep-2020,800,CE,0,0,0,274.1,245.8,0,0,0,0,06-JUL-2020,
OPTSTK,INDIGO,24-Sep-2020,820,CE,0,0,0,258.3,229.05,0,0,0,0,06-JUL-2020,
OPTSTK,INDIGO,24-Sep-2020,840,CE,0,0,0,243,212.9,0,0,0,0,06-JUL-2020,
OPTSTK,INDIGO,24-Sep-2020,860,CE,0,0,0,228.3,197.35,0,0,0,0,06-JUL-2020,
OPTSTK,INDIGO,24-Sep-2020,880,CE,0,0,0,214.1,182.4,0,0,0,0,06-JUL-2020,
OPTSTK,INDIGO,24-Sep-2020,900,CE,0,0,0,200.45,168.15,0,0,0,0,06-JUL-2020,
OPTSTK,INDIGO,24-Sep-2020,920,CE,0,0,0,187.35,154.55,0,0,0,0,06-JUL-2020,
OPTSTK,INDIGO,24-Sep-2020,940,CE,0,0,0,174.9,141.7,0,0,0,0,06-JUL-2020,
OPTSTK,INDIGO,24-Sep-2020,960,CE,0,0,0,163,129.6,0,0,0,0,06-JUL-2020,
OPTSTK,INDIGO,24-Sep-2020,980,CE,0,0,0,151.7,118.15,0,0,0,0,06-JUL-2020,
OPTSTK,INDIGO,24-Sep-2020,1000,CE,0,0,0,141,107.5,0,0,0,0,06-JUL-2020,
OPTSTK,INDIGO,24-Sep-2020,1020,CE,0,0,0,130.9,97.5,0,0,0,0,06-JUL-2020,
OPTSTK,INDIGO,24-Sep-2020,1040,CE,0,0,0,121.35,88.25,0,0,0,0,06-JUL-2020,
OPTSTK,INDIGO,24-Sep-2020,1060,CE,0,0,0,112.3,79.7,0,0,0,0,06-JUL-2020,
OPTSTK,INDIGO,24-Sep-2020,1080,CE,0,0,0,103.85,71.75,0,0,0,0,06-JUL-2020,
OPTSTK,INDIGO,24-Sep-2020,1100,CE,0,0,0,95.9,64.5,0,0,0,0,06-JUL-2020,
OPTSTK,INDIGO,24-Sep-2020,1120,CE,0,0,0,88.45,57.85,0,0,0,0,06-JUL-2020,
OPTSTK,INDIGO,24-Sep-2020,1140,CE,0,0,0,81.5,51.75,0,0,0,0,06-JUL-2020,
OPTSTK,INDIGO,24-Sep-2020,1160,CE,0,0,0,75,46.2,0,0,0,0,06-JUL-2020,
OPTSTK,INDIGO,24-Sep-2020,1180,CE,0,0,0,68.95,41.15,0,0,0,0,06-JUL-2020,
OPTSTK,INDIGO,24-Sep-2020,1200,CE,0,0,0,63.35,36.6,0,0,0,0,06-JUL-2020,
OPTSTK,INDIGO,24-Sep-2020,1220,CE,0,0,0,58.15,32.45,0,0,0,0,06-JUL-2020,
OPTSTK,INDIGO,24-Sep-2020,1240,CE,0,0,0,53.35,28.75,0,0,0,0,06-JUL-2020,
OPTSTK,INDIGO,24-Sep-2020,1260,CE,0,0,0,48.9,25.45,0,0,0,0,06-JUL-2020,
OPTSTK,INDIGO,24-Sep-2020,1280,CE,0,0,0,44.75,22.45,0,0,0,0,06-JUL-2020,
OPTSTK,INDIGO,24-Sep-2020,1300,CE,0,0,0,40.95,19.8,0,0,0,0,06-JUL-2020,
OPTSTK,INDIGO,24-Sep-2020,1320,CE,0,0,0,37.35,17.4,0,0,0,0,06-JUL-2020,
OPTSTK,INDIGO,24-Sep-2020,1340,CE,0,0,0,34.1,15.3,0,0,0,0,06-JUL-2020,
OPTSTK,INDIGO,24-Sep-2020,1360,CE,0,0,0,31.15,13.4,0,0,0,0,06-JUL-2020,
OPTSTK,INDIGO,24-Sep-2020,1380,CE,0,0,0,28.4,11.75,0,0,0,0,06-JUL-2020,
OPTSTK,INDIGO,24-Sep-2020,660,PE,0,0,0,3.9,1.3,0,0,0,0,06-JUL-2020,
OPTSTK,INDIGO,24-Sep-2020,680,PE,0,0,0,5.15,1.95,0,0,0,0,06-JUL-2020,
OPTSTK,INDIGO,24-Sep-2020,700,PE,0,0,0,6.65,2.75,0,0,0,0,06-JUL-2020,
OPTSTK,INDIGO,24-Sep-2020,720,PE,0,0,0,8.5,3.8,0,0,0,0,06-JUL-2020,
OPTSTK,INDIGO,24-Sep-2020,740,PE,0,0,0,10.75,5.2,0,0,0,0,06-JUL-2020,
OPTSTK,INDIGO,24-Sep-2020,760,PE,0,0,0,13.35,6.9,0,0,0,0,06-JUL-2020,
OPTSTK,INDIGO,24-Sep-2020,780,PE,0,0,0,16.35,9.05,0,0,0,0,06-JUL-2020,
OPTSTK,INDIGO,24-Sep-2020,800,PE,0,0,0,19.85,11.6,0,0,0,0,06-JUL-2020,
OPTSTK,INDIGO,24-Sep-2020,820,PE,0,0,0,23.8,14.7,0,0,0,0,06-JUL-2020,
OPTSTK,INDIGO,24-Sep-2020,840,PE,0,0,0,28.3,18.35,0,0,0,0,06-JUL-2020,
OPTSTK,INDIGO,24-Sep-2020,860,PE,0,0,0,33.35,22.6,0,0,0,0,06-JUL-2020,
OPTSTK,INDIGO,24-Sep-2020,880,PE,0,0,0,38.9,27.5,0,0,0,0,06-JUL-2020,
OPTSTK,INDIGO,24-Sep-2020,900,PE,0,0,0,45.05,33.05,0,0,0,0,06-JUL-2020,
OPTSTK,INDIGO,24-Sep-2020,920,PE,0,0,0,51.7,39.3,0,0,0,0,06-JUL-2020,
OPTSTK,INDIGO,24-Sep-2020,940,PE,0,0,0,59,46.25,0,0,0,0,06-JUL-2020,
OPTSTK,INDIGO,24-Sep-2020,960,PE,0,0,0,66.9,53.9,0,0,0,0,06-JUL-2020,
OPTSTK,INDIGO,24-Sep-2020,980,PE,0,0,0,75.4,62.35,0,0,0,0,06-JUL-2020,
OPTSTK,INDIGO,24-Sep-2020,1000,PE,0,0,0,84.45,71.45,0,0,0,0,06-JUL-2020,
OPTSTK,INDIGO,24-Sep-2020,1020,PE,0,0,0,94.1,81.3,0,0,0,0,06-JUL-2020,
OPTSTK,INDIGO,24-Sep-2020,1040,PE,0,0,0,104.3,91.85,0,0,0,0,06-JUL-2020,
OPTSTK,INDIGO,24-Sep-2020,1060,PE,0,0,0,115.1,103.1,0,0,0,0,06-JUL-2020,
OPTSTK,INDIGO,24-Sep-2020,1080,PE,0,0,0,126.4,115,0,0,0,0,06-JUL-2020,
OPTSTK,INDIGO,24-Sep-2020,1100,PE,0,0,0,138.2,127.55,0,0,0,0,06-JUL-2020,
OPTSTK,INDIGO,24-Sep-2020,1120,PE,0,0,0,150.5,140.7,0,0,0,0,06-JUL-2020,
OPTSTK,INDIGO,24-Sep-2020,1140,PE,0,0,0,140,154.4,0,0,500,0,06-JUL-2020,
OPTSTK,INDIGO,24-Sep-2020,1160,PE,0,0,0,176.6,168.7,0,0,0,0,06-JUL-2020,
OPTSTK,INDIGO,24-Sep-2020,1180,PE,0,0,0,190.35,183.45,0,0,0,0,06-JUL-2020,
OPTSTK,INDIGO,24-Sep-2020,1200,PE,0,0,0,204.5,198.7,0,0,0,0,06-JUL-2020,
OPTSTK,INDIGO,24-Sep-2020,1220,PE,0,0,0,219.05,214.4,0,0,0,0,06-JUL-2020,
OPTSTK,INDIGO,24-Sep-2020,1240,PE,0,0,0,234,230.5,0,0,0,0,06-JUL-2020,
OPTSTK,INDIGO,24-Sep-2020,1260,PE,0,0,0,249.3,247,0,0,0,0,06-JUL-2020,
OPTSTK,INDIGO,24-Sep-2020,1280,PE,0,0,0,264.95,263.85,0,0,0,0,06-JUL-2020,
OPTSTK,INDIGO,24-Sep-2020,1300,PE,0,0,0,280.9,281,0,0,0,0,06-JUL-2020,
OPTSTK,INDIGO,24-Sep-2020,1320,PE,0,0,0,297.1,298.4,0,0,0,0,06-JUL-2020,
OPTSTK,INDIGO,24-Sep-2020,1340,PE,0,0,0,313.65,316.1,0,0,0,0,06-JUL-2020,
OPTSTK,INDIGO,24-Sep-2020,1360,PE,0,0,0,330.4,334.05,0,0,0,0,06-JUL-2020,
OPTSTK,INDIGO,24-Sep-2020,1380,PE,0,0,0,347.45,352.2,0,0,0,0,06-JUL-2020,
OPTSTK,INDUSINDBK,30-Jul-2020,140,CE,0,0,0,354.1,356.3,0,0,1600,0,06-JUL-2020,
OPTSTK,INDUSINDBK,30-Jul-2020,160,CE,0,0,0,334.15,336.35,0,0,0,0,06-JUL-2020,
OPTSTK,INDUSINDBK,30-Jul-2020,180,CE,0,0,0,314.4,316.4,0,0,1600,0,06-JUL-2020,
OPTSTK,INDUSINDBK,30-Jul-2020,200,CE,0,0,0,294.7,296.45,0,0,0,0,06-JUL-2020,
OPTSTK,INDUSINDBK,30-Jul-2020,220,CE,0,0,0,275,276.5,0,0,1600,0,06-JUL-2020,
OPTSTK,INDUSINDBK,30-Jul-2020,240,CE,0,0,0,255,256.55,0,0,0,0,06-JUL-2020,
OPTSTK,INDUSINDBK,30-Jul-2020,260,CE,0,0,0,235.45,236.65,0,0,3200,0,06-JUL-2020,
OPTSTK,INDUSINDBK,30-Jul-2020,280,CE,0,0,0,216.05,216.75,0,0,0,0,06-JUL-2020,
OPTSTK,INDUSINDBK,30-Jul-2020,300,CE,0,0,0,179,196.9,0,0,3200,0,06-JUL-2020,
OPTSTK,INDUSINDBK,30-Jul-2020,310,CE,0,0,0,187.4,187,0,0,1600,0,06-JUL-2020,
OPTSTK,INDUSINDBK,30-Jul-2020,320,CE,0,0,0,178.45,177.2,0,0,6400,0,06-JUL-2020,
OPTSTK,INDUSINDBK,30-Jul-2020,330,CE,0,0,0,170.2,167.45,0,0,11200,0,06-JUL-2020,
OPTSTK,INDUSINDBK,30-Jul-2020,340,CE,0,0,0,151.65,157.75,0,0,5600,0,06-JUL-2020,
OPTSTK,INDUSINDBK,30-Jul-2020,350,CE,0,0,0,146.55,148.25,0,0,8000,0,06-JUL-2020,
OPTSTK,INDUSINDBK,30-Jul-2020,360,CE,0,0,0,206.05,138.85,0,0,0,0,06-JUL-2020,
OPTSTK,INDUSINDBK,30-Jul-2020,370,CE,0,0,0,90.4,129.6,0,0,0,0,06-JUL-2020,
OPTSTK,INDUSINDBK,30-Jul-2020,380,CE,0,0,0,128.55,120.6,0,0,1600,0,06-JUL-2020,
OPTSTK,INDUSINDBK,30-Jul-2020,390,CE,0,0,0,131.05,111.8,0,0,1600,0,06-JUL-2020,
OPTSTK,INDUSINDBK,30-Jul-2020,400,CE,108.5,118.4,103.5,103.5,103.5,5,20.44,36800,0,06-JUL-2020,
OPTSTK,INDUSINDBK,30-Jul-2020,410,CE,0,0,0,89.75,95.15,0,0,5600,0,06-JUL-2020,
OPTSTK,INDUSINDBK,30-Jul-2020,420,CE,88.85,88.85,88.35,88.35,88.35,4,16.27,9600,2400,06-JUL-2020,
OPTSTK,INDUSINDBK,30-Jul-2020,430,CE,86.55,86.55,80.8,80.8,79.75,5,20.56,10400,1600,06-JUL-2020,
OPTSTK,INDUSINDBK,30-Jul-2020,440,CE,76.7,80.7,73.3,73.3,72.65,18,74.41,40000,-5600,06-JUL-2020,
OPTSTK,INDUSINDBK,30-Jul-2020,450,CE,70,74,66.2,66.25,65.9,14,58.27,30400,0,06-JUL-2020,
OPTSTK,INDUSINDBK,30-Jul-2020,460,CE,62,68.45,56.1,59.45,59.6,17,71.26,56000,-4000,06-JUL-2020,
OPTSTK,INDUSINDBK,30-Jul-2020,470,CE,56.4,61.2,51.4,51.4,51.4,10,42.14,27200,-3200,06-JUL-2020,
OPTSTK,INDUSINDBK,30-Jul-2020,480,CE,49.95,55.6,44.85,46.4,46.4,238,1010.92,233600,-14400,06-JUL-2020,
OPTSTK,INDUSINDBK,30-Jul-2020,490,CE,44.55,50.65,40,41.15,41.15,459,1964.87,151200,-32000,06-JUL-2020,
OPTSTK,INDUSINDBK,30-Jul-2020,500,CE,35.95,45.5,35,36.75,36.75,2525,10929.09,1108800,-104000,06-JUL-2020,
OPTSTK,INDUSINDBK,30-Jul-2020,510,CE,34.75,40.8,30.75,32.4,32.4,2159,9441.58,401600,109600,06-JUL-2020,
OPTSTK,INDUSINDBK,30-Jul-2020,520,CE,30.05,36.35,26.95,28.45,28.45,1858,8210.34,1400000,80000,06-JUL-2020,
OPTSTK,INDUSINDBK,30-Jul-2020,530,CE,26.7,32,23.8,24.85,24.85,759,3390.77,258400,24000,06-JUL-2020,
OPTSTK,INDUSINDBK,30-Jul-2020,540,CE,25.1,28.35,20.5,21.6,21.6,755,3412.26,307200,58400,06-JUL-2020,
OPTSTK,INDUSINDBK,30-Jul-2020,550,CE,19.45,24.7,17.8,19,19,950,4346.36,468000,24000,06-JUL-2020,
OPTSTK,INDUSINDBK,30-Jul-2020,560,CE,18,21.65,15.55,16.3,16.3,485,2246.11,151200,23200,06-JUL-2020,
OPTSTK,INDUSINDBK,30-Jul-2020,570,CE,16.65,18.5,13.2,14.4,14.4,27,126.71,78400,4800,06-JUL-2020,
OPTSTK,INDUSINDBK,30-Jul-2020,580,CE,13.3,16.25,11.65,12.15,12.15,178,846.08,93600,4000,06-JUL-2020,
OPTSTK,INDUSINDBK,30-Jul-2020,590,CE,12,14,10,10.5,10.5,45,216.8,49600,5600,06-JUL-2020,
OPTSTK,INDUSINDBK,30-Jul-2020,600,CE,9.7,12.45,8.2,9.05,9.05,1174,5736.76,1401600,9600,06-JUL-2020,
OPTSTK,INDUSINDBK,30-Jul-2020,610,CE,9.35,10.9,8.2,8.2,8.2,48,238.01,40000,5600,06-JUL-2020,
OPTSTK,INDUSINDBK,30-Jul-2020,620,CE,6.3,9.35,6.05,6.65,6.65,52,261.24,49600,8000,06-JUL-2020,
OPTSTK,INDUSINDBK,30-Jul-2020,630,CE,7,7.05,7,7.05,6.55,2,10.19,2400,0,06-JUL-2020,
OPTSTK,INDUSINDBK,30-Jul-2020,640,CE,6.05,7.05,5.3,5.3,5.65,5,25.84,10400,0,06-JUL-2020,
OPTSTK,INDUSINDBK,30-Jul-2020,650,CE,5.4,6.6,4,4.55,4.55,146,765.8,67200,11200,06-JUL-2020,
OPTSTK,INDUSINDBK,30-Jul-2020,660,CE,4.75,5.85,4,4.3,4.3,39,207.43,85600,14400,06-JUL-2020,
OPTSTK,INDUSINDBK,30-Jul-2020,680,CE,3.4,3.4,2.9,2.9,3,5,27.32,12800,3200,06-JUL-2020,
OPTSTK,INDUSINDBK,30-Jul-2020,700,CE,3.15,3.15,2.45,2.65,2.65,154,865.96,369600,23200,06-JUL-2020,
OPTSTK,INDUSINDBK,30-Jul-2020,720,CE,1.85,1.85,1.75,1.75,1.55,2,11.54,3200,1600,06-JUL-2020,
OPTSTK,INDUSINDBK,30-Jul-2020,740,CE,1.05,1.05,1.05,1.05,1.1,2,11.85,18400,0,06-JUL-2020,
OPTSTK,INDUSINDBK,30-Jul-2020,760,CE,1.35,1.75,1.2,1.4,1.4,34,207.11,100800,9600,06-JUL-2020,
OPTSTK,INDUSINDBK,30-Jul-2020,140,PE,0,0,0,8.8,0.05,0,0,0,0,06-JUL-2020,
OPTSTK,INDUSINDBK,30-Jul-2020,160,PE,0,0,0,12.85,0.05,0,0,0,0,06-JUL-2020,
OPTSTK,INDUSINDBK,30-Jul-2020,180,PE,0,0,0,2.95,0.05,0,0,800,0,06-JUL-2020,
OPTSTK,INDUSINDBK,30-Jul-2020,200,PE,0.4,0.4,0.4,0.4,0.05,2,3.2,1600,800,06-JUL-2020,
OPTSTK,INDUSINDBK,30-Jul-2020,220,PE,0,0,0,2.7,0.05,0,0,800,0,06-JUL-2020,
OPTSTK,INDUSINDBK,30-Jul-2020,240,PE,1,1,1,1,0.05,1,1.92,5600,0,06-JUL-2020,
OPTSTK,INDUSINDBK,30-Jul-2020,260,PE,0,0,0,44.9,0.05,0,0,0,0,06-JUL-2020,
OPTSTK,INDUSINDBK,30-Jul-2020,280,PE,0,0,0,53.45,0.05,0,0,0,0,06-JUL-2020,
OPTSTK,INDUSINDBK,30-Jul-2020,300,PE,1.3,1.45,1.25,1.4,1.4,14,33.74,81600,0,06-JUL-2020,
OPTSTK,INDUSINDBK,30-Jul-2020,310,PE,0,0,0,40.4,0.25,0,0,0,0,06-JUL-2020,
OPTSTK,INDUSINDBK,30-Jul-2020,320,PE,0,0,0,3.4,0.4,0,0,4000,0,06-JUL-2020,
OPTSTK,INDUSINDBK,30-Jul-2020,330,PE,0,0,0,5,0.6,0,0,800,0,06-JUL-2020,
OPTSTK,INDUSINDBK,30-Jul-2020,340,PE,2,2,1.7,1.7,1.7,3,8.2,28800,800,06-JUL-2020,
OPTSTK,INDUSINDBK,30-Jul-2020,350,PE,2,2.4,1.85,2.35,2.35,65,183.09,134400,3200,06-JUL-2020,
OPTSTK,INDUSINDBK,30-Jul-2020,360,PE,3.25,3.25,2.8,3,3,8,23.23,52800,-2400,06-JUL-2020,
OPTSTK,INDUSINDBK,30-Jul-2020,370,PE,0,0,0,6,2.65,0,0,800,0,06-JUL-2020,
OPTSTK,INDUSINDBK,30-Jul-2020,380,PE,3.9,5.6,3.4,4.95,4.95,259,796.38,195200,66400,06-JUL-2020,
OPTSTK,INDUSINDBK,30-Jul-2020,390,PE,0,0,0,6.45,4.85,0,0,4800,0,06-JUL-2020,
OPTSTK,INDUSINDBK,30-Jul-2020,400,PE,7.75,7.75,5.7,6.9,6.9,422,1372.42,533600,72800,06-JUL-2020,
OPTSTK,INDUSINDBK,30-Jul-2020,410,PE,6.15,8.25,6.15,7.45,8.1,10,33.4,26400,1600,06-JUL-2020,
OPTSTK,INDUSINDBK,30-Jul-2020,420,PE,10,10.3,8.6,9.65,9.65,254,872.35,184800,17600,06-JUL-2020,
OPTSTK,INDUSINDBK,30-Jul-2020,430,PE,10.5,12.3,10.5,11.7,11.7,38,134.17,82400,12800,06-JUL-2020,
OPTSTK,INDUSINDBK,30-Jul-2020,440,PE,13.95,14.95,12,14.15,14.15,319,1157.59,427200,4000,06-JUL-2020,
OPTSTK,INDUSINDBK,30-Jul-2020,450,PE,17.55,17.9,15.35,17.1,17.1,449,1675.5,234400,4800,06-JUL-2020,
OPTSTK,INDUSINDBK,30-Jul-2020,460,PE,24.7,24.7,18.25,20.5,20.5,415,1592.45,183200,8000,06-JUL-2020,
OPTSTK,INDUSINDBK,30-Jul-2020,470,PE,23.45,25,21.65,24.35,24.35,314,1239.5,131200,10400,06-JUL-2020,
OPTSTK,INDUSINDBK,30-Jul-2020,480,PE,27.6,29.3,25.25,28.7,28.7,649,2633.57,285600,7200,06-JUL-2020,
OPTSTK,INDUSINDBK,30-Jul-2020,490,PE,31.85,34,29.4,33.35,33.35,596,2488.16,102400,-20800,06-JUL-2020,
OPTSTK,INDUSINDBK,30-Jul-2020,500,PE,37.05,39.25,34,38.55,38.55,1451,6230.59,709600,43200,06-JUL-2020,
OPTSTK,INDUSINDBK,30-Jul-2020,510,PE,42.5,45.25,39.15,44.35,44.35,344,1519.18,68000,29600,06-JUL-2020,
OPTSTK,INDUSINDBK,30-Jul-2020,520,PE,47.35,51.25,44.95,50.45,50.45,216,981.68,557600,4800,06-JUL-2020,
OPTSTK,INDUSINDBK,30-Jul-2020,530,PE,52.8,57.2,51.15,56,59.3,43,200.83,28000,-4800,06-JUL-2020,
OPTSTK,INDUSINDBK,30-Jul-2020,540,PE,58,62.8,58,62.8,66.1,16,76.93,28800,4000,06-JUL-2020,
OPTSTK,INDUSINDBK,30-Jul-2020,550,PE,69.55,70.2,64.7,70.2,73.2,19,94.04,31200,8000,06-JUL-2020,
OPTSTK,INDUSINDBK,30-Jul-2020,560,PE,73.85,77.25,73.85,77.25,80.55,8,40.72,11200,3200,06-JUL-2020,
OPTSTK,INDUSINDBK,30-Jul-2020,570,PE,0,0,0,87.05,88.25,0,0,4000,0,06-JUL-2020,
OPTSTK,INDUSINDBK,30-Jul-2020,580,PE,93.85,93.85,93.85,93.85,96.15,3,16.17,2400,1600,06-JUL-2020,
OPTSTK,INDUSINDBK,30-Jul-2020,590,PE,0,0,0,118.65,104.35,0,0,1600,0,06-JUL-2020,
OPTSTK,INDUSINDBK,30-Jul-2020,600,PE,103.85,104,103.85,104,112.7,2,11.26,5600,800,06-JUL-2020,
OPTSTK,INDUSINDBK,30-Jul-2020,610,PE,0,0,0,195.75,121.25,0,0,0,0,06-JUL-2020,
OPTSTK,INDUSINDBK,30-Jul-2020,620,PE,128.35,128.35,128.35,128.35,130,2,11.97,1600,0,06-JUL-2020,
OPTSTK,INDUSINDBK,30-Jul-2020,630,PE,0,0,0,197.15,138.9,0,0,0,0,06-JUL-2020,
OPTSTK,INDUSINDBK,30-Jul-2020,640,PE,146.45,146.45,146.45,146.45,147.95,1,6.29,800,800,06-JUL-2020,
OPTSTK,INDUSINDBK,30-Jul-2020,650,PE,154.9,154.9,154.9,154.9,157.1,6,38.63,4800,4800,06-JUL-2020,
OPTSTK,INDUSINDBK,30-Jul-2020,660,PE,0,0,0,298.85,166.35,0,0,0,0,06-JUL-2020,
OPTSTK,INDUSINDBK,30-Jul-2020,680,PE,182.85,182.85,182.85,182.85,185.2,4,27.61,4000,3200,06-JUL-2020,
OPTSTK,INDUSINDBK,30-Jul-2020,700,PE,202.95,202.95,202.95,202.95,204.3,2,14.44,4000,1600,06-JUL-2020,
OPTSTK,INDUSINDBK,30-Jul-2020,720,PE,221.6,221.6,221.6,221.6,223.6,2,15.06,1600,1600,06-JUL-2020,
OPTSTK,INDUSINDBK,30-Jul-2020,740,PE,241.3,241.3,241.3,241.3,243.1,2,15.7,4800,1600,06-JUL-2020,
OPTSTK,INDUSINDBK,30-Jul-2020,760,PE,260.85,260.85,260.85,260.85,262.75,2,16.33,16800,0,06-JUL-2020,
OPTSTK,INDUSINDBK,27-Aug-2020,210,CE,0,0,0,195.35,287.2,0,0,0,0,06-JUL-2020,
OPTSTK,INDUSINDBK,27-Aug-2020,220,CE,0,0,0,188.15,277.3,0,0,0,0,06-JUL-2020,
OPTSTK,INDUSINDBK,27-Aug-2020,230,CE,0,0,0,181.2,267.4,0,0,0,0,06-JUL-2020,
OPTSTK,INDUSINDBK,27-Aug-2020,240,CE,0,0,0,174.5,257.55,0,0,0,0,06-JUL-2020,
OPTSTK,INDUSINDBK,27-Aug-2020,250,CE,0,0,0,168,247.75,0,0,0,0,06-JUL-2020,
OPTSTK,INDUSINDBK,27-Aug-2020,260,CE,0,0,0,161.75,238,0,0,0,0,06-JUL-2020,
OPTSTK,INDUSINDBK,27-Aug-2020,270,CE,0,0,0,155.75,228.25,0,0,0,0,06-JUL-2020,
OPTSTK,INDUSINDBK,27-Aug-2020,280,CE,0,0,0,149.9,218.65,0,0,0,0,06-JUL-2020,
OPTSTK,INDUSINDBK,27-Aug-2020,290,CE,0,0,0,144.3,209.1,0,0,0,0,06-JUL-2020,
OPTSTK,INDUSINDBK,27-Aug-2020,300,CE,0,0,0,138.95,199.65,0,0,0,0,06-JUL-2020,
OPTSTK,INDUSINDBK,27-Aug-2020,310,CE,0,0,0,133.75,190.4,0,0,0,0,06-JUL-2020,
OPTSTK,INDUSINDBK,27-Aug-2020,320,CE,0,0,0,128.75,181.25,0,0,0,0,06-JUL-2020,
OPTSTK,INDUSINDBK,27-Aug-2020,330,CE,0,0,0,123.95,172.25,0,0,0,0,06-JUL-2020,
OPTSTK,INDUSINDBK,27-Aug-2020,340,CE,0,0,0,119.3,163.45,0,0,0,0,06-JUL-2020,
OPTSTK,INDUSINDBK,27-Aug-2020,350,CE,0,0,0,114.9,154.85,0,0,0,0,06-JUL-2020,
OPTSTK,INDUSINDBK,27-Aug-2020,360,CE,0,0,0,110.6,146.5,0,0,0,0,06-JUL-2020,
OPTSTK,INDUSINDBK,27-Aug-2020,370,CE,0,0,0,106.5,138.35,0,0,0,0,06-JUL-2020,
OPTSTK,INDUSINDBK,27-Aug-2020,380,CE,0,0,0,102.6,130.5,0,0,0,0,06-JUL-2020,
OPTSTK,INDUSINDBK,27-Aug-2020,390,CE,0,0,0,98.8,122.85,0,0,0,0,06-JUL-2020,
OPTSTK,INDUSINDBK,27-Aug-2020,400,CE,0,0,0,95.15,115.5,0,0,0,0,06-JUL-2020,
OPTSTK,INDUSINDBK,27-Aug-2020,410,CE,0,0,0,91.65,108.45,0,0,0,0,06-JUL-2020,
OPTSTK,INDUSINDBK,27-Aug-2020,420,CE,0,0,0,88.3,101.65,0,0,0,0,06-JUL-2020,
OPTSTK,INDUSINDBK,27-Aug-2020,430,CE,0,0,0,85.1,95.15,0,0,0,0,06-JUL-2020,
OPTSTK,INDUSINDBK,27-Aug-2020,440,CE,0,0,0,82,88.95,0,0,0,0,06-JUL-2020,
OPTSTK,INDUSINDBK,27-Aug-2020,450,CE,0,0,0,79,83.05,0,0,0,0,06-JUL-2020,
OPTSTK,INDUSINDBK,27-Aug-2020,460,CE,0,0,0,76.15,77.45,0,0,0,0,06-JUL-2020,
OPTSTK,INDUSINDBK,27-Aug-2020,470,CE,0,0,0,73.4,72.1,0,0,0,0,06-JUL-2020,
OPTSTK,INDUSINDBK,27-Aug-2020,480,CE,0,0,0,70.75,67.05,0,0,0,0,06-JUL-2020,
OPTSTK,INDUSINDBK,27-Aug-2020,490,CE,0,0,0,68.25,62.3,0,0,0,0,06-JUL-2020,
OPTSTK,INDUSINDBK,27-Aug-2020,500,CE,60,62,60,60,57.8,4,17.93,3200,3200,06-JUL-2020,
OPTSTK,INDUSINDBK,27-Aug-2020,510,CE,0,0,0,50.2,53.6,0,0,800,0,06-JUL-2020,
OPTSTK,INDUSINDBK,27-Aug-2020,520,CE,0,0,0,61.25,49.6,0,0,0,0,06-JUL-2020,
OPTSTK,INDUSINDBK,27-Aug-2020,530,CE,0,0,0,59.1,45.9,0,0,0,0,06-JUL-2020,
OPTSTK,INDUSINDBK,27-Aug-2020,540,CE,0,0,0,57,42.4,0,0,0,0,06-JUL-2020,
OPTSTK,INDUSINDBK,27-Aug-2020,550,CE,0,0,0,55,39.15,0,0,0,0,06-JUL-2020,
OPTSTK,INDUSINDBK,27-Aug-2020,560,CE,0,0,0,53.1,36.1,0,0,0,0,06-JUL-2020,
OPTSTK,INDUSINDBK,27-Aug-2020,570,CE,0,0,0,51.25,33.3,0,0,0,0,06-JUL-2020,
OPTSTK,INDUSINDBK,27-Aug-2020,580,CE,0,0,0,52.2,30.65,0,0,0,0,06-JUL-2020,
OPTSTK,INDUSINDBK,27-Aug-2020,590,CE,0,0,0,50.3,28.2,0,0,0,0,06-JUL-2020,
OPTSTK,INDUSINDBK,27-Aug-2020,600,CE,0,0,0,36,25.9,0,0,800,0,06-JUL-2020,
OPTSTK,INDUSINDBK,27-Aug-2020,610,CE,0,0,0,39.35,23.8,0,0,0,0,06-JUL-2020,
OPTSTK,INDUSINDBK,27-Aug-2020,620,CE,0,0,0,39.9,21.85,0,0,0,0,06-JUL-2020,
OPTSTK,INDUSINDBK,27-Aug-2020,210,PE,0,0,0,15.95,0.05,0,0,0,0,06-JUL-2020,
OPTSTK,INDUSINDBK,27-Aug-2020,220,PE,0,0,0,18.65,0.1,0,0,0,0,06-JUL-2020,
OPTSTK,INDUSINDBK,27-Aug-2020,230,PE,0,0,0,21.55,0.15,0,0,0,0,06-JUL-2020,
OPTSTK,INDUSINDBK,27-Aug-2020,240,PE,0,0,0,24.75,0.2,0,0,0,0,06-JUL-2020,
OPTSTK,INDUSINDBK,27-Aug-2020,250,PE,0,0,0,28.15,0.35,0,0,0,0,06-JUL-2020,
OPTSTK,INDUSINDBK,27-Aug-2020,260,PE,0,0,0,31.75,0.5,0,0,0,0,06-JUL-2020,
OPTSTK,INDUSINDBK,27-Aug-2020,270,PE,0,0,0,35.6,0.75,0,0,0,0,06-JUL-2020,
OPTSTK,INDUSINDBK,27-Aug-2020,280,PE,0,0,0,39.65,1.05,0,0,0,0,06-JUL-2020,
OPTSTK,INDUSINDBK,27-Aug-2020,290,PE,0,0,0,43.95,1.45,0,0,0,0,06-JUL-2020,
OPTSTK,INDUSINDBK,27-Aug-2020,300,PE,0,0,0,48.45,1.95,0,0,0,0,06-JUL-2020,
OPTSTK,INDUSINDBK,27-Aug-2020,310,PE,0,0,0,53.15,2.6,0,0,0,0,06-JUL-2020,
OPTSTK,INDUSINDBK,27-Aug-2020,320,PE,0,0,0,58,3.4,0,0,0,0,06-JUL-2020,
OPTSTK,INDUSINDBK,27-Aug-2020,330,PE,0,0,0,63.1,4.35,0,0,0,0,06-JUL-2020,
OPTSTK,INDUSINDBK,27-Aug-2020,340,PE,0,0,0,68.35,5.5,0,0,0,0,06-JUL-2020,
OPTSTK,INDUSINDBK,27-Aug-2020,350,PE,0,0,0,73.8,6.85,0,0,0,0,06-JUL-2020,
OPTSTK,INDUSINDBK,27-Aug-2020,360,PE,0,0,0,79.4,8.4,0,0,0,0,06-JUL-2020,
OPTSTK,INDUSINDBK,27-Aug-2020,370,PE,0,0,0,85.2,10.25,0,0,0,0,06-JUL-2020,
OPTSTK,INDUSINDBK,27-Aug-2020,380,PE,0,0,0,91.1,12.3,0,0,0,0,06-JUL-2020,
OPTSTK,INDUSINDBK,27-Aug-2020,390,PE,0,0,0,97.2,14.6,0,0,0,0,06-JUL-2020,
OPTSTK,INDUSINDBK,27-Aug-2020,400,PE,0,0,0,103.45,17.2,0,0,0,0,06-JUL-2020,
OPTSTK,INDUSINDBK,27-Aug-2020,410,PE,0,0,0,109.85,20.05,0,0,0,0,06-JUL-2020,
OPTSTK,INDUSINDBK,27-Aug-2020,420,PE,0,0,0,116.35,23.2,0,0,0,0,06-JUL-2020,
OPTSTK,INDUSINDBK,27-Aug-2020,430,PE,0,0,0,123,26.65,0,0,0,0,06-JUL-2020,
OPTSTK,INDUSINDBK,27-Aug-2020,440,PE,0,0,0,129.8,30.4,0,0,0,0,06-JUL-2020,
OPTSTK,INDUSINDBK,27-Aug-2020,450,PE,30,30,30,30,34.45,1,3.84,800,800,06-JUL-2020,
OPTSTK,INDUSINDBK,27-Aug-2020,460,PE,0,0,0,143.7,38.75,0,0,0,0,06-JUL-2020,
OPTSTK,INDUSINDBK,27-Aug-2020,470,PE,0,0,0,150.85,43.35,0,0,0,0,06-JUL-2020,
OPTSTK,INDUSINDBK,27-Aug-2020,480,PE,0,0,0,158.1,48.25,0,0,0,0,06-JUL-2020,
OPTSTK,INDUSINDBK,27-Aug-2020,490,PE,0,0,0,165.45,53.45,0,0,0,0,06-JUL-2020,
OPTSTK,INDUSINDBK,27-Aug-2020,500,PE,0,0,0,172.9,58.9,0,0,0,0,06-JUL-2020,
OPTSTK,INDUSINDBK,27-Aug-2020,510,PE,0,0,0,180.45,64.6,0,0,0,0,06-JUL-2020,
OPTSTK,INDUSINDBK,27-Aug-2020,520,PE,0,0,0,188.1,70.55,0,0,0,0,06-JUL-2020,
OPTSTK,INDUSINDBK,27-Aug-2020,530,PE,0,0,0,195.8,76.8,0,0,0,0,06-JUL-2020,
OPTSTK,INDUSINDBK,27-Aug-2020,540,PE,0,0,0,203.6,83.25,0,0,0,0,06-JUL-2020,
OPTSTK,INDUSINDBK,27-Aug-2020,550,PE,0,0,0,211.5,89.95,0,0,0,0,06-JUL-2020,
OPTSTK,INDUSINDBK,27-Aug-2020,560,PE,0,0,0,219.45,96.85,0,0,0,0,06-JUL-2020,
OPTSTK,INDUSINDBK,27-Aug-2020,570,PE,0,0,0,227.5,103.95,0,0,0,0,06-JUL-2020,
OPTSTK,INDUSINDBK,27-Aug-2020,580,PE,0,0,0,215.35,111.25,0,0,0,0,06-JUL-2020,
OPTSTK,INDUSINDBK,27-Aug-2020,590,PE,0,0,0,223.35,118.75,0,0,0,0,06-JUL-2020,
OPTSTK,INDUSINDBK,27-Aug-2020,600,PE,0,0,0,199.65,126.4,0,0,0,0,06-JUL-2020,
OPTSTK,INDUSINDBK,27-Aug-2020,610,PE,0,0,0,207.65,134.25,0,0,0,0,06-JUL-2020,
OPTSTK,INDUSINDBK,27-Aug-2020,620,PE,0,0,0,201.8,142.2,0,0,0,0,06-JUL-2020,
OPTSTK,INDUSINDBK,24-Sep-2020,280,CE,0,0,0,212,221.75,0,0,0,0,06-JUL-2020,
OPTSTK,INDUSINDBK,24-Sep-2020,300,CE,0,0,0,196.85,203.85,0,0,0,0,06-JUL-2020,
OPTSTK,INDUSINDBK,24-Sep-2020,320,CE,0,0,0,182.45,186.6,0,0,0,0,06-JUL-2020,
OPTSTK,INDUSINDBK,24-Sep-2020,340,CE,0,0,0,168.95,170.15,0,0,0,0,06-JUL-2020,
OPTSTK,INDUSINDBK,24-Sep-2020,360,CE,0,0,0,156.25,154.6,0,0,0,0,06-JUL-2020,
OPTSTK,INDUSINDBK,24-Sep-2020,380,CE,0,0,0,144.35,139.95,0,0,0,0,06-JUL-2020,
OPTSTK,INDUSINDBK,24-Sep-2020,400,CE,0,0,0,133.2,126.3,0,0,0,0,06-JUL-2020,
OPTSTK,INDUSINDBK,24-Sep-2020,420,CE,0,0,0,122.9,113.6,0,0,0,0,06-JUL-2020,
OPTSTK,INDUSINDBK,24-Sep-2020,440,CE,0,0,0,113.3,101.85,0,0,0,0,06-JUL-2020,
OPTSTK,INDUSINDBK,24-Sep-2020,460,CE,0,0,0,104.4,91.1,0,0,0,0,06-JUL-2020,
OPTSTK,INDUSINDBK,24-Sep-2020,480,CE,0,0,0,96.2,81.3,0,0,0,0,06-JUL-2020,
OPTSTK,INDUSINDBK,24-Sep-2020,500,CE,0,0,0,88.6,72.4,0,0,0,0,06-JUL-2020,
OPTSTK,INDUSINDBK,24-Sep-2020,520,CE,0,0,0,81.55,64.3,0,0,0,0,06-JUL-2020,
OPTSTK,INDUSINDBK,24-Sep-2020,540,CE,0,0,0,75.1,57.05,0,0,0,0,06-JUL-2020,
OPTSTK,INDUSINDBK,24-Sep-2020,560,CE,0,0,0,69.1,50.5,0,0,0,0,06-JUL-2020,
OPTSTK,INDUSINDBK,24-Sep-2020,580,CE,0,0,0,63.6,44.65,0,0,0,0,06-JUL-2020,
OPTSTK,INDUSINDBK,24-Sep-2020,600,CE,0,0,0,58.6,39.4,0,0,0,0,06-JUL-2020,
OPTSTK,INDUSINDBK,24-Sep-2020,620,CE,0,0,0,53.95,34.75,0,0,0,0,06-JUL-2020,
OPTSTK,INDUSINDBK,24-Sep-2020,280,PE,0,0,0,13.6,3.25,0,0,0,0,06-JUL-2020,
OPTSTK,INDUSINDBK,24-Sep-2020,300,PE,0,0,0,18.2,5.15,0,0,0,0,06-JUL-2020,
OPTSTK,INDUSINDBK,24-Sep-2020,320,PE,0,0,0,23.6,7.75,0,0,0,0,06-JUL-2020,
OPTSTK,INDUSINDBK,24-Sep-2020,340,PE,0,0,0,29.85,11.1,0,0,0,0,06-JUL-2020,
OPTSTK,INDUSINDBK,24-Sep-2020,360,PE,0,0,0,36.9,15.35,0,0,0,0,06-JUL-2020,
OPTSTK,INDUSINDBK,24-Sep-2020,380,PE,0,0,0,44.8,20.55,0,0,0,0,06-JUL-2020,
OPTSTK,INDUSINDBK,24-Sep-2020,400,PE,0,0,0,53.45,26.65,0,0,0,0,06-JUL-2020,
OPTSTK,INDUSINDBK,24-Sep-2020,420,PE,0,0,0,62.9,33.8,0,0,0,0,06-JUL-2020,
OPTSTK,INDUSINDBK,24-Sep-2020,440,PE,0,0,0,73.05,41.9,0,0,0,0,06-JUL-2020,
OPTSTK,INDUSINDBK,24-Sep-2020,460,PE,0,0,0,83.95,50.95,0,0,0,0,06-JUL-2020,
OPTSTK,INDUSINDBK,24-Sep-2020,480,PE,0,0,0,95.45,60.95,0,0,0,0,06-JUL-2020,
OPTSTK,INDUSINDBK,24-Sep-2020,500,PE,0,0,0,107.65,71.85,0,0,0,0,06-JUL-2020,
OPTSTK,INDUSINDBK,24-Sep-2020,520,PE,0,0,0,120.4,83.6,0,0,0,0,06-JUL-2020,
OPTSTK,INDUSINDBK,24-Sep-2020,540,PE,0,0,0,133.65,96.1,0,0,0,0,06-JUL-2020,
OPTSTK,INDUSINDBK,24-Sep-2020,560,PE,0,0,0,147.45,109.4,0,0,0,0,06-JUL-2020,
OPTSTK,INDUSINDBK,24-Sep-2020,580,PE,0,0,0,161.75,123.35,0,0,0,0,06-JUL-2020,
OPTSTK,INDUSINDBK,24-Sep-2020,600,PE,0,0,0,176.45,137.95,0,0,0,0,06-JUL-2020,
OPTSTK,INDUSINDBK,24-Sep-2020,620,PE,0,0,0,191.6,153.1,0,0,0,0,06-JUL-2020,
OPTSTK,INFRATEL,30-Jul-2020,70,CE,0,0,0,106.2,156.6,0,0,0,0,06-JUL-2020,
OPTSTK,INFRATEL,30-Jul-2020,80,CE,0,0,0,97.15,146.6,0,0,0,0,06-JUL-2020,
OPTSTK,INFRATEL,30-Jul-2020,90,CE,0,0,0,88.6,136.65,0,0,0,0,06-JUL-2020,
OPTSTK,INFRATEL,30-Jul-2020,100,CE,0,0,0,80.5,126.7,0,0,0,0,06-JUL-2020,
OPTSTK,INFRATEL,30-Jul-2020,110,CE,0,0,0,72.9,116.7,0,0,0,0,06-JUL-2020,
OPTSTK,INFRATEL,30-Jul-2020,120,CE,0,0,0,65.9,106.75,0,0,0,0,06-JUL-2020,
OPTSTK,INFRATEL,30-Jul-2020,130,CE,0,0,0,59.45,96.75,0,0,0,0,06-JUL-2020,
OPTSTK,INFRATEL,30-Jul-2020,135,CE,0,0,0,92.85,91.8,0,0,0,0,06-JUL-2020,
OPTSTK,INFRATEL,30-Jul-2020,140,CE,0,0,0,53.5,86.8,0,0,0,0,06-JUL-2020,
OPTSTK,INFRATEL,30-Jul-2020,145,CE,0,0,0,84.4,81.85,0,0,0,0,06-JUL-2020,
OPTSTK,INFRATEL,30-Jul-2020,150,CE,0,0,0,48.15,76.85,0,0,0,0,06-JUL-2020,
OPTSTK,INFRATEL,30-Jul-2020,155,CE,0,0,0,76.4,71.95,0,0,0,0,06-JUL-2020,
OPTSTK,INFRATEL,30-Jul-2020,160,CE,0,0,0,43.25,67,0,0,0,0,06-JUL-2020,
OPTSTK,INFRATEL,30-Jul-2020,165,CE,0,0,0,68.9,62.15,0,0,0,0,06-JUL-2020,
OPTSTK,INFRATEL,30-Jul-2020,170,CE,0,0,0,38.85,57.35,0,0,0,0,06-JUL-2020,
OPTSTK,INFRATEL,30-Jul-2020,175,CE,0,0,0,61.9,52.65,0,0,0,0,06-JUL-2020,
OPTSTK,INFRATEL,30-Jul-2020,180,CE,0,0,0,34.85,48.05,0,0,0,0,06-JUL-2020,
OPTSTK,INFRATEL,30-Jul-2020,185,CE,0,0,0,55.4,43.55,0,0,0,0,06-JUL-2020,
OPTSTK,INFRATEL,30-Jul-2020,190,CE,0,0,0,34,39.25,0,0,5600,0,06-JUL-2020,
OPTSTK,INFRATEL,30-Jul-2020,195,CE,0,0,0,49.45,35.15,0,0,0,0,06-JUL-2020,
OPTSTK,INFRATEL,30-Jul-2020,200,CE,28.7,30.1,28.7,30.1,30.1,2,12.84,22400,0,06-JUL-2020,
OPTSTK,INFRATEL,30-Jul-2020,205,CE,0,0,0,44,27.6,0,0,0,0,06-JUL-2020,
OPTSTK,INFRATEL,30-Jul-2020,210,CE,0,0,0,23.7,24.2,0,0,47600,0,06-JUL-2020,
OPTSTK,INFRATEL,30-Jul-2020,215,CE,22.2,22.2,22.2,22.2,21.1,1,6.64,25200,0,06-JUL-2020,
OPTSTK,INFRATEL,30-Jul-2020,220,CE,17,17.2,15.7,16.4,16.4,10,66.24,114800,0,06-JUL-2020,
OPTSTK,INFRATEL,30-Jul-2020,225,CE,14.5,14.7,13.45,13.75,13.75,21,140.44,106400,-2800,06-JUL-2020,
OPTSTK,INFRATEL,30-Jul-2020,230,CE,12.95,12.95,10.9,11.6,11.6,179,1211.61,266000,2800,06-JUL-2020,
OPTSTK,INFRATEL,30-Jul-2020,235,CE,10.15,10.5,9.05,9.55,9.55,39,267.21,103600,-19600,06-JUL-2020,
OPTSTK,INFRATEL,30-Jul-2020,240,CE,8.45,8.7,7.5,7.9,7.9,107,743.26,313600,5600,06-JUL-2020,
OPTSTK,INFRATEL,30-Jul-2020,245,CE,7.25,7.25,6.15,6.35,7.95,7,49.32,33600,0,06-JUL-2020,
OPTSTK,INFRATEL,30-Jul-2020,250,CE,6.1,6.1,4.95,5.3,5.3,87,622.29,176400,-36400,06-JUL-2020,
OPTSTK,INFRATEL,30-Jul-2020,255,CE,0,0,0,5.1,5.45,0,0,14000,0,06-JUL-2020,
OPTSTK,INFRATEL,30-Jul-2020,260,CE,3.55,3.65,3,3.35,3.35,20,147.49,145600,14000,06-JUL-2020,
OPTSTK,INFRATEL,30-Jul-2020,265,CE,0,0,0,3.7,3.65,0,0,25200,0,06-JUL-2020,
OPTSTK,INFRATEL,30-Jul-2020,270,CE,2,2,1.95,1.95,2.95,2,15.23,84000,0,06-JUL-2020,
OPTSTK,INFRATEL,30-Jul-2020,275,CE,1.6,1.7,1.4,1.7,1.7,5,38.72,33600,-5600,06-JUL-2020,
OPTSTK,INFRATEL,30-Jul-2020,280,CE,1.65,1.65,1.35,1.45,1.45,10,78.82,165200,0,06-JUL-2020,
OPTSTK,INFRATEL,30-Jul-2020,70,PE,0,0,0,0.9,0.05,0,0,0,0,06-JUL-2020,
OPTSTK,INFRATEL,30-Jul-2020,80,PE,0,0,0,1.75,0.05,0,0,0,0,06-JUL-2020,
OPTSTK,INFRATEL,30-Jul-2020,90,PE,0,0,0,3.05,0.05,0,0,0,0,06-JUL-2020,
OPTSTK,INFRATEL,30-Jul-2020,100,PE,0,0,0,4.8,0.05,0,0,0,0,06-JUL-2020,
OPTSTK,INFRATEL,30-Jul-2020,110,PE,0,0,0,7.1,0.05,0,0,0,0,06-JUL-2020,
OPTSTK,INFRATEL,30-Jul-2020,120,PE,0,0,0,10,0.05,0,0,0,0,06-JUL-2020,
OPTSTK,INFRATEL,30-Jul-2020,130,PE,0,0,0,13.4,0.05,0,0,0,0,06-JUL-2020,
OPTSTK,INFRATEL,30-Jul-2020,135,PE,0,0,0,2.85,0.05,0,0,0,0,06-JUL-2020,
OPTSTK,INFRATEL,30-Jul-2020,140,PE,0,0,0,17.35,0.05,0,0,0,0,06-JUL-2020,
OPTSTK,INFRATEL,30-Jul-2020,145,PE,0,0,0,4.3,0.05,0,0,0,0,06-JUL-2020,
OPTSTK,INFRATEL,30-Jul-2020,150,PE,0,0,0,21.85,0.05,0,0,0,0,06-JUL-2020,
OPTSTK,INFRATEL,30-Jul-2020,155,PE,0,0,0,6.25,0.1,0,0,0,0,06-JUL-2020,
OPTSTK,INFRATEL,30-Jul-2020,160,PE,0,0,0,0.2,0.15,0,0,8400,0,06-JUL-2020,
OPTSTK,INFRATEL,30-Jul-2020,165,PE,0,0,0,8.65,0.3,0,0,0,0,06-JUL-2020,
OPTSTK,INFRATEL,30-Jul-2020,170,PE,0,0,0,0.75,0.5,0,0,81200,0,06-JUL-2020,
OPTSTK,INFRATEL,30-Jul-2020,175,PE,0,0,0,11.55,0.75,0,0,0,0,06-JUL-2020,
OPTSTK,INFRATEL,30-Jul-2020,180,PE,1.1,1.4,1,1.1,1.1,10,50.74,145600,-19600,06-JUL-2020,
OPTSTK,INFRATEL,30-Jul-2020,185,PE,0,0,0,5.75,1.65,0,0,39200,0,06-JUL-2020,
OPTSTK,INFRATEL,30-Jul-2020,190,PE,2.8,2.8,2.05,2.2,2.2,13,70.03,145600,0,06-JUL-2020,
OPTSTK,INFRATEL,30-Jul-2020,195,PE,4.05,4.05,4.05,4.05,3.2,1,5.57,5600,-2800,06-JUL-2020,
OPTSTK,INFRATEL,30-Jul-2020,200,PE,4.1,4.5,3.7,3.8,4.3,35,199.94,263200,2800,06-JUL-2020,
OPTSTK,INFRATEL,30-Jul-2020,205,PE,5.05,5.6,5,5,5,10,58.86,28000,8400,06-JUL-2020,
OPTSTK,INFRATEL,30-Jul-2020,210,PE,7,7.4,6.3,6.45,6.45,76,461.52,117600,0,06-JUL-2020,
OPTSTK,INFRATEL,30-Jul-2020,215,PE,8.3,9.1,8.1,8.1,9.1,9,56.36,67200,-8400,06-JUL-2020,
OPTSTK,INFRATEL,30-Jul-2020,220,PE,10.35,11.35,10.05,10.25,10.25,30,193.63,98000,2800,06-JUL-2020,
OPTSTK,INFRATEL,30-Jul-2020,225,PE,12.75,13.95,12.4,12.7,12.7,16,106.69,58800,-2800,06-JUL-2020,
OPTSTK,INFRATEL,30-Jul-2020,230,PE,15.25,16.7,15.05,15.45,15.45,19,130.71,78400,5600,06-JUL-2020,
OPTSTK,INFRATEL,30-Jul-2020,235,PE,0,0,0,19.75,19.25,0,0,16800,0,06-JUL-2020,
OPTSTK,INFRATEL,30-Jul-2020,240,PE,0,0,0,22.05,22.45,0,0,36400,0,06-JUL-2020,
OPTSTK,INFRATEL,30-Jul-2020,245,PE,0,0,0,46.1,25.85,0,0,0,0,06-JUL-2020,
OPTSTK,INFRATEL,30-Jul-2020,250,PE,0,0,0,39,29.5,0,0,2800,0,06-JUL-2020,
OPTSTK,INFRATEL,30-Jul-2020,255,PE,0,0,0,52.8,33.3,0,0,0,0,06-JUL-2020,
OPTSTK,INFRATEL,30-Jul-2020,260,PE,0,0,0,97,37.35,0,0,0,0,06-JUL-2020,
OPTSTK,INFRATEL,30-Jul-2020,265,PE,0,0,0,59.85,41.5,0,0,0,0,06-JUL-2020,
OPTSTK,INFRATEL,30-Jul-2020,270,PE,0,0,0,105.35,45.8,0,0,0,0,06-JUL-2020,
OPTSTK,INFRATEL,30-Jul-2020,275,PE,0,0,0,67.25,50.2,0,0,0,0,06-JUL-2020,
OPTSTK,INFRATEL,30-Jul-2020,280,PE,0,0,0,63.5,54.7,0,0,5600,0,06-JUL-2020,
OPTSTK,INFRATEL,27-Aug-2020,135,CE,0,0,0,95.75,92.45,0,0,0,0,06-JUL-2020,
OPTSTK,INFRATEL,27-Aug-2020,140,CE,0,0,0,91.8,87.55,0,0,0,0,06-JUL-2020,
OPTSTK,INFRATEL,27-Aug-2020,145,CE,0,0,0,87.95,82.75,0,0,0,0,06-JUL-2020,
OPTSTK,INFRATEL,27-Aug-2020,150,CE,0,0,0,84.25,78,0,0,0,0,06-JUL-2020,
OPTSTK,INFRATEL,27-Aug-2020,155,CE,0,0,0,80.65,73.35,0,0,0,0,06-JUL-2020,
OPTSTK,INFRATEL,27-Aug-2020,160,CE,0,0,0,77.1,68.75,0,0,0,0,06-JUL-2020,
OPTSTK,INFRATEL,27-Aug-2020,165,CE,0,0,0,73.75,64.3,0,0,0,0,06-JUL-2020,
OPTSTK,INFRATEL,27-Aug-2020,170,CE,0,0,0,70.45,59.95,0,0,0,0,06-JUL-2020,
OPTSTK,INFRATEL,27-Aug-2020,175,CE,0,0,0,67.3,55.7,0,0,0,0,06-JUL-2020,
OPTSTK,INFRATEL,27-Aug-2020,180,CE,0,0,0,64.25,51.6,0,0,0,0,06-JUL-2020,
OPTSTK,INFRATEL,27-Aug-2020,185,CE,0,0,0,61.35,47.7,0,0,0,0,06-JUL-2020,
OPTSTK,INFRATEL,27-Aug-2020,190,CE,0,0,0,58.5,43.95,0,0,0,0,06-JUL-2020,
OPTSTK,INFRATEL,27-Aug-2020,195,CE,0,0,0,55.8,40.35,0,0,0,0,06-JUL-2020,
OPTSTK,INFRATEL,27-Aug-2020,200,CE,0,0,0,53.2,36.95,0,0,0,0,06-JUL-2020,
OPTSTK,INFRATEL,27-Aug-2020,205,CE,0,0,0,50.7,33.75,0,0,0,0,06-JUL-2020,
OPTSTK,INFRATEL,27-Aug-2020,210,CE,0,0,0,48.35,30.75,0,0,0,0,06-JUL-2020,
OPTSTK,INFRATEL,27-Aug-2020,215,CE,0,0,0,46.05,27.9,0,0,0,0,06-JUL-2020,
OPTSTK,INFRATEL,27-Aug-2020,220,CE,0,0,0,43.85,25.3,0,0,0,0,06-JUL-2020,
OPTSTK,INFRATEL,27-Aug-2020,225,CE,0,0,0,41.75,22.85,0,0,0,0,06-JUL-2020,
OPTSTK,INFRATEL,27-Aug-2020,230,CE,0,0,0,39.75,20.6,0,0,0,0,06-JUL-2020,
OPTSTK,INFRATEL,27-Aug-2020,235,CE,0,0,0,37.85,18.5,0,0,0,0,06-JUL-2020,
OPTSTK,INFRATEL,27-Aug-2020,240,CE,0,0,0,36.05,16.6,0,0,0,0,06-JUL-2020,
OPTSTK,INFRATEL,27-Aug-2020,245,CE,0,0,0,34.3,14.85,0,0,0,0,06-JUL-2020,
OPTSTK,INFRATEL,27-Aug-2020,250,CE,0,0,0,32.65,13.25,0,0,0,0,06-JUL-2020,
OPTSTK,INFRATEL,27-Aug-2020,255,CE,0,0,0,31.05,11.8,0,0,0,0,06-JUL-2020,
OPTSTK,INFRATEL,27-Aug-2020,260,CE,0,0,0,29.55,10.5,0,0,0,0,06-JUL-2020,
OPTSTK,INFRATEL,27-Aug-2020,265,CE,0,0,0,28.1,9.3,0,0,0,0,06-JUL-2020,
OPTSTK,INFRATEL,27-Aug-2020,270,CE,0,0,0,26.7,8.25,0,0,0,0,06-JUL-2020,
OPTSTK,INFRATEL,27-Aug-2020,275,CE,0,0,0,25.4,7.3,0,0,0,0,06-JUL-2020,
OPTSTK,INFRATEL,27-Aug-2020,280,CE,0,0,0,24.2,6.45,0,0,0,0,06-JUL-2020,
OPTSTK,INFRATEL,27-Aug-2020,135,PE,0,0,0,5.3,0.2,0,0,0,0,06-JUL-2020,
OPTSTK,INFRATEL,27-Aug-2020,140,PE,0,0,0,6.25,0.35,0,0,0,0,06-JUL-2020,
OPTSTK,INFRATEL,27-Aug-2020,145,PE,0,0,0,7.35,0.5,0,0,0,0,06-JUL-2020,
OPTSTK,INFRATEL,27-Aug-2020,150,PE,0,0,0,8.55,0.7,0,0,0,0,06-JUL-2020,
OPTSTK,INFRATEL,27-Aug-2020,155,PE,0,0,0,9.9,1,0,0,0,0,06-JUL-2020,
OPTSTK,INFRATEL,27-Aug-2020,160,PE,0,0,0,11.35,1.4,0,0,0,0,06-JUL-2020,
OPTSTK,INFRATEL,27-Aug-2020,165,PE,0,0,0,12.9,1.9,0,0,0,0,06-JUL-2020,
OPTSTK,INFRATEL,27-Aug-2020,170,PE,0,0,0,14.55,2.5,0,0,0,0,06-JUL-2020,
OPTSTK,INFRATEL,27-Aug-2020,175,PE,0,0,0,16.35,3.25,0,0,0,0,06-JUL-2020,
OPTSTK,INFRATEL,27-Aug-2020,180,PE,0,0,0,18.2,4.15,0,0,0,0,06-JUL-2020,
OPTSTK,INFRATEL,27-Aug-2020,185,PE,0,0,0,20.25,5.15,0,0,0,0,06-JUL-2020,
OPTSTK,INFRATEL,27-Aug-2020,190,PE,0,0,0,22.35,6.4,0,0,0,0,06-JUL-2020,
OPTSTK,INFRATEL,27-Aug-2020,195,PE,0,0,0,24.6,7.8,0,0,0,0,06-JUL-2020,
OPTSTK,INFRATEL,27-Aug-2020,200,PE,0,0,0,26.95,9.35,0,0,0,0,06-JUL-2020,
OPTSTK,INFRATEL,27-Aug-2020,205,PE,0,0,0,29.4,11.1,0,0,0,0,06-JUL-2020,
OPTSTK,INFRATEL,27-Aug-2020,210,PE,0,0,0,31.95,13.1,0,0,0,0,06-JUL-2020,
OPTSTK,INFRATEL,27-Aug-2020,215,PE,0,0,0,34.6,15.25,0,0,0,0,06-JUL-2020,
OPTSTK,INFRATEL,27-Aug-2020,220,PE,0,0,0,37.35,17.55,0,0,0,0,06-JUL-2020,
OPTSTK,INFRATEL,27-Aug-2020,225,PE,0,0,0,40.2,20.1,0,0,0,0,06-JUL-2020,
OPTSTK,INFRATEL,27-Aug-2020,230,PE,0,0,0,43.1,22.8,0,0,0,0,06-JUL-2020,
OPTSTK,INFRATEL,27-Aug-2020,235,PE,0,0,0,46.15,25.7,0,0,0,0,06-JUL-2020,
OPTSTK,INFRATEL,27-Aug-2020,240,PE,0,0,0,49.25,28.75,0,0,0,0,06-JUL-2020,
OPTSTK,INFRATEL,27-Aug-2020,245,PE,0,0,0,52.45,32,0,0,0,0,06-JUL-2020,
OPTSTK,INFRATEL,27-Aug-2020,250,PE,0,0,0,55.75,35.35,0,0,0,0,06-JUL-2020,
OPTSTK,INFRATEL,27-Aug-2020,255,PE,0,0,0,59.1,38.9,0,0,0,0,06-JUL-2020,
OPTSTK,INFRATEL,27-Aug-2020,260,PE,0,0,0,62.5,42.55,0,0,0,0,06-JUL-2020,
OPTSTK,INFRATEL,27-Aug-2020,265,PE,0,0,0,66,46.3,0,0,0,0,06-JUL-2020,
OPTSTK,INFRATEL,27-Aug-2020,270,PE,0,0,0,69.6,50.25,0,0,0,0,06-JUL-2020,
OPTSTK,INFRATEL,27-Aug-2020,275,PE,0,0,0,73.2,54.25,0,0,0,0,06-JUL-2020,
OPTSTK,INFRATEL,27-Aug-2020,280,PE,0,0,0,76.95,58.35,0,0,0,0,06-JUL-2020,
OPTSTK,INFRATEL,24-Sep-2020,140,CE,0,0,0,93.55,88.8,0,0,0,0,06-JUL-2020,
OPTSTK,INFRATEL,24-Sep-2020,145,CE,0,0,0,89.35,84.2,0,0,0,0,06-JUL-2020,
OPTSTK,INFRATEL,24-Sep-2020,150,CE,0,0,0,85.3,79.7,0,0,0,0,06-JUL-2020,
OPTSTK,INFRATEL,24-Sep-2020,155,CE,0,0,0,81.35,75.3,0,0,0,0,06-JUL-2020,
OPTSTK,INFRATEL,24-Sep-2020,160,CE,0,0,0,77.5,71,0,0,0,0,06-JUL-2020,
OPTSTK,INFRATEL,24-Sep-2020,165,CE,0,0,0,73.8,66.85,0,0,0,0,06-JUL-2020,
OPTSTK,INFRATEL,24-Sep-2020,170,CE,0,0,0,70.15,62.8,0,0,0,0,06-JUL-2020,
OPTSTK,INFRATEL,24-Sep-2020,175,CE,0,0,0,66.7,58.9,0,0,0,0,06-JUL-2020,
OPTSTK,INFRATEL,24-Sep-2020,180,CE,0,0,0,63.35,55.15,0,0,0,0,06-JUL-2020,
OPTSTK,INFRATEL,24-Sep-2020,185,CE,0,0,0,60.1,51.55,0,0,0,0,06-JUL-2020,
OPTSTK,INFRATEL,24-Sep-2020,190,CE,0,0,0,57,48.1,0,0,0,0,06-JUL-2020,
OPTSTK,INFRATEL,24-Sep-2020,195,CE,0,0,0,54,44.8,0,0,0,0,06-JUL-2020,
OPTSTK,INFRATEL,24-Sep-2020,200,CE,0,0,0,51.15,41.65,0,0,0,0,06-JUL-2020,
OPTSTK,INFRATEL,24-Sep-2020,205,CE,0,0,0,48.4,38.65,0,0,0,0,06-JUL-2020,
OPTSTK,INFRATEL,24-Sep-2020,210,CE,0,0,0,45.8,35.85,0,0,0,0,06-JUL-2020,
OPTSTK,INFRATEL,24-Sep-2020,215,CE,0,0,0,43.3,33.2,0,0,0,0,06-JUL-2020,
OPTSTK,INFRATEL,24-Sep-2020,220,CE,0,0,0,40.9,30.65,0,0,0,0,06-JUL-2020,
OPTSTK,INFRATEL,24-Sep-2020,225,CE,0,0,0,38.65,28.3,0,0,0,0,06-JUL-2020,
OPTSTK,INFRATEL,24-Sep-2020,230,CE,0,0,0,36.5,26.1,0,0,0,0,06-JUL-2020,
OPTSTK,INFRATEL,24-Sep-2020,235,CE,0,0,0,34.45,24,0,0,0,0,06-JUL-2020,
OPTSTK,INFRATEL,24-Sep-2020,240,CE,0,0,0,32.5,22.1,0,0,0,0,06-JUL-2020,
OPTSTK,INFRATEL,24-Sep-2020,245,CE,0,0,0,30.65,20.3,0,0,0,0,06-JUL-2020,
OPTSTK,INFRATEL,24-Sep-2020,250,CE,0,0,0,28.85,18.6,0,0,0,0,06-JUL-2020,
OPTSTK,INFRATEL,24-Sep-2020,255,CE,0,0,0,27.2,17.05,0,0,0,0,06-JUL-2020,
OPTSTK,INFRATEL,24-Sep-2020,260,CE,0,0,0,25.65,15.6,0,0,0,0,06-JUL-2020,
OPTSTK,INFRATEL,24-Sep-2020,265,CE,0,0,0,24.15,14.25,0,0,0,0,06-JUL-2020,
OPTSTK,INFRATEL,24-Sep-2020,270,CE,0,0,0,22.75,13.05,0,0,0,0,06-JUL-2020,
OPTSTK,INFRATEL,24-Sep-2020,275,CE,0,0,0,21.4,11.9,0,0,0,0,06-JUL-2020,
OPTSTK,INFRATEL,24-Sep-2020,280,CE,0,0,0,20.15,10.85,0,0,0,0,06-JUL-2020,
OPTSTK,INFRATEL,24-Sep-2020,140,PE,0,0,0,3.5,1.1,0,0,0,0,06-JUL-2020,
OPTSTK,INFRATEL,24-Sep-2020,145,PE,0,0,0,4.25,1.45,0,0,0,0,06-JUL-2020,
OPTSTK,INFRATEL,24-Sep-2020,150,PE,0,0,0,5.1,1.9,0,0,0,0,06-JUL-2020,
OPTSTK,INFRATEL,24-Sep-2020,155,PE,0,0,0,6.1,2.45,0,0,0,0,06-JUL-2020,
OPTSTK,INFRATEL,24-Sep-2020,160,PE,0,0,0,7.2,3.15,0,0,0,0,06-JUL-2020,
OPTSTK,INFRATEL,24-Sep-2020,165,PE,0,0,0,8.4,3.9,0,0,0,0,06-JUL-2020,
OPTSTK,INFRATEL,24-Sep-2020,170,PE,0,0,0,9.75,4.85,0,0,0,0,06-JUL-2020,
OPTSTK,INFRATEL,24-Sep-2020,175,PE,0,0,0,11.2,5.9,0,0,0,0,06-JUL-2020,
OPTSTK,INFRATEL,24-Sep-2020,180,PE,0,0,0,12.8,7.1,0,0,0,0,06-JUL-2020,
OPTSTK,INFRATEL,24-Sep-2020,185,PE,0,0,0,14.5,8.45,0,0,0,0,06-JUL-2020,
OPTSTK,INFRATEL,24-Sep-2020,190,PE,0,0,0,16.35,9.95,0,0,0,0,06-JUL-2020,
OPTSTK,INFRATEL,24-Sep-2020,195,PE,0,0,0,18.3,11.6,0,0,0,0,06-JUL-2020,
OPTSTK,INFRATEL,24-Sep-2020,200,PE,0,0,0,20.35,13.4,0,0,0,0,06-JUL-2020,
OPTSTK,INFRATEL,24-Sep-2020,205,PE,0,0,0,22.6,15.35,0,0,0,0,06-JUL-2020,
OPTSTK,INFRATEL,24-Sep-2020,210,PE,0,0,0,24.9,17.5,0,0,0,0,06-JUL-2020,
OPTSTK,INFRATEL,24-Sep-2020,215,PE,0,0,0,27.35,19.8,0,0,0,0,06-JUL-2020,
OPTSTK,INFRATEL,24-Sep-2020,220,PE,0,0,0,29.9,22.2,0,0,0,0,06-JUL-2020,
OPTSTK,INFRATEL,24-Sep-2020,225,PE,0,0,0,32.6,24.8,0,0,0,0,06-JUL-2020,
OPTSTK,INFRATEL,24-Sep-2020,230,PE,0,0,0,35.35,27.55,0,0,0,0,06-JUL-2020,
OPTSTK,INFRATEL,24-Sep-2020,235,PE,0,0,0,38.25,30.45,0,0,0,0,06-JUL-2020,
OPTSTK,INFRATEL,24-Sep-2020,240,PE,0,0,0,41.25,33.45,0,0,0,0,06-JUL-2020,
OPTSTK,INFRATEL,24-Sep-2020,245,PE,0,0,0,44.35,36.6,0,0,0,0,06-JUL-2020,
OPTSTK,INFRATEL,24-Sep-2020,250,PE,0,0,0,47.5,39.9,0,0,0,0,06-JUL-2020,
OPTSTK,INFRATEL,24-Sep-2020,255,PE,0,0,0,50.8,43.3,0,0,0,0,06-JUL-2020,
OPTSTK,INFRATEL,24-Sep-2020,260,PE,0,0,0,54.15,46.8,0,0,0,0,06-JUL-2020,
OPTSTK,INFRATEL,24-Sep-2020,265,PE,0,0,0,57.6,50.4,0,0,0,0,06-JUL-2020,
OPTSTK,INFRATEL,24-Sep-2020,270,PE,0,0,0,61.15,54.15,0,0,0,0,06-JUL-2020,
OPTSTK,INFRATEL,24-Sep-2020,275,PE,0,0,0,64.75,57.95,0,0,0,0,06-JUL-2020,
OPTSTK,INFRATEL,24-Sep-2020,280,PE,0,0,0,68.45,61.85,0,0,0,0,06-JUL-2020,
OPTSTK,INFY,30-Jul-2020,520,CE,0,0,0,225.45,245.45,0,0,0,0,06-JUL-2020,
OPTSTK,INFY,30-Jul-2020,530,CE,0,0,0,218.05,235.5,0,0,0,0,06-JUL-2020,
OPTSTK,INFY,30-Jul-2020,540,CE,0,0,0,210.8,225.5,0,0,0,0,06-JUL-2020,
OPTSTK,INFY,30-Jul-2020,550,CE,0,0,0,147.5,215.55,0,0,1200,0,06-JUL-2020,
OPTSTK,INFY,30-Jul-2020,560,CE,0,0,0,196.85,205.55,0,0,0,0,06-JUL-2020,
OPTSTK,INFY,30-Jul-2020,570,CE,0,0,0,190.1,195.6,0,0,0,0,06-JUL-2020,
OPTSTK,INFY,30-Jul-2020,580,CE,0,0,0,183.5,185.65,0,0,0,0,06-JUL-2020,
OPTSTK,INFY,30-Jul-2020,590,CE,0,0,0,177.1,175.7,0,0,0,0,06-JUL-2020,
OPTSTK,INFY,30-Jul-2020,600,CE,0,0,0,126.75,165.8,0,0,8400,0,06-JUL-2020,
OPTSTK,INFY,30-Jul-2020,610,CE,0,0,0,164.75,155.9,0,0,0,0,06-JUL-2020,
OPTSTK,INFY,30-Jul-2020,620,CE,0,0,0,128,146.1,0,0,1200,0,06-JUL-2020,
OPTSTK,INFY,30-Jul-2020,630,CE,0,0,0,153.1,136.3,0,0,0,0,06-JUL-2020,
OPTSTK,INFY,30-Jul-2020,640,CE,130,130,130,130,126.65,1,9.24,12000,0,06-JUL-2020,
OPTSTK,INFY,30-Jul-2020,650,CE,0,0,0,93,117.1,0,0,18000,0,06-JUL-2020,
OPTSTK,INFY,30-Jul-2020,660,CE,0,0,0,102.95,107.75,0,0,4800,0,06-JUL-2020,
OPTSTK,INFY,30-Jul-2020,670,CE,98.2,98.2,98.2,98.2,98.55,1,9.21,3600,0,06-JUL-2020,
OPTSTK,INFY,30-Jul-2020,680,CE,85.8,85.8,85.8,85.8,85.8,1,9.18,22800,0,06-JUL-2020,
OPTSTK,INFY,30-Jul-2020,690,CE,85.95,85.95,85.95,85.95,81.05,1,9.31,24000,0,06-JUL-2020,
OPTSTK,INFY,30-Jul-2020,700,CE,70.7,76,67.5,67.5,67.5,17,157.39,132000,0,06-JUL-2020,
OPTSTK,INFY,30-Jul-2020,710,CE,64.15,67.45,59.25,59.35,59.35,21,194.94,33600,-7200,06-JUL-2020,
OPTSTK,INFY,30-Jul-2020,720,CE,57.2,60,51.1,51.15,51.15,19,176.97,158400,-9600,06-JUL-2020,
OPTSTK,INFY,30-Jul-2020,730,CE,48.3,50,46,46.15,46.15,20,186.69,126000,-10800,06-JUL-2020,
OPTSTK,INFY,30-Jul-2020,740,CE,40.3,45.1,37,37.95,37.95,82,768.31,232800,-28800,06-JUL-2020,
OPTSTK,INFY,30-Jul-2020,750,CE,32.55,38.2,30.2,31.5,31.5,322,3029.05,414000,-49200,06-JUL-2020,
OPTSTK,INFY,30-Jul-2020,760,CE,27.15,32,25.05,25.9,25.9,884,8361.37,1714800,-10800,06-JUL-2020,
OPTSTK,INFY,30-Jul-2020,770,CE,23.05,26.55,20.5,21.3,21.3,2819,26826.89,373200,50400,06-JUL-2020,
OPTSTK,INFY,30-Jul-2020,780,CE,17.9,21.6,16.35,17.1,17.1,2357,22597.09,728400,80400,06-JUL-2020,
OPTSTK,INFY,30-Jul-2020,790,CE,15.75,17.25,13.05,13.65,13.65,949,9167.43,175200,38400,06-JUL-2020,
OPTSTK,INFY,30-Jul-2020,800,CE,11.35,13.85,10.15,10.65,10.65,2687,26181.32,1340400,75600,06-JUL-2020,
OPTSTK,INFY,30-Jul-2020,810,CE,10.4,10.8,7.9,8.3,8.3,594,5839.81,108000,14400,06-JUL-2020,
OPTSTK,INFY,30-Jul-2020,820,CE,7.5,8.4,6.1,6.45,6.45,476,4725.15,327600,16800,06-JUL-2020,
OPTSTK,INFY,30-Jul-2020,830,CE,5.95,6.35,4.7,4.95,4.95,113,1132.91,108000,8400,06-JUL-2020,
OPTSTK,INFY,30-Jul-2020,840,CE,3.8,4.85,3.45,3.75,3.75,477,4831.99,818400,-14400,06-JUL-2020,
OPTSTK,INFY,30-Jul-2020,850,CE,3.1,3.7,2.7,2.9,2.9,158,1617.62,217200,12000,06-JUL-2020,
OPTSTK,INFY,30-Jul-2020,860,CE,2.5,2.8,1.8,2.3,2.3,57,589.9,166800,21600,06-JUL-2020,
OPTSTK,INFY,30-Jul-2020,870,CE,1.8,2.35,1.7,1.8,1.8,100,1046.38,148800,30000,06-JUL-2020,
OPTSTK,INFY,30-Jul-2020,880,CE,1.75,1.75,1.5,1.5,2.8,4,42.31,3600,3600,06-JUL-2020,
OPTSTK,INFY,30-Jul-2020,520,PE,0.3,0.3,0.3,0.3,0.05,1,6.24,12000,0,06-JUL-2020,
OPTSTK,INFY,30-Jul-2020,530,PE,0,0,0,25.85,0.05,0,0,0,0,06-JUL-2020,
OPTSTK,INFY,30-Jul-2020,540,PE,0,0,0,0.55,0.05,0,0,27600,0,06-JUL-2020,
OPTSTK,INFY,30-Jul-2020,550,PE,0,0,0,31.3,0.05,0,0,0,0,06-JUL-2020,
OPTSTK,INFY,30-Jul-2020,560,PE,0,0,0,34.25,0.05,0,0,0,0,06-JUL-2020,
OPTSTK,INFY,30-Jul-2020,570,PE,0,0,0,37.35,0.05,0,0,0,0,06-JUL-2020,
OPTSTK,INFY,30-Jul-2020,580,PE,0,0,0,40.65,0.05,0,0,0,0,06-JUL-2020,
OPTSTK,INFY,30-Jul-2020,590,PE,0,0,0,44.1,0.05,0,0,0,0,06-JUL-2020,
OPTSTK,INFY,30-Jul-2020,600,PE,0.8,0.95,0.7,0.9,0.9,44,317.22,339600,-18000,06-JUL-2020,
OPTSTK,INFY,30-Jul-2020,610,PE,0,0,0,51.5,0.2,0,0,0,0,06-JUL-2020,
OPTSTK,INFY,30-Jul-2020,620,PE,0.8,1.2,0.8,1.2,1.2,22,163.93,72000,6000,06-JUL-2020,
OPTSTK,INFY,30-Jul-2020,630,PE,1.15,1.3,1.1,1.3,1.3,8,60.59,45600,2400,06-JUL-2020,
OPTSTK,INFY,30-Jul-2020,640,PE,1.4,1.5,1.25,1.45,1.45,33,253.99,116400,-2400,06-JUL-2020,
OPTSTK,INFY,30-Jul-2020,650,PE,1.5,1.75,1.4,1.7,1.7,152,1188.42,1179600,-16800,06-JUL-2020,
OPTSTK,INFY,30-Jul-2020,660,PE,2.5,2.6,1.9,2.35,2.35,47,373.49,138000,-20400,06-JUL-2020,
OPTSTK,INFY,30-Jul-2020,670,PE,3,3.1,2.5,3.1,3.1,68,548.89,174000,-20400,06-JUL-2020,
OPTSTK,INFY,30-Jul-2020,680,PE,3.45,4.2,3.3,4,4,133,1091.14,255600,-27600,06-JUL-2020,
OPTSTK,INFY,30-Jul-2020,690,PE,4.5,5.3,4.15,5.15,5.15,139,1158.75,159600,-20400,06-JUL-2020,
OPTSTK,INFY,30-Jul-2020,700,PE,6.45,6.7,5.3,6.5,6.5,536,4540.85,1059600,3600,06-JUL-2020,
OPTSTK,INFY,30-Jul-2020,710,PE,8,8.3,6.5,8.05,8.05,291,2505.28,222000,-14400,06-JUL-2020,
OPTSTK,INFY,30-Jul-2020,720,PE,11,11,8.15,10.2,10.2,473,4139.61,403200,8400,06-JUL-2020,
OPTSTK,INFY,30-Jul-2020,730,PE,13.45,13.45,10.2,12.65,12.65,468,4165.01,295200,3600,06-JUL-2020,
OPTSTK,INFY,30-Jul-2020,740,PE,16.45,16.45,12.75,15.65,15.65,758,6863.26,444000,62400,06-JUL-2020,
OPTSTK,INFY,30-Jul-2020,750,PE,19.75,20.1,15.7,19.5,19.5,1357,12504.76,530400,49200,06-JUL-2020,
OPTSTK,INFY,30-Jul-2020,760,PE,23.2,24.65,19.25,23.6,23.6,2331,21874.21,465600,66000,06-JUL-2020,
OPTSTK,INFY,30-Jul-2020,770,PE,26.9,30,23.6,28.65,28.65,380,3632.44,62400,19200,06-JUL-2020,
OPTSTK,INFY,30-Jul-2020,780,PE,33.05,36.9,28.7,34.85,34.85,185,1802.36,39600,-1200,06-JUL-2020,
OPTSTK,INFY,30-Jul-2020,790,PE,0,0,0,78.65,43.55,0,0,2400,0,06-JUL-2020,
OPTSTK,INFY,30-Jul-2020,800,PE,45,49.05,40.55,49.05,49.05,14,141.69,100800,0,06-JUL-2020,
OPTSTK,INFY,30-Jul-2020,810,PE,52.5,52.8,48,52.3,57.3,14,144.52,13200,12000,06-JUL-2020,
OPTSTK,INFY,30-Jul-2020,820,PE,62.95,62.95,62.95,62.95,64.8,1,10.59,1200,0,06-JUL-2020,
OPTSTK,INFY,30-Jul-2020,830,PE,0,0,0,173.55,72.65,0,0,0,0,06-JUL-2020,
OPTSTK,INFY,30-Jul-2020,840,PE,0,0,0,156,80.9,0,0,4800,0,06-JUL-2020,
OPTSTK,INFY,30-Jul-2020,850,PE,0,0,0,187.8,89.4,0,0,0,0,06-JUL-2020,
OPTSTK,INFY,30-Jul-2020,860,PE,0,0,0,195.05,98.15,0,0,0,0,06-JUL-2020,
OPTSTK,INFY,30-Jul-2020,870,PE,0,0,0,202.45,107.15,0,0,0,0,06-JUL-2020,
OPTSTK,INFY,30-Jul-2020,880,PE,0,0,0,209.9,116.35,0,0,0,0,06-JUL-2020,
OPTSTK,INFY,27-Aug-2020,520,CE,0,0,0,205.55,247.25,0,0,0,0,06-JUL-2020,
OPTSTK,INFY,27-Aug-2020,530,CE,0,0,0,197.45,237.35,0,0,0,0,06-JUL-2020,
OPTSTK,INFY,27-Aug-2020,540,CE,0,0,0,189.45,227.45,0,0,0,0,06-JUL-2020,
OPTSTK,INFY,27-Aug-2020,550,CE,0,0,0,181.7,217.65,0,0,0,0,06-JUL-2020,
OPTSTK,INFY,27-Aug-2020,560,CE,0,0,0,174.1,207.85,0,0,0,0,06-JUL-2020,
OPTSTK,INFY,27-Aug-2020,570,CE,0,0,0,166.7,198.1,0,0,0,0,06-JUL-2020,
OPTSTK,INFY,27-Aug-2020,580,CE,0,0,0,159.5,188.4,0,0,0,0,06-JUL-2020,
OPTSTK,INFY,27-Aug-2020,590,CE,0,0,0,152.5,178.8,0,0,0,0,06-JUL-2020,
OPTSTK,INFY,27-Aug-2020,600,CE,0,0,0,145.65,169.3,0,0,0,0,06-JUL-2020,
OPTSTK,INFY,27-Aug-2020,610,CE,0,0,0,139.05,159.9,0,0,0,0,06-JUL-2020,
OPTSTK,INFY,27-Aug-2020,620,CE,0,0,0,132.6,150.65,0,0,0,0,06-JUL-2020,
OPTSTK,INFY,27-Aug-2020,630,CE,0,0,0,126.4,141.55,0,0,0,0,06-JUL-2020,
OPTSTK,INFY,27-Aug-2020,640,CE,0,0,0,120.4,132.65,0,0,0,0,06-JUL-2020,
OPTSTK,INFY,27-Aug-2020,650,CE,0,0,0,114.65,123.95,0,0,0,0,06-JUL-2020,
OPTSTK,INFY,27-Aug-2020,660,CE,115,115,115,115,115.5,1,9.3,3600,1200,06-JUL-2020,
OPTSTK,INFY,27-Aug-2020,670,CE,0,0,0,103.7,107.3,0,0,0,0,06-JUL-2020,
OPTSTK,INFY,27-Aug-2020,680,CE,0,0,0,98.5,99.35,0,0,0,0,06-JUL-2020,
OPTSTK,INFY,27-Aug-2020,690,CE,0,0,0,93.55,91.75,0,0,0,0,06-JUL-2020,
OPTSTK,INFY,27-Aug-2020,700,CE,0,0,0,73.3,84.45,0,0,3600,0,06-JUL-2020,
OPTSTK,INFY,27-Aug-2020,710,CE,0,0,0,84.2,77.45,0,0,0,0,06-JUL-2020,
OPTSTK,INFY,27-Aug-2020,720,CE,0,0,0,79.8,70.85,0,0,0,0,06-JUL-2020,
OPTSTK,INFY,27-Aug-2020,730,CE,0,0,0,75.6,64.55,0,0,0,0,06-JUL-2020,
OPTSTK,INFY,27-Aug-2020,740,CE,53,53,53,53,58.65,1,9.51,19200,1200,06-JUL-2020,
OPTSTK,INFY,27-Aug-2020,750,CE,50,50,48.5,48.5,53.1,4,38.35,12000,1200,06-JUL-2020,
OPTSTK,INFY,27-Aug-2020,760,CE,42.4,42.4,42.4,42.4,47.9,1,9.62,4800,1200,06-JUL-2020,
OPTSTK,INFY,27-Aug-2020,770,CE,0,0,0,60.55,43.1,0,0,0,0,06-JUL-2020,
OPTSTK,INFY,27-Aug-2020,780,CE,29.45,29.45,28.8,28.8,28.8,2,19.41,14400,-2400,06-JUL-2020,
OPTSTK,INFY,27-Aug-2020,790,CE,0,0,0,54,34.55,0,0,0,0,06-JUL-2020,
OPTSTK,INFY,27-Aug-2020,800,CE,24,25.4,22.05,22.05,22.05,11,108.75,51600,6000,06-JUL-2020,
OPTSTK,INFY,27-Aug-2020,810,CE,0,0,0,48.1,27.3,0,0,0,0,06-JUL-2020,
OPTSTK,INFY,27-Aug-2020,820,CE,0,0,0,17.2,24.15,0,0,7200,0,06-JUL-2020,
OPTSTK,INFY,27-Aug-2020,830,CE,15.1,15.1,14.4,14.4,21.3,6,60.83,7200,7200,06-JUL-2020,
OPTSTK,INFY,27-Aug-2020,840,CE,0,0,0,40.35,18.75,0,0,0,0,06-JUL-2020,
OPTSTK,INFY,27-Aug-2020,850,CE,0,0,0,38,16.45,0,0,0,0,06-JUL-2020,
OPTSTK,INFY,27-Aug-2020,860,CE,0,0,0,35.8,14.4,0,0,0,0,06-JUL-2020,
OPTSTK,INFY,27-Aug-2020,870,CE,0,0,0,33.7,12.55,0,0,0,0,06-JUL-2020,
OPTSTK,INFY,27-Aug-2020,880,CE,0,0,0,31.7,10.9,0,0,0,0,06-JUL-2020,
OPTSTK,INFY,27-Aug-2020,520,PE,0,0,0,11.85,0.1,0,0,0,0,06-JUL-2020,
OPTSTK,INFY,27-Aug-2020,530,PE,0,0,0,13.6,0.15,0,0,0,0,06-JUL-2020,
OPTSTK,INFY,27-Aug-2020,540,PE,0,0,0,15.5,0.2,0,0,0,0,06-JUL-2020,
OPTSTK,INFY,27-Aug-2020,550,PE,0,0,0,17.6,0.3,0,0,0,0,06-JUL-2020,
OPTSTK,INFY,27-Aug-2020,560,PE,0,0,0,19.9,0.45,0,0,0,0,06-JUL-2020,
OPTSTK,INFY,27-Aug-2020,570,PE,0,0,0,22.4,0.65,0,0,0,0,06-JUL-2020,
OPTSTK,INFY,27-Aug-2020,580,PE,0,0,0,25.05,0.9,0,0,0,0,06-JUL-2020,
OPTSTK,INFY,27-Aug-2020,590,PE,0,0,0,27.9,1.25,0,0,0,0,06-JUL-2020,
OPTSTK,INFY,27-Aug-2020,600,PE,0,0,0,3.5,1.65,0,0,19200,0,06-JUL-2020,
OPTSTK,INFY,27-Aug-2020,610,PE,0,0,0,34.25,2.2,0,0,0,0,06-JUL-2020,
OPTSTK,INFY,27-Aug-2020,620,PE,0,0,0,37.7,2.9,0,0,0,0,06-JUL-2020,
OPTSTK,INFY,27-Aug-2020,630,PE,0,0,0,41.35,3.75,0,0,0,0,06-JUL-2020,
OPTSTK,INFY,27-Aug-2020,640,PE,0,0,0,45.25,4.8,0,0,0,0,06-JUL-2020,
OPTSTK,INFY,27-Aug-2020,650,PE,0,0,0,49.35,6.05,0,0,0,0,06-JUL-2020,
OPTSTK,INFY,27-Aug-2020,660,PE,0,0,0,9,7.5,0,0,7200,0,06-JUL-2020,
OPTSTK,INFY,27-Aug-2020,670,PE,0,0,0,58.15,9.25,0,0,0,0,06-JUL-2020,
OPTSTK,INFY,27-Aug-2020,680,PE,10,10,10,10,10,6,49.68,8400,7200,06-JUL-2020,
OPTSTK,INFY,27-Aug-2020,690,PE,0,0,0,67.75,13.6,0,0,0,0,06-JUL-2020,
OPTSTK,INFY,27-Aug-2020,700,PE,13.5,14,12.7,14,14,19,162.55,27600,13200,06-JUL-2020,
OPTSTK,INFY,27-Aug-2020,710,PE,0,0,0,18,19.15,0,0,6000,0,06-JUL-2020,
OPTSTK,INFY,27-Aug-2020,720,PE,0,0,0,83.65,22.5,0,0,0,0,06-JUL-2020,
OPTSTK,INFY,27-Aug-2020,730,PE,20.5,20.5,20.5,20.5,26.15,1,9,1200,1200,06-JUL-2020,
OPTSTK,INFY,27-Aug-2020,740,PE,27,27,27,27,30.2,1,9.2,2400,0,06-JUL-2020,
OPTSTK,INFY,27-Aug-2020,750,PE,0,0,0,101.2,34.55,0,0,0,0,06-JUL-2020,
OPTSTK,INFY,27-Aug-2020,760,PE,35,35,35,35,39.35,1,9.54,3600,1200,06-JUL-2020,
OPTSTK,INFY,27-Aug-2020,770,PE,0,0,0,113.8,44.45,0,0,0,0,06-JUL-2020,
OPTSTK,INFY,27-Aug-2020,780,PE,42.8,42.8,42.8,42.8,49.95,1,9.87,1200,1200,06-JUL-2020,
OPTSTK,INFY,27-Aug-2020,790,PE,56.55,56.55,56.55,56.55,55.75,1,10.15,1200,1200,06-JUL-2020,
OPTSTK,INFY,27-Aug-2020,800,PE,0,0,0,133.85,61.95,0,0,0,0,06-JUL-2020,
OPTSTK,INFY,27-Aug-2020,810,PE,0,0,0,140.85,68.4,0,0,0,0,06-JUL-2020,
OPTSTK,INFY,27-Aug-2020,820,PE,0,0,0,148,75.2,0,0,0,0,06-JUL-2020,
OPTSTK,INFY,27-Aug-2020,830,PE,0,0,0,155.3,82.3,0,0,0,0,06-JUL-2020,
OPTSTK,INFY,27-Aug-2020,840,PE,0,0,0,162.75,89.7,0,0,0,0,06-JUL-2020,
OPTSTK,INFY,27-Aug-2020,850,PE,0,0,0,170.3,97.3,0,0,0,0,06-JUL-2020,
OPTSTK,INFY,27-Aug-2020,860,PE,0,0,0,177.95,105.2,0,0,0,0,06-JUL-2020,
OPTSTK,INFY,27-Aug-2020,870,PE,0,0,0,185.75,113.3,0,0,0,0,06-JUL-2020,
OPTSTK,INFY,27-Aug-2020,880,PE,0,0,0,193.65,121.6,0,0,0,0,06-JUL-2020,
OPTSTK,INFY,24-Sep-2020,520,CE,0,0,0,193.05,249.35,0,0,0,0,06-JUL-2020,
OPTSTK,INFY,24-Sep-2020,530,CE,0,0,0,184.4,239.65,0,0,0,0,06-JUL-2020,
OPTSTK,INFY,24-Sep-2020,540,CE,0,0,0,175.95,229.95,0,0,0,0,06-JUL-2020,
OPTSTK,INFY,24-Sep-2020,550,CE,0,0,0,167.7,220.4,0,0,0,0,06-JUL-2020,
OPTSTK,INFY,24-Sep-2020,560,CE,0,0,0,159.6,210.85,0,0,0,0,06-JUL-2020,
OPTSTK,INFY,24-Sep-2020,570,CE,0,0,0,151.75,201.45,0,0,0,0,06-JUL-2020,
OPTSTK,INFY,24-Sep-2020,580,CE,0,0,0,144.05,192.1,0,0,0,0,06-JUL-2020,
OPTSTK,INFY,24-Sep-2020,590,CE,0,0,0,136.65,182.9,0,0,0,0,06-JUL-2020,
OPTSTK,INFY,24-Sep-2020,600,CE,0,0,0,129.4,173.85,0,0,0,0,06-JUL-2020,
OPTSTK,INFY,24-Sep-2020,610,CE,0,0,0,122.4,164.95,0,0,0,0,06-JUL-2020,
OPTSTK,INFY,24-Sep-2020,620,CE,0,0,0,115.65,156.25,0,0,0,0,06-JUL-2020,
OPTSTK,INFY,24-Sep-2020,630,CE,0,0,0,109.1,147.7,0,0,0,0,06-JUL-2020,
OPTSTK,INFY,24-Sep-2020,640,CE,0,0,0,102.85,139.35,0,0,0,0,06-JUL-2020,
OPTSTK,INFY,24-Sep-2020,650,CE,0,0,0,96.8,131.25,0,0,0,0,06-JUL-2020,
OPTSTK,INFY,24-Sep-2020,660,CE,0,0,0,91.05,123.35,0,0,0,0,06-JUL-2020,
OPTSTK,INFY,24-Sep-2020,670,CE,0,0,0,85.55,115.7,0,0,0,0,06-JUL-2020,
OPTSTK,INFY,24-Sep-2020,680,CE,0,0,0,80.25,108.35,0,0,0,0,06-JUL-2020,
OPTSTK,INFY,24-Sep-2020,690,CE,0,0,0,75.2,101.2,0,0,0,0,06-JUL-2020,
OPTSTK,INFY,24-Sep-2020,700,CE,0,0,0,70.4,94.4,0,0,0,0,06-JUL-2020,
OPTSTK,INFY,24-Sep-2020,710,CE,0,0,0,65.85,87.85,0,0,0,0,06-JUL-2020,
OPTSTK,INFY,24-Sep-2020,720,CE,0,0,0,61.5,81.6,0,0,0,0,06-JUL-2020,
OPTSTK,INFY,24-Sep-2020,730,CE,0,0,0,57.4,75.65,0,0,0,0,06-JUL-2020,
OPTSTK,INFY,24-Sep-2020,740,CE,0,0,0,53.55,69.95,0,0,0,0,06-JUL-2020,
OPTSTK,INFY,24-Sep-2020,750,CE,0,0,0,49.85,64.6,0,0,0,0,06-JUL-2020,
OPTSTK,INFY,24-Sep-2020,760,CE,0,0,0,46.4,59.55,0,0,0,0,06-JUL-2020,
OPTSTK,INFY,24-Sep-2020,770,CE,0,0,0,43.15,54.75,0,0,0,0,06-JUL-2020,
OPTSTK,INFY,24-Sep-2020,780,CE,0,0,0,40.05,50.25,0,0,0,0,06-JUL-2020,
OPTSTK,INFY,24-Sep-2020,790,CE,0,0,0,37.2,46.05,0,0,0,0,06-JUL-2020,
OPTSTK,INFY,24-Sep-2020,800,CE,0,0,0,34.5,42.1,0,0,0,0,06-JUL-2020,
OPTSTK,INFY,24-Sep-2020,810,CE,0,0,0,32,38.45,0,0,0,0,06-JUL-2020,
OPTSTK,INFY,24-Sep-2020,820,CE,0,0,0,29.6,35,0,0,0,0,06-JUL-2020,
OPTSTK,INFY,24-Sep-2020,830,CE,0,0,0,27.4,31.85,0,0,0,0,06-JUL-2020,
OPTSTK,INFY,24-Sep-2020,840,CE,0,0,0,25.35,28.9,0,0,0,0,06-JUL-2020,
OPTSTK,INFY,24-Sep-2020,850,CE,0,0,0,23.4,26.2,0,0,0,0,06-JUL-2020,
OPTSTK,INFY,24-Sep-2020,860,CE,0,0,0,21.6,23.7,0,0,0,0,06-JUL-2020,
OPTSTK,INFY,24-Sep-2020,870,CE,0,0,0,19.9,21.4,0,0,0,0,06-JUL-2020,
OPTSTK,INFY,24-Sep-2020,880,CE,0,0,0,18.35,19.3,0,0,0,0,06-JUL-2020,
OPTSTK,INFY,24-Sep-2020,520,PE,0,0,0,6.5,0.55,0,0,0,0,06-JUL-2020,
OPTSTK,INFY,24-Sep-2020,530,PE,0,0,0,7.8,0.7,0,0,0,0,06-JUL-2020,
OPTSTK,INFY,24-Sep-2020,540,PE,0,0,0,9.2,0.95,0,0,0,0,06-JUL-2020,
OPTSTK,INFY,24-Sep-2020,550,PE,0,0,0,10.8,1.3,0,0,0,0,06-JUL-2020,
OPTSTK,INFY,24-Sep-2020,560,PE,0,0,0,12.6,1.65,0,0,0,0,06-JUL-2020,
OPTSTK,INFY,24-Sep-2020,570,PE,0,0,0,14.6,2.15,0,0,0,0,06-JUL-2020,
OPTSTK,INFY,24-Sep-2020,580,PE,0,0,0,16.85,2.75,0,0,0,0,06-JUL-2020,
OPTSTK,INFY,24-Sep-2020,590,PE,0,0,0,19.3,3.45,0,0,0,0,06-JUL-2020,
OPTSTK,INFY,24-Sep-2020,600,PE,0,0,0,21.95,4.3,0,0,0,0,06-JUL-2020,
OPTSTK,INFY,24-Sep-2020,610,PE,0,0,0,24.85,5.3,0,0,0,0,06-JUL-2020,
OPTSTK,INFY,24-Sep-2020,620,PE,0,0,0,27.95,6.5,0,0,0,0,06-JUL-2020,
OPTSTK,INFY,24-Sep-2020,630,PE,0,0,0,31.3,7.85,0,0,0,0,06-JUL-2020,
OPTSTK,INFY,24-Sep-2020,640,PE,0,0,0,34.9,9.4,0,0,0,0,06-JUL-2020,
OPTSTK,INFY,24-Sep-2020,650,PE,0,0,0,38.8,11.2,0,0,0,0,06-JUL-2020,
OPTSTK,INFY,24-Sep-2020,660,PE,0,0,0,42.9,13.25,0,0,0,0,06-JUL-2020,
OPTSTK,INFY,24-Sep-2020,670,PE,0,0,0,47.25,15.5,0,0,0,0,06-JUL-2020,
OPTSTK,INFY,24-Sep-2020,680,PE,0,0,0,51.85,18.05,0,0,0,0,06-JUL-2020,
OPTSTK,INFY,24-Sep-2020,690,PE,0,0,0,56.7,20.85,0,0,0,0,06-JUL-2020,
OPTSTK,INFY,24-Sep-2020,700,PE,0,0,0,61.8,23.9,0,0,0,0,06-JUL-2020,
OPTSTK,INFY,24-Sep-2020,710,PE,0,0,0,67.1,27.25,0,0,0,0,06-JUL-2020,
OPTSTK,INFY,24-Sep-2020,720,PE,0,0,0,72.65,30.9,0,0,0,0,06-JUL-2020,
OPTSTK,INFY,24-Sep-2020,730,PE,0,0,0,78.45,34.85,0,0,0,0,06-JUL-2020,
OPTSTK,INFY,24-Sep-2020,740,PE,0,0,0,84.45,39.1,0,0,0,0,06-JUL-2020,
OPTSTK,INFY,24-Sep-2020,750,PE,0,0,0,90.65,43.65,0,0,0,0,06-JUL-2020,
OPTSTK,INFY,24-Sep-2020,760,PE,0,0,0,97.1,48.5,0,0,0,0,06-JUL-2020,
OPTSTK,INFY,24-Sep-2020,770,PE,0,0,0,103.7,53.6,0,0,0,0,06-JUL-2020,
OPTSTK,INFY,24-Sep-2020,780,PE,0,0,0,110.55,59.05,0,0,0,0,06-JUL-2020,
OPTSTK,INFY,24-Sep-2020,790,PE,0,0,0,117.55,64.7,0,0,0,0,06-JUL-2020,
OPTSTK,INFY,24-Sep-2020,800,PE,0,0,0,124.7,70.7,0,0,0,0,06-JUL-2020,
OPTSTK,INFY,24-Sep-2020,810,PE,0,0,0,132.1,76.95,0,0,0,0,06-JUL-2020,
OPTSTK,INFY,24-Sep-2020,820,PE,0,0,0,139.6,83.4,0,0,0,0,06-JUL-2020,
OPTSTK,INFY,24-Sep-2020,830,PE,0,0,0,147.25,90.15,0,0,0,0,06-JUL-2020,
OPTSTK,INFY,24-Sep-2020,840,PE,0,0,0,155.1,97.15,0,0,0,0,06-JUL-2020,
OPTSTK,INFY,24-Sep-2020,850,PE,0,0,0,163.05,104.35,0,0,0,0,06-JUL-2020,
OPTSTK,INFY,24-Sep-2020,860,PE,0,0,0,171.1,111.75,0,0,0,0,06-JUL-2020,
OPTSTK,INFY,24-Sep-2020,870,PE,0,0,0,179.3,119.35,0,0,0,0,06-JUL-2020,
OPTSTK,INFY,24-Sep-2020,880,PE,0,0,0,187.65,127.15,0,0,0,0,06-JUL-2020,
OPTSTK,IOC,30-Jul-2020,52.5,CE,0,0,0,32.55,35.6,0,0,0,0,06-JUL-2020,
OPTSTK,IOC,30-Jul-2020,55,CE,0,0,0,30.2,33.1,0,0,0,0,06-JUL-2020,
OPTSTK,IOC,30-Jul-2020,57.5,CE,0,0,0,27.9,30.6,0,0,0,0,06-JUL-2020,
OPTSTK,IOC,30-Jul-2020,60,CE,0,0,0,26.5,28.1,0,0,5700,0,06-JUL-2020,
OPTSTK,IOC,30-Jul-2020,61,CE,0,0,0,17.8,27.1,0,0,0,0,06-JUL-2020,
OPTSTK,IOC,30-Jul-2020,62,CE,0,0,0,16.95,26.1,0,0,0,0,06-JUL-2020,
OPTSTK,IOC,30-Jul-2020,62.5,CE,0,0,0,23.5,25.6,0,0,0,0,06-JUL-2020,
OPTSTK,IOC,30-Jul-2020,63,CE,0,0,0,16.1,25.15,0,0,0,0,06-JUL-2020,
OPTSTK,IOC,30-Jul-2020,64,CE,0,0,0,15.25,24.15,0,0,0,0,06-JUL-2020,
OPTSTK,IOC,30-Jul-2020,65,CE,0,0,0,21.4,23.15,0,0,0,0,06-JUL-2020,
OPTSTK,IOC,30-Jul-2020,66,CE,0,0,0,13.65,22.15,0,0,0,0,06-JUL-2020,
OPTSTK,IOC,30-Jul-2020,67,CE,0,0,0,12.85,21.15,0,0,0,0,06-JUL-2020,
OPTSTK,IOC,30-Jul-2020,67.5,CE,0,0,0,19.45,20.65,0,0,0,0,06-JUL-2020,
OPTSTK,IOC,30-Jul-2020,68,CE,0,0,0,12.15,20.15,0,0,0,0,06-JUL-2020,
OPTSTK,IOC,30-Jul-2020,69,CE,0,0,0,11.4,19.15,0,0,0,0,06-JUL-2020,
OPTSTK,IOC,30-Jul-2020,70,CE,0,0,0,17.55,18.15,0,0,5700,0,06-JUL-2020,
OPTSTK,IOC,30-Jul-2020,71,CE,0,0,0,10.05,17.2,0,0,0,0,06-JUL-2020,
OPTSTK,IOC,30-Jul-2020,72,CE,0,0,0,9.4,16.2,0,0,0,0,06-JUL-2020,
OPTSTK,IOC,30-Jul-2020,72.5,CE,0,0,0,15.8,15.7,0,0,0,0,06-JUL-2020,
OPTSTK,IOC,30-Jul-2020,73,CE,0,0,0,8.75,15.25,0,0,0,0,06-JUL-2020,
OPTSTK,IOC,30-Jul-2020,74,CE,0,0,0,8.2,14.25,0,0,0,0,06-JUL-2020,
OPTSTK,IOC,30-Jul-2020,75,CE,0,0,0,12.55,13.3,0,0,22800,0,06-JUL-2020,
OPTSTK,IOC,30-Jul-2020,76,CE,0,0,0,7.1,12.35,0,0,0,0,06-JUL-2020,
OPTSTK,IOC,30-Jul-2020,77,CE,0,0,0,6.55,11.45,0,0,0,0,06-JUL-2020,
OPTSTK,IOC,30-Jul-2020,77.5,CE,0,0,0,9.8,11,0,0,5700,0,06-JUL-2020,
OPTSTK,IOC,30-Jul-2020,78,CE,0,0,0,6.1,10.55,0,0,0,0,06-JUL-2020,
OPTSTK,IOC,30-Jul-2020,79,CE,0,0,0,5.65,9.7,0,0,0,0,06-JUL-2020,
OPTSTK,IOC,30-Jul-2020,80,CE,10,10.05,8.5,8.6,8.85,14,71.31,165300,39900,06-JUL-2020,
OPTSTK,IOC,30-Jul-2020,81,CE,9,9,9,9,8,1,5.13,22800,0,06-JUL-2020,
OPTSTK,IOC,30-Jul-2020,82,CE,0,0,0,8.85,7.25,0,0,0,0,06-JUL-2020,
OPTSTK,IOC,30-Jul-2020,82.5,CE,0,0,0,7.45,6.85,0,0,5700,0,06-JUL-2020,
OPTSTK,IOC,30-Jul-2020,83,CE,0,0,0,6.95,6.5,0,0,0,0,06-JUL-2020,
OPTSTK,IOC,30-Jul-2020,84,CE,6.9,6.9,6.9,6.9,5.8,1,5.18,28500,0,06-JUL-2020,
OPTSTK,IOC,30-Jul-2020,85,CE,6.3,6.45,5.25,5.4,5.15,26,134.54,1293900,11400,06-JUL-2020,
OPTSTK,IOC,30-Jul-2020,86,CE,5.95,5.95,4.75,4.75,4.55,7,36.41,125400,-5700,06-JUL-2020,
OPTSTK,IOC,30-Jul-2020,87,CE,4.45,5.2,4.2,4.55,4.55,21,109.68,444600,11400,06-JUL-2020,
OPTSTK,IOC,30-Jul-2020,87.5,CE,4.3,4.9,4.05,4.3,4.3,18,94.46,296400,-45600,06-JUL-2020,
OPTSTK,IOC,30-Jul-2020,88,CE,4.6,4.75,3.75,4.1,4.1,32,168.33,222300,-45600,06-JUL-2020,
OPTSTK,IOC,30-Jul-2020,89,CE,3.7,4.25,3.45,3.65,3.65,30,159.01,336300,17100,06-JUL-2020,
OPTSTK,IOC,30-Jul-2020,90,CE,3.25,3.85,2.9,3.25,3.25,349,1860.28,3414300,119700,06-JUL-2020,
OPTSTK,IOC,30-Jul-2020,91,CE,3.35,3.4,2.7,2.8,2.25,12,64.32,205200,11400,06-JUL-2020,
OPTSTK,IOC,30-Jul-2020,92,CE,2.9,3,2.35,2.35,1.9,26,140.51,273600,22800,06-JUL-2020,
OPTSTK,IOC,30-Jul-2020,92.5,CE,2.75,2.85,2.2,2.35,2.35,25,135.57,404700,39900,06-JUL-2020,
OPTSTK,IOC,30-Jul-2020,93,CE,2.5,2.8,2,2.2,1.6,12,65.18,250800,-5700,06-JUL-2020,
OPTSTK,IOC,30-Jul-2020,94,CE,0,0,0,1.5,1.35,0,0,0,0,06-JUL-2020,
OPTSTK,IOC,30-Jul-2020,95,CE,1.9,2.2,1.65,1.85,1.85,184,1017.23,1858200,-22800,06-JUL-2020,
OPTSTK,IOC,30-Jul-2020,96,CE,0,0,0,2,0.95,0,0,5700,0,06-JUL-2020,
OPTSTK,IOC,30-Jul-2020,97,CE,0,0,0,1.1,0.75,0,0,0,0,06-JUL-2020,
OPTSTK,IOC,30-Jul-2020,97.5,CE,1.45,1.5,1.2,1.3,1.3,6,33.8,28500,0,06-JUL-2020,
OPTSTK,IOC,30-Jul-2020,98,CE,0,0,0,1,0.65,0,0,0,0,06-JUL-2020,
OPTSTK,IOC,30-Jul-2020,99,CE,0,0,0,0.9,0.5,0,0,0,0,06-JUL-2020,
OPTSTK,IOC,30-Jul-2020,100,CE,1.55,1.55,1,1.05,1.05,177,1020.25,4269300,96900,06-JUL-2020,
OPTSTK,IOC,30-Jul-2020,101,CE,0,0,0,1.8,0.35,0,0,11400,0,06-JUL-2020,
OPTSTK,IOC,30-Jul-2020,102,CE,0,0,0,0.65,0.25,0,0,0,0,06-JUL-2020,
OPTSTK,IOC,30-Jul-2020,102.5,CE,0,0,0,0.8,0.25,0,0,17100,0,06-JUL-2020,
OPTSTK,IOC,30-Jul-2020,103,CE,0,0,0,1.1,0.2,0,0,0,0,06-JUL-2020,
OPTSTK,IOC,30-Jul-2020,104,CE,0,0,0,1,0.15,0,0,0,0,06-JUL-2020,
OPTSTK,IOC,30-Jul-2020,105,CE,0.65,0.7,0.55,0.6,0.6,82,493.62,1060200,96900,06-JUL-2020,
OPTSTK,IOC,30-Jul-2020,106,CE,0,0,0,0.8,0.1,0,0,0,0,06-JUL-2020,
OPTSTK,IOC,30-Jul-2020,107,CE,0,0,0,0.7,0.1,0,0,0,0,06-JUL-2020,
OPTSTK,IOC,30-Jul-2020,107.5,CE,0,0,0,2.4,0.05,0,0,0,0,06-JUL-2020,
OPTSTK,IOC,30-Jul-2020,108,CE,0,0,0,1.7,0.05,0,0,0,0,06-JUL-2020,
OPTSTK,IOC,30-Jul-2020,109,CE,0,0,0,1.6,0.05,0,0,0,0,06-JUL-2020,
OPTSTK,IOC,30-Jul-2020,110,CE,0.35,0.35,0.3,0.3,0.3,29,182.35,1470600,0,06-JUL-2020,
OPTSTK,IOC,30-Jul-2020,112.5,CE,0,0,0,1.75,0.05,0,0,0,0,06-JUL-2020,
OPTSTK,IOC,30-Jul-2020,115,CE,0.25,0.25,0.25,0.25,0.05,2,13.13,245100,11400,06-JUL-2020,
OPTSTK,IOC,30-Jul-2020,117.5,CE,0,0,0,0.15,0.05,0,0,342000,0,06-JUL-2020,
OPTSTK,IOC,30-Jul-2020,52.5,PE,0,0,0,0.05,0.05,0,0,5700,0,06-JUL-2020,
OPTSTK,IOC,30-Jul-2020,55,PE,0,0,0,0.3,0.05,0,0,0,0,06-JUL-2020,
OPTSTK,IOC,30-Jul-2020,57.5,PE,0,0,0,0.5,0.05,0,0,0,0,06-JUL-2020,
OPTSTK,IOC,30-Jul-2020,60,PE,0,0,0,0.1,0.05,0,0,5700,0,06-JUL-2020,
OPTSTK,IOC,30-Jul-2020,61,PE,0,0,0,0.6,0.05,0,0,0,0,06-JUL-2020,
OPTSTK,IOC,30-Jul-2020,62,PE,0,0,0,0.7,0.05,0,0,0,0,06-JUL-2020,
OPTSTK,IOC,30-Jul-2020,62.5,PE,0,0,0,1,0.05,0,0,0,0,06-JUL-2020,
OPTSTK,IOC,30-Jul-2020,63,PE,0,0,0,0.85,0.05,0,0,0,0,06-JUL-2020,
OPTSTK,IOC,30-Jul-2020,64,PE,0,0,0,1,0.05,0,0,0,0,06-JUL-2020,
OPTSTK,IOC,30-Jul-2020,65,PE,0.35,0.35,0.1,0.1,0.05,2,7.43,5700,0,06-JUL-2020,
OPTSTK,IOC,30-Jul-2020,66,PE,0,0,0,1.4,0.05,0,0,0,0,06-JUL-2020,
OPTSTK,IOC,30-Jul-2020,67,PE,0,0,0,1.6,0.05,0,0,0,0,06-JUL-2020,
OPTSTK,IOC,30-Jul-2020,67.5,PE,0,0,0,1.9,0.05,0,0,0,0,06-JUL-2020,
OPTSTK,IOC,30-Jul-2020,68,PE,0,0,0,1.85,0.05,0,0,0,0,06-JUL-2020,
OPTSTK,IOC,30-Jul-2020,69,PE,0,0,0,2.1,0.05,0,0,0,0,06-JUL-2020,
OPTSTK,IOC,30-Jul-2020,70,PE,0.15,0.2,0.15,0.15,0.05,7,27.99,456000,-11400,06-JUL-2020,
OPTSTK,IOC,30-Jul-2020,71,PE,0,0,0,2.75,0.05,0,0,0,0,06-JUL-2020,
OPTSTK,IOC,30-Jul-2020,72,PE,0,0,0,3.1,0.05,0,0,0,0,06-JUL-2020,
OPTSTK,IOC,30-Jul-2020,72.5,PE,0,0,0,3.15,0.05,0,0,0,0,06-JUL-2020,
OPTSTK,IOC,30-Jul-2020,73,PE,0,0,0,0.15,0.05,0,0,5700,0,06-JUL-2020,
OPTSTK,IOC,30-Jul-2020,74,PE,0,0,0,1.45,0.1,0,0,5700,0,06-JUL-2020,
OPTSTK,IOC,30-Jul-2020,75,PE,0.3,0.45,0.3,0.35,0.35,9,38.65,524400,0,06-JUL-2020,
OPTSTK,IOC,30-Jul-2020,76,PE,0,0,0,1.15,0.2,0,0,11400,0,06-JUL-2020,
OPTSTK,IOC,30-Jul-2020,77,PE,0,0,0,1,0.3,0,0,5700,0,06-JUL-2020,
OPTSTK,IOC,30-Jul-2020,77.5,PE,0.5,0.6,0.5,0.55,0.35,12,53.38,148200,-45600,06-JUL-2020,
OPTSTK,IOC,30-Jul-2020,78,PE,0,0,0,1.35,0.4,0,0,17100,0,06-JUL-2020,
OPTSTK,IOC,30-Jul-2020,79,PE,0,0,0,1.05,0.5,0,0,17100,0,06-JUL-2020,
OPTSTK,IOC,30-Jul-2020,80,PE,0.85,1,0.75,0.9,0.9,128,590.29,1886700,131100,06-JUL-2020,
OPTSTK,IOC,30-Jul-2020,81,PE,0,0,0,7.4,0.85,0,0,0,0,06-JUL-2020,
OPTSTK,IOC,30-Jul-2020,82,PE,1.25,1.4,1.25,1.25,1.05,4,18.99,136800,-5700,06-JUL-2020,
OPTSTK,IOC,30-Jul-2020,82.5,PE,1.6,1.6,1.3,1.6,1.2,23,110.03,256500,68400,06-JUL-2020,
OPTSTK,IOC,30-Jul-2020,83,PE,1.6,1.8,1.45,1.65,1.65,14,67.52,148200,34200,06-JUL-2020,
OPTSTK,IOC,30-Jul-2020,84,PE,1.8,2.1,1.8,1.9,1.9,14,68.58,159600,28500,06-JUL-2020,
OPTSTK,IOC,30-Jul-2020,85,PE,2.4,2.65,2.05,2.3,2.3,136,676.69,1630200,131100,06-JUL-2020,
OPTSTK,IOC,30-Jul-2020,86,PE,2.8,3,2.45,2.8,2.35,20,101.09,136800,-39900,06-JUL-2020,
OPTSTK,IOC,30-Jul-2020,87,PE,3.15,3.5,2.9,3.2,3.2,14,71.92,256500,22800,06-JUL-2020,
OPTSTK,IOC,30-Jul-2020,87.5,PE,3.2,3.8,3.2,3.5,3.05,9,46.67,330600,-22800,06-JUL-2020,
OPTSTK,IOC,30-Jul-2020,88,PE,3.6,4.05,3.3,3.65,3.65,17,88.74,205200,22800,06-JUL-2020,
OPTSTK,IOC,30-Jul-2020,89,PE,3.95,4.55,3.75,4.45,3.8,14,74.28,171000,-11400,06-JUL-2020,
OPTSTK,IOC,30-Jul-2020,90,PE,4.6,5.5,4.4,5,5,31,167.33,837900,-28500,06-JUL-2020,
OPTSTK,IOC,30-Jul-2020,91,PE,0,0,0,8.25,5,0,0,17100,0,06-JUL-2020,
OPTSTK,IOC,30-Jul-2020,92,PE,0,0,0,6.25,5.7,0,0,5700,0,06-JUL-2020,
OPTSTK,IOC,30-Jul-2020,92.5,PE,0,0,0,6.85,6.05,0,0,34200,0,06-JUL-2020,
OPTSTK,IOC,30-Jul-2020,93,PE,0,0,0,8.1,6.4,0,0,5700,0,06-JUL-2020,
OPTSTK,IOC,30-Jul-2020,94,PE,0,0,0,17,7.15,0,0,0,0,06-JUL-2020,
OPTSTK,IOC,30-Jul-2020,95,PE,0,0,0,8.9,7.9,0,0,57000,0,06-JUL-2020,
OPTSTK,IOC,30-Jul-2020,96,PE,0,0,0,18.7,8.7,0,0,0,0,06-JUL-2020,
OPTSTK,IOC,30-Jul-2020,97,PE,0,0,0,19.6,9.55,0,0,0,0,06-JUL-2020,
OPTSTK,IOC,30-Jul-2020,97.5,PE,0,0,0,16.45,9.95,0,0,0,0,06-JUL-2020,
OPTSTK,IOC,30-Jul-2020,98,PE,0,0,0,20.5,10.4,0,0,0,0,06-JUL-2020,
OPTSTK,IOC,30-Jul-2020,99,PE,0,0,0,21.35,11.3,0,0,0,0,06-JUL-2020,
OPTSTK,IOC,30-Jul-2020,100,PE,12.75,12.75,12.75,12.75,12.2,1,6.42,159600,5700,06-JUL-2020,
OPTSTK,IOC,30-Jul-2020,101,PE,0,0,0,23.2,13.1,0,0,0,0,06-JUL-2020,
OPTSTK,IOC,30-Jul-2020,102,PE,0,0,0,24.1,14.05,0,0,0,0,06-JUL-2020,
OPTSTK,IOC,30-Jul-2020,102.5,PE,0,0,0,20.25,14.5,0,0,0,0,06-JUL-2020,
OPTSTK,IOC,30-Jul-2020,103,PE,0,0,0,20.05,14.95,0,0,0,0,06-JUL-2020,
OPTSTK,IOC,30-Jul-2020,104,PE,0,0,0,20.95,15.95,0,0,0,0,06-JUL-2020,
OPTSTK,IOC,30-Jul-2020,105,PE,0,0,0,18,16.9,0,0,22800,0,06-JUL-2020,
OPTSTK,IOC,30-Jul-2020,106,PE,0,0,0,22.75,17.85,0,0,0,0,06-JUL-2020,
OPTSTK,IOC,30-Jul-2020,107,PE,0,0,0,23.65,18.85,0,0,0,0,06-JUL-2020,
OPTSTK,IOC,30-Jul-2020,107.5,PE,0,0,0,24.35,19.3,0,0,0,0,06-JUL-2020,
OPTSTK,IOC,30-Jul-2020,108,PE,0,0,0,22.7,19.8,0,0,0,0,06-JUL-2020,
OPTSTK,IOC,30-Jul-2020,109,PE,0,0,0,23.6,20.8,0,0,0,0,06-JUL-2020,
OPTSTK,IOC,30-Jul-2020,110,PE,0,0,0,21.2,21.8,0,0,34200,0,06-JUL-2020,
OPTSTK,IOC,30-Jul-2020,112.5,PE,0,0,0,28.65,24.25,0,0,0,0,06-JUL-2020,
OPTSTK,IOC,30-Jul-2020,115,PE,0,0,0,29.9,26.75,0,0,11400,0,06-JUL-2020,
OPTSTK,IOC,30-Jul-2020,117.5,PE,0,0,0,29.6,29.25,0,0,444600,0,06-JUL-2020,
OPTSTK,IOC,27-Aug-2020,54,CE,0,0,0,24.7,34.3,0,0,0,0,06-JUL-2020,
OPTSTK,IOC,27-Aug-2020,55,CE,0,0,0,23.75,33.3,0,0,0,0,06-JUL-2020,
OPTSTK,IOC,27-Aug-2020,56,CE,0,0,0,22.85,32.3,0,0,0,0,06-JUL-2020,
OPTSTK,IOC,27-Aug-2020,57,CE,0,0,0,21.95,31.3,0,0,0,0,06-JUL-2020,
OPTSTK,IOC,27-Aug-2020,58,CE,0,0,0,21.1,30.3,0,0,0,0,06-JUL-2020,
OPTSTK,IOC,27-Aug-2020,59,CE,0,0,0,20.2,29.3,0,0,0,0,06-JUL-2020,
OPTSTK,IOC,27-Aug-2020,60,CE,0,0,0,19.35,28.3,0,0,0,0,06-JUL-2020,
OPTSTK,IOC,27-Aug-2020,61,CE,0,0,0,18.5,27.35,0,0,0,0,06-JUL-2020,
OPTSTK,IOC,27-Aug-2020,62,CE,0,0,0,17.7,26.35,0,0,0,0,06-JUL-2020,
OPTSTK,IOC,27-Aug-2020,63,CE,0,0,0,16.9,25.35,0,0,0,0,06-JUL-2020,
OPTSTK,IOC,27-Aug-2020,64,CE,0,0,0,16.1,24.4,0,0,0,0,06-JUL-2020,
OPTSTK,IOC,27-Aug-2020,65,CE,0,0,0,15.35,23.4,0,0,0,0,06-JUL-2020,
OPTSTK,IOC,27-Aug-2020,66,CE,0,0,0,14.6,22.45,0,0,0,0,06-JUL-2020,
OPTSTK,IOC,27-Aug-2020,67,CE,0,0,0,13.9,21.45,0,0,0,0,06-JUL-2020,
OPTSTK,IOC,27-Aug-2020,68,CE,0,0,0,13.2,20.5,0,0,0,0,06-JUL-2020,
OPTSTK,IOC,27-Aug-2020,69,CE,0,0,0,12.5,19.55,0,0,0,0,06-JUL-2020,
OPTSTK,IOC,27-Aug-2020,70,CE,0,0,0,11.85,18.6,0,0,0,0,06-JUL-2020,
OPTSTK,IOC,27-Aug-2020,71,CE,0,0,0,11.2,17.65,0,0,0,0,06-JUL-2020,
OPTSTK,IOC,27-Aug-2020,72,CE,0,0,0,10.6,16.75,0,0,0,0,06-JUL-2020,
OPTSTK,IOC,27-Aug-2020,73,CE,0,0,0,10,15.85,0,0,0,0,06-JUL-2020,
OPTSTK,IOC,27-Aug-2020,74,CE,0,0,0,9.45,14.95,0,0,0,0,06-JUL-2020,
OPTSTK,IOC,27-Aug-2020,75,CE,0,0,0,12.9,14.1,0,0,5700,0,06-JUL-2020,
OPTSTK,IOC,27-Aug-2020,76,CE,0,0,0,8.4,13.25,0,0,0,0,06-JUL-2020,
OPTSTK,IOC,27-Aug-2020,77,CE,0,0,0,7.9,12.45,0,0,0,0,06-JUL-2020,
OPTSTK,IOC,27-Aug-2020,78,CE,0,0,0,7.4,11.65,0,0,0,0,06-JUL-2020,
OPTSTK,IOC,27-Aug-2020,79,CE,0,0,0,6.95,10.85,0,0,0,0,06-JUL-2020,
OPTSTK,IOC,27-Aug-2020,80,CE,0,0,0,6.55,10.1,0,0,0,0,06-JUL-2020,
OPTSTK,IOC,27-Aug-2020,81,CE,0,0,0,6.1,9.4,0,0,0,0,06-JUL-2020,
OPTSTK,IOC,27-Aug-2020,82,CE,0,0,0,5.75,8.7,0,0,0,0,06-JUL-2020,
OPTSTK,IOC,27-Aug-2020,83,CE,0,0,0,5.35,8.05,0,0,0,0,06-JUL-2020,
OPTSTK,IOC,27-Aug-2020,84,CE,0,0,0,5,7.4,0,0,0,0,06-JUL-2020,
OPTSTK,IOC,27-Aug-2020,85,CE,0,0,0,4.7,6.8,0,0,0,0,06-JUL-2020,
OPTSTK,IOC,27-Aug-2020,86,CE,0,0,0,6.5,6.25,0,0,5700,0,06-JUL-2020,
OPTSTK,IOC,27-Aug-2020,87,CE,0,0,0,4.05,5.7,0,0,0,0,06-JUL-2020,
OPTSTK,IOC,27-Aug-2020,88,CE,0,0,0,3.8,5.2,0,0,0,0,06-JUL-2020,
OPTSTK,IOC,27-Aug-2020,89,CE,0,0,0,3.55,4.75,0,0,0,0,06-JUL-2020,
OPTSTK,IOC,27-Aug-2020,90,CE,0,0,0,3.3,4.3,0,0,0,0,06-JUL-2020,
OPTSTK,IOC,27-Aug-2020,91,CE,0,0,0,3.05,3.9,0,0,0,0,06-JUL-2020,
OPTSTK,IOC,27-Aug-2020,92,CE,0,0,0,2.85,3.55,0,0,0,0,06-JUL-2020,
OPTSTK,IOC,27-Aug-2020,93,CE,0,0,0,2.65,3.2,0,0,0,0,06-JUL-2020,
OPTSTK,IOC,27-Aug-2020,94,CE,0,0,0,2.45,2.85,0,0,0,0,06-JUL-2020,
OPTSTK,IOC,27-Aug-2020,95,CE,0,0,0,3,2.55,0,0,5700,0,06-JUL-2020,
OPTSTK,IOC,27-Aug-2020,96,CE,0,0,0,2.1,2.3,0,0,0,0,06-JUL-2020,
OPTSTK,IOC,27-Aug-2020,97,CE,0,0,0,1.95,2.05,0,0,0,0,06-JUL-2020,
OPTSTK,IOC,27-Aug-2020,98,CE,0,0,0,1.8,1.8,0,0,0,0,06-JUL-2020,
OPTSTK,IOC,27-Aug-2020,99,CE,0,0,0,1.65,1.6,0,0,0,0,06-JUL-2020,
OPTSTK,IOC,27-Aug-2020,100,CE,2.25,2.25,2.1,2.1,1.45,4,23.29,22800,22800,06-JUL-2020,
OPTSTK,IOC,27-Aug-2020,101,CE,0,0,0,1.45,1.25,0,0,0,0,06-JUL-2020,
OPTSTK,IOC,27-Aug-2020,102,CE,0,0,0,1.3,1.1,0,0,0,0,06-JUL-2020,
OPTSTK,IOC,27-Aug-2020,103,CE,0,0,0,1.95,1,0,0,0,0,06-JUL-2020,
OPTSTK,IOC,27-Aug-2020,104,CE,0,0,0,1.8,0.85,0,0,0,0,06-JUL-2020,
OPTSTK,IOC,27-Aug-2020,105,CE,0,0,0,1.7,0.75,0,0,0,0,06-JUL-2020,
OPTSTK,IOC,27-Aug-2020,54,PE,0,0,0,0.35,0.05,0,0,0,0,06-JUL-2020,
OPTSTK,IOC,27-Aug-2020,55,PE,0,0,0,0.4,0.05,0,0,0,0,06-JUL-2020,
OPTSTK,IOC,27-Aug-2020,56,PE,0,0,0,0.5,0.05,0,0,0,0,06-JUL-2020,
OPTSTK,IOC,27-Aug-2020,57,PE,0,0,0,0.55,0.05,0,0,0,0,06-JUL-2020,
OPTSTK,IOC,27-Aug-2020,58,PE,0,0,0,0.7,0.05,0,0,0,0,06-JUL-2020,
OPTSTK,IOC,27-Aug-2020,59,PE,0,0,0,0.8,0.05,0,0,0,0,06-JUL-2020,
OPTSTK,IOC,27-Aug-2020,60,PE,0,0,0,0.95,0.05,0,0,0,0,06-JUL-2020,
OPTSTK,IOC,27-Aug-2020,61,PE,0,0,0,1.1,0.05,0,0,0,0,06-JUL-2020,
OPTSTK,IOC,27-Aug-2020,62,PE,0,0,0,1.25,0.05,0,0,0,0,06-JUL-2020,
OPTSTK,IOC,27-Aug-2020,63,PE,0,0,0,1.45,0.05,0,0,0,0,06-JUL-2020,
OPTSTK,IOC,27-Aug-2020,64,PE,0,0,0,1.65,0.05,0,0,0,0,06-JUL-2020,
OPTSTK,IOC,27-Aug-2020,65,PE,0,0,0,1.85,0.05,0,0,0,0,06-JUL-2020,
OPTSTK,IOC,27-Aug-2020,66,PE,0,0,0,2.1,0.1,0,0,0,0,06-JUL-2020,
OPTSTK,IOC,27-Aug-2020,67,PE,0,0,0,2.35,0.1,0,0,0,0,06-JUL-2020,
OPTSTK,IOC,27-Aug-2020,68,PE,0,0,0,2.65,0.15,0,0,0,0,06-JUL-2020,
OPTSTK,IOC,27-Aug-2020,69,PE,0,0,0,2.95,0.2,0,0,0,0,06-JUL-2020,
OPTSTK,IOC,27-Aug-2020,70,PE,0,0,0,3.3,0.25,0,0,0,0,06-JUL-2020,
OPTSTK,IOC,27-Aug-2020,71,PE,0,0,0,3.65,0.3,0,0,0,0,06-JUL-2020,
OPTSTK,IOC,27-Aug-2020,72,PE,0,0,0,4,0.35,0,0,0,0,06-JUL-2020,
OPTSTK,IOC,27-Aug-2020,73,PE,0,0,0,4.4,0.45,0,0,0,0,06-JUL-2020,
OPTSTK,IOC,27-Aug-2020,74,PE,0,0,0,4.85,0.55,0,0,0,0,06-JUL-2020,
OPTSTK,IOC,27-Aug-2020,75,PE,0,0,0,5.3,0.7,0,0,0,0,06-JUL-2020,
OPTSTK,IOC,27-Aug-2020,76,PE,0,0,0,5.75,0.85,0,0,0,0,06-JUL-2020,
OPTSTK,IOC,27-Aug-2020,77,PE,0,0,0,6.25,1,0,0,0,0,06-JUL-2020,
OPTSTK,IOC,27-Aug-2020,78,PE,0,0,0,6.75,1.2,0,0,0,0,06-JUL-2020,
OPTSTK,IOC,27-Aug-2020,79,PE,0,0,0,7.3,1.45,0,0,0,0,06-JUL-2020,
OPTSTK,IOC,27-Aug-2020,80,PE,0,0,0,3,1.65,0,0,11400,0,06-JUL-2020,
OPTSTK,IOC,27-Aug-2020,81,PE,0,0,0,8.45,1.95,0,0,0,0,06-JUL-2020,
OPTSTK,IOC,27-Aug-2020,82,PE,0,0,0,9.05,2.25,0,0,0,0,06-JUL-2020,
OPTSTK,IOC,27-Aug-2020,83,PE,0,0,0,9.65,2.6,0,0,0,0,06-JUL-2020,
OPTSTK,IOC,27-Aug-2020,84,PE,0,0,0,10.3,2.95,0,0,0,0,06-JUL-2020,
OPTSTK,IOC,27-Aug-2020,85,PE,0,0,0,10.95,3.35,0,0,0,0,06-JUL-2020,
OPTSTK,IOC,27-Aug-2020,86,PE,0,0,0,11.6,3.8,0,0,0,0,06-JUL-2020,
OPTSTK,IOC,27-Aug-2020,87,PE,0,0,0,12.3,4.25,0,0,0,0,06-JUL-2020,
OPTSTK,IOC,27-Aug-2020,88,PE,0,0,0,13.05,4.75,0,0,0,0,06-JUL-2020,
OPTSTK,IOC,27-Aug-2020,89,PE,0,0,0,13.75,5.25,0,0,0,0,06-JUL-2020,
OPTSTK,IOC,27-Aug-2020,90,PE,0,0,0,14.5,5.8,0,0,0,0,06-JUL-2020,
OPTSTK,IOC,27-Aug-2020,91,PE,0,0,0,15.25,6.4,0,0,0,0,06-JUL-2020,
OPTSTK,IOC,27-Aug-2020,92,PE,0,0,0,16.05,7.05,0,0,0,0,06-JUL-2020,
OPTSTK,IOC,27-Aug-2020,93,PE,0,0,0,16.8,7.65,0,0,0,0,06-JUL-2020,
OPTSTK,IOC,27-Aug-2020,94,PE,0,0,0,17.6,8.35,0,0,0,0,06-JUL-2020,
OPTSTK,IOC,27-Aug-2020,95,PE,0,0,0,18.4,9.05,0,0,0,0,06-JUL-2020,
OPTSTK,IOC,27-Aug-2020,96,PE,0,0,0,19.25,9.75,0,0,0,0,06-JUL-2020,
OPTSTK,IOC,27-Aug-2020,97,PE,0,0,0,20.05,10.5,0,0,0,0,06-JUL-2020,
OPTSTK,IOC,27-Aug-2020,98,PE,0,0,0,20.9,11.3,0,0,0,0,06-JUL-2020,
OPTSTK,IOC,27-Aug-2020,99,PE,0,0,0,21.75,12.05,0,0,0,0,06-JUL-2020,
OPTSTK,IOC,27-Aug-2020,100,PE,0,0,0,22.65,12.9,0,0,0,0,06-JUL-2020,
OPTSTK,IOC,27-Aug-2020,101,PE,0,0,0,23.5,13.7,0,0,0,0,06-JUL-2020,
OPTSTK,IOC,27-Aug-2020,102,PE,0,0,0,24.4,14.55,0,0,0,0,06-JUL-2020,
OPTSTK,IOC,27-Aug-2020,103,PE,0,0,0,20.55,15.4,0,0,0,0,06-JUL-2020,
OPTSTK,IOC,27-Aug-2020,104,PE,0,0,0,21.4,16.3,0,0,0,0,06-JUL-2020,
OPTSTK,IOC,27-Aug-2020,105,PE,0,0,0,22.25,17.2,0,0,0,0,06-JUL-2020,
OPTSTK,IOC,24-Sep-2020,61,CE,0,0,0,25.2,27.6,0,0,0,0,06-JUL-2020,
OPTSTK,IOC,24-Sep-2020,62,CE,0,0,0,24.3,26.65,0,0,0,0,06-JUL-2020,
OPTSTK,IOC,24-Sep-2020,63,CE,0,0,0,23.4,25.65,0,0,0,0,06-JUL-2020,
OPTSTK,IOC,24-Sep-2020,64,CE,0,0,0,22.5,24.7,0,0,0,0,06-JUL-2020,
OPTSTK,IOC,24-Sep-2020,65,CE,0,0,0,21.65,23.75,0,0,0,0,06-JUL-2020,
OPTSTK,IOC,24-Sep-2020,66,CE,0,0,0,20.75,22.8,0,0,0,0,06-JUL-2020,
OPTSTK,IOC,24-Sep-2020,67,CE,0,0,0,19.95,21.9,0,0,0,0,06-JUL-2020,
OPTSTK,IOC,24-Sep-2020,68,CE,0,0,0,19.1,20.95,0,0,0,0,06-JUL-2020,
OPTSTK,IOC,24-Sep-2020,69,CE,0,0,0,18.3,20.05,0,0,0,0,06-JUL-2020,
OPTSTK,IOC,24-Sep-2020,70,CE,0,0,0,17.5,19.15,0,0,0,0,06-JUL-2020,
OPTSTK,IOC,24-Sep-2020,71,CE,0,0,0,16.7,18.3,0,0,0,0,06-JUL-2020,
OPTSTK,IOC,24-Sep-2020,72,CE,0,0,0,15.95,17.4,0,0,0,0,06-JUL-2020,
OPTSTK,IOC,24-Sep-2020,73,CE,0,0,0,15.25,16.6,0,0,0,0,06-JUL-2020,
OPTSTK,IOC,24-Sep-2020,74,CE,0,0,0,14.5,15.75,0,0,0,0,06-JUL-2020,
OPTSTK,IOC,24-Sep-2020,75,CE,0,0,0,13.8,14.95,0,0,0,0,06-JUL-2020,
OPTSTK,IOC,24-Sep-2020,76,CE,0,0,0,13.15,14.15,0,0,0,0,06-JUL-2020,
OPTSTK,IOC,24-Sep-2020,77,CE,0,0,0,12.5,13.4,0,0,0,0,06-JUL-2020,
OPTSTK,IOC,24-Sep-2020,78,CE,0,0,0,11.85,12.65,0,0,0,0,06-JUL-2020,
OPTSTK,IOC,24-Sep-2020,79,CE,0,0,0,11.25,11.9,0,0,0,0,06-JUL-2020,
OPTSTK,IOC,24-Sep-2020,80,CE,0,0,0,10.65,11.2,0,0,0,0,06-JUL-2020,
OPTSTK,IOC,24-Sep-2020,81,CE,0,0,0,10.1,10.55,0,0,0,0,06-JUL-2020,
OPTSTK,IOC,24-Sep-2020,82,CE,0,0,0,9.55,9.9,0,0,0,0,06-JUL-2020,
OPTSTK,IOC,24-Sep-2020,83,CE,0,0,0,9,9.25,0,0,0,0,06-JUL-2020,
OPTSTK,IOC,24-Sep-2020,84,CE,0,0,0,8.5,8.7,0,0,0,0,06-JUL-2020,
OPTSTK,IOC,24-Sep-2020,85,CE,0,0,0,8,8.1,0,0,0,0,06-JUL-2020,
OPTSTK,IOC,24-Sep-2020,86,CE,0,0,0,7.55,7.55,0,0,0,0,06-JUL-2020,
OPTSTK,IOC,24-Sep-2020,87,CE,0,0,0,7.1,7.05,0,0,0,0,06-JUL-2020,
OPTSTK,IOC,24-Sep-2020,88,CE,0,0,0,6.7,6.55,0,0,0,0,06-JUL-2020,
OPTSTK,IOC,24-Sep-2020,89,CE,0,0,0,6.3,6.1,0,0,0,0,06-JUL-2020,
OPTSTK,IOC,24-Sep-2020,90,CE,0,0,0,5.9,5.65,0,0,0,0,06-JUL-2020,
OPTSTK,IOC,24-Sep-2020,91,CE,0,0,0,5.55,5.2,0,0,0,0,06-JUL-2020,
OPTSTK,IOC,24-Sep-2020,92,CE,0,0,0,5.2,4.85,0,0,0,0,06-JUL-2020,
OPTSTK,IOC,24-Sep-2020,93,CE,0,0,0,4.9,4.45,0,0,0,0,06-JUL-2020,
OPTSTK,IOC,24-Sep-2020,94,CE,0,0,0,4.55,4.1,0,0,0,0,06-JUL-2020,
OPTSTK,IOC,24-Sep-2020,95,CE,0,0,0,4.25,3.8,0,0,0,0,06-JUL-2020,
OPTSTK,IOC,24-Sep-2020,96,CE,0,0,0,4,3.5,0,0,0,0,06-JUL-2020,
OPTSTK,IOC,24-Sep-2020,97,CE,0,0,0,3.75,3.2,0,0,0,0,06-JUL-2020,
OPTSTK,IOC,24-Sep-2020,98,CE,0,0,0,3.5,2.95,0,0,0,0,06-JUL-2020,
OPTSTK,IOC,24-Sep-2020,99,CE,0,0,0,3.25,2.7,0,0,0,0,06-JUL-2020,
OPTSTK,IOC,24-Sep-2020,100,CE,0,0,0,3.05,2.45,0,0,0,0,06-JUL-2020,
OPTSTK,IOC,24-Sep-2020,101,CE,0,0,0,2.85,2.25,0,0,0,0,06-JUL-2020,
OPTSTK,IOC,24-Sep-2020,102,CE,0,0,0,2.65,2.05,0,0,0,0,06-JUL-2020,
OPTSTK,IOC,24-Sep-2020,103,CE,0,0,0,2.45,1.85,0,0,0,0,06-JUL-2020,
OPTSTK,IOC,24-Sep-2020,104,CE,0,0,0,2.3,1.7,0,0,0,0,06-JUL-2020,
OPTSTK,IOC,24-Sep-2020,105,CE,0,0,0,2.15,1.55,0,0,0,0,06-JUL-2020,
OPTSTK,IOC,24-Sep-2020,61,PE,0,0,0,0.45,0.1,0,0,0,0,06-JUL-2020,
OPTSTK,IOC,24-Sep-2020,62,PE,0,0,0,0.5,0.1,0,0,0,0,06-JUL-2020,
OPTSTK,IOC,24-Sep-2020,63,PE,0,0,0,0.6,0.15,0,0,0,0,06-JUL-2020,
OPTSTK,IOC,24-Sep-2020,64,PE,0,0,0,0.7,0.15,0,0,0,0,06-JUL-2020,
OPTSTK,IOC,24-Sep-2020,65,PE,0,0,0,0.85,0.2,0,0,0,0,06-JUL-2020,
OPTSTK,IOC,24-Sep-2020,66,PE,0,0,0,0.95,0.25,0,0,0,0,06-JUL-2020,
OPTSTK,IOC,24-Sep-2020,67,PE,0,0,0,1.1,0.3,0,0,0,0,06-JUL-2020,
OPTSTK,IOC,24-Sep-2020,68,PE,0,0,0,1.25,0.4,0,0,0,0,06-JUL-2020,
OPTSTK,IOC,24-Sep-2020,69,PE,0,0,0,1.45,0.45,0,0,0,0,06-JUL-2020,
OPTSTK,IOC,24-Sep-2020,70,PE,0,0,0,1.65,0.55,0,0,0,0,06-JUL-2020,
OPTSTK,IOC,24-Sep-2020,71,PE,0,0,0,1.85,0.7,0,0,0,0,06-JUL-2020,
OPTSTK,IOC,24-Sep-2020,72,PE,0,0,0,2.1,0.8,0,0,0,0,06-JUL-2020,
OPTSTK,IOC,24-Sep-2020,73,PE,0,0,0,2.35,0.95,0,0,0,0,06-JUL-2020,
OPTSTK,IOC,24-Sep-2020,74,PE,0,0,0,2.6,1.1,0,0,0,0,06-JUL-2020,
OPTSTK,IOC,24-Sep-2020,75,PE,0,0,0,2.9,1.3,0,0,0,0,06-JUL-2020,
OPTSTK,IOC,24-Sep-2020,76,PE,0,0,0,3.2,1.5,0,0,0,0,06-JUL-2020,
OPTSTK,IOC,24-Sep-2020,77,PE,0,0,0,3.55,1.7,0,0,0,0,06-JUL-2020,
OPTSTK,IOC,24-Sep-2020,78,PE,0,0,0,3.9,1.95,0,0,0,0,06-JUL-2020,
OPTSTK,IOC,24-Sep-2020,79,PE,0,0,0,4.25,2.25,0,0,0,0,06-JUL-2020,
OPTSTK,IOC,24-Sep-2020,80,PE,0,0,0,4.65,2.5,0,0,0,0,06-JUL-2020,
OPTSTK,IOC,24-Sep-2020,81,PE,0,0,0,5.1,2.85,0,0,0,0,06-JUL-2020,
OPTSTK,IOC,24-Sep-2020,82,PE,0,0,0,5.55,3.2,0,0,0,0,06-JUL-2020,
OPTSTK,IOC,24-Sep-2020,83,PE,0,0,0,6,3.55,0,0,0,0,06-JUL-2020,
OPTSTK,IOC,24-Sep-2020,84,PE,0,0,0,6.5,3.95,0,0,0,0,06-JUL-2020,
OPTSTK,IOC,24-Sep-2020,85,PE,0,0,0,7,4.35,0,0,0,0,06-JUL-2020,
OPTSTK,IOC,24-Sep-2020,86,PE,0,0,0,7.5,4.8,0,0,0,0,06-JUL-2020,
OPTSTK,IOC,24-Sep-2020,87,PE,0,0,0,8.05,5.3,0,0,0,0,06-JUL-2020,
OPTSTK,IOC,24-Sep-2020,88,PE,0,0,0,8.65,5.8,0,0,0,0,06-JUL-2020,
OPTSTK,IOC,24-Sep-2020,89,PE,0,0,0,9.2,6.3,0,0,0,0,06-JUL-2020,
OPTSTK,IOC,24-Sep-2020,90,PE,0,0,0,9.8,6.85,0,0,0,0,06-JUL-2020,
OPTSTK,IOC,24-Sep-2020,91,PE,0,0,0,10.45,7.45,0,0,0,0,06-JUL-2020,
OPTSTK,IOC,24-Sep-2020,92,PE,0,0,0,11.1,8.05,0,0,0,0,06-JUL-2020,
OPTSTK,IOC,24-Sep-2020,93,PE,0,0,0,11.75,8.65,0,0,0,0,06-JUL-2020,
OPTSTK,IOC,24-Sep-2020,94,PE,0,0,0,12.45,9.3,0,0,0,0,06-JUL-2020,
OPTSTK,IOC,24-Sep-2020,95,PE,0,0,0,13.1,9.95,0,0,0,0,06-JUL-2020,
OPTSTK,IOC,24-Sep-2020,96,PE,0,0,0,13.85,10.65,0,0,0,0,06-JUL-2020,
OPTSTK,IOC,24-Sep-2020,97,PE,0,0,0,14.55,11.35,0,0,0,0,06-JUL-2020,
OPTSTK,IOC,24-Sep-2020,98,PE,0,0,0,15.3,12.05,0,0,0,0,06-JUL-2020,
OPTSTK,IOC,24-Sep-2020,99,PE,0,0,0,16.05,12.8,0,0,0,0,06-JUL-2020,
OPTSTK,IOC,24-Sep-2020,100,PE,0,0,0,16.85,13.6,0,0,0,0,06-JUL-2020,
OPTSTK,IOC,24-Sep-2020,101,PE,0,0,0,17.6,14.35,0,0,0,0,06-JUL-2020,
OPTSTK,IOC,24-Sep-2020,102,PE,0,0,0,18.4,15.15,0,0,0,0,06-JUL-2020,
OPTSTK,IOC,24-Sep-2020,103,PE,0,0,0,19.2,15.95,0,0,0,0,06-JUL-2020,
OPTSTK,IOC,24-Sep-2020,104,PE,0,0,0,20.05,16.8,0,0,0,0,06-JUL-2020,
OPTSTK,IOC,24-Sep-2020,105,PE,0,0,0,20.85,17.6,0,0,0,0,06-JUL-2020,
OPTSTK,ITC,30-Jul-2020,99.85,CE,0,0,0,74.6,100.25,0,0,0,0,06-JUL-2020,
OPTSTK,ITC,30-Jul-2020,104.85,CE,0,0,0,70.1,95.25,0,0,0,0,06-JUL-2020,
OPTSTK,ITC,30-Jul-2020,109.85,CE,0,0,0,65.75,90.25,0,0,0,0,06-JUL-2020,
OPTSTK,ITC,30-Jul-2020,114.85,CE,0,0,0,61.5,85.25,0,0,0,0,06-JUL-2020,
OPTSTK,ITC,30-Jul-2020,117.35,CE,0,0,0,60.5,82.8,0,0,0,0,06-JUL-2020,
OPTSTK,ITC,30-Jul-2020,119.85,CE,0,0,0,57.4,80.3,0,0,0,0,06-JUL-2020,
OPTSTK,ITC,30-Jul-2020,122.35,CE,0,0,0,60.6,77.8,0,0,0,0,06-JUL-2020,
OPTSTK,ITC,30-Jul-2020,124.85,CE,0,0,0,53.45,75.3,0,0,0,0,06-JUL-2020,
OPTSTK,ITC,30-Jul-2020,127.35,CE,0,0,0,56.2,72.8,0,0,0,0,06-JUL-2020,
OPTSTK,ITC,30-Jul-2020,129.85,CE,0,0,0,49.65,70.3,0,0,0,0,06-JUL-2020,
OPTSTK,ITC,30-Jul-2020,132.35,CE,0,0,0,51.9,67.8,0,0,0,0,06-JUL-2020,
OPTSTK,ITC,30-Jul-2020,134.85,CE,0,0,0,46.05,65.35,0,0,0,0,06-JUL-2020,
OPTSTK,ITC,30-Jul-2020,137.35,CE,0,0,0,47.75,62.85,0,0,0,0,06-JUL-2020,
OPTSTK,ITC,30-Jul-2020,139.85,CE,0,0,0,50,60.35,0,0,9600,9600,06-JUL-2020,
OPTSTK,ITC,30-Jul-2020,142.35,CE,0,0,0,43.8,57.85,0,0,0,0,06-JUL-2020,
OPTSTK,ITC,30-Jul-2020,144.85,CE,0,0,0,39.3,55.35,0,0,0,0,06-JUL-2020,
OPTSTK,ITC,30-Jul-2020,147.35,CE,0,0,0,40.05,52.85,0,0,0,0,06-JUL-2020,
OPTSTK,ITC,30-Jul-2020,149.85,CE,0,0,0,48,50.4,0,0,22400,22400,06-JUL-2020,
OPTSTK,ITC,30-Jul-2020,152.35,CE,0,0,0,36.45,47.9,0,0,0,0,06-JUL-2020,
OPTSTK,ITC,30-Jul-2020,154.85,CE,0,0,0,32.4,45.4,0,0,48000,48000,06-JUL-2020,
OPTSTK,ITC,30-Jul-2020,157.35,CE,0,0,0,30,42.95,0,0,22400,22400,06-JUL-2020,
OPTSTK,ITC,30-Jul-2020,159.85,CE,0,0,0,37.85,40.45,0,0,64000,64000,06-JUL-2020,
OPTSTK,ITC,30-Jul-2020,162.35,CE,0,0,0,25.2,38,0,0,9600,9600,06-JUL-2020,
OPTSTK,ITC,30-Jul-2020,164.85,CE,0,0,0,29.6,35.55,0,0,28800,28800,06-JUL-2020,
OPTSTK,ITC,30-Jul-2020,167.35,CE,0,0,0,27,33.15,0,0,6400,6400,06-JUL-2020,
OPTSTK,ITC,30-Jul-2020,169.85,CE,30.65,30.65,30.2,30.2,30.75,5,32.03,316800,316800,06-JUL-2020,
OPTSTK,ITC,30-Jul-2020,172.35,CE,27.7,28.3,27.7,27.95,28.45,3,19.23,9600,9600,06-JUL-2020,
OPTSTK,ITC,30-Jul-2020,174.85,CE,26.25,26.25,26.25,26.25,26.15,1,6.43,188800,188800,06-JUL-2020,
OPTSTK,ITC,30-Jul-2020,177.35,CE,22.7,22.7,22.7,22.7,23.9,1,6.4,54400,54400,06-JUL-2020,
OPTSTK,ITC,30-Jul-2020,179.85,CE,21.95,22.7,20.45,21.5,21.5,60,386.9,726400,726400,06-JUL-2020,
OPTSTK,ITC,30-Jul-2020,182.35,CE,19.15,19.4,19.1,19.4,19.65,4,25.8,73600,73600,06-JUL-2020,
OPTSTK,ITC,30-Jul-2020,184.85,CE,17.8,17.95,15.7,17.25,17.25,47,303.78,492800,492800,06-JUL-2020,
OPTSTK,ITC,30-Jul-2020,187.35,CE,14.9,15.6,14.85,15.3,15.3,7,45.37,188800,188800,06-JUL-2020,
OPTSTK,ITC,30-Jul-2020,189.85,CE,13,14.2,12.1,13.3,13.3,478,3105.83,3267200,3267200,06-JUL-2020,
OPTSTK,ITC,30-Jul-2020,192.35,CE,11.75,12,10,11.6,11.6,63,410.7,272000,272000,06-JUL-2020,
OPTSTK,ITC,30-Jul-2020,194.85,CE,8.3,10.25,8.3,9.9,9.9,387,2533.6,1113600,1113600,06-JUL-2020,
OPTSTK,ITC,30-Jul-2020,197.35,CE,7,8.65,6.7,8.35,8.35,105,690.48,476800,476800,06-JUL-2020,
OPTSTK,ITC,30-Jul-2020,199.85,CE,7.05,7.25,4,6.95,6.95,1502,9933.05,5068800,5068800,06-JUL-2020,
OPTSTK,ITC,30-Jul-2020,202.35,CE,6.3,6.3,4.95,5.8,5.8,444,2956.6,732800,732800,06-JUL-2020,
OPTSTK,ITC,30-Jul-2020,204.85,CE,4.85,5.05,4,4.75,4.75,600,4022.72,1936000,1936000,06-JUL-2020,
OPTSTK,ITC,30-Jul-2020,207.35,CE,3.8,4.15,3.6,3.85,3.85,201,1358.12,246400,246400,06-JUL-2020,
OPTSTK,ITC,30-Jul-2020,209.85,CE,3.15,3.3,2.4,3.1,3.1,1045,7119.97,5049600,5049600,06-JUL-2020,
OPTSTK,ITC,30-Jul-2020,212.35,CE,2.4,2.7,2.4,2.6,2.6,251,1725.92,352000,352000,06-JUL-2020,
OPTSTK,ITC,30-Jul-2020,214.85,CE,2.1,2.15,1.7,2.05,2.05,263,1825.03,1372800,1372800,06-JUL-2020,
OPTSTK,ITC,30-Jul-2020,217.35,CE,1.8,1.8,1.5,1.7,1.7,50,350.38,112000,112000,06-JUL-2020,
OPTSTK,ITC,30-Jul-2020,219.85,CE,1.35,1.45,1,1.3,1.3,798,5647.09,4652800,4652800,06-JUL-2020,
OPTSTK,ITC,30-Jul-2020,222.35,CE,1.4,1.4,0.95,1.05,1.05,168,1200.97,1753600,1753600,06-JUL-2020,
OPTSTK,ITC,30-Jul-2020,224.85,CE,1.1,1.1,0.8,0.85,0.85,97,700.56,790400,790400,06-JUL-2020,
OPTSTK,ITC,30-Jul-2020,227.35,CE,0.6,0.8,0.6,0.8,0.8,54,394.12,128000,128000,06-JUL-2020,
OPTSTK,ITC,30-Jul-2020,99.85,PE,0.05,0.15,0.05,0.1,0.1,5,15.99,9600,9600,06-JUL-2020,
OPTSTK,ITC,30-Jul-2020,104.85,PE,0,0,0,1.6,0.05,0,0,0,0,06-JUL-2020,
OPTSTK,ITC,30-Jul-2020,109.85,PE,0,0,0,0.1,0.05,0,0,19200,19200,06-JUL-2020,
OPTSTK,ITC,30-Jul-2020,114.85,PE,0,0,0,2.85,0.05,0,0,0,0,06-JUL-2020,
OPTSTK,ITC,30-Jul-2020,117.35,PE,0,0,0,0.1,0.05,0,0,0,0,06-JUL-2020,
OPTSTK,ITC,30-Jul-2020,119.85,PE,0,0,0,0.1,0.05,0,0,6400,6400,06-JUL-2020,
OPTSTK,ITC,30-Jul-2020,122.35,PE,0,0,0,1.35,0.05,0,0,0,0,06-JUL-2020,
OPTSTK,ITC,30-Jul-2020,124.85,PE,0,0,0,0.15,0.05,0,0,9600,9600,06-JUL-2020,
OPTSTK,ITC,30-Jul-2020,127.35,PE,0,0,0,1.9,0.05,0,0,0,0,06-JUL-2020,
OPTSTK,ITC,30-Jul-2020,129.85,PE,0,0,0,0.15,0.05,0,0,118400,118400,06-JUL-2020,
OPTSTK,ITC,30-Jul-2020,132.35,PE,0,0,0,2.55,0.05,0,0,0,0,06-JUL-2020,
OPTSTK,ITC,30-Jul-2020,134.85,PE,0,0,0,7.15,0.05,0,0,0,0,06-JUL-2020,
OPTSTK,ITC,30-Jul-2020,137.35,PE,0,0,0,3.4,0.05,0,0,0,0,06-JUL-2020,
OPTSTK,ITC,30-Jul-2020,139.85,PE,0.15,0.2,0.15,0.15,0.15,10,44.8,512000,512000,06-JUL-2020,
OPTSTK,ITC,30-Jul-2020,142.35,PE,0,0,0,4.4,0.05,0,0,0,0,06-JUL-2020,
OPTSTK,ITC,30-Jul-2020,144.85,PE,0,0,0,0.3,0.05,0,0,220800,220800,06-JUL-2020,
OPTSTK,ITC,30-Jul-2020,147.35,PE,0,0,0,5.55,0.05,0,0,0,0,06-JUL-2020,
OPTSTK,ITC,30-Jul-2020,149.85,PE,0.25,0.3,0.25,0.25,0.25,37,177.72,915200,915200,06-JUL-2020,
OPTSTK,ITC,30-Jul-2020,152.35,PE,0,0,0,0.6,0.05,0,0,6400,6400,06-JUL-2020,
OPTSTK,ITC,30-Jul-2020,154.85,PE,0.25,0.5,0.25,0.25,0.25,43,213.5,489600,489600,06-JUL-2020,
OPTSTK,ITC,30-Jul-2020,157.35,PE,0.5,0.5,0.5,0.5,0.5,1,5.05,6400,6400,06-JUL-2020,
OPTSTK,ITC,30-Jul-2020,159.85,PE,0.5,0.5,0.3,0.35,0.35,74,379.4,1052800,1052800,06-JUL-2020,
OPTSTK,ITC,30-Jul-2020,162.35,PE,0.4,0.4,0.35,0.35,0.35,4,20.82,89600,89600,06-JUL-2020,
OPTSTK,ITC,30-Jul-2020,164.85,PE,0.45,0.45,0.4,0.4,0.4,52,275.02,444800,444800,06-JUL-2020,
OPTSTK,ITC,30-Jul-2020,167.35,PE,0.85,0.85,0.4,0.6,0.25,8,42.99,96000,96000,06-JUL-2020,
OPTSTK,ITC,30-Jul-2020,169.85,PE,1.25,1.25,0.5,0.55,0.55,181,987.26,2041600,2041600,06-JUL-2020,
OPTSTK,ITC,30-Jul-2020,172.35,PE,1.2,1.2,0.5,0.55,0.55,19,105.16,176000,176000,06-JUL-2020,
OPTSTK,ITC,30-Jul-2020,174.85,PE,1.05,1.1,0.7,0.75,0.75,190,1067.89,764800,764800,06-JUL-2020,
OPTSTK,ITC,30-Jul-2020,177.35,PE,0.95,1.05,0.8,0.9,0.9,45,256.74,160000,160000,06-JUL-2020,
OPTSTK,ITC,30-Jul-2020,179.85,PE,2.35,2.4,1.05,1.15,1.15,386,2236.51,2790400,2790400,06-JUL-2020,
OPTSTK,ITC,30-Jul-2020,182.35,PE,2.5,2.5,1,1.35,1.35,62,364.64,249600,249600,06-JUL-2020,
OPTSTK,ITC,30-Jul-2020,184.85,PE,2.7,2.7,1.5,1.7,1.7,224,1337.82,998400,998400,06-JUL-2020,
OPTSTK,ITC,30-Jul-2020,187.35,PE,3.9,3.9,1.8,2.25,2.25,84,509.44,220800,220800,06-JUL-2020,
OPTSTK,ITC,30-Jul-2020,189.85,PE,4.4,4.55,2.3,2.7,2.7,774,4770.08,2947200,2947200,06-JUL-2020,
OPTSTK,ITC,30-Jul-2020,192.35,PE,3.95,3.95,2.95,3.4,3.4,151,945.98,230400,230400,06-JUL-2020,
OPTSTK,ITC,30-Jul-2020,194.85,PE,4.7,4.75,2.8,4.15,4.15,406,2586.35,844800,844800,06-JUL-2020,
OPTSTK,ITC,30-Jul-2020,197.35,PE,7.8,7.8,4.5,5.15,5.15,144,934.12,160000,160000,06-JUL-2020,
OPTSTK,ITC,30-Jul-2020,199.85,PE,7.1,8.5,5.55,6.25,6.25,436,2877.22,780800,780800,06-JUL-2020,
OPTSTK,ITC,30-Jul-2020,202.35,PE,11,11,6.95,7.5,7.5,44,295.87,73600,73600,06-JUL-2020,
OPTSTK,ITC,30-Jul-2020,204.85,PE,9.6,9.95,8,8.85,8.85,35,239.7,64000,64000,06-JUL-2020,
OPTSTK,ITC,30-Jul-2020,207.35,PE,0,0,0,35.65,11.95,0,0,0,0,06-JUL-2020,
OPTSTK,ITC,30-Jul-2020,209.85,PE,11.55,13.5,11.5,12.45,12.45,22,156.68,201600,201600,06-JUL-2020,
OPTSTK,ITC,30-Jul-2020,212.35,PE,0,0,0,39.35,15.4,0,0,0,0,06-JUL-2020,
OPTSTK,ITC,30-Jul-2020,214.85,PE,16.25,16.7,16.25,16.45,16.45,10,74.05,582400,582400,06-JUL-2020,
OPTSTK,ITC,30-Jul-2020,217.35,PE,0,0,0,43.15,19.3,0,0,0,0,06-JUL-2020,
OPTSTK,ITC,30-Jul-2020,219.85,PE,20.5,20.5,20.5,20.5,20.5,1,7.69,44800,44800,06-JUL-2020,
OPTSTK,ITC,30-Jul-2020,222.35,PE,0,0,0,47.1,23.45,0,0,0,0,06-JUL-2020,
OPTSTK,ITC,30-Jul-2020,224.85,PE,0,0,0,28.5,25.65,0,0,3200,3200,06-JUL-2020,
OPTSTK,ITC,30-Jul-2020,227.35,PE,0,0,0,51.15,27.9,0,0,0,0,06-JUL-2020,
OPTSTK,ITC,27-Aug-2020,119.85,CE,0,0,0,64.55,80.65,0,0,0,0,06-JUL-2020,
OPTSTK,ITC,27-Aug-2020,122.35,CE,0,0,0,62.4,78.2,0,0,0,0,06-JUL-2020,
OPTSTK,ITC,27-Aug-2020,124.85,CE,0,0,0,60.3,75.7,0,0,0,0,06-JUL-2020,
OPTSTK,ITC,27-Aug-2020,127.35,CE,0,0,0,58.25,73.2,0,0,0,0,06-JUL-2020,
OPTSTK,ITC,27-Aug-2020,129.85,CE,0,0,0,56.25,70.75,0,0,0,0,06-JUL-2020,
OPTSTK,ITC,27-Aug-2020,132.35,CE,0,0,0,54.25,68.25,0,0,0,0,06-JUL-2020,
OPTSTK,ITC,27-Aug-2020,134.85,CE,0,0,0,52.3,65.8,0,0,0,0,06-JUL-2020,
OPTSTK,ITC,27-Aug-2020,137.35,CE,0,0,0,50.4,63.3,0,0,0,0,06-JUL-2020,
OPTSTK,ITC,27-Aug-2020,139.85,CE,0,0,0,48.55,60.85,0,0,0,0,06-JUL-2020,
OPTSTK,ITC,27-Aug-2020,142.35,CE,0,0,0,46.7,58.4,0,0,0,0,06-JUL-2020,
OPTSTK,ITC,27-Aug-2020,144.85,CE,0,0,0,44.95,55.9,0,0,0,0,06-JUL-2020,
OPTSTK,ITC,27-Aug-2020,147.35,CE,0,0,0,43.2,53.5,0,0,0,0,06-JUL-2020,
OPTSTK,ITC,27-Aug-2020,149.85,CE,0,0,0,41.5,51.05,0,0,0,0,06-JUL-2020,
OPTSTK,ITC,27-Aug-2020,152.35,CE,0,0,0,39.85,48.65,0,0,0,0,06-JUL-2020,
OPTSTK,ITC,27-Aug-2020,154.85,CE,0,0,0,39,46.25,0,0,16000,16000,06-JUL-2020,
OPTSTK,ITC,27-Aug-2020,157.35,CE,0,0,0,36.7,43.9,0,0,0,0,06-JUL-2020,
OPTSTK,ITC,27-Aug-2020,159.85,CE,0,0,0,35.2,41.55,0,0,0,0,06-JUL-2020,
OPTSTK,ITC,27-Aug-2020,162.35,CE,0,0,0,33.75,39.25,0,0,0,0,06-JUL-2020,
OPTSTK,ITC,27-Aug-2020,164.85,CE,0,0,0,32.3,36.95,0,0,0,0,06-JUL-2020,
OPTSTK,ITC,27-Aug-2020,167.35,CE,0,0,0,30.95,34.75,0,0,0,0,06-JUL-2020,
OPTSTK,ITC,27-Aug-2020,169.85,CE,0,0,0,29.6,32.6,0,0,0,0,06-JUL-2020,
OPTSTK,ITC,27-Aug-2020,172.35,CE,0,0,0,28.35,30.45,0,0,0,0,06-JUL-2020,
OPTSTK,ITC,27-Aug-2020,174.85,CE,0,0,0,27.1,28.4,0,0,0,0,06-JUL-2020,
OPTSTK,ITC,27-Aug-2020,177.35,CE,0,0,0,25.9,26.45,0,0,0,0,06-JUL-2020,
OPTSTK,ITC,27-Aug-2020,179.85,CE,0,0,0,21.85,24.5,0,0,16000,16000,06-JUL-2020,
OPTSTK,ITC,27-Aug-2020,182.35,CE,0,0,0,23.65,22.65,0,0,0,0,06-JUL-2020,
OPTSTK,ITC,27-Aug-2020,184.85,CE,0,0,0,11.05,20.9,0,0,3200,3200,06-JUL-2020,
OPTSTK,ITC,27-Aug-2020,187.35,CE,0,0,0,21.55,19.2,0,0,0,0,06-JUL-2020,
OPTSTK,ITC,27-Aug-2020,189.85,CE,15.65,15.75,15.65,15.65,15.65,4,26.3,48000,48000,06-JUL-2020,
OPTSTK,ITC,27-Aug-2020,192.35,CE,0,0,0,19.6,16.1,0,0,0,0,06-JUL-2020,
OPTSTK,ITC,27-Aug-2020,194.85,CE,0,0,0,9.55,14.7,0,0,6400,6400,06-JUL-2020,
OPTSTK,ITC,27-Aug-2020,197.35,CE,0,0,0,10.55,13.35,0,0,6400,6400,06-JUL-2020,
OPTSTK,ITC,27-Aug-2020,199.85,CE,11.3,11.3,9.85,10.95,10.95,12,80.84,41600,41600,06-JUL-2020,
OPTSTK,ITC,27-Aug-2020,202.35,CE,0,0,0,8.6,10.9,0,0,6400,6400,06-JUL-2020,
OPTSTK,ITC,27-Aug-2020,204.85,CE,0,0,0,9.05,9.85,0,0,12800,12800,06-JUL-2020,
OPTSTK,ITC,27-Aug-2020,207.35,CE,0,0,0,6.9,8.85,0,0,9600,9600,06-JUL-2020,
OPTSTK,ITC,27-Aug-2020,209.85,CE,6.6,6.75,6.3,6.7,7.9,12,83.1,44800,44800,06-JUL-2020,
OPTSTK,ITC,27-Aug-2020,212.35,CE,0,0,0,13.25,7.05,0,0,0,0,06-JUL-2020,
OPTSTK,ITC,27-Aug-2020,214.85,CE,0,0,0,12.6,6.3,0,0,0,0,06-JUL-2020,
OPTSTK,ITC,27-Aug-2020,217.35,CE,0,0,0,11.95,5.6,0,0,0,0,06-JUL-2020,
OPTSTK,ITC,27-Aug-2020,219.85,CE,2.7,4.3,2.7,4.3,4.3,38,272.15,192000,192000,06-JUL-2020,
OPTSTK,ITC,27-Aug-2020,222.35,CE,0,0,0,10.8,4.35,0,0,0,0,06-JUL-2020,
OPTSTK,ITC,27-Aug-2020,224.85,CE,0,0,0,10.3,3.85,0,0,0,0,06-JUL-2020,
OPTSTK,ITC,27-Aug-2020,227.35,CE,0,0,0,9.75,3.4,0,0,0,0,06-JUL-2020,
OPTSTK,ITC,27-Aug-2020,119.85,PE,0,0,0,0.15,0.05,0,0,3200,3200,06-JUL-2020,
OPTSTK,ITC,27-Aug-2020,122.35,PE,0,0,0,2.65,0.05,0,0,0,0,06-JUL-2020,
OPTSTK,ITC,27-Aug-2020,124.85,PE,0,0,0,3,0.05,0,0,0,0,06-JUL-2020,
OPTSTK,ITC,27-Aug-2020,127.35,PE,0,0,0,3.45,0.05,0,0,0,0,06-JUL-2020,
OPTSTK,ITC,27-Aug-2020,129.85,PE,0,0,0,3.9,0.05,0,0,0,0,06-JUL-2020,
OPTSTK,ITC,27-Aug-2020,132.35,PE,0,0,0,4.35,0.05,0,0,0,0,06-JUL-2020,
OPTSTK,ITC,27-Aug-2020,134.85,PE,0,0,0,4.9,0.05,0,0,0,0,06-JUL-2020,
OPTSTK,ITC,27-Aug-2020,137.35,PE,0,0,0,5.45,0.05,0,0,0,0,06-JUL-2020,
OPTSTK,ITC,27-Aug-2020,139.85,PE,0.4,0.4,0.4,0.4,0.4,1,4.48,9600,9600,06-JUL-2020,
OPTSTK,ITC,27-Aug-2020,142.35,PE,0,0,0,6.7,0.05,0,0,0,0,06-JUL-2020,
OPTSTK,ITC,27-Aug-2020,144.85,PE,0,0,0,7.4,0.1,0,0,0,0,06-JUL-2020,
OPTSTK,ITC,27-Aug-2020,147.35,PE,0,0,0,8.15,0.15,0,0,0,0,06-JUL-2020,
OPTSTK,ITC,27-Aug-2020,149.85,PE,0,0,0,8.9,0.2,0,0,0,0,06-JUL-2020,
OPTSTK,ITC,27-Aug-2020,152.35,PE,0,0,0,9.75,0.25,0,0,0,0,06-JUL-2020,
OPTSTK,ITC,27-Aug-2020,154.85,PE,0,0,0,10.6,0.35,0,0,0,0,06-JUL-2020,
OPTSTK,ITC,27-Aug-2020,157.35,PE,0,0,0,11.5,0.5,0,0,0,0,06-JUL-2020,
OPTSTK,ITC,27-Aug-2020,159.85,PE,0,0,0,1.5,0.6,0,0,3200,3200,06-JUL-2020,
OPTSTK,ITC,27-Aug-2020,162.35,PE,0,0,0,13.5,0.8,0,0,0,0,06-JUL-2020,
OPTSTK,ITC,27-Aug-2020,164.85,PE,0,0,0,2.45,1.05,0,0,124800,124800,06-JUL-2020,
OPTSTK,ITC,27-Aug-2020,167.35,PE,0,0,0,15.65,1.3,0,0,0,0,06-JUL-2020,
OPTSTK,ITC,27-Aug-2020,169.85,PE,0,0,0,16.8,1.6,0,0,0,0,06-JUL-2020,
OPTSTK,ITC,27-Aug-2020,172.35,PE,0,0,0,17.95,2,0,0,0,0,06-JUL-2020,
OPTSTK,ITC,27-Aug-2020,174.85,PE,3.45,3.45,3.45,3.45,2.4,1,5.7,3200,3200,06-JUL-2020,
OPTSTK,ITC,27-Aug-2020,177.35,PE,0,0,0,20.5,2.9,0,0,0,0,06-JUL-2020,
OPTSTK,ITC,27-Aug-2020,179.85,PE,0,0,0,4.9,3.45,0,0,208000,208000,06-JUL-2020,
OPTSTK,ITC,27-Aug-2020,182.35,PE,0,0,0,23.15,4.1,0,0,0,0,06-JUL-2020,
OPTSTK,ITC,27-Aug-2020,184.85,PE,0,0,0,6,4.85,0,0,3200,3200,06-JUL-2020,
OPTSTK,ITC,27-Aug-2020,187.35,PE,0,0,0,26,5.65,0,0,0,0,06-JUL-2020,
OPTSTK,ITC,27-Aug-2020,189.85,PE,5.45,6,4.35,5.3,5.3,20,124.97,67200,67200,06-JUL-2020,
OPTSTK,ITC,27-Aug-2020,192.35,PE,0,0,0,29,7.5,0,0,0,0,06-JUL-2020,
OPTSTK,ITC,27-Aug-2020,194.85,PE,0,0,0,22.8,8.55,0,0,9600,9600,06-JUL-2020,
OPTSTK,ITC,27-Aug-2020,197.35,PE,0,0,0,32.15,9.7,0,0,0,0,06-JUL-2020,
OPTSTK,ITC,27-Aug-2020,199.85,PE,0,0,0,23.9,10.95,0,0,3200,3200,06-JUL-2020,
OPTSTK,ITC,27-Aug-2020,202.35,PE,0,0,0,35.4,12.25,0,0,0,0,06-JUL-2020,
OPTSTK,ITC,27-Aug-2020,204.85,PE,11,12,11,12,13.65,2,13.84,3200,3200,06-JUL-2020,
OPTSTK,ITC,27-Aug-2020,207.35,PE,0,0,0,38.85,15.15,0,0,0,0,06-JUL-2020,
OPTSTK,ITC,27-Aug-2020,209.85,PE,0,0,0,30.4,16.7,0,0,3200,3200,06-JUL-2020,
OPTSTK,ITC,27-Aug-2020,212.35,PE,0,0,0,42.4,18.35,0,0,0,0,06-JUL-2020,
OPTSTK,ITC,27-Aug-2020,214.85,PE,0,0,0,44.2,20.05,0,0,0,0,06-JUL-2020,
OPTSTK,ITC,27-Aug-2020,217.35,PE,0,0,0,46.05,21.8,0,0,0,0,06-JUL-2020,
OPTSTK,ITC,27-Aug-2020,219.85,PE,0,0,0,47.95,23.65,0,0,0,0,06-JUL-2020,
OPTSTK,ITC,27-Aug-2020,222.35,PE,0,0,0,49.85,25.6,0,0,0,0,06-JUL-2020,
OPTSTK,ITC,27-Aug-2020,224.85,PE,0,0,0,51.75,27.55,0,0,0,0,06-JUL-2020,
OPTSTK,ITC,27-Aug-2020,227.35,PE,0,0,0,53.75,29.55,0,0,0,0,06-JUL-2020,
OPTSTK,ITC,24-Sep-2020,132.35,CE,0,0,0,62.15,68.75,0,0,0,0,06-JUL-2020,
OPTSTK,ITC,24-Sep-2020,134.85,CE,0,0,0,59.9,66.35,0,0,0,0,06-JUL-2020,
OPTSTK,ITC,24-Sep-2020,137.35,CE,0,0,0,57.6,63.9,0,0,0,0,06-JUL-2020,
OPTSTK,ITC,24-Sep-2020,139.85,CE,0,0,0,55.4,61.5,0,0,0,0,06-JUL-2020,
OPTSTK,ITC,24-Sep-2020,142.35,CE,0,0,0,53.2,59.05,0,0,0,0,06-JUL-2020,
OPTSTK,ITC,24-Sep-2020,144.85,CE,0,0,0,51.05,56.7,0,0,0,0,06-JUL-2020,
OPTSTK,ITC,24-Sep-2020,147.35,CE,0,0,0,48.9,54.3,0,0,0,0,06-JUL-2020,
OPTSTK,ITC,24-Sep-2020,149.85,CE,0,0,0,46.85,51.95,0,0,0,0,06-JUL-2020,
OPTSTK,ITC,24-Sep-2020,152.35,CE,0,0,0,44.8,49.65,0,0,0,0,06-JUL-2020,
OPTSTK,ITC,24-Sep-2020,154.85,CE,0,0,0,42.8,47.35,0,0,0,0,06-JUL-2020,
OPTSTK,ITC,24-Sep-2020,157.35,CE,0,0,0,40.85,45.1,0,0,0,0,06-JUL-2020,
OPTSTK,ITC,24-Sep-2020,159.85,CE,0,0,0,38.95,42.9,0,0,0,0,06-JUL-2020,
OPTSTK,ITC,24-Sep-2020,162.35,CE,0,0,0,37.1,40.75,0,0,0,0,06-JUL-2020,
OPTSTK,ITC,24-Sep-2020,164.85,CE,0,0,0,35.3,38.6,0,0,0,0,06-JUL-2020,
OPTSTK,ITC,24-Sep-2020,167.35,CE,0,0,0,33.55,36.55,0,0,0,0,06-JUL-2020,
OPTSTK,ITC,24-Sep-2020,169.85,CE,0,0,0,31.85,34.5,0,0,0,0,06-JUL-2020,
OPTSTK,ITC,24-Sep-2020,172.35,CE,0,0,0,30.2,32.55,0,0,0,0,06-JUL-2020,
OPTSTK,ITC,24-Sep-2020,174.85,CE,0,0,0,28.65,30.6,0,0,0,0,06-JUL-2020,
OPTSTK,ITC,24-Sep-2020,177.35,CE,0,0,0,27.1,28.75,0,0,0,0,06-JUL-2020,
OPTSTK,ITC,24-Sep-2020,179.85,CE,0,0,0,25.65,27,0,0,0,0,06-JUL-2020,
OPTSTK,ITC,24-Sep-2020,182.35,CE,0,0,0,24.2,25.25,0,0,0,0,06-JUL-2020,
OPTSTK,ITC,24-Sep-2020,184.85,CE,0,0,0,22.85,23.6,0,0,0,0,06-JUL-2020,
OPTSTK,ITC,24-Sep-2020,187.35,CE,0,0,0,21.55,22.05,0,0,0,0,06-JUL-2020,
OPTSTK,ITC,24-Sep-2020,189.85,CE,0,0,0,20.3,20.5,0,0,0,0,06-JUL-2020,
OPTSTK,ITC,24-Sep-2020,192.35,CE,0,0,0,19.1,19.05,0,0,0,0,06-JUL-2020,
OPTSTK,ITC,24-Sep-2020,194.85,CE,0,0,0,18,17.7,0,0,0,0,06-JUL-2020,
OPTSTK,ITC,24-Sep-2020,197.35,CE,0,0,0,16.9,16.4,0,0,0,0,06-JUL-2020,
OPTSTK,ITC,24-Sep-2020,199.85,CE,0,0,0,15.85,15.15,0,0,0,0,06-JUL-2020,
OPTSTK,ITC,24-Sep-2020,202.35,CE,0,0,0,14.85,14,0,0,0,0,06-JUL-2020,
OPTSTK,ITC,24-Sep-2020,204.85,CE,0,0,0,10,12.9,0,0,3200,3200,06-JUL-2020,
OPTSTK,ITC,24-Sep-2020,207.35,CE,0,0,0,13.05,11.85,0,0,0,0,06-JUL-2020,
OPTSTK,ITC,24-Sep-2020,209.85,CE,0,0,0,12.2,10.9,0,0,0,0,06-JUL-2020,
OPTSTK,ITC,24-Sep-2020,212.35,CE,0,0,0,11.4,10,0,0,0,0,06-JUL-2020,
OPTSTK,ITC,24-Sep-2020,214.85,CE,0,0,0,10.65,9.15,0,0,0,0,06-JUL-2020,
OPTSTK,ITC,24-Sep-2020,217.35,CE,0,0,0,9.95,8.35,0,0,0,0,06-JUL-2020,
OPTSTK,ITC,24-Sep-2020,219.85,CE,0,0,0,9.3,7.65,0,0,0,0,06-JUL-2020,
OPTSTK,ITC,24-Sep-2020,222.35,CE,0,0,0,8.65,6.95,0,0,0,0,06-JUL-2020,
OPTSTK,ITC,24-Sep-2020,224.85,CE,0,0,0,8.05,6.3,0,0,0,0,06-JUL-2020,
OPTSTK,ITC,24-Sep-2020,227.35,CE,0,0,0,7.5,5.75,0,0,0,0,06-JUL-2020,
OPTSTK,ITC,24-Sep-2020,132.35,PE,0,0,0,0.9,0.1,0,0,0,0,06-JUL-2020,
OPTSTK,ITC,24-Sep-2020,134.85,PE,0,0,0,1.1,0.15,0,0,0,0,06-JUL-2020,
OPTSTK,ITC,24-Sep-2020,137.35,PE,0,0,0,1.3,0.15,0,0,0,0,06-JUL-2020,
OPTSTK,ITC,24-Sep-2020,139.85,PE,0,0,0,1.55,0.25,0,0,0,0,06-JUL-2020,
OPTSTK,ITC,24-Sep-2020,142.35,PE,0,0,0,1.85,0.3,0,0,0,0,06-JUL-2020,
OPTSTK,ITC,24-Sep-2020,144.85,PE,0,0,0,2.15,0.4,0,0,0,0,06-JUL-2020,
OPTSTK,ITC,24-Sep-2020,147.35,PE,0,0,0,2.5,0.5,0,0,0,0,06-JUL-2020,
OPTSTK,ITC,24-Sep-2020,149.85,PE,0,0,0,2.9,0.65,0,0,0,0,06-JUL-2020,
OPTSTK,ITC,24-Sep-2020,152.35,PE,0,0,0,3.3,0.8,0,0,0,0,06-JUL-2020,
OPTSTK,ITC,24-Sep-2020,154.85,PE,0,0,0,3.8,1,0,0,0,0,06-JUL-2020,
OPTSTK,ITC,24-Sep-2020,157.35,PE,0,0,0,4.3,1.2,0,0,0,0,06-JUL-2020,
OPTSTK,ITC,24-Sep-2020,159.85,PE,0,0,0,4.9,1.45,0,0,0,0,06-JUL-2020,
OPTSTK,ITC,24-Sep-2020,162.35,PE,0,0,0,5.5,1.8,0,0,0,0,06-JUL-2020,
OPTSTK,ITC,24-Sep-2020,164.85,PE,0,0,0,6.15,2.15,0,0,0,0,06-JUL-2020,
OPTSTK,ITC,24-Sep-2020,167.35,PE,0,0,0,6.9,2.5,0,0,0,0,06-JUL-2020,
OPTSTK,ITC,24-Sep-2020,169.85,PE,0,0,0,7.65,3,0,0,0,0,06-JUL-2020,
OPTSTK,ITC,24-Sep-2020,172.35,PE,0,0,0,8.5,3.5,0,0,0,0,06-JUL-2020,
OPTSTK,ITC,24-Sep-2020,174.85,PE,0,0,0,9.4,4.05,0,0,0,0,06-JUL-2020,
OPTSTK,ITC,24-Sep-2020,177.35,PE,0,0,0,10.35,4.65,0,0,0,0,06-JUL-2020,
OPTSTK,ITC,24-Sep-2020,179.85,PE,0,0,0,11.35,5.35,0,0,0,0,06-JUL-2020,
OPTSTK,ITC,24-Sep-2020,182.35,PE,0,0,0,12.4,6.1,0,0,0,0,06-JUL-2020,
OPTSTK,ITC,24-Sep-2020,184.85,PE,0,0,0,13.5,6.95,0,0,0,0,06-JUL-2020,
OPTSTK,ITC,24-Sep-2020,187.35,PE,0,0,0,14.65,7.85,0,0,0,0,06-JUL-2020,
OPTSTK,ITC,24-Sep-2020,189.85,PE,0,0,0,15.9,8.8,0,0,0,0,06-JUL-2020,
OPTSTK,ITC,24-Sep-2020,192.35,PE,0,0,0,17.15,9.85,0,0,0,0,06-JUL-2020,
OPTSTK,ITC,24-Sep-2020,194.85,PE,0,0,0,18.5,10.95,0,0,0,0,06-JUL-2020,
OPTSTK,ITC,24-Sep-2020,197.35,PE,0,0,0,19.9,12.1,0,0,0,0,06-JUL-2020,
OPTSTK,ITC,24-Sep-2020,199.85,PE,0,0,0,21.3,13.35,0,0,0,0,06-JUL-2020,
OPTSTK,ITC,24-Sep-2020,202.35,PE,0,0,0,22.8,14.65,0,0,0,0,06-JUL-2020,
OPTSTK,ITC,24-Sep-2020,204.85,PE,0,0,0,24.35,16.05,0,0,0,0,06-JUL-2020,
OPTSTK,ITC,24-Sep-2020,207.35,PE,0,0,0,25.9,17.5,0,0,0,0,06-JUL-2020,
OPTSTK,ITC,24-Sep-2020,209.85,PE,0,0,0,27.55,19,0,0,0,0,06-JUL-2020,
OPTSTK,ITC,24-Sep-2020,212.35,PE,0,0,0,29.25,20.55,0,0,0,0,06-JUL-2020,
OPTSTK,ITC,24-Sep-2020,214.85,PE,0,0,0,30.95,22.2,0,0,0,0,06-JUL-2020,
OPTSTK,ITC,24-Sep-2020,217.35,PE,0,0,0,32.7,23.9,0,0,0,0,06-JUL-2020,
OPTSTK,ITC,24-Sep-2020,219.85,PE,0,0,0,34.5,25.65,0,0,0,0,06-JUL-2020,
OPTSTK,ITC,24-Sep-2020,222.35,PE,0,0,0,36.35,27.45,0,0,0,0,06-JUL-2020,
OPTSTK,ITC,24-Sep-2020,224.85,PE,0,0,0,38.25,29.3,0,0,0,0,06-JUL-2020,
OPTSTK,ITC,24-Sep-2020,227.35,PE,0,0,0,40.15,31.2,0,0,0,0,06-JUL-2020,
OPTSTK,JINDALSTEL,30-Jul-2020,45,CE,0,0,0,53.5,112.1,0,0,0,0,06-JUL-2020,
OPTSTK,JINDALSTEL,30-Jul-2020,50,CE,0,0,0,49.8,107.1,0,0,0,0,06-JUL-2020,
OPTSTK,JINDALSTEL,30-Jul-2020,55,CE,0,0,0,46.3,102.1,0,0,0,0,06-JUL-2020,
OPTSTK,JINDALSTEL,30-Jul-2020,60,CE,0,0,0,43.05,97.1,0,0,0,0,06-JUL-2020,
OPTSTK,JINDALSTEL,30-Jul-2020,65,CE,0,0,0,40,92.15,0,0,0,0,06-JUL-2020,
OPTSTK,JINDALSTEL,30-Jul-2020,70,CE,0,0,0,37.2,87.15,0,0,0,0,06-JUL-2020,
OPTSTK,JINDALSTEL,30-Jul-2020,75,CE,0,0,0,34.6,82.15,0,0,0,0,06-JUL-2020,
OPTSTK,JINDALSTEL,30-Jul-2020,80,CE,0,0,0,32.2,77.15,0,0,0,0,06-JUL-2020,
OPTSTK,JINDALSTEL,30-Jul-2020,85,CE,0,0,0,29.95,72.2,0,0,0,0,06-JUL-2020,
OPTSTK,JINDALSTEL,30-Jul-2020,90,CE,0,0,0,27.85,67.2,0,0,0,0,06-JUL-2020,
OPTSTK,JINDALSTEL,30-Jul-2020,95,CE,0,0,0,25.95,62.2,0,0,0,0,06-JUL-2020,
OPTSTK,JINDALSTEL,30-Jul-2020,100,CE,0,0,0,24.2,57.25,0,0,0,0,06-JUL-2020,
OPTSTK,JINDALSTEL,30-Jul-2020,102.5,CE,0,0,0,31.35,54.75,0,0,0,0,06-JUL-2020,
OPTSTK,JINDALSTEL,30-Jul-2020,105,CE,0,0,0,22.55,52.3,0,0,0,0,06-JUL-2020,
OPTSTK,JINDALSTEL,30-Jul-2020,107.5,CE,0,0,0,28.85,49.85,0,0,0,0,06-JUL-2020,
OPTSTK,JINDALSTEL,30-Jul-2020,110,CE,0,0,0,39.35,47.4,0,0,60000,0,06-JUL-2020,
OPTSTK,JINDALSTEL,30-Jul-2020,112.5,CE,0,0,0,36.8,44.95,0,0,5000,0,06-JUL-2020,
OPTSTK,JINDALSTEL,30-Jul-2020,115,CE,0,0,0,19.65,42.55,0,0,0,0,06-JUL-2020,
OPTSTK,JINDALSTEL,30-Jul-2020,117.5,CE,0,0,0,32.85,40.15,0,0,5000,0,06-JUL-2020,
OPTSTK,JINDALSTEL,30-Jul-2020,120,CE,0,0,0,30.7,37.8,0,0,15000,0,06-JUL-2020,
OPTSTK,JINDALSTEL,30-Jul-2020,122.5,CE,0,0,0,31,35.5,0,0,10000,0,06-JUL-2020,
OPTSTK,JINDALSTEL,30-Jul-2020,125,CE,0,0,0,30.5,33.2,0,0,5000,0,06-JUL-2020,
OPTSTK,JINDALSTEL,30-Jul-2020,127.5,CE,0,0,0,20.5,31,0,0,0,0,06-JUL-2020,
OPTSTK,JINDALSTEL,30-Jul-2020,130,CE,0,0,0,26.5,28.85,0,0,50000,0,06-JUL-2020,
OPTSTK,JINDALSTEL,30-Jul-2020,132.5,CE,0,0,0,18.8,26.75,0,0,0,0,06-JUL-2020,
OPTSTK,JINDALSTEL,30-Jul-2020,135,CE,0,0,0,27,24.75,0,0,10000,0,06-JUL-2020,
OPTSTK,JINDALSTEL,30-Jul-2020,137.5,CE,0,0,0,17.25,22.8,0,0,0,0,06-JUL-2020,
OPTSTK,JINDALSTEL,30-Jul-2020,140,CE,21.9,21.9,21.9,21.9,20.95,1,8.09,45000,0,06-JUL-2020,
OPTSTK,JINDALSTEL,30-Jul-2020,142.5,CE,0,0,0,15.8,19.15,0,0,0,0,06-JUL-2020,
OPTSTK,JINDALSTEL,30-Jul-2020,145,CE,18.4,19.05,16.75,16.8,16.8,5,40.64,70000,10000,06-JUL-2020,
OPTSTK,JINDALSTEL,30-Jul-2020,147.5,CE,0,0,0,16.05,15.9,0,0,35000,0,06-JUL-2020,
OPTSTK,JINDALSTEL,30-Jul-2020,150,CE,12.3,15.4,12.3,14.3,14.3,40,328.58,260000,-30000,06-JUL-2020,
OPTSTK,JINDALSTEL,30-Jul-2020,152.5,CE,12,14.3,12,13.1,13.1,12,99.52,110000,0,06-JUL-2020,
OPTSTK,JINDALSTEL,30-Jul-2020,155,CE,10.95,13,9.6,10.9,10.9,306,2541.25,360000,-155000,06-JUL-2020,
OPTSTK,JINDALSTEL,30-Jul-2020,157.5,CE,9.1,11.4,9.1,9.95,9.95,36,302.48,135000,-10000,06-JUL-2020,
OPTSTK,JINDALSTEL,30-Jul-2020,160,CE,7.9,10.35,7.75,8.7,8.7,712,6023.61,1185000,-320000,06-JUL-2020,
OPTSTK,JINDALSTEL,30-Jul-2020,162.5,CE,7.2,9,7.2,7.7,7.7,31,264.82,180000,10000,06-JUL-2020,
OPTSTK,JINDALSTEL,30-Jul-2020,165,CE,6.4,8.05,6,6.75,6.75,230,1981.04,605000,-70000,06-JUL-2020,
OPTSTK,JINDALSTEL,30-Jul-2020,167.5,CE,5.4,7,5.4,6,6.55,12,104.44,185000,30000,06-JUL-2020,
OPTSTK,JINDALSTEL,30-Jul-2020,170,CE,5,6.35,4.55,5.2,5.2,265,2326.95,1040000,40000,06-JUL-2020,
OPTSTK,JINDALSTEL,30-Jul-2020,175,CE,3.8,4.85,3.55,3.95,3.95,58,520.03,255000,-5000,06-JUL-2020,
OPTSTK,JINDALSTEL,30-Jul-2020,180,CE,2.75,3.7,2.75,2.95,2.95,107,980.68,895000,-30000,06-JUL-2020,
OPTSTK,JINDALSTEL,30-Jul-2020,185,CE,2.35,2.8,2.1,2.15,2.15,43,403.29,315000,25000,06-JUL-2020,
OPTSTK,JINDALSTEL,30-Jul-2020,190,CE,0.65,2.15,0.65,1.7,1.7,62,594.8,315000,160000,06-JUL-2020,
OPTSTK,JINDALSTEL,30-Jul-2020,45,PE,0,0,0,2.9,0.05,0,0,0,0,06-JUL-2020,
OPTSTK,JINDALSTEL,30-Jul-2020,50,PE,0,0,0,4.15,0.05,0,0,0,0,06-JUL-2020,
OPTSTK,JINDALSTEL,30-Jul-2020,55,PE,0,0,0,5.6,0.05,0,0,0,0,06-JUL-2020,
OPTSTK,JINDALSTEL,30-Jul-2020,60,PE,0,0,0,7.3,0.05,0,0,0,0,06-JUL-2020,
OPTSTK,JINDALSTEL,30-Jul-2020,65,PE,0,0,0,9.2,0.05,0,0,0,0,06-JUL-2020,
OPTSTK,JINDALSTEL,30-Jul-2020,70,PE,0,0,0,11.3,0.05,0,0,0,0,06-JUL-2020,
OPTSTK,JINDALSTEL,30-Jul-2020,75,PE,0,0,0,13.65,0.05,0,0,0,0,06-JUL-2020,
OPTSTK,JINDALSTEL,30-Jul-2020,80,PE,0,0,0,16.15,0.05,0,0,0,0,06-JUL-2020,
OPTSTK,JINDALSTEL,30-Jul-2020,85,PE,0.05,0.4,0.05,0.05,0.05,8,34.07,0,0,06-JUL-2020,
OPTSTK,JINDALSTEL,30-Jul-2020,90,PE,0,0,0,21.75,0.05,0,0,0,0,06-JUL-2020,
OPTSTK,JINDALSTEL,30-Jul-2020,95,PE,0,0,0,24.75,0.05,0,0,0,0,06-JUL-2020,
OPTSTK,JINDALSTEL,30-Jul-2020,100,PE,0,0,0,0.5,0.05,0,0,10000,0,06-JUL-2020,
OPTSTK,JINDALSTEL,30-Jul-2020,102.5,PE,0,0,0,13.9,0.05,0,0,0,0,06-JUL-2020,
OPTSTK,JINDALSTEL,30-Jul-2020,105,PE,0,0,0,31.2,0.05,0,0,0,0,06-JUL-2020,
OPTSTK,JINDALSTEL,30-Jul-2020,107.5,PE,0,0,0,16.35,0.1,0,0,0,0,06-JUL-2020,
OPTSTK,JINDALSTEL,30-Jul-2020,110,PE,0.25,0.25,0.25,0.25,0.15,1,5.51,85000,0,06-JUL-2020,
OPTSTK,JINDALSTEL,30-Jul-2020,112.5,PE,0,0,0,18.95,0.2,0,0,0,0,06-JUL-2020,
OPTSTK,JINDALSTEL,30-Jul-2020,115,PE,0,0,0,38.15,0.25,0,0,0,0,06-JUL-2020,
OPTSTK,JINDALSTEL,30-Jul-2020,117.5,PE,0,0,0,21.75,0.4,0,0,0,0,06-JUL-2020,
OPTSTK,JINDALSTEL,30-Jul-2020,120,PE,0.9,0.9,0.6,0.65,0.5,29,175.06,430000,30000,06-JUL-2020,
OPTSTK,JINDALSTEL,30-Jul-2020,122.5,PE,0,0,0,24.7,0.7,0,0,0,0,06-JUL-2020,
OPTSTK,JINDALSTEL,30-Jul-2020,125,PE,0.8,1.05,0.8,1.05,0.9,2,12.59,35000,5000,06-JUL-2020,
OPTSTK,JINDALSTEL,30-Jul-2020,127.5,PE,0,0,0,3.1,1.2,0,0,15000,0,06-JUL-2020,
OPTSTK,JINDALSTEL,30-Jul-2020,130,PE,1.8,1.8,1.35,1.55,1.55,48,315.59,410000,65000,06-JUL-2020,
OPTSTK,JINDALSTEL,30-Jul-2020,132.5,PE,0,0,0,31.1,1.95,0,0,0,0,06-JUL-2020,
OPTSTK,JINDALSTEL,30-Jul-2020,135,PE,2.6,2.6,2,2.3,2.4,17,116.68,75000,10000,06-JUL-2020,
OPTSTK,JINDALSTEL,30-Jul-2020,137.5,PE,0,0,0,6.6,2.95,0,0,5000,0,06-JUL-2020,
OPTSTK,JINDALSTEL,30-Jul-2020,140,PE,4.1,4.4,2.9,3.35,3.35,115,824.92,885000,55000,06-JUL-2020,
OPTSTK,JINDALSTEL,30-Jul-2020,142.5,PE,0,0,0,5.3,4.3,0,0,10000,0,06-JUL-2020,
OPTSTK,JINDALSTEL,30-Jul-2020,145,PE,5.9,5.9,4.2,4.6,4.6,86,643.59,300000,50000,06-JUL-2020,
OPTSTK,JINDALSTEL,30-Jul-2020,147.5,PE,6.5,6.5,6.5,6.5,6,1,7.7,40000,5000,06-JUL-2020,
OPTSTK,JINDALSTEL,30-Jul-2020,150,PE,8,8.35,5.7,6.5,6.5,267,2090.56,715000,-10000,06-JUL-2020,
OPTSTK,JINDALSTEL,30-Jul-2020,152.5,PE,8.7,9.05,6.65,7.25,7.25,33,263.56,70000,0,06-JUL-2020,
OPTSTK,JINDALSTEL,30-Jul-2020,155,PE,11.35,11.35,7.6,8.9,8.9,85,695.99,265000,5000,06-JUL-2020,
OPTSTK,JINDALSTEL,30-Jul-2020,157.5,PE,10.2,10.2,8.75,9.65,10.6,15,125.02,115000,5000,06-JUL-2020,
OPTSTK,JINDALSTEL,30-Jul-2020,160,PE,13.25,13.25,10,11.35,11.35,78,666.55,440000,50000,06-JUL-2020,
OPTSTK,JINDALSTEL,30-Jul-2020,162.5,PE,12.95,12.95,11.45,12.5,12.5,10,87.24,35000,-10000,06-JUL-2020,
OPTSTK,JINDALSTEL,30-Jul-2020,165,PE,14.65,14.65,13.2,13.75,13.75,5,44.73,50000,0,06-JUL-2020,
OPTSTK,JINDALSTEL,30-Jul-2020,167.5,PE,14.5,14.5,14.5,14.5,16.65,1,9.1,40000,0,06-JUL-2020,
OPTSTK,JINDALSTEL,30-Jul-2020,170,PE,16.85,16.85,16.2,16.6,18.35,3,27.98,35000,10000,06-JUL-2020,
OPTSTK,JINDALSTEL,30-Jul-2020,175,PE,0,0,0,25.15,22.05,0,0,30000,0,06-JUL-2020,
OPTSTK,JINDALSTEL,30-Jul-2020,180,PE,0,0,0,27.5,25.95,0,0,25000,0,06-JUL-2020,
OPTSTK,JINDALSTEL,30-Jul-2020,185,PE,0,0,0,47,30.1,0,0,0,0,06-JUL-2020,
OPTSTK,JINDALSTEL,30-Jul-2020,190,PE,0,0,0,44.7,34.45,0,0,0,0,06-JUL-2020,
OPTSTK,JINDALSTEL,27-Aug-2020,80,CE,0,0,0,48.25,77.45,0,0,0,0,06-JUL-2020,
OPTSTK,JINDALSTEL,27-Aug-2020,82.5,CE,0,0,0,46.7,75,0,0,0,0,06-JUL-2020,
OPTSTK,JINDALSTEL,27-Aug-2020,85,CE,0,0,0,45.15,72.5,0,0,0,0,06-JUL-2020,
OPTSTK,JINDALSTEL,27-Aug-2020,87.5,CE,0,0,0,43.65,70.05,0,0,0,0,06-JUL-2020,
OPTSTK,JINDALSTEL,27-Aug-2020,90,CE,0,0,0,42.2,67.6,0,0,0,0,06-JUL-2020,
OPTSTK,JINDALSTEL,27-Aug-2020,92.5,CE,0,0,0,40.8,65.15,0,0,0,0,06-JUL-2020,
OPTSTK,JINDALSTEL,27-Aug-2020,95,CE,0,0,0,39.4,62.75,0,0,0,0,06-JUL-2020,
OPTSTK,JINDALSTEL,27-Aug-2020,97.5,CE,0,0,0,38.1,60.35,0,0,0,0,06-JUL-2020,
OPTSTK,JINDALSTEL,27-Aug-2020,100,CE,0,0,0,36.85,57.95,0,0,0,0,06-JUL-2020,
OPTSTK,JINDALSTEL,27-Aug-2020,102.5,CE,0,0,0,35.6,55.6,0,0,0,0,06-JUL-2020,
OPTSTK,JINDALSTEL,27-Aug-2020,105,CE,0,0,0,34.4,53.25,0,0,0,0,06-JUL-2020,
OPTSTK,JINDALSTEL,27-Aug-2020,107.5,CE,0,0,0,33.25,50.95,0,0,0,0,06-JUL-2020,
OPTSTK,JINDALSTEL,27-Aug-2020,110,CE,0,0,0,32.15,48.65,0,0,0,0,06-JUL-2020,
OPTSTK,JINDALSTEL,27-Aug-2020,112.5,CE,0,0,0,31.05,46.4,0,0,0,0,06-JUL-2020,
OPTSTK,JINDALSTEL,27-Aug-2020,115,CE,0,0,0,30,44.2,0,0,0,0,06-JUL-2020,
OPTSTK,JINDALSTEL,27-Aug-2020,117.5,CE,0,0,0,29,42.05,0,0,0,0,06-JUL-2020,
OPTSTK,JINDALSTEL,27-Aug-2020,120,CE,0,0,0,28.05,39.95,0,0,0,0,06-JUL-2020,
OPTSTK,JINDALSTEL,27-Aug-2020,122.5,CE,0,0,0,27.1,37.9,0,0,0,0,06-JUL-2020,
OPTSTK,JINDALSTEL,27-Aug-2020,125,CE,0,0,0,26.2,35.9,0,0,0,0,06-JUL-2020,
OPTSTK,JINDALSTEL,27-Aug-2020,127.5,CE,0,0,0,25.35,33.95,0,0,0,0,06-JUL-2020,
OPTSTK,JINDALSTEL,27-Aug-2020,130,CE,0,0,0,24.5,32.1,0,0,0,0,06-JUL-2020,
OPTSTK,JINDALSTEL,27-Aug-2020,132.5,CE,0,0,0,23.65,30.25,0,0,0,0,06-JUL-2020,
OPTSTK,JINDALSTEL,27-Aug-2020,135,CE,0,0,0,22.9,28.5,0,0,0,0,06-JUL-2020,
OPTSTK,JINDALSTEL,27-Aug-2020,137.5,CE,0,0,0,22.15,26.8,0,0,0,0,06-JUL-2020,
OPTSTK,JINDALSTEL,27-Aug-2020,140,CE,0,0,0,21.4,25.2,0,0,0,0,06-JUL-2020,
OPTSTK,JINDALSTEL,27-Aug-2020,142.5,CE,0,0,0,20.7,23.6,0,0,0,0,06-JUL-2020,
OPTSTK,JINDALSTEL,27-Aug-2020,145,CE,0,0,0,20,22.15,0,0,0,0,06-JUL-2020,
OPTSTK,JINDALSTEL,27-Aug-2020,147.5,CE,0,0,0,19.35,20.7,0,0,0,0,06-JUL-2020,
OPTSTK,JINDALSTEL,27-Aug-2020,150,CE,0,0,0,16.9,19.35,0,0,5000,0,06-JUL-2020,
OPTSTK,JINDALSTEL,27-Aug-2020,152.5,CE,0,0,0,18.1,18.05,0,0,0,0,06-JUL-2020,
OPTSTK,JINDALSTEL,27-Aug-2020,155,CE,0,0,0,17.5,16.85,0,0,0,0,06-JUL-2020,
OPTSTK,JINDALSTEL,27-Aug-2020,157.5,CE,0,0,0,16.95,15.65,0,0,0,0,06-JUL-2020,
OPTSTK,JINDALSTEL,27-Aug-2020,160,CE,0,0,0,16.4,14.55,0,0,0,0,06-JUL-2020,
OPTSTK,JINDALSTEL,27-Aug-2020,162.5,CE,0,0,0,15.8,13.55,0,0,0,0,06-JUL-2020,
OPTSTK,JINDALSTEL,27-Aug-2020,165,CE,0,0,0,12.05,12.55,0,0,5000,0,06-JUL-2020,
OPTSTK,JINDALSTEL,27-Aug-2020,167.5,CE,0,0,0,17.2,11.65,0,0,0,0,06-JUL-2020,
OPTSTK,JINDALSTEL,27-Aug-2020,170,CE,0,0,0,12,10.75,0,0,5000,0,06-JUL-2020,
OPTSTK,JINDALSTEL,27-Aug-2020,175,CE,0,0,0,12.9,9.2,0,0,0,0,06-JUL-2020,
OPTSTK,JINDALSTEL,27-Aug-2020,180,CE,0,0,0,14.55,7.85,0,0,0,0,06-JUL-2020,
OPTSTK,JINDALSTEL,27-Aug-2020,185,CE,0,0,0,13.4,6.65,0,0,0,0,06-JUL-2020,
OPTSTK,JINDALSTEL,27-Aug-2020,190,CE,0,0,0,10.4,5.6,0,0,0,0,06-JUL-2020,
OPTSTK,JINDALSTEL,27-Aug-2020,80,PE,0,0,0,8.2,0.05,0,0,0,0,06-JUL-2020,
OPTSTK,JINDALSTEL,27-Aug-2020,82.5,PE,0,0,0,9.05,0.05,0,0,0,0,06-JUL-2020,
OPTSTK,JINDALSTEL,27-Aug-2020,85,PE,0,0,0,10,0.05,0,0,0,0,06-JUL-2020,
OPTSTK,JINDALSTEL,27-Aug-2020,87.5,PE,0,0,0,11,0.1,0,0,0,0,06-JUL-2020,
OPTSTK,JINDALSTEL,27-Aug-2020,90,PE,0,0,0,12,0.1,0,0,0,0,06-JUL-2020,
OPTSTK,JINDALSTEL,27-Aug-2020,92.5,PE,0,0,0,13.05,0.15,0,0,0,0,06-JUL-2020,
OPTSTK,JINDALSTEL,27-Aug-2020,95,PE,0,0,0,14.15,0.2,0,0,0,0,06-JUL-2020,
OPTSTK,JINDALSTEL,27-Aug-2020,97.5,PE,0,0,0,15.3,0.3,0,0,0,0,06-JUL-2020,
OPTSTK,JINDALSTEL,27-Aug-2020,100,PE,0,0,0,16.5,0.4,0,0,0,0,06-JUL-2020,
OPTSTK,JINDALSTEL,27-Aug-2020,102.5,PE,0,0,0,17.75,0.5,0,0,0,0,06-JUL-2020,
OPTSTK,JINDALSTEL,27-Aug-2020,105,PE,0,0,0,19.05,0.65,0,0,0,0,06-JUL-2020,
OPTSTK,JINDALSTEL,27-Aug-2020,107.5,PE,0,0,0,20.35,0.85,0,0,0,0,06-JUL-2020,
OPTSTK,JINDALSTEL,27-Aug-2020,110,PE,0,0,0,21.7,1.05,0,0,0,0,06-JUL-2020,
OPTSTK,JINDALSTEL,27-Aug-2020,112.5,PE,0,0,0,23.1,1.3,0,0,0,0,06-JUL-2020,
OPTSTK,JINDALSTEL,27-Aug-2020,115,PE,0,0,0,24.55,1.55,0,0,0,0,06-JUL-2020,
OPTSTK,JINDALSTEL,27-Aug-2020,117.5,PE,0,0,0,26,1.9,0,0,0,0,06-JUL-2020,
OPTSTK,JINDALSTEL,27-Aug-2020,120,PE,0,0,0,27.5,2.3,0,0,0,0,06-JUL-2020,
OPTSTK,JINDALSTEL,27-Aug-2020,122.5,PE,0,0,0,29,2.7,0,0,0,0,06-JUL-2020,
OPTSTK,JINDALSTEL,27-Aug-2020,125,PE,0,0,0,30.6,3.2,0,0,0,0,06-JUL-2020,
OPTSTK,JINDALSTEL,27-Aug-2020,127.5,PE,0,0,0,32.2,3.75,0,0,0,0,06-JUL-2020,
OPTSTK,JINDALSTEL,27-Aug-2020,130,PE,0,0,0,33.8,4.35,0,0,0,0,06-JUL-2020,
OPTSTK,JINDALSTEL,27-Aug-2020,132.5,PE,0,0,0,35.45,5,0,0,0,0,06-JUL-2020,
OPTSTK,JINDALSTEL,27-Aug-2020,135,PE,0,0,0,37.15,5.75,0,0,0,0,06-JUL-2020,
OPTSTK,JINDALSTEL,27-Aug-2020,137.5,PE,0,0,0,38.85,6.55,0,0,0,0,06-JUL-2020,
OPTSTK,JINDALSTEL,27-Aug-2020,140,PE,0,0,0,40.6,7.4,0,0,0,0,06-JUL-2020,
OPTSTK,JINDALSTEL,27-Aug-2020,142.5,PE,0,0,0,42.35,8.3,0,0,0,0,06-JUL-2020,
OPTSTK,JINDALSTEL,27-Aug-2020,145,PE,0,0,0,10.5,9.3,0,0,5000,0,06-JUL-2020,
OPTSTK,JINDALSTEL,27-Aug-2020,147.5,PE,0,0,0,45.95,10.35,0,0,0,0,06-JUL-2020,
OPTSTK,JINDALSTEL,27-Aug-2020,150,PE,11.3,11.3,11.3,11.3,11.5,1,8.06,5000,0,06-JUL-2020,
OPTSTK,JINDALSTEL,27-Aug-2020,152.5,PE,0,0,0,49.65,12.7,0,0,0,0,06-JUL-2020,
OPTSTK,JINDALSTEL,27-Aug-2020,155,PE,0,0,0,14.75,13.95,0,0,5000,0,06-JUL-2020,
OPTSTK,JINDALSTEL,27-Aug-2020,157.5,PE,0,0,0,53.4,15.25,0,0,0,0,06-JUL-2020,
OPTSTK,JINDALSTEL,27-Aug-2020,160,PE,0,0,0,55.35,16.65,0,0,0,0,06-JUL-2020,
OPTSTK,JINDALSTEL,27-Aug-2020,162.5,PE,0,0,0,54.85,18.1,0,0,0,0,06-JUL-2020,
OPTSTK,JINDALSTEL,27-Aug-2020,165,PE,0,0,0,51.3,19.6,0,0,0,0,06-JUL-2020,
OPTSTK,JINDALSTEL,27-Aug-2020,167.5,PE,0,0,0,53.2,21.15,0,0,0,0,06-JUL-2020,
OPTSTK,JINDALSTEL,27-Aug-2020,170,PE,0,0,0,55.05,22.8,0,0,0,0,06-JUL-2020,
OPTSTK,JINDALSTEL,27-Aug-2020,175,PE,0,0,0,48.9,26.2,0,0,0,0,06-JUL-2020,
OPTSTK,JINDALSTEL,27-Aug-2020,180,PE,0,0,0,47.2,29.8,0,0,0,0,06-JUL-2020,
OPTSTK,JINDALSTEL,27-Aug-2020,185,PE,0,0,0,50.95,33.55,0,0,0,0,06-JUL-2020,
OPTSTK,JINDALSTEL,27-Aug-2020,190,PE,0,0,0,49.1,37.5,0,0,0,0,06-JUL-2020,
OPTSTK,JINDALSTEL,24-Sep-2020,90,CE,0,0,0,64.05,68.25,0,0,0,0,06-JUL-2020,
OPTSTK,JINDALSTEL,24-Sep-2020,95,CE,0,0,0,60.05,63.55,0,0,0,0,06-JUL-2020,
OPTSTK,JINDALSTEL,24-Sep-2020,100,CE,0,0,0,56.25,59,0,0,0,0,06-JUL-2020,
OPTSTK,JINDALSTEL,24-Sep-2020,105,CE,0,0,0,52.6,54.55,0,0,0,0,06-JUL-2020,
OPTSTK,JINDALSTEL,24-Sep-2020,110,CE,0,0,0,49.1,50.25,0,0,0,0,06-JUL-2020,
OPTSTK,JINDALSTEL,24-Sep-2020,115,CE,0,0,0,45.8,46.15,0,0,0,0,06-JUL-2020,
OPTSTK,JINDALSTEL,24-Sep-2020,120,CE,0,0,0,42.7,42.25,0,0,0,0,06-JUL-2020,
OPTSTK,JINDALSTEL,24-Sep-2020,125,CE,0,0,0,39.75,38.5,0,0,0,0,06-JUL-2020,
OPTSTK,JINDALSTEL,24-Sep-2020,130,CE,0,0,0,36.95,35,0,0,0,0,06-JUL-2020,
OPTSTK,JINDALSTEL,24-Sep-2020,135,CE,0,0,0,34.35,31.7,0,0,0,0,06-JUL-2020,
OPTSTK,JINDALSTEL,24-Sep-2020,140,CE,0,0,0,31.9,28.6,0,0,0,0,06-JUL-2020,
OPTSTK,JINDALSTEL,24-Sep-2020,145,CE,0,0,0,29.6,25.75,0,0,0,0,06-JUL-2020,
OPTSTK,JINDALSTEL,24-Sep-2020,150,CE,0,0,0,27.45,23.15,0,0,0,0,06-JUL-2020,
OPTSTK,JINDALSTEL,24-Sep-2020,155,CE,0,0,0,25.45,20.7,0,0,0,0,06-JUL-2020,
OPTSTK,JINDALSTEL,24-Sep-2020,160,CE,0,0,0,23.6,18.5,0,0,0,0,06-JUL-2020,
OPTSTK,JINDALSTEL,24-Sep-2020,165,CE,0,0,0,21.85,16.5,0,0,0,0,06-JUL-2020,
OPTSTK,JINDALSTEL,24-Sep-2020,170,CE,0,0,0,20.25,14.65,0,0,0,0,06-JUL-2020,
OPTSTK,JINDALSTEL,24-Sep-2020,175,CE,0,0,0,18.7,13,0,0,0,0,06-JUL-2020,
OPTSTK,JINDALSTEL,24-Sep-2020,180,CE,0,0,0,17.35,11.5,0,0,0,0,06-JUL-2020,
OPTSTK,JINDALSTEL,24-Sep-2020,185,CE,0,0,0,16.05,10.2,0,0,0,0,06-JUL-2020,
OPTSTK,JINDALSTEL,24-Sep-2020,190,CE,0,0,0,14.85,9,0,0,0,0,06-JUL-2020,
OPTSTK,JINDALSTEL,24-Sep-2020,90,PE,0,0,0,3.2,0.45,0,0,0,0,06-JUL-2020,
OPTSTK,JINDALSTEL,24-Sep-2020,95,PE,0,0,0,4.15,0.75,0,0,0,0,06-JUL-2020,
OPTSTK,JINDALSTEL,24-Sep-2020,100,PE,0,0,0,5.3,1.1,0,0,0,0,06-JUL-2020,
OPTSTK,JINDALSTEL,24-Sep-2020,105,PE,0,0,0,6.6,1.65,0,0,0,0,06-JUL-2020,
OPTSTK,JINDALSTEL,24-Sep-2020,110,PE,0,0,0,8.05,2.3,0,0,0,0,06-JUL-2020,
OPTSTK,JINDALSTEL,24-Sep-2020,115,PE,0,0,0,9.7,3.15,0,0,0,0,06-JUL-2020,
OPTSTK,JINDALSTEL,24-Sep-2020,120,PE,0,0,0,11.5,4.15,0,0,0,0,06-JUL-2020,
OPTSTK,JINDALSTEL,24-Sep-2020,125,PE,0,0,0,13.5,5.4,0,0,0,0,06-JUL-2020,
OPTSTK,JINDALSTEL,24-Sep-2020,130,PE,0,0,0,15.65,6.85,0,0,0,0,06-JUL-2020,
OPTSTK,JINDALSTEL,24-Sep-2020,135,PE,0,0,0,18,8.5,0,0,0,0,06-JUL-2020,
OPTSTK,JINDALSTEL,24-Sep-2020,140,PE,0,0,0,20.45,10.35,0,0,0,0,06-JUL-2020,
OPTSTK,JINDALSTEL,24-Sep-2020,145,PE,0,0,0,23.1,12.45,0,0,0,0,06-JUL-2020,
OPTSTK,JINDALSTEL,24-Sep-2020,150,PE,0,0,0,25.9,14.8,0,0,0,0,06-JUL-2020,
OPTSTK,JINDALSTEL,24-Sep-2020,155,PE,0,0,0,28.85,17.35,0,0,0,0,06-JUL-2020,
OPTSTK,JINDALSTEL,24-Sep-2020,160,PE,0,0,0,31.95,20.05,0,0,0,0,06-JUL-2020,
OPTSTK,JINDALSTEL,24-Sep-2020,165,PE,0,0,0,35.15,23,0,0,0,0,06-JUL-2020,
OPTSTK,JINDALSTEL,24-Sep-2020,170,PE,0,0,0,38.45,26.15,0,0,0,0,06-JUL-2020,
OPTSTK,JINDALSTEL,24-Sep-2020,175,PE,0,0,0,41.9,29.45,0,0,0,0,06-JUL-2020,
OPTSTK,JINDALSTEL,24-Sep-2020,180,PE,0,0,0,45.45,32.9,0,0,0,0,06-JUL-2020,
OPTSTK,JINDALSTEL,24-Sep-2020,185,PE,0,0,0,49.1,36.5,0,0,0,0,06-JUL-2020,
OPTSTK,JINDALSTEL,24-Sep-2020,190,PE,0,0,0,52.85,40.3,0,0,0,0,06-JUL-2020,
OPTSTK,JSWSTEEL,30-Jul-2020,95,CE,0,0,0,89.55,99,0,0,0,0,06-JUL-2020,
OPTSTK,JSWSTEEL,30-Jul-2020,100,CE,0,0,0,85.35,94.05,0,0,0,0,06-JUL-2020,
OPTSTK,JSWSTEEL,30-Jul-2020,105,CE,0,0,0,81.3,89.05,0,0,0,0,06-JUL-2020,
OPTSTK,JSWSTEEL,30-Jul-2020,110,CE,0,0,0,77.35,84.05,0,0,0,0,06-JUL-2020,
OPTSTK,JSWSTEEL,30-Jul-2020,115,CE,0,0,0,73.55,79.05,0,0,0,0,06-JUL-2020,
OPTSTK,JSWSTEEL,30-Jul-2020,120,CE,0,0,0,69.85,74.1,0,0,0,0,06-JUL-2020,
OPTSTK,JSWSTEEL,30-Jul-2020,125,CE,0,0,0,66.35,69.1,0,0,0,0,06-JUL-2020,
OPTSTK,JSWSTEEL,30-Jul-2020,130,CE,0,0,0,62.95,64.1,0,0,0,0,06-JUL-2020,
OPTSTK,JSWSTEEL,30-Jul-2020,135,CE,0,0,0,59.7,59.15,0,0,0,0,06-JUL-2020,
OPTSTK,JSWSTEEL,30-Jul-2020,140,CE,0,0,0,56.55,54.15,0,0,0,0,06-JUL-2020,
OPTSTK,JSWSTEEL,30-Jul-2020,145,CE,0,0,0,53.6,49.25,0,0,0,0,06-JUL-2020,
OPTSTK,JSWSTEEL,30-Jul-2020,150,CE,0,0,0,50.75,44.35,0,0,0,0,06-JUL-2020,
OPTSTK,JSWSTEEL,30-Jul-2020,155,CE,0,0,0,48,39.5,0,0,0,0,06-JUL-2020,
OPTSTK,JSWSTEEL,30-Jul-2020,160,CE,0,0,0,30.6,34.8,0,0,2700,0,06-JUL-2020,
OPTSTK,JSWSTEEL,30-Jul-2020,165,CE,0,0,0,27.8,30.25,0,0,5400,0,06-JUL-2020,
OPTSTK,JSWSTEEL,30-Jul-2020,170,CE,0,0,0,21.15,25.95,0,0,37800,0,06-JUL-2020,
OPTSTK,JSWSTEEL,30-Jul-2020,175,CE,0,0,0,38.4,21.9,0,0,0,0,06-JUL-2020,
OPTSTK,JSWSTEEL,30-Jul-2020,180,CE,18.85,18.85,18.5,18.5,18.5,2,10.72,59400,-2700,06-JUL-2020,
OPTSTK,JSWSTEEL,30-Jul-2020,185,CE,13.75,15.25,12.6,14.7,14.7,11,59.25,29700,-8100,06-JUL-2020,
OPTSTK,JSWSTEEL,30-Jul-2020,190,CE,10.15,12.75,9.55,11.6,11.6,254,1381.04,415800,-37800,06-JUL-2020,
OPTSTK,JSWSTEEL,30-Jul-2020,195,CE,7.7,10.35,7.4,9.15,9.15,329,1813.82,278100,-207900,06-JUL-2020,
OPTSTK,JSWSTEEL,30-Jul-2020,200,CE,6,8.15,5.6,7.1,7.1,859,4806,1155600,186300,06-JUL-2020,
OPTSTK,JSWSTEEL,30-Jul-2020,205,CE,4.2,6.25,4.2,5.4,5.4,151,858,256500,18900,06-JUL-2020,
OPTSTK,JSWSTEEL,30-Jul-2020,210,CE,3.25,4.7,3.1,3.95,3.95,315,1820.2,745200,-83700,06-JUL-2020,
OPTSTK,JSWSTEEL,30-Jul-2020,215,CE,2.65,3.4,2.4,2.95,2.95,41,241.37,121500,-8100,06-JUL-2020,
OPTSTK,JSWSTEEL,30-Jul-2020,220,CE,1.85,2.6,1.85,2.25,2.25,133,798.21,480600,-67500,06-JUL-2020,
OPTSTK,JSWSTEEL,30-Jul-2020,225,CE,1.55,1.65,1.55,1.6,1.6,6,36.7,83700,5400,06-JUL-2020,
OPTSTK,JSWSTEEL,30-Jul-2020,230,CE,1.05,1.5,1.05,1.2,1.2,64,399.6,226800,-64800,06-JUL-2020,
OPTSTK,JSWSTEEL,30-Jul-2020,235,CE,0,0,0,1.1,0.8,0,0,2700,0,06-JUL-2020,
OPTSTK,JSWSTEEL,30-Jul-2020,240,CE,0.55,0.75,0.55,0.6,0.6,12,77.96,124200,-8100,06-JUL-2020,
OPTSTK,JSWSTEEL,30-Jul-2020,95,PE,0,0,0,2.7,0.05,0,0,0,0,06-JUL-2020,
OPTSTK,JSWSTEEL,30-Jul-2020,100,PE,0,0,0,3.45,0.05,0,0,0,0,06-JUL-2020,
OPTSTK,JSWSTEEL,30-Jul-2020,105,PE,0,0,0,4.3,0.05,0,0,0,0,06-JUL-2020,
OPTSTK,JSWSTEEL,30-Jul-2020,110,PE,0,0,0,5.3,0.05,0,0,0,0,06-JUL-2020,
OPTSTK,JSWSTEEL,30-Jul-2020,115,PE,0,0,0,6.45,0.05,0,0,0,0,06-JUL-2020,
OPTSTK,JSWSTEEL,30-Jul-2020,120,PE,0,0,0,7.7,0.05,0,0,0,0,06-JUL-2020,
OPTSTK,JSWSTEEL,30-Jul-2020,125,PE,0,0,0,9.1,0.05,0,0,0,0,06-JUL-2020,
OPTSTK,JSWSTEEL,30-Jul-2020,130,PE,0,0,0,10.65,0.05,0,0,0,0,06-JUL-2020,
OPTSTK,JSWSTEEL,30-Jul-2020,135,PE,0,0,0,12.3,0.05,0,0,0,0,06-JUL-2020,
OPTSTK,JSWSTEEL,30-Jul-2020,140,PE,0,0,0,0.6,0.05,0,0,10800,0,06-JUL-2020,
OPTSTK,JSWSTEEL,30-Jul-2020,145,PE,0,0,0,1,0.05,0,0,0,0,06-JUL-2020,
OPTSTK,JSWSTEEL,30-Jul-2020,150,PE,0,0,0,0.6,0.15,0,0,27000,0,06-JUL-2020,
OPTSTK,JSWSTEEL,30-Jul-2020,155,PE,0,0,0,20.4,0.3,0,0,0,0,06-JUL-2020,
OPTSTK,JSWSTEEL,30-Jul-2020,160,PE,0.8,0.95,0.65,0.75,0.75,39,169.29,251100,-21600,06-JUL-2020,
OPTSTK,JSWSTEEL,30-Jul-2020,165,PE,0,0,0,1.75,1.05,0,0,67500,0,06-JUL-2020,
OPTSTK,JSWSTEEL,30-Jul-2020,170,PE,2.35,2.35,1.65,1.7,1.7,157,728.78,831600,-118800,06-JUL-2020,
OPTSTK,JSWSTEEL,30-Jul-2020,175,PE,3.2,3.25,2.5,2.55,2.55,29,139.11,108000,0,06-JUL-2020,
OPTSTK,JSWSTEEL,30-Jul-2020,180,PE,5,5,3.55,3.85,3.85,214,1063.62,310500,-126900,06-JUL-2020,
OPTSTK,JSWSTEEL,30-Jul-2020,185,PE,6.8,6.8,5,5.3,5.3,105,540.46,145800,16200,06-JUL-2020,
OPTSTK,JSWSTEEL,30-Jul-2020,190,PE,8.35,9.3,6.8,7.3,7.3,317,1692.54,488700,-2700,06-JUL-2020,
OPTSTK,JSWSTEEL,30-Jul-2020,195,PE,10.85,11.65,9.2,9.7,9.7,73,403.77,156600,32400,06-JUL-2020,
OPTSTK,JSWSTEEL,30-Jul-2020,200,PE,14.95,15,12.1,12.65,12.65,51,293.22,591300,-8100,06-JUL-2020,
OPTSTK,JSWSTEEL,30-Jul-2020,205,PE,0,0,0,19.3,16.25,0,0,16200,0,06-JUL-2020,
OPTSTK,JSWSTEEL,30-Jul-2020,210,PE,0,0,0,23.2,19.85,0,0,2700,0,06-JUL-2020,
OPTSTK,JSWSTEEL,30-Jul-2020,215,PE,0,0,0,56,23.75,0,0,0,0,06-JUL-2020,
OPTSTK,JSWSTEEL,30-Jul-2020,220,PE,0,0,0,31,27.9,0,0,16200,0,06-JUL-2020,
OPTSTK,JSWSTEEL,30-Jul-2020,225,PE,0,0,0,63.2,32.25,0,0,0,0,06-JUL-2020,
OPTSTK,JSWSTEEL,30-Jul-2020,230,PE,0,0,0,33.05,36.75,0,0,13500,0,06-JUL-2020,
OPTSTK,JSWSTEEL,30-Jul-2020,235,PE,0,0,0,70.75,41.4,0,0,0,0,06-JUL-2020,
OPTSTK,JSWSTEEL,30-Jul-2020,240,PE,0,0,0,54,46.1,0,0,5400,0,06-JUL-2020,
OPTSTK,JSWSTEEL,27-Aug-2020,115,CE,0,0,0,74.35,79.45,0,0,0,0,06-JUL-2020,
OPTSTK,JSWSTEEL,27-Aug-2020,120,CE,0,0,0,70.35,74.5,0,0,0,0,06-JUL-2020,
OPTSTK,JSWSTEEL,27-Aug-2020,125,CE,0,0,0,66.5,69.6,0,0,0,0,06-JUL-2020,
OPTSTK,JSWSTEEL,27-Aug-2020,130,CE,0,0,0,62.8,64.7,0,0,0,0,06-JUL-2020,
OPTSTK,JSWSTEEL,27-Aug-2020,135,CE,0,0,0,59.2,59.85,0,0,0,0,06-JUL-2020,
OPTSTK,JSWSTEEL,27-Aug-2020,140,CE,0,0,0,55.75,55.05,0,0,0,0,06-JUL-2020,
OPTSTK,JSWSTEEL,27-Aug-2020,145,CE,0,0,0,52.5,50.35,0,0,0,0,06-JUL-2020,
OPTSTK,JSWSTEEL,27-Aug-2020,150,CE,0,0,0,49.35,45.8,0,0,0,0,06-JUL-2020,
OPTSTK,JSWSTEEL,27-Aug-2020,155,CE,0,0,0,46.35,41.4,0,0,0,0,06-JUL-2020,
OPTSTK,JSWSTEEL,27-Aug-2020,160,CE,0,0,0,43.5,37.15,0,0,0,0,06-JUL-2020,
OPTSTK,JSWSTEEL,27-Aug-2020,165,CE,0,0,0,40.85,33.1,0,0,0,0,06-JUL-2020,
OPTSTK,JSWSTEEL,27-Aug-2020,170,CE,0,0,0,38.3,29.3,0,0,0,0,06-JUL-2020,
OPTSTK,JSWSTEEL,27-Aug-2020,175,CE,0,0,0,35.85,25.75,0,0,0,0,06-JUL-2020,
OPTSTK,JSWSTEEL,27-Aug-2020,180,CE,0,0,0,33.6,22.5,0,0,0,0,06-JUL-2020,
OPTSTK,JSWSTEEL,27-Aug-2020,185,CE,0,0,0,31.4,19.5,0,0,0,0,06-JUL-2020,
OPTSTK,JSWSTEEL,27-Aug-2020,190,CE,0,0,0,29.4,16.75,0,0,0,0,06-JUL-2020,
OPTSTK,JSWSTEEL,27-Aug-2020,195,CE,0,0,0,14.15,14.35,0,0,2700,0,06-JUL-2020,
OPTSTK,JSWSTEEL,27-Aug-2020,200,CE,0,0,0,11.05,12.2,0,0,2700,0,06-JUL-2020,
OPTSTK,JSWSTEEL,27-Aug-2020,205,CE,8.3,8.3,8.3,8.3,10.25,1,5.75,24300,2700,06-JUL-2020,
OPTSTK,JSWSTEEL,27-Aug-2020,210,CE,0,0,0,6,8.6,0,0,13500,0,06-JUL-2020,
OPTSTK,JSWSTEEL,27-Aug-2020,215,CE,0,0,0,5.3,7.2,0,0,10800,0,06-JUL-2020,
OPTSTK,JSWSTEEL,27-Aug-2020,220,CE,0,0,0,4.25,5.95,0,0,40500,0,06-JUL-2020,
OPTSTK,JSWSTEEL,27-Aug-2020,225,CE,0,0,0,18.2,4.9,0,0,0,0,06-JUL-2020,
OPTSTK,JSWSTEEL,27-Aug-2020,230,CE,0,0,0,17,4,0,0,0,0,06-JUL-2020,
OPTSTK,JSWSTEEL,27-Aug-2020,235,CE,0,0,0,15.85,3.25,0,0,0,0,06-JUL-2020,
OPTSTK,JSWSTEEL,27-Aug-2020,240,CE,0,0,0,2.55,2.65,0,0,10800,0,06-JUL-2020,
OPTSTK,JSWSTEEL,27-Aug-2020,115,PE,0,0,0,3.85,0.05,0,0,0,0,06-JUL-2020,
OPTSTK,JSWSTEEL,27-Aug-2020,120,PE,0,0,0,4.75,0.05,0,0,0,0,06-JUL-2020,
OPTSTK,JSWSTEEL,27-Aug-2020,125,PE,0,0,0,5.85,0.1,0,0,0,0,06-JUL-2020,
OPTSTK,JSWSTEEL,27-Aug-2020,130,PE,0,0,0,7.05,0.15,0,0,0,0,06-JUL-2020,
OPTSTK,JSWSTEEL,27-Aug-2020,135,PE,0,0,0,8.4,0.25,0,0,0,0,06-JUL-2020,
OPTSTK,JSWSTEEL,27-Aug-2020,140,PE,0,0,0,9.9,0.45,0,0,0,0,06-JUL-2020,
OPTSTK,JSWSTEEL,27-Aug-2020,145,PE,0,0,0,11.55,0.75,0,0,0,0,06-JUL-2020,
OPTSTK,JSWSTEEL,27-Aug-2020,150,PE,0,0,0,13.4,1.15,0,0,0,0,06-JUL-2020,
OPTSTK,JSWSTEEL,27-Aug-2020,155,PE,0,0,0,15.35,1.7,0,0,0,0,06-JUL-2020,
OPTSTK,JSWSTEEL,27-Aug-2020,160,PE,0,0,0,6,2.4,0,0,102600,0,06-JUL-2020,
OPTSTK,JSWSTEEL,27-Aug-2020,165,PE,0,0,0,19.65,3.35,0,0,0,0,06-JUL-2020,
OPTSTK,JSWSTEEL,27-Aug-2020,170,PE,0,0,0,5.1,4.55,0,0,8100,0,06-JUL-2020,
OPTSTK,JSWSTEEL,27-Aug-2020,175,PE,0,0,0,24.6,5.95,0,0,0,0,06-JUL-2020,
OPTSTK,JSWSTEEL,27-Aug-2020,180,PE,0,0,0,27.25,7.65,0,0,0,0,06-JUL-2020,
OPTSTK,JSWSTEEL,27-Aug-2020,185,PE,0,0,0,11.05,9.6,0,0,2700,0,06-JUL-2020,
OPTSTK,JSWSTEEL,27-Aug-2020,190,PE,0,0,0,32.95,11.9,0,0,0,0,06-JUL-2020,
OPTSTK,JSWSTEEL,27-Aug-2020,195,PE,0,0,0,35.95,14.4,0,0,0,0,06-JUL-2020,
OPTSTK,JSWSTEEL,27-Aug-2020,200,PE,0,0,0,39.1,17.2,0,0,0,0,06-JUL-2020,
OPTSTK,JSWSTEEL,27-Aug-2020,205,PE,0,0,0,42.35,20.3,0,0,0,0,06-JUL-2020,
OPTSTK,JSWSTEEL,27-Aug-2020,210,PE,0,0,0,45.7,23.6,0,0,0,0,06-JUL-2020,
OPTSTK,JSWSTEEL,27-Aug-2020,215,PE,0,0,0,49.15,27.15,0,0,0,0,06-JUL-2020,
OPTSTK,JSWSTEEL,27-Aug-2020,220,PE,0,0,0,52.7,30.85,0,0,0,0,06-JUL-2020,
OPTSTK,JSWSTEEL,27-Aug-2020,225,PE,0,0,0,56.35,34.8,0,0,0,0,06-JUL-2020,
OPTSTK,JSWSTEEL,27-Aug-2020,230,PE,0,0,0,60.05,38.85,0,0,0,0,06-JUL-2020,
OPTSTK,JSWSTEEL,27-Aug-2020,235,PE,0,0,0,63.85,43.1,0,0,0,0,06-JUL-2020,
OPTSTK,JSWSTEEL,27-Aug-2020,240,PE,0,0,0,67.75,47.45,0,0,0,0,06-JUL-2020,
OPTSTK,JSWSTEEL,24-Sep-2020,115,CE,0,0,0,80.85,79.95,0,0,0,0,06-JUL-2020,
OPTSTK,JSWSTEEL,24-Sep-2020,120,CE,0,0,0,76.3,75.1,0,0,0,0,06-JUL-2020,
OPTSTK,JSWSTEEL,24-Sep-2020,125,CE,0,0,0,71.85,70.25,0,0,0,0,06-JUL-2020,
OPTSTK,JSWSTEEL,24-Sep-2020,130,CE,0,0,0,67.5,65.5,0,0,0,0,06-JUL-2020,
OPTSTK,JSWSTEEL,24-Sep-2020,135,CE,0,0,0,63.3,60.85,0,0,0,0,06-JUL-2020,
OPTSTK,JSWSTEEL,24-Sep-2020,140,CE,0,0,0,59.2,56.3,0,0,0,0,06-JUL-2020,
OPTSTK,JSWSTEEL,24-Sep-2020,145,CE,0,0,0,55.25,51.85,0,0,0,0,06-JUL-2020,
OPTSTK,JSWSTEEL,24-Sep-2020,150,CE,0,0,0,51.5,47.55,0,0,0,0,06-JUL-2020,
OPTSTK,JSWSTEEL,24-Sep-2020,155,CE,0,0,0,47.9,43.45,0,0,0,0,06-JUL-2020,
OPTSTK,JSWSTEEL,24-Sep-2020,160,CE,0,0,0,44.45,39.5,0,0,0,0,06-JUL-2020,
OPTSTK,JSWSTEEL,24-Sep-2020,165,CE,0,0,0,41.15,35.8,0,0,0,0,06-JUL-2020,
OPTSTK,JSWSTEEL,24-Sep-2020,170,CE,0,0,0,38.05,32.25,0,0,0,0,06-JUL-2020,
OPTSTK,JSWSTEEL,24-Sep-2020,175,CE,0,0,0,35.1,28.95,0,0,0,0,06-JUL-2020,
OPTSTK,JSWSTEEL,24-Sep-2020,180,CE,0,0,0,32.35,25.9,0,0,0,0,06-JUL-2020,
OPTSTK,JSWSTEEL,24-Sep-2020,185,CE,0,0,0,29.8,23.05,0,0,0,0,06-JUL-2020,
OPTSTK,JSWSTEEL,24-Sep-2020,190,CE,0,0,0,27.35,20.45,0,0,0,0,06-JUL-2020,
OPTSTK,JSWSTEEL,24-Sep-2020,195,CE,0,0,0,25.1,18.05,0,0,0,0,06-JUL-2020,
OPTSTK,JSWSTEEL,24-Sep-2020,200,CE,0,0,0,23,15.9,0,0,0,0,06-JUL-2020,
OPTSTK,JSWSTEEL,24-Sep-2020,205,CE,0,0,0,21.05,13.95,0,0,0,0,06-JUL-2020,
OPTSTK,JSWSTEEL,24-Sep-2020,210,CE,0,0,0,19.25,12.2,0,0,0,0,06-JUL-2020,
OPTSTK,JSWSTEEL,24-Sep-2020,215,CE,0,0,0,17.55,10.6,0,0,0,0,06-JUL-2020,
OPTSTK,JSWSTEEL,24-Sep-2020,220,CE,0,0,0,16,9.2,0,0,0,0,06-JUL-2020,
OPTSTK,JSWSTEEL,24-Sep-2020,225,CE,0,0,0,14.6,8,0,0,0,0,06-JUL-2020,
OPTSTK,JSWSTEEL,24-Sep-2020,230,CE,0,0,0,13.25,6.9,0,0,0,0,06-JUL-2020,
OPTSTK,JSWSTEEL,24-Sep-2020,235,CE,0,0,0,12.05,5.9,0,0,0,0,06-JUL-2020,
OPTSTK,JSWSTEEL,24-Sep-2020,240,CE,0,0,0,10.95,5.1,0,0,0,0,06-JUL-2020,
OPTSTK,JSWSTEEL,24-Sep-2020,115,PE,0,0,0,1,0.15,0,0,0,0,06-JUL-2020,
OPTSTK,JSWSTEEL,24-Sep-2020,120,PE,0,0,0,1.35,0.2,0,0,0,0,06-JUL-2020,
OPTSTK,JSWSTEEL,24-Sep-2020,125,PE,0,0,0,1.85,0.35,0,0,0,0,06-JUL-2020,
OPTSTK,JSWSTEEL,24-Sep-2020,130,PE,0,0,0,2.45,0.55,0,0,0,0,06-JUL-2020,
OPTSTK,JSWSTEEL,24-Sep-2020,135,PE,0,0,0,3.15,0.85,0,0,0,0,06-JUL-2020,
OPTSTK,JSWSTEEL,24-Sep-2020,140,PE,0,0,0,4.05,1.25,0,0,0,0,06-JUL-2020,
OPTSTK,JSWSTEEL,24-Sep-2020,145,PE,0,0,0,5.05,1.75,0,0,0,0,06-JUL-2020,
OPTSTK,JSWSTEEL,24-Sep-2020,150,PE,0,0,0,6.2,2.45,0,0,0,0,06-JUL-2020,
OPTSTK,JSWSTEEL,24-Sep-2020,155,PE,0,0,0,7.55,3.25,0,0,0,0,06-JUL-2020,
OPTSTK,JSWSTEEL,24-Sep-2020,160,PE,0,0,0,9.05,4.3,0,0,0,0,06-JUL-2020,
OPTSTK,JSWSTEEL,24-Sep-2020,165,PE,0,0,0,10.7,5.5,0,0,0,0,06-JUL-2020,
OPTSTK,JSWSTEEL,24-Sep-2020,170,PE,0,0,0,12.55,6.95,0,0,0,0,06-JUL-2020,
OPTSTK,JSWSTEEL,24-Sep-2020,175,PE,0,0,0,14.55,8.6,0,0,0,0,06-JUL-2020,
OPTSTK,JSWSTEEL,24-Sep-2020,180,PE,0,0,0,16.75,10.5,0,0,0,0,06-JUL-2020,
OPTSTK,JSWSTEEL,24-Sep-2020,185,PE,0,0,0,19.1,12.6,0,0,0,0,06-JUL-2020,
OPTSTK,JSWSTEEL,24-Sep-2020,190,PE,0,0,0,21.6,14.95,0,0,0,0,06-JUL-2020,
OPTSTK,JSWSTEEL,24-Sep-2020,195,PE,0,0,0,24.3,17.5,0,0,0,0,06-JUL-2020,
OPTSTK,JSWSTEEL,24-Sep-2020,200,PE,0,0,0,27.1,20.3,0,0,0,0,06-JUL-2020,
OPTSTK,JSWSTEEL,24-Sep-2020,205,PE,0,0,0,30.1,23.3,0,0,0,0,06-JUL-2020,
OPTSTK,JSWSTEEL,24-Sep-2020,210,PE,0,0,0,33.25,26.5,0,0,0,0,06-JUL-2020,
OPTSTK,JSWSTEEL,24-Sep-2020,215,PE,0,0,0,36.5,29.85,0,0,0,0,06-JUL-2020,
OPTSTK,JSWSTEEL,24-Sep-2020,220,PE,0,0,0,39.9,33.45,0,0,0,0,06-JUL-2020,
OPTSTK,JSWSTEEL,24-Sep-2020,225,PE,0,0,0,43.4,37.15,0,0,0,0,06-JUL-2020,
OPTSTK,JSWSTEEL,24-Sep-2020,230,PE,0,0,0,47.05,41,0,0,0,0,06-JUL-2020,
OPTSTK,JSWSTEEL,24-Sep-2020,235,PE,0,0,0,50.8,45,0,0,0,0,06-JUL-2020,
OPTSTK,JSWSTEEL,24-Sep-2020,240,PE,0,0,0,54.65,49.1,0,0,0,0,06-JUL-2020,
OPTSTK,JUBLFOOD,30-Jul-2020,1000,CE,0,0,0,647.45,739.4,0,0,0,0,06-JUL-2020,
OPTSTK,JUBLFOOD,30-Jul-2020,1050,CE,0,0,0,606.35,689.55,0,0,0,0,06-JUL-2020,
OPTSTK,JUBLFOOD,30-Jul-2020,1100,CE,0,0,0,566.75,639.65,0,0,0,0,06-JUL-2020,
OPTSTK,JUBLFOOD,30-Jul-2020,1150,CE,0,0,0,528.85,589.8,0,0,0,0,06-JUL-2020,
OPTSTK,JUBLFOOD,30-Jul-2020,1200,CE,0,0,0,492.65,539.95,0,0,0,0,06-JUL-2020,
OPTSTK,JUBLFOOD,30-Jul-2020,1220,CE,0,0,0,506.1,520.05,0,0,0,0,06-JUL-2020,
OPTSTK,JUBLFOOD,30-Jul-2020,1240,CE,0,0,0,489.55,500.1,0,0,0,0,06-JUL-2020,
OPTSTK,JUBLFOOD,30-Jul-2020,1250,CE,0,0,0,458.2,490.15,0,0,0,0,06-JUL-2020,
OPTSTK,JUBLFOOD,30-Jul-2020,1260,CE,0,0,0,473.35,480.2,0,0,0,0,06-JUL-2020,
OPTSTK,JUBLFOOD,30-Jul-2020,1280,CE,0,0,0,457.4,460.3,0,0,0,0,06-JUL-2020,
OPTSTK,JUBLFOOD,30-Jul-2020,1300,CE,0,0,0,488,440.45,0,0,1000,0,06-JUL-2020,
OPTSTK,JUBLFOOD,30-Jul-2020,1320,CE,0,0,0,426.4,420.65,0,0,0,0,06-JUL-2020,
OPTSTK,JUBLFOOD,30-Jul-2020,1340,CE,0,0,0,411.35,400.9,0,0,0,0,06-JUL-2020,
OPTSTK,JUBLFOOD,30-Jul-2020,1350,CE,0,0,0,394.55,391.05,0,0,0,0,06-JUL-2020,
OPTSTK,JUBLFOOD,30-Jul-2020,1360,CE,0,0,0,396.7,381.2,0,0,0,0,06-JUL-2020,
OPTSTK,JUBLFOOD,30-Jul-2020,1380,CE,0,0,0,382.3,361.65,0,0,0,0,06-JUL-2020,
OPTSTK,JUBLFOOD,30-Jul-2020,1400,CE,0,0,0,257.5,342.2,0,0,1000,0,06-JUL-2020,
OPTSTK,JUBLFOOD,30-Jul-2020,1420,CE,0,0,0,323.05,322.9,0,0,1000,0,06-JUL-2020,
OPTSTK,JUBLFOOD,30-Jul-2020,1440,CE,0,0,0,341.15,303.85,0,0,0,0,06-JUL-2020,
OPTSTK,JUBLFOOD,30-Jul-2020,1450,CE,0,0,0,296.25,294.4,0,0,1000,0,06-JUL-2020,
OPTSTK,JUBLFOOD,30-Jul-2020,1460,CE,0,0,0,287.55,285.05,0,0,1000,0,06-JUL-2020,
OPTSTK,JUBLFOOD,30-Jul-2020,1480,CE,0,0,0,315.35,266.55,0,0,0,0,06-JUL-2020,
OPTSTK,JUBLFOOD,30-Jul-2020,1500,CE,0,0,0,292.75,248.4,0,0,11500,0,06-JUL-2020,
OPTSTK,JUBLFOOD,30-Jul-2020,1520,CE,0,0,0,291,230.7,0,0,0,0,06-JUL-2020,
OPTSTK,JUBLFOOD,30-Jul-2020,1540,CE,0,0,0,279.35,213.45,0,0,0,0,06-JUL-2020,
OPTSTK,JUBLFOOD,30-Jul-2020,1550,CE,0,0,0,231.5,205,0,0,500,0,06-JUL-2020,
OPTSTK,JUBLFOOD,30-Jul-2020,1560,CE,0,0,0,268.05,196.75,0,0,0,0,06-JUL-2020,
OPTSTK,JUBLFOOD,30-Jul-2020,1580,CE,0,0,0,257.1,180.6,0,0,0,0,06-JUL-2020,
OPTSTK,JUBLFOOD,30-Jul-2020,1600,CE,0,0,0,154.25,165.15,0,0,12500,0,06-JUL-2020,
OPTSTK,JUBLFOOD,30-Jul-2020,1620,CE,0,0,0,236.15,150.4,0,0,0,0,06-JUL-2020,
OPTSTK,JUBLFOOD,30-Jul-2020,1640,CE,0,0,0,226.2,136.35,0,0,0,0,06-JUL-2020,
OPTSTK,JUBLFOOD,30-Jul-2020,1650,CE,0,0,0,119,129.6,0,0,1500,0,06-JUL-2020,
OPTSTK,JUBLFOOD,30-Jul-2020,1660,CE,0,0,0,216.6,123.1,0,0,0,0,06-JUL-2020,
OPTSTK,JUBLFOOD,30-Jul-2020,1680,CE,0,0,0,161.85,110.6,0,0,4000,0,06-JUL-2020,
OPTSTK,JUBLFOOD,30-Jul-2020,1700,CE,86.65,90,78.15,87.1,87.1,26,232.12,18000,-4500,06-JUL-2020,
OPTSTK,JUBLFOOD,30-Jul-2020,1720,CE,72.85,76.6,69.4,76.5,76.5,9,80.7,6000,500,06-JUL-2020,
OPTSTK,JUBLFOOD,30-Jul-2020,1740,CE,63.5,68,57.55,65.9,65.9,28,252.37,5500,0,06-JUL-2020,
OPTSTK,JUBLFOOD,30-Jul-2020,1750,CE,56,64.55,52.9,61.35,61.35,71,642.24,31000,1000,06-JUL-2020,
OPTSTK,JUBLFOOD,30-Jul-2020,1760,CE,49.6,56.7,49.6,55,68.95,10,90.68,11500,500,06-JUL-2020,
OPTSTK,JUBLFOOD,30-Jul-2020,1780,CE,44.7,50,41.45,49,49,5,45.66,7000,1000,06-JUL-2020,
OPTSTK,JUBLFOOD,30-Jul-2020,1800,CE,40,44,35.5,41.15,41.15,259,2382.63,137500,13500,06-JUL-2020,
OPTSTK,JUBLFOOD,30-Jul-2020,1820,CE,33.15,33.15,32,32,46.1,2,18.52,10500,0,06-JUL-2020,
OPTSTK,JUBLFOOD,30-Jul-2020,1840,CE,26.95,26.95,25.75,25.75,39.95,3,27.99,8000,0,06-JUL-2020,
OPTSTK,JUBLFOOD,30-Jul-2020,1850,CE,27,27,23.5,27,27,4,37.51,29000,-500,06-JUL-2020,
OPTSTK,JUBLFOOD,30-Jul-2020,1860,CE,0,0,0,29.85,34.45,0,0,3500,0,06-JUL-2020,
OPTSTK,JUBLFOOD,30-Jul-2020,1880,CE,0,0,0,130.95,29.6,0,0,0,0,06-JUL-2020,
OPTSTK,JUBLFOOD,30-Jul-2020,1900,CE,17.05,17.85,14,16.55,16.55,61,584.43,48500,9500,06-JUL-2020,
OPTSTK,JUBLFOOD,30-Jul-2020,1920,CE,0,0,0,13,21.5,0,0,1000,0,06-JUL-2020,
OPTSTK,JUBLFOOD,30-Jul-2020,1940,CE,0,0,0,35,18.25,0,0,500,0,06-JUL-2020,
OPTSTK,JUBLFOOD,30-Jul-2020,1950,CE,0,0,0,9.1,16.75,0,0,3500,0,06-JUL-2020,
OPTSTK,JUBLFOOD,30-Jul-2020,1960,CE,0,0,0,23,15.35,0,0,1500,0,06-JUL-2020,
OPTSTK,JUBLFOOD,30-Jul-2020,1980,CE,0,0,0,18,12.9,0,0,500,0,06-JUL-2020,
OPTSTK,JUBLFOOD,30-Jul-2020,2000,CE,6.85,6.85,5.5,5.6,10.8,19,190.57,56500,2000,06-JUL-2020,
OPTSTK,JUBLFOOD,30-Jul-2020,2050,CE,0,0,0,124.15,6.8,0,0,0,0,06-JUL-2020,
OPTSTK,JUBLFOOD,30-Jul-2020,2100,CE,0.5,0.5,0.5,0.5,4.15,1,10.5,7000,0,06-JUL-2020,
OPTSTK,JUBLFOOD,30-Jul-2020,2150,CE,2,2,2,2,2.5,1,10.76,1000,0,06-JUL-2020,
OPTSTK,JUBLFOOD,30-Jul-2020,1000,PE,0,0,0,26.3,0.05,0,0,0,0,06-JUL-2020,
OPTSTK,JUBLFOOD,30-Jul-2020,1050,PE,0,0,0,34.5,0.05,0,0,0,0,06-JUL-2020,
OPTSTK,JUBLFOOD,30-Jul-2020,1100,PE,0,0,0,44.35,0.05,0,0,0,0,06-JUL-2020,
OPTSTK,JUBLFOOD,30-Jul-2020,1150,PE,0,0,0,55.8,0.05,0,0,0,0,06-JUL-2020,
OPTSTK,JUBLFOOD,30-Jul-2020,1200,PE,0,0,0,68.95,0.05,0,0,0,0,06-JUL-2020,
OPTSTK,JUBLFOOD,30-Jul-2020,1220,PE,0,0,0,26.4,0.05,0,0,0,0,06-JUL-2020,
OPTSTK,JUBLFOOD,30-Jul-2020,1240,PE,0,0,0,29.7,0.05,0,0,0,0,06-JUL-2020,
OPTSTK,JUBLFOOD,30-Jul-2020,1250,PE,0,0,0,83.85,0.05,0,0,0,0,06-JUL-2020,
OPTSTK,JUBLFOOD,30-Jul-2020,1260,PE,0,0,0,33.3,0.1,0,0,0,0,06-JUL-2020,
OPTSTK,JUBLFOOD,30-Jul-2020,1280,PE,0,0,0,37.2,0.15,0,0,0,0,06-JUL-2020,
OPTSTK,JUBLFOOD,30-Jul-2020,1300,PE,0,0,0,4.45,0.25,0,0,4000,0,06-JUL-2020,
OPTSTK,JUBLFOOD,30-Jul-2020,1320,PE,0,0,0,45.85,0.35,0,0,0,0,06-JUL-2020,
OPTSTK,JUBLFOOD,30-Jul-2020,1340,PE,0,0,0,50.65,0.55,0,0,0,0,06-JUL-2020,
OPTSTK,JUBLFOOD,30-Jul-2020,1350,PE,0,0,0,5.5,0.65,0,0,1000,0,06-JUL-2020,
OPTSTK,JUBLFOOD,30-Jul-2020,1360,PE,0,0,0,55.85,0.8,0,0,0,0,06-JUL-2020,
OPTSTK,JUBLFOOD,30-Jul-2020,1380,PE,0,0,0,61.3,1.2,0,0,0,0,06-JUL-2020,
OPTSTK,JUBLFOOD,30-Jul-2020,1400,PE,2.2,2.7,2.15,2.7,1.7,3,21.03,21500,-500,06-JUL-2020,
OPTSTK,JUBLFOOD,30-Jul-2020,1420,PE,0,0,0,73.15,2.35,0,0,0,0,06-JUL-2020,
OPTSTK,JUBLFOOD,30-Jul-2020,1440,PE,0,0,0,48.45,3.25,0,0,1000,0,06-JUL-2020,
OPTSTK,JUBLFOOD,30-Jul-2020,1450,PE,0,0,0,8.6,3.75,0,0,1000,0,06-JUL-2020,
OPTSTK,JUBLFOOD,30-Jul-2020,1460,PE,0,0,0,53.7,4.35,0,0,1000,0,06-JUL-2020,
OPTSTK,JUBLFOOD,30-Jul-2020,1480,PE,0,0,0,13.55,5.8,0,0,500,0,06-JUL-2020,
OPTSTK,JUBLFOOD,30-Jul-2020,1500,PE,6.3,7.65,5,6.35,6.35,19,143.1,80000,1500,06-JUL-2020,
OPTSTK,JUBLFOOD,30-Jul-2020,1520,PE,0,0,0,108.8,9.85,0,0,0,0,06-JUL-2020,
OPTSTK,JUBLFOOD,30-Jul-2020,1540,PE,0,0,0,36,12.55,0,0,500,0,06-JUL-2020,
OPTSTK,JUBLFOOD,30-Jul-2020,1550,PE,10,10.2,10,10.2,10.2,3,23.4,9000,-1000,06-JUL-2020,
OPTSTK,JUBLFOOD,30-Jul-2020,1560,PE,0,0,0,125.5,15.8,0,0,0,0,06-JUL-2020,
OPTSTK,JUBLFOOD,30-Jul-2020,1580,PE,0,0,0,23,19.6,0,0,1500,0,06-JUL-2020,
OPTSTK,JUBLFOOD,30-Jul-2020,1600,PE,18,20.9,17.15,18.1,18.1,64,517.9,54000,3500,06-JUL-2020,
OPTSTK,JUBLFOOD,30-Jul-2020,1620,PE,0,0,0,30,29.25,0,0,3000,0,06-JUL-2020,
OPTSTK,JUBLFOOD,30-Jul-2020,1640,PE,0,0,0,163,35.15,0,0,0,0,06-JUL-2020,
OPTSTK,JUBLFOOD,30-Jul-2020,1650,PE,30.95,34.4,26.1,28.2,28.2,40,336.1,25000,0,06-JUL-2020,
OPTSTK,JUBLFOOD,30-Jul-2020,1660,PE,35.85,38,31.8,37.05,41.85,15,127.14,5000,-500,06-JUL-2020,
OPTSTK,JUBLFOOD,30-Jul-2020,1680,PE,41.6,45.1,39,45,49.35,14,120.56,12000,0,06-JUL-2020,
OPTSTK,JUBLFOOD,30-Jul-2020,1700,PE,48.1,54,41.1,46.3,46.3,186,1625.13,65500,5500,06-JUL-2020,
OPTSTK,JUBLFOOD,30-Jul-2020,1720,PE,58.1,62.6,49.05,55.65,55.65,27,240.01,11000,3000,06-JUL-2020,
OPTSTK,JUBLFOOD,30-Jul-2020,1740,PE,68.75,74.05,63.5,63.9,63.9,23,208,8000,2000,06-JUL-2020,
OPTSTK,JUBLFOOD,30-Jul-2020,1750,PE,74,78.65,63.4,78.1,82,33,300.54,21000,2000,06-JUL-2020,
OPTSTK,JUBLFOOD,30-Jul-2020,1760,PE,0,0,0,75.85,87.45,0,0,7000,0,06-JUL-2020,
OPTSTK,JUBLFOOD,30-Jul-2020,1780,PE,81.7,81.7,81.7,81.7,99,1,9.3,2000,0,06-JUL-2020,
OPTSTK,JUBLFOOD,30-Jul-2020,1800,PE,100.4,100.4,100.4,100.4,100.4,1,9.5,11000,500,06-JUL-2020,
OPTSTK,JUBLFOOD,30-Jul-2020,1820,PE,0,0,0,266.1,124.45,0,0,0,0,06-JUL-2020,
OPTSTK,JUBLFOOD,30-Jul-2020,1840,PE,0,0,0,163.45,138.2,0,0,2000,0,06-JUL-2020,
OPTSTK,JUBLFOOD,30-Jul-2020,1850,PE,0,0,0,393.1,145.35,0,0,0,0,06-JUL-2020,
OPTSTK,JUBLFOOD,30-Jul-2020,1860,PE,0,0,0,292.25,152.65,0,0,0,0,06-JUL-2020,
OPTSTK,JUBLFOOD,30-Jul-2020,1880,PE,0,0,0,305.7,167.75,0,0,0,0,06-JUL-2020,
OPTSTK,JUBLFOOD,30-Jul-2020,1900,PE,0,0,0,428.15,183.4,0,0,0,0,06-JUL-2020,
OPTSTK,JUBLFOOD,30-Jul-2020,1920,PE,0,0,0,333.4,199.55,0,0,0,0,06-JUL-2020,
OPTSTK,JUBLFOOD,30-Jul-2020,1940,PE,0,0,0,347.6,216.2,0,0,0,0,06-JUL-2020,
OPTSTK,JUBLFOOD,30-Jul-2020,1950,PE,0,0,0,464.25,224.7,0,0,0,0,06-JUL-2020,
OPTSTK,JUBLFOOD,30-Jul-2020,1960,PE,0,0,0,256.2,233.3,0,0,500,0,06-JUL-2020,
OPTSTK,JUBLFOOD,30-Jul-2020,1980,PE,0,0,0,271.55,250.8,0,0,1000,0,06-JUL-2020,
OPTSTK,JUBLFOOD,30-Jul-2020,2000,PE,0,0,0,276.75,268.6,0,0,1500,0,06-JUL-2020,
OPTSTK,JUBLFOOD,30-Jul-2020,2050,PE,0,0,0,539.65,314.45,0,0,0,0,06-JUL-2020,
OPTSTK,JUBLFOOD,30-Jul-2020,2100,PE,0,0,0,578.7,361.7,0,0,0,0,06-JUL-2020,
OPTSTK,JUBLFOOD,30-Jul-2020,2150,PE,0,0,0,618.55,409.9,0,0,0,0,06-JUL-2020,
OPTSTK,JUBLFOOD,27-Aug-2020,1200,CE,0,0,0,544.65,544.75,0,0,0,0,06-JUL-2020,
OPTSTK,JUBLFOOD,27-Aug-2020,1220,CE,0,0,0,529.05,525.2,0,0,0,0,06-JUL-2020,
OPTSTK,JUBLFOOD,27-Aug-2020,1240,CE,0,0,0,513.7,505.7,0,0,0,0,06-JUL-2020,
OPTSTK,JUBLFOOD,27-Aug-2020,1260,CE,0,0,0,498.65,486.35,0,0,0,0,06-JUL-2020,
OPTSTK,JUBLFOOD,27-Aug-2020,1280,CE,0,0,0,483.9,467.1,0,0,0,0,06-JUL-2020,
OPTSTK,JUBLFOOD,27-Aug-2020,1300,CE,0,0,0,469.4,448,0,0,0,0,06-JUL-2020,
OPTSTK,JUBLFOOD,27-Aug-2020,1320,CE,0,0,0,455.15,429.05,0,0,0,0,06-JUL-2020,
OPTSTK,JUBLFOOD,27-Aug-2020,1340,CE,0,0,0,441.25,410.35,0,0,0,0,06-JUL-2020,
OPTSTK,JUBLFOOD,27-Aug-2020,1350,CE,0,0,0,461.9,401.05,0,0,0,0,06-JUL-2020,
OPTSTK,JUBLFOOD,27-Aug-2020,1360,CE,0,0,0,427.6,391.85,0,0,0,0,06-JUL-2020,
OPTSTK,JUBLFOOD,27-Aug-2020,1380,CE,0,0,0,414.25,373.6,0,0,0,0,06-JUL-2020,
OPTSTK,JUBLFOOD,27-Aug-2020,1400,CE,0,0,0,401.2,355.6,0,0,0,0,06-JUL-2020,
OPTSTK,JUBLFOOD,27-Aug-2020,1420,CE,0,0,0,388.4,337.95,0,0,0,0,06-JUL-2020,
OPTSTK,JUBLFOOD,27-Aug-2020,1440,CE,0,0,0,375.95,320.6,0,0,0,0,06-JUL-2020,
OPTSTK,JUBLFOOD,27-Aug-2020,1450,CE,0,0,0,379.2,312.1,0,0,0,0,06-JUL-2020,
OPTSTK,JUBLFOOD,27-Aug-2020,1460,CE,0,0,0,363.75,303.65,0,0,0,0,06-JUL-2020,
OPTSTK,JUBLFOOD,27-Aug-2020,1480,CE,0,0,0,351.85,287.1,0,0,0,0,06-JUL-2020,
OPTSTK,JUBLFOOD,27-Aug-2020,1500,CE,0,0,0,340.3,270.95,0,0,0,0,06-JUL-2020,
OPTSTK,JUBLFOOD,27-Aug-2020,1520,CE,0,0,0,329.05,255.25,0,0,0,0,06-JUL-2020,
OPTSTK,JUBLFOOD,27-Aug-2020,1540,CE,0,0,0,318.05,240.05,0,0,0,0,06-JUL-2020,
OPTSTK,JUBLFOOD,27-Aug-2020,1550,CE,0,0,0,304.9,232.65,0,0,0,0,06-JUL-2020,
OPTSTK,JUBLFOOD,27-Aug-2020,1560,CE,0,0,0,307.35,225.35,0,0,0,0,06-JUL-2020,
OPTSTK,JUBLFOOD,27-Aug-2020,1580,CE,0,0,0,296.95,211.1,0,0,0,0,06-JUL-2020,
OPTSTK,JUBLFOOD,27-Aug-2020,1600,CE,0,0,0,286.85,197.45,0,0,0,0,06-JUL-2020,
OPTSTK,JUBLFOOD,27-Aug-2020,1620,CE,0,0,0,277,184.3,0,0,0,0,06-JUL-2020,
OPTSTK,JUBLFOOD,27-Aug-2020,1640,CE,0,0,0,267.4,171.75,0,0,0,0,06-JUL-2020,
OPTSTK,JUBLFOOD,27-Aug-2020,1650,CE,0,0,0,240.1,165.65,0,0,0,0,06-JUL-2020,
OPTSTK,JUBLFOOD,27-Aug-2020,1660,CE,0,0,0,258.1,159.7,0,0,0,0,06-JUL-2020,
OPTSTK,JUBLFOOD,27-Aug-2020,1680,CE,0,0,0,249.1,148.25,0,0,0,0,06-JUL-2020,
OPTSTK,JUBLFOOD,27-Aug-2020,1700,CE,0,0,0,240.35,137.4,0,0,0,0,06-JUL-2020,
OPTSTK,JUBLFOOD,27-Aug-2020,1720,CE,0,0,0,231.85,127.05,0,0,0,0,06-JUL-2020,
OPTSTK,JUBLFOOD,27-Aug-2020,1740,CE,0,0,0,100,117.3,0,0,500,0,06-JUL-2020,
OPTSTK,JUBLFOOD,27-Aug-2020,1750,CE,0,0,0,185.45,112.6,0,0,0,0,06-JUL-2020,
OPTSTK,JUBLFOOD,27-Aug-2020,1760,CE,0,0,0,215.6,108.1,0,0,0,0,06-JUL-2020,
OPTSTK,JUBLFOOD,27-Aug-2020,1780,CE,0,0,0,207.85,99.4,0,0,0,0,06-JUL-2020,
OPTSTK,JUBLFOOD,27-Aug-2020,1800,CE,0,0,0,200.35,91.3,0,0,0,0,06-JUL-2020,
OPTSTK,JUBLFOOD,27-Aug-2020,1820,CE,0,0,0,193.05,83.65,0,0,0,0,06-JUL-2020,
OPTSTK,JUBLFOOD,27-Aug-2020,1840,CE,0,0,0,186.05,76.55,0,0,0,0,06-JUL-2020,
OPTSTK,JUBLFOOD,27-Aug-2020,1850,CE,0,0,0,140.6,73.15,0,0,0,0,06-JUL-2020,
OPTSTK,JUBLFOOD,27-Aug-2020,1860,CE,0,0,0,179.2,69.9,0,0,0,0,06-JUL-2020,
OPTSTK,JUBLFOOD,27-Aug-2020,1880,CE,0,0,0,172.6,63.75,0,0,0,0,06-JUL-2020,
OPTSTK,JUBLFOOD,27-Aug-2020,1900,CE,0,0,0,40,58,0,0,500,0,06-JUL-2020,
OPTSTK,JUBLFOOD,27-Aug-2020,1920,CE,0,0,0,160.1,52.7,0,0,0,0,06-JUL-2020,
OPTSTK,JUBLFOOD,27-Aug-2020,1940,CE,0,0,0,154.1,47.85,0,0,0,0,06-JUL-2020,
OPTSTK,JUBLFOOD,27-Aug-2020,1950,CE,0,0,0,104.8,45.55,0,0,0,0,06-JUL-2020,
OPTSTK,JUBLFOOD,27-Aug-2020,1960,CE,0,0,0,148.35,43.3,0,0,0,0,06-JUL-2020,
OPTSTK,JUBLFOOD,27-Aug-2020,1980,CE,0,0,0,142.8,39.15,0,0,0,0,06-JUL-2020,
OPTSTK,JUBLFOOD,27-Aug-2020,2000,CE,0,0,0,137.4,35.35,0,0,0,0,06-JUL-2020,
OPTSTK,JUBLFOOD,27-Aug-2020,2050,CE,0,0,0,76.95,27.2,0,0,0,0,06-JUL-2020,
OPTSTK,JUBLFOOD,27-Aug-2020,2100,CE,0,0,0,113.35,20.75,0,0,0,0,06-JUL-2020,
OPTSTK,JUBLFOOD,27-Aug-2020,2150,CE,0,0,0,55.65,15.65,0,0,0,0,06-JUL-2020,
OPTSTK,JUBLFOOD,27-Aug-2020,1200,PE,0,0,0,40.7,0.9,0,0,0,0,06-JUL-2020,
OPTSTK,JUBLFOOD,27-Aug-2020,1220,PE,0,0,0,44.85,1.25,0,0,0,0,06-JUL-2020,
OPTSTK,JUBLFOOD,27-Aug-2020,1240,PE,0,0,0,49.25,1.65,0,0,0,0,06-JUL-2020,
OPTSTK,JUBLFOOD,27-Aug-2020,1260,PE,0,0,0,53.95,2.15,0,0,0,0,06-JUL-2020,
OPTSTK,JUBLFOOD,27-Aug-2020,1280,PE,0,0,0,58.95,2.75,0,0,0,0,06-JUL-2020,
OPTSTK,JUBLFOOD,27-Aug-2020,1300,PE,0,0,0,64.2,3.55,0,0,0,0,06-JUL-2020,
OPTSTK,JUBLFOOD,27-Aug-2020,1320,PE,0,0,0,69.75,4.5,0,0,0,0,06-JUL-2020,
OPTSTK,JUBLFOOD,27-Aug-2020,1340,PE,0,0,0,75.55,5.65,0,0,0,0,06-JUL-2020,
OPTSTK,JUBLFOOD,27-Aug-2020,1350,PE,0,0,0,18.1,6.3,0,0,0,0,06-JUL-2020,
OPTSTK,JUBLFOOD,27-Aug-2020,1360,PE,0,0,0,81.65,7,0,0,0,0,06-JUL-2020,
OPTSTK,JUBLFOOD,27-Aug-2020,1380,PE,0,0,0,88.1,8.65,0,0,0,0,06-JUL-2020,
OPTSTK,JUBLFOOD,27-Aug-2020,1400,PE,0,0,0,94.8,10.55,0,0,0,0,06-JUL-2020,
OPTSTK,JUBLFOOD,27-Aug-2020,1420,PE,0,0,0,101.8,12.75,0,0,0,0,06-JUL-2020,
OPTSTK,JUBLFOOD,27-Aug-2020,1440,PE,0,0,0,109.05,15.3,0,0,0,0,06-JUL-2020,
OPTSTK,JUBLFOOD,27-Aug-2020,1450,PE,0,0,0,34.55,16.75,0,0,0,0,06-JUL-2020,
OPTSTK,JUBLFOOD,27-Aug-2020,1460,PE,0,0,0,116.6,18.25,0,0,0,0,06-JUL-2020,
OPTSTK,JUBLFOOD,27-Aug-2020,1480,PE,0,0,0,124.5,21.55,0,0,0,0,06-JUL-2020,
OPTSTK,JUBLFOOD,27-Aug-2020,1500,PE,0,0,0,132.7,25.3,0,0,0,0,06-JUL-2020,
OPTSTK,JUBLFOOD,27-Aug-2020,1520,PE,0,0,0,141.2,29.5,0,0,0,0,06-JUL-2020,
OPTSTK,JUBLFOOD,27-Aug-2020,1540,PE,0,0,0,149.95,34.15,0,0,0,0,06-JUL-2020,
OPTSTK,JUBLFOOD,27-Aug-2020,1550,PE,0,0,0,59.5,36.65,0,0,0,0,06-JUL-2020,
OPTSTK,JUBLFOOD,27-Aug-2020,1560,PE,0,0,0,159,39.3,0,0,0,0,06-JUL-2020,
OPTSTK,JUBLFOOD,27-Aug-2020,1580,PE,0,0,0,168.35,45,0,0,0,0,06-JUL-2020,
OPTSTK,JUBLFOOD,27-Aug-2020,1600,PE,0,0,0,178,51.2,0,0,0,0,06-JUL-2020,
OPTSTK,JUBLFOOD,27-Aug-2020,1620,PE,0,0,0,187.9,57.95,0,0,0,0,06-JUL-2020,
OPTSTK,JUBLFOOD,27-Aug-2020,1640,PE,0,0,0,198.1,65.25,0,0,0,0,06-JUL-2020,
OPTSTK,JUBLFOOD,27-Aug-2020,1650,PE,0,0,0,93.9,69.1,0,0,0,0,06-JUL-2020,
OPTSTK,JUBLFOOD,27-Aug-2020,1660,PE,0,0,0,208.55,73.1,0,0,0,0,06-JUL-2020,
OPTSTK,JUBLFOOD,27-Aug-2020,1680,PE,0,0,0,219.3,81.5,0,0,0,0,06-JUL-2020,
OPTSTK,JUBLFOOD,27-Aug-2020,1700,PE,0,0,0,230.3,90.5,0,0,0,0,06-JUL-2020,
OPTSTK,JUBLFOOD,27-Aug-2020,1720,PE,0,0,0,241.55,100.05,0,0,0,0,06-JUL-2020,
OPTSTK,JUBLFOOD,27-Aug-2020,1740,PE,0,0,0,253.05,110.2,0,0,0,0,06-JUL-2020,
OPTSTK,JUBLFOOD,27-Aug-2020,1750,PE,0,0,0,138.45,115.45,0,0,0,0,06-JUL-2020,
OPTSTK,JUBLFOOD,27-Aug-2020,1760,PE,0,0,0,130,120.85,0,0,500,0,06-JUL-2020,
OPTSTK,JUBLFOOD,27-Aug-2020,1780,PE,0,0,0,276.85,132.05,0,0,0,0,06-JUL-2020,
OPTSTK,JUBLFOOD,27-Aug-2020,1800,PE,0,0,0,289.1,143.8,0,0,0,0,06-JUL-2020,
OPTSTK,JUBLFOOD,27-Aug-2020,1820,PE,0,0,0,301.55,156.1,0,0,0,0,06-JUL-2020,
OPTSTK,JUBLFOOD,27-Aug-2020,1840,PE,0,0,0,314.3,168.85,0,0,0,0,06-JUL-2020,
OPTSTK,JUBLFOOD,27-Aug-2020,1850,PE,0,0,0,192.8,175.4,0,0,0,0,06-JUL-2020,
OPTSTK,JUBLFOOD,27-Aug-2020,1860,PE,0,0,0,327.25,182.1,0,0,0,0,06-JUL-2020,
OPTSTK,JUBLFOOD,27-Aug-2020,1880,PE,0,0,0,340.4,195.8,0,0,0,0,06-JUL-2020,
OPTSTK,JUBLFOOD,27-Aug-2020,1900,PE,0,0,0,353.75,209.95,0,0,0,0,06-JUL-2020,
OPTSTK,JUBLFOOD,27-Aug-2020,1920,PE,0,0,0,367.35,224.55,0,0,0,0,06-JUL-2020,
OPTSTK,JUBLFOOD,27-Aug-2020,1940,PE,0,0,0,381.15,239.5,0,0,0,0,06-JUL-2020,
OPTSTK,JUBLFOOD,27-Aug-2020,1950,PE,0,0,0,256.15,247.15,0,0,0,0,06-JUL-2020,
OPTSTK,JUBLFOOD,27-Aug-2020,1960,PE,0,0,0,395.15,254.9,0,0,0,0,06-JUL-2020,
OPTSTK,JUBLFOOD,27-Aug-2020,1980,PE,0,0,0,409.35,270.6,0,0,0,0,06-JUL-2020,
OPTSTK,JUBLFOOD,27-Aug-2020,2000,PE,0,0,0,423.75,286.7,0,0,0,0,06-JUL-2020,
OPTSTK,JUBLFOOD,27-Aug-2020,2050,PE,0,0,0,327.5,328.25,0,0,0,0,06-JUL-2020,
OPTSTK,JUBLFOOD,27-Aug-2020,2100,PE,0,0,0,498.45,371.45,0,0,0,0,06-JUL-2020,
OPTSTK,JUBLFOOD,27-Aug-2020,2150,PE,0,0,0,405.4,416.1,0,0,0,0,06-JUL-2020,
OPTSTK,JUBLFOOD,24-Sep-2020,1200,CE,0,0,0,609.25,551.35,0,0,0,0,06-JUL-2020,
OPTSTK,JUBLFOOD,24-Sep-2020,1250,CE,0,0,0,564.95,504.25,0,0,0,0,06-JUL-2020,
OPTSTK,JUBLFOOD,24-Sep-2020,1300,CE,0,0,0,522.05,458.35,0,0,0,0,06-JUL-2020,
OPTSTK,JUBLFOOD,24-Sep-2020,1350,CE,0,0,0,480.75,413.9,0,0,0,0,06-JUL-2020,
OPTSTK,JUBLFOOD,24-Sep-2020,1400,CE,0,0,0,441.15,371.25,0,0,0,0,06-JUL-2020,
OPTSTK,JUBLFOOD,24-Sep-2020,1450,CE,0,0,0,403.5,330.65,0,0,0,0,06-JUL-2020,
OPTSTK,JUBLFOOD,24-Sep-2020,1500,CE,0,0,0,367.75,292.45,0,0,0,0,06-JUL-2020,
OPTSTK,JUBLFOOD,24-Sep-2020,1550,CE,0,0,0,334.1,256.85,0,0,0,0,06-JUL-2020,
OPTSTK,JUBLFOOD,24-Sep-2020,1600,CE,0,0,0,302.45,224,0,0,0,0,06-JUL-2020,
OPTSTK,JUBLFOOD,24-Sep-2020,1650,CE,0,0,0,273.05,194,0,0,0,0,06-JUL-2020,
OPTSTK,JUBLFOOD,24-Sep-2020,1700,CE,0,0,0,245.8,166.85,0,0,0,0,06-JUL-2020,
OPTSTK,JUBLFOOD,24-Sep-2020,1750,CE,0,0,0,220.6,142.55,0,0,0,0,06-JUL-2020,
OPTSTK,JUBLFOOD,24-Sep-2020,1800,CE,0,0,0,197.45,121,0,0,0,0,06-JUL-2020,
OPTSTK,JUBLFOOD,24-Sep-2020,1850,CE,0,0,0,176.25,102.05,0,0,0,0,06-JUL-2020,
OPTSTK,JUBLFOOD,24-Sep-2020,1900,CE,0,0,0,156.95,85.55,0,0,0,0,06-JUL-2020,
OPTSTK,JUBLFOOD,24-Sep-2020,1950,CE,0,0,0,139.45,71.3,0,0,0,0,06-JUL-2020,
OPTSTK,JUBLFOOD,24-Sep-2020,2000,CE,0,0,0,123.6,59.1,0,0,0,0,06-JUL-2020,
OPTSTK,JUBLFOOD,24-Sep-2020,2050,CE,0,0,0,109.3,48.7,0,0,0,0,06-JUL-2020,
OPTSTK,JUBLFOOD,24-Sep-2020,2100,CE,0,0,0,96.6,39.95,0,0,0,0,06-JUL-2020,
OPTSTK,JUBLFOOD,24-Sep-2020,2150,CE,0,0,0,85.15,32.6,0,0,0,0,06-JUL-2020,
OPTSTK,JUBLFOOD,24-Sep-2020,1200,PE,0,0,0,12.4,3.6,0,0,0,0,06-JUL-2020,
OPTSTK,JUBLFOOD,24-Sep-2020,1250,PE,0,0,0,17.5,6.1,0,0,0,0,06-JUL-2020,
OPTSTK,JUBLFOOD,24-Sep-2020,1300,PE,0,0,0,24.05,9.7,0,0,0,0,06-JUL-2020,
OPTSTK,JUBLFOOD,24-Sep-2020,1350,PE,0,0,0,32.15,14.75,0,0,0,0,06-JUL-2020,
OPTSTK,JUBLFOOD,24-Sep-2020,1400,PE,0,0,0,41.95,21.65,0,0,0,0,06-JUL-2020,
OPTSTK,JUBLFOOD,24-Sep-2020,1450,PE,0,0,0,53.75,30.6,0,0,0,0,06-JUL-2020,
OPTSTK,JUBLFOOD,24-Sep-2020,1500,PE,0,0,0,67.4,41.95,0,0,0,0,06-JUL-2020,
OPTSTK,JUBLFOOD,24-Sep-2020,1550,PE,0,0,0,83.15,55.9,0,0,0,0,06-JUL-2020,
OPTSTK,JUBLFOOD,24-Sep-2020,1600,PE,0,0,0,100.95,72.55,0,0,0,0,06-JUL-2020,
OPTSTK,JUBLFOOD,24-Sep-2020,1650,PE,0,0,0,120.95,92.1,0,0,0,0,06-JUL-2020,
OPTSTK,JUBLFOOD,24-Sep-2020,1700,PE,0,0,0,143.1,114.5,0,0,0,0,06-JUL-2020,
OPTSTK,JUBLFOOD,24-Sep-2020,1750,PE,0,0,0,167.35,139.7,0,0,0,0,06-JUL-2020,
OPTSTK,JUBLFOOD,24-Sep-2020,1800,PE,0,0,0,193.6,167.7,0,0,0,0,06-JUL-2020,
OPTSTK,JUBLFOOD,24-Sep-2020,1850,PE,0,0,0,221.85,198.3,0,0,0,0,06-JUL-2020,
OPTSTK,JUBLFOOD,24-Sep-2020,1900,PE,0,0,0,251.95,231.35,0,0,0,0,06-JUL-2020,
OPTSTK,JUBLFOOD,24-Sep-2020,1950,PE,0,0,0,283.85,266.6,0,0,0,0,06-JUL-2020,
OPTSTK,JUBLFOOD,24-Sep-2020,2000,PE,0,0,0,317.45,303.95,0,0,0,0,06-JUL-2020,
OPTSTK,JUBLFOOD,24-Sep-2020,2050,PE,0,0,0,352.6,343.1,0,0,0,0,06-JUL-2020,
OPTSTK,JUBLFOOD,24-Sep-2020,2100,PE,0,0,0,389.3,383.9,0,0,0,0,06-JUL-2020,
OPTSTK,JUBLFOOD,24-Sep-2020,2150,PE,0,0,0,427.25,426.1,0,0,0,0,06-JUL-2020,
OPTSTK,JUSTDIAL,30-Jul-2020,200,CE,0,0,0,216.15,184.85,0,0,0,0,06-JUL-2020,
OPTSTK,JUSTDIAL,30-Jul-2020,220,CE,0,0,0,200.35,164.9,0,0,0,0,06-JUL-2020,
OPTSTK,JUSTDIAL,30-Jul-2020,230,CE,0,0,0,146.45,154.95,0,0,0,0,06-JUL-2020,
OPTSTK,JUSTDIAL,30-Jul-2020,240,CE,0,0,0,185.45,145,0,0,0,0,06-JUL-2020,
OPTSTK,JUSTDIAL,30-Jul-2020,250,CE,0,0,0,136.8,135.05,0,0,0,0,06-JUL-2020,
OPTSTK,JUSTDIAL,30-Jul-2020,260,CE,0,0,0,171.5,125.1,0,0,0,0,06-JUL-2020,
OPTSTK,JUSTDIAL,30-Jul-2020,270,CE,0,0,0,120.8,115.25,0,0,0,0,06-JUL-2020,
OPTSTK,JUSTDIAL,30-Jul-2020,280,CE,0,0,0,158.4,105.5,0,0,0,0,06-JUL-2020,
OPTSTK,JUSTDIAL,30-Jul-2020,290,CE,0,0,0,105.95,95.85,0,0,0,0,06-JUL-2020,
OPTSTK,JUSTDIAL,30-Jul-2020,300,CE,0,0,0,146.25,86.4,0,0,0,0,06-JUL-2020,
OPTSTK,JUSTDIAL,30-Jul-2020,310,CE,0,0,0,92.35,77.2,0,0,0,0,06-JUL-2020,
OPTSTK,JUSTDIAL,30-Jul-2020,320,CE,0,0,0,134.95,68.4,0,0,0,0,06-JUL-2020,
OPTSTK,JUSTDIAL,30-Jul-2020,330,CE,0,0,0,62.8,60,0,0,1400,0,06-JUL-2020,
OPTSTK,JUSTDIAL,30-Jul-2020,340,CE,0,0,0,51.5,52.1,0,0,8400,0,06-JUL-2020,
OPTSTK,JUSTDIAL,30-Jul-2020,350,CE,0,0,0,43.95,44.8,0,0,8400,0,06-JUL-2020,
OPTSTK,JUSTDIAL,30-Jul-2020,360,CE,38,38,38,38,38.1,1,5.57,35000,1400,06-JUL-2020,
OPTSTK,JUSTDIAL,30-Jul-2020,370,CE,0,0,0,33.5,32.05,0,0,2800,0,06-JUL-2020,
OPTSTK,JUSTDIAL,30-Jul-2020,380,CE,26.35,27.15,25.3,27.15,26.7,11,62.56,42000,7000,06-JUL-2020,
OPTSTK,JUSTDIAL,30-Jul-2020,390,CE,22,22.15,21.5,22,22,8,46.11,19600,1400,06-JUL-2020,
OPTSTK,JUSTDIAL,30-Jul-2020,400,CE,20,20,16.9,17.5,17.5,473,2766.01,330400,35000,06-JUL-2020,
OPTSTK,JUSTDIAL,30-Jul-2020,410,CE,16.3,16.3,13.8,14,14,11,65.33,124600,1400,06-JUL-2020,
OPTSTK,JUSTDIAL,30-Jul-2020,420,CE,12.8,12.8,10.5,10.9,10.9,318,1920.1,169400,15400,06-JUL-2020,
OPTSTK,JUSTDIAL,30-Jul-2020,430,CE,8.2,9,7.9,8.4,8.4,20,122.75,75600,11200,06-JUL-2020,
OPTSTK,JUSTDIAL,30-Jul-2020,440,CE,8,8,6,6.4,6.4,28,175.03,116200,7000,06-JUL-2020,
OPTSTK,JUSTDIAL,30-Jul-2020,450,CE,5.15,5.95,4.9,5.5,5.5,11,70.12,77000,-1400,06-JUL-2020,
OPTSTK,JUSTDIAL,30-Jul-2020,460,CE,0,0,0,5.5,4.3,0,0,50400,0,06-JUL-2020,
OPTSTK,JUSTDIAL,30-Jul-2020,470,CE,0,0,0,3.75,3.3,0,0,5600,0,06-JUL-2020,
OPTSTK,JUSTDIAL,30-Jul-2020,480,CE,3.15,3.15,3.15,3.15,2.5,1,6.76,4200,0,06-JUL-2020,
OPTSTK,JUSTDIAL,30-Jul-2020,490,CE,0,0,0,22.35,1.85,0,0,0,0,06-JUL-2020,
OPTSTK,JUSTDIAL,30-Jul-2020,500,CE,2.15,2.8,1.75,1.85,1.85,86,604.74,252000,14000,06-JUL-2020,
OPTSTK,JUSTDIAL,30-Jul-2020,200,PE,0,0,0,8.75,0.05,0,0,0,0,06-JUL-2020,
OPTSTK,JUSTDIAL,30-Jul-2020,220,PE,0,0,0,12.65,0.05,0,0,0,0,06-JUL-2020,
OPTSTK,JUSTDIAL,30-Jul-2020,230,PE,0,0,0,1.25,0.05,0,0,0,0,06-JUL-2020,
OPTSTK,JUSTDIAL,30-Jul-2020,240,PE,0,0,0,17.55,0.05,0,0,0,0,06-JUL-2020,
OPTSTK,JUSTDIAL,30-Jul-2020,250,PE,0,0,0,6.65,0.05,0,0,0,0,06-JUL-2020,
OPTSTK,JUSTDIAL,30-Jul-2020,260,PE,0,0,0,0.25,0.1,0,0,1400,0,06-JUL-2020,
OPTSTK,JUSTDIAL,30-Jul-2020,270,PE,0,0,0,10.45,0.2,0,0,0,0,06-JUL-2020,
OPTSTK,JUSTDIAL,30-Jul-2020,280,PE,0,0,0,29.95,0.4,0,0,0,0,06-JUL-2020,
OPTSTK,JUSTDIAL,30-Jul-2020,290,PE,0,0,0,15.45,0.75,0,0,0,0,06-JUL-2020,
OPTSTK,JUSTDIAL,30-Jul-2020,300,PE,1.8,2,1.7,2,1.25,4,16.9,32200,2800,06-JUL-2020,
OPTSTK,JUSTDIAL,30-Jul-2020,310,PE,0,0,0,21.7,2.05,0,0,0,0,06-JUL-2020,
OPTSTK,JUSTDIAL,30-Jul-2020,320,PE,0,0,0,46,3.2,0,0,0,0,06-JUL-2020,
OPTSTK,JUSTDIAL,30-Jul-2020,330,PE,4.5,4.55,4.5,4.55,4.75,2,9.36,15400,2800,06-JUL-2020,
OPTSTK,JUSTDIAL,30-Jul-2020,340,PE,6.5,7.35,6.35,7.35,6.85,4,19.41,40600,0,06-JUL-2020,
OPTSTK,JUSTDIAL,30-Jul-2020,350,PE,0,0,0,9.7,9.5,0,0,25200,0,06-JUL-2020,
OPTSTK,JUSTDIAL,30-Jul-2020,360,PE,13.05,14.5,12.25,12.3,12.8,17,88.73,28000,-5600,06-JUL-2020,
OPTSTK,JUSTDIAL,30-Jul-2020,370,PE,18.65,18.65,17.75,17.75,17.75,3,16.31,15400,1400,06-JUL-2020,
OPTSTK,JUSTDIAL,30-Jul-2020,380,PE,21.95,24.15,19.8,20.65,20.65,22,123.63,105000,-2800,06-JUL-2020,
OPTSTK,JUSTDIAL,30-Jul-2020,390,PE,0,0,0,27.3,26.6,0,0,4200,0,06-JUL-2020,
OPTSTK,JUSTDIAL,30-Jul-2020,400,PE,31.5,31.5,31,31,31,2,12.07,21000,-2800,06-JUL-2020,
OPTSTK,JUSTDIAL,30-Jul-2020,410,PE,0,0,0,71.8,39.05,0,0,0,0,06-JUL-2020,
OPTSTK,JUSTDIAL,30-Jul-2020,420,PE,0,0,0,99.75,46.1,0,0,0,0,06-JUL-2020,
OPTSTK,JUSTDIAL,30-Jul-2020,430,PE,0,0,0,85.15,53.65,0,0,0,0,06-JUL-2020,
OPTSTK,JUSTDIAL,30-Jul-2020,440,PE,0,0,0,112.5,61.65,0,0,0,0,06-JUL-2020,
OPTSTK,JUSTDIAL,30-Jul-2020,450,PE,0,0,0,99.4,70,0,0,0,0,06-JUL-2020,
OPTSTK,JUSTDIAL,30-Jul-2020,460,PE,0,0,0,125.85,78.7,0,0,0,0,06-JUL-2020,
OPTSTK,JUSTDIAL,30-Jul-2020,470,PE,0,0,0,114.45,87.65,0,0,0,0,06-JUL-2020,
OPTSTK,JUSTDIAL,30-Jul-2020,480,PE,0,0,0,139.65,96.85,0,0,0,0,06-JUL-2020,
OPTSTK,JUSTDIAL,30-Jul-2020,490,PE,0,0,0,130.15,106.2,0,0,0,0,06-JUL-2020,
OPTSTK,JUSTDIAL,30-Jul-2020,500,PE,0,0,0,153.95,115.7,0,0,0,0,06-JUL-2020,
OPTSTK,KOTAKBANK,30-Jul-2020,800,CE,0,0,0,558.1,570.15,0,0,1200,0,06-JUL-2020,
OPTSTK,KOTAKBANK,30-Jul-2020,820,CE,0,0,0,426.75,550.2,0,0,0,0,06-JUL-2020,
OPTSTK,KOTAKBANK,30-Jul-2020,840,CE,0,0,0,409.1,530.25,0,0,0,0,06-JUL-2020,
OPTSTK,KOTAKBANK,30-Jul-2020,850,CE,0,0,0,551,520.25,0,0,0,0,06-JUL-2020,
OPTSTK,KOTAKBANK,30-Jul-2020,860,CE,0,0,0,391.75,510.3,0,0,0,0,06-JUL-2020,
OPTSTK,KOTAKBANK,30-Jul-2020,880,CE,0,0,0,374.8,490.35,0,0,0,0,06-JUL-2020,
OPTSTK,KOTAKBANK,30-Jul-2020,900,CE,0,0,0,512.15,470.4,0,0,0,0,06-JUL-2020,
OPTSTK,KOTAKBANK,30-Jul-2020,920,CE,0,0,0,341.9,450.45,0,0,0,0,06-JUL-2020,
OPTSTK,KOTAKBANK,30-Jul-2020,940,CE,0,0,0,326.1,430.55,0,0,0,0,06-JUL-2020,
OPTSTK,KOTAKBANK,30-Jul-2020,950,CE,0,0,0,372.65,420.55,0,0,400,0,06-JUL-2020,
OPTSTK,KOTAKBANK,30-Jul-2020,960,CE,0,0,0,310.65,410.6,0,0,0,0,06-JUL-2020,
OPTSTK,KOTAKBANK,30-Jul-2020,980,CE,0,0,0,295.7,390.65,0,0,0,0,06-JUL-2020,
OPTSTK,KOTAKBANK,30-Jul-2020,1000,CE,0,0,0,440.1,370.75,0,0,0,0,06-JUL-2020,
OPTSTK,KOTAKBANK,30-Jul-2020,1020,CE,0,0,0,320.2,350.8,0,0,1200,0,06-JUL-2020,
OPTSTK,KOTAKBANK,30-Jul-2020,1040,CE,0,0,0,247.25,330.95,0,0,1600,0,06-JUL-2020,
OPTSTK,KOTAKBANK,30-Jul-2020,1050,CE,0,0,0,256.45,321,0,0,2400,0,06-JUL-2020,
OPTSTK,KOTAKBANK,30-Jul-2020,1060,CE,0,0,0,240.25,311.1,0,0,0,0,06-JUL-2020,
OPTSTK,KOTAKBANK,30-Jul-2020,1080,CE,0,0,0,242.95,291.35,0,0,2400,0,06-JUL-2020,
OPTSTK,KOTAKBANK,30-Jul-2020,1100,CE,0,0,0,260,271.7,0,0,3600,0,06-JUL-2020,
OPTSTK,KOTAKBANK,30-Jul-2020,1120,CE,0,0,0,203.55,252.2,0,0,0,0,06-JUL-2020,
OPTSTK,KOTAKBANK,30-Jul-2020,1140,CE,0,0,0,280.5,232.95,0,0,800,0,06-JUL-2020,
OPTSTK,KOTAKBANK,30-Jul-2020,1150,CE,0,0,0,145.55,223.45,0,0,800,0,06-JUL-2020,
OPTSTK,KOTAKBANK,30-Jul-2020,1160,CE,0,0,0,202,214,0,0,800,0,06-JUL-2020,
OPTSTK,KOTAKBANK,30-Jul-2020,1180,CE,0,0,0,174,195.4,0,0,2400,0,06-JUL-2020,
OPTSTK,KOTAKBANK,30-Jul-2020,1200,CE,171.5,185,171.5,174.8,174.8,5,27.55,9200,0,06-JUL-2020,
OPTSTK,KOTAKBANK,30-Jul-2020,1220,CE,0,0,0,122.8,159.8,0,0,800,0,06-JUL-2020,
OPTSTK,KOTAKBANK,30-Jul-2020,1240,CE,0,0,0,125,143.05,0,0,400,0,06-JUL-2020,
OPTSTK,KOTAKBANK,30-Jul-2020,1250,CE,131.05,145.8,128.4,145.8,134.9,4,22.14,5200,-1200,06-JUL-2020,
OPTSTK,KOTAKBANK,30-Jul-2020,1260,CE,0,0,0,117,127.05,0,0,4000,0,06-JUL-2020,
OPTSTK,KOTAKBANK,30-Jul-2020,1280,CE,104.5,113.55,104.5,113.55,111.95,2,11.11,5600,-800,06-JUL-2020,
OPTSTK,KOTAKBANK,30-Jul-2020,1300,CE,91,104.05,89.05,93.6,93.6,113,631.56,94000,-22800,06-JUL-2020,
OPTSTK,KOTAKBANK,30-Jul-2020,1320,CE,80.5,89,78.4,80,80,97,544.21,186400,-18000,06-JUL-2020,
OPTSTK,KOTAKBANK,30-Jul-2020,1340,CE,67,76.15,65.7,68.7,68.7,163,919.22,60800,-13600,06-JUL-2020,
OPTSTK,KOTAKBANK,30-Jul-2020,1350,CE,60.25,70,59.5,62.9,62.9,479,2710.04,196400,-5200,06-JUL-2020,
OPTSTK,KOTAKBANK,30-Jul-2020,1360,CE,55,64.15,54,57.6,57.6,1296,7356.73,313200,-73200,06-JUL-2020,
OPTSTK,KOTAKBANK,30-Jul-2020,1380,CE,46,53.8,45.6,48.05,48.05,2138,12226.39,268400,46400,06-JUL-2020,
OPTSTK,KOTAKBANK,30-Jul-2020,1400,CE,37.75,44.35,37.05,39.5,39.5,4191,24159.66,423200,38800,06-JUL-2020,
OPTSTK,KOTAKBANK,30-Jul-2020,1420,CE,30.15,36.1,30.15,31.8,31.8,583,3388.65,148400,5600,06-JUL-2020,
OPTSTK,KOTAKBANK,30-Jul-2020,1440,CE,24.5,29.45,24.3,25.5,25.5,449,2634.48,61600,4400,06-JUL-2020,
OPTSTK,KOTAKBANK,30-Jul-2020,1450,CE,22,26.6,21.05,22.8,22.8,699,4121.07,154400,42800,06-JUL-2020,
OPTSTK,KOTAKBANK,30-Jul-2020,1460,CE,21.35,23.95,19.2,20.5,20.5,290,1718.47,63600,-400,06-JUL-2020,
OPTSTK,KOTAKBANK,30-Jul-2020,1480,CE,16.95,19,14.1,16.1,16.1,62,371.23,21200,0,06-JUL-2020,
OPTSTK,KOTAKBANK,30-Jul-2020,1500,CE,12.6,15.55,12,13,13,998,6043.25,275200,-2400,06-JUL-2020,
OPTSTK,KOTAKBANK,30-Jul-2020,1520,CE,11,12.4,9,10.35,10.35,165,1010.37,55200,30800,06-JUL-2020,
OPTSTK,KOTAKBANK,30-Jul-2020,1540,CE,9.85,9.85,6.1,8.95,8.95,4,24.78,9600,0,06-JUL-2020,
OPTSTK,KOTAKBANK,30-Jul-2020,1550,CE,6.9,9.1,6.65,7.5,7.5,402,2505,144000,8800,06-JUL-2020,
OPTSTK,KOTAKBANK,30-Jul-2020,1560,CE,7.1,7.9,6.9,6.9,7.7,3,18.8,5200,0,06-JUL-2020,
OPTSTK,KOTAKBANK,30-Jul-2020,1580,CE,0,0,0,46.15,5.95,0,0,0,0,06-JUL-2020,
OPTSTK,KOTAKBANK,30-Jul-2020,1600,CE,4.6,5.8,4.4,4.55,4.55,252,1617.67,177600,23200,06-JUL-2020,
OPTSTK,KOTAKBANK,30-Jul-2020,1620,CE,0,0,0,4.55,3.45,0,0,7600,0,06-JUL-2020,
OPTSTK,KOTAKBANK,30-Jul-2020,1640,CE,0,0,0,3.05,2.6,0,0,6000,0,06-JUL-2020,
OPTSTK,KOTAKBANK,30-Jul-2020,1650,CE,0,0,0,8,2.25,0,0,400,0,06-JUL-2020,
OPTSTK,KOTAKBANK,30-Jul-2020,1660,CE,0,0,0,34.65,1.95,0,0,0,0,06-JUL-2020,
OPTSTK,KOTAKBANK,30-Jul-2020,1680,CE,0,0,0,32.25,1.45,0,0,0,0,06-JUL-2020,
OPTSTK,KOTAKBANK,30-Jul-2020,1700,CE,2.05,2.25,1.55,1.7,1.7,26,177.02,73200,-800,06-JUL-2020,
OPTSTK,KOTAKBANK,30-Jul-2020,1720,CE,0,0,0,6.2,0.8,0,0,400,0,06-JUL-2020,
OPTSTK,KOTAKBANK,30-Jul-2020,1740,CE,0,0,0,4.5,0.6,0,0,400,0,06-JUL-2020,
OPTSTK,KOTAKBANK,30-Jul-2020,1750,CE,0,0,0,123.6,0.5,0,0,0,0,06-JUL-2020,
OPTSTK,KOTAKBANK,30-Jul-2020,1760,CE,0,0,0,22.1,0.4,0,0,0,0,06-JUL-2020,
OPTSTK,KOTAKBANK,30-Jul-2020,1780,CE,0,0,0,20.1,0.3,0,0,0,0,06-JUL-2020,
OPTSTK,KOTAKBANK,30-Jul-2020,1800,CE,0,0,0,113.15,0.2,0,0,0,0,06-JUL-2020,
OPTSTK,KOTAKBANK,30-Jul-2020,1850,CE,0,0,0,103.55,0.1,0,0,0,0,06-JUL-2020,
OPTSTK,KOTAKBANK,30-Jul-2020,1900,CE,0,0,0,94.75,0.05,0,0,0,0,06-JUL-2020,
OPTSTK,KOTAKBANK,30-Jul-2020,800,PE,0,0,0,24.3,0.05,0,0,0,0,06-JUL-2020,
OPTSTK,KOTAKBANK,30-Jul-2020,820,PE,0,0,0,10.4,0.05,0,0,0,0,06-JUL-2020,
OPTSTK,KOTAKBANK,30-Jul-2020,840,PE,0,0,0,12.55,0.05,0,0,0,0,06-JUL-2020,
OPTSTK,KOTAKBANK,30-Jul-2020,850,PE,0,0,0,33.05,0.05,0,0,0,0,06-JUL-2020,
OPTSTK,KOTAKBANK,30-Jul-2020,860,PE,0,0,0,15.05,0.05,0,0,0,0,06-JUL-2020,
OPTSTK,KOTAKBANK,30-Jul-2020,880,PE,0,0,0,17.9,0.05,0,0,0,0,06-JUL-2020,
OPTSTK,KOTAKBANK,30-Jul-2020,900,PE,0,0,0,43.55,0.05,0,0,0,0,06-JUL-2020,
OPTSTK,KOTAKBANK,30-Jul-2020,920,PE,0,0,0,24.7,0.05,0,0,0,0,06-JUL-2020,
OPTSTK,KOTAKBANK,30-Jul-2020,940,PE,0,0,0,28.7,0.05,0,0,0,0,06-JUL-2020,
OPTSTK,KOTAKBANK,30-Jul-2020,950,PE,0,0,0,55.95,0.05,0,0,0,0,06-JUL-2020,
OPTSTK,KOTAKBANK,30-Jul-2020,960,PE,0,0,0,33.1,0.05,0,0,0,0,06-JUL-2020,
OPTSTK,KOTAKBANK,30-Jul-2020,980,PE,0,0,0,38,0.05,0,0,0,0,06-JUL-2020,
OPTSTK,KOTAKBANK,30-Jul-2020,1000,PE,2.15,2.2,1.7,1.85,1.85,21,84.16,64400,-2000,06-JUL-2020,
OPTSTK,KOTAKBANK,30-Jul-2020,1020,PE,0,0,0,4.8,0.05,0,0,800,0,06-JUL-2020,
OPTSTK,KOTAKBANK,30-Jul-2020,1040,PE,0,0,0,0.4,0.15,0,0,400,0,06-JUL-2020,
OPTSTK,KOTAKBANK,30-Jul-2020,1050,PE,0,0,0,20,0.2,0,0,400,0,06-JUL-2020,
OPTSTK,KOTAKBANK,30-Jul-2020,1060,PE,0,0,0,61.85,0.25,0,0,0,0,06-JUL-2020,
OPTSTK,KOTAKBANK,30-Jul-2020,1080,PE,0,0,0,68.95,0.45,0,0,0,0,06-JUL-2020,
OPTSTK,KOTAKBANK,30-Jul-2020,1100,PE,3.55,3.65,2.65,2.85,2.85,58,255.95,179600,-3600,06-JUL-2020,
OPTSTK,KOTAKBANK,30-Jul-2020,1120,PE,0,0,0,1.7,1.2,0,0,400,0,06-JUL-2020,
OPTSTK,KOTAKBANK,30-Jul-2020,1140,PE,0,0,0,93.2,1.85,0,0,0,0,06-JUL-2020,
OPTSTK,KOTAKBANK,30-Jul-2020,1150,PE,5.5,5.5,3.4,4.1,4.1,22,101.59,119600,-2400,06-JUL-2020,
OPTSTK,KOTAKBANK,30-Jul-2020,1160,PE,0,0,0,5.35,2.85,0,0,2000,0,06-JUL-2020,
OPTSTK,KOTAKBANK,30-Jul-2020,1180,PE,6.55,6.55,5.05,5.5,4.2,6,28.45,10000,-1600,06-JUL-2020,
OPTSTK,KOTAKBANK,30-Jul-2020,1200,PE,8.2,9.65,6.25,7.5,7.5,710,3430.47,221200,-18400,06-JUL-2020,
OPTSTK,KOTAKBANK,30-Jul-2020,1220,PE,11.5,12.1,8,8,8,8,39.39,2800,800,06-JUL-2020,
OPTSTK,KOTAKBANK,30-Jul-2020,1240,PE,12,14.25,9.5,12.25,12.25,49,245.16,162000,2000,06-JUL-2020,
OPTSTK,KOTAKBANK,30-Jul-2020,1250,PE,13.2,16.95,10.4,13.5,13.5,757,3826.6,107200,11600,06-JUL-2020,
OPTSTK,KOTAKBANK,30-Jul-2020,1260,PE,18,18.5,12.5,15.15,15.15,45,229.51,78000,-2800,06-JUL-2020,
OPTSTK,KOTAKBANK,30-Jul-2020,1280,PE,20,23.8,15.8,19.3,19.3,234,1216.04,200400,2800,06-JUL-2020,
OPTSTK,KOTAKBANK,30-Jul-2020,1300,PE,28.65,30.1,20,24.8,24.8,1160,6147.06,266800,-43200,06-JUL-2020,
OPTSTK,KOTAKBANK,30-Jul-2020,1320,PE,35,37.35,25.25,30.9,30.9,1350,7298.46,338800,224400,06-JUL-2020,
OPTSTK,KOTAKBANK,30-Jul-2020,1340,PE,45,45.85,32.35,39.05,39.05,583,3215.45,332000,3600,06-JUL-2020,
OPTSTK,KOTAKBANK,30-Jul-2020,1350,PE,45.05,50.55,36.45,43.3,43.3,581,3238.39,140400,7200,06-JUL-2020,
OPTSTK,KOTAKBANK,30-Jul-2020,1360,PE,52.5,55.6,40.2,48.3,48.3,822,4631.72,82400,25200,06-JUL-2020,
OPTSTK,KOTAKBANK,30-Jul-2020,1380,PE,60.75,65.9,50,58.3,58.3,183,1051.72,24400,4000,06-JUL-2020,
OPTSTK,KOTAKBANK,30-Jul-2020,1400,PE,71.9,78.4,60.45,69.8,69.8,160,940.37,30000,6000,06-JUL-2020,
OPTSTK,KOTAKBANK,30-Jul-2020,1420,PE,75,76.7,72.9,76.7,84.55,6,35.89,2800,2000,06-JUL-2020,
OPTSTK,KOTAKBANK,30-Jul-2020,1440,PE,0,0,0,130,98.05,0,0,400,0,06-JUL-2020,
OPTSTK,KOTAKBANK,30-Jul-2020,1450,PE,103.65,103.65,93.35,93.35,105.1,12,74.34,10400,1600,06-JUL-2020,
OPTSTK,KOTAKBANK,30-Jul-2020,1460,PE,0,0,0,288.25,112.45,0,0,0,0,06-JUL-2020,
OPTSTK,KOTAKBANK,30-Jul-2020,1480,PE,0,0,0,203.35,127.7,0,0,1600,0,06-JUL-2020,
OPTSTK,KOTAKBANK,30-Jul-2020,1500,PE,135.95,135.95,135.95,135.95,143.7,1,6.54,1600,0,06-JUL-2020,
OPTSTK,KOTAKBANK,30-Jul-2020,1520,PE,0,0,0,334.7,160.4,0,0,0,0,06-JUL-2020,
OPTSTK,KOTAKBANK,30-Jul-2020,1540,PE,0,0,0,350.75,177.65,0,0,0,0,06-JUL-2020,
OPTSTK,KOTAKBANK,30-Jul-2020,1550,PE,0,0,0,261,186.5,0,0,400,0,06-JUL-2020,
OPTSTK,KOTAKBANK,30-Jul-2020,1560,PE,0,0,0,236,195.45,0,0,800,0,06-JUL-2020,
OPTSTK,KOTAKBANK,30-Jul-2020,1580,PE,0,0,0,383.4,213.65,0,0,0,0,06-JUL-2020,
OPTSTK,KOTAKBANK,30-Jul-2020,1600,PE,0,0,0,256.7,232.2,0,0,2400,0,06-JUL-2020,
OPTSTK,KOTAKBANK,30-Jul-2020,1620,PE,0,0,0,416.95,251.05,0,0,0,0,06-JUL-2020,
OPTSTK,KOTAKBANK,30-Jul-2020,1640,PE,0,0,0,434,270.15,0,0,0,0,06-JUL-2020,
OPTSTK,KOTAKBANK,30-Jul-2020,1650,PE,0,0,0,305,279.75,0,0,400,0,06-JUL-2020,
OPTSTK,KOTAKBANK,30-Jul-2020,1660,PE,0,0,0,451.25,289.45,0,0,0,0,06-JUL-2020,
OPTSTK,KOTAKBANK,30-Jul-2020,1680,PE,0,0,0,468.65,308.9,0,0,0,0,06-JUL-2020,
OPTSTK,KOTAKBANK,30-Jul-2020,1700,PE,0,0,0,328,328.45,0,0,3200,0,06-JUL-2020,
OPTSTK,KOTAKBANK,30-Jul-2020,1720,PE,0,0,0,481.15,348.1,0,0,0,0,06-JUL-2020,
OPTSTK,KOTAKBANK,30-Jul-2020,1740,PE,0,0,0,407.9,367.8,0,0,0,0,06-JUL-2020,
OPTSTK,KOTAKBANK,30-Jul-2020,1750,PE,0,0,0,494.2,377.7,0,0,0,0,06-JUL-2020,
OPTSTK,KOTAKBANK,30-Jul-2020,1760,PE,0,0,0,425.6,387.6,0,0,0,0,06-JUL-2020,
OPTSTK,KOTAKBANK,30-Jul-2020,1780,PE,0,0,0,443.45,407.45,0,0,0,0,06-JUL-2020,
OPTSTK,KOTAKBANK,30-Jul-2020,1800,PE,0,0,0,533.15,427.3,0,0,0,0,06-JUL-2020,
OPTSTK,KOTAKBANK,30-Jul-2020,1850,PE,0,0,0,572.9,477.05,0,0,0,0,06-JUL-2020,
OPTSTK,KOTAKBANK,30-Jul-2020,1900,PE,0,0,0,613.5,526.85,0,0,0,0,06-JUL-2020,
OPTSTK,KOTAKBANK,27-Aug-2020,800,CE,0,0,0,456.3,572.75,0,0,0,0,06-JUL-2020,
OPTSTK,KOTAKBANK,27-Aug-2020,820,CE,0,0,0,439.5,552.85,0,0,0,0,06-JUL-2020,
OPTSTK,KOTAKBANK,27-Aug-2020,840,CE,0,0,0,422.95,533,0,0,0,0,06-JUL-2020,
OPTSTK,KOTAKBANK,27-Aug-2020,860,CE,0,0,0,406.8,513.15,0,0,0,0,06-JUL-2020,
OPTSTK,KOTAKBANK,27-Aug-2020,880,CE,0,0,0,391,493.3,0,0,0,0,06-JUL-2020,
OPTSTK,KOTAKBANK,27-Aug-2020,900,CE,0,0,0,375.55,473.45,0,0,0,0,06-JUL-2020,
OPTSTK,KOTAKBANK,27-Aug-2020,920,CE,0,0,0,360.5,453.65,0,0,0,0,06-JUL-2020,
OPTSTK,KOTAKBANK,27-Aug-2020,940,CE,0,0,0,345.85,433.9,0,0,0,0,06-JUL-2020,
OPTSTK,KOTAKBANK,27-Aug-2020,960,CE,0,0,0,331.5,414.2,0,0,0,0,06-JUL-2020,
OPTSTK,KOTAKBANK,27-Aug-2020,980,CE,0,0,0,317.6,394.6,0,0,0,0,06-JUL-2020,
OPTSTK,KOTAKBANK,27-Aug-2020,1000,CE,0,0,0,304.1,375.1,0,0,0,0,06-JUL-2020,
OPTSTK,KOTAKBANK,27-Aug-2020,1020,CE,0,0,0,291.05,355.7,0,0,0,0,06-JUL-2020,
OPTSTK,KOTAKBANK,27-Aug-2020,1040,CE,0,0,0,278.35,336.5,0,0,0,0,06-JUL-2020,
OPTSTK,KOTAKBANK,27-Aug-2020,1060,CE,0,0,0,266,317.5,0,0,0,0,06-JUL-2020,
OPTSTK,KOTAKBANK,27-Aug-2020,1080,CE,0,0,0,259.5,298.75,0,0,1600,0,06-JUL-2020,
OPTSTK,KOTAKBANK,27-Aug-2020,1100,CE,0,0,0,242.6,280.3,0,0,2400,0,06-JUL-2020,
OPTSTK,KOTAKBANK,27-Aug-2020,1120,CE,0,0,0,225.85,262.25,0,0,800,0,06-JUL-2020,
OPTSTK,KOTAKBANK,27-Aug-2020,1140,CE,0,0,0,209.75,244.55,0,0,1600,0,06-JUL-2020,
OPTSTK,KOTAKBANK,27-Aug-2020,1160,CE,0,0,0,207.55,227.35,0,0,800,0,06-JUL-2020,
OPTSTK,KOTAKBANK,27-Aug-2020,1180,CE,0,0,0,178.8,210.7,0,0,2400,0,06-JUL-2020,
OPTSTK,KOTAKBANK,27-Aug-2020,1200,CE,0,0,0,189,194.55,0,0,1600,0,06-JUL-2020,
OPTSTK,KOTAKBANK,27-Aug-2020,1220,CE,0,0,0,182.2,179.05,0,0,0,0,06-JUL-2020,
OPTSTK,KOTAKBANK,27-Aug-2020,1240,CE,0,0,0,173.45,164.25,0,0,0,0,06-JUL-2020,
OPTSTK,KOTAKBANK,27-Aug-2020,1260,CE,0,0,0,165.05,150.1,0,0,0,0,06-JUL-2020,
OPTSTK,KOTAKBANK,27-Aug-2020,1280,CE,0,0,0,157,136.7,0,0,0,0,06-JUL-2020,
OPTSTK,KOTAKBANK,27-Aug-2020,1300,CE,0,0,0,105.25,124.05,0,0,800,0,06-JUL-2020,
OPTSTK,KOTAKBANK,27-Aug-2020,1320,CE,0,0,0,141.9,112.15,0,0,0,0,06-JUL-2020,
OPTSTK,KOTAKBANK,27-Aug-2020,1340,CE,0,0,0,134.8,101.05,0,0,0,0,06-JUL-2020,
OPTSTK,KOTAKBANK,27-Aug-2020,1360,CE,0,0,0,128.05,90.7,0,0,0,0,06-JUL-2020,
OPTSTK,KOTAKBANK,27-Aug-2020,1380,CE,0,0,0,121.6,81.1,0,0,0,0,06-JUL-2020,
OPTSTK,KOTAKBANK,27-Aug-2020,1400,CE,75.4,75.4,67.65,67.65,67.65,4,23.54,1600,800,06-JUL-2020,
OPTSTK,KOTAKBANK,27-Aug-2020,1420,CE,0,0,0,85.05,64.2,0,0,400,0,06-JUL-2020,
OPTSTK,KOTAKBANK,27-Aug-2020,1440,CE,0,0,0,103.95,56.8,0,0,0,0,06-JUL-2020,
OPTSTK,KOTAKBANK,27-Aug-2020,1460,CE,0,0,0,98.6,50.1,0,0,0,0,06-JUL-2020,
OPTSTK,KOTAKBANK,27-Aug-2020,1480,CE,0,0,0,93.55,44.05,0,0,0,0,06-JUL-2020,
OPTSTK,KOTAKBANK,27-Aug-2020,1500,CE,0,0,0,50.5,38.6,0,0,400,0,06-JUL-2020,
OPTSTK,KOTAKBANK,27-Aug-2020,1520,CE,0,0,0,84.1,33.7,0,0,0,0,06-JUL-2020,
OPTSTK,KOTAKBANK,27-Aug-2020,1540,CE,0,0,0,79.7,29.3,0,0,0,0,06-JUL-2020,
OPTSTK,KOTAKBANK,27-Aug-2020,1560,CE,0,0,0,75.55,25.45,0,0,0,0,06-JUL-2020,
OPTSTK,KOTAKBANK,27-Aug-2020,1580,CE,0,0,0,71.55,22,0,0,0,0,06-JUL-2020,
OPTSTK,KOTAKBANK,27-Aug-2020,1600,CE,0,0,0,27,18.95,0,0,400,0,06-JUL-2020,
OPTSTK,KOTAKBANK,27-Aug-2020,1620,CE,0,0,0,64.2,16.3,0,0,0,0,06-JUL-2020,
OPTSTK,KOTAKBANK,27-Aug-2020,1640,CE,0,0,0,14.9,13.95,0,0,400,0,06-JUL-2020,
OPTSTK,KOTAKBANK,27-Aug-2020,1660,CE,0,0,0,57.55,11.95,0,0,0,0,06-JUL-2020,
OPTSTK,KOTAKBANK,27-Aug-2020,1680,CE,0,0,0,54.45,10.15,0,0,0,0,06-JUL-2020,
OPTSTK,KOTAKBANK,27-Aug-2020,1700,CE,0,0,0,51.55,8.65,0,0,0,0,06-JUL-2020,
OPTSTK,KOTAKBANK,27-Aug-2020,800,PE,0,0,0,17.15,0.05,0,0,0,0,06-JUL-2020,
OPTSTK,KOTAKBANK,27-Aug-2020,820,PE,0,0,0,20.05,0.05,0,0,0,0,06-JUL-2020,
OPTSTK,KOTAKBANK,27-Aug-2020,840,PE,0,0,0,23.3,0.05,0,0,0,0,06-JUL-2020,
OPTSTK,KOTAKBANK,27-Aug-2020,860,PE,0,0,0,26.9,0.05,0,0,0,0,06-JUL-2020,
OPTSTK,KOTAKBANK,27-Aug-2020,880,PE,0,0,0,30.85,0.1,0,0,0,0,06-JUL-2020,
OPTSTK,KOTAKBANK,27-Aug-2020,900,PE,0,0,0,35.15,0.15,0,0,0,0,06-JUL-2020,
OPTSTK,KOTAKBANK,27-Aug-2020,920,PE,0,0,0,39.85,0.2,0,0,0,0,06-JUL-2020,
OPTSTK,KOTAKBANK,27-Aug-2020,940,PE,0,0,0,44.95,0.35,0,0,0,0,06-JUL-2020,
OPTSTK,KOTAKBANK,27-Aug-2020,960,PE,0,0,0,50.4,0.5,0,0,0,0,06-JUL-2020,
OPTSTK,KOTAKBANK,27-Aug-2020,980,PE,0,0,0,56.25,0.8,0,0,0,0,06-JUL-2020,
OPTSTK,KOTAKBANK,27-Aug-2020,1000,PE,0,0,0,30,1.15,0,0,400,0,06-JUL-2020,
OPTSTK,KOTAKBANK,27-Aug-2020,1020,PE,0,0,0,69.2,1.65,0,0,0,0,06-JUL-2020,
OPTSTK,KOTAKBANK,27-Aug-2020,1040,PE,0,0,0,76.25,2.3,0,0,0,0,06-JUL-2020,
OPTSTK,KOTAKBANK,27-Aug-2020,1060,PE,0,0,0,83.7,3.2,0,0,0,0,06-JUL-2020,
OPTSTK,KOTAKBANK,27-Aug-2020,1080,PE,0,0,0,91.6,4.35,0,0,0,0,06-JUL-2020,
OPTSTK,KOTAKBANK,27-Aug-2020,1100,PE,0,0,0,99.9,5.75,0,0,0,0,06-JUL-2020,
OPTSTK,KOTAKBANK,27-Aug-2020,1120,PE,0,0,0,108.6,7.55,0,0,0,0,06-JUL-2020,
OPTSTK,KOTAKBANK,27-Aug-2020,1140,PE,0,0,0,117.7,9.8,0,0,0,0,06-JUL-2020,
OPTSTK,KOTAKBANK,27-Aug-2020,1160,PE,0,0,0,127.2,12.45,0,0,0,0,06-JUL-2020,
OPTSTK,KOTAKBANK,27-Aug-2020,1180,PE,0,0,0,137.05,15.65,0,0,0,0,06-JUL-2020,
OPTSTK,KOTAKBANK,27-Aug-2020,1200,PE,0,0,0,35,19.4,0,0,1600,0,06-JUL-2020,
OPTSTK,KOTAKBANK,27-Aug-2020,1220,PE,0,0,0,157.95,23.8,0,0,0,0,06-JUL-2020,
OPTSTK,KOTAKBANK,27-Aug-2020,1240,PE,0,0,0,168.95,28.85,0,0,0,0,06-JUL-2020,
OPTSTK,KOTAKBANK,27-Aug-2020,1260,PE,0,0,0,180.3,34.6,0,0,0,0,06-JUL-2020,
OPTSTK,KOTAKBANK,27-Aug-2020,1280,PE,0,0,0,192,41.05,0,0,0,0,06-JUL-2020,
OPTSTK,KOTAKBANK,27-Aug-2020,1300,PE,0,0,0,70,48.3,0,0,400,0,06-JUL-2020,
OPTSTK,KOTAKBANK,27-Aug-2020,1320,PE,0,0,0,85.05,56.3,0,0,400,0,06-JUL-2020,
OPTSTK,KOTAKBANK,27-Aug-2020,1340,PE,0,0,0,100,65.05,0,0,1200,0,06-JUL-2020,
OPTSTK,KOTAKBANK,27-Aug-2020,1360,PE,0,0,0,242.1,74.6,0,0,0,0,06-JUL-2020,
OPTSTK,KOTAKBANK,27-Aug-2020,1380,PE,0,0,0,101,84.9,0,0,2400,0,06-JUL-2020,
OPTSTK,KOTAKBANK,27-Aug-2020,1400,PE,0,0,0,269,95.95,0,0,0,0,06-JUL-2020,
OPTSTK,KOTAKBANK,27-Aug-2020,1420,PE,0,0,0,282.85,107.75,0,0,0,0,06-JUL-2020,
OPTSTK,KOTAKBANK,27-Aug-2020,1440,PE,0,0,0,297,120.25,0,0,0,0,06-JUL-2020,
OPTSTK,KOTAKBANK,27-Aug-2020,1460,PE,0,0,0,311.4,133.4,0,0,0,0,06-JUL-2020,
OPTSTK,KOTAKBANK,27-Aug-2020,1480,PE,0,0,0,326.15,147.2,0,0,0,0,06-JUL-2020,
OPTSTK,KOTAKBANK,27-Aug-2020,1500,PE,0,0,0,341.05,161.65,0,0,0,0,06-JUL-2020,
OPTSTK,KOTAKBANK,27-Aug-2020,1520,PE,0,0,0,356.2,176.6,0,0,0,0,06-JUL-2020,
OPTSTK,KOTAKBANK,27-Aug-2020,1540,PE,0,0,0,371.55,192.1,0,0,0,0,06-JUL-2020,
OPTSTK,KOTAKBANK,27-Aug-2020,1560,PE,0,0,0,387.15,208.1,0,0,0,0,06-JUL-2020,
OPTSTK,KOTAKBANK,27-Aug-2020,1580,PE,0,0,0,402.9,224.55,0,0,0,0,06-JUL-2020,
OPTSTK,KOTAKBANK,27-Aug-2020,1600,PE,0,0,0,418.9,241.4,0,0,0,0,06-JUL-2020,
OPTSTK,KOTAKBANK,27-Aug-2020,1620,PE,0,0,0,435.1,258.6,0,0,0,0,06-JUL-2020,
OPTSTK,KOTAKBANK,27-Aug-2020,1640,PE,0,0,0,451.45,276.15,0,0,0,0,06-JUL-2020,
OPTSTK,KOTAKBANK,27-Aug-2020,1660,PE,0,0,0,467.95,294,0,0,0,0,06-JUL-2020,
OPTSTK,KOTAKBANK,27-Aug-2020,1680,PE,0,0,0,484.6,312.15,0,0,0,0,06-JUL-2020,
OPTSTK,KOTAKBANK,27-Aug-2020,1700,PE,0,0,0,501.45,330.5,0,0,0,0,06-JUL-2020,
OPTSTK,KOTAKBANK,24-Sep-2020,900,CE,0,0,0,501,477.05,0,0,0,0,06-JUL-2020,
OPTSTK,KOTAKBANK,24-Sep-2020,920,CE,0,0,0,483.05,457.6,0,0,0,0,06-JUL-2020,
OPTSTK,KOTAKBANK,24-Sep-2020,940,CE,0,0,0,465.3,438.25,0,0,0,0,06-JUL-2020,
OPTSTK,KOTAKBANK,24-Sep-2020,960,CE,0,0,0,447.85,419,0,0,0,0,06-JUL-2020,
OPTSTK,KOTAKBANK,24-Sep-2020,980,CE,0,0,0,430.7,399.95,0,0,0,0,06-JUL-2020,
OPTSTK,KOTAKBANK,24-Sep-2020,1000,CE,0,0,0,413.85,381.05,0,0,0,0,06-JUL-2020,
OPTSTK,KOTAKBANK,24-Sep-2020,1020,CE,0,0,0,397.3,362.4,0,0,0,0,06-JUL-2020,
OPTSTK,KOTAKBANK,24-Sep-2020,1040,CE,0,0,0,381.1,344.05,0,0,0,0,06-JUL-2020,
OPTSTK,KOTAKBANK,24-Sep-2020,1060,CE,0,0,0,365.25,325.95,0,0,0,0,06-JUL-2020,
OPTSTK,KOTAKBANK,24-Sep-2020,1080,CE,0,0,0,349.8,308.2,0,0,0,0,06-JUL-2020,
OPTSTK,KOTAKBANK,24-Sep-2020,1100,CE,0,0,0,334.7,290.85,0,0,0,0,06-JUL-2020,
OPTSTK,KOTAKBANK,24-Sep-2020,1120,CE,0,0,0,320.05,273.85,0,0,0,0,06-JUL-2020,
OPTSTK,KOTAKBANK,24-Sep-2020,1140,CE,0,0,0,305.75,257.35,0,0,0,0,06-JUL-2020,
OPTSTK,KOTAKBANK,24-Sep-2020,1160,CE,0,0,0,291.85,241.3,0,0,0,0,06-JUL-2020,
OPTSTK,KOTAKBANK,24-Sep-2020,1180,CE,0,0,0,278.35,225.8,0,0,0,0,06-JUL-2020,
OPTSTK,KOTAKBANK,24-Sep-2020,1200,CE,0,0,0,265.3,210.8,0,0,0,0,06-JUL-2020,
OPTSTK,KOTAKBANK,24-Sep-2020,1220,CE,0,0,0,252.6,196.4,0,0,0,0,06-JUL-2020,
OPTSTK,KOTAKBANK,24-Sep-2020,1240,CE,0,0,0,240.4,182.55,0,0,0,0,06-JUL-2020,
OPTSTK,KOTAKBANK,24-Sep-2020,1260,CE,0,0,0,228.65,169.35,0,0,0,0,06-JUL-2020,
OPTSTK,KOTAKBANK,24-Sep-2020,1280,CE,0,0,0,217.3,156.75,0,0,0,0,06-JUL-2020,
OPTSTK,KOTAKBANK,24-Sep-2020,1300,CE,0,0,0,206.35,144.75,0,0,0,0,06-JUL-2020,
OPTSTK,KOTAKBANK,24-Sep-2020,1320,CE,0,0,0,195.85,133.4,0,0,0,0,06-JUL-2020,
OPTSTK,KOTAKBANK,24-Sep-2020,1340,CE,0,0,0,185.75,122.65,0,0,0,0,06-JUL-2020,
OPTSTK,KOTAKBANK,24-Sep-2020,1360,CE,0,0,0,176.05,112.55,0,0,0,0,06-JUL-2020,
OPTSTK,KOTAKBANK,24-Sep-2020,1380,CE,0,0,0,166.75,103.05,0,0,0,0,06-JUL-2020,
OPTSTK,KOTAKBANK,24-Sep-2020,1400,CE,0,0,0,157.85,94.2,0,0,0,0,06-JUL-2020,
OPTSTK,KOTAKBANK,24-Sep-2020,1420,CE,0,0,0,149.3,85.9,0,0,0,0,06-JUL-2020,
OPTSTK,KOTAKBANK,24-Sep-2020,1440,CE,0,0,0,141.2,78.15,0,0,0,0,06-JUL-2020,
OPTSTK,KOTAKBANK,24-Sep-2020,1460,CE,0,0,0,133.4,71,0,0,0,0,06-JUL-2020,
OPTSTK,KOTAKBANK,24-Sep-2020,1480,CE,0,0,0,126,64.35,0,0,0,0,06-JUL-2020,
OPTSTK,KOTAKBANK,24-Sep-2020,1500,CE,0,0,0,118.9,58.25,0,0,0,0,06-JUL-2020,
OPTSTK,KOTAKBANK,24-Sep-2020,1520,CE,0,0,0,112.2,52.6,0,0,0,0,06-JUL-2020,
OPTSTK,KOTAKBANK,24-Sep-2020,1540,CE,0,0,0,105.8,47.4,0,0,0,0,06-JUL-2020,
OPTSTK,KOTAKBANK,24-Sep-2020,1560,CE,0,0,0,99.7,42.65,0,0,0,0,06-JUL-2020,
OPTSTK,KOTAKBANK,24-Sep-2020,1580,CE,0,0,0,93.9,38.3,0,0,0,0,06-JUL-2020,
OPTSTK,KOTAKBANK,24-Sep-2020,1600,CE,0,0,0,88.45,34.35,0,0,0,0,06-JUL-2020,
OPTSTK,KOTAKBANK,24-Sep-2020,1620,CE,0,0,0,83.25,30.75,0,0,0,0,06-JUL-2020,
OPTSTK,KOTAKBANK,24-Sep-2020,1640,CE,0,0,0,78.35,27.5,0,0,0,0,06-JUL-2020,
OPTSTK,KOTAKBANK,24-Sep-2020,1660,CE,0,0,0,73.7,24.55,0,0,0,0,06-JUL-2020,
OPTSTK,KOTAKBANK,24-Sep-2020,1680,CE,0,0,0,69.3,21.85,0,0,0,0,06-JUL-2020,
OPTSTK,KOTAKBANK,24-Sep-2020,1700,CE,0,0,0,65.15,19.45,0,0,0,0,06-JUL-2020,
OPTSTK,KOTAKBANK,24-Sep-2020,900,PE,0,0,0,8.9,0.85,0,0,0,0,06-JUL-2020,
OPTSTK,KOTAKBANK,24-Sep-2020,920,PE,0,0,0,10.65,1.15,0,0,0,0,06-JUL-2020,
OPTSTK,KOTAKBANK,24-Sep-2020,940,PE,0,0,0,12.7,1.6,0,0,0,0,06-JUL-2020,
OPTSTK,KOTAKBANK,24-Sep-2020,960,PE,0,0,0,15,2.2,0,0,0,0,06-JUL-2020,
OPTSTK,KOTAKBANK,24-Sep-2020,980,PE,0,0,0,17.6,2.95,0,0,0,0,06-JUL-2020,
OPTSTK,KOTAKBANK,24-Sep-2020,1000,PE,0,0,0,20.55,3.9,0,0,0,0,06-JUL-2020,
OPTSTK,KOTAKBANK,24-Sep-2020,1020,PE,0,0,0,23.75,5.05,0,0,0,0,06-JUL-2020,
OPTSTK,KOTAKBANK,24-Sep-2020,1040,PE,0,0,0,27.35,6.5,0,0,0,0,06-JUL-2020,
OPTSTK,KOTAKBANK,24-Sep-2020,1060,PE,0,0,0,31.25,8.25,0,0,0,0,06-JUL-2020,
OPTSTK,KOTAKBANK,24-Sep-2020,1080,PE,0,0,0,35.55,10.3,0,0,0,0,06-JUL-2020,
OPTSTK,KOTAKBANK,24-Sep-2020,1100,PE,0,0,0,40.25,12.75,0,0,0,0,06-JUL-2020,
OPTSTK,KOTAKBANK,24-Sep-2020,1120,PE,0,0,0,45.35,15.6,0,0,0,0,06-JUL-2020,
OPTSTK,KOTAKBANK,24-Sep-2020,1140,PE,0,0,0,50.8,18.9,0,0,0,0,06-JUL-2020,
OPTSTK,KOTAKBANK,24-Sep-2020,1160,PE,0,0,0,56.7,22.65,0,0,0,0,06-JUL-2020,
OPTSTK,KOTAKBANK,24-Sep-2020,1180,PE,0,0,0,63,26.95,0,0,0,0,06-JUL-2020,
OPTSTK,KOTAKBANK,24-Sep-2020,1200,PE,0,0,0,69.7,31.8,0,0,0,0,06-JUL-2020,
OPTSTK,KOTAKBANK,24-Sep-2020,1220,PE,0,0,0,76.75,37.2,0,0,0,0,06-JUL-2020,
OPTSTK,KOTAKBANK,24-Sep-2020,1240,PE,0,0,0,84.35,43.15,0,0,0,0,06-JUL-2020,
OPTSTK,KOTAKBANK,24-Sep-2020,1260,PE,0,0,0,92.35,49.75,0,0,0,0,06-JUL-2020,
OPTSTK,KOTAKBANK,24-Sep-2020,1280,PE,0,0,0,100.75,56.95,0,0,0,0,06-JUL-2020,
OPTSTK,KOTAKBANK,24-Sep-2020,1300,PE,0,0,0,109.55,64.8,0,0,0,0,06-JUL-2020,
OPTSTK,KOTAKBANK,24-Sep-2020,1320,PE,0,0,0,118.85,73.25,0,0,0,0,06-JUL-2020,
OPTSTK,KOTAKBANK,24-Sep-2020,1340,PE,0,0,0,128.5,82.35,0,0,0,0,06-JUL-2020,
OPTSTK,KOTAKBANK,24-Sep-2020,1360,PE,0,0,0,138.55,92.05,0,0,0,0,06-JUL-2020,
OPTSTK,KOTAKBANK,24-Sep-2020,1380,PE,0,0,0,149.05,102.35,0,0,0,0,06-JUL-2020,
OPTSTK,KOTAKBANK,24-Sep-2020,1400,PE,0,0,0,159.9,113.3,0,0,0,0,06-JUL-2020,
OPTSTK,KOTAKBANK,24-Sep-2020,1420,PE,0,0,0,171.15,124.8,0,0,0,0,06-JUL-2020,
OPTSTK,KOTAKBANK,24-Sep-2020,1440,PE,0,0,0,182.75,136.9,0,0,0,0,06-JUL-2020,
OPTSTK,KOTAKBANK,24-Sep-2020,1460,PE,0,0,0,194.75,149.55,0,0,0,0,06-JUL-2020,
OPTSTK,KOTAKBANK,24-Sep-2020,1480,PE,0,0,0,207.1,162.75,0,0,0,0,06-JUL-2020,
OPTSTK,KOTAKBANK,24-Sep-2020,1500,PE,0,0,0,219.8,176.45,0,0,0,0,06-JUL-2020,
OPTSTK,KOTAKBANK,24-Sep-2020,1520,PE,0,0,0,232.85,190.6,0,0,0,0,06-JUL-2020,
OPTSTK,KOTAKBANK,24-Sep-2020,1540,PE,0,0,0,246.25,205.25,0,0,0,0,06-JUL-2020,
OPTSTK,KOTAKBANK,24-Sep-2020,1560,PE,0,0,0,259.9,220.3,0,0,0,0,06-JUL-2020,
OPTSTK,KOTAKBANK,24-Sep-2020,1580,PE,0,0,0,273.9,235.75,0,0,0,0,06-JUL-2020,
OPTSTK,KOTAKBANK,24-Sep-2020,1600,PE,0,0,0,288.15,251.65,0,0,0,0,06-JUL-2020,
OPTSTK,KOTAKBANK,24-Sep-2020,1620,PE,0,0,0,302.75,267.85,0,0,0,0,06-JUL-2020,
OPTSTK,KOTAKBANK,24-Sep-2020,1640,PE,0,0,0,317.65,284.4,0,0,0,0,06-JUL-2020,
OPTSTK,KOTAKBANK,24-Sep-2020,1660,PE,0,0,0,332.75,301.25,0,0,0,0,06-JUL-2020,
OPTSTK,KOTAKBANK,24-Sep-2020,1680,PE,0,0,0,348.1,318.4,0,0,0,0,06-JUL-2020,
OPTSTK,KOTAKBANK,24-Sep-2020,1700,PE,0,0,0,363.7,335.8,0,0,0,0,06-JUL-2020,
OPTSTK,L&TFH,30-Jul-2020,30,CE,0,0,0,36.8,40.05,0,0,0,0,06-JUL-2020,
OPTSTK,L&TFH,30-Jul-2020,32.5,CE,0,0,0,34.65,37.55,0,0,0,0,06-JUL-2020,
OPTSTK,L&TFH,30-Jul-2020,35,CE,0,0,0,32.65,35.05,0,0,0,0,06-JUL-2020,
OPTSTK,L&TFH,30-Jul-2020,37.5,CE,0,0,0,30.65,32.55,0,0,0,0,06-JUL-2020,
OPTSTK,L&TFH,30-Jul-2020,40,CE,0,0,0,28.8,30.05,0,0,0,0,06-JUL-2020,
OPTSTK,L&TFH,30-Jul-2020,42,CE,0,0,0,14.9,28.05,0,0,0,0,06-JUL-2020,
OPTSTK,L&TFH,30-Jul-2020,42.5,CE,0,0,0,27,27.55,0,0,0,0,06-JUL-2020,
OPTSTK,L&TFH,30-Jul-2020,43,CE,0,0,0,14.25,27.05,0,0,0,0,06-JUL-2020,
OPTSTK,L&TFH,30-Jul-2020,44,CE,0,0,0,13.6,26.1,0,0,0,0,06-JUL-2020,
OPTSTK,L&TFH,30-Jul-2020,45,CE,0,0,0,25.35,25.1,0,0,0,0,06-JUL-2020,
OPTSTK,L&TFH,30-Jul-2020,46,CE,0,0,0,12.4,24.1,0,0,0,0,06-JUL-2020,
OPTSTK,L&TFH,30-Jul-2020,47,CE,0,0,0,11.85,23.1,0,0,0,0,06-JUL-2020,
OPTSTK,L&TFH,30-Jul-2020,47.5,CE,0,0,0,23.75,22.6,0,0,0,0,06-JUL-2020,
OPTSTK,L&TFH,30-Jul-2020,48,CE,0,0,0,11.3,22.1,0,0,0,0,06-JUL-2020,
OPTSTK,L&TFH,30-Jul-2020,49,CE,0,0,0,10.8,21.1,0,0,0,0,06-JUL-2020,
OPTSTK,L&TFH,30-Jul-2020,50,CE,0,0,0,22.2,20.15,0,0,0,0,06-JUL-2020,
OPTSTK,L&TFH,30-Jul-2020,51,CE,0,0,0,9.8,19.15,0,0,0,0,06-JUL-2020,
OPTSTK,L&TFH,30-Jul-2020,52,CE,0,0,0,9.35,18.2,0,0,0,0,06-JUL-2020,
OPTSTK,L&TFH,30-Jul-2020,52.5,CE,0,0,0,20.8,17.7,0,0,0,0,06-JUL-2020,
OPTSTK,L&TFH,30-Jul-2020,53,CE,0,0,0,8.9,17.25,0,0,0,0,06-JUL-2020,
OPTSTK,L&TFH,30-Jul-2020,54,CE,0,0,0,8.45,16.3,0,0,0,0,06-JUL-2020,
OPTSTK,L&TFH,30-Jul-2020,55,CE,0,0,0,12.1,15.35,0,0,6800,0,06-JUL-2020,
OPTSTK,L&TFH,30-Jul-2020,56,CE,0,0,0,7.65,14.4,0,0,0,0,06-JUL-2020,
OPTSTK,L&TFH,30-Jul-2020,57,CE,0,0,0,15,13.5,0,0,6800,0,06-JUL-2020,
OPTSTK,L&TFH,30-Jul-2020,57.5,CE,0,0,0,18.2,13.05,0,0,0,0,06-JUL-2020,
OPTSTK,L&TFH,30-Jul-2020,58,CE,0,0,0,6.95,12.65,0,0,0,0,06-JUL-2020,
OPTSTK,L&TFH,30-Jul-2020,59,CE,0,0,0,6.6,11.75,0,0,0,0,06-JUL-2020,
OPTSTK,L&TFH,30-Jul-2020,60,CE,10.3,11.45,9.7,11.45,11.45,14,66.83,54400,-61200,06-JUL-2020,
OPTSTK,L&TFH,30-Jul-2020,61,CE,0,0,0,6.75,10.15,0,0,6800,0,06-JUL-2020,
OPTSTK,L&TFH,30-Jul-2020,62,CE,0,0,0,9.65,9.35,0,0,27200,0,06-JUL-2020,
OPTSTK,L&TFH,30-Jul-2020,62.5,CE,0,0,0,7.1,8.95,0,0,20400,0,06-JUL-2020,
OPTSTK,L&TFH,30-Jul-2020,63,CE,9.5,9.5,9.5,9.5,8.6,1,4.93,13600,-6800,06-JUL-2020,
OPTSTK,L&TFH,30-Jul-2020,64,CE,0,0,0,9.35,7.9,0,0,6800,0,06-JUL-2020,
OPTSTK,L&TFH,30-Jul-2020,65,CE,6.25,8.1,6.25,7.2,7.2,23,113.41,204000,-34000,06-JUL-2020,
OPTSTK,L&TFH,30-Jul-2020,66,CE,6.85,6.85,6.85,6.85,6.55,1,4.95,20400,6800,06-JUL-2020,
OPTSTK,L&TFH,30-Jul-2020,67,CE,6.25,6.45,6.2,6.2,5.95,4,19.93,88400,-13600,06-JUL-2020,
OPTSTK,L&TFH,30-Jul-2020,67.5,CE,5.1,6.4,5.1,5.75,5.7,23,114.82,129200,47600,06-JUL-2020,
OPTSTK,L&TFH,30-Jul-2020,68,CE,5.2,6.35,5.2,5.5,5.4,24,120.36,204000,20400,06-JUL-2020,
OPTSTK,L&TFH,30-Jul-2020,69,CE,4.15,5.7,4.15,5.1,4.85,22,111.06,122400,34000,06-JUL-2020,
OPTSTK,L&TFH,30-Jul-2020,70,CE,3.8,5.35,3.7,4.8,4.8,1276,6492.21,4494800,2869600,06-JUL-2020,
OPTSTK,L&TFH,30-Jul-2020,71,CE,3.95,4.8,3.9,4.3,4.3,60,307.68,244800,163200,06-JUL-2020,
OPTSTK,L&TFH,30-Jul-2020,72,CE,3.05,4.4,3.05,3.9,3.9,96,495.74,340000,210800,06-JUL-2020,
OPTSTK,L&TFH,30-Jul-2020,72.5,CE,2.8,4.2,2.8,3.7,3.7,94,487.02,360400,163200,06-JUL-2020,
OPTSTK,L&TFH,30-Jul-2020,73,CE,3,3.8,2.95,3.45,3.1,22,114.39,102000,20400,06-JUL-2020,
OPTSTK,L&TFH,30-Jul-2020,74,CE,2.8,3.6,2.8,3.1,3.1,21,110.12,122400,0,06-JUL-2020,
OPTSTK,L&TFH,30-Jul-2020,75,CE,2.1,3.2,2,2.75,2.75,594,3143.83,2101200,686800,06-JUL-2020,
OPTSTK,L&TFH,30-Jul-2020,76,CE,0,0,0,2.6,2.15,0,0,27200,0,06-JUL-2020,
OPTSTK,L&TFH,30-Jul-2020,77,CE,0,0,0,1.85,1.9,0,0,6800,0,06-JUL-2020,
OPTSTK,L&TFH,30-Jul-2020,77.5,CE,1.4,2.4,1.4,2,1.8,17,91.7,34000,34000,06-JUL-2020,
OPTSTK,L&TFH,30-Jul-2020,78,CE,1.95,1.95,1.95,1.95,1.65,1,5.43,13600,6800,06-JUL-2020,
OPTSTK,L&TFH,30-Jul-2020,79,CE,0,0,0,2.65,1.45,0,0,0,0,06-JUL-2020,
OPTSTK,L&TFH,30-Jul-2020,80,CE,1,1.8,1,1.55,1.55,340,1885.07,1604800,34000,06-JUL-2020,
OPTSTK,L&TFH,30-Jul-2020,81,CE,0,0,0,2.35,1.1,0,0,0,0,06-JUL-2020,
OPTSTK,L&TFH,30-Jul-2020,82,CE,0,0,0,2.1,0.95,0,0,0,0,06-JUL-2020,
OPTSTK,L&TFH,30-Jul-2020,82.5,CE,0.5,1.25,0.5,1.15,1.15,19,108.04,102000,81600,06-JUL-2020,
OPTSTK,L&TFH,30-Jul-2020,83,CE,0,0,0,1.95,0.85,0,0,0,0,06-JUL-2020,
OPTSTK,L&TFH,30-Jul-2020,84,CE,0,0,0,1.85,0.7,0,0,0,0,06-JUL-2020,
OPTSTK,L&TFH,30-Jul-2020,85,CE,0.5,1,0.5,0.8,0.8,123,717.92,870400,129200,06-JUL-2020,
OPTSTK,L&TFH,30-Jul-2020,86,CE,0,0,0,1.7,0.5,0,0,0,0,06-JUL-2020,
OPTSTK,L&TFH,30-Jul-2020,87,CE,0,0,0,0.4,0.45,0,0,13600,0,06-JUL-2020,
OPTSTK,L&TFH,30-Jul-2020,87.5,CE,0.45,0.65,0.45,0.6,0.6,25,149.77,353600,13600,06-JUL-2020,
OPTSTK,L&TFH,30-Jul-2020,30,PE,0,0,0,0.8,0.05,0,0,0,0,06-JUL-2020,
OPTSTK,L&TFH,30-Jul-2020,32.5,PE,0,0,0,1.15,0.05,0,0,0,0,06-JUL-2020,
OPTSTK,L&TFH,30-Jul-2020,35,PE,0,0,0,1.6,0.05,0,0,0,0,06-JUL-2020,
OPTSTK,L&TFH,30-Jul-2020,37.5,PE,0,0,0,2.1,0.05,0,0,0,0,06-JUL-2020,
OPTSTK,L&TFH,30-Jul-2020,40,PE,0,0,0,2.7,0.05,0,0,0,0,06-JUL-2020,
OPTSTK,L&TFH,30-Jul-2020,42,PE,0,0,0,3,0.05,0,0,0,0,06-JUL-2020,
OPTSTK,L&TFH,30-Jul-2020,42.5,PE,0,0,0,0.05,0.05,0,0,6800,0,06-JUL-2020,
OPTSTK,L&TFH,30-Jul-2020,43,PE,0,0,0,3.35,0.05,0,0,0,0,06-JUL-2020,
OPTSTK,L&TFH,30-Jul-2020,44,PE,0,0,0,3.7,0.05,0,0,0,0,06-JUL-2020,
OPTSTK,L&TFH,30-Jul-2020,45,PE,0,0,0,0.1,0.05,0,0,34000,0,06-JUL-2020,
OPTSTK,L&TFH,30-Jul-2020,46,PE,0,0,0,4.5,0.05,0,0,0,0,06-JUL-2020,
OPTSTK,L&TFH,30-Jul-2020,47,PE,0,0,0,4.9,0.05,0,0,0,0,06-JUL-2020,
OPTSTK,L&TFH,30-Jul-2020,47.5,PE,0,0,0,0.45,0.05,0,0,20400,0,06-JUL-2020,
OPTSTK,L&TFH,30-Jul-2020,48,PE,0,0,0,5.35,0.05,0,0,0,0,06-JUL-2020,
OPTSTK,L&TFH,30-Jul-2020,49,PE,0,0,0,5.85,0.05,0,0,0,0,06-JUL-2020,
OPTSTK,L&TFH,30-Jul-2020,50,PE,0.2,0.2,0.2,0.2,0.05,2,6.82,224400,0,06-JUL-2020,
OPTSTK,L&TFH,30-Jul-2020,51,PE,0,0,0,6.8,0.05,0,0,0,0,06-JUL-2020,
OPTSTK,L&TFH,30-Jul-2020,52,PE,0,0,0,7.35,0.1,0,0,0,0,06-JUL-2020,
OPTSTK,L&TFH,30-Jul-2020,52.5,PE,0,0,0,1.75,0.1,0,0,27200,0,06-JUL-2020,
OPTSTK,L&TFH,30-Jul-2020,53,PE,0,0,0,7.9,0.15,0,0,0,0,06-JUL-2020,
OPTSTK,L&TFH,30-Jul-2020,54,PE,0,0,0,8.45,0.2,0,0,0,0,06-JUL-2020,
OPTSTK,L&TFH,30-Jul-2020,55,PE,0.4,0.45,0.35,0.45,0.45,32,120.57,367200,27200,06-JUL-2020,
OPTSTK,L&TFH,30-Jul-2020,56,PE,0,0,0,9.65,0.3,0,0,0,0,06-JUL-2020,
OPTSTK,L&TFH,30-Jul-2020,57,PE,0,0,0,10.25,0.4,0,0,0,0,06-JUL-2020,
OPTSTK,L&TFH,30-Jul-2020,57.5,PE,0.6,0.6,0.6,0.6,0.45,1,3.95,81600,-6800,06-JUL-2020,
OPTSTK,L&TFH,30-Jul-2020,58,PE,0,0,0,1.05,0.5,0,0,95200,0,06-JUL-2020,
OPTSTK,L&TFH,30-Jul-2020,59,PE,0.6,1.15,0.6,0.9,0.9,4,16.28,6800,0,06-JUL-2020,
OPTSTK,L&TFH,30-Jul-2020,60,PE,1.2,1.2,0.9,1.05,1.05,134,556.29,931600,-6800,06-JUL-2020,
OPTSTK,L&TFH,30-Jul-2020,61,PE,0.95,1.5,0.95,1.25,1.25,2,8.46,6800,6800,06-JUL-2020,
OPTSTK,L&TFH,30-Jul-2020,62,PE,1.35,1.7,1.2,1.65,1.2,18,77.66,170000,13600,06-JUL-2020,
OPTSTK,L&TFH,30-Jul-2020,62.5,PE,1.6,1.6,1.6,1.6,1.35,1,4.35,27200,0,06-JUL-2020,
OPTSTK,L&TFH,30-Jul-2020,63,PE,1.6,1.6,1.45,1.45,1.5,2,8.77,68000,0,06-JUL-2020,
OPTSTK,L&TFH,30-Jul-2020,64,PE,1.9,2.25,1.7,2.05,1.75,54,242.77,455600,156400,06-JUL-2020,
OPTSTK,L&TFH,30-Jul-2020,65,PE,2.4,2.6,1.95,2.4,2.4,217,993.52,918000,258400,06-JUL-2020,
OPTSTK,L&TFH,30-Jul-2020,66,PE,2.7,2.95,2.5,2.95,2.45,9,42.05,102000,20400,06-JUL-2020,
OPTSTK,L&TFH,30-Jul-2020,67,PE,3.2,3.35,2.7,3.25,3.25,34,162.08,142800,-34000,06-JUL-2020,
OPTSTK,L&TFH,30-Jul-2020,67.5,PE,3,3.6,3,3.35,3.35,28,135.01,142800,27200,06-JUL-2020,
OPTSTK,L&TFH,30-Jul-2020,68,PE,3.75,3.75,3.6,3.6,3.6,8,39,129200,20400,06-JUL-2020,
OPTSTK,L&TFH,30-Jul-2020,69,PE,4.2,4.35,3.5,4.1,3.75,14,69.31,115600,20400,06-JUL-2020,
OPTSTK,L&TFH,30-Jul-2020,70,PE,4.55,4.9,3.8,4.55,4.55,191,966.89,992800,448800,06-JUL-2020,
OPTSTK,L&TFH,30-Jul-2020,71,PE,4.65,5.25,4.65,5.25,4.8,3,15.5,34000,0,06-JUL-2020,
OPTSTK,L&TFH,30-Jul-2020,72,PE,5.15,5.9,5.15,5.9,5.35,3,15.81,54400,-6800,06-JUL-2020,
OPTSTK,L&TFH,30-Jul-2020,72.5,PE,6.15,6.15,6.15,6.15,5.65,1,5.34,34000,6800,06-JUL-2020,
OPTSTK,L&TFH,30-Jul-2020,73,PE,0,0,0,5.95,5.95,0,0,6800,0,06-JUL-2020,
OPTSTK,L&TFH,30-Jul-2020,74,PE,6.2,7.15,6.2,7.15,6.6,2,10.97,13600,13600,06-JUL-2020,
OPTSTK,L&TFH,30-Jul-2020,75,PE,0,0,0,8.35,7.3,0,0,20400,0,06-JUL-2020,
OPTSTK,L&TFH,30-Jul-2020,76,PE,0,0,0,24.55,8,0,0,0,0,06-JUL-2020,
OPTSTK,L&TFH,30-Jul-2020,77,PE,0,0,0,25.4,8.75,0,0,0,0,06-JUL-2020,
OPTSTK,L&TFH,30-Jul-2020,77.5,PE,0,0,0,21.5,9.1,0,0,0,0,06-JUL-2020,
OPTSTK,L&TFH,30-Jul-2020,78,PE,0,0,0,26.25,9.5,0,0,0,0,06-JUL-2020,
OPTSTK,L&TFH,30-Jul-2020,79,PE,0,0,0,23.6,10.3,0,0,0,0,06-JUL-2020,
OPTSTK,L&TFH,30-Jul-2020,80,PE,0,0,0,14.6,11.1,0,0,6800,0,06-JUL-2020,
OPTSTK,L&TFH,30-Jul-2020,81,PE,0,0,0,25.3,11.95,0,0,0,0,06-JUL-2020,
OPTSTK,L&TFH,30-Jul-2020,82,PE,0,0,0,22.9,12.8,0,0,0,0,06-JUL-2020,
OPTSTK,L&TFH,30-Jul-2020,82.5,PE,0,0,0,25.1,13.2,0,0,0,0,06-JUL-2020,
OPTSTK,L&TFH,30-Jul-2020,83,PE,0,0,0,23.75,13.65,0,0,0,0,06-JUL-2020,
OPTSTK,L&TFH,30-Jul-2020,84,PE,0,0,0,24.65,14.55,0,0,0,0,06-JUL-2020,
OPTSTK,L&TFH,30-Jul-2020,85,PE,0,0,0,25,15.4,0,0,6800,0,06-JUL-2020,
OPTSTK,L&TFH,30-Jul-2020,86,PE,0,0,0,24.8,16.35,0,0,0,0,06-JUL-2020,
OPTSTK,L&TFH,30-Jul-2020,87,PE,0,0,0,24.95,17.25,0,0,0,0,06-JUL-2020,
OPTSTK,L&TFH,30-Jul-2020,87.5,PE,0,0,0,28.9,17.7,0,0,0,0,06-JUL-2020,
OPTSTK,L&TFH,27-Aug-2020,30,CE,0,0,0,24.9,40.15,0,0,0,0,06-JUL-2020,
OPTSTK,L&TFH,27-Aug-2020,31,CE,0,0,0,24.1,39.15,0,0,0,0,06-JUL-2020,
OPTSTK,L&TFH,27-Aug-2020,32,CE,0,0,0,23.3,38.15,0,0,0,0,06-JUL-2020,
OPTSTK,L&TFH,27-Aug-2020,33,CE,0,0,0,22.5,37.15,0,0,0,0,06-JUL-2020,
OPTSTK,L&TFH,27-Aug-2020,34,CE,0,0,0,21.7,36.15,0,0,0,0,06-JUL-2020,
OPTSTK,L&TFH,27-Aug-2020,35,CE,0,0,0,20.95,35.15,0,0,0,0,06-JUL-2020,
OPTSTK,L&TFH,27-Aug-2020,36,CE,0,0,0,20.25,34.15,0,0,0,0,06-JUL-2020,
OPTSTK,L&TFH,27-Aug-2020,37,CE,0,0,0,19.55,33.2,0,0,0,0,06-JUL-2020,
OPTSTK,L&TFH,27-Aug-2020,38,CE,0,0,0,18.85,32.2,0,0,0,0,06-JUL-2020,
OPTSTK,L&TFH,27-Aug-2020,39,CE,0,0,0,18.15,31.2,0,0,0,0,06-JUL-2020,
OPTSTK,L&TFH,27-Aug-2020,40,CE,0,0,0,17.5,30.2,0,0,0,0,06-JUL-2020,
OPTSTK,L&TFH,27-Aug-2020,41,CE,0,0,0,16.85,29.25,0,0,0,0,06-JUL-2020,
OPTSTK,L&TFH,27-Aug-2020,42,CE,0,0,0,16.25,28.25,0,0,0,0,06-JUL-2020,
OPTSTK,L&TFH,27-Aug-2020,43,CE,0,0,0,15.65,27.3,0,0,0,0,06-JUL-2020,
OPTSTK,L&TFH,27-Aug-2020,44,CE,0,0,0,15.05,26.3,0,0,0,0,06-JUL-2020,
OPTSTK,L&TFH,27-Aug-2020,45,CE,0,0,0,14.5,25.35,0,0,0,0,06-JUL-2020,
OPTSTK,L&TFH,27-Aug-2020,46,CE,0,0,0,13.95,24.4,0,0,0,0,06-JUL-2020,
OPTSTK,L&TFH,27-Aug-2020,47,CE,0,0,0,13.45,23.45,0,0,0,0,06-JUL-2020,
OPTSTK,L&TFH,27-Aug-2020,48,CE,0,0,0,12.9,22.5,0,0,0,0,06-JUL-2020,
OPTSTK,L&TFH,27-Aug-2020,49,CE,0,0,0,12.45,21.55,0,0,0,0,06-JUL-2020,
OPTSTK,L&TFH,27-Aug-2020,50,CE,0,0,0,11.95,20.65,0,0,0,0,06-JUL-2020,
OPTSTK,L&TFH,27-Aug-2020,51,CE,0,0,0,11.5,19.75,0,0,0,0,06-JUL-2020,
OPTSTK,L&TFH,27-Aug-2020,52,CE,0,0,0,11.05,18.85,0,0,0,0,06-JUL-2020,
OPTSTK,L&TFH,27-Aug-2020,53,CE,0,0,0,10.65,17.95,0,0,0,0,06-JUL-2020,
OPTSTK,L&TFH,27-Aug-2020,54,CE,0,0,0,10.2,17.1,0,0,0,0,06-JUL-2020,
OPTSTK,L&TFH,27-Aug-2020,55,CE,0,0,0,9.8,16.3,0,0,0,0,06-JUL-2020,
OPTSTK,L&TFH,27-Aug-2020,56,CE,0,0,0,9.45,15.45,0,0,0,0,06-JUL-2020,
OPTSTK,L&TFH,27-Aug-2020,57,CE,0,0,0,9.05,14.65,0,0,0,0,06-JUL-2020,
OPTSTK,L&TFH,27-Aug-2020,58,CE,0,0,0,8.7,13.9,0,0,0,0,06-JUL-2020,
OPTSTK,L&TFH,27-Aug-2020,59,CE,0,0,0,8.4,13.15,0,0,0,0,06-JUL-2020,
OPTSTK,L&TFH,27-Aug-2020,60,CE,0,0,0,8.05,12.4,0,0,0,0,06-JUL-2020,
OPTSTK,L&TFH,27-Aug-2020,61,CE,0,0,0,7.75,11.7,0,0,0,0,06-JUL-2020,
OPTSTK,L&TFH,27-Aug-2020,62,CE,0,0,0,7.45,11,0,0,0,0,06-JUL-2020,
OPTSTK,L&TFH,27-Aug-2020,63,CE,0,0,0,7.15,10.35,0,0,0,0,06-JUL-2020,
OPTSTK,L&TFH,27-Aug-2020,64,CE,0,0,0,6.85,9.75,0,0,0,0,06-JUL-2020,
OPTSTK,L&TFH,27-Aug-2020,65,CE,0,0,0,6.6,9.15,0,0,0,0,06-JUL-2020,
OPTSTK,L&TFH,27-Aug-2020,66,CE,0,0,0,6.35,8.55,0,0,0,0,06-JUL-2020,
OPTSTK,L&TFH,27-Aug-2020,67,CE,0,0,0,6.1,8,0,0,0,0,06-JUL-2020,
OPTSTK,L&TFH,27-Aug-2020,68,CE,0,0,0,5.85,7.5,0,0,0,0,06-JUL-2020,
OPTSTK,L&TFH,27-Aug-2020,69,CE,0,0,0,5.6,7,0,0,0,0,06-JUL-2020,
OPTSTK,L&TFH,27-Aug-2020,70,CE,0,0,0,5.4,6.5,0,0,0,0,06-JUL-2020,
OPTSTK,L&TFH,27-Aug-2020,71,CE,0,0,0,5.2,6.05,0,0,0,0,06-JUL-2020,
OPTSTK,L&TFH,27-Aug-2020,72,CE,0,0,0,5,5.65,0,0,0,0,06-JUL-2020,
OPTSTK,L&TFH,27-Aug-2020,73,CE,0,0,0,4.8,5.25,0,0,0,0,06-JUL-2020,
OPTSTK,L&TFH,27-Aug-2020,74,CE,0,0,0,4.6,4.85,0,0,0,0,06-JUL-2020,
OPTSTK,L&TFH,27-Aug-2020,75,CE,4.9,4.9,4.9,4.9,4.5,1,5.43,6800,6800,06-JUL-2020,
OPTSTK,L&TFH,27-Aug-2020,76,CE,0,0,0,4.25,4.15,0,0,0,0,06-JUL-2020,
OPTSTK,L&TFH,27-Aug-2020,77,CE,0,0,0,2.6,3.85,0,0,6800,0,06-JUL-2020,
OPTSTK,L&TFH,27-Aug-2020,78,CE,0,0,0,3.9,3.55,0,0,0,0,06-JUL-2020,
OPTSTK,L&TFH,27-Aug-2020,79,CE,0,0,0,4.2,3.3,0,0,0,0,06-JUL-2020,
OPTSTK,L&TFH,27-Aug-2020,80,CE,0,0,0,4.05,3.05,0,0,0,0,06-JUL-2020,
OPTSTK,L&TFH,27-Aug-2020,81,CE,0,0,0,3.85,2.8,0,0,0,0,06-JUL-2020,
OPTSTK,L&TFH,27-Aug-2020,82,CE,0,0,0,3.45,2.55,0,0,0,0,06-JUL-2020,
OPTSTK,L&TFH,27-Aug-2020,83,CE,0,0,0,3.3,2.35,0,0,0,0,06-JUL-2020,
OPTSTK,L&TFH,27-Aug-2020,30,PE,0,0,0,1,0.05,0,0,0,0,06-JUL-2020,
OPTSTK,L&TFH,27-Aug-2020,31,PE,0,0,0,1.15,0.05,0,0,0,0,06-JUL-2020,
OPTSTK,L&TFH,27-Aug-2020,32,PE,0,0,0,1.35,0.05,0,0,0,0,06-JUL-2020,
OPTSTK,L&TFH,27-Aug-2020,33,PE,0,0,0,1.55,0.05,0,0,0,0,06-JUL-2020,
OPTSTK,L&TFH,27-Aug-2020,34,PE,0,0,0,1.75,0.05,0,0,0,0,06-JUL-2020,
OPTSTK,L&TFH,27-Aug-2020,35,PE,0,0,0,2,0.05,0,0,0,0,06-JUL-2020,
OPTSTK,L&TFH,27-Aug-2020,36,PE,0,0,0,2.25,0.05,0,0,0,0,06-JUL-2020,
OPTSTK,L&TFH,27-Aug-2020,37,PE,0,0,0,2.55,0.05,0,0,0,0,06-JUL-2020,
OPTSTK,L&TFH,27-Aug-2020,38,PE,0,0,0,2.8,0.05,0,0,0,0,06-JUL-2020,
OPTSTK,L&TFH,27-Aug-2020,39,PE,0,0,0,3.15,0.05,0,0,0,0,06-JUL-2020,
OPTSTK,L&TFH,27-Aug-2020,40,PE,0,0,0,3.45,0.05,0,0,0,0,06-JUL-2020,
OPTSTK,L&TFH,27-Aug-2020,41,PE,0,0,0,3.8,0.05,0,0,0,0,06-JUL-2020,
OPTSTK,L&TFH,27-Aug-2020,42,PE,0,0,0,4.2,0.05,0,0,0,0,06-JUL-2020,
OPTSTK,L&TFH,27-Aug-2020,43,PE,0,0,0,4.6,0.05,0,0,0,0,06-JUL-2020,
OPTSTK,L&TFH,27-Aug-2020,44,PE,0,0,0,5,0.1,0,0,0,0,06-JUL-2020,
OPTSTK,L&TFH,27-Aug-2020,45,PE,0,0,0,5.4,0.1,0,0,0,0,06-JUL-2020,
OPTSTK,L&TFH,27-Aug-2020,46,PE,0,0,0,5.85,0.15,0,0,0,0,06-JUL-2020,
OPTSTK,L&TFH,27-Aug-2020,47,PE,0,0,0,6.3,0.2,0,0,0,0,06-JUL-2020,
OPTSTK,L&TFH,27-Aug-2020,48,PE,0,0,0,6.8,0.25,0,0,0,0,06-JUL-2020,
OPTSTK,L&TFH,27-Aug-2020,49,PE,0,0,0,7.3,0.3,0,0,0,0,06-JUL-2020,
OPTSTK,L&TFH,27-Aug-2020,50,PE,0,0,0,7.8,0.4,0,0,0,0,06-JUL-2020,
OPTSTK,L&TFH,27-Aug-2020,51,PE,0,0,0,8.35,0.5,0,0,0,0,06-JUL-2020,
OPTSTK,L&TFH,27-Aug-2020,52,PE,0,0,0,8.9,0.6,0,0,0,0,06-JUL-2020,
OPTSTK,L&TFH,27-Aug-2020,53,PE,0,0,0,9.45,0.7,0,0,0,0,06-JUL-2020,
OPTSTK,L&TFH,27-Aug-2020,54,PE,0,0,0,10,0.85,0,0,0,0,06-JUL-2020,
OPTSTK,L&TFH,27-Aug-2020,55,PE,0,0,0,10.6,1,0,0,0,0,06-JUL-2020,
OPTSTK,L&TFH,27-Aug-2020,56,PE,0,0,0,11.2,1.15,0,0,0,0,06-JUL-2020,
OPTSTK,L&TFH,27-Aug-2020,57,PE,0,0,0,11.85,1.35,0,0,0,0,06-JUL-2020,
OPTSTK,L&TFH,27-Aug-2020,58,PE,0,0,0,12.45,1.6,0,0,0,0,06-JUL-2020,
OPTSTK,L&TFH,27-Aug-2020,59,PE,0,0,0,13.1,1.85,0,0,0,0,06-JUL-2020,
OPTSTK,L&TFH,27-Aug-2020,60,PE,0,0,0,2.8,2.1,0,0,40800,0,06-JUL-2020,
OPTSTK,L&TFH,27-Aug-2020,61,PE,0,0,0,14.45,2.4,0,0,0,0,06-JUL-2020,
OPTSTK,L&TFH,27-Aug-2020,62,PE,0,0,0,15.15,2.7,0,0,0,0,06-JUL-2020,
OPTSTK,L&TFH,27-Aug-2020,63,PE,0,0,0,15.8,3.05,0,0,0,0,06-JUL-2020,
OPTSTK,L&TFH,27-Aug-2020,64,PE,0,0,0,16.55,3.4,0,0,0,0,06-JUL-2020,
OPTSTK,L&TFH,27-Aug-2020,65,PE,0,0,0,6.5,3.8,0,0,6800,0,06-JUL-2020,
OPTSTK,L&TFH,27-Aug-2020,66,PE,0,0,0,18,4.2,0,0,0,0,06-JUL-2020,
OPTSTK,L&TFH,27-Aug-2020,67,PE,0,0,0,18.7,4.65,0,0,0,0,06-JUL-2020,
OPTSTK,L&TFH,27-Aug-2020,68,PE,0,0,0,19.45,5.1,0,0,0,0,06-JUL-2020,
OPTSTK,L&TFH,27-Aug-2020,69,PE,0,0,0,20.2,5.6,0,0,0,0,06-JUL-2020,
OPTSTK,L&TFH,27-Aug-2020,70,PE,0,0,0,7.3,6.15,0,0,13600,0,06-JUL-2020,
OPTSTK,L&TFH,27-Aug-2020,71,PE,0,0,0,21.75,6.7,0,0,0,0,06-JUL-2020,
OPTSTK,L&TFH,27-Aug-2020,72,PE,0,0,0,22.55,7.25,0,0,0,0,06-JUL-2020,
OPTSTK,L&TFH,27-Aug-2020,73,PE,0,0,0,23.35,7.85,0,0,0,0,06-JUL-2020,
OPTSTK,L&TFH,27-Aug-2020,74,PE,0,0,0,24.15,8.45,0,0,0,0,06-JUL-2020,
OPTSTK,L&TFH,27-Aug-2020,75,PE,0,0,0,24.95,9.1,0,0,0,0,06-JUL-2020,
OPTSTK,L&TFH,27-Aug-2020,76,PE,0,0,0,25.75,9.75,0,0,0,0,06-JUL-2020,
OPTSTK,L&TFH,27-Aug-2020,77,PE,0,0,0,26.6,10.45,0,0,0,0,06-JUL-2020,
OPTSTK,L&TFH,27-Aug-2020,78,PE,0,0,0,27.4,11.15,0,0,0,0,06-JUL-2020,
OPTSTK,L&TFH,27-Aug-2020,79,PE,0,0,0,24.9,11.85,0,0,0,0,06-JUL-2020,
OPTSTK,L&TFH,27-Aug-2020,80,PE,0,0,0,25.7,12.6,0,0,0,0,06-JUL-2020,
OPTSTK,L&TFH,27-Aug-2020,81,PE,0,0,0,26.5,13.35,0,0,0,0,06-JUL-2020,
OPTSTK,L&TFH,27-Aug-2020,82,PE,0,0,0,24,14.1,0,0,0,0,06-JUL-2020,
OPTSTK,L&TFH,27-Aug-2020,83,PE,0,0,0,24.8,14.9,0,0,0,0,06-JUL-2020,
OPTSTK,L&TFH,24-Sep-2020,47,CE,0,0,0,25.85,23.9,0,0,0,0,06-JUL-2020,
OPTSTK,L&TFH,24-Sep-2020,48,CE,0,0,0,25.05,23.05,0,0,0,0,06-JUL-2020,
OPTSTK,L&TFH,24-Sep-2020,49,CE,0,0,0,24.3,22.15,0,0,0,0,06-JUL-2020,
OPTSTK,L&TFH,24-Sep-2020,50,CE,0,0,0,23.5,21.3,0,0,0,0,06-JUL-2020,
OPTSTK,L&TFH,24-Sep-2020,51,CE,0,0,0,22.75,20.45,0,0,0,0,06-JUL-2020,
OPTSTK,L&TFH,24-Sep-2020,52,CE,0,0,0,22.05,19.65,0,0,0,0,06-JUL-2020,
OPTSTK,L&TFH,24-Sep-2020,53,CE,0,0,0,21.35,18.8,0,0,0,0,06-JUL-2020,
OPTSTK,L&TFH,24-Sep-2020,54,CE,0,0,0,20.6,18,0,0,0,0,06-JUL-2020,
OPTSTK,L&TFH,24-Sep-2020,55,CE,0,0,0,19.95,17.25,0,0,0,0,06-JUL-2020,
OPTSTK,L&TFH,24-Sep-2020,56,CE,0,0,0,19.25,16.5,0,0,0,0,06-JUL-2020,
OPTSTK,L&TFH,24-Sep-2020,57,CE,0,0,0,18.6,15.75,0,0,0,0,06-JUL-2020,
OPTSTK,L&TFH,24-Sep-2020,58,CE,0,0,0,18,15.05,0,0,0,0,06-JUL-2020,
OPTSTK,L&TFH,24-Sep-2020,59,CE,0,0,0,17.35,14.35,0,0,0,0,06-JUL-2020,
OPTSTK,L&TFH,24-Sep-2020,60,CE,0,0,0,16.75,13.7,0,0,0,0,06-JUL-2020,
OPTSTK,L&TFH,24-Sep-2020,61,CE,0,0,0,16.2,13.05,0,0,0,0,06-JUL-2020,
OPTSTK,L&TFH,24-Sep-2020,62,CE,0,0,0,15.6,12.4,0,0,0,0,06-JUL-2020,
OPTSTK,L&TFH,24-Sep-2020,63,CE,0,0,0,15.05,11.8,0,0,0,0,06-JUL-2020,
OPTSTK,L&TFH,24-Sep-2020,64,CE,0,0,0,14.5,11.2,0,0,0,0,06-JUL-2020,
OPTSTK,L&TFH,24-Sep-2020,65,CE,0,0,0,14,10.65,0,0,0,0,06-JUL-2020,
OPTSTK,L&TFH,24-Sep-2020,66,CE,0,0,0,13.5,10.1,0,0,0,0,06-JUL-2020,
OPTSTK,L&TFH,24-Sep-2020,67,CE,0,0,0,13,9.55,0,0,0,0,06-JUL-2020,
OPTSTK,L&TFH,24-Sep-2020,68,CE,0,0,0,12.5,9.05,0,0,0,0,06-JUL-2020,
OPTSTK,L&TFH,24-Sep-2020,69,CE,0,0,0,12.05,8.6,0,0,0,0,06-JUL-2020,
OPTSTK,L&TFH,24-Sep-2020,70,CE,0,0,0,11.6,8.1,0,0,0,0,06-JUL-2020,
OPTSTK,L&TFH,24-Sep-2020,71,CE,0,0,0,11.2,7.7,0,0,0,0,06-JUL-2020,
OPTSTK,L&TFH,24-Sep-2020,72,CE,0,0,0,10.75,7.25,0,0,0,0,06-JUL-2020,
OPTSTK,L&TFH,24-Sep-2020,73,CE,0,0,0,10.35,6.85,0,0,0,0,06-JUL-2020,
OPTSTK,L&TFH,24-Sep-2020,74,CE,0,0,0,9.95,6.45,0,0,0,0,06-JUL-2020,
OPTSTK,L&TFH,24-Sep-2020,75,CE,0,0,0,9.6,6.1,0,0,0,0,06-JUL-2020,
OPTSTK,L&TFH,24-Sep-2020,76,CE,0,0,0,9.2,5.75,0,0,0,0,06-JUL-2020,
OPTSTK,L&TFH,24-Sep-2020,77,CE,0,0,0,8.85,5.4,0,0,0,0,06-JUL-2020,
OPTSTK,L&TFH,24-Sep-2020,78,CE,0,0,0,8.55,5.1,0,0,0,0,06-JUL-2020,
OPTSTK,L&TFH,24-Sep-2020,79,CE,0,0,0,8.2,4.8,0,0,0,0,06-JUL-2020,
OPTSTK,L&TFH,24-Sep-2020,80,CE,0,0,0,7.9,4.5,0,0,0,0,06-JUL-2020,
OPTSTK,L&TFH,24-Sep-2020,81,CE,0,0,0,7.6,4.25,0,0,0,0,06-JUL-2020,
OPTSTK,L&TFH,24-Sep-2020,82,CE,0,0,0,7.3,4,0,0,0,0,06-JUL-2020,
OPTSTK,L&TFH,24-Sep-2020,83,CE,0,0,0,7,3.75,0,0,0,0,06-JUL-2020,
OPTSTK,L&TFH,24-Sep-2020,47,PE,0,0,0,1.6,0.55,0,0,0,0,06-JUL-2020,
OPTSTK,L&TFH,24-Sep-2020,48,PE,0,0,0,1.8,0.65,0,0,0,0,06-JUL-2020,
OPTSTK,L&TFH,24-Sep-2020,49,PE,0,0,0,2,0.75,0,0,0,0,06-JUL-2020,
OPTSTK,L&TFH,24-Sep-2020,50,PE,0,0,0,2.25,0.9,0,0,0,0,06-JUL-2020,
OPTSTK,L&TFH,24-Sep-2020,51,PE,0,0,0,2.5,1.05,0,0,0,0,06-JUL-2020,
OPTSTK,L&TFH,24-Sep-2020,52,PE,0,0,0,2.75,1.2,0,0,0,0,06-JUL-2020,
OPTSTK,L&TFH,24-Sep-2020,53,PE,0,0,0,3,1.4,0,0,0,0,06-JUL-2020,
OPTSTK,L&TFH,24-Sep-2020,54,PE,0,0,0,3.3,1.55,0,0,0,0,06-JUL-2020,
OPTSTK,L&TFH,24-Sep-2020,55,PE,0,0,0,3.6,1.8,0,0,0,0,06-JUL-2020,
OPTSTK,L&TFH,24-Sep-2020,56,PE,0,0,0,3.9,2.05,0,0,0,0,06-JUL-2020,
OPTSTK,L&TFH,24-Sep-2020,57,PE,0,0,0,4.25,2.3,0,0,0,0,06-JUL-2020,
OPTSTK,L&TFH,24-Sep-2020,58,PE,0,0,0,4.6,2.55,0,0,0,0,06-JUL-2020,
OPTSTK,L&TFH,24-Sep-2020,59,PE,0,0,0,5,2.85,0,0,0,0,06-JUL-2020,
OPTSTK,L&TFH,24-Sep-2020,60,PE,0,0,0,5.35,3.15,0,0,0,0,06-JUL-2020,
OPTSTK,L&TFH,24-Sep-2020,61,PE,0,0,0,5.75,3.5,0,0,0,0,06-JUL-2020,
OPTSTK,L&TFH,24-Sep-2020,62,PE,0,0,0,6.2,3.85,0,0,0,0,06-JUL-2020,
OPTSTK,L&TFH,24-Sep-2020,63,PE,0,0,0,6.6,4.25,0,0,0,0,06-JUL-2020,
OPTSTK,L&TFH,24-Sep-2020,64,PE,0,0,0,7.05,4.65,0,0,0,0,06-JUL-2020,
OPTSTK,L&TFH,24-Sep-2020,65,PE,0,0,0,7.55,5.1,0,0,0,0,06-JUL-2020,
OPTSTK,L&TFH,24-Sep-2020,66,PE,0,0,0,8,5.55,0,0,0,0,06-JUL-2020,
OPTSTK,L&TFH,24-Sep-2020,67,PE,0,0,0,8.5,6,0,0,0,0,06-JUL-2020,
OPTSTK,L&TFH,24-Sep-2020,68,PE,0,0,0,9.05,6.5,0,0,0,0,06-JUL-2020,
OPTSTK,L&TFH,24-Sep-2020,69,PE,0,0,0,9.55,7,0,0,0,0,06-JUL-2020,
OPTSTK,L&TFH,24-Sep-2020,70,PE,0,0,0,10.1,7.55,0,0,0,0,06-JUL-2020,
OPTSTK,L&TFH,24-Sep-2020,71,PE,0,0,0,10.65,8.05,0,0,0,0,06-JUL-2020,
OPTSTK,L&TFH,24-Sep-2020,72,PE,0,0,0,11.25,8.65,0,0,0,0,06-JUL-2020,
OPTSTK,L&TFH,24-Sep-2020,73,PE,0,0,0,11.8,9.25,0,0,0,0,06-JUL-2020,
OPTSTK,L&TFH,24-Sep-2020,74,PE,0,0,0,12.4,9.85,0,0,0,0,06-JUL-2020,
OPTSTK,L&TFH,24-Sep-2020,75,PE,0,0,0,13,10.45,0,0,0,0,06-JUL-2020,
OPTSTK,L&TFH,24-Sep-2020,76,PE,0,0,0,13.65,11.1,0,0,0,0,06-JUL-2020,
OPTSTK,L&TFH,24-Sep-2020,77,PE,0,0,0,14.3,11.75,0,0,0,0,06-JUL-2020,
OPTSTK,L&TFH,24-Sep-2020,78,PE,0,0,0,14.95,12.45,0,0,0,0,06-JUL-2020,
OPTSTK,L&TFH,24-Sep-2020,79,PE,0,0,0,15.6,13.15,0,0,0,0,06-JUL-2020,
OPTSTK,L&TFH,24-Sep-2020,80,PE,0,0,0,16.25,13.85,0,0,0,0,06-JUL-2020,
OPTSTK,L&TFH,24-Sep-2020,81,PE,0,0,0,16.95,14.55,0,0,0,0,06-JUL-2020,
OPTSTK,L&TFH,24-Sep-2020,82,PE,0,0,0,17.65,15.3,0,0,0,0,06-JUL-2020,
OPTSTK,L&TFH,24-Sep-2020,83,PE,0,0,0,18.35,16.05,0,0,0,0,06-JUL-2020,
OPTSTK,LICHSGFIN,30-Jul-2020,160,CE,0,0,0,134.05,117.1,0,0,0,0,06-JUL-2020,
OPTSTK,LICHSGFIN,30-Jul-2020,170,CE,0,0,0,126.55,107.15,0,0,0,0,06-JUL-2020,
OPTSTK,LICHSGFIN,30-Jul-2020,180,CE,0,0,0,119.35,97.15,0,0,0,0,06-JUL-2020,
OPTSTK,LICHSGFIN,30-Jul-2020,190,CE,0,0,0,112.45,87.2,0,0,0,0,06-JUL-2020,
OPTSTK,LICHSGFIN,30-Jul-2020,200,CE,0,0,0,76,77.35,0,0,2000,0,06-JUL-2020,
OPTSTK,LICHSGFIN,30-Jul-2020,210,CE,0,0,0,99.75,67.55,0,0,0,0,06-JUL-2020,
OPTSTK,LICHSGFIN,30-Jul-2020,220,CE,0,0,0,64,58.05,0,0,14000,0,06-JUL-2020,
OPTSTK,LICHSGFIN,30-Jul-2020,230,CE,48.75,48.75,47.75,47.75,47.75,2,11.13,14000,4000,06-JUL-2020,
OPTSTK,LICHSGFIN,30-Jul-2020,240,CE,0,0,0,38.75,40.25,0,0,2000,0,06-JUL-2020,
OPTSTK,LICHSGFIN,30-Jul-2020,250,CE,32.45,32.75,32.45,32.5,32.4,4,22.6,26000,0,06-JUL-2020,
OPTSTK,LICHSGFIN,30-Jul-2020,260,CE,25.8,25.8,24,24,24,12,68.41,66000,4000,06-JUL-2020,
OPTSTK,LICHSGFIN,30-Jul-2020,270,CE,19.7,20.65,18.5,18.75,18.75,139,804.8,266000,-10000,06-JUL-2020,
OPTSTK,LICHSGFIN,30-Jul-2020,280,CE,15.4,15.6,13.9,14.2,14.2,715,4218.01,528000,16000,06-JUL-2020,
OPTSTK,LICHSGFIN,30-Jul-2020,290,CE,10.65,11.65,10.2,10.45,10.45,395,2377.92,568000,22000,06-JUL-2020,
OPTSTK,LICHSGFIN,30-Jul-2020,300,CE,8.15,8.4,7.35,7.55,7.55,937,5771.22,1358000,-46000,06-JUL-2020,
OPTSTK,LICHSGFIN,30-Jul-2020,310,CE,5.6,6,5.3,5.4,5.4,155,978.61,236000,10000,06-JUL-2020,
OPTSTK,LICHSGFIN,30-Jul-2020,320,CE,4,4.25,3.8,3.85,3.85,138,894.47,432000,14000,06-JUL-2020,
OPTSTK,LICHSGFIN,30-Jul-2020,330,CE,3.05,3.05,2.65,2.7,2.7,18,119.79,180000,8000,06-JUL-2020,
OPTSTK,LICHSGFIN,30-Jul-2020,340,CE,2.05,2.05,1.9,1.9,1.5,8,54.71,76000,8000,06-JUL-2020,
OPTSTK,LICHSGFIN,30-Jul-2020,350,CE,1.4,1.5,1.25,1.4,1.4,25,175.67,276000,0,06-JUL-2020,
OPTSTK,LICHSGFIN,30-Jul-2020,160,PE,0,0,0,8.75,0.05,0,0,0,0,06-JUL-2020,
OPTSTK,LICHSGFIN,30-Jul-2020,170,PE,0,0,0,11.1,0.05,0,0,0,0,06-JUL-2020,
OPTSTK,LICHSGFIN,30-Jul-2020,180,PE,0,0,0,13.8,0.05,0,0,0,0,06-JUL-2020,
OPTSTK,LICHSGFIN,30-Jul-2020,190,PE,0,0,0,4.5,0.05,0,0,0,0,06-JUL-2020,
OPTSTK,LICHSGFIN,30-Jul-2020,200,PE,0.4,0.5,0.4,0.45,0.45,15,60.13,128000,-6000,06-JUL-2020,
OPTSTK,LICHSGFIN,30-Jul-2020,210,PE,0,0,0,1.15,0.35,0,0,50000,0,06-JUL-2020,
OPTSTK,LICHSGFIN,30-Jul-2020,220,PE,1.25,1.25,1,1.25,0.75,17,75.18,158000,-4000,06-JUL-2020,
OPTSTK,LICHSGFIN,30-Jul-2020,230,PE,2.6,2.6,1.8,2.1,2.1,106,492.23,206000,62000,06-JUL-2020,
OPTSTK,LICHSGFIN,30-Jul-2020,240,PE,3.8,3.95,3.05,3.4,3.4,59,287.32,276000,-16000,06-JUL-2020,
OPTSTK,LICHSGFIN,30-Jul-2020,250,PE,6.5,6.6,4.9,5.6,5.6,192,981.7,372000,-26000,06-JUL-2020,
OPTSTK,LICHSGFIN,30-Jul-2020,260,PE,11.5,11.5,7.65,8.75,8.75,392,2106.25,288000,-24000,06-JUL-2020,
OPTSTK,LICHSGFIN,30-Jul-2020,270,PE,12.7,13.45,11.5,12.8,12.8,363,2051.2,310000,6000,06-JUL-2020,
OPTSTK,LICHSGFIN,30-Jul-2020,280,PE,19.55,19.6,16.35,18,18,115,684.95,196000,-4000,06-JUL-2020,
OPTSTK,LICHSGFIN,30-Jul-2020,290,PE,24.25,24.35,22.55,23.25,23.1,21,131.78,44000,-16000,06-JUL-2020,
OPTSTK,LICHSGFIN,30-Jul-2020,300,PE,31,31,30,30,30,5,33.05,28000,6000,06-JUL-2020,
OPTSTK,LICHSGFIN,30-Jul-2020,310,PE,0,0,0,76.7,37.7,0,0,0,0,06-JUL-2020,
OPTSTK,LICHSGFIN,30-Jul-2020,320,PE,46.85,46.85,46.85,46.85,45.95,1,7.33,2000,-2000,06-JUL-2020,
OPTSTK,LICHSGFIN,30-Jul-2020,330,PE,0,0,0,58,54.75,0,0,4000,0,06-JUL-2020,
OPTSTK,LICHSGFIN,30-Jul-2020,340,PE,0,0,0,97.15,63.9,0,0,0,0,06-JUL-2020,
OPTSTK,LICHSGFIN,30-Jul-2020,350,PE,0,0,0,75.6,73.35,0,0,12000,0,06-JUL-2020,
OPTSTK,LICHSGFIN,27-Aug-2020,160,CE,0,0,0,97.7,117.65,0,0,0,0,06-JUL-2020,
OPTSTK,LICHSGFIN,27-Aug-2020,170,CE,0,0,0,90.75,107.8,0,0,0,0,06-JUL-2020,
OPTSTK,LICHSGFIN,27-Aug-2020,180,CE,0,0,0,84.25,98.05,0,0,0,0,06-JUL-2020,
OPTSTK,LICHSGFIN,27-Aug-2020,190,CE,0,0,0,78.1,88.45,0,0,0,0,06-JUL-2020,
OPTSTK,LICHSGFIN,27-Aug-2020,200,CE,0,0,0,72.35,79.05,0,0,0,0,06-JUL-2020,
OPTSTK,LICHSGFIN,27-Aug-2020,210,CE,0,0,0,67,70,0,0,0,0,06-JUL-2020,
OPTSTK,LICHSGFIN,27-Aug-2020,220,CE,0,0,0,62,61.35,0,0,0,0,06-JUL-2020,
OPTSTK,LICHSGFIN,27-Aug-2020,230,CE,0,0,0,57.35,53.25,0,0,0,0,06-JUL-2020,
OPTSTK,LICHSGFIN,27-Aug-2020,240,CE,0,0,0,53,45.7,0,0,0,0,06-JUL-2020,
OPTSTK,LICHSGFIN,27-Aug-2020,250,CE,0,0,0,49,38.8,0,0,0,0,06-JUL-2020,
OPTSTK,LICHSGFIN,27-Aug-2020,260,CE,0,0,0,27.6,32.6,0,0,2000,0,06-JUL-2020,
OPTSTK,LICHSGFIN,27-Aug-2020,270,CE,0,0,0,41.85,27.15,0,0,0,0,06-JUL-2020,
OPTSTK,LICHSGFIN,27-Aug-2020,280,CE,0,0,0,38.65,22.35,0,0,0,0,06-JUL-2020,
OPTSTK,LICHSGFIN,27-Aug-2020,290,CE,0,0,0,22.05,18.25,0,0,2000,0,06-JUL-2020,
OPTSTK,LICHSGFIN,27-Aug-2020,300,CE,11.55,11.55,11.55,11.55,14.75,1,6.23,4000,2000,06-JUL-2020,
OPTSTK,LICHSGFIN,27-Aug-2020,310,CE,0,0,0,11.45,11.85,0,0,2000,0,06-JUL-2020,
OPTSTK,LICHSGFIN,27-Aug-2020,320,CE,0,0,0,9.1,9.4,0,0,4000,0,06-JUL-2020,
OPTSTK,LICHSGFIN,27-Aug-2020,330,CE,0,0,0,26.05,7.4,0,0,0,0,06-JUL-2020,
OPTSTK,LICHSGFIN,27-Aug-2020,340,CE,0,0,0,24.05,5.8,0,0,0,0,06-JUL-2020,
OPTSTK,LICHSGFIN,27-Aug-2020,160,PE,0,0,0,11.1,0.05,0,0,0,0,06-JUL-2020,
OPTSTK,LICHSGFIN,27-Aug-2020,170,PE,0,0,0,14.05,0.15,0,0,0,0,06-JUL-2020,
OPTSTK,LICHSGFIN,27-Aug-2020,180,PE,0,0,0,17.4,0.3,0,0,0,0,06-JUL-2020,
OPTSTK,LICHSGFIN,27-Aug-2020,190,PE,0,0,0,2.05,0.65,0,0,2000,0,06-JUL-2020,
OPTSTK,LICHSGFIN,27-Aug-2020,200,PE,0,0,0,25.3,1.2,0,0,0,0,06-JUL-2020,
OPTSTK,LICHSGFIN,27-Aug-2020,210,PE,0,0,0,29.8,2.1,0,0,0,0,06-JUL-2020,
OPTSTK,LICHSGFIN,27-Aug-2020,220,PE,0,0,0,34.65,3.4,0,0,0,0,06-JUL-2020,
OPTSTK,LICHSGFIN,27-Aug-2020,230,PE,0,0,0,7.5,5.2,0,0,4000,0,06-JUL-2020,
OPTSTK,LICHSGFIN,27-Aug-2020,240,PE,0,0,0,10,7.6,0,0,4000,0,06-JUL-2020,
OPTSTK,LICHSGFIN,27-Aug-2020,250,PE,0,0,0,12.05,10.65,0,0,4000,0,06-JUL-2020,
OPTSTK,LICHSGFIN,27-Aug-2020,260,PE,0,0,0,15.35,14.4,0,0,4000,0,06-JUL-2020,
OPTSTK,LICHSGFIN,27-Aug-2020,270,PE,0,0,0,21.9,18.85,0,0,8000,0,06-JUL-2020,
OPTSTK,LICHSGFIN,27-Aug-2020,280,PE,0,0,0,70.6,24,0,0,0,0,06-JUL-2020,
OPTSTK,LICHSGFIN,27-Aug-2020,290,PE,0,0,0,77.55,29.85,0,0,0,0,06-JUL-2020,
OPTSTK,LICHSGFIN,27-Aug-2020,300,PE,0,0,0,84.7,36.3,0,0,0,0,06-JUL-2020,
OPTSTK,LICHSGFIN,27-Aug-2020,310,PE,0,0,0,92.1,43.3,0,0,0,0,06-JUL-2020,
OPTSTK,LICHSGFIN,27-Aug-2020,320,PE,0,0,0,99.65,50.8,0,0,0,0,06-JUL-2020,
OPTSTK,LICHSGFIN,27-Aug-2020,330,PE,0,0,0,63.35,58.8,0,0,2000,0,06-JUL-2020,
OPTSTK,LICHSGFIN,27-Aug-2020,340,PE,0,0,0,115.3,67.1,0,0,0,0,06-JUL-2020,
OPTSTK,LICHSGFIN,24-Sep-2020,160,CE,0,0,0,111.8,118.45,0,0,0,0,06-JUL-2020,
OPTSTK,LICHSGFIN,24-Sep-2020,170,CE,0,0,0,102.8,108.85,0,0,0,0,06-JUL-2020,
OPTSTK,LICHSGFIN,24-Sep-2020,180,CE,0,0,0,94.1,99.4,0,0,0,0,06-JUL-2020,
OPTSTK,LICHSGFIN,24-Sep-2020,190,CE,0,0,0,85.75,90.2,0,0,0,0,06-JUL-2020,
OPTSTK,LICHSGFIN,24-Sep-2020,200,CE,0,0,0,77.85,81.35,0,0,0,0,06-JUL-2020,
OPTSTK,LICHSGFIN,24-Sep-2020,210,CE,0,0,0,70.35,72.9,0,0,0,0,06-JUL-2020,
OPTSTK,LICHSGFIN,24-Sep-2020,220,CE,0,0,0,63.35,64.9,0,0,0,0,06-JUL-2020,
OPTSTK,LICHSGFIN,24-Sep-2020,230,CE,0,0,0,56.85,57.4,0,0,0,0,06-JUL-2020,
OPTSTK,LICHSGFIN,24-Sep-2020,240,CE,0,0,0,50.8,50.4,0,0,0,0,06-JUL-2020,
OPTSTK,LICHSGFIN,24-Sep-2020,250,CE,0,0,0,45.3,44,0,0,0,0,06-JUL-2020,
OPTSTK,LICHSGFIN,24-Sep-2020,260,CE,0,0,0,40.25,38.2,0,0,0,0,06-JUL-2020,
OPTSTK,LICHSGFIN,24-Sep-2020,270,CE,0,0,0,35.65,33,0,0,0,0,06-JUL-2020,
OPTSTK,LICHSGFIN,24-Sep-2020,280,CE,0,0,0,31.5,28.3,0,0,0,0,06-JUL-2020,
OPTSTK,LICHSGFIN,24-Sep-2020,290,CE,0,0,0,27.75,24.15,0,0,0,0,06-JUL-2020,
OPTSTK,LICHSGFIN,24-Sep-2020,300,CE,0,0,0,24.4,20.55,0,0,0,0,06-JUL-2020,
OPTSTK,LICHSGFIN,24-Sep-2020,310,CE,0,0,0,21.4,17.35,0,0,0,0,06-JUL-2020,
OPTSTK,LICHSGFIN,24-Sep-2020,320,CE,0,0,0,18.8,14.65,0,0,0,0,06-JUL-2020,
OPTSTK,LICHSGFIN,24-Sep-2020,330,CE,0,0,0,16.45,12.25,0,0,0,0,06-JUL-2020,
OPTSTK,LICHSGFIN,24-Sep-2020,340,CE,0,0,0,14.35,10.25,0,0,0,0,06-JUL-2020,
OPTSTK,LICHSGFIN,24-Sep-2020,160,PE,0,0,0,1.55,0.3,0,0,0,0,06-JUL-2020,
OPTSTK,LICHSGFIN,24-Sep-2020,170,PE,0,0,0,2.4,0.6,0,0,0,0,06-JUL-2020,
OPTSTK,LICHSGFIN,24-Sep-2020,180,PE,0,0,0,3.6,1.1,0,0,0,0,06-JUL-2020,
OPTSTK,LICHSGFIN,24-Sep-2020,190,PE,0,0,0,5.15,1.8,0,0,0,0,06-JUL-2020,
OPTSTK,LICHSGFIN,24-Sep-2020,200,PE,0,0,0,7.1,2.85,0,0,0,0,06-JUL-2020,
OPTSTK,LICHSGFIN,24-Sep-2020,210,PE,0,0,0,9.55,4.3,0,0,0,0,06-JUL-2020,
OPTSTK,LICHSGFIN,24-Sep-2020,220,PE,0,0,0,12.4,6.2,0,0,0,0,06-JUL-2020,
OPTSTK,LICHSGFIN,24-Sep-2020,230,PE,0,0,0,15.8,8.6,0,0,0,0,06-JUL-2020,
OPTSTK,LICHSGFIN,24-Sep-2020,240,PE,0,0,0,19.65,11.55,0,0,0,0,06-JUL-2020,
OPTSTK,LICHSGFIN,24-Sep-2020,250,PE,0,0,0,24,15.05,0,0,0,0,06-JUL-2020,
OPTSTK,LICHSGFIN,24-Sep-2020,260,PE,0,0,0,28.8,19.15,0,0,0,0,06-JUL-2020,
OPTSTK,LICHSGFIN,24-Sep-2020,270,PE,0,0,0,34.1,23.8,0,0,0,0,06-JUL-2020,
OPTSTK,LICHSGFIN,24-Sep-2020,280,PE,0,0,0,39.85,29.05,0,0,0,0,06-JUL-2020,
OPTSTK,LICHSGFIN,24-Sep-2020,290,PE,0,0,0,46,34.85,0,0,0,0,06-JUL-2020,
OPTSTK,LICHSGFIN,24-Sep-2020,300,PE,0,0,0,52.55,41.1,0,0,0,0,06-JUL-2020,
OPTSTK,LICHSGFIN,24-Sep-2020,310,PE,0,0,0,59.45,47.85,0,0,0,0,06-JUL-2020,
OPTSTK,LICHSGFIN,24-Sep-2020,320,PE,0,0,0,66.65,55,0,0,0,0,06-JUL-2020,
OPTSTK,LICHSGFIN,24-Sep-2020,330,PE,0,0,0,74.2,62.55,0,0,0,0,06-JUL-2020,
OPTSTK,LICHSGFIN,24-Sep-2020,340,PE,0,0,0,82,70.45,0,0,0,0,06-JUL-2020,
OPTSTK,LT,30-Jul-2020,500,CE,0,0,0,408.65,452.6,0,0,0,0,06-JUL-2020,
OPTSTK,LT,30-Jul-2020,520,CE,0,0,0,390.45,432.65,0,0,0,0,06-JUL-2020,
OPTSTK,LT,30-Jul-2020,540,CE,0,0,0,372.55,412.7,0,0,0,0,06-JUL-2020,
OPTSTK,LT,30-Jul-2020,560,CE,0,0,0,355,392.75,0,0,0,0,06-JUL-2020,
OPTSTK,LT,30-Jul-2020,580,CE,0,0,0,337.85,372.8,0,0,0,0,06-JUL-2020,
OPTSTK,LT,30-Jul-2020,600,CE,0,0,0,370,352.85,0,0,2200,0,06-JUL-2020,
OPTSTK,LT,30-Jul-2020,620,CE,0,0,0,304.9,332.95,0,0,0,0,06-JUL-2020,
OPTSTK,LT,30-Jul-2020,640,CE,0,0,0,289.1,313,0,0,0,0,06-JUL-2020,
OPTSTK,LT,30-Jul-2020,660,CE,0,0,0,273.8,293.05,0,0,0,0,06-JUL-2020,
OPTSTK,LT,30-Jul-2020,670,CE,0,0,0,252.7,283.05,0,0,0,0,06-JUL-2020,
OPTSTK,LT,30-Jul-2020,680,CE,0,0,0,259.05,273.1,0,0,0,0,06-JUL-2020,
OPTSTK,LT,30-Jul-2020,690,CE,0,0,0,236,263.15,0,0,0,0,06-JUL-2020,
OPTSTK,LT,30-Jul-2020,700,CE,0,0,0,236,253.2,0,0,3300,0,06-JUL-2020,
OPTSTK,LT,30-Jul-2020,710,CE,0,0,0,244.3,243.2,0,0,2200,0,06-JUL-2020,
OPTSTK,LT,30-Jul-2020,720,CE,0,0,0,231.1,233.25,0,0,0,0,06-JUL-2020,
OPTSTK,LT,30-Jul-2020,730,CE,0,0,0,204.35,223.35,0,0,0,0,06-JUL-2020,
OPTSTK,LT,30-Jul-2020,740,CE,0,0,0,203.3,213.4,0,0,1100,0,06-JUL-2020,
OPTSTK,LT,30-Jul-2020,750,CE,0,0,0,189.5,203.5,0,0,0,0,06-JUL-2020,
OPTSTK,LT,30-Jul-2020,760,CE,190,190,190,190,193.65,1,5.22,1100,-550,06-JUL-2020,
OPTSTK,LT,30-Jul-2020,770,CE,0,0,0,151.55,183.85,0,0,1100,0,06-JUL-2020,
OPTSTK,LT,30-Jul-2020,780,CE,0,0,0,166.4,174.1,0,0,11000,0,06-JUL-2020,
OPTSTK,LT,30-Jul-2020,790,CE,0,0,0,142.3,164.4,0,0,2200,0,06-JUL-2020,
OPTSTK,LT,30-Jul-2020,800,CE,0,0,0,142,154.8,0,0,52800,0,06-JUL-2020,
OPTSTK,LT,30-Jul-2020,810,CE,0,0,0,125.8,145.3,0,0,1100,0,06-JUL-2020,
OPTSTK,LT,30-Jul-2020,820,CE,0,0,0,157.45,136,0,0,6050,0,06-JUL-2020,
OPTSTK,LT,30-Jul-2020,830,CE,0,0,0,136.7,126.8,0,0,0,0,06-JUL-2020,
OPTSTK,LT,30-Jul-2020,840,CE,0,0,0,115.05,117.85,0,0,3850,0,06-JUL-2020,
OPTSTK,LT,30-Jul-2020,850,CE,0,0,0,105.8,109.1,0,0,30250,0,06-JUL-2020,
OPTSTK,LT,30-Jul-2020,860,CE,0,0,0,77.45,100.6,0,0,1650,0,06-JUL-2020,
OPTSTK,LT,30-Jul-2020,870,CE,0,0,0,92,92.4,0,0,3850,0,06-JUL-2020,
OPTSTK,LT,30-Jul-2020,880,CE,83.25,88.6,83,83.75,83.75,7,37.12,21450,2200,06-JUL-2020,
OPTSTK,LT,30-Jul-2020,890,CE,0,0,0,66.55,76.9,0,0,24750,0,06-JUL-2020,
OPTSTK,LT,30-Jul-2020,900,CE,73.35,75,67.3,68.9,68.9,62,330.9,108350,18150,06-JUL-2020,
OPTSTK,LT,30-Jul-2020,910,CE,0,0,0,58.85,62.9,0,0,29700,0,06-JUL-2020,
OPTSTK,LT,30-Jul-2020,920,CE,57,60.55,53,55,55,36,193.32,61050,-4950,06-JUL-2020,
OPTSTK,LT,30-Jul-2020,930,CE,52,54.8,48.9,48.9,48.9,37,199.86,55000,-10450,06-JUL-2020,
OPTSTK,LT,30-Jul-2020,940,CE,45,49.15,42,43.7,43.7,377,2042.48,145750,-9350,06-JUL-2020,
OPTSTK,LT,30-Jul-2020,950,CE,39.6,43,36.75,38.55,38.55,931,5068.55,311300,-26400,06-JUL-2020,
OPTSTK,LT,30-Jul-2020,960,CE,35.3,38.2,32.1,33.75,33.75,1245,6814.3,265650,14300,06-JUL-2020,
OPTSTK,LT,30-Jul-2020,970,CE,31.2,33.1,28.15,29.4,29.4,317,1744.8,116050,-7150,06-JUL-2020,
OPTSTK,LT,30-Jul-2020,980,CE,27.35,28.8,24.35,25.35,25.35,975,5397.69,287100,7700,06-JUL-2020,
OPTSTK,LT,30-Jul-2020,990,CE,22.9,25,21.05,21.9,21.9,183,1019.39,107800,4400,06-JUL-2020,
OPTSTK,LT,30-Jul-2020,1000,CE,20.35,21.6,18,19.05,19.05,1627,9125.43,715550,22550,06-JUL-2020,
OPTSTK,LT,30-Jul-2020,1010,CE,16.5,18.2,15.25,16.15,16.15,40,225.93,90750,1650,06-JUL-2020,
OPTSTK,LT,30-Jul-2020,1020,CE,15.4,15.8,13.5,13.9,13.9,232,1320.27,96250,2750,06-JUL-2020,
OPTSTK,LT,30-Jul-2020,1030,CE,12.05,13.2,11.4,12.3,12.3,8,45.86,22000,-1650,06-JUL-2020,
OPTSTK,LT,30-Jul-2020,1040,CE,10.5,12.05,9.6,9.9,9.9,40,231.14,63250,1100,06-JUL-2020,
OPTSTK,LT,30-Jul-2020,1050,CE,9.2,10.1,8.25,8.65,8.65,396,2306.76,309650,-13200,06-JUL-2020,
OPTSTK,LT,30-Jul-2020,1060,CE,8.5,8.5,7.1,7.1,7.1,20,117.44,19250,-1650,06-JUL-2020,
OPTSTK,LT,30-Jul-2020,1070,CE,0,0,0,8.8,6.25,0,0,4950,0,06-JUL-2020,
OPTSTK,LT,30-Jul-2020,1080,CE,6.95,6.95,6,6.8,6.8,3,17.92,17050,0,06-JUL-2020,
OPTSTK,LT,30-Jul-2020,1090,CE,0,0,0,37.95,4.3,0,0,0,0,06-JUL-2020,
OPTSTK,LT,30-Jul-2020,1100,CE,4.1,5,4,4.15,4.15,371,2253.67,475750,-12650,06-JUL-2020,
OPTSTK,LT,30-Jul-2020,1110,CE,3.75,4,3.75,4,2.9,2,12.25,3850,0,06-JUL-2020,
OPTSTK,LT,30-Jul-2020,1120,CE,4.3,4.3,3.4,3.4,2.35,2,12.36,26950,0,06-JUL-2020,
OPTSTK,LT,30-Jul-2020,1130,CE,0,0,0,7.35,1.9,0,0,1100,0,06-JUL-2020,
OPTSTK,LT,30-Jul-2020,1140,CE,2.1,2.1,2.1,2.1,2.1,1,6.28,22000,550,06-JUL-2020,
OPTSTK,LT,30-Jul-2020,1160,CE,2.75,2.75,2.75,2.75,1,1,6.39,3300,550,06-JUL-2020,
OPTSTK,LT,30-Jul-2020,1180,CE,0,0,0,49.95,0.65,0,0,0,0,06-JUL-2020,
OPTSTK,LT,30-Jul-2020,1200,CE,1.6,1.6,1.25,1.35,1.35,19,125.55,206800,550,06-JUL-2020,
OPTSTK,LT,30-Jul-2020,1220,CE,1.05,1.9,1.05,1.9,0.25,2,13.43,8250,0,06-JUL-2020,
OPTSTK,LT,30-Jul-2020,1240,CE,1.25,1.25,1,1.05,1.05,9,61.43,53350,1100,06-JUL-2020,
OPTSTK,LT,30-Jul-2020,500,PE,0,0,0,4.8,0.05,0,0,0,0,06-JUL-2020,
OPTSTK,LT,30-Jul-2020,520,PE,0,0,0,6.3,0.05,0,0,0,0,06-JUL-2020,
OPTSTK,LT,30-Jul-2020,540,PE,0,0,0,8.15,0.05,0,0,0,0,06-JUL-2020,
OPTSTK,LT,30-Jul-2020,560,PE,0,0,0,10.35,0.05,0,0,0,0,06-JUL-2020,
OPTSTK,LT,30-Jul-2020,580,PE,0,0,0,12.95,0.05,0,0,0,0,06-JUL-2020,
OPTSTK,LT,30-Jul-2020,600,PE,0,0,0,16,0.05,0,0,0,0,06-JUL-2020,
OPTSTK,LT,30-Jul-2020,620,PE,0,0,0,19.5,0.05,0,0,0,0,06-JUL-2020,
OPTSTK,LT,30-Jul-2020,640,PE,0,0,0,23.45,0.05,0,0,0,0,06-JUL-2020,
OPTSTK,LT,30-Jul-2020,660,PE,0,0,0,27.9,0.05,0,0,0,0,06-JUL-2020,
OPTSTK,LT,30-Jul-2020,670,PE,0,0,0,11.55,0.05,0,0,0,0,06-JUL-2020,
OPTSTK,LT,30-Jul-2020,680,PE,0,0,0,32.9,0.05,0,0,0,0,06-JUL-2020,
OPTSTK,LT,30-Jul-2020,690,PE,0,0,0,14.7,0.05,0,0,0,0,06-JUL-2020,
OPTSTK,LT,30-Jul-2020,700,PE,0.4,0.4,0.4,0.4,0.4,1,3.85,3850,550,06-JUL-2020,
OPTSTK,LT,30-Jul-2020,710,PE,0,0,0,18.4,0.05,0,0,0,0,06-JUL-2020,
OPTSTK,LT,30-Jul-2020,720,PE,0.45,0.45,0.45,0.45,0.45,1,3.96,4950,0,06-JUL-2020,
OPTSTK,LT,30-Jul-2020,730,PE,0,0,0,22.7,0.1,0,0,0,0,06-JUL-2020,
OPTSTK,LT,30-Jul-2020,740,PE,0,0,0,51,0.15,0,0,0,0,06-JUL-2020,
OPTSTK,LT,30-Jul-2020,750,PE,0,0,0,27.65,0.2,0,0,0,0,06-JUL-2020,
OPTSTK,LT,30-Jul-2020,760,PE,1.55,1.55,1.55,1.55,1.55,2,8.37,60500,-550,06-JUL-2020,
OPTSTK,LT,30-Jul-2020,770,PE,0,0,0,33.25,0.5,0,0,0,0,06-JUL-2020,
OPTSTK,LT,30-Jul-2020,780,PE,0,0,0,65.75,0.7,0,0,0,0,06-JUL-2020,
OPTSTK,LT,30-Jul-2020,790,PE,0,0,0,7,1,0,0,4950,0,06-JUL-2020,
OPTSTK,LT,30-Jul-2020,800,PE,3.1,3.75,2.55,2.9,2.9,114,503.52,276100,-11000,06-JUL-2020,
OPTSTK,LT,30-Jul-2020,810,PE,0,0,0,46.5,1.85,0,0,0,0,06-JUL-2020,
OPTSTK,LT,30-Jul-2020,820,PE,7.05,7.05,4,4,2.5,15,68.03,14850,550,06-JUL-2020,
OPTSTK,LT,30-Jul-2020,830,PE,6.1,6.1,4.5,4.5,4.5,7,32.15,5500,-1650,06-JUL-2020,
OPTSTK,LT,30-Jul-2020,840,PE,6,7.05,5.2,5.35,5.35,53,246.72,87450,-7150,06-JUL-2020,
OPTSTK,LT,30-Jul-2020,850,PE,6.5,8.75,6,6.45,6.45,189,890.95,209550,8250,06-JUL-2020,
OPTSTK,LT,30-Jul-2020,860,PE,8.5,9.9,7.25,7.7,7.7,68,324.75,59950,2200,06-JUL-2020,
OPTSTK,LT,30-Jul-2020,870,PE,9.5,12,9,9.95,9.95,19,92.03,43450,-1100,06-JUL-2020,
OPTSTK,LT,30-Jul-2020,880,PE,12.25,14.15,10.25,11.15,11.15,149,731.07,140250,-1100,06-JUL-2020,
OPTSTK,LT,30-Jul-2020,890,PE,14.5,15.6,13.35,13.35,13.35,15,74.58,17600,-550,06-JUL-2020,
OPTSTK,LT,30-Jul-2020,900,PE,18.5,19.75,14.9,15.9,15.9,780,3933.2,229350,33550,06-JUL-2020,
OPTSTK,LT,30-Jul-2020,910,PE,19.2,22.8,17.65,19.15,19.15,72,368.04,28050,-12100,06-JUL-2020,
OPTSTK,LT,30-Jul-2020,920,PE,27.1,27.1,20.5,22.5,22.5,246,1276.68,124300,-3850,06-JUL-2020,
OPTSTK,LT,30-Jul-2020,930,PE,26.7,30.55,23.95,26.1,26.1,129,678.84,49500,-7700,06-JUL-2020,
OPTSTK,LT,30-Jul-2020,940,PE,33.65,35.25,27.95,30.5,30.5,435,2323.9,103950,7150,06-JUL-2020,
OPTSTK,LT,30-Jul-2020,950,PE,37.05,40.4,32,35.1,35.1,257,1393.55,78650,-1100,06-JUL-2020,
OPTSTK,LT,30-Jul-2020,960,PE,41,45.8,38,40.4,40.4,49,269.69,34650,1650,06-JUL-2020,
OPTSTK,LT,30-Jul-2020,970,PE,45.25,46.9,45.25,46.75,46.75,3,16.76,6600,-550,06-JUL-2020,
OPTSTK,LT,30-Jul-2020,980,PE,55.55,55.55,50.4,50.65,52.85,28,158.87,14300,0,06-JUL-2020,
OPTSTK,LT,30-Jul-2020,990,PE,0,0,0,140.45,59.25,0,0,0,0,06-JUL-2020,
OPTSTK,LT,30-Jul-2020,1000,PE,68.85,71.5,61.95,63.3,66.05,35,204.87,39050,550,06-JUL-2020,
OPTSTK,LT,30-Jul-2020,1010,PE,0,0,0,82.4,73.2,0,0,2200,0,06-JUL-2020,
OPTSTK,LT,30-Jul-2020,1020,PE,84.1,84.95,84.1,84.95,80.7,2,12.14,2200,0,06-JUL-2020,
OPTSTK,LT,30-Jul-2020,1030,PE,0,0,0,92,88.45,0,0,550,0,06-JUL-2020,
OPTSTK,LT,30-Jul-2020,1040,PE,0,0,0,93,96.5,0,0,550,0,06-JUL-2020,
OPTSTK,LT,30-Jul-2020,1050,PE,0,0,0,114.65,104.8,0,0,1100,0,06-JUL-2020,
OPTSTK,LT,30-Jul-2020,1060,PE,0,0,0,225.5,113.3,0,0,0,0,06-JUL-2020,
OPTSTK,LT,30-Jul-2020,1070,PE,0,0,0,176,122.05,0,0,1650,0,06-JUL-2020,
OPTSTK,LT,30-Jul-2020,1080,PE,0,0,0,240.05,130.95,0,0,0,0,06-JUL-2020,
OPTSTK,LT,30-Jul-2020,1090,PE,0,0,0,213.3,140.05,0,0,0,0,06-JUL-2020,
OPTSTK,LT,30-Jul-2020,1100,PE,148,150,145,150,149.25,3,20.58,15950,-550,06-JUL-2020,
OPTSTK,LT,30-Jul-2020,1110,PE,0,0,0,229.2,158.6,0,0,0,0,06-JUL-2020,
OPTSTK,LT,30-Jul-2020,1120,PE,0,0,0,270.2,168,0,0,0,0,06-JUL-2020,
OPTSTK,LT,30-Jul-2020,1130,PE,0,0,0,245.4,177.55,0,0,0,0,06-JUL-2020,
OPTSTK,LT,30-Jul-2020,1140,PE,0,0,0,189,187.15,0,0,3850,0,06-JUL-2020,
OPTSTK,LT,30-Jul-2020,1160,PE,0,0,0,301.45,206.55,0,0,0,0,06-JUL-2020,
OPTSTK,LT,30-Jul-2020,1180,PE,0,0,0,241,226.15,0,0,1100,0,06-JUL-2020,
OPTSTK,LT,30-Jul-2020,1200,PE,245,245,245,245,245.85,1,7.94,4950,550,06-JUL-2020,
OPTSTK,LT,30-Jul-2020,1220,PE,0,0,0,350.2,265.65,0,0,0,0,06-JUL-2020,
OPTSTK,LT,30-Jul-2020,1240,PE,0,0,0,285,285.5,0,0,10450,0,06-JUL-2020,
OPTSTK,LT,27-Aug-2020,670,CE,0,0,0,263.65,285.55,0,0,0,0,06-JUL-2020,
OPTSTK,LT,27-Aug-2020,680,CE,0,0,0,255.8,275.7,0,0,0,0,06-JUL-2020,
OPTSTK,LT,27-Aug-2020,690,CE,0,0,0,248.1,265.9,0,0,0,0,06-JUL-2020,
OPTSTK,LT,27-Aug-2020,700,CE,0,0,0,240.5,256.15,0,0,0,0,06-JUL-2020,
OPTSTK,LT,27-Aug-2020,710,CE,0,0,0,233.1,246.45,0,0,0,0,06-JUL-2020,
OPTSTK,LT,27-Aug-2020,720,CE,0,0,0,225.8,236.75,0,0,0,0,06-JUL-2020,
OPTSTK,LT,27-Aug-2020,730,CE,0,0,0,218.65,227.15,0,0,0,0,06-JUL-2020,
OPTSTK,LT,27-Aug-2020,740,CE,0,0,0,211.65,217.65,0,0,0,0,06-JUL-2020,
OPTSTK,LT,27-Aug-2020,750,CE,0,0,0,204.8,208.25,0,0,0,0,06-JUL-2020,
OPTSTK,LT,27-Aug-2020,760,CE,0,0,0,198.1,198.9,0,0,0,0,06-JUL-2020,
OPTSTK,LT,27-Aug-2020,770,CE,0,0,0,191.55,189.7,0,0,0,0,06-JUL-2020,
OPTSTK,LT,27-Aug-2020,780,CE,0,0,0,185.1,180.6,0,0,0,0,06-JUL-2020,
OPTSTK,LT,27-Aug-2020,790,CE,0,0,0,178.85,171.7,0,0,0,0,06-JUL-2020,
OPTSTK,LT,27-Aug-2020,800,CE,0,0,0,172.75,162.9,0,0,0,0,06-JUL-2020,
OPTSTK,LT,27-Aug-2020,810,CE,0,0,0,166.8,154.3,0,0,0,0,06-JUL-2020,
OPTSTK,LT,27-Aug-2020,820,CE,0,0,0,161,145.9,0,0,0,0,06-JUL-2020,
OPTSTK,LT,27-Aug-2020,830,CE,0,0,0,155.35,137.7,0,0,0,0,06-JUL-2020,
OPTSTK,LT,27-Aug-2020,840,CE,0,0,0,149.85,129.75,0,0,0,0,06-JUL-2020,
OPTSTK,LT,27-Aug-2020,850,CE,0,0,0,144.5,121.95,0,0,0,0,06-JUL-2020,
OPTSTK,LT,27-Aug-2020,860,CE,0,0,0,139.3,114.45,0,0,0,0,06-JUL-2020,
OPTSTK,LT,27-Aug-2020,870,CE,0,0,0,134.25,107.2,0,0,0,0,06-JUL-2020,
OPTSTK,LT,27-Aug-2020,880,CE,0,0,0,129.35,100.2,0,0,0,0,06-JUL-2020,
OPTSTK,LT,27-Aug-2020,890,CE,0,0,0,124.55,93.5,0,0,0,0,06-JUL-2020,
OPTSTK,LT,27-Aug-2020,900,CE,0,0,0,119.95,87.05,0,0,0,0,06-JUL-2020,
OPTSTK,LT,27-Aug-2020,910,CE,0,0,0,115.45,80.85,0,0,0,0,06-JUL-2020,
OPTSTK,LT,27-Aug-2020,920,CE,0,0,0,111.1,75,0,0,0,0,06-JUL-2020,
OPTSTK,LT,27-Aug-2020,930,CE,62.45,62.45,62.45,62.45,69.4,1,5.45,4400,-550,06-JUL-2020,
OPTSTK,LT,27-Aug-2020,940,CE,60.9,60.9,60.9,60.9,64.1,1,5.5,10450,0,06-JUL-2020,
OPTSTK,LT,27-Aug-2020,950,CE,53,53,52.1,52.1,59.05,2,11.02,12650,0,06-JUL-2020,
OPTSTK,LT,27-Aug-2020,960,CE,0,0,0,46.95,54.35,0,0,15950,0,06-JUL-2020,
OPTSTK,LT,27-Aug-2020,970,CE,0,0,0,40.35,49.9,0,0,12100,0,06-JUL-2020,
OPTSTK,LT,27-Aug-2020,980,CE,38.55,41.5,38.55,39.1,39.1,8,44.9,28050,2200,06-JUL-2020,
OPTSTK,LT,27-Aug-2020,990,CE,0,0,0,36.75,41.8,0,0,46750,0,06-JUL-2020,
OPTSTK,LT,27-Aug-2020,1000,CE,32.8,35.55,31.25,32.4,32.4,123,698.92,188100,11000,06-JUL-2020,
OPTSTK,LT,27-Aug-2020,1010,CE,30.55,30.8,29.95,29.95,34.75,7,40.05,4950,3850,06-JUL-2020,
OPTSTK,LT,27-Aug-2020,1020,CE,26.75,26.75,26.75,26.75,31.6,1,5.75,550,550,06-JUL-2020,
OPTSTK,LT,27-Aug-2020,1030,CE,0,0,0,71.65,28.65,0,0,0,0,06-JUL-2020,
OPTSTK,LT,27-Aug-2020,1040,CE,0,0,0,68.75,25.95,0,0,0,0,06-JUL-2020,
OPTSTK,LT,27-Aug-2020,1050,CE,16.05,16.05,16.05,16.05,23.45,2,11.72,1650,550,06-JUL-2020,
OPTSTK,LT,27-Aug-2020,1060,CE,20,20,18,18,21.15,6,35.61,3300,2750,06-JUL-2020,
OPTSTK,LT,27-Aug-2020,1070,CE,0,0,0,60.7,19.05,0,0,0,0,06-JUL-2020,
OPTSTK,LT,27-Aug-2020,1080,CE,0,0,0,58.25,17.15,0,0,0,0,06-JUL-2020,
OPTSTK,LT,27-Aug-2020,1090,CE,0,0,0,55.85,15.35,0,0,0,0,06-JUL-2020,
OPTSTK,LT,27-Aug-2020,1100,CE,0,0,0,14,13.75,0,0,550,0,06-JUL-2020,
OPTSTK,LT,27-Aug-2020,1110,CE,0,0,0,51.3,12.3,0,0,0,0,06-JUL-2020,
OPTSTK,LT,27-Aug-2020,1120,CE,0,0,0,49.15,11,0,0,0,0,06-JUL-2020,
OPTSTK,LT,27-Aug-2020,1130,CE,0,0,0,47.1,9.8,0,0,0,0,06-JUL-2020,
OPTSTK,LT,27-Aug-2020,1140,CE,0,0,0,45.15,8.7,0,0,0,0,06-JUL-2020,
OPTSTK,LT,27-Aug-2020,1150,CE,0,0,0,43.25,7.75,0,0,0,0,06-JUL-2020,
OPTSTK,LT,27-Aug-2020,670,PE,0,0,0,20,0.3,0,0,0,0,06-JUL-2020,
OPTSTK,LT,27-Aug-2020,680,PE,0,0,0,22.05,0.4,0,0,0,0,06-JUL-2020,
OPTSTK,LT,27-Aug-2020,690,PE,0,0,0,24.2,0.55,0,0,0,0,06-JUL-2020,
OPTSTK,LT,27-Aug-2020,700,PE,0,0,0,26.5,0.7,0,0,0,0,06-JUL-2020,
OPTSTK,LT,27-Aug-2020,710,PE,0,0,0,29,0.95,0,0,0,0,06-JUL-2020,
OPTSTK,LT,27-Aug-2020,720,PE,0,0,0,31.55,1.2,0,0,0,0,06-JUL-2020,
OPTSTK,LT,27-Aug-2020,730,PE,0,0,0,34.3,1.55,0,0,0,0,06-JUL-2020,
OPTSTK,LT,27-Aug-2020,740,PE,0,0,0,37.15,2,0,0,0,0,06-JUL-2020,
OPTSTK,LT,27-Aug-2020,750,PE,0,0,0,40.2,2.5,0,0,0,0,06-JUL-2020,
OPTSTK,LT,27-Aug-2020,760,PE,0,0,0,43.35,3.1,0,0,0,0,06-JUL-2020,
OPTSTK,LT,27-Aug-2020,770,PE,0,0,0,46.7,3.85,0,0,0,0,06-JUL-2020,
OPTSTK,LT,27-Aug-2020,780,PE,0,0,0,50.15,4.7,0,0,0,0,06-JUL-2020,
OPTSTK,LT,27-Aug-2020,790,PE,0,0,0,53.75,5.7,0,0,0,0,06-JUL-2020,
OPTSTK,LT,27-Aug-2020,800,PE,0,0,0,10,6.9,0,0,550,0,06-JUL-2020,
OPTSTK,LT,27-Aug-2020,810,PE,0,0,0,61.45,8.25,0,0,0,0,06-JUL-2020,
OPTSTK,LT,27-Aug-2020,820,PE,0,0,0,65.55,9.75,0,0,0,0,06-JUL-2020,
OPTSTK,LT,27-Aug-2020,830,PE,0,0,0,69.75,11.5,0,0,0,0,06-JUL-2020,
OPTSTK,LT,27-Aug-2020,840,PE,0,0,0,74.15,13.45,0,0,0,0,06-JUL-2020,
OPTSTK,LT,27-Aug-2020,850,PE,22.5,22.5,22.5,22.5,15.65,1,4.79,550,550,06-JUL-2020,
OPTSTK,LT,27-Aug-2020,860,PE,20,20,20,20,18.05,4,19.36,2200,2200,06-JUL-2020,
OPTSTK,LT,27-Aug-2020,870,PE,0,0,0,88.2,20.75,0,0,0,0,06-JUL-2020,
OPTSTK,LT,27-Aug-2020,880,PE,25.15,25.15,25.15,25.15,23.7,3,14.93,2200,1650,06-JUL-2020,
OPTSTK,LT,27-Aug-2020,890,PE,28.35,28.35,28.35,28.35,26.9,3,15.15,2750,0,06-JUL-2020,
OPTSTK,LT,27-Aug-2020,900,PE,0,0,0,43.9,30.4,0,0,6050,0,06-JUL-2020,
OPTSTK,LT,27-Aug-2020,910,PE,0,0,0,48.95,34.15,0,0,6050,0,06-JUL-2020,
OPTSTK,LT,27-Aug-2020,920,PE,0,0,0,47.8,38.25,0,0,6600,0,06-JUL-2020,
OPTSTK,LT,27-Aug-2020,930,PE,0,0,0,55.05,42.6,0,0,550,0,06-JUL-2020,
OPTSTK,LT,27-Aug-2020,940,PE,0,0,0,125.9,47.2,0,0,0,0,06-JUL-2020,
OPTSTK,LT,27-Aug-2020,950,PE,0,0,0,131.85,52.15,0,0,0,0,06-JUL-2020,
OPTSTK,LT,27-Aug-2020,960,PE,0,0,0,137.9,57.35,0,0,0,0,06-JUL-2020,
OPTSTK,LT,27-Aug-2020,970,PE,0,0,0,144.1,62.85,0,0,0,0,06-JUL-2020,
OPTSTK,LT,27-Aug-2020,980,PE,0,0,0,150.4,68.6,0,0,0,0,06-JUL-2020,
OPTSTK,LT,27-Aug-2020,990,PE,0,0,0,156.8,74.6,0,0,0,0,06-JUL-2020,
OPTSTK,LT,27-Aug-2020,1000,PE,0,0,0,163.35,80.9,0,0,0,0,06-JUL-2020,
OPTSTK,LT,27-Aug-2020,1010,PE,0,0,0,170,87.45,0,0,0,0,06-JUL-2020,
OPTSTK,LT,27-Aug-2020,1020,PE,0,0,0,176.75,94.2,0,0,0,0,06-JUL-2020,
OPTSTK,LT,27-Aug-2020,1030,PE,0,0,0,183.65,101.25,0,0,0,0,06-JUL-2020,
OPTSTK,LT,27-Aug-2020,1040,PE,0,0,0,190.65,108.45,0,0,0,0,06-JUL-2020,
OPTSTK,LT,27-Aug-2020,1050,PE,0,0,0,197.7,115.9,0,0,0,0,06-JUL-2020,
OPTSTK,LT,27-Aug-2020,1060,PE,0,0,0,204.9,123.55,0,0,0,0,06-JUL-2020,
OPTSTK,LT,27-Aug-2020,1070,PE,0,0,0,212.2,131.4,0,0,0,0,06-JUL-2020,
OPTSTK,LT,27-Aug-2020,1080,PE,0,0,0,219.65,139.4,0,0,0,0,06-JUL-2020,
OPTSTK,LT,27-Aug-2020,1090,PE,0,0,0,227.1,147.6,0,0,0,0,06-JUL-2020,
OPTSTK,LT,27-Aug-2020,1100,PE,0,0,0,234.7,155.95,0,0,0,0,06-JUL-2020,
OPTSTK,LT,27-Aug-2020,1110,PE,0,0,0,242.35,164.4,0,0,0,0,06-JUL-2020,
OPTSTK,LT,27-Aug-2020,1120,PE,0,0,0,250.05,173.05,0,0,0,0,06-JUL-2020,
OPTSTK,LT,27-Aug-2020,1130,PE,0,0,0,257.9,181.8,0,0,0,0,06-JUL-2020,
OPTSTK,LT,27-Aug-2020,1140,PE,0,0,0,210,190.65,0,0,550,0,06-JUL-2020,
OPTSTK,LT,27-Aug-2020,1150,PE,0,0,0,273.8,199.6,0,0,0,0,06-JUL-2020,
OPTSTK,LT,24-Sep-2020,680,CE,0,0,0,278.1,279.15,0,0,0,0,06-JUL-2020,
OPTSTK,LT,24-Sep-2020,700,CE,0,0,0,260.55,260.2,0,0,0,0,06-JUL-2020,
OPTSTK,LT,24-Sep-2020,720,CE,0,0,0,243.45,241.55,0,0,0,0,06-JUL-2020,
OPTSTK,LT,24-Sep-2020,740,CE,0,0,0,226.9,223.3,0,0,0,0,06-JUL-2020,
OPTSTK,LT,24-Sep-2020,760,CE,0,0,0,210.9,205.55,0,0,0,0,06-JUL-2020,
OPTSTK,LT,24-Sep-2020,780,CE,0,0,0,195.55,188.35,0,0,0,0,06-JUL-2020,
OPTSTK,LT,24-Sep-2020,800,CE,0,0,0,180.85,171.75,0,0,0,0,06-JUL-2020,
OPTSTK,LT,24-Sep-2020,820,CE,0,0,0,166.75,155.9,0,0,0,0,06-JUL-2020,
OPTSTK,LT,24-Sep-2020,840,CE,0,0,0,153.35,140.85,0,0,0,0,06-JUL-2020,
OPTSTK,LT,24-Sep-2020,860,CE,0,0,0,140.75,126.65,0,0,0,0,06-JUL-2020,
OPTSTK,LT,24-Sep-2020,880,CE,0,0,0,128.8,113.3,0,0,0,0,06-JUL-2020,
OPTSTK,LT,24-Sep-2020,900,CE,0,0,0,117.65,100.85,0,0,0,0,06-JUL-2020,
OPTSTK,LT,24-Sep-2020,920,CE,0,0,0,107.15,89.35,0,0,0,0,06-JUL-2020,
OPTSTK,LT,24-Sep-2020,940,CE,0,0,0,97.4,78.8,0,0,0,0,06-JUL-2020,
OPTSTK,LT,24-Sep-2020,960,CE,0,0,0,88.3,69.15,0,0,0,0,06-JUL-2020,
OPTSTK,LT,24-Sep-2020,980,CE,0,0,0,79.9,60.4,0,0,0,0,06-JUL-2020,
OPTSTK,LT,24-Sep-2020,1000,CE,0,0,0,72.15,52.5,0,0,0,0,06-JUL-2020,
OPTSTK,LT,24-Sep-2020,1020,CE,0,0,0,65,45.45,0,0,0,0,06-JUL-2020,
OPTSTK,LT,24-Sep-2020,1040,CE,0,0,0,58.45,39.2,0,0,0,0,06-JUL-2020,
OPTSTK,LT,24-Sep-2020,1060,CE,0,0,0,52.5,33.65,0,0,0,0,06-JUL-2020,
OPTSTK,LT,24-Sep-2020,1080,CE,0,0,0,47.05,28.75,0,0,0,0,06-JUL-2020,
OPTSTK,LT,24-Sep-2020,1100,CE,0,0,0,42.1,24.45,0,0,0,0,06-JUL-2020,
OPTSTK,LT,24-Sep-2020,1120,CE,0,0,0,37.6,20.75,0,0,0,0,06-JUL-2020,
OPTSTK,LT,24-Sep-2020,1140,CE,0,0,0,33.55,17.5,0,0,0,0,06-JUL-2020,
OPTSTK,LT,24-Sep-2020,680,PE,8.35,8.35,1.5,1.5,1.65,2,7.53,550,550,06-JUL-2020,
OPTSTK,LT,24-Sep-2020,700,PE,0,0,0,9.3,2.5,0,0,0,0,06-JUL-2020,
OPTSTK,LT,24-Sep-2020,720,PE,0,0,0,12,3.65,0,0,0,0,06-JUL-2020,
OPTSTK,LT,24-Sep-2020,740,PE,0,0,0,15.2,5.25,0,0,0,0,06-JUL-2020,
OPTSTK,LT,24-Sep-2020,760,PE,0,0,0,19,7.3,0,0,0,0,06-JUL-2020,
OPTSTK,LT,24-Sep-2020,780,PE,0,0,0,23.4,9.9,0,0,0,0,06-JUL-2020,
OPTSTK,LT,24-Sep-2020,800,PE,0,0,0,28.45,13.15,0,0,0,0,06-JUL-2020,
OPTSTK,LT,24-Sep-2020,820,PE,0,0,0,34.15,17.1,0,0,0,0,06-JUL-2020,
OPTSTK,LT,24-Sep-2020,840,PE,0,0,0,40.55,21.85,0,0,0,0,06-JUL-2020,
OPTSTK,LT,24-Sep-2020,860,PE,0,0,0,47.65,27.45,0,0,0,0,06-JUL-2020,
OPTSTK,LT,24-Sep-2020,880,PE,0,0,0,55.5,33.95,0,0,0,0,06-JUL-2020,
OPTSTK,LT,24-Sep-2020,900,PE,0,0,0,64.1,41.3,0,0,0,0,06-JUL-2020,
OPTSTK,LT,24-Sep-2020,920,PE,0,0,0,73.4,49.65,0,0,0,0,06-JUL-2020,
OPTSTK,LT,24-Sep-2020,940,PE,0,0,0,83.4,58.9,0,0,0,0,06-JUL-2020,
OPTSTK,LT,24-Sep-2020,960,PE,0,0,0,94.1,69.05,0,0,0,0,06-JUL-2020,
OPTSTK,LT,24-Sep-2020,980,PE,0,0,0,105.45,80.1,0,0,0,0,06-JUL-2020,
OPTSTK,LT,24-Sep-2020,1000,PE,0,0,0,117.45,92.05,0,0,0,0,06-JUL-2020,
OPTSTK,LT,24-Sep-2020,1020,PE,0,0,0,130.1,104.8,0,0,0,0,06-JUL-2020,
OPTSTK,LT,24-Sep-2020,1040,PE,0,0,0,143.3,118.35,0,0,0,0,06-JUL-2020,
OPTSTK,LT,24-Sep-2020,1060,PE,0,0,0,157.1,132.6,0,0,0,0,06-JUL-2020,
OPTSTK,LT,24-Sep-2020,1080,PE,0,0,0,171.4,147.55,0,0,0,0,06-JUL-2020,
OPTSTK,LT,24-Sep-2020,1100,PE,0,0,0,186.25,163.05,0,0,0,0,06-JUL-2020,
OPTSTK,LT,24-Sep-2020,1120,PE,0,0,0,201.55,179.15,0,0,0,0,06-JUL-2020,
OPTSTK,LT,24-Sep-2020,1140,PE,0,0,0,217.25,195.75,0,0,0,0,06-JUL-2020,
OPTSTK,LUPIN,30-Jul-2020,640,CE,0,0,0,290,237.35,0,0,1700,0,06-JUL-2020,
OPTSTK,LUPIN,30-Jul-2020,650,CE,0,0,0,232.1,227.35,0,0,0,0,06-JUL-2020,
OPTSTK,LUPIN,30-Jul-2020,660,CE,0,0,0,225.3,217.4,0,0,0,0,06-JUL-2020,
OPTSTK,LUPIN,30-Jul-2020,670,CE,0,0,0,218.6,207.4,0,0,0,0,06-JUL-2020,
OPTSTK,LUPIN,30-Jul-2020,680,CE,0,0,0,212.1,197.45,0,0,0,0,06-JUL-2020,
OPTSTK,LUPIN,30-Jul-2020,690,CE,0,0,0,205.7,187.5,0,0,0,0,06-JUL-2020,
OPTSTK,LUPIN,30-Jul-2020,700,CE,0,0,0,199.45,177.55,0,0,0,0,06-JUL-2020,
OPTSTK,LUPIN,30-Jul-2020,710,CE,0,0,0,221,167.6,0,0,850,0,06-JUL-2020,
OPTSTK,LUPIN,30-Jul-2020,720,CE,0,0,0,187.35,157.65,0,0,0,0,06-JUL-2020,
OPTSTK,LUPIN,30-Jul-2020,730,CE,0,0,0,181.55,147.8,0,0,0,0,06-JUL-2020,
OPTSTK,LUPIN,30-Jul-2020,740,CE,0,0,0,175.85,137.95,0,0,0,0,06-JUL-2020,
OPTSTK,LUPIN,30-Jul-2020,750,CE,0,0,0,170.3,128.15,0,0,0,0,06-JUL-2020,
OPTSTK,LUPIN,30-Jul-2020,760,CE,0,0,0,164.95,118.5,0,0,0,0,06-JUL-2020,
OPTSTK,LUPIN,30-Jul-2020,770,CE,0,0,0,159.65,108.95,0,0,0,0,06-JUL-2020,
OPTSTK,LUPIN,30-Jul-2020,780,CE,0,0,0,154.55,99.55,0,0,0,0,06-JUL-2020,
OPTSTK,LUPIN,30-Jul-2020,790,CE,0,0,0,149.55,90.4,0,0,0,0,06-JUL-2020,
OPTSTK,LUPIN,30-Jul-2020,800,CE,0,0,0,144.7,81.55,0,0,0,0,06-JUL-2020,
OPTSTK,LUPIN,30-Jul-2020,810,CE,0,0,0,140,73,0,0,0,0,06-JUL-2020,
OPTSTK,LUPIN,30-Jul-2020,820,CE,0,0,0,135.4,64.85,0,0,0,0,06-JUL-2020,
OPTSTK,LUPIN,30-Jul-2020,830,CE,0,0,0,130.9,57.1,0,0,0,0,06-JUL-2020,
OPTSTK,LUPIN,30-Jul-2020,840,CE,0,0,0,71.7,49.85,0,0,850,0,06-JUL-2020,
OPTSTK,LUPIN,30-Jul-2020,850,CE,56.15,56.15,56.15,56.15,43.15,1,7.7,1700,850,06-JUL-2020,
OPTSTK,LUPIN,30-Jul-2020,860,CE,0,0,0,118.25,37,0,0,0,0,06-JUL-2020,
OPTSTK,LUPIN,30-Jul-2020,870,CE,39.55,39.55,39.55,39.55,39.55,1,7.73,850,850,06-JUL-2020,
OPTSTK,LUPIN,30-Jul-2020,880,CE,42,42,34.5,35.5,35.5,44,342.95,30600,11900,06-JUL-2020,
OPTSTK,LUPIN,30-Jul-2020,890,CE,38,38,31,31.45,31.45,108,847.96,27200,13600,06-JUL-2020,
OPTSTK,LUPIN,30-Jul-2020,900,CE,33,33,26.4,27.05,27.05,389,3071.21,167450,58650,06-JUL-2020,
OPTSTK,LUPIN,30-Jul-2020,910,CE,27.5,27.5,23.4,23.5,23.5,52,413.28,44200,-1700,06-JUL-2020,
OPTSTK,LUPIN,30-Jul-2020,920,CE,23.8,25.4,20,20.3,20.3,93,744.54,78200,16150,06-JUL-2020,
OPTSTK,LUPIN,30-Jul-2020,930,CE,18.75,22,17.3,17.85,17.85,44,354.88,37400,-1700,06-JUL-2020,
OPTSTK,LUPIN,30-Jul-2020,940,CE,17.75,18.9,15,15.45,15.45,310,2519.67,207400,17850,06-JUL-2020,
OPTSTK,LUPIN,30-Jul-2020,950,CE,15,16.55,13.05,13.45,13.45,89,729.46,140250,0,06-JUL-2020,
OPTSTK,LUPIN,30-Jul-2020,960,CE,13.6,14.45,11,11.5,11.5,53,438.01,89250,5950,06-JUL-2020,
OPTSTK,LUPIN,30-Jul-2020,970,CE,10,11.4,9,9.5,9.5,7,58.32,28050,850,06-JUL-2020,
OPTSTK,LUPIN,30-Jul-2020,980,CE,10.5,10.5,8.35,8.75,8.75,22,184.98,41650,-3400,06-JUL-2020,
OPTSTK,LUPIN,30-Jul-2020,990,CE,0,0,0,75.05,2,0,0,0,0,06-JUL-2020,
OPTSTK,LUPIN,30-Jul-2020,1000,CE,7,7.95,5.9,6.4,6.4,244,2087.79,203150,6800,06-JUL-2020,
OPTSTK,LUPIN,30-Jul-2020,1010,CE,5,6.45,5,6.45,1.1,14,120.88,3400,1700,06-JUL-2020,
OPTSTK,LUPIN,30-Jul-2020,1020,CE,6,6,4,5.65,0.8,25,217.82,29750,-5100,06-JUL-2020,
OPTSTK,LUPIN,30-Jul-2020,1030,CE,0,0,0,5.4,0.55,0,0,6800,0,06-JUL-2020,
OPTSTK,LUPIN,30-Jul-2020,1040,CE,0,0,0,4.55,0.4,0,0,6800,0,06-JUL-2020,
OPTSTK,LUPIN,30-Jul-2020,1050,CE,3,3.3,2.8,2.95,2.95,13,116.35,35700,-850,06-JUL-2020,
OPTSTK,LUPIN,30-Jul-2020,1060,CE,2,3,2,3,3,2,18.06,17000,-850,06-JUL-2020,
OPTSTK,LUPIN,30-Jul-2020,1080,CE,0,0,0,3.75,0.1,0,0,1700,0,06-JUL-2020,
OPTSTK,LUPIN,30-Jul-2020,1100,CE,0,0,0,29.65,0.05,0,0,0,0,06-JUL-2020,
OPTSTK,LUPIN,30-Jul-2020,1120,CE,0,0,0,17.3,0.05,0,0,0,0,06-JUL-2020,
OPTSTK,LUPIN,30-Jul-2020,1140,CE,0,0,0,11.1,0.05,0,0,0,0,06-JUL-2020,
OPTSTK,LUPIN,30-Jul-2020,640,PE,0,0,0,35.65,0.05,0,0,0,0,06-JUL-2020,
OPTSTK,LUPIN,30-Jul-2020,650,PE,0,0,0,38.6,0.05,0,0,0,0,06-JUL-2020,
OPTSTK,LUPIN,30-Jul-2020,660,PE,0,0,0,41.65,0.05,0,0,0,0,06-JUL-2020,
OPTSTK,LUPIN,30-Jul-2020,670,PE,0,0,0,44.85,0.05,0,0,0,0,06-JUL-2020,
OPTSTK,LUPIN,30-Jul-2020,680,PE,0,0,0,48.15,0.05,0,0,0,0,06-JUL-2020,
OPTSTK,LUPIN,30-Jul-2020,690,PE,0,0,0,51.65,0.05,0,0,0,0,06-JUL-2020,
OPTSTK,LUPIN,30-Jul-2020,700,PE,1.95,2,1.95,2,2,5,29.83,11900,4250,06-JUL-2020,
OPTSTK,LUPIN,30-Jul-2020,710,PE,0,0,0,0.45,0.05,0,0,850,0,06-JUL-2020,
OPTSTK,LUPIN,30-Jul-2020,720,PE,0,0,0,62.95,0.1,0,0,0,0,06-JUL-2020,
OPTSTK,LUPIN,30-Jul-2020,730,PE,0,0,0,67,0.2,0,0,0,0,06-JUL-2020,
OPTSTK,LUPIN,30-Jul-2020,740,PE,0,0,0,6,0.3,0,0,3400,0,06-JUL-2020,
OPTSTK,LUPIN,30-Jul-2020,750,PE,4,4,4,4,4,1,6.4,2550,850,06-JUL-2020,
OPTSTK,LUPIN,30-Jul-2020,760,PE,0,0,0,80,0.8,0,0,0,0,06-JUL-2020,
OPTSTK,LUPIN,30-Jul-2020,770,PE,0,0,0,84.6,1.25,0,0,0,0,06-JUL-2020,
OPTSTK,LUPIN,30-Jul-2020,780,PE,6.25,7.8,5.5,7.8,7.8,3,20.05,2550,1700,06-JUL-2020,
OPTSTK,LUPIN,30-Jul-2020,790,PE,0,0,0,94.25,2.65,0,0,0,0,06-JUL-2020,
OPTSTK,LUPIN,30-Jul-2020,800,PE,7.4,10.75,7.4,10.3,10.3,262,1802,100300,52700,06-JUL-2020,
OPTSTK,LUPIN,30-Jul-2020,810,PE,0,0,0,8.2,5.2,0,0,850,0,06-JUL-2020,
OPTSTK,LUPIN,30-Jul-2020,820,PE,12.9,15.8,12,15.15,15.15,27,191.52,16150,8500,06-JUL-2020,
OPTSTK,LUPIN,30-Jul-2020,830,PE,18.5,18.5,18.5,18.5,18.5,1,7.21,1700,0,06-JUL-2020,
OPTSTK,LUPIN,30-Jul-2020,840,PE,17,22.1,15.4,21.55,21.55,141,1030.01,71400,17000,06-JUL-2020,
OPTSTK,LUPIN,30-Jul-2020,850,PE,18.7,26,18.7,25.3,25.3,436,3236.19,127500,54400,06-JUL-2020,
OPTSTK,LUPIN,30-Jul-2020,860,PE,25,30.35,23,29.55,29.55,168,1267.65,49300,15300,06-JUL-2020,
OPTSTK,LUPIN,30-Jul-2020,870,PE,29,35,27.55,34.4,34.4,75,575.37,49300,14450,06-JUL-2020,
OPTSTK,LUPIN,30-Jul-2020,880,PE,32.7,40,31.05,39.35,39.35,309,2409.38,87550,-5950,06-JUL-2020,
OPTSTK,LUPIN,30-Jul-2020,890,PE,35.5,46,35.5,45.15,45.15,73,577.09,31450,-6800,06-JUL-2020,
OPTSTK,LUPIN,30-Jul-2020,900,PE,42.3,53,41,51.9,51.9,169,1360.08,127500,9350,06-JUL-2020,
OPTSTK,LUPIN,30-Jul-2020,910,PE,52.5,52.5,51.6,51.6,46.65,2,16.35,8500,0,06-JUL-2020,
OPTSTK,LUPIN,30-Jul-2020,920,PE,56.05,64.5,54.6,64.3,64.3,20,166.51,27200,-9350,06-JUL-2020,
OPTSTK,LUPIN,30-Jul-2020,930,PE,0,0,0,61.9,61.35,0,0,15300,0,06-JUL-2020,
OPTSTK,LUPIN,30-Jul-2020,940,PE,70.9,76.65,70.05,76,69.35,7,60.31,11900,-2550,06-JUL-2020,
OPTSTK,LUPIN,30-Jul-2020,950,PE,86.25,86.25,85.35,85.8,77.65,8,70.44,22100,-5100,06-JUL-2020,
OPTSTK,LUPIN,30-Jul-2020,960,PE,0,0,0,196,86.3,0,0,0,0,06-JUL-2020,
OPTSTK,LUPIN,30-Jul-2020,970,PE,0,0,0,203,95.2,0,0,0,0,06-JUL-2020,
OPTSTK,LUPIN,30-Jul-2020,980,PE,0,0,0,210.05,104.35,0,0,0,0,06-JUL-2020,
OPTSTK,LUPIN,30-Jul-2020,990,PE,0,0,0,217.2,113.65,0,0,0,0,06-JUL-2020,
OPTSTK,LUPIN,30-Jul-2020,1000,PE,0,0,0,86,123.15,0,0,5100,0,06-JUL-2020,
OPTSTK,LUPIN,30-Jul-2020,1010,PE,0,0,0,231.75,132.7,0,0,0,0,06-JUL-2020,
OPTSTK,LUPIN,30-Jul-2020,1020,PE,0,0,0,239.2,142.4,0,0,0,0,06-JUL-2020,
OPTSTK,LUPIN,30-Jul-2020,1030,PE,0,0,0,246.65,152.15,0,0,0,0,06-JUL-2020,
OPTSTK,LUPIN,30-Jul-2020,1040,PE,0,0,0,254.25,161.95,0,0,0,0,06-JUL-2020,
OPTSTK,LUPIN,30-Jul-2020,1050,PE,0,0,0,235.65,171.8,0,0,0,0,06-JUL-2020,
OPTSTK,LUPIN,30-Jul-2020,1060,PE,0,0,0,225.4,181.7,0,0,0,0,06-JUL-2020,
OPTSTK,LUPIN,30-Jul-2020,1080,PE,0,0,0,218.5,201.55,0,0,0,0,06-JUL-2020,
OPTSTK,LUPIN,30-Jul-2020,1100,PE,0,0,0,214.05,221.45,0,0,0,0,06-JUL-2020,
OPTSTK,LUPIN,30-Jul-2020,1120,PE,0,0,0,246.7,241.35,0,0,0,0,06-JUL-2020,
OPTSTK,LUPIN,30-Jul-2020,1140,PE,0,0,0,235.05,261.3,0,0,0,0,06-JUL-2020,
OPTSTK,LUPIN,27-Aug-2020,640,CE,0,0,0,259.4,239.5,0,0,0,0,06-JUL-2020,
OPTSTK,LUPIN,27-Aug-2020,650,CE,0,0,0,250.95,229.6,0,0,0,0,06-JUL-2020,
OPTSTK,LUPIN,27-Aug-2020,660,CE,0,0,0,242.6,219.7,0,0,0,0,06-JUL-2020,
OPTSTK,LUPIN,27-Aug-2020,670,CE,0,0,0,234.4,209.85,0,0,0,0,06-JUL-2020,
OPTSTK,LUPIN,27-Aug-2020,680,CE,0,0,0,226.35,200.05,0,0,0,0,06-JUL-2020,
OPTSTK,LUPIN,27-Aug-2020,690,CE,0,0,0,218.4,190.25,0,0,0,0,06-JUL-2020,
OPTSTK,LUPIN,27-Aug-2020,700,CE,0,0,0,210.65,180.55,0,0,0,0,06-JUL-2020,
OPTSTK,LUPIN,27-Aug-2020,710,CE,0,0,0,203.05,170.9,0,0,0,0,06-JUL-2020,
OPTSTK,LUPIN,27-Aug-2020,720,CE,0,0,0,195.6,161.35,0,0,0,0,06-JUL-2020,
OPTSTK,LUPIN,27-Aug-2020,730,CE,0,0,0,188.35,151.95,0,0,0,0,06-JUL-2020,
OPTSTK,LUPIN,27-Aug-2020,740,CE,0,0,0,181.2,142.65,0,0,0,0,06-JUL-2020,
OPTSTK,LUPIN,27-Aug-2020,750,CE,0,0,0,174.25,133.5,0,0,0,0,06-JUL-2020,
OPTSTK,LUPIN,27-Aug-2020,760,CE,0,0,0,167.45,124.6,0,0,0,0,06-JUL-2020,
OPTSTK,LUPIN,27-Aug-2020,770,CE,0,0,0,160.85,115.85,0,0,0,0,06-JUL-2020,
OPTSTK,LUPIN,27-Aug-2020,780,CE,0,0,0,154.4,107.35,0,0,0,0,06-JUL-2020,
OPTSTK,LUPIN,27-Aug-2020,790,CE,0,0,0,148.15,99.15,0,0,0,0,06-JUL-2020,
OPTSTK,LUPIN,27-Aug-2020,800,CE,0,0,0,142.05,91.2,0,0,0,0,06-JUL-2020,
OPTSTK,LUPIN,27-Aug-2020,810,CE,0,0,0,136.15,83.6,0,0,0,0,06-JUL-2020,
OPTSTK,LUPIN,27-Aug-2020,820,CE,0,0,0,130.4,76.35,0,0,0,0,06-JUL-2020,
OPTSTK,LUPIN,27-Aug-2020,830,CE,0,0,0,124.85,69.45,0,0,0,0,06-JUL-2020,
OPTSTK,LUPIN,27-Aug-2020,840,CE,0,0,0,119.5,62.9,0,0,0,0,06-JUL-2020,
OPTSTK,LUPIN,27-Aug-2020,850,CE,0,0,0,114.3,56.75,0,0,0,0,06-JUL-2020,
OPTSTK,LUPIN,27-Aug-2020,860,CE,0,0,0,109.25,51,0,0,0,0,06-JUL-2020,
OPTSTK,LUPIN,27-Aug-2020,870,CE,0,0,0,104.4,45.6,0,0,0,0,06-JUL-2020,
OPTSTK,LUPIN,27-Aug-2020,880,CE,0,0,0,99.7,40.65,0,0,0,0,06-JUL-2020,
OPTSTK,LUPIN,27-Aug-2020,890,CE,0,0,0,95.2,36.05,0,0,0,0,06-JUL-2020,
OPTSTK,LUPIN,27-Aug-2020,900,CE,0,0,0,90.8,31.85,0,0,0,0,06-JUL-2020,
OPTSTK,LUPIN,27-Aug-2020,910,CE,0,0,0,86.6,28.05,0,0,0,0,06-JUL-2020,
OPTSTK,LUPIN,27-Aug-2020,920,CE,0,0,0,82.6,24.55,0,0,0,0,06-JUL-2020,
OPTSTK,LUPIN,27-Aug-2020,930,CE,0,0,0,78.7,21.45,0,0,0,0,06-JUL-2020,
OPTSTK,LUPIN,27-Aug-2020,940,CE,0,0,0,74.95,18.65,0,0,0,0,06-JUL-2020,
OPTSTK,LUPIN,27-Aug-2020,950,CE,0,0,0,71.35,16.1,0,0,0,0,06-JUL-2020,
OPTSTK,LUPIN,27-Aug-2020,960,CE,0,0,0,67.9,13.9,0,0,0,0,06-JUL-2020,
OPTSTK,LUPIN,27-Aug-2020,970,CE,0,0,0,64.6,11.9,0,0,0,0,06-JUL-2020,
OPTSTK,LUPIN,27-Aug-2020,980,CE,0,0,0,61.45,10.2,0,0,0,0,06-JUL-2020,
OPTSTK,LUPIN,27-Aug-2020,990,CE,0,0,0,58.4,8.7,0,0,0,0,06-JUL-2020,
OPTSTK,LUPIN,27-Aug-2020,1000,CE,0,0,0,55.5,7.35,0,0,0,0,06-JUL-2020,
OPTSTK,LUPIN,27-Aug-2020,1010,CE,0,0,0,52.7,6.2,0,0,0,0,06-JUL-2020,
OPTSTK,LUPIN,27-Aug-2020,1020,CE,0,0,0,50.05,5.25,0,0,0,0,06-JUL-2020,
OPTSTK,LUPIN,27-Aug-2020,1030,CE,0,0,0,47.55,4.4,0,0,0,0,06-JUL-2020,
OPTSTK,LUPIN,27-Aug-2020,1040,CE,0,0,0,45.1,3.65,0,0,0,0,06-JUL-2020,
OPTSTK,LUPIN,27-Aug-2020,1050,CE,0,0,0,42.8,3.05,0,0,0,0,06-JUL-2020,
OPTSTK,LUPIN,27-Aug-2020,1060,CE,0,0,0,40.6,2.55,0,0,0,0,06-JUL-2020,
OPTSTK,LUPIN,27-Aug-2020,1080,CE,0,0,0,36.5,1.75,0,0,0,0,06-JUL-2020,
OPTSTK,LUPIN,27-Aug-2020,1100,CE,0,0,0,32.75,1.15,0,0,0,0,06-JUL-2020,
OPTSTK,LUPIN,27-Aug-2020,1120,CE,0,0,0,29.35,0.75,0,0,0,0,06-JUL-2020,
OPTSTK,LUPIN,27-Aug-2020,1140,CE,0,0,0,4.9,0.5,0,0,850,0,06-JUL-2020,
OPTSTK,LUPIN,27-Aug-2020,640,PE,0,0,0,10.5,0.05,0,0,0,0,06-JUL-2020,
OPTSTK,LUPIN,27-Aug-2020,650,PE,0,0,0,11.9,0.1,0,0,0,0,06-JUL-2020,
OPTSTK,LUPIN,27-Aug-2020,660,PE,0,0,0,13.45,0.15,0,0,0,0,06-JUL-2020,
OPTSTK,LUPIN,27-Aug-2020,670,PE,0,0,0,15.1,0.25,0,0,0,0,06-JUL-2020,
OPTSTK,LUPIN,27-Aug-2020,680,PE,0,0,0,16.95,0.4,0,0,0,0,06-JUL-2020,
OPTSTK,LUPIN,27-Aug-2020,690,PE,0,0,0,18.9,0.55,0,0,0,0,06-JUL-2020,
OPTSTK,LUPIN,27-Aug-2020,700,PE,0,0,0,21,0.8,0,0,0,0,06-JUL-2020,
OPTSTK,LUPIN,27-Aug-2020,710,PE,0,0,0,23.3,1.1,0,0,0,0,06-JUL-2020,
OPTSTK,LUPIN,27-Aug-2020,720,PE,0,0,0,25.75,1.5,0,0,0,0,06-JUL-2020,
OPTSTK,LUPIN,27-Aug-2020,730,PE,0,0,0,28.3,2,0,0,0,0,06-JUL-2020,
OPTSTK,LUPIN,27-Aug-2020,740,PE,0,0,0,31.05,2.65,0,0,0,0,06-JUL-2020,
OPTSTK,LUPIN,27-Aug-2020,750,PE,0,0,0,34,3.45,0,0,0,0,06-JUL-2020,
OPTSTK,LUPIN,27-Aug-2020,760,PE,0,0,0,37.1,4.45,0,0,0,0,06-JUL-2020,
OPTSTK,LUPIN,27-Aug-2020,770,PE,0,0,0,40.35,5.65,0,0,0,0,06-JUL-2020,
OPTSTK,LUPIN,27-Aug-2020,780,PE,0,0,0,43.75,7.1,0,0,0,0,06-JUL-2020,
OPTSTK,LUPIN,27-Aug-2020,790,PE,0,0,0,47.4,8.85,0,0,0,0,06-JUL-2020,
OPTSTK,LUPIN,27-Aug-2020,800,PE,0,0,0,51.2,10.85,0,0,0,0,06-JUL-2020,
OPTSTK,LUPIN,27-Aug-2020,810,PE,0,0,0,55.15,13.2,0,0,0,0,06-JUL-2020,
OPTSTK,LUPIN,27-Aug-2020,820,PE,0,0,0,59.3,15.85,0,0,0,0,06-JUL-2020,
OPTSTK,LUPIN,27-Aug-2020,830,PE,0,0,0,63.65,18.9,0,0,0,0,06-JUL-2020,
OPTSTK,LUPIN,27-Aug-2020,840,PE,0,0,0,68.15,22.3,0,0,0,0,06-JUL-2020,
OPTSTK,LUPIN,27-Aug-2020,850,PE,0,0,0,72.8,26.05,0,0,0,0,06-JUL-2020,
OPTSTK,LUPIN,27-Aug-2020,860,PE,0,0,0,77.65,30.25,0,0,0,0,06-JUL-2020,
OPTSTK,LUPIN,27-Aug-2020,870,PE,0,0,0,82.7,34.8,0,0,0,0,06-JUL-2020,
OPTSTK,LUPIN,27-Aug-2020,880,PE,0,0,0,87.85,39.8,0,0,0,0,06-JUL-2020,
OPTSTK,LUPIN,27-Aug-2020,890,PE,58.6,58.6,58.6,58.6,45.15,1,8.06,850,850,06-JUL-2020,
OPTSTK,LUPIN,27-Aug-2020,900,PE,0,0,0,98.75,50.9,0,0,0,0,06-JUL-2020,
OPTSTK,LUPIN,27-Aug-2020,910,PE,0,0,0,104.4,57,0,0,0,0,06-JUL-2020,
OPTSTK,LUPIN,27-Aug-2020,920,PE,0,0,0,110.25,63.45,0,0,0,0,06-JUL-2020,
OPTSTK,LUPIN,27-Aug-2020,930,PE,0,0,0,116.25,70.3,0,0,0,0,06-JUL-2020,
OPTSTK,LUPIN,27-Aug-2020,940,PE,0,0,0,122.4,77.4,0,0,0,0,06-JUL-2020,
OPTSTK,LUPIN,27-Aug-2020,950,PE,0,0,0,128.65,84.85,0,0,0,0,06-JUL-2020,
OPTSTK,LUPIN,27-Aug-2020,960,PE,0,0,0,135.1,92.55,0,0,0,0,06-JUL-2020,
OPTSTK,LUPIN,27-Aug-2020,970,PE,0,0,0,141.7,100.5,0,0,0,0,06-JUL-2020,
OPTSTK,LUPIN,27-Aug-2020,980,PE,0,0,0,148.4,108.75,0,0,0,0,06-JUL-2020,
OPTSTK,LUPIN,27-Aug-2020,990,PE,0,0,0,155.25,117.15,0,0,0,0,06-JUL-2020,
OPTSTK,LUPIN,27-Aug-2020,1000,PE,0,0,0,162.2,125.8,0,0,0,0,06-JUL-2020,
OPTSTK,LUPIN,27-Aug-2020,1010,PE,0,0,0,169.3,134.55,0,0,0,0,06-JUL-2020,
OPTSTK,LUPIN,27-Aug-2020,1020,PE,0,0,0,176.5,143.55,0,0,0,0,06-JUL-2020,
OPTSTK,LUPIN,27-Aug-2020,1030,PE,0,0,0,183.9,152.6,0,0,0,0,06-JUL-2020,
OPTSTK,LUPIN,27-Aug-2020,1040,PE,0,0,0,191.35,161.85,0,0,0,0,06-JUL-2020,
OPTSTK,LUPIN,27-Aug-2020,1050,PE,0,0,0,198.9,171.15,0,0,0,0,06-JUL-2020,
OPTSTK,LUPIN,27-Aug-2020,1060,PE,0,0,0,206.6,180.6,0,0,0,0,06-JUL-2020,
OPTSTK,LUPIN,27-Aug-2020,1080,PE,0,0,0,222.25,199.65,0,0,0,0,06-JUL-2020,
OPTSTK,LUPIN,27-Aug-2020,1100,PE,0,0,0,238.25,218.95,0,0,0,0,06-JUL-2020,
OPTSTK,LUPIN,27-Aug-2020,1120,PE,0,0,0,254.6,238.45,0,0,0,0,06-JUL-2020,
OPTSTK,LUPIN,27-Aug-2020,1140,PE,0,0,0,241,258.05,0,0,0,0,06-JUL-2020,
OPTSTK,LUPIN,24-Sep-2020,640,CE,0,0,0,306.15,241.9,0,0,0,0,06-JUL-2020,
OPTSTK,LUPIN,24-Sep-2020,660,CE,0,0,0,287.75,222.5,0,0,0,0,06-JUL-2020,
OPTSTK,LUPIN,24-Sep-2020,680,CE,0,0,0,269.7,203.3,0,0,0,0,06-JUL-2020,
OPTSTK,LUPIN,24-Sep-2020,700,CE,0,0,0,252.05,184.45,0,0,0,0,06-JUL-2020,
OPTSTK,LUPIN,24-Sep-2020,720,CE,0,0,0,234.9,166.05,0,0,0,0,06-JUL-2020,
OPTSTK,LUPIN,24-Sep-2020,740,CE,0,0,0,218.3,148.3,0,0,0,0,06-JUL-2020,
OPTSTK,LUPIN,24-Sep-2020,760,CE,0,0,0,202.3,131.3,0,0,0,0,06-JUL-2020,
OPTSTK,LUPIN,24-Sep-2020,780,CE,0,0,0,186.9,115.15,0,0,0,0,06-JUL-2020,
OPTSTK,LUPIN,24-Sep-2020,800,CE,0,0,0,172.2,100.05,0,0,0,0,06-JUL-2020,
OPTSTK,LUPIN,24-Sep-2020,820,CE,0,0,0,158.2,86.1,0,0,0,0,06-JUL-2020,
OPTSTK,LUPIN,24-Sep-2020,840,CE,0,0,0,144.85,73.35,0,0,0,0,06-JUL-2020,
OPTSTK,LUPIN,24-Sep-2020,860,CE,0,0,0,132.3,61.9,0,0,0,0,06-JUL-2020,
OPTSTK,LUPIN,24-Sep-2020,880,CE,0,0,0,120.5,51.65,0,0,0,0,06-JUL-2020,
OPTSTK,LUPIN,24-Sep-2020,900,CE,0,0,0,109.5,42.7,0,0,0,0,06-JUL-2020,
OPTSTK,LUPIN,24-Sep-2020,920,CE,0,0,0,99.2,34.95,0,0,0,0,06-JUL-2020,
OPTSTK,LUPIN,24-Sep-2020,940,CE,0,0,0,89.65,28.35,0,0,0,0,06-JUL-2020,
OPTSTK,LUPIN,24-Sep-2020,960,CE,0,0,0,80.8,22.75,0,0,0,0,06-JUL-2020,
OPTSTK,LUPIN,24-Sep-2020,980,CE,0,0,0,72.65,18.1,0,0,0,0,06-JUL-2020,
OPTSTK,LUPIN,24-Sep-2020,1000,CE,0,0,0,65.2,14.25,0,0,0,0,06-JUL-2020,
OPTSTK,LUPIN,24-Sep-2020,1020,CE,0,0,0,58.35,11.1,0,0,0,0,06-JUL-2020,
OPTSTK,LUPIN,24-Sep-2020,1040,CE,0,0,0,52.1,8.6,0,0,0,0,06-JUL-2020,
OPTSTK,LUPIN,24-Sep-2020,1060,CE,0,0,0,46.45,6.6,0,0,0,0,06-JUL-2020,
OPTSTK,LUPIN,24-Sep-2020,1080,CE,0,0,0,41.35,5.05,0,0,0,0,06-JUL-2020,
OPTSTK,LUPIN,24-Sep-2020,1100,CE,0,0,0,36.75,3.8,0,0,0,0,06-JUL-2020,
OPTSTK,LUPIN,24-Sep-2020,1120,CE,0,0,0,32.55,2.85,0,0,0,0,06-JUL-2020,
OPTSTK,LUPIN,24-Sep-2020,1140,CE,0,0,0,28.8,2.1,0,0,0,0,06-JUL-2020,
OPTSTK,LUPIN,24-Sep-2020,640,PE,0,0,0,3.5,0.45,0,0,0,0,06-JUL-2020,
OPTSTK,LUPIN,24-Sep-2020,660,PE,0,0,0,4.85,0.8,0,0,0,0,06-JUL-2020,
OPTSTK,LUPIN,24-Sep-2020,680,PE,0,0,0,6.55,1.45,0,0,0,0,06-JUL-2020,
OPTSTK,LUPIN,24-Sep-2020,700,PE,0,0,0,8.7,2.4,0,0,0,0,06-JUL-2020,
OPTSTK,LUPIN,24-Sep-2020,720,PE,0,0,0,11.3,3.85,0,0,0,0,06-JUL-2020,
OPTSTK,LUPIN,24-Sep-2020,740,PE,0,0,0,14.45,5.9,0,0,0,0,06-JUL-2020,
OPTSTK,LUPIN,24-Sep-2020,760,PE,0,0,0,18.2,8.7,0,0,0,0,06-JUL-2020,
OPTSTK,LUPIN,24-Sep-2020,780,PE,0,0,0,22.6,12.4,0,0,0,0,06-JUL-2020,
OPTSTK,LUPIN,24-Sep-2020,800,PE,0,0,0,27.65,17.1,0,0,0,0,06-JUL-2020,
OPTSTK,LUPIN,24-Sep-2020,820,PE,0,0,0,33.4,22.95,0,0,0,0,06-JUL-2020,
OPTSTK,LUPIN,24-Sep-2020,840,PE,0,0,0,39.85,30,0,0,0,0,06-JUL-2020,
OPTSTK,LUPIN,24-Sep-2020,860,PE,0,0,0,47.1,38.35,0,0,0,0,06-JUL-2020,
OPTSTK,LUPIN,24-Sep-2020,880,PE,0,0,0,55.05,47.95,0,0,0,0,06-JUL-2020,
OPTSTK,LUPIN,24-Sep-2020,900,PE,0,0,0,63.8,58.8,0,0,0,0,06-JUL-2020,
OPTSTK,LUPIN,24-Sep-2020,920,PE,0,0,0,73.3,70.85,0,0,0,0,06-JUL-2020,
OPTSTK,LUPIN,24-Sep-2020,940,PE,0,0,0,83.5,84.05,0,0,0,0,06-JUL-2020,
OPTSTK,LUPIN,24-Sep-2020,960,PE,0,0,0,94.45,98.3,0,0,0,0,06-JUL-2020,
OPTSTK,LUPIN,24-Sep-2020,980,PE,0,0,0,106.05,113.45,0,0,0,0,06-JUL-2020,
OPTSTK,LUPIN,24-Sep-2020,1000,PE,0,0,0,118.35,129.4,0,0,0,0,06-JUL-2020,
OPTSTK,LUPIN,24-Sep-2020,1020,PE,0,0,0,131.3,146.1,0,0,0,0,06-JUL-2020,
OPTSTK,LUPIN,24-Sep-2020,1040,PE,0,0,0,144.8,163.4,0,0,0,0,06-JUL-2020,
OPTSTK,LUPIN,24-Sep-2020,1060,PE,0,0,0,158.9,181.25,0,0,0,0,06-JUL-2020,
OPTSTK,LUPIN,24-Sep-2020,1080,PE,0,0,0,173.6,199.45,0,0,0,0,06-JUL-2020,
OPTSTK,LUPIN,24-Sep-2020,1100,PE,0,0,0,188.7,218.05,0,0,0,0,06-JUL-2020,
OPTSTK,LUPIN,24-Sep-2020,1120,PE,0,0,0,204.3,236.9,0,0,0,0,06-JUL-2020,
OPTSTK,LUPIN,24-Sep-2020,1140,PE,0,0,0,220.3,256,0,0,0,0,06-JUL-2020,
OPTSTK,M&M,30-Jul-2020,190,CE,0,0,0,183.7,381.1,0,0,0,0,06-JUL-2020,
OPTSTK,M&M,30-Jul-2020,200,CE,0,0,0,175.15,371.1,0,0,0,0,06-JUL-2020,
OPTSTK,M&M,30-Jul-2020,210,CE,0,0,0,166.9,361.15,0,0,0,0,06-JUL-2020,
OPTSTK,M&M,30-Jul-2020,220,CE,0,0,0,158.85,351.15,0,0,0,0,06-JUL-2020,
OPTSTK,M&M,30-Jul-2020,230,CE,0,0,0,151.05,341.2,0,0,0,0,06-JUL-2020,
OPTSTK,M&M,30-Jul-2020,240,CE,0,0,0,143.55,331.2,0,0,0,0,06-JUL-2020,
OPTSTK,M&M,30-Jul-2020,250,CE,0,0,0,136.3,321.25,0,0,0,0,06-JUL-2020,
OPTSTK,M&M,30-Jul-2020,260,CE,0,0,0,129.35,311.3,0,0,0,0,06-JUL-2020,
OPTSTK,M&M,30-Jul-2020,270,CE,0,0,0,122.65,301.3,0,0,0,0,06-JUL-2020,
OPTSTK,M&M,30-Jul-2020,280,CE,0,0,0,116.2,291.35,0,0,0,0,06-JUL-2020,
OPTSTK,M&M,30-Jul-2020,290,CE,0,0,0,110.05,281.35,0,0,0,0,06-JUL-2020,
OPTSTK,M&M,30-Jul-2020,300,CE,0,0,0,104.2,271.4,0,0,0,0,06-JUL-2020,
OPTSTK,M&M,30-Jul-2020,310,CE,0,0,0,98.6,261.4,0,0,0,0,06-JUL-2020,
OPTSTK,M&M,30-Jul-2020,320,CE,0,0,0,93.25,251.45,0,0,0,0,06-JUL-2020,
OPTSTK,M&M,30-Jul-2020,330,CE,0,0,0,88.15,241.45,0,0,0,0,06-JUL-2020,
OPTSTK,M&M,30-Jul-2020,340,CE,0,0,0,83.35,231.5,0,0,0,0,06-JUL-2020,
OPTSTK,M&M,30-Jul-2020,350,CE,0,0,0,78.75,221.55,0,0,0,0,06-JUL-2020,
OPTSTK,M&M,30-Jul-2020,360,CE,0,0,0,74.4,211.55,0,0,0,0,06-JUL-2020,
OPTSTK,M&M,30-Jul-2020,370,CE,0,0,0,126,201.6,0,0,1400,0,06-JUL-2020,
OPTSTK,M&M,30-Jul-2020,380,CE,0,0,0,66.35,191.6,0,0,0,0,06-JUL-2020,
OPTSTK,M&M,30-Jul-2020,390,CE,0,0,0,62.6,181.65,0,0,0,0,06-JUL-2020,
OPTSTK,M&M,30-Jul-2020,400,CE,0,0,0,115,171.65,0,0,2800,0,06-JUL-2020,
OPTSTK,M&M,30-Jul-2020,410,CE,0,0,0,55.75,161.7,0,0,0,0,06-JUL-2020,
OPTSTK,M&M,30-Jul-2020,420,CE,0,0,0,97.5,151.75,0,0,2800,0,06-JUL-2020,
OPTSTK,M&M,30-Jul-2020,430,CE,0,0,0,77.2,141.8,0,0,8400,0,06-JUL-2020,
OPTSTK,M&M,30-Jul-2020,440,CE,0,0,0,46.85,131.9,0,0,0,0,06-JUL-2020,
OPTSTK,M&M,30-Jul-2020,450,CE,0,0,0,67.2,122.05,0,0,12600,0,06-JUL-2020,
OPTSTK,M&M,30-Jul-2020,460,CE,90,90,90,90,112.3,1,7.7,156800,-1400,06-JUL-2020,
OPTSTK,M&M,30-Jul-2020,470,CE,82.4,82.4,82.4,82.4,102.65,1,7.73,5600,0,06-JUL-2020,
OPTSTK,M&M,30-Jul-2020,480,CE,69,83,69,83,93.15,3,23.33,144200,1400,06-JUL-2020,
OPTSTK,M&M,30-Jul-2020,490,CE,64.55,76.65,64.55,76.65,83.9,9,70.87,37800,4200,06-JUL-2020,
OPTSTK,M&M,30-Jul-2020,500,CE,44.7,73.35,42,71.65,71.65,99,774.41,406000,-16800,06-JUL-2020,
OPTSTK,M&M,30-Jul-2020,510,CE,36.5,64.75,36.5,63.7,63.7,64,501.52,120400,-15400,06-JUL-2020,
OPTSTK,M&M,30-Jul-2020,520,CE,28,56.35,28,54.8,54.8,222,1747.4,487200,-30800,06-JUL-2020,
OPTSTK,M&M,30-Jul-2020,530,CE,25,48.7,23.2,47.3,47.3,387,3057.94,142800,-32200,06-JUL-2020,
OPTSTK,M&M,30-Jul-2020,540,CE,18.6,41.85,18.15,39.85,39.85,831,6599.67,250600,-57400,06-JUL-2020,
OPTSTK,M&M,30-Jul-2020,550,CE,14.7,35.25,14.4,34,34,1416,11369.85,495600,-18200,06-JUL-2020,
OPTSTK,M&M,30-Jul-2020,560,CE,11.6,29,10.85,27.7,27.7,1851,15042.86,456400,123200,06-JUL-2020,
OPTSTK,M&M,30-Jul-2020,570,CE,9,23.65,9,22.6,22.6,1023,8421.09,214200,70000,06-JUL-2020,
OPTSTK,M&M,30-Jul-2020,580,CE,5.95,18.9,5.95,17.95,17.95,1301,10820.31,351400,92400,06-JUL-2020,
OPTSTK,M&M,30-Jul-2020,590,CE,3.65,15,3.65,14.3,14.3,445,3744.1,141400,63000,06-JUL-2020,
OPTSTK,M&M,30-Jul-2020,600,CE,3.55,11.6,3.55,11.05,11.05,1870,15926.22,474600,184800,06-JUL-2020,
OPTSTK,M&M,30-Jul-2020,610,CE,4,9.1,4,8.65,8.65,128,1105.21,50400,29400,06-JUL-2020,
OPTSTK,M&M,30-Jul-2020,620,CE,2.5,7,2.35,6.6,6.6,709,6201.27,197400,0,06-JUL-2020,
OPTSTK,M&M,30-Jul-2020,630,CE,2.5,5.35,2.4,5.1,5.1,237,2105.53,50400,33600,06-JUL-2020,
OPTSTK,M&M,30-Jul-2020,640,CE,1.5,4,1.5,3.85,3.85,297,2673.97,123200,123200,06-JUL-2020,
OPTSTK,M&M,30-Jul-2020,190,PE,0,0,0,0.5,0.05,0,0,1400,0,06-JUL-2020,
OPTSTK,M&M,30-Jul-2020,200,PE,0.2,0.2,0.2,0.2,0.05,1,2.8,9800,0,06-JUL-2020,
OPTSTK,M&M,30-Jul-2020,210,PE,0,0,0,7.55,0.05,0,0,0,0,06-JUL-2020,
OPTSTK,M&M,30-Jul-2020,220,PE,0,0,0,9.4,0.05,0,0,0,0,06-JUL-2020,
OPTSTK,M&M,30-Jul-2020,230,PE,0,0,0,11.5,0.05,0,0,0,0,06-JUL-2020,
OPTSTK,M&M,30-Jul-2020,240,PE,0.3,0.3,0.3,0.3,0.05,1,3.36,1400,0,06-JUL-2020,
OPTSTK,M&M,30-Jul-2020,250,PE,0,0,0,16.5,0.05,0,0,0,0,06-JUL-2020,
OPTSTK,M&M,30-Jul-2020,260,PE,0,0,0,19.4,0.05,0,0,0,0,06-JUL-2020,
OPTSTK,M&M,30-Jul-2020,270,PE,0,0,0,22.55,0.05,0,0,0,0,06-JUL-2020,
OPTSTK,M&M,30-Jul-2020,280,PE,0,0,0,26,0.05,0,0,0,0,06-JUL-2020,
OPTSTK,M&M,30-Jul-2020,290,PE,0,0,0,29.75,0.05,0,0,0,0,06-JUL-2020,
OPTSTK,M&M,30-Jul-2020,300,PE,0,0,0,0.2,0.05,0,0,1400,0,06-JUL-2020,
OPTSTK,M&M,30-Jul-2020,310,PE,0,0,0,38,0.05,0,0,0,0,06-JUL-2020,
OPTSTK,M&M,30-Jul-2020,320,PE,0,0,0,42.55,0.05,0,0,0,0,06-JUL-2020,
OPTSTK,M&M,30-Jul-2020,330,PE,0,0,0,47.35,0.05,0,0,0,0,06-JUL-2020,
OPTSTK,M&M,30-Jul-2020,340,PE,0,0,0,52.4,0.05,0,0,0,0,06-JUL-2020,
OPTSTK,M&M,30-Jul-2020,350,PE,0,0,0,1,0.05,0,0,12600,0,06-JUL-2020,
OPTSTK,M&M,30-Jul-2020,360,PE,0,0,0,63.15,0.05,0,0,0,0,06-JUL-2020,
OPTSTK,M&M,30-Jul-2020,370,PE,0,0,0,68.9,0.05,0,0,0,0,06-JUL-2020,
OPTSTK,M&M,30-Jul-2020,380,PE,0,0,0,74.85,0.05,0,0,0,0,06-JUL-2020,
OPTSTK,M&M,30-Jul-2020,390,PE,0,0,0,16.55,0.05,0,0,1400,0,06-JUL-2020,
OPTSTK,M&M,30-Jul-2020,400,PE,0.6,0.65,0.5,0.55,0.55,82,459.85,359800,0,06-JUL-2020,
OPTSTK,M&M,30-Jul-2020,410,PE,0,0,0,93.9,0.05,0,0,0,0,06-JUL-2020,
OPTSTK,M&M,30-Jul-2020,420,PE,0.9,0.9,0.65,0.65,0.05,17,100.14,21000,2800,06-JUL-2020,
OPTSTK,M&M,30-Jul-2020,430,PE,0.95,1.05,0.8,0.8,0.05,13,78.43,29400,1400,06-JUL-2020,
OPTSTK,M&M,30-Jul-2020,440,PE,1.3,1.3,0.75,0.8,0.8,20,123.47,36400,-7000,06-JUL-2020,
OPTSTK,M&M,30-Jul-2020,450,PE,1.9,1.9,0.95,1,1,175,1105.65,441000,-33600,06-JUL-2020,
OPTSTK,M&M,30-Jul-2020,460,PE,2.7,2.7,1.3,1.4,1.4,120,775.79,201600,-21000,06-JUL-2020,
OPTSTK,M&M,30-Jul-2020,470,PE,2.95,3.5,1.8,1.9,1.9,115,760.57,140000,-28000,06-JUL-2020,
OPTSTK,M&M,30-Jul-2020,480,PE,5.5,5.5,2.4,2.55,2.55,392,2652.93,397600,14000,06-JUL-2020,
OPTSTK,M&M,30-Jul-2020,490,PE,6,6.1,3.3,3.45,3.45,272,1881.69,217000,67200,06-JUL-2020,
OPTSTK,M&M,30-Jul-2020,500,PE,10.2,10.2,4.4,4.6,4.6,1380,9777.26,931000,330400,06-JUL-2020,
OPTSTK,M&M,30-Jul-2020,510,PE,10.65,11.7,5.7,5.9,5.9,666,4828.1,331800,180600,06-JUL-2020,
OPTSTK,M&M,30-Jul-2020,520,PE,14.8,15.6,7.3,7.65,7.65,1176,8727.36,649600,438200,06-JUL-2020,
OPTSTK,M&M,30-Jul-2020,530,PE,19.05,19.85,9.75,10.1,10.1,745,5661.43,316400,260400,06-JUL-2020,
OPTSTK,M&M,30-Jul-2020,540,PE,22.85,23.15,12.45,12.85,12.85,880,6850.02,358400,320600,06-JUL-2020,
OPTSTK,M&M,30-Jul-2020,550,PE,26.4,27,16,16.35,16.35,818,6516.63,415800,393400,06-JUL-2020,
OPTSTK,M&M,30-Jul-2020,560,PE,30.85,30.85,19.85,20.45,20.45,543,4428.2,281400,270200,06-JUL-2020,
OPTSTK,M&M,30-Jul-2020,570,PE,36.5,36.5,24.35,25.3,25.3,102,851.17,106400,105000,06-JUL-2020,
OPTSTK,M&M,30-Jul-2020,580,PE,40.85,40.85,29.8,30.55,30.55,37,317.01,29400,29400,06-JUL-2020,
OPTSTK,M&M,30-Jul-2020,590,PE,40.15,40.15,36.5,36.55,36.55,6,52.75,7000,5600,06-JUL-2020,
OPTSTK,M&M,30-Jul-2020,600,PE,58.2,58.2,43.1,43.4,43.4,8,72.68,7000,7000,06-JUL-2020,
OPTSTK,M&M,30-Jul-2020,610,PE,0,0,0,191.95,48.75,0,0,0,0,06-JUL-2020,
OPTSTK,M&M,30-Jul-2020,620,PE,0,0,0,166.9,56.4,0,0,0,0,06-JUL-2020,
OPTSTK,M&M,30-Jul-2020,630,PE,0,0,0,146.85,64.4,0,0,0,0,06-JUL-2020,
OPTSTK,M&M,30-Jul-2020,640,PE,0,0,0,155.9,72.85,0,0,0,0,06-JUL-2020,
OPTSTK,M&M,27-Aug-2020,280,CE,0,0,0,170.75,292.25,0,0,0,0,06-JUL-2020,
OPTSTK,M&M,27-Aug-2020,290,CE,0,0,0,162.45,282.3,0,0,0,0,06-JUL-2020,
OPTSTK,M&M,27-Aug-2020,300,CE,0,0,0,154.4,272.35,0,0,0,0,06-JUL-2020,
OPTSTK,M&M,27-Aug-2020,310,CE,0,0,0,146.6,262.4,0,0,0,0,06-JUL-2020,
OPTSTK,M&M,27-Aug-2020,320,CE,0,0,0,139,252.5,0,0,0,0,06-JUL-2020,
OPTSTK,M&M,27-Aug-2020,330,CE,0,0,0,131.7,242.55,0,0,0,0,06-JUL-2020,
OPTSTK,M&M,27-Aug-2020,340,CE,0,0,0,124.65,232.6,0,0,0,0,06-JUL-2020,
OPTSTK,M&M,27-Aug-2020,350,CE,0,0,0,117.85,222.7,0,0,0,0,06-JUL-2020,
OPTSTK,M&M,27-Aug-2020,360,CE,0,0,0,111.35,212.75,0,0,0,0,06-JUL-2020,
OPTSTK,M&M,27-Aug-2020,370,CE,0,0,0,105.1,202.85,0,0,0,0,06-JUL-2020,
OPTSTK,M&M,27-Aug-2020,380,CE,0,0,0,99.1,192.95,0,0,0,0,06-JUL-2020,
OPTSTK,M&M,27-Aug-2020,390,CE,0,0,0,93.4,183.1,0,0,0,0,06-JUL-2020,
OPTSTK,M&M,27-Aug-2020,400,CE,0,0,0,87.95,173.3,0,0,0,0,06-JUL-2020,
OPTSTK,M&M,27-Aug-2020,410,CE,0,0,0,99.9,163.5,0,0,2800,0,06-JUL-2020,
OPTSTK,M&M,27-Aug-2020,420,CE,0,0,0,91.4,153.85,0,0,2800,0,06-JUL-2020,
OPTSTK,M&M,27-Aug-2020,430,CE,0,0,0,93.75,144.25,0,0,14000,0,06-JUL-2020,
OPTSTK,M&M,27-Aug-2020,440,CE,0,0,0,80.95,134.8,0,0,4200,0,06-JUL-2020,
OPTSTK,M&M,27-Aug-2020,450,CE,0,0,0,70.4,125.55,0,0,14000,0,06-JUL-2020,
OPTSTK,M&M,27-Aug-2020,460,CE,0,0,0,60.45,116.45,0,0,0,0,06-JUL-2020,
OPTSTK,M&M,27-Aug-2020,470,CE,0,0,0,62.7,107.6,0,0,5600,0,06-JUL-2020,
OPTSTK,M&M,27-Aug-2020,480,CE,0,0,0,53.1,99,0,0,0,0,06-JUL-2020,
OPTSTK,M&M,27-Aug-2020,490,CE,0,0,0,49.75,90.7,0,0,0,0,06-JUL-2020,
OPTSTK,M&M,27-Aug-2020,500,CE,0,0,0,46.6,82.75,0,0,0,0,06-JUL-2020,
OPTSTK,M&M,27-Aug-2020,510,CE,0,0,0,43.6,75.15,0,0,0,0,06-JUL-2020,
OPTSTK,M&M,27-Aug-2020,520,CE,0,0,0,40.8,67.95,0,0,0,0,06-JUL-2020,
OPTSTK,M&M,27-Aug-2020,530,CE,0,0,0,38.15,61.15,0,0,0,0,06-JUL-2020,
OPTSTK,M&M,27-Aug-2020,540,CE,37.7,37.7,37.7,37.7,54.8,1,8.08,1400,1400,06-JUL-2020,
OPTSTK,M&M,27-Aug-2020,550,CE,46.85,46.85,46.85,46.85,46.85,1,8.35,9800,-1400,06-JUL-2020,
OPTSTK,M&M,27-Aug-2020,560,CE,0,0,0,19.7,43.4,0,0,8400,0,06-JUL-2020,
OPTSTK,M&M,27-Aug-2020,570,CE,0,0,0,29.15,38.35,0,0,0,0,06-JUL-2020,
OPTSTK,M&M,27-Aug-2020,580,CE,22.2,25,22.2,25,33.75,6,50.62,29400,8400,06-JUL-2020,
OPTSTK,M&M,27-Aug-2020,590,CE,18.8,20.45,18.8,20.45,29.55,9,76.75,28000,12600,06-JUL-2020,
OPTSTK,M&M,27-Aug-2020,600,CE,15.95,22.8,15.9,22.8,22.8,28,241.93,33600,33600,06-JUL-2020,
OPTSTK,M&M,27-Aug-2020,610,CE,13.4,13.4,13.4,13.4,22.35,3,26.18,4200,4200,06-JUL-2020,
OPTSTK,M&M,27-Aug-2020,620,CE,12,12,12,12,19.35,1,8.84,1400,1400,06-JUL-2020,
OPTSTK,M&M,27-Aug-2020,630,CE,13,13,12,12,12,2,17.99,2800,2800,06-JUL-2020,
OPTSTK,M&M,27-Aug-2020,640,CE,0,0,0,11.5,14.25,0,0,0,0,06-JUL-2020,
OPTSTK,M&M,27-Aug-2020,280,PE,0,0,0,6.95,0.05,0,0,0,0,06-JUL-2020,
OPTSTK,M&M,27-Aug-2020,290,PE,0,0,0,8.55,0.05,0,0,0,0,06-JUL-2020,
OPTSTK,M&M,27-Aug-2020,300,PE,0,0,0,10.35,0.05,0,0,0,0,06-JUL-2020,
OPTSTK,M&M,27-Aug-2020,310,PE,0,0,0,12.45,0.05,0,0,0,0,06-JUL-2020,
OPTSTK,M&M,27-Aug-2020,320,PE,0,0,0,14.75,0.05,0,0,0,0,06-JUL-2020,
OPTSTK,M&M,27-Aug-2020,330,PE,0,0,0,17.3,0.05,0,0,0,0,06-JUL-2020,
OPTSTK,M&M,27-Aug-2020,340,PE,0,0,0,20.15,0.05,0,0,0,0,06-JUL-2020,
OPTSTK,M&M,27-Aug-2020,350,PE,0,0,0,23.2,0.05,0,0,0,0,06-JUL-2020,
OPTSTK,M&M,27-Aug-2020,360,PE,0,0,0,26.55,0.05,0,0,0,0,06-JUL-2020,
OPTSTK,M&M,27-Aug-2020,370,PE,0,0,0,30.2,0.05,0,0,0,0,06-JUL-2020,
OPTSTK,M&M,27-Aug-2020,380,PE,0,0,0,34.1,0.1,0,0,0,0,06-JUL-2020,
OPTSTK,M&M,27-Aug-2020,390,PE,0,0,0,38.25,0.2,0,0,0,0,06-JUL-2020,
OPTSTK,M&M,27-Aug-2020,400,PE,0,0,0,42.65,0.3,0,0,0,0,06-JUL-2020,
OPTSTK,M&M,27-Aug-2020,410,PE,0,0,0,47.35,0.5,0,0,0,0,06-JUL-2020,
OPTSTK,M&M,27-Aug-2020,420,PE,0,0,0,52.3,0.75,0,0,0,0,06-JUL-2020,
OPTSTK,M&M,27-Aug-2020,430,PE,0,0,0,57.5,1.1,0,0,0,0,06-JUL-2020,
OPTSTK,M&M,27-Aug-2020,440,PE,0,0,0,62.9,1.6,0,0,0,0,06-JUL-2020,
OPTSTK,M&M,27-Aug-2020,450,PE,0,0,0,9.35,2.25,0,0,39200,0,06-JUL-2020,
OPTSTK,M&M,27-Aug-2020,460,PE,5.45,5.45,4.5,5,5,2,13.01,37800,1400,06-JUL-2020,
OPTSTK,M&M,27-Aug-2020,470,PE,0,0,0,14.15,4.2,0,0,4200,0,06-JUL-2020,
OPTSTK,M&M,27-Aug-2020,480,PE,10.15,10.15,9.6,9.6,5.55,20,137.16,29400,28000,06-JUL-2020,
OPTSTK,M&M,27-Aug-2020,490,PE,10.7,10.7,10.65,10.65,7.2,10,70.09,14000,14000,06-JUL-2020,
OPTSTK,M&M,27-Aug-2020,500,PE,12,12,12,12,9.2,1,7.16,1400,1400,06-JUL-2020,
OPTSTK,M&M,27-Aug-2020,510,PE,16.05,16.05,13,13,13,5,36.78,11200,7000,06-JUL-2020,
OPTSTK,M&M,27-Aug-2020,520,PE,0,0,0,114.05,14.25,0,0,0,0,06-JUL-2020,
OPTSTK,M&M,27-Aug-2020,530,PE,0,0,0,121.3,17.4,0,0,0,0,06-JUL-2020,
OPTSTK,M&M,27-Aug-2020,540,PE,0,0,0,128.75,21,0,0,0,0,06-JUL-2020,
OPTSTK,M&M,27-Aug-2020,550,PE,0,0,0,136.3,25,0,0,0,0,06-JUL-2020,
OPTSTK,M&M,27-Aug-2020,560,PE,0,0,0,144,29.45,0,0,0,0,06-JUL-2020,
OPTSTK,M&M,27-Aug-2020,570,PE,0,0,0,151.8,34.35,0,0,0,0,06-JUL-2020,
OPTSTK,M&M,27-Aug-2020,580,PE,0,0,0,159.8,39.7,0,0,0,0,06-JUL-2020,
OPTSTK,M&M,27-Aug-2020,590,PE,0,0,0,167.85,45.45,0,0,0,0,06-JUL-2020,
OPTSTK,M&M,27-Aug-2020,600,PE,0,0,0,176.05,51.6,0,0,0,0,06-JUL-2020,
OPTSTK,M&M,27-Aug-2020,610,PE,0,0,0,165.4,58.15,0,0,0,0,06-JUL-2020,
OPTSTK,M&M,27-Aug-2020,620,PE,0,0,0,173.6,65.05,0,0,0,0,06-JUL-2020,
OPTSTK,M&M,27-Aug-2020,630,PE,0,0,0,150.65,72.3,0,0,0,0,06-JUL-2020,
OPTSTK,M&M,27-Aug-2020,640,PE,0,0,0,159.2,79.85,0,0,0,0,06-JUL-2020,
OPTSTK,M&M,24-Sep-2020,290,CE,0,0,0,221.25,283.25,0,0,0,0,06-JUL-2020,
OPTSTK,M&M,24-Sep-2020,300,CE,0,0,0,211.6,273.35,0,0,0,0,06-JUL-2020,
OPTSTK,M&M,24-Sep-2020,310,CE,0,0,0,202.1,263.45,0,0,0,0,06-JUL-2020,
OPTSTK,M&M,24-Sep-2020,320,CE,0,0,0,192.65,253.55,0,0,0,0,06-JUL-2020,
OPTSTK,M&M,24-Sep-2020,330,CE,0,0,0,183.35,243.65,0,0,0,0,06-JUL-2020,
OPTSTK,M&M,24-Sep-2020,340,CE,0,0,0,174.15,233.8,0,0,0,0,06-JUL-2020,
OPTSTK,M&M,24-Sep-2020,350,CE,0,0,0,165.15,223.95,0,0,0,0,06-JUL-2020,
OPTSTK,M&M,24-Sep-2020,360,CE,0,0,0,156.35,214.15,0,0,0,0,06-JUL-2020,
OPTSTK,M&M,24-Sep-2020,370,CE,0,0,0,147.7,204.4,0,0,0,0,06-JUL-2020,
OPTSTK,M&M,24-Sep-2020,380,CE,0,0,0,139.3,194.7,0,0,0,0,06-JUL-2020,
OPTSTK,M&M,24-Sep-2020,390,CE,0,0,0,131.15,185.05,0,0,0,0,06-JUL-2020,
OPTSTK,M&M,24-Sep-2020,400,CE,0,0,0,123.2,175.5,0,0,0,0,06-JUL-2020,
OPTSTK,M&M,24-Sep-2020,410,CE,0,0,0,115.55,166.05,0,0,0,0,06-JUL-2020,
OPTSTK,M&M,24-Sep-2020,420,CE,0,0,0,108.2,156.75,0,0,0,0,06-JUL-2020,
OPTSTK,M&M,24-Sep-2020,430,CE,0,0,0,101.15,147.6,0,0,0,0,06-JUL-2020,
OPTSTK,M&M,24-Sep-2020,440,CE,0,0,0,94.35,138.65,0,0,0,0,06-JUL-2020,
OPTSTK,M&M,24-Sep-2020,450,CE,0,0,0,87.85,129.85,0,0,0,0,06-JUL-2020,
OPTSTK,M&M,24-Sep-2020,460,CE,0,0,0,81.7,121.35,0,0,0,0,06-JUL-2020,
OPTSTK,M&M,24-Sep-2020,470,CE,0,0,0,75.8,113.05,0,0,0,0,06-JUL-2020,
OPTSTK,M&M,24-Sep-2020,480,CE,0,0,0,70.25,105.05,0,0,0,0,06-JUL-2020,
OPTSTK,M&M,24-Sep-2020,490,CE,0,0,0,65,97.35,0,0,0,0,06-JUL-2020,
OPTSTK,M&M,24-Sep-2020,500,CE,0,0,0,60.05,89.95,0,0,0,0,06-JUL-2020,
OPTSTK,M&M,24-Sep-2020,510,CE,0,0,0,55.4,82.9,0,0,0,0,06-JUL-2020,
OPTSTK,M&M,24-Sep-2020,520,CE,0,0,0,51.05,76.2,0,0,0,0,06-JUL-2020,
OPTSTK,M&M,24-Sep-2020,530,CE,0,0,0,46.95,69.8,0,0,0,0,06-JUL-2020,
OPTSTK,M&M,24-Sep-2020,540,CE,0,0,0,43.15,63.8,0,0,0,0,06-JUL-2020,
OPTSTK,M&M,24-Sep-2020,550,CE,0,0,0,39.6,58.15,0,0,0,0,06-JUL-2020,
OPTSTK,M&M,24-Sep-2020,560,CE,0,0,0,36.3,52.85,0,0,0,0,06-JUL-2020,
OPTSTK,M&M,24-Sep-2020,570,CE,0,0,0,33.2,47.9,0,0,0,0,06-JUL-2020,
OPTSTK,M&M,24-Sep-2020,580,CE,0,0,0,30.35,43.35,0,0,0,0,06-JUL-2020,
OPTSTK,M&M,24-Sep-2020,590,CE,0,0,0,27.7,39.1,0,0,0,0,06-JUL-2020,
OPTSTK,M&M,24-Sep-2020,600,CE,0,0,0,25.3,35.15,0,0,0,0,06-JUL-2020,
OPTSTK,M&M,24-Sep-2020,610,CE,0,0,0,23.1,31.55,0,0,0,0,06-JUL-2020,
OPTSTK,M&M,24-Sep-2020,620,CE,0,0,0,21,28.25,0,0,0,0,06-JUL-2020,
OPTSTK,M&M,24-Sep-2020,630,CE,0,0,0,19.15,25.2,0,0,0,0,06-JUL-2020,
OPTSTK,M&M,24-Sep-2020,640,CE,0,0,0,17.35,22.45,0,0,0,0,06-JUL-2020,
OPTSTK,M&M,24-Sep-2020,290,PE,0,0,0,0.6,0.05,0,0,0,0,06-JUL-2020,
OPTSTK,M&M,24-Sep-2020,300,PE,0,0,0,0.9,0.05,0,0,0,0,06-JUL-2020,
OPTSTK,M&M,24-Sep-2020,310,PE,0,0,0,1.25,0.05,0,0,0,0,06-JUL-2020,
OPTSTK,M&M,24-Sep-2020,320,PE,0,0,0,1.7,0.05,0,0,0,0,06-JUL-2020,
OPTSTK,M&M,24-Sep-2020,330,PE,0,0,0,2.25,0.05,0,0,0,0,06-JUL-2020,
OPTSTK,M&M,24-Sep-2020,340,PE,0,0,0,2.95,0.1,0,0,0,0,06-JUL-2020,
OPTSTK,M&M,24-Sep-2020,350,PE,0,0,0,3.85,0.15,0,0,0,0,06-JUL-2020,
OPTSTK,M&M,24-Sep-2020,360,PE,0,0,0,4.9,0.25,0,0,0,0,06-JUL-2020,
OPTSTK,M&M,24-Sep-2020,370,PE,0,0,0,6.15,0.4,0,0,0,0,06-JUL-2020,
OPTSTK,M&M,24-Sep-2020,380,PE,0,0,0,7.65,0.6,0,0,0,0,06-JUL-2020,
OPTSTK,M&M,24-Sep-2020,390,PE,0,0,0,9.35,0.9,0,0,0,0,06-JUL-2020,
OPTSTK,M&M,24-Sep-2020,400,PE,0,0,0,11.35,1.25,0,0,0,0,06-JUL-2020,
OPTSTK,M&M,24-Sep-2020,410,PE,0,0,0,13.55,1.7,0,0,0,0,06-JUL-2020,
OPTSTK,M&M,24-Sep-2020,420,PE,0,0,0,16.1,2.3,0,0,0,0,06-JUL-2020,
OPTSTK,M&M,24-Sep-2020,430,PE,0,0,0,18.9,3.05,0,0,0,0,06-JUL-2020,
OPTSTK,M&M,24-Sep-2020,440,PE,0,0,0,22,4,0,0,0,0,06-JUL-2020,
OPTSTK,M&M,24-Sep-2020,450,PE,0,0,0,25.4,5.15,0,0,0,0,06-JUL-2020,
OPTSTK,M&M,24-Sep-2020,460,PE,0,0,0,29.1,6.55,0,0,0,0,06-JUL-2020,
OPTSTK,M&M,24-Sep-2020,470,PE,0,0,0,33.1,8.15,0,0,0,0,06-JUL-2020,
OPTSTK,M&M,24-Sep-2020,480,PE,0,0,0,37.45,10.05,0,0,0,0,06-JUL-2020,
OPTSTK,M&M,24-Sep-2020,490,PE,0,0,0,42.1,12.25,0,0,0,0,06-JUL-2020,
OPTSTK,M&M,24-Sep-2020,500,PE,0,0,0,47,14.8,0,0,0,0,06-JUL-2020,
OPTSTK,M&M,24-Sep-2020,510,PE,0,0,0,52.25,17.65,0,0,0,0,06-JUL-2020,
OPTSTK,M&M,24-Sep-2020,520,PE,0,0,0,57.75,20.8,0,0,0,0,06-JUL-2020,
OPTSTK,M&M,24-Sep-2020,530,PE,0,0,0,63.55,24.35,0,0,0,0,06-JUL-2020,
OPTSTK,M&M,24-Sep-2020,540,PE,0,0,0,69.65,28.25,0,0,0,0,06-JUL-2020,
OPTSTK,M&M,24-Sep-2020,550,PE,0,0,0,75.95,32.5,0,0,0,0,06-JUL-2020,
OPTSTK,M&M,24-Sep-2020,560,PE,0,0,0,82.55,37.1,0,0,0,0,06-JUL-2020,
OPTSTK,M&M,24-Sep-2020,570,PE,0,0,0,89.35,42.1,0,0,0,0,06-JUL-2020,
OPTSTK,M&M,24-Sep-2020,580,PE,0,0,0,96.4,47.4,0,0,0,0,06-JUL-2020,
OPTSTK,M&M,24-Sep-2020,590,PE,0,0,0,103.65,53.05,0,0,0,0,06-JUL-2020,
OPTSTK,M&M,24-Sep-2020,600,PE,0,0,0,111.1,59.05,0,0,0,0,06-JUL-2020,
OPTSTK,M&M,24-Sep-2020,610,PE,0,0,0,118.75,65.35,0,0,0,0,06-JUL-2020,
OPTSTK,M&M,24-Sep-2020,620,PE,0,0,0,126.6,71.95,0,0,0,0,06-JUL-2020,
OPTSTK,M&M,24-Sep-2020,630,PE,0,0,0,134.55,78.85,0,0,0,0,06-JUL-2020,
OPTSTK,M&M,24-Sep-2020,640,PE,0,0,0,142.7,86,0,0,0,0,06-JUL-2020,
OPTSTK,M&MFIN,30-Jul-2020,70,CE,0,0,0,100,113.05,0,0,0,0,06-JUL-2020,
OPTSTK,M&MFIN,30-Jul-2020,80,CE,0,0,0,92.05,103.05,0,0,0,0,06-JUL-2020,
OPTSTK,M&MFIN,30-Jul-2020,90,CE,0,0,0,84.65,93.1,0,0,0,0,06-JUL-2020,
OPTSTK,M&MFIN,30-Jul-2020,100,CE,0,0,0,78.05,83.15,0,0,2100,0,06-JUL-2020,
OPTSTK,M&MFIN,30-Jul-2020,105,CE,0,0,0,44.75,78.15,0,0,0,0,06-JUL-2020,
OPTSTK,M&MFIN,30-Jul-2020,110,CE,0,0,0,71.45,73.15,0,0,0,0,06-JUL-2020,
OPTSTK,M&MFIN,30-Jul-2020,115,CE,0,0,0,39.2,68.2,0,0,0,0,06-JUL-2020,
OPTSTK,M&MFIN,30-Jul-2020,120,CE,0,0,0,65.65,63.25,0,0,0,0,06-JUL-2020,
OPTSTK,M&MFIN,30-Jul-2020,125,CE,0,0,0,34.25,58.3,0,0,0,0,06-JUL-2020,
OPTSTK,M&MFIN,30-Jul-2020,130,CE,0,0,0,48,53.4,0,0,16800,0,06-JUL-2020,
OPTSTK,M&MFIN,30-Jul-2020,135,CE,0,0,0,29.95,48.55,0,0,0,0,06-JUL-2020,
OPTSTK,M&MFIN,30-Jul-2020,140,CE,0,0,0,34.25,43.8,0,0,2100,0,06-JUL-2020,
OPTSTK,M&MFIN,30-Jul-2020,145,CE,0,0,0,26.15,39.2,0,0,0,0,06-JUL-2020,
OPTSTK,M&MFIN,30-Jul-2020,150,CE,35.65,36.6,35.4,35.4,34.8,3,11.71,14700,-6300,06-JUL-2020,
OPTSTK,M&MFIN,30-Jul-2020,155,CE,0,0,0,29.3,30.55,0,0,2100,0,06-JUL-2020,
OPTSTK,M&MFIN,30-Jul-2020,160,CE,28.5,28.5,25.9,25.9,26.6,10,39.12,119700,8400,06-JUL-2020,
OPTSTK,M&MFIN,30-Jul-2020,165,CE,0,0,0,23,22.9,0,0,10500,0,06-JUL-2020,
OPTSTK,M&MFIN,30-Jul-2020,170,CE,20.85,20.85,18.1,18.95,18.95,13,51.68,119700,-10500,06-JUL-2020,
OPTSTK,M&MFIN,30-Jul-2020,175,CE,17,17.25,14.8,16,16.45,14,56.08,73500,2100,06-JUL-2020,
OPTSTK,M&MFIN,30-Jul-2020,180,CE,14,15.7,12.05,13.25,13.25,385,1563.58,812700,81900,06-JUL-2020,
OPTSTK,M&MFIN,30-Jul-2020,185,CE,11.1,13.05,9.9,10.85,10.85,345,1422.06,281400,46200,06-JUL-2020,
OPTSTK,M&MFIN,30-Jul-2020,190,CE,9.75,10.85,8,8.9,8.9,628,2627.8,913500,84000,06-JUL-2020,
OPTSTK,M&MFIN,30-Jul-2020,195,CE,7.9,8.9,6.45,7.2,7.2,92,391.29,195300,6300,06-JUL-2020,
OPTSTK,M&MFIN,30-Jul-2020,200,CE,6.1,7.1,5.25,5.8,5.8,544,2354.53,1075200,-25200,06-JUL-2020,
OPTSTK,M&MFIN,30-Jul-2020,205,CE,5.25,5.55,4.15,4.65,4.65,44,193.86,46200,-4200,06-JUL-2020,
OPTSTK,M&MFIN,30-Jul-2020,210,CE,3.65,4.7,3.35,3.75,3.75,168,754.63,273000,33600,06-JUL-2020,
OPTSTK,M&MFIN,30-Jul-2020,215,CE,2.7,3.15,2.7,3.15,2.95,7,32.03,2100,2100,06-JUL-2020,
OPTSTK,M&MFIN,30-Jul-2020,220,CE,2.5,2.95,2.1,2.4,2.4,79,369.08,281400,6300,06-JUL-2020,
OPTSTK,M&MFIN,30-Jul-2020,225,CE,1.65,2.2,1.65,2.2,1.75,6,28.59,8400,0,06-JUL-2020,
OPTSTK,M&MFIN,30-Jul-2020,230,CE,1.7,1.7,1.3,1.65,1.65,42,204.25,102900,18900,06-JUL-2020,
OPTSTK,M&MFIN,30-Jul-2020,235,CE,0,0,0,3.25,1,0,0,0,0,06-JUL-2020,
OPTSTK,M&MFIN,30-Jul-2020,240,CE,1.1,1.1,0.7,0.95,0.95,15,75.89,69300,-6300,06-JUL-2020,
OPTSTK,M&MFIN,30-Jul-2020,245,CE,0,0,0,2.9,0.6,0,0,0,0,06-JUL-2020,
OPTSTK,M&MFIN,30-Jul-2020,250,CE,0.5,0.65,0.5,0.65,0.65,4,21.05,54600,0,06-JUL-2020,
OPTSTK,M&MFIN,30-Jul-2020,260,CE,0.3,0.8,0.3,0.55,0.55,3,16.4,18900,-2100,06-JUL-2020,
OPTSTK,M&MFIN,30-Jul-2020,270,CE,0,0,0,19.5,0.1,0,0,0,0,06-JUL-2020,
OPTSTK,M&MFIN,30-Jul-2020,280,CE,0,0,0,18.1,0.05,0,0,0,0,06-JUL-2020,
OPTSTK,M&MFIN,30-Jul-2020,70,PE,0,0,0,3.2,0.05,0,0,0,0,06-JUL-2020,
OPTSTK,M&MFIN,30-Jul-2020,80,PE,0,0,0,5.1,0.05,0,0,0,0,06-JUL-2020,
OPTSTK,M&MFIN,30-Jul-2020,90,PE,0,0,0,7.6,0.05,0,0,0,0,06-JUL-2020,
OPTSTK,M&MFIN,30-Jul-2020,100,PE,0,0,0,10.6,0.05,0,0,0,0,06-JUL-2020,
OPTSTK,M&MFIN,30-Jul-2020,105,PE,0,0,0,12.25,0.05,0,0,0,0,06-JUL-2020,
OPTSTK,M&MFIN,30-Jul-2020,110,PE,0,0,0,4.05,0.05,0,0,2100,0,06-JUL-2020,
OPTSTK,M&MFIN,30-Jul-2020,115,PE,0,0,0,16.6,0.05,0,0,0,0,06-JUL-2020,
OPTSTK,M&MFIN,30-Jul-2020,120,PE,0,0,0,0.6,0.05,0,0,8400,0,06-JUL-2020,
OPTSTK,M&MFIN,30-Jul-2020,125,PE,0,0,0,21.6,0.1,0,0,0,0,06-JUL-2020,
OPTSTK,M&MFIN,30-Jul-2020,130,PE,0.35,0.35,0.3,0.35,0.2,4,10.94,119700,-6300,06-JUL-2020,
OPTSTK,M&MFIN,30-Jul-2020,135,PE,0,0,0,0.5,0.35,0,0,6300,0,06-JUL-2020,
OPTSTK,M&MFIN,30-Jul-2020,140,PE,0.6,0.75,0.6,0.65,0.65,19,56.11,184800,-10500,06-JUL-2020,
OPTSTK,M&MFIN,30-Jul-2020,145,PE,0,0,0,2.1,0.95,0,0,29400,0,06-JUL-2020,
OPTSTK,M&MFIN,30-Jul-2020,150,PE,1.6,1.8,1.4,1.7,1.7,57,181.45,237300,2100,06-JUL-2020,
OPTSTK,M&MFIN,30-Jul-2020,155,PE,2.7,2.7,2.2,2.3,2.3,26,85.89,42000,-2100,06-JUL-2020,
OPTSTK,M&MFIN,30-Jul-2020,160,PE,3,3.4,2.75,3.35,3.35,119,407.68,411600,18900,06-JUL-2020,
OPTSTK,M&MFIN,30-Jul-2020,165,PE,4.25,4.6,3.9,4.5,4.5,45,160.02,69300,-6300,06-JUL-2020,
OPTSTK,M&MFIN,30-Jul-2020,170,PE,5.55,6.3,5,6.15,6.15,154,568.56,268800,6300,06-JUL-2020,
OPTSTK,M&MFIN,30-Jul-2020,175,PE,7.15,8.15,6.55,8,8,70,268.48,111300,-8400,06-JUL-2020,
OPTSTK,M&MFIN,30-Jul-2020,180,PE,8.4,10.6,8.35,10.35,10.35,333,1327.13,321300,31500,06-JUL-2020,
OPTSTK,M&MFIN,30-Jul-2020,185,PE,12,13.25,10.65,12.95,12.95,121,501.34,79800,14700,06-JUL-2020,
OPTSTK,M&MFIN,30-Jul-2020,190,PE,14.7,16.35,13.15,16.05,16.05,64,275.58,54600,8400,06-JUL-2020,
OPTSTK,M&MFIN,30-Jul-2020,195,PE,16.55,16.55,16.55,16.55,19.15,2,8.88,4200,0,06-JUL-2020,
OPTSTK,M&MFIN,30-Jul-2020,200,PE,22.35,22.35,22.35,22.35,22.65,1,4.66,10500,0,06-JUL-2020,
OPTSTK,M&MFIN,30-Jul-2020,205,PE,0,0,0,27.9,26.4,0,0,4200,0,06-JUL-2020,
OPTSTK,M&MFIN,30-Jul-2020,210,PE,0,0,0,72.5,30.35,0,0,0,0,06-JUL-2020,
OPTSTK,M&MFIN,30-Jul-2020,215,PE,0,0,0,78.4,34.5,0,0,0,0,06-JUL-2020,
OPTSTK,M&MFIN,30-Jul-2020,220,PE,0,0,0,80,38.85,0,0,0,0,06-JUL-2020,
OPTSTK,M&MFIN,30-Jul-2020,225,PE,0,0,0,72.75,43.3,0,0,0,0,06-JUL-2020,
OPTSTK,M&MFIN,30-Jul-2020,230,PE,0,0,0,87.7,47.85,0,0,0,0,06-JUL-2020,
OPTSTK,M&MFIN,30-Jul-2020,235,PE,0,0,0,73.25,52.5,0,0,0,0,06-JUL-2020,
OPTSTK,M&MFIN,30-Jul-2020,240,PE,0,0,0,95.55,57.25,0,0,0,0,06-JUL-2020,
OPTSTK,M&MFIN,30-Jul-2020,245,PE,0,0,0,72.25,62.05,0,0,0,0,06-JUL-2020,
OPTSTK,M&MFIN,30-Jul-2020,250,PE,0,0,0,103.6,66.9,0,0,0,0,06-JUL-2020,
OPTSTK,M&MFIN,30-Jul-2020,260,PE,0,0,0,111.8,76.65,0,0,0,0,06-JUL-2020,
OPTSTK,M&MFIN,30-Jul-2020,270,PE,0,0,0,120.15,86.5,0,0,0,0,06-JUL-2020,
OPTSTK,M&MFIN,30-Jul-2020,280,PE,0,0,0,128.6,96.45,0,0,0,0,06-JUL-2020,
OPTSTK,M&MFIN,27-Aug-2020,70,CE,0,0,0,72,113.25,0,0,0,0,06-JUL-2020,
OPTSTK,M&MFIN,27-Aug-2020,75,CE,0,0,0,68.25,108.3,0,0,0,0,06-JUL-2020,
OPTSTK,M&MFIN,27-Aug-2020,80,CE,0,0,0,64.7,103.35,0,0,0,0,06-JUL-2020,
OPTSTK,M&MFIN,27-Aug-2020,85,CE,0,0,0,61.35,98.35,0,0,0,0,06-JUL-2020,
OPTSTK,M&MFIN,27-Aug-2020,90,CE,0,0,0,58.1,93.4,0,0,0,0,06-JUL-2020,
OPTSTK,M&MFIN,27-Aug-2020,95,CE,0,0,0,55.05,88.45,0,0,0,0,06-JUL-2020,
OPTSTK,M&MFIN,27-Aug-2020,100,CE,0,0,0,52.15,83.5,0,0,0,0,06-JUL-2020,
OPTSTK,M&MFIN,27-Aug-2020,105,CE,0,0,0,49.4,78.6,0,0,0,0,06-JUL-2020,
OPTSTK,M&MFIN,27-Aug-2020,110,CE,0,0,0,46.8,73.75,0,0,0,0,06-JUL-2020,
OPTSTK,M&MFIN,27-Aug-2020,115,CE,0,0,0,44.3,68.9,0,0,0,0,06-JUL-2020,
OPTSTK,M&MFIN,27-Aug-2020,120,CE,0,0,0,41.95,64.15,0,0,0,0,06-JUL-2020,
OPTSTK,M&MFIN,27-Aug-2020,125,CE,0,0,0,39.75,59.5,0,0,0,0,06-JUL-2020,
OPTSTK,M&MFIN,27-Aug-2020,130,CE,0,0,0,37.65,54.95,0,0,0,0,06-JUL-2020,
OPTSTK,M&MFIN,27-Aug-2020,135,CE,0,0,0,35.7,50.55,0,0,0,0,06-JUL-2020,
OPTSTK,M&MFIN,27-Aug-2020,140,CE,0,0,0,33.85,46.25,0,0,0,0,06-JUL-2020,
OPTSTK,M&MFIN,27-Aug-2020,145,CE,0,0,0,32.05,42.2,0,0,0,0,06-JUL-2020,
OPTSTK,M&MFIN,27-Aug-2020,150,CE,0,0,0,30.4,38.3,0,0,0,0,06-JUL-2020,
OPTSTK,M&MFIN,27-Aug-2020,155,CE,0,0,0,28.85,34.6,0,0,0,0,06-JUL-2020,
OPTSTK,M&MFIN,27-Aug-2020,160,CE,0,0,0,27.35,31.15,0,0,0,0,06-JUL-2020,
OPTSTK,M&MFIN,27-Aug-2020,165,CE,0,0,0,25.95,27.95,0,0,0,0,06-JUL-2020,
OPTSTK,M&MFIN,27-Aug-2020,170,CE,0,0,0,24.65,24.95,0,0,0,0,06-JUL-2020,
OPTSTK,M&MFIN,27-Aug-2020,175,CE,0,0,0,23.4,22.2,0,0,0,0,06-JUL-2020,
OPTSTK,M&MFIN,27-Aug-2020,180,CE,0,0,0,18.95,19.65,0,0,4200,0,06-JUL-2020,
OPTSTK,M&MFIN,27-Aug-2020,185,CE,0,0,0,21.1,17.35,0,0,0,0,06-JUL-2020,
OPTSTK,M&MFIN,27-Aug-2020,190,CE,0,0,0,15.05,15.25,0,0,6300,0,06-JUL-2020,
OPTSTK,M&MFIN,27-Aug-2020,195,CE,0,0,0,19.05,13.35,0,0,0,0,06-JUL-2020,
OPTSTK,M&MFIN,27-Aug-2020,200,CE,11.55,12.25,11.55,12.25,11.65,2,8.89,109200,-4200,06-JUL-2020,
OPTSTK,M&MFIN,27-Aug-2020,205,CE,0,0,0,17.2,10.15,0,0,0,0,06-JUL-2020,
OPTSTK,M&MFIN,27-Aug-2020,210,CE,0,0,0,16,8.8,0,0,0,0,06-JUL-2020,
OPTSTK,M&MFIN,27-Aug-2020,215,CE,0,0,0,16.15,7.65,0,0,0,0,06-JUL-2020,
OPTSTK,M&MFIN,27-Aug-2020,220,CE,0,0,0,7.65,6.6,0,0,0,0,06-JUL-2020,
OPTSTK,M&MFIN,27-Aug-2020,70,PE,0,0,0,4.55,0.05,0,0,0,0,06-JUL-2020,
OPTSTK,M&MFIN,27-Aug-2020,75,PE,0,0,0,5.75,0.05,0,0,0,0,06-JUL-2020,
OPTSTK,M&MFIN,27-Aug-2020,80,PE,0,0,0,7.15,0.05,0,0,0,0,06-JUL-2020,
OPTSTK,M&MFIN,27-Aug-2020,85,PE,0,0,0,8.7,0.05,0,0,0,0,06-JUL-2020,
OPTSTK,M&MFIN,27-Aug-2020,90,PE,0,0,0,10.4,0.05,0,0,0,0,06-JUL-2020,
OPTSTK,M&MFIN,27-Aug-2020,95,PE,0,0,0,12.3,0.05,0,0,0,0,06-JUL-2020,
OPTSTK,M&MFIN,27-Aug-2020,100,PE,0,0,0,14.35,0.05,0,0,0,0,06-JUL-2020,
OPTSTK,M&MFIN,27-Aug-2020,105,PE,0,0,0,16.5,0.15,0,0,0,0,06-JUL-2020,
OPTSTK,M&MFIN,27-Aug-2020,110,PE,0,0,0,18.85,0.2,0,0,0,0,06-JUL-2020,
OPTSTK,M&MFIN,27-Aug-2020,115,PE,0,0,0,21.3,0.35,0,0,0,0,06-JUL-2020,
OPTSTK,M&MFIN,27-Aug-2020,120,PE,0,0,0,23.9,0.6,0,0,0,0,06-JUL-2020,
OPTSTK,M&MFIN,27-Aug-2020,125,PE,0,0,0,26.65,0.9,0,0,0,0,06-JUL-2020,
OPTSTK,M&MFIN,27-Aug-2020,130,PE,0,0,0,29.5,1.3,0,0,0,0,06-JUL-2020,
OPTSTK,M&MFIN,27-Aug-2020,135,PE,0,0,0,32.45,1.85,0,0,0,0,06-JUL-2020,
OPTSTK,M&MFIN,27-Aug-2020,140,PE,0,0,0,5.9,2.6,0,0,6300,0,06-JUL-2020,
OPTSTK,M&MFIN,27-Aug-2020,145,PE,0,0,0,38.7,3.45,0,0,0,0,06-JUL-2020,
OPTSTK,M&MFIN,27-Aug-2020,150,PE,0,0,0,7.1,4.55,0,0,2100,0,06-JUL-2020,
OPTSTK,M&MFIN,27-Aug-2020,155,PE,0,0,0,45.35,5.85,0,0,0,0,06-JUL-2020,
OPTSTK,M&MFIN,27-Aug-2020,160,PE,0,0,0,48.8,7.35,0,0,0,0,06-JUL-2020,
OPTSTK,M&MFIN,27-Aug-2020,165,PE,0,0,0,52.35,9.1,0,0,0,0,06-JUL-2020,
OPTSTK,M&MFIN,27-Aug-2020,170,PE,9.5,9.5,9.5,9.5,11.05,1,3.76,35700,2100,06-JUL-2020,
OPTSTK,M&MFIN,27-Aug-2020,175,PE,0,0,0,59.65,13.25,0,0,0,0,06-JUL-2020,
OPTSTK,M&MFIN,27-Aug-2020,180,PE,0,0,0,63.45,15.7,0,0,0,0,06-JUL-2020,
OPTSTK,M&MFIN,27-Aug-2020,185,PE,0,0,0,67.25,18.35,0,0,0,0,06-JUL-2020,
OPTSTK,M&MFIN,27-Aug-2020,190,PE,0,0,0,71.15,21.25,0,0,0,0,06-JUL-2020,
OPTSTK,M&MFIN,27-Aug-2020,195,PE,0,0,0,75.1,24.35,0,0,0,0,06-JUL-2020,
OPTSTK,M&MFIN,27-Aug-2020,200,PE,0,0,0,31.1,27.6,0,0,12600,0,06-JUL-2020,
OPTSTK,M&MFIN,27-Aug-2020,205,PE,0,0,0,83.15,31.1,0,0,0,0,06-JUL-2020,
OPTSTK,M&MFIN,27-Aug-2020,210,PE,0,0,0,83.85,34.7,0,0,0,0,06-JUL-2020,
OPTSTK,M&MFIN,27-Aug-2020,215,PE,0,0,0,83.25,38.5,0,0,0,0,06-JUL-2020,
OPTSTK,M&MFIN,27-Aug-2020,220,PE,0,0,0,73.65,42.4,0,0,0,0,06-JUL-2020,
OPTSTK,M&MFIN,24-Sep-2020,110,CE,0,0,0,73.6,74.65,0,0,0,0,06-JUL-2020,
OPTSTK,M&MFIN,24-Sep-2020,115,CE,0,0,0,69.5,70.05,0,0,0,0,06-JUL-2020,
OPTSTK,M&MFIN,24-Sep-2020,120,CE,0,0,0,65.5,65.5,0,0,0,0,06-JUL-2020,
OPTSTK,M&MFIN,24-Sep-2020,125,CE,0,0,0,61.7,61.15,0,0,0,0,06-JUL-2020,
OPTSTK,M&MFIN,24-Sep-2020,130,CE,0,0,0,58,56.9,0,0,0,0,06-JUL-2020,
OPTSTK,M&MFIN,24-Sep-2020,135,CE,0,0,0,54.5,52.8,0,0,0,0,06-JUL-2020,
OPTSTK,M&MFIN,24-Sep-2020,140,CE,0,0,0,51.1,48.85,0,0,0,0,06-JUL-2020,
OPTSTK,M&MFIN,24-Sep-2020,145,CE,0,0,0,47.9,45.1,0,0,0,0,06-JUL-2020,
OPTSTK,M&MFIN,24-Sep-2020,150,CE,0,0,0,44.85,41.55,0,0,0,0,06-JUL-2020,
OPTSTK,M&MFIN,24-Sep-2020,155,CE,0,0,0,41.95,38.15,0,0,0,0,06-JUL-2020,
OPTSTK,M&MFIN,24-Sep-2020,160,CE,0,0,0,39.2,34.95,0,0,0,0,06-JUL-2020,
OPTSTK,M&MFIN,24-Sep-2020,165,CE,0,0,0,36.6,31.95,0,0,0,0,06-JUL-2020,
OPTSTK,M&MFIN,24-Sep-2020,170,CE,0,0,0,34.15,29.15,0,0,0,0,06-JUL-2020,
OPTSTK,M&MFIN,24-Sep-2020,175,CE,0,0,0,31.85,26.55,0,0,0,0,06-JUL-2020,
OPTSTK,M&MFIN,24-Sep-2020,180,CE,0,0,0,29.65,24.1,0,0,0,0,06-JUL-2020,
OPTSTK,M&MFIN,24-Sep-2020,185,CE,0,0,0,27.65,21.85,0,0,0,0,06-JUL-2020,
OPTSTK,M&MFIN,24-Sep-2020,190,CE,0,0,0,25.7,19.8,0,0,0,0,06-JUL-2020,
OPTSTK,M&MFIN,24-Sep-2020,195,CE,0,0,0,23.9,17.85,0,0,0,0,06-JUL-2020,
OPTSTK,M&MFIN,24-Sep-2020,200,CE,0,0,0,22.25,16.1,0,0,0,0,06-JUL-2020,
OPTSTK,M&MFIN,24-Sep-2020,205,CE,0,0,0,20.65,14.5,0,0,0,0,06-JUL-2020,
OPTSTK,M&MFIN,24-Sep-2020,210,CE,0,0,0,19.2,13.05,0,0,0,0,06-JUL-2020,
OPTSTK,M&MFIN,24-Sep-2020,215,CE,0,0,0,17.85,11.7,0,0,0,0,06-JUL-2020,
OPTSTK,M&MFIN,24-Sep-2020,220,CE,0,0,0,16.55,10.5,0,0,0,0,06-JUL-2020,
OPTSTK,M&MFIN,24-Sep-2020,110,PE,0,0,0,3.05,0.75,0,0,0,0,06-JUL-2020,
OPTSTK,M&MFIN,24-Sep-2020,115,PE,0,0,0,3.9,1.1,0,0,0,0,06-JUL-2020,
OPTSTK,M&MFIN,24-Sep-2020,120,PE,0,0,0,4.85,1.55,0,0,0,0,06-JUL-2020,
OPTSTK,M&MFIN,24-Sep-2020,125,PE,0,0,0,6,2.15,0,0,0,0,06-JUL-2020,
OPTSTK,M&MFIN,24-Sep-2020,130,PE,0,0,0,7.25,2.85,0,0,0,0,06-JUL-2020,
OPTSTK,M&MFIN,24-Sep-2020,135,PE,0,0,0,8.65,3.7,0,0,0,0,06-JUL-2020,
OPTSTK,M&MFIN,24-Sep-2020,140,PE,0,0,0,10.25,4.7,0,0,0,0,06-JUL-2020,
OPTSTK,M&MFIN,24-Sep-2020,145,PE,0,0,0,11.95,5.9,0,0,0,0,06-JUL-2020,
OPTSTK,M&MFIN,24-Sep-2020,150,PE,0,0,0,13.85,7.3,0,0,0,0,06-JUL-2020,
OPTSTK,M&MFIN,24-Sep-2020,155,PE,0,0,0,15.9,8.85,0,0,0,0,06-JUL-2020,
OPTSTK,M&MFIN,24-Sep-2020,160,PE,0,0,0,18.1,10.65,0,0,0,0,06-JUL-2020,
OPTSTK,M&MFIN,24-Sep-2020,165,PE,0,0,0,20.45,12.6,0,0,0,0,06-JUL-2020,
OPTSTK,M&MFIN,24-Sep-2020,170,PE,0,0,0,22.95,14.75,0,0,0,0,06-JUL-2020,
OPTSTK,M&MFIN,24-Sep-2020,175,PE,0,0,0,25.55,17.05,0,0,0,0,06-JUL-2020,
OPTSTK,M&MFIN,24-Sep-2020,180,PE,0,0,0,28.35,19.6,0,0,0,0,06-JUL-2020,
OPTSTK,M&MFIN,24-Sep-2020,185,PE,0,0,0,31.25,22.3,0,0,0,0,06-JUL-2020,
OPTSTK,M&MFIN,24-Sep-2020,190,PE,0,0,0,34.25,25.15,0,0,0,0,06-JUL-2020,
OPTSTK,M&MFIN,24-Sep-2020,195,PE,0,0,0,37.4,28.2,0,0,0,0,06-JUL-2020,
OPTSTK,M&MFIN,24-Sep-2020,200,PE,0,0,0,40.65,31.4,0,0,0,0,06-JUL-2020,
OPTSTK,M&MFIN,24-Sep-2020,205,PE,0,0,0,44.05,34.75,0,0,0,0,06-JUL-2020,
OPTSTK,M&MFIN,24-Sep-2020,210,PE,0,0,0,47.5,38.25,0,0,0,0,06-JUL-2020,
OPTSTK,M&MFIN,24-Sep-2020,215,PE,0,0,0,51.1,41.85,0,0,0,0,06-JUL-2020,
OPTSTK,M&MFIN,24-Sep-2020,220,PE,0,0,0,54.75,45.6,0,0,0,0,06-JUL-2020,
OPTSTK,MANAPPURAM,30-Jul-2020,75,CE,0,0,0,66.8,86.8,0,0,0,0,06-JUL-2020,
OPTSTK,MANAPPURAM,30-Jul-2020,80,CE,0,0,0,63.4,81.8,0,0,0,0,06-JUL-2020,
OPTSTK,MANAPPURAM,30-Jul-2020,85,CE,0,0,0,60.15,76.85,0,0,0,0,06-JUL-2020,
OPTSTK,MANAPPURAM,30-Jul-2020,90,CE,0,0,0,57.05,71.85,0,0,0,0,06-JUL-2020,
OPTSTK,MANAPPURAM,30-Jul-2020,92.5,CE,0,0,0,34.9,69.35,0,0,0,0,06-JUL-2020,
OPTSTK,MANAPPURAM,30-Jul-2020,95,CE,0,0,0,54.1,66.85,0,0,0,0,06-JUL-2020,
OPTSTK,MANAPPURAM,30-Jul-2020,97.5,CE,0,0,0,31.65,64.4,0,0,0,0,06-JUL-2020,
OPTSTK,MANAPPURAM,30-Jul-2020,100,CE,0,0,0,51.35,61.9,0,0,0,0,06-JUL-2020,
OPTSTK,MANAPPURAM,30-Jul-2020,102.5,CE,0,0,0,28.65,59.4,0,0,0,0,06-JUL-2020,
OPTSTK,MANAPPURAM,30-Jul-2020,105,CE,0,0,0,48.7,56.9,0,0,0,0,06-JUL-2020,
OPTSTK,MANAPPURAM,30-Jul-2020,107.5,CE,0,0,0,25.9,54.45,0,0,0,0,06-JUL-2020,
OPTSTK,MANAPPURAM,30-Jul-2020,110,CE,0,0,0,40.5,51.95,0,0,0,0,06-JUL-2020,
OPTSTK,MANAPPURAM,30-Jul-2020,112.5,CE,0,0,0,23.35,49.5,0,0,0,0,06-JUL-2020,
OPTSTK,MANAPPURAM,30-Jul-2020,115,CE,0,0,0,43.85,47.05,0,0,0,0,06-JUL-2020,
OPTSTK,MANAPPURAM,30-Jul-2020,117.5,CE,0,0,0,21,44.6,0,0,0,0,06-JUL-2020,
OPTSTK,MANAPPURAM,30-Jul-2020,120,CE,0,0,0,38,42.2,0,0,36000,0,06-JUL-2020,
OPTSTK,MANAPPURAM,30-Jul-2020,122.5,CE,0,0,0,18.9,39.8,0,0,0,0,06-JUL-2020,
OPTSTK,MANAPPURAM,30-Jul-2020,125,CE,0,0,0,39.5,37.4,0,0,0,0,06-JUL-2020,
OPTSTK,MANAPPURAM,30-Jul-2020,127.5,CE,0,0,0,16.95,35.1,0,0,0,0,06-JUL-2020,
OPTSTK,MANAPPURAM,30-Jul-2020,130,CE,0,0,0,33,32.8,0,0,12000,0,06-JUL-2020,
OPTSTK,MANAPPURAM,30-Jul-2020,132.5,CE,0,0,0,28.05,30.6,0,0,24000,0,06-JUL-2020,
OPTSTK,MANAPPURAM,30-Jul-2020,135,CE,0,0,0,23.5,28.4,0,0,6000,0,06-JUL-2020,
OPTSTK,MANAPPURAM,30-Jul-2020,137.5,CE,0,0,0,26.5,26.3,0,0,12000,0,06-JUL-2020,
OPTSTK,MANAPPURAM,30-Jul-2020,140,CE,22.15,22.15,22.15,22.15,24.25,1,9.72,54000,-6000,06-JUL-2020,
OPTSTK,MANAPPURAM,30-Jul-2020,142.5,CE,0,0,0,12.2,22.3,0,0,0,0,06-JUL-2020,
OPTSTK,MANAPPURAM,30-Jul-2020,145,CE,17.75,17.75,17.75,17.75,20.45,1,9.76,102000,-6000,06-JUL-2020,
OPTSTK,MANAPPURAM,30-Jul-2020,147.5,CE,0,0,0,14.55,18.65,0,0,6000,0,06-JUL-2020,
OPTSTK,MANAPPURAM,30-Jul-2020,150,CE,15.95,16.15,14.9,15.45,15.45,6,59.58,174000,-18000,06-JUL-2020,
OPTSTK,MANAPPURAM,30-Jul-2020,152.5,CE,0,0,0,13.7,15.35,0,0,126000,0,06-JUL-2020,
OPTSTK,MANAPPURAM,30-Jul-2020,155,CE,11.2,11.65,11,11.65,11.65,3,29.93,192000,-6000,06-JUL-2020,
OPTSTK,MANAPPURAM,30-Jul-2020,157.5,CE,9.85,10.8,9.1,10.4,10.4,13,130.58,168000,24000,06-JUL-2020,
OPTSTK,MANAPPURAM,30-Jul-2020,160,CE,9.5,9.8,7.75,9.05,9.05,208,2104.79,906000,72000,06-JUL-2020,
OPTSTK,MANAPPURAM,30-Jul-2020,162.5,CE,8.4,8.4,6.8,7.65,7.65,18,183.68,174000,6000,06-JUL-2020,
OPTSTK,MANAPPURAM,30-Jul-2020,165,CE,6.85,7.4,5.65,6.9,6.9,142,1463.96,468000,-66000,06-JUL-2020,
OPTSTK,MANAPPURAM,30-Jul-2020,167.5,CE,6.2,6.2,5.25,5.95,5.95,6,62.4,180000,0,06-JUL-2020,
OPTSTK,MANAPPURAM,30-Jul-2020,170,CE,5.35,5.45,4.1,4.95,4.95,192,2013.43,822000,-30000,06-JUL-2020,
OPTSTK,MANAPPURAM,30-Jul-2020,172.5,CE,4.4,4.4,3.45,4.35,4.35,15,158.67,84000,30000,06-JUL-2020,
OPTSTK,MANAPPURAM,30-Jul-2020,175,CE,3.8,3.9,2.85,3.5,3.5,54,577.88,246000,-24000,06-JUL-2020,
OPTSTK,MANAPPURAM,30-Jul-2020,177.5,CE,2.5,2.65,2.4,2.65,4.7,5,54,18000,6000,06-JUL-2020,
OPTSTK,MANAPPURAM,30-Jul-2020,180,CE,2.8,2.8,1.95,2.4,2.4,125,1367.18,1158000,30000,06-JUL-2020,
OPTSTK,MANAPPURAM,30-Jul-2020,182.5,CE,0,0,0,3.5,3.55,0,0,24000,0,06-JUL-2020,
OPTSTK,MANAPPURAM,30-Jul-2020,185,CE,1.7,1.95,1.25,1.65,1.65,44,492.62,408000,-6000,06-JUL-2020,
OPTSTK,MANAPPURAM,30-Jul-2020,187.5,CE,1.2,1.35,1.15,1.15,2.65,7,79.26,66000,0,06-JUL-2020,
OPTSTK,MANAPPURAM,30-Jul-2020,190,CE,1.4,1.4,0.9,1.15,1.15,39,447.28,162000,-48000,06-JUL-2020,
OPTSTK,MANAPPURAM,30-Jul-2020,75,PE,0,0,0,6.7,0.05,0,0,0,0,06-JUL-2020,
OPTSTK,MANAPPURAM,30-Jul-2020,80,PE,0,0,0,8.25,0.05,0,0,0,0,06-JUL-2020,
OPTSTK,MANAPPURAM,30-Jul-2020,85,PE,0,0,0,9.9,0.05,0,0,0,0,06-JUL-2020,
OPTSTK,MANAPPURAM,30-Jul-2020,90,PE,0,0,0,11.75,0.05,0,0,0,0,06-JUL-2020,
OPTSTK,MANAPPURAM,30-Jul-2020,92.5,PE,0,0,0,6.5,0.05,0,0,0,0,06-JUL-2020,
OPTSTK,MANAPPURAM,30-Jul-2020,95,PE,0,0,0,13.75,0.05,0,0,0,0,06-JUL-2020,
OPTSTK,MANAPPURAM,30-Jul-2020,97.5,PE,0,0,0,8.2,0.05,0,0,0,0,06-JUL-2020,
OPTSTK,MANAPPURAM,30-Jul-2020,100,PE,0,0,0,0.35,0.05,0,0,30000,0,06-JUL-2020,
OPTSTK,MANAPPURAM,30-Jul-2020,102.5,PE,0,0,0,0.5,0.05,0,0,6000,0,06-JUL-2020,
OPTSTK,MANAPPURAM,30-Jul-2020,105,PE,0,0,0,18.2,0.05,0,0,0,0,06-JUL-2020,
OPTSTK,MANAPPURAM,30-Jul-2020,107.5,PE,0,0,0,0.35,0.05,0,0,0,0,06-JUL-2020,
OPTSTK,MANAPPURAM,30-Jul-2020,110,PE,0,0,0,0.45,0.05,0,0,36000,0,06-JUL-2020,
OPTSTK,MANAPPURAM,30-Jul-2020,112.5,PE,0,0,0,0.45,0.1,0,0,6000,0,06-JUL-2020,
OPTSTK,MANAPPURAM,30-Jul-2020,115,PE,0.1,0.1,0.1,0.1,0.1,1,6.9,24000,6000,06-JUL-2020,
OPTSTK,MANAPPURAM,30-Jul-2020,117.5,PE,0,0,0,0.75,0.15,0,0,6000,0,06-JUL-2020,
OPTSTK,MANAPPURAM,30-Jul-2020,120,PE,0.2,0.2,0.2,0.2,0.25,1,7.21,264000,0,06-JUL-2020,
OPTSTK,MANAPPURAM,30-Jul-2020,122.5,PE,0,0,0,1.4,0.35,0,0,12000,0,06-JUL-2020,
OPTSTK,MANAPPURAM,30-Jul-2020,125,PE,0,0,0,0.45,0.45,0,0,24000,0,06-JUL-2020,
OPTSTK,MANAPPURAM,30-Jul-2020,127.5,PE,0,0,0,23.25,0.65,0,0,0,0,06-JUL-2020,
OPTSTK,MANAPPURAM,30-Jul-2020,130,PE,0.5,0.5,0.45,0.5,0.85,13,101.77,426000,0,06-JUL-2020,
OPTSTK,MANAPPURAM,30-Jul-2020,132.5,PE,0,0,0,26.45,1.1,0,0,0,0,06-JUL-2020,
OPTSTK,MANAPPURAM,30-Jul-2020,135,PE,0.8,0.9,0.8,0.9,0.9,11,89.66,114000,6000,06-JUL-2020,
OPTSTK,MANAPPURAM,30-Jul-2020,137.5,PE,0,0,0,1.25,1.8,0,0,30000,0,06-JUL-2020,
OPTSTK,MANAPPURAM,30-Jul-2020,140,PE,1.3,1.55,1.25,1.55,2.25,38,322.38,648000,-6000,06-JUL-2020,
OPTSTK,MANAPPURAM,30-Jul-2020,142.5,PE,1.75,1.85,1.65,1.65,1.65,5,43.27,36000,6000,06-JUL-2020,
OPTSTK,MANAPPURAM,30-Jul-2020,145,PE,2.1,2.35,2,2.1,2.1,32,282.53,576000,18000,06-JUL-2020,
OPTSTK,MANAPPURAM,30-Jul-2020,147.5,PE,2.75,3.1,2.65,2.65,2.65,16,144.33,96000,30000,06-JUL-2020,
OPTSTK,MANAPPURAM,30-Jul-2020,150,PE,3.4,3.9,3.2,3.45,3.45,52,478.92,762000,42000,06-JUL-2020,
OPTSTK,MANAPPURAM,30-Jul-2020,152.5,PE,4.1,4.7,4,4.55,5.85,16,150.58,114000,6000,06-JUL-2020,
OPTSTK,MANAPPURAM,30-Jul-2020,155,PE,5.25,5.85,4.85,5.05,5.05,41,394.26,198000,18000,06-JUL-2020,
OPTSTK,MANAPPURAM,30-Jul-2020,157.5,PE,5.9,6.75,5.9,6.1,6.1,13,127.66,174000,12000,06-JUL-2020,
OPTSTK,MANAPPURAM,30-Jul-2020,160,PE,7.3,8.25,6.9,7.2,7.2,78,783.5,330000,66000,06-JUL-2020,
OPTSTK,MANAPPURAM,30-Jul-2020,162.5,PE,8.5,9.2,8.5,9.2,10.4,2,20.56,162000,6000,06-JUL-2020,
OPTSTK,MANAPPURAM,30-Jul-2020,165,PE,10.3,10.75,10,10,10,5,52.61,90000,6000,06-JUL-2020,
OPTSTK,MANAPPURAM,30-Jul-2020,167.5,PE,0,0,0,11.55,13.3,0,0,18000,0,06-JUL-2020,
OPTSTK,MANAPPURAM,30-Jul-2020,170,PE,0,0,0,13.3,14.85,0,0,36000,0,06-JUL-2020,
OPTSTK,MANAPPURAM,30-Jul-2020,172.5,PE,15.15,15.15,15.15,15.15,16.55,1,11.25,48000,0,06-JUL-2020,
OPTSTK,MANAPPURAM,30-Jul-2020,175,PE,0,0,0,16.45,18.25,0,0,12000,0,06-JUL-2020,
OPTSTK,MANAPPURAM,30-Jul-2020,177.5,PE,0,0,0,56.8,20.1,0,0,0,0,06-JUL-2020,
OPTSTK,MANAPPURAM,30-Jul-2020,180,PE,20.55,21.25,20.55,21.25,21.95,2,24.1,36000,0,06-JUL-2020,
OPTSTK,MANAPPURAM,30-Jul-2020,182.5,PE,0,0,0,56.05,23.95,0,0,0,0,06-JUL-2020,
OPTSTK,MANAPPURAM,30-Jul-2020,185,PE,0,0,0,70.05,25.95,0,0,0,0,06-JUL-2020,
OPTSTK,MANAPPURAM,30-Jul-2020,187.5,PE,0,0,0,60.3,28,0,0,0,0,06-JUL-2020,
OPTSTK,MANAPPURAM,30-Jul-2020,190,PE,0,0,0,73.95,30.15,0,0,0,0,06-JUL-2020,
OPTSTK,MANAPPURAM,27-Aug-2020,75,CE,0,0,0,49.95,87.05,0,0,0,0,06-JUL-2020,
OPTSTK,MANAPPURAM,27-Aug-2020,77.5,CE,0,0,0,48.1,84.55,0,0,0,0,06-JUL-2020,
OPTSTK,MANAPPURAM,27-Aug-2020,80,CE,0,0,0,46.25,82.1,0,0,0,0,06-JUL-2020,
OPTSTK,MANAPPURAM,27-Aug-2020,82.5,CE,0,0,0,44.5,79.6,0,0,0,0,06-JUL-2020,
OPTSTK,MANAPPURAM,27-Aug-2020,85,CE,0,0,0,42.75,77.15,0,0,0,0,06-JUL-2020,
OPTSTK,MANAPPURAM,27-Aug-2020,87.5,CE,0,0,0,41.1,74.65,0,0,0,0,06-JUL-2020,
OPTSTK,MANAPPURAM,27-Aug-2020,90,CE,0,0,0,39.5,72.2,0,0,0,0,06-JUL-2020,
OPTSTK,MANAPPURAM,27-Aug-2020,92.5,CE,0,0,0,37.9,69.75,0,0,0,0,06-JUL-2020,
OPTSTK,MANAPPURAM,27-Aug-2020,95,CE,0,0,0,36.4,67.3,0,0,0,0,06-JUL-2020,
OPTSTK,MANAPPURAM,27-Aug-2020,97.5,CE,0,0,0,34.95,64.85,0,0,0,0,06-JUL-2020,
OPTSTK,MANAPPURAM,27-Aug-2020,100,CE,0,0,0,33.55,62.4,0,0,0,0,06-JUL-2020,
OPTSTK,MANAPPURAM,27-Aug-2020,102.5,CE,0,0,0,32.15,60,0,0,0,0,06-JUL-2020,
OPTSTK,MANAPPURAM,27-Aug-2020,105,CE,0,0,0,30.85,57.6,0,0,0,0,06-JUL-2020,
OPTSTK,MANAPPURAM,27-Aug-2020,107.5,CE,0,0,0,29.6,55.2,0,0,0,0,06-JUL-2020,
OPTSTK,MANAPPURAM,27-Aug-2020,110,CE,0,0,0,28.35,52.85,0,0,0,0,06-JUL-2020,
OPTSTK,MANAPPURAM,27-Aug-2020,112.5,CE,0,0,0,27.2,50.55,0,0,0,0,06-JUL-2020,
OPTSTK,MANAPPURAM,27-Aug-2020,115,CE,0,0,0,26.05,48.25,0,0,0,0,06-JUL-2020,
OPTSTK,MANAPPURAM,27-Aug-2020,117.5,CE,0,0,0,25,46,0,0,0,0,06-JUL-2020,
OPTSTK,MANAPPURAM,27-Aug-2020,120,CE,0,0,0,23.95,43.75,0,0,0,0,06-JUL-2020,
OPTSTK,MANAPPURAM,27-Aug-2020,122.5,CE,0,0,0,22.95,41.6,0,0,0,0,06-JUL-2020,
OPTSTK,MANAPPURAM,27-Aug-2020,125,CE,0,0,0,22,39.5,0,0,0,0,06-JUL-2020,
OPTSTK,MANAPPURAM,27-Aug-2020,127.5,CE,0,0,0,21.05,37.4,0,0,0,0,06-JUL-2020,
OPTSTK,MANAPPURAM,27-Aug-2020,130,CE,0,0,0,20.15,35.4,0,0,0,0,06-JUL-2020,
OPTSTK,MANAPPURAM,27-Aug-2020,132.5,CE,0,0,0,19.3,33.45,0,0,0,0,06-JUL-2020,
OPTSTK,MANAPPURAM,27-Aug-2020,135,CE,0,0,0,18.5,31.55,0,0,0,0,06-JUL-2020,
OPTSTK,MANAPPURAM,27-Aug-2020,137.5,CE,0,0,0,17.7,29.7,0,0,0,0,06-JUL-2020,
OPTSTK,MANAPPURAM,27-Aug-2020,140,CE,0,0,0,16.95,27.9,0,0,0,0,06-JUL-2020,
OPTSTK,MANAPPURAM,27-Aug-2020,142.5,CE,0,0,0,16.25,26.2,0,0,0,0,06-JUL-2020,
OPTSTK,MANAPPURAM,27-Aug-2020,145,CE,0,0,0,15.55,24.55,0,0,0,0,06-JUL-2020,
OPTSTK,MANAPPURAM,27-Aug-2020,147.5,CE,0,0,0,14.9,23,0,0,0,0,06-JUL-2020,
OPTSTK,MANAPPURAM,27-Aug-2020,150,CE,0,0,0,14.25,21.5,0,0,0,0,06-JUL-2020,
OPTSTK,MANAPPURAM,27-Aug-2020,152.5,CE,0,0,0,13.65,20.05,0,0,0,0,06-JUL-2020,
OPTSTK,MANAPPURAM,27-Aug-2020,155,CE,0,0,0,13.1,18.7,0,0,0,0,06-JUL-2020,
OPTSTK,MANAPPURAM,27-Aug-2020,157.5,CE,0,0,0,12.55,17.4,0,0,0,0,06-JUL-2020,
OPTSTK,MANAPPURAM,27-Aug-2020,160,CE,0,0,0,12,16.15,0,0,0,0,06-JUL-2020,
OPTSTK,MANAPPURAM,27-Aug-2020,162.5,CE,0,0,0,11.5,15,0,0,0,0,06-JUL-2020,
OPTSTK,MANAPPURAM,27-Aug-2020,165,CE,0,0,0,11,13.9,0,0,0,0,06-JUL-2020,
OPTSTK,MANAPPURAM,27-Aug-2020,167.5,CE,0,0,0,10.55,12.85,0,0,0,0,06-JUL-2020,
OPTSTK,MANAPPURAM,27-Aug-2020,170,CE,0,0,0,10.1,11.9,0,0,0,0,06-JUL-2020,
OPTSTK,MANAPPURAM,27-Aug-2020,172.5,CE,0,0,0,9.7,11,0,0,0,0,06-JUL-2020,
OPTSTK,MANAPPURAM,27-Aug-2020,175,CE,0,0,0,9.25,10.15,0,0,0,0,06-JUL-2020,
OPTSTK,MANAPPURAM,27-Aug-2020,177.5,CE,0,0,0,9.45,9.35,0,0,0,0,06-JUL-2020,
OPTSTK,MANAPPURAM,27-Aug-2020,180,CE,0,0,0,9,8.6,0,0,0,0,06-JUL-2020,
OPTSTK,MANAPPURAM,27-Aug-2020,182.5,CE,0,0,0,10.25,7.9,0,0,0,0,06-JUL-2020,
OPTSTK,MANAPPURAM,27-Aug-2020,185,CE,0,0,0,9.8,7.25,0,0,0,0,06-JUL-2020,
OPTSTK,MANAPPURAM,27-Aug-2020,187.5,CE,0,0,0,9.4,6.65,0,0,0,0,06-JUL-2020,
OPTSTK,MANAPPURAM,27-Aug-2020,190,CE,4,4,3.9,3.9,6.1,2,23.27,0,0,06-JUL-2020,
OPTSTK,MANAPPURAM,27-Aug-2020,75,PE,0,0,0,3.9,0.05,0,0,0,0,06-JUL-2020,
OPTSTK,MANAPPURAM,27-Aug-2020,77.5,PE,0,0,0,4.5,0.05,0,0,0,0,06-JUL-2020,
OPTSTK,MANAPPURAM,27-Aug-2020,80,PE,0,0,0,5.15,0.05,0,0,0,0,06-JUL-2020,
OPTSTK,MANAPPURAM,27-Aug-2020,82.5,PE,0,0,0,5.85,0.05,0,0,0,0,06-JUL-2020,
OPTSTK,MANAPPURAM,27-Aug-2020,85,PE,0,0,0,6.6,0.05,0,0,0,0,06-JUL-2020,
OPTSTK,MANAPPURAM,27-Aug-2020,87.5,PE,0,0,0,7.4,0.05,0,0,0,0,06-JUL-2020,
OPTSTK,MANAPPURAM,27-Aug-2020,90,PE,0,0,0,8.25,0.05,0,0,0,0,06-JUL-2020,
OPTSTK,MANAPPURAM,27-Aug-2020,92.5,PE,0,0,0,9.15,0.05,0,0,0,0,06-JUL-2020,
OPTSTK,MANAPPURAM,27-Aug-2020,95,PE,0,0,0,10.1,0.1,0,0,0,0,06-JUL-2020,
OPTSTK,MANAPPURAM,27-Aug-2020,97.5,PE,0,0,0,11.1,0.15,0,0,0,0,06-JUL-2020,
OPTSTK,MANAPPURAM,27-Aug-2020,100,PE,0,0,0,12.15,0.2,0,0,0,0,06-JUL-2020,
OPTSTK,MANAPPURAM,27-Aug-2020,102.5,PE,0,0,0,13.25,0.25,0,0,0,0,06-JUL-2020,
OPTSTK,MANAPPURAM,27-Aug-2020,105,PE,0,0,0,14.45,0.35,0,0,0,0,06-JUL-2020,
OPTSTK,MANAPPURAM,27-Aug-2020,107.5,PE,0,0,0,15.65,0.45,0,0,0,0,06-JUL-2020,
OPTSTK,MANAPPURAM,27-Aug-2020,110,PE,0,0,0,16.9,0.6,0,0,0,0,06-JUL-2020,
OPTSTK,MANAPPURAM,27-Aug-2020,112.5,PE,0,0,0,18.2,0.75,0,0,0,0,06-JUL-2020,
OPTSTK,MANAPPURAM,27-Aug-2020,115,PE,0,0,0,19.5,0.95,0,0,0,0,06-JUL-2020,
OPTSTK,MANAPPURAM,27-Aug-2020,117.5,PE,0,0,0,20.9,1.2,0,0,0,0,06-JUL-2020,
OPTSTK,MANAPPURAM,27-Aug-2020,120,PE,0,0,0,22.35,1.45,0,0,0,0,06-JUL-2020,
OPTSTK,MANAPPURAM,27-Aug-2020,122.5,PE,0,0,0,23.8,1.75,0,0,0,0,06-JUL-2020,
OPTSTK,MANAPPURAM,27-Aug-2020,125,PE,0,0,0,25.3,2.1,0,0,0,0,06-JUL-2020,
OPTSTK,MANAPPURAM,27-Aug-2020,127.5,PE,0,0,0,26.85,2.55,0,0,0,0,06-JUL-2020,
OPTSTK,MANAPPURAM,27-Aug-2020,130,PE,0,0,0,28.45,3,0,0,0,0,06-JUL-2020,
OPTSTK,MANAPPURAM,27-Aug-2020,132.5,PE,0,0,0,30.05,3.55,0,0,0,0,06-JUL-2020,
OPTSTK,MANAPPURAM,27-Aug-2020,135,PE,0,0,0,31.7,4.1,0,0,0,0,06-JUL-2020,
OPTSTK,MANAPPURAM,27-Aug-2020,137.5,PE,0,0,0,33.4,4.75,0,0,0,0,06-JUL-2020,
OPTSTK,MANAPPURAM,27-Aug-2020,140,PE,0,0,0,35.1,5.45,0,0,0,0,06-JUL-2020,
OPTSTK,MANAPPURAM,27-Aug-2020,142.5,PE,0,0,0,36.85,6.25,0,0,0,0,06-JUL-2020,
OPTSTK,MANAPPURAM,27-Aug-2020,145,PE,0,0,0,7,7.1,0,0,12000,0,06-JUL-2020,
OPTSTK,MANAPPURAM,27-Aug-2020,147.5,PE,0,0,0,40.45,8,0,0,0,0,06-JUL-2020,
OPTSTK,MANAPPURAM,27-Aug-2020,150,PE,0,0,0,42.3,9,0,0,0,0,06-JUL-2020,
OPTSTK,MANAPPURAM,27-Aug-2020,152.5,PE,0,0,0,44.15,10.05,0,0,0,0,06-JUL-2020,
OPTSTK,MANAPPURAM,27-Aug-2020,155,PE,0,0,0,46.05,11.15,0,0,0,0,06-JUL-2020,
OPTSTK,MANAPPURAM,27-Aug-2020,157.5,PE,0,0,0,47.95,12.35,0,0,0,0,06-JUL-2020,
OPTSTK,MANAPPURAM,27-Aug-2020,160,PE,0,0,0,49.9,13.6,0,0,0,0,06-JUL-2020,
OPTSTK,MANAPPURAM,27-Aug-2020,162.5,PE,0,0,0,51.85,14.9,0,0,0,0,06-JUL-2020,
OPTSTK,MANAPPURAM,27-Aug-2020,165,PE,0,0,0,53.85,16.3,0,0,0,0,06-JUL-2020,
OPTSTK,MANAPPURAM,27-Aug-2020,167.5,PE,0,0,0,55.85,17.75,0,0,0,0,06-JUL-2020,
OPTSTK,MANAPPURAM,27-Aug-2020,170,PE,0,0,0,57.9,19.3,0,0,0,0,06-JUL-2020,
OPTSTK,MANAPPURAM,27-Aug-2020,172.5,PE,0,0,0,59.95,20.85,0,0,0,0,06-JUL-2020,
OPTSTK,MANAPPURAM,27-Aug-2020,175,PE,0,0,0,62,22.5,0,0,0,0,06-JUL-2020,
OPTSTK,MANAPPURAM,27-Aug-2020,177.5,PE,0,0,0,59.65,24.15,0,0,0,0,06-JUL-2020,
OPTSTK,MANAPPURAM,27-Aug-2020,180,PE,0,0,0,61.7,25.9,0,0,0,0,06-JUL-2020,
OPTSTK,MANAPPURAM,27-Aug-2020,182.5,PE,0,0,0,59.15,27.7,0,0,0,0,06-JUL-2020,
OPTSTK,MANAPPURAM,27-Aug-2020,185,PE,0,0,0,61.2,29.55,0,0,0,0,06-JUL-2020,
OPTSTK,MANAPPURAM,27-Aug-2020,187.5,PE,0,0,0,63.25,31.4,0,0,0,0,06-JUL-2020,
OPTSTK,MANAPPURAM,27-Aug-2020,190,PE,0,0,0,58.65,33.35,0,0,0,0,06-JUL-2020,
OPTSTK,MANAPPURAM,24-Sep-2020,95,CE,0,0,0,65.9,67.9,0,0,0,0,06-JUL-2020,
OPTSTK,MANAPPURAM,24-Sep-2020,100,CE,0,0,0,61.75,63.2,0,0,0,0,06-JUL-2020,
OPTSTK,MANAPPURAM,24-Sep-2020,105,CE,0,0,0,57.75,58.6,0,0,0,0,06-JUL-2020,
OPTSTK,MANAPPURAM,24-Sep-2020,110,CE,0,0,0,53.9,54.15,0,0,0,0,06-JUL-2020,
OPTSTK,MANAPPURAM,24-Sep-2020,115,CE,0,0,0,50.2,49.8,0,0,0,0,06-JUL-2020,
OPTSTK,MANAPPURAM,24-Sep-2020,120,CE,0,0,0,46.7,45.65,0,0,0,0,06-JUL-2020,
OPTSTK,MANAPPURAM,24-Sep-2020,125,CE,0,0,0,43.4,41.65,0,0,0,0,06-JUL-2020,
OPTSTK,MANAPPURAM,24-Sep-2020,130,CE,0,0,0,40.25,37.9,0,0,0,0,06-JUL-2020,
OPTSTK,MANAPPURAM,24-Sep-2020,135,CE,0,0,0,37.25,34.35,0,0,0,0,06-JUL-2020,
OPTSTK,MANAPPURAM,24-Sep-2020,140,CE,0,0,0,34.45,31,0,0,0,0,06-JUL-2020,
OPTSTK,MANAPPURAM,24-Sep-2020,145,CE,0,0,0,31.85,27.9,0,0,0,0,06-JUL-2020,
OPTSTK,MANAPPURAM,24-Sep-2020,150,CE,0,0,0,29.4,25.05,0,0,0,0,06-JUL-2020,
OPTSTK,MANAPPURAM,24-Sep-2020,155,CE,0,0,0,27.15,22.4,0,0,0,0,06-JUL-2020,
OPTSTK,MANAPPURAM,24-Sep-2020,160,CE,0,0,0,25,19.95,0,0,0,0,06-JUL-2020,
OPTSTK,MANAPPURAM,24-Sep-2020,165,CE,0,0,0,23,17.75,0,0,0,0,06-JUL-2020,
OPTSTK,MANAPPURAM,24-Sep-2020,170,CE,0,0,0,21.2,15.7,0,0,0,0,06-JUL-2020,
OPTSTK,MANAPPURAM,24-Sep-2020,175,CE,0,0,0,19.5,13.9,0,0,0,0,06-JUL-2020,
OPTSTK,MANAPPURAM,24-Sep-2020,180,CE,0,0,0,17.9,12.25,0,0,0,0,06-JUL-2020,
OPTSTK,MANAPPURAM,24-Sep-2020,185,CE,0,0,0,16.45,10.8,0,0,0,0,06-JUL-2020,
OPTSTK,MANAPPURAM,24-Sep-2020,190,CE,0,0,0,15.1,9.45,0,0,0,0,06-JUL-2020,
OPTSTK,MANAPPURAM,24-Sep-2020,95,PE,0,0,0,2.35,0.4,0,0,0,0,06-JUL-2020,
OPTSTK,MANAPPURAM,24-Sep-2020,100,PE,0,0,0,3.15,0.65,0,0,0,0,06-JUL-2020,
OPTSTK,MANAPPURAM,24-Sep-2020,105,PE,0,0,0,4.05,1.05,0,0,0,0,06-JUL-2020,
OPTSTK,MANAPPURAM,24-Sep-2020,110,PE,0,0,0,5.15,1.5,0,0,0,0,06-JUL-2020,
OPTSTK,MANAPPURAM,24-Sep-2020,115,PE,0,0,0,6.4,2.15,0,0,0,0,06-JUL-2020,
OPTSTK,MANAPPURAM,24-Sep-2020,120,PE,0,0,0,7.85,2.95,0,0,0,0,06-JUL-2020,
OPTSTK,MANAPPURAM,24-Sep-2020,125,PE,0,0,0,9.5,3.9,0,0,0,0,06-JUL-2020,
OPTSTK,MANAPPURAM,24-Sep-2020,130,PE,0,0,0,11.25,5.1,0,0,0,0,06-JUL-2020,
OPTSTK,MANAPPURAM,24-Sep-2020,135,PE,0,0,0,13.25,6.5,0,0,0,0,06-JUL-2020,
OPTSTK,MANAPPURAM,24-Sep-2020,140,PE,0,0,0,15.4,8.1,0,0,0,0,06-JUL-2020,
OPTSTK,MANAPPURAM,24-Sep-2020,145,PE,0,0,0,17.75,9.95,0,0,0,0,06-JUL-2020,
OPTSTK,MANAPPURAM,24-Sep-2020,150,PE,0,0,0,20.2,12.05,0,0,0,0,06-JUL-2020,
OPTSTK,MANAPPURAM,24-Sep-2020,155,PE,0,0,0,22.9,14.35,0,0,0,0,06-JUL-2020,
OPTSTK,MANAPPURAM,24-Sep-2020,160,PE,0,0,0,25.7,16.85,0,0,0,0,06-JUL-2020,
OPTSTK,MANAPPURAM,24-Sep-2020,165,PE,0,0,0,28.65,19.6,0,0,0,0,06-JUL-2020,
OPTSTK,MANAPPURAM,24-Sep-2020,170,PE,0,0,0,31.75,22.55,0,0,0,0,06-JUL-2020,
OPTSTK,MANAPPURAM,24-Sep-2020,175,PE,0,0,0,35,25.65,0,0,0,0,06-JUL-2020,
OPTSTK,MANAPPURAM,24-Sep-2020,180,PE,0,0,0,38.35,29,0,0,0,0,06-JUL-2020,
OPTSTK,MANAPPURAM,24-Sep-2020,185,PE,0,0,0,41.85,32.45,0,0,0,0,06-JUL-2020,
OPTSTK,MANAPPURAM,24-Sep-2020,190,PE,0,0,0,45.45,36.1,0,0,0,0,06-JUL-2020,
OPTSTK,MARICO,30-Jul-2020,190,CE,0,0,0,101.25,162.65,0,0,0,0,06-JUL-2020,
OPTSTK,MARICO,30-Jul-2020,195,CE,0,0,0,96.8,157.65,0,0,0,0,06-JUL-2020,
OPTSTK,MARICO,30-Jul-2020,200,CE,0,0,0,92.35,152.65,0,0,0,0,06-JUL-2020,
OPTSTK,MARICO,30-Jul-2020,205,CE,0,0,0,88.05,147.65,0,0,0,0,06-JUL-2020,
OPTSTK,MARICO,30-Jul-2020,210,CE,0,0,0,83.85,142.7,0,0,0,0,06-JUL-2020,
OPTSTK,MARICO,30-Jul-2020,215,CE,0,0,0,79.7,137.7,0,0,0,0,06-JUL-2020,
OPTSTK,MARICO,30-Jul-2020,220,CE,0,0,0,75.7,132.7,0,0,0,0,06-JUL-2020,
OPTSTK,MARICO,30-Jul-2020,225,CE,0,0,0,71.8,127.75,0,0,0,0,06-JUL-2020,
OPTSTK,MARICO,30-Jul-2020,230,CE,0,0,0,68,122.75,0,0,0,0,06-JUL-2020,
OPTSTK,MARICO,30-Jul-2020,235,CE,0,0,0,64.3,117.75,0,0,0,0,06-JUL-2020,
OPTSTK,MARICO,30-Jul-2020,240,CE,0,0,0,60.75,112.75,0,0,0,0,06-JUL-2020,
OPTSTK,MARICO,30-Jul-2020,245,CE,0,0,0,57.35,107.8,0,0,0,0,06-JUL-2020,
OPTSTK,MARICO,30-Jul-2020,250,CE,0,0,0,54.05,102.8,0,0,0,0,06-JUL-2020,
OPTSTK,MARICO,30-Jul-2020,255,CE,0,0,0,50.85,97.8,0,0,0,0,06-JUL-2020,
OPTSTK,MARICO,30-Jul-2020,260,CE,0,0,0,47.8,92.85,0,0,0,0,06-JUL-2020,
OPTSTK,MARICO,30-Jul-2020,265,CE,0,0,0,44.9,87.85,0,0,0,0,06-JUL-2020,
OPTSTK,MARICO,30-Jul-2020,270,CE,0,0,0,42.15,82.85,0,0,0,0,06-JUL-2020,
OPTSTK,MARICO,30-Jul-2020,275,CE,0,0,0,39.5,77.85,0,0,0,0,06-JUL-2020,
OPTSTK,MARICO,30-Jul-2020,280,CE,0,0,0,37,72.9,0,0,0,0,06-JUL-2020,
OPTSTK,MARICO,30-Jul-2020,285,CE,0,0,0,34.6,67.9,0,0,0,0,06-JUL-2020,
OPTSTK,MARICO,30-Jul-2020,290,CE,0,0,0,32.3,62.95,0,0,0,0,06-JUL-2020,
OPTSTK,MARICO,30-Jul-2020,295,CE,0,0,0,30.15,58,0,0,0,0,06-JUL-2020,
OPTSTK,MARICO,30-Jul-2020,300,CE,0,0,0,28.15,53.05,0,0,0,0,06-JUL-2020,
OPTSTK,MARICO,30-Jul-2020,305,CE,0,0,0,26.2,48.15,0,0,0,0,06-JUL-2020,
OPTSTK,MARICO,30-Jul-2020,310,CE,0,0,0,24.4,43.3,0,0,0,0,06-JUL-2020,
OPTSTK,MARICO,30-Jul-2020,315,CE,0,0,0,28.45,38.6,0,0,2000,0,06-JUL-2020,
OPTSTK,MARICO,30-Jul-2020,320,CE,0,0,0,27.5,34,0,0,4000,0,06-JUL-2020,
OPTSTK,MARICO,30-Jul-2020,325,CE,0,0,0,23.35,29.6,0,0,4000,0,06-JUL-2020,
OPTSTK,MARICO,30-Jul-2020,330,CE,23.95,23.95,23.9,23.9,25.4,2,14.15,6000,2000,06-JUL-2020,
OPTSTK,MARICO,30-Jul-2020,335,CE,0,0,0,22.65,21.5,0,0,2000,0,06-JUL-2020,
OPTSTK,MARICO,30-Jul-2020,340,CE,15.9,17.9,15.9,16.7,17.9,18,128.63,34000,-4000,06-JUL-2020,
OPTSTK,MARICO,30-Jul-2020,345,CE,11.25,14.65,11.25,14.65,14.65,2,14.31,16000,2000,06-JUL-2020,
OPTSTK,MARICO,30-Jul-2020,350,CE,17.75,17.75,9.2,12.45,12.45,191,1381.75,100000,14000,06-JUL-2020,
OPTSTK,MARICO,30-Jul-2020,355,CE,9.5,10.8,8.3,10.3,9.35,34,248.07,74000,14000,06-JUL-2020,
OPTSTK,MARICO,30-Jul-2020,360,CE,10,10,5.8,8.05,8.05,418,3072.77,218000,40000,06-JUL-2020,
OPTSTK,MARICO,30-Jul-2020,365,CE,6.8,6.8,6.5,6.5,5.55,2,14.86,38000,4000,06-JUL-2020,
OPTSTK,MARICO,30-Jul-2020,370,CE,6.05,6.2,3.25,5,5,325,2435.68,230000,-52000,06-JUL-2020,
OPTSTK,MARICO,30-Jul-2020,375,CE,3.6,3.6,3.6,3.6,3.05,1,7.57,0,-2000,06-JUL-2020,
OPTSTK,MARICO,30-Jul-2020,380,CE,3.1,4.6,2.25,3.05,3.05,124,949.58,232000,8000,06-JUL-2020,
OPTSTK,MARICO,30-Jul-2020,385,CE,0,0,0,7.65,1.55,0,0,0,0,06-JUL-2020,
OPTSTK,MARICO,30-Jul-2020,390,CE,0,0,0,3,1.05,0,0,52000,0,06-JUL-2020,
OPTSTK,MARICO,30-Jul-2020,395,CE,0,0,0,7.4,0.75,0,0,0,0,06-JUL-2020,
OPTSTK,MARICO,30-Jul-2020,400,CE,1.85,1.85,0.95,1.1,1.1,110,882.47,254000,56000,06-JUL-2020,
OPTSTK,MARICO,30-Jul-2020,405,CE,0,0,0,8,0.3,0,0,0,0,06-JUL-2020,
OPTSTK,MARICO,30-Jul-2020,410,CE,0,0,0,0.75,0.2,0,0,2000,0,06-JUL-2020,
OPTSTK,MARICO,30-Jul-2020,415,CE,0,0,0,5.9,0.15,0,0,0,0,06-JUL-2020,
OPTSTK,MARICO,30-Jul-2020,420,CE,0,0,0,5.35,0.1,0,0,0,0,06-JUL-2020,
OPTSTK,MARICO,30-Jul-2020,190,PE,0,0,0,1.85,0.05,0,0,0,0,06-JUL-2020,
OPTSTK,MARICO,30-Jul-2020,195,PE,0,0,0,2.3,0.05,0,0,0,0,06-JUL-2020,
OPTSTK,MARICO,30-Jul-2020,200,PE,0,0,0,2.85,0.05,0,0,0,0,06-JUL-2020,
OPTSTK,MARICO,30-Jul-2020,205,PE,0,0,0,3.45,0.05,0,0,0,0,06-JUL-2020,
OPTSTK,MARICO,30-Jul-2020,210,PE,0,0,0,4.15,0.05,0,0,0,0,06-JUL-2020,
OPTSTK,MARICO,30-Jul-2020,215,PE,0,0,0,5,0.05,0,0,0,0,06-JUL-2020,
OPTSTK,MARICO,30-Jul-2020,220,PE,0,0,0,5.9,0.05,0,0,0,0,06-JUL-2020,
OPTSTK,MARICO,30-Jul-2020,225,PE,0,0,0,6.95,0.05,0,0,0,0,06-JUL-2020,
OPTSTK,MARICO,30-Jul-2020,230,PE,0,0,0,8.05,0.05,0,0,0,0,06-JUL-2020,
OPTSTK,MARICO,30-Jul-2020,235,PE,0,0,0,9.35,0.05,0,0,0,0,06-JUL-2020,
OPTSTK,MARICO,30-Jul-2020,240,PE,0,0,0,10.7,0.05,0,0,0,0,06-JUL-2020,
OPTSTK,MARICO,30-Jul-2020,245,PE,0,0,0,12.25,0.05,0,0,0,0,06-JUL-2020,
OPTSTK,MARICO,30-Jul-2020,250,PE,0,0,0,13.85,0.05,0,0,0,0,06-JUL-2020,
OPTSTK,MARICO,30-Jul-2020,255,PE,0,0,0,15.65,0.05,0,0,0,0,06-JUL-2020,
OPTSTK,MARICO,30-Jul-2020,260,PE,0,0,0,17.55,0.05,0,0,0,0,06-JUL-2020,
OPTSTK,MARICO,30-Jul-2020,265,PE,0,0,0,19.55,0.05,0,0,0,0,06-JUL-2020,
OPTSTK,MARICO,30-Jul-2020,270,PE,0,0,0,21.7,0.05,0,0,0,0,06-JUL-2020,
OPTSTK,MARICO,30-Jul-2020,275,PE,0,0,0,24,0.05,0,0,0,0,06-JUL-2020,
OPTSTK,MARICO,30-Jul-2020,280,PE,0,0,0,26.45,0.05,0,0,0,0,06-JUL-2020,
OPTSTK,MARICO,30-Jul-2020,285,PE,0,0,0,28.95,0.05,0,0,0,0,06-JUL-2020,
OPTSTK,MARICO,30-Jul-2020,290,PE,0,0,0,31.65,0.05,0,0,0,0,06-JUL-2020,
OPTSTK,MARICO,30-Jul-2020,295,PE,0,0,0,34.45,0.05,0,0,0,0,06-JUL-2020,
OPTSTK,MARICO,30-Jul-2020,300,PE,0.5,0.5,0.35,0.45,0.1,3,18.02,62000,-4000,06-JUL-2020,
OPTSTK,MARICO,30-Jul-2020,305,PE,0,0,0,40.35,0.2,0,0,0,0,06-JUL-2020,
OPTSTK,MARICO,30-Jul-2020,310,PE,1.4,1.4,1,1,0.35,2,12.44,4000,2000,06-JUL-2020,
OPTSTK,MARICO,30-Jul-2020,315,PE,0,0,0,6,0.6,0,0,6000,0,06-JUL-2020,
OPTSTK,MARICO,30-Jul-2020,320,PE,2.2,3.2,1.7,1.9,1.9,66,425.22,118000,10000,06-JUL-2020,
OPTSTK,MARICO,30-Jul-2020,325,PE,2.9,2.9,2.9,2.9,1.55,2,13.11,4000,0,06-JUL-2020,
OPTSTK,MARICO,30-Jul-2020,330,PE,3.7,5.55,2.9,3.35,3.35,80,534.61,92000,-18000,06-JUL-2020,
OPTSTK,MARICO,30-Jul-2020,335,PE,7,7,4.05,4.55,4.55,10,67.97,30000,6000,06-JUL-2020,
OPTSTK,MARICO,30-Jul-2020,340,PE,6,9.65,5.8,6.15,6.15,299,2074.12,138000,30000,06-JUL-2020,
OPTSTK,MARICO,30-Jul-2020,345,PE,13.4,13.4,7.85,8.1,8.1,79,558.68,82000,26000,06-JUL-2020,
OPTSTK,MARICO,30-Jul-2020,350,PE,11.6,14.55,9.75,10.4,10.4,235,1697.7,98000,4000,06-JUL-2020,
OPTSTK,MARICO,30-Jul-2020,355,PE,14.35,16.65,12.95,13.9,11.25,20,147.66,24000,0,06-JUL-2020,
OPTSTK,MARICO,30-Jul-2020,360,PE,18.2,21,15.5,15.65,15.65,31,233.69,32000,0,06-JUL-2020,
OPTSTK,MARICO,30-Jul-2020,365,PE,0,0,0,15.5,17.4,0,0,4000,0,06-JUL-2020,
OPTSTK,MARICO,30-Jul-2020,370,PE,28.45,28.7,28.45,28.45,21,4,31.88,4000,-4000,06-JUL-2020,
OPTSTK,MARICO,30-Jul-2020,375,PE,0,0,0,92.25,24.9,0,0,0,0,06-JUL-2020,
OPTSTK,MARICO,30-Jul-2020,380,PE,37.25,37.25,37.25,37.25,29,1,8.34,4000,2000,06-JUL-2020,
OPTSTK,MARICO,30-Jul-2020,385,PE,0,0,0,100.8,33.35,0,0,0,0,06-JUL-2020,
OPTSTK,MARICO,30-Jul-2020,390,PE,0,0,0,96.55,37.9,0,0,0,0,06-JUL-2020,
OPTSTK,MARICO,30-Jul-2020,395,PE,0,0,0,100.85,42.55,0,0,0,0,06-JUL-2020,
OPTSTK,MARICO,30-Jul-2020,400,PE,0,0,0,100.7,47.25,0,0,0,0,06-JUL-2020,
OPTSTK,MARICO,30-Jul-2020,405,PE,0,0,0,104.95,52.1,0,0,0,0,06-JUL-2020,
OPTSTK,MARICO,30-Jul-2020,410,PE,0,0,0,93.75,56.95,0,0,0,0,06-JUL-2020,
OPTSTK,MARICO,30-Jul-2020,415,PE,0,0,0,98.1,61.85,0,0,0,0,06-JUL-2020,
OPTSTK,MARICO,30-Jul-2020,420,PE,0,0,0,102.5,66.8,0,0,0,0,06-JUL-2020,
OPTSTK,MARICO,27-Aug-2020,210,CE,0,0,0,123.1,143.35,0,0,0,0,06-JUL-2020,
OPTSTK,MARICO,27-Aug-2020,215,CE,0,0,0,118.3,138.4,0,0,0,0,06-JUL-2020,
OPTSTK,MARICO,27-Aug-2020,220,CE,0,0,0,113.55,133.45,0,0,0,0,06-JUL-2020,
OPTSTK,MARICO,27-Aug-2020,225,CE,0,0,0,108.8,128.45,0,0,0,0,06-JUL-2020,
OPTSTK,MARICO,27-Aug-2020,230,CE,0,0,0,104.1,123.5,0,0,0,0,06-JUL-2020,
OPTSTK,MARICO,27-Aug-2020,235,CE,0,0,0,99.5,118.5,0,0,0,0,06-JUL-2020,
OPTSTK,MARICO,27-Aug-2020,240,CE,0,0,0,94.95,113.55,0,0,0,0,06-JUL-2020,
OPTSTK,MARICO,27-Aug-2020,245,CE,0,0,0,90.45,108.6,0,0,0,0,06-JUL-2020,
OPTSTK,MARICO,27-Aug-2020,250,CE,0,0,0,86.05,103.6,0,0,0,0,06-JUL-2020,
OPTSTK,MARICO,27-Aug-2020,255,CE,0,0,0,81.7,98.65,0,0,0,0,06-JUL-2020,
OPTSTK,MARICO,27-Aug-2020,260,CE,0,0,0,77.5,93.7,0,0,0,0,06-JUL-2020,
OPTSTK,MARICO,27-Aug-2020,265,CE,0,0,0,73.35,88.75,0,0,0,0,06-JUL-2020,
OPTSTK,MARICO,27-Aug-2020,270,CE,0,0,0,69.35,83.8,0,0,0,0,06-JUL-2020,
OPTSTK,MARICO,27-Aug-2020,275,CE,0,0,0,65.45,78.85,0,0,0,0,06-JUL-2020,
OPTSTK,MARICO,27-Aug-2020,280,CE,0,0,0,61.65,73.95,0,0,0,0,06-JUL-2020,
OPTSTK,MARICO,27-Aug-2020,285,CE,0,0,0,58,69.1,0,0,0,0,06-JUL-2020,
OPTSTK,MARICO,27-Aug-2020,290,CE,0,0,0,54.45,64.25,0,0,0,0,06-JUL-2020,
OPTSTK,MARICO,27-Aug-2020,295,CE,0,0,0,51.05,59.5,0,0,0,0,06-JUL-2020,
OPTSTK,MARICO,27-Aug-2020,300,CE,0,0,0,47.8,54.8,0,0,0,0,06-JUL-2020,
OPTSTK,MARICO,27-Aug-2020,305,CE,0,0,0,44.65,50.25,0,0,0,0,06-JUL-2020,
OPTSTK,MARICO,27-Aug-2020,310,CE,0,0,0,41.7,45.8,0,0,0,0,06-JUL-2020,
OPTSTK,MARICO,27-Aug-2020,315,CE,0,0,0,38.85,41.45,0,0,0,0,06-JUL-2020,
OPTSTK,MARICO,27-Aug-2020,320,CE,0,0,0,36.15,37.35,0,0,0,0,06-JUL-2020,
OPTSTK,MARICO,27-Aug-2020,325,CE,0,0,0,33.55,33.4,0,0,0,0,06-JUL-2020,
OPTSTK,MARICO,27-Aug-2020,330,CE,0,0,0,31.15,29.65,0,0,0,0,06-JUL-2020,
OPTSTK,MARICO,27-Aug-2020,335,CE,0,0,0,28.85,26.15,0,0,0,0,06-JUL-2020,
OPTSTK,MARICO,27-Aug-2020,340,CE,0,0,0,26.65,22.9,0,0,0,0,06-JUL-2020,
OPTSTK,MARICO,27-Aug-2020,345,CE,0,0,0,24.65,19.9,0,0,0,0,06-JUL-2020,
OPTSTK,MARICO,27-Aug-2020,350,CE,0,0,0,22.7,17.2,0,0,0,0,06-JUL-2020,
OPTSTK,MARICO,27-Aug-2020,355,CE,0,0,0,20.9,14.7,0,0,0,0,06-JUL-2020,
OPTSTK,MARICO,27-Aug-2020,360,CE,0,0,0,19.25,12.5,0,0,0,0,06-JUL-2020,
OPTSTK,MARICO,27-Aug-2020,365,CE,0,0,0,17.7,10.55,0,0,0,0,06-JUL-2020,
OPTSTK,MARICO,27-Aug-2020,370,CE,0,0,0,12.15,8.8,0,0,12000,0,06-JUL-2020,
OPTSTK,MARICO,27-Aug-2020,375,CE,0,0,0,14.85,7.3,0,0,0,0,06-JUL-2020,
OPTSTK,MARICO,27-Aug-2020,380,CE,5,5,5,5,6.05,1,7.7,6000,2000,06-JUL-2020,
OPTSTK,MARICO,27-Aug-2020,385,CE,0,0,0,12.45,4.95,0,0,0,0,06-JUL-2020,
OPTSTK,MARICO,27-Aug-2020,390,CE,0,0,0,11.4,4,0,0,0,0,06-JUL-2020,
OPTSTK,MARICO,27-Aug-2020,395,CE,0,0,0,10.4,3.25,0,0,0,0,06-JUL-2020,
OPTSTK,MARICO,27-Aug-2020,400,CE,0,0,0,9.45,2.6,0,0,0,0,06-JUL-2020,
OPTSTK,MARICO,27-Aug-2020,405,CE,0,0,0,8.6,2.05,0,0,0,0,06-JUL-2020,
OPTSTK,MARICO,27-Aug-2020,410,CE,0,0,0,7.85,1.6,0,0,0,0,06-JUL-2020,
OPTSTK,MARICO,27-Aug-2020,415,CE,0,0,0,7.15,1.25,0,0,0,0,06-JUL-2020,
OPTSTK,MARICO,27-Aug-2020,420,CE,0,0,0,6.45,1,0,0,0,0,06-JUL-2020,
OPTSTK,MARICO,27-Aug-2020,210,PE,0,0,0,0.4,0.05,0,0,0,0,06-JUL-2020,
OPTSTK,MARICO,27-Aug-2020,215,PE,0,0,0,0.55,0.05,0,0,0,0,06-JUL-2020,
OPTSTK,MARICO,27-Aug-2020,220,PE,0,0,0,0.7,0.05,0,0,0,0,06-JUL-2020,
OPTSTK,MARICO,27-Aug-2020,225,PE,0,0,0,0.9,0.05,0,0,0,0,06-JUL-2020,
OPTSTK,MARICO,27-Aug-2020,230,PE,0,0,0,1.2,0.05,0,0,0,0,06-JUL-2020,
OPTSTK,MARICO,27-Aug-2020,235,PE,0,0,0,1.5,0.05,0,0,0,0,06-JUL-2020,
OPTSTK,MARICO,27-Aug-2020,240,PE,0,0,0,1.85,0.05,0,0,0,0,06-JUL-2020,
OPTSTK,MARICO,27-Aug-2020,245,PE,0,0,0,2.3,0.05,0,0,0,0,06-JUL-2020,
OPTSTK,MARICO,27-Aug-2020,250,PE,0,0,0,2.85,0.05,0,0,0,0,06-JUL-2020,
OPTSTK,MARICO,27-Aug-2020,255,PE,0,0,0,3.45,0.05,0,0,0,0,06-JUL-2020,
OPTSTK,MARICO,27-Aug-2020,260,PE,0,0,0,4.2,0.05,0,0,0,0,06-JUL-2020,
OPTSTK,MARICO,27-Aug-2020,265,PE,0,0,0,5,0.05,0,0,0,0,06-JUL-2020,
OPTSTK,MARICO,27-Aug-2020,270,PE,0,0,0,5.9,0.05,0,0,0,0,06-JUL-2020,
OPTSTK,MARICO,27-Aug-2020,275,PE,0,0,0,6.95,0.1,0,0,0,0,06-JUL-2020,
OPTSTK,MARICO,27-Aug-2020,280,PE,0,0,0,8.1,0.15,0,0,0,0,06-JUL-2020,
OPTSTK,MARICO,27-Aug-2020,285,PE,0,0,0,9.4,0.25,0,0,0,0,06-JUL-2020,
OPTSTK,MARICO,27-Aug-2020,290,PE,0,0,0,10.8,0.4,0,0,0,0,06-JUL-2020,
OPTSTK,MARICO,27-Aug-2020,295,PE,0,0,0,12.35,0.6,0,0,0,0,06-JUL-2020,
OPTSTK,MARICO,27-Aug-2020,300,PE,0,0,0,14,0.9,0,0,0,0,06-JUL-2020,
OPTSTK,MARICO,27-Aug-2020,305,PE,0,0,0,15.8,1.3,0,0,0,0,06-JUL-2020,
OPTSTK,MARICO,27-Aug-2020,310,PE,0,0,0,17.75,1.8,0,0,0,0,06-JUL-2020,
OPTSTK,MARICO,27-Aug-2020,315,PE,0,0,0,19.85,2.45,0,0,0,0,06-JUL-2020,
OPTSTK,MARICO,27-Aug-2020,320,PE,0,0,0,22.1,3.3,0,0,0,0,06-JUL-2020,
OPTSTK,MARICO,27-Aug-2020,325,PE,0,0,0,24.45,4.3,0,0,0,0,06-JUL-2020,
OPTSTK,MARICO,27-Aug-2020,330,PE,0,0,0,26.95,5.55,0,0,0,0,06-JUL-2020,
OPTSTK,MARICO,27-Aug-2020,335,PE,0,0,0,29.6,7.05,0,0,0,0,06-JUL-2020,
OPTSTK,MARICO,27-Aug-2020,340,PE,0,0,0,32.4,8.75,0,0,0,0,06-JUL-2020,
OPTSTK,MARICO,27-Aug-2020,345,PE,0,0,0,35.3,10.75,0,0,0,0,06-JUL-2020,
OPTSTK,MARICO,27-Aug-2020,350,PE,0,0,0,12.5,12.95,0,0,2000,0,06-JUL-2020,
OPTSTK,MARICO,27-Aug-2020,355,PE,0,0,0,41.45,15.45,0,0,0,0,06-JUL-2020,
OPTSTK,MARICO,27-Aug-2020,360,PE,0,0,0,44.75,18.2,0,0,0,0,06-JUL-2020,
OPTSTK,MARICO,27-Aug-2020,365,PE,0,0,0,48.1,21.25,0,0,0,0,06-JUL-2020,
OPTSTK,MARICO,27-Aug-2020,370,PE,0,0,0,51.6,24.5,0,0,0,0,06-JUL-2020,
OPTSTK,MARICO,27-Aug-2020,375,PE,0,0,0,55.15,27.95,0,0,0,0,06-JUL-2020,
OPTSTK,MARICO,27-Aug-2020,380,PE,0,0,0,58.85,31.65,0,0,0,0,06-JUL-2020,
OPTSTK,MARICO,27-Aug-2020,385,PE,0,0,0,62.65,35.5,0,0,0,0,06-JUL-2020,
OPTSTK,MARICO,27-Aug-2020,390,PE,0,0,0,66.5,39.55,0,0,0,0,06-JUL-2020,
OPTSTK,MARICO,27-Aug-2020,395,PE,0,0,0,70.45,43.75,0,0,0,0,06-JUL-2020,
OPTSTK,MARICO,27-Aug-2020,400,PE,0,0,0,74.45,48.05,0,0,0,0,06-JUL-2020,
OPTSTK,MARICO,27-Aug-2020,405,PE,0,0,0,78.55,52.5,0,0,0,0,06-JUL-2020,
OPTSTK,MARICO,27-Aug-2020,410,PE,0,0,0,82.7,57.05,0,0,0,0,06-JUL-2020,
OPTSTK,MARICO,27-Aug-2020,415,PE,0,0,0,86.95,61.65,0,0,0,0,06-JUL-2020,
OPTSTK,MARICO,27-Aug-2020,420,PE,0,0,0,91.25,66.35,0,0,0,0,06-JUL-2020,
OPTSTK,MARICO,24-Sep-2020,220,CE,0,0,0,124.25,134.15,0,0,0,0,06-JUL-2020,
OPTSTK,MARICO,24-Sep-2020,225,CE,0,0,0,119.3,129.2,0,0,0,0,06-JUL-2020,
OPTSTK,MARICO,24-Sep-2020,230,CE,0,0,0,114.35,124.25,0,0,0,0,06-JUL-2020,
OPTSTK,MARICO,24-Sep-2020,235,CE,0,0,0,109.45,119.3,0,0,0,0,06-JUL-2020,
OPTSTK,MARICO,24-Sep-2020,240,CE,0,0,0,104.55,114.35,0,0,0,0,06-JUL-2020,
OPTSTK,MARICO,24-Sep-2020,245,CE,0,0,0,99.65,109.4,0,0,0,0,06-JUL-2020,
OPTSTK,MARICO,24-Sep-2020,250,CE,0,0,0,94.75,104.45,0,0,0,0,06-JUL-2020,
OPTSTK,MARICO,24-Sep-2020,255,CE,0,0,0,89.9,99.55,0,0,0,0,06-JUL-2020,
OPTSTK,MARICO,24-Sep-2020,260,CE,0,0,0,85.1,94.65,0,0,0,0,06-JUL-2020,
OPTSTK,MARICO,24-Sep-2020,265,CE,0,0,0,80.35,89.75,0,0,0,0,06-JUL-2020,
OPTSTK,MARICO,24-Sep-2020,270,CE,0,0,0,75.65,84.9,0,0,0,0,06-JUL-2020,
OPTSTK,MARICO,24-Sep-2020,275,CE,0,0,0,71,80.05,0,0,0,0,06-JUL-2020,
OPTSTK,MARICO,24-Sep-2020,280,CE,0,0,0,66.4,75.3,0,0,0,0,06-JUL-2020,
OPTSTK,MARICO,24-Sep-2020,285,CE,0,0,0,61.95,70.6,0,0,0,0,06-JUL-2020,
OPTSTK,MARICO,24-Sep-2020,290,CE,0,0,0,57.6,65.95,0,0,0,0,06-JUL-2020,
OPTSTK,MARICO,24-Sep-2020,295,CE,0,0,0,53.35,61.4,0,0,0,0,06-JUL-2020,
OPTSTK,MARICO,24-Sep-2020,300,CE,0,0,0,49.25,56.95,0,0,0,0,06-JUL-2020,
OPTSTK,MARICO,24-Sep-2020,305,CE,0,0,0,45.3,52.65,0,0,0,0,06-JUL-2020,
OPTSTK,MARICO,24-Sep-2020,310,CE,0,0,0,41.5,48.45,0,0,0,0,06-JUL-2020,
OPTSTK,MARICO,24-Sep-2020,315,CE,0,0,0,37.9,44.4,0,0,0,0,06-JUL-2020,
OPTSTK,MARICO,24-Sep-2020,320,CE,0,0,0,34.45,40.5,0,0,0,0,06-JUL-2020,
OPTSTK,MARICO,24-Sep-2020,325,CE,0,0,0,31.2,36.8,0,0,0,0,06-JUL-2020,
OPTSTK,MARICO,24-Sep-2020,330,CE,0,0,0,28.15,33.3,0,0,0,0,06-JUL-2020,
OPTSTK,MARICO,24-Sep-2020,335,CE,0,0,0,25.3,30,0,0,0,0,06-JUL-2020,
OPTSTK,MARICO,24-Sep-2020,340,CE,0,0,0,22.65,26.9,0,0,0,0,06-JUL-2020,
OPTSTK,MARICO,24-Sep-2020,345,CE,0,0,0,20.2,24,0,0,0,0,06-JUL-2020,
OPTSTK,MARICO,24-Sep-2020,350,CE,0,0,0,17.95,21.35,0,0,0,0,06-JUL-2020,
OPTSTK,MARICO,24-Sep-2020,355,CE,0,0,0,15.9,18.85,0,0,0,0,06-JUL-2020,
OPTSTK,MARICO,24-Sep-2020,360,CE,0,0,0,14,16.6,0,0,0,0,06-JUL-2020,
OPTSTK,MARICO,24-Sep-2020,365,CE,0,0,0,12.3,14.55,0,0,0,0,06-JUL-2020,
OPTSTK,MARICO,24-Sep-2020,370,CE,0,0,0,10.75,12.7,0,0,0,0,06-JUL-2020,
OPTSTK,MARICO,24-Sep-2020,375,CE,0,0,0,9.4,11,0,0,0,0,06-JUL-2020,
OPTSTK,MARICO,24-Sep-2020,380,CE,0,0,0,8.15,9.55,0,0,0,0,06-JUL-2020,
OPTSTK,MARICO,24-Sep-2020,385,CE,0,0,0,7.05,8.2,0,0,0,0,06-JUL-2020,
OPTSTK,MARICO,24-Sep-2020,390,CE,0,0,0,6.1,7.05,0,0,0,0,06-JUL-2020,
OPTSTK,MARICO,24-Sep-2020,395,CE,0,0,0,5.25,6,0,0,0,0,06-JUL-2020,
OPTSTK,MARICO,24-Sep-2020,400,CE,0,0,0,4.5,5.1,0,0,0,0,06-JUL-2020,
OPTSTK,MARICO,24-Sep-2020,405,CE,0,0,0,3.85,4.3,0,0,0,0,06-JUL-2020,
OPTSTK,MARICO,24-Sep-2020,410,CE,0,0,0,3.25,3.65,0,0,0,0,06-JUL-2020,
OPTSTK,MARICO,24-Sep-2020,415,CE,0,0,0,2.8,3.05,0,0,0,0,06-JUL-2020,
OPTSTK,MARICO,24-Sep-2020,420,CE,0,0,0,2.35,2.55,0,0,0,0,06-JUL-2020,
OPTSTK,MARICO,24-Sep-2020,220,PE,0,0,0,0.05,0.05,0,0,0,0,06-JUL-2020,
OPTSTK,MARICO,24-Sep-2020,225,PE,0,0,0,0.05,0.05,0,0,0,0,06-JUL-2020,
OPTSTK,MARICO,24-Sep-2020,230,PE,0,0,0,0.05,0.05,0,0,0,0,06-JUL-2020,
OPTSTK,MARICO,24-Sep-2020,235,PE,0,0,0,0.05,0.05,0,0,0,0,06-JUL-2020,
OPTSTK,MARICO,24-Sep-2020,240,PE,0,0,0,0.1,0.05,0,0,0,0,06-JUL-2020,
OPTSTK,MARICO,24-Sep-2020,245,PE,0,0,0,0.15,0.05,0,0,0,0,06-JUL-2020,
OPTSTK,MARICO,24-Sep-2020,250,PE,0,0,0,0.2,0.05,0,0,0,0,06-JUL-2020,
OPTSTK,MARICO,24-Sep-2020,255,PE,0,0,0,0.3,0.1,0,0,0,0,06-JUL-2020,
OPTSTK,MARICO,24-Sep-2020,260,PE,0,0,0,0.45,0.15,0,0,0,0,06-JUL-2020,
OPTSTK,MARICO,24-Sep-2020,265,PE,0,0,0,0.6,0.2,0,0,0,0,06-JUL-2020,
OPTSTK,MARICO,24-Sep-2020,270,PE,0,0,0,0.85,0.3,0,0,0,0,06-JUL-2020,
OPTSTK,MARICO,24-Sep-2020,275,PE,0,0,0,1.15,0.4,0,0,0,0,06-JUL-2020,
OPTSTK,MARICO,24-Sep-2020,280,PE,0,0,0,1.5,0.6,0,0,0,0,06-JUL-2020,
OPTSTK,MARICO,24-Sep-2020,285,PE,0,0,0,2,0.85,0,0,0,0,06-JUL-2020,
OPTSTK,MARICO,24-Sep-2020,290,PE,0,0,0,2.55,1.15,0,0,0,0,06-JUL-2020,
OPTSTK,MARICO,24-Sep-2020,295,PE,0,0,0,3.3,1.55,0,0,0,0,06-JUL-2020,
OPTSTK,MARICO,24-Sep-2020,300,PE,0,0,0,4.1,2.05,0,0,0,0,06-JUL-2020,
OPTSTK,MARICO,24-Sep-2020,305,PE,0,0,0,5.1,2.7,0,0,0,0,06-JUL-2020,
OPTSTK,MARICO,24-Sep-2020,310,PE,0,0,0,6.25,3.45,0,0,0,0,06-JUL-2020,
OPTSTK,MARICO,24-Sep-2020,315,PE,0,0,0,7.6,4.35,0,0,0,0,06-JUL-2020,
OPTSTK,MARICO,24-Sep-2020,320,PE,0,0,0,9.1,5.45,0,0,0,0,06-JUL-2020,
OPTSTK,MARICO,24-Sep-2020,325,PE,0,0,0,10.8,6.7,0,0,0,0,06-JUL-2020,
OPTSTK,MARICO,24-Sep-2020,330,PE,0,0,0,12.7,8.15,0,0,0,0,06-JUL-2020,
OPTSTK,MARICO,24-Sep-2020,335,PE,0,0,0,14.8,9.8,0,0,0,0,06-JUL-2020,
OPTSTK,MARICO,24-Sep-2020,340,PE,0,0,0,17.05,11.65,0,0,0,0,06-JUL-2020,
OPTSTK,MARICO,24-Sep-2020,345,PE,0,0,0,19.55,13.7,0,0,0,0,06-JUL-2020,
OPTSTK,MARICO,24-Sep-2020,350,PE,0,0,0,22.25,16,0,0,0,0,06-JUL-2020,
OPTSTK,MARICO,24-Sep-2020,355,PE,0,0,0,25.1,18.5,0,0,0,0,06-JUL-2020,
OPTSTK,MARICO,24-Sep-2020,360,PE,0,0,0,28.2,21.15,0,0,0,0,06-JUL-2020,
OPTSTK,MARICO,24-Sep-2020,365,PE,0,0,0,31.4,24.05,0,0,0,0,06-JUL-2020,
OPTSTK,MARICO,24-Sep-2020,370,PE,0,0,0,34.8,27.15,0,0,0,0,06-JUL-2020,
OPTSTK,MARICO,24-Sep-2020,375,PE,0,0,0,38.4,30.45,0,0,0,0,06-JUL-2020,
OPTSTK,MARICO,24-Sep-2020,380,PE,0,0,0,42.1,33.9,0,0,0,0,06-JUL-2020,
OPTSTK,MARICO,24-Sep-2020,385,PE,0,0,0,45.95,37.55,0,0,0,0,06-JUL-2020,
OPTSTK,MARICO,24-Sep-2020,390,PE,0,0,0,49.9,41.3,0,0,0,0,06-JUL-2020,
OPTSTK,MARICO,24-Sep-2020,395,PE,0,0,0,54,45.25,0,0,0,0,06-JUL-2020,
OPTSTK,MARICO,24-Sep-2020,400,PE,0,0,0,58.2,49.3,0,0,0,0,06-JUL-2020,
OPTSTK,MARICO,24-Sep-2020,405,PE,0,0,0,62.5,53.45,0,0,0,0,06-JUL-2020,
OPTSTK,MARICO,24-Sep-2020,410,PE,0,0,0,66.85,57.75,0,0,0,0,06-JUL-2020,
OPTSTK,MARICO,24-Sep-2020,415,PE,0,0,0,71.3,62.1,0,0,0,0,06-JUL-2020,
OPTSTK,MARICO,24-Sep-2020,420,PE,0,0,0,75.85,66.55,0,0,0,0,06-JUL-2020,
OPTSTK,MARUTI,30-Jul-2020,3400,CE,0,0,0,2192.05,2733.15,0,0,0,0,06-JUL-2020,
OPTSTK,MARUTI,30-Jul-2020,3500,CE,0,0,0,2118.3,2633.4,0,0,0,0,06-JUL-2020,
OPTSTK,MARUTI,30-Jul-2020,3600,CE,0,0,0,2046.25,2533.7,0,0,0,0,06-JUL-2020,
OPTSTK,MARUTI,30-Jul-2020,3700,CE,0,0,0,1976.05,2434,0,0,0,0,06-JUL-2020,
OPTSTK,MARUTI,30-Jul-2020,3800,CE,0,0,0,1907.7,2334.25,0,0,0,0,06-JUL-2020,
OPTSTK,MARUTI,30-Jul-2020,3900,CE,0,0,0,1841.25,2234.55,0,0,0,0,06-JUL-2020,
OPTSTK,MARUTI,30-Jul-2020,4000,CE,0,0,0,1758.85,2134.8,0,0,200,0,06-JUL-2020,
OPTSTK,MARUTI,30-Jul-2020,4100,CE,0,0,0,1713.95,2035.1,0,0,0,0,06-JUL-2020,
OPTSTK,MARUTI,30-Jul-2020,4200,CE,0,0,0,1250,1935.4,0,0,500,0,06-JUL-2020,
OPTSTK,MARUTI,30-Jul-2020,4300,CE,0,0,0,1510,1835.75,0,0,300,0,06-JUL-2020,
OPTSTK,MARUTI,30-Jul-2020,4400,CE,0,0,0,1536.75,1736.15,0,0,0,0,06-JUL-2020,
OPTSTK,MARUTI,30-Jul-2020,4500,CE,0,0,0,1266.5,1636.65,0,0,700,0,06-JUL-2020,
OPTSTK,MARUTI,30-Jul-2020,4600,CE,0,0,0,1427.4,1537.35,0,0,0,0,06-JUL-2020,
OPTSTK,MARUTI,30-Jul-2020,4700,CE,0,0,0,1078.15,1438.35,0,0,400,0,06-JUL-2020,
OPTSTK,MARUTI,30-Jul-2020,4800,CE,0,0,0,985.85,1339.85,0,0,800,0,06-JUL-2020,
OPTSTK,MARUTI,30-Jul-2020,4900,CE,0,0,0,896.85,1242.05,0,0,300,0,06-JUL-2020,
OPTSTK,MARUTI,30-Jul-2020,5000,CE,1086.15,1086.15,1045.7,1045.7,1145.3,3,18.21,3600,100,06-JUL-2020,
OPTSTK,MARUTI,30-Jul-2020,5100,CE,1008,1008,1008,1008,1050,1,6.1,600,100,06-JUL-2020,
OPTSTK,MARUTI,30-Jul-2020,5200,CE,0,0,0,630,956.6,0,0,900,0,06-JUL-2020,
OPTSTK,MARUTI,30-Jul-2020,5300,CE,0,0,0,612.55,865.65,0,0,1200,0,06-JUL-2020,
OPTSTK,MARUTI,30-Jul-2020,5400,CE,685,685,685,685,777.7,1,6.08,1900,0,06-JUL-2020,
OPTSTK,MARUTI,30-Jul-2020,5500,CE,529.35,650.8,527,650.8,693.4,17,103.47,7000,100,06-JUL-2020,
OPTSTK,MARUTI,30-Jul-2020,5600,CE,473,572,473,572,613.25,33,201.93,6000,-1500,06-JUL-2020,
OPTSTK,MARUTI,30-Jul-2020,5700,CE,380,519,362.85,519,519,37,226.98,11800,-100,06-JUL-2020,
OPTSTK,MARUTI,30-Jul-2020,5800,CE,310.45,450.15,296.45,442.75,442.75,194,1196.7,21300,-1000,06-JUL-2020,
OPTSTK,MARUTI,30-Jul-2020,5900,CE,259,382.7,237.65,372.9,372.9,522,3233.39,18200,-4300,06-JUL-2020,
OPTSTK,MARUTI,30-Jul-2020,6000,CE,199.85,319,189,308.9,308.9,3404,21272.78,70500,-20200,06-JUL-2020,
OPTSTK,MARUTI,30-Jul-2020,6100,CE,166.25,261.3,147.7,252.25,252.25,3178,20050.88,29000,3300,06-JUL-2020,
OPTSTK,MARUTI,30-Jul-2020,6200,CE,120.05,212,112.75,204.15,204.15,3824,24375.74,53200,10300,06-JUL-2020,
OPTSTK,MARUTI,30-Jul-2020,6300,CE,89.35,168,85,161.1,161.1,2262,14541.14,44400,6400,06-JUL-2020,
OPTSTK,MARUTI,30-Jul-2020,6400,CE,69.95,131,63,125.5,125.5,2649,17219.67,44900,-2900,06-JUL-2020,
OPTSTK,MARUTI,30-Jul-2020,6500,CE,49.85,101.1,47,96.8,96.8,3896,25618.58,77900,-29800,06-JUL-2020,
OPTSTK,MARUTI,30-Jul-2020,6600,CE,38.95,75.95,36.1,73.15,73.15,882,5868.57,29900,14600,06-JUL-2020,
OPTSTK,MARUTI,30-Jul-2020,6700,CE,28.65,62.95,26,54.85,54.85,333,2246.83,16000,3700,06-JUL-2020,
OPTSTK,MARUTI,30-Jul-2020,6800,CE,22.9,43.05,18.8,40.8,40.8,1857,12681.1,110800,82600,06-JUL-2020,
OPTSTK,MARUTI,30-Jul-2020,6900,CE,20.95,32.65,10,31.05,31.05,172,1191.26,9900,1500,06-JUL-2020,
OPTSTK,MARUTI,30-Jul-2020,7000,CE,12,24,10.6,22.8,22.8,1259,8835.19,71500,-1600,06-JUL-2020,
OPTSTK,MARUTI,30-Jul-2020,3400,PE,0,0,0,190.15,0.05,0,0,0,0,06-JUL-2020,
OPTSTK,MARUTI,30-Jul-2020,3500,PE,0,0,0,215.15,0.05,0,0,0,0,06-JUL-2020,
OPTSTK,MARUTI,30-Jul-2020,3600,PE,0,0,0,241.8,0.05,0,0,0,0,06-JUL-2020,
OPTSTK,MARUTI,30-Jul-2020,3700,PE,0,0,0,270.35,0.05,0,0,0,0,06-JUL-2020,
OPTSTK,MARUTI,30-Jul-2020,3800,PE,0,0,0,300.75,0.05,0,0,0,0,06-JUL-2020,
OPTSTK,MARUTI,30-Jul-2020,3900,PE,0,0,0,333.05,0.05,0,0,0,0,06-JUL-2020,
OPTSTK,MARUTI,30-Jul-2020,4000,PE,3.05,3.05,2,2,0.05,4,16.01,5700,-300,06-JUL-2020,
OPTSTK,MARUTI,30-Jul-2020,4100,PE,0,0,0,403.15,0.05,0,0,0,0,06-JUL-2020,
OPTSTK,MARUTI,30-Jul-2020,4200,PE,0,0,0,441,0.05,0,0,0,0,06-JUL-2020,
OPTSTK,MARUTI,30-Jul-2020,4300,PE,0,0,0,480.7,0.1,0,0,0,0,06-JUL-2020,
OPTSTK,MARUTI,30-Jul-2020,4400,PE,0,0,0,522.15,0.2,0,0,0,0,06-JUL-2020,
OPTSTK,MARUTI,30-Jul-2020,4500,PE,6.1,6.4,4.95,5.25,5.25,71,319.9,12800,-1400,06-JUL-2020,
OPTSTK,MARUTI,30-Jul-2020,4600,PE,0,0,0,11.05,0.85,0,0,200,0,06-JUL-2020,
OPTSTK,MARUTI,30-Jul-2020,4700,PE,0,0,0,657.1,1.6,0,0,0,0,06-JUL-2020,
OPTSTK,MARUTI,30-Jul-2020,4800,PE,11.45,11.45,7.2,7.2,7.2,18,86.54,15700,-1000,06-JUL-2020,
OPTSTK,MARUTI,30-Jul-2020,4900,PE,12,12,8.05,8.75,8.75,26,127.66,3700,-800,06-JUL-2020,
OPTSTK,MARUTI,30-Jul-2020,5000,PE,18.05,18.05,11.6,12.1,12.1,502,2516.92,81700,900,06-JUL-2020,
OPTSTK,MARUTI,30-Jul-2020,5100,PE,18.05,21,14,14.7,14.7,68,347.89,8600,300,06-JUL-2020,
OPTSTK,MARUTI,30-Jul-2020,5200,PE,27.05,30.3,18,20,20,252,1316.29,23200,-400,06-JUL-2020,
OPTSTK,MARUTI,30-Jul-2020,5300,PE,39.95,40.9,24,25.7,25.7,318,1695.71,17300,-900,06-JUL-2020,
OPTSTK,MARUTI,30-Jul-2020,5400,PE,50,56.05,33.6,35.35,35.35,673,3662.85,24900,1200,06-JUL-2020,
OPTSTK,MARUTI,30-Jul-2020,5500,PE,69.15,75,44.05,46.05,46.05,1391,7727.61,76700,11000,06-JUL-2020,
OPTSTK,MARUTI,30-Jul-2020,5600,PE,93.75,98.65,59.1,60.95,60.95,1040,5900.88,37500,5300,06-JUL-2020,
OPTSTK,MARUTI,30-Jul-2020,5700,PE,116.2,127.8,77,80.05,80.05,1408,8161.11,56800,4700,06-JUL-2020,
OPTSTK,MARUTI,30-Jul-2020,5800,PE,167.15,167.15,101,104.65,104.65,1625,9631.69,64000,12600,06-JUL-2020,
OPTSTK,MARUTI,30-Jul-2020,5900,PE,201,207.85,129.5,134.25,134.25,1397,8470.39,39900,15300,06-JUL-2020,
OPTSTK,MARUTI,30-Jul-2020,6000,PE,222.8,257,163.3,170.3,170.3,1451,8989.55,28600,19300,06-JUL-2020,
OPTSTK,MARUTI,30-Jul-2020,6100,PE,300.05,300.05,208,214.55,214.55,385,2435.09,15000,10500,06-JUL-2020,
OPTSTK,MARUTI,30-Jul-2020,6200,PE,378.35,378.35,258.5,263.55,263.55,60,388.62,3100,2000,06-JUL-2020,
OPTSTK,MARUTI,30-Jul-2020,6300,PE,387,387,323,323,323,5,33.35,500,-100,06-JUL-2020,
OPTSTK,MARUTI,30-Jul-2020,6400,PE,491.85,491.85,383.75,383.75,383.75,2,13.67,300,-200,06-JUL-2020,
OPTSTK,MARUTI,30-Jul-2020,6500,PE,571.95,571.95,571.95,571.95,494,1,7.07,2600,0,06-JUL-2020,
OPTSTK,MARUTI,30-Jul-2020,6600,PE,0,0,0,1825.35,567.55,0,0,0,0,06-JUL-2020,
OPTSTK,MARUTI,30-Jul-2020,6700,PE,0,0,0,967.15,645.3,0,0,200,0,06-JUL-2020,
OPTSTK,MARUTI,30-Jul-2020,6800,PE,0,0,0,1040,726.85,0,0,1300,0,06-JUL-2020,
OPTSTK,MARUTI,30-Jul-2020,6900,PE,0,0,0,1099.35,811.65,0,0,1200,0,06-JUL-2020,
OPTSTK,MARUTI,30-Jul-2020,7000,PE,0,0,0,1149,899.3,0,0,200,0,06-JUL-2020,
OPTSTK,MARUTI,27-Aug-2020,3400,CE,0,0,0,2194,2744.2,0,0,0,0,06-JUL-2020,
OPTSTK,MARUTI,27-Aug-2020,3500,CE,0,0,0,2110.55,2644.85,0,0,0,0,06-JUL-2020,
OPTSTK,MARUTI,27-Aug-2020,3600,CE,0,0,0,2028.9,2545.5,0,0,0,0,06-JUL-2020,
OPTSTK,MARUTI,27-Aug-2020,3700,CE,0,0,0,1949.1,2446.2,0,0,0,0,06-JUL-2020,
OPTSTK,MARUTI,27-Aug-2020,3800,CE,0,0,0,1871.25,2346.95,0,0,0,0,06-JUL-2020,
OPTSTK,MARUTI,27-Aug-2020,3900,CE,0,0,0,1795.3,2247.8,0,0,0,0,06-JUL-2020,
OPTSTK,MARUTI,27-Aug-2020,4000,CE,0,0,0,1721.55,2148.85,0,0,0,0,06-JUL-2020,
OPTSTK,MARUTI,27-Aug-2020,4100,CE,0,0,0,1649.7,2050.1,0,0,0,0,06-JUL-2020,
OPTSTK,MARUTI,27-Aug-2020,4200,CE,0,0,0,1579.9,1951.65,0,0,0,0,06-JUL-2020,
OPTSTK,MARUTI,27-Aug-2020,4300,CE,0,0,0,1512.2,1853.7,0,0,0,0,06-JUL-2020,
OPTSTK,MARUTI,27-Aug-2020,4400,CE,0,0,0,1446.6,1756.3,0,0,0,0,06-JUL-2020,
OPTSTK,MARUTI,27-Aug-2020,4500,CE,0,0,0,1300,1659.75,0,0,100,0,06-JUL-2020,
OPTSTK,MARUTI,27-Aug-2020,4600,CE,0,0,0,1321.85,1564.15,0,0,0,0,06-JUL-2020,
OPTSTK,MARUTI,27-Aug-2020,4700,CE,0,0,0,1081.25,1469.8,0,0,200,0,06-JUL-2020,
OPTSTK,MARUTI,27-Aug-2020,4800,CE,0,0,0,1020,1376.95,0,0,500,0,06-JUL-2020,
OPTSTK,MARUTI,27-Aug-2020,4900,CE,0,0,0,900,1285.85,0,0,300,0,06-JUL-2020,
OPTSTK,MARUTI,27-Aug-2020,5000,CE,0,0,0,882.35,1196.85,0,0,600,0,06-JUL-2020,
OPTSTK,MARUTI,27-Aug-2020,5100,CE,0,0,0,780,1110.25,0,0,200,0,06-JUL-2020,
OPTSTK,MARUTI,27-Aug-2020,5200,CE,0,0,0,722.2,1026.25,0,0,200,0,06-JUL-2020,
OPTSTK,MARUTI,27-Aug-2020,5300,CE,0,0,0,640,945.25,0,0,100,0,06-JUL-2020,
OPTSTK,MARUTI,27-Aug-2020,5400,CE,0,0,0,600.85,867.5,0,0,1000,0,06-JUL-2020,
OPTSTK,MARUTI,27-Aug-2020,5500,CE,0,0,0,517.55,793.15,0,0,100,0,06-JUL-2020,
OPTSTK,MARUTI,27-Aug-2020,5600,CE,0,0,0,468.1,722.45,0,0,500,0,06-JUL-2020,
OPTSTK,MARUTI,27-Aug-2020,5700,CE,0,0,0,780.75,655.6,0,0,0,0,06-JUL-2020,
OPTSTK,MARUTI,27-Aug-2020,5800,CE,0,0,0,742.7,592.65,0,0,0,0,06-JUL-2020,
OPTSTK,MARUTI,27-Aug-2020,5900,CE,0,0,0,706.35,533.75,0,0,0,0,06-JUL-2020,
OPTSTK,MARUTI,27-Aug-2020,6000,CE,324.6,423.95,322.45,418,418,11,70.02,500,200,06-JUL-2020,
OPTSTK,MARUTI,27-Aug-2020,6100,CE,300,300,300,300,428,1,6.4,100,100,06-JUL-2020,
OPTSTK,MARUTI,27-Aug-2020,6200,CE,0,0,0,606.65,381.1,0,0,0,0,06-JUL-2020,
OPTSTK,MARUTI,27-Aug-2020,6300,CE,0,0,0,177.55,338.1,0,0,100,0,06-JUL-2020,
OPTSTK,MARUTI,27-Aug-2020,6400,CE,174,183.4,170,182,298.85,6,39.47,1400,100,06-JUL-2020,
OPTSTK,MARUTI,27-Aug-2020,6500,CE,177,177,177,177,263.2,1,6.67,400,100,06-JUL-2020,
OPTSTK,MARUTI,27-Aug-2020,6600,CE,0,0,0,493.7,230.95,0,0,0,0,06-JUL-2020,
OPTSTK,MARUTI,27-Aug-2020,6700,CE,135,135,135,135,202,1,6.83,100,100,06-JUL-2020,
OPTSTK,MARUTI,27-Aug-2020,6800,CE,0,0,0,445.2,176.05,0,0,0,0,06-JUL-2020,
OPTSTK,MARUTI,27-Aug-2020,6900,CE,0,0,0,422.6,152.9,0,0,0,0,06-JUL-2020,
OPTSTK,MARUTI,27-Aug-2020,7000,CE,77,77.25,77,77.25,132.4,2,14.15,200,200,06-JUL-2020,
OPTSTK,MARUTI,27-Aug-2020,3400,PE,0,0,0,84.35,0.05,0,0,0,0,06-JUL-2020,
OPTSTK,MARUTI,27-Aug-2020,3500,PE,0,0,0,99.7,0.05,0,0,0,0,06-JUL-2020,
OPTSTK,MARUTI,27-Aug-2020,3600,PE,0,0,0,116.85,0.1,0,0,0,0,06-JUL-2020,
OPTSTK,MARUTI,27-Aug-2020,3700,PE,0,0,0,135.85,0.2,0,0,0,0,06-JUL-2020,
OPTSTK,MARUTI,27-Aug-2020,3800,PE,0,0,0,156.75,0.35,0,0,0,0,06-JUL-2020,
OPTSTK,MARUTI,27-Aug-2020,3900,PE,0,0,0,179.6,0.6,0,0,0,0,06-JUL-2020,
OPTSTK,MARUTI,27-Aug-2020,4000,PE,0,0,0,204.65,1.05,0,0,0,0,06-JUL-2020,
OPTSTK,MARUTI,27-Aug-2020,4100,PE,0,0,0,231.55,1.7,0,0,0,0,06-JUL-2020,
OPTSTK,MARUTI,27-Aug-2020,4200,PE,0,0,0,260.55,2.65,0,0,0,0,06-JUL-2020,
OPTSTK,MARUTI,27-Aug-2020,4300,PE,0,0,0,291.65,4.1,0,0,0,0,06-JUL-2020,
OPTSTK,MARUTI,27-Aug-2020,4400,PE,0,0,0,324.85,6.1,0,0,0,0,06-JUL-2020,
OPTSTK,MARUTI,27-Aug-2020,4500,PE,0,0,0,360.2,8.95,0,0,0,0,06-JUL-2020,
OPTSTK,MARUTI,27-Aug-2020,4600,PE,0,0,0,397.65,12.75,0,0,0,0,06-JUL-2020,
OPTSTK,MARUTI,27-Aug-2020,4700,PE,0,0,0,437,17.75,0,0,0,0,06-JUL-2020,
OPTSTK,MARUTI,27-Aug-2020,4800,PE,0,0,0,478.7,24.3,0,0,0,0,06-JUL-2020,
OPTSTK,MARUTI,27-Aug-2020,4900,PE,0,0,0,522.5,32.65,0,0,0,0,06-JUL-2020,
OPTSTK,MARUTI,27-Aug-2020,5000,PE,55,60,50,50,50,6,30.32,300,300,06-JUL-2020,
OPTSTK,MARUTI,27-Aug-2020,5100,PE,0,0,0,119.15,55.8,0,0,2000,0,06-JUL-2020,
OPTSTK,MARUTI,27-Aug-2020,5200,PE,75,75,75,75,71.25,2,10.55,1300,200,06-JUL-2020,
OPTSTK,MARUTI,27-Aug-2020,5300,PE,0,0,0,172.65,89.65,0,0,500,0,06-JUL-2020,
OPTSTK,MARUTI,27-Aug-2020,5400,PE,0,0,0,771.3,111.25,0,0,0,0,06-JUL-2020,
OPTSTK,MARUTI,27-Aug-2020,5500,PE,244.35,244.35,160,160,136.3,2,11.4,300,100,06-JUL-2020,
OPTSTK,MARUTI,27-Aug-2020,5600,PE,0,0,0,884.1,165,0,0,0,0,06-JUL-2020,
OPTSTK,MARUTI,27-Aug-2020,5700,PE,0,0,0,943.15,197.55,0,0,0,0,06-JUL-2020,
OPTSTK,MARUTI,27-Aug-2020,5800,PE,0,0,0,314.95,234,0,0,100,0,06-JUL-2020,
OPTSTK,MARUTI,27-Aug-2020,5900,PE,0,0,0,1066.35,274.45,0,0,0,0,06-JUL-2020,
OPTSTK,MARUTI,27-Aug-2020,6000,PE,351,351,325,325,319,5,31.72,500,500,06-JUL-2020,
OPTSTK,MARUTI,27-Aug-2020,6100,PE,400,400,400,400,367.5,1,6.5,1700,0,06-JUL-2020,
OPTSTK,MARUTI,27-Aug-2020,6200,PE,0,0,0,1263,420,0,0,0,0,06-JUL-2020,
OPTSTK,MARUTI,27-Aug-2020,6300,PE,0,0,0,1331.5,476.4,0,0,0,0,06-JUL-2020,
OPTSTK,MARUTI,27-Aug-2020,6400,PE,0,0,0,1401.4,536.55,0,0,0,0,06-JUL-2020,
OPTSTK,MARUTI,27-Aug-2020,6500,PE,0,0,0,1472.65,600.3,0,0,0,0,06-JUL-2020,
OPTSTK,MARUTI,27-Aug-2020,6600,PE,0,0,0,1545.2,667.5,0,0,0,0,06-JUL-2020,
OPTSTK,MARUTI,27-Aug-2020,6700,PE,0,0,0,1619.3,737.9,0,0,0,0,06-JUL-2020,
OPTSTK,MARUTI,27-Aug-2020,6800,PE,0,0,0,1694.3,811.35,0,0,0,0,06-JUL-2020,
OPTSTK,MARUTI,27-Aug-2020,6900,PE,0,0,0,1770.45,887.6,0,0,0,0,06-JUL-2020,
OPTSTK,MARUTI,27-Aug-2020,7000,PE,0,0,0,1847.75,966.5,0,0,0,0,06-JUL-2020,
OPTSTK,MARUTI,24-Sep-2020,3600,CE,0,0,0,2228.15,2558.15,0,0,0,0,06-JUL-2020,
OPTSTK,MARUTI,24-Sep-2020,3700,CE,0,0,0,2135.95,2459.7,0,0,0,0,06-JUL-2020,
OPTSTK,MARUTI,24-Sep-2020,3800,CE,0,0,0,2045.05,2361.55,0,0,0,0,06-JUL-2020,
OPTSTK,MARUTI,24-Sep-2020,3900,CE,0,0,0,1955.6,2263.75,0,0,0,0,06-JUL-2020,
OPTSTK,MARUTI,24-Sep-2020,4000,CE,0,0,0,1867.75,2166.4,0,0,0,0,06-JUL-2020,
OPTSTK,MARUTI,24-Sep-2020,4100,CE,0,0,0,1781.6,2069.7,0,0,0,0,06-JUL-2020,
OPTSTK,MARUTI,24-Sep-2020,4200,CE,0,0,0,1697.3,1973.7,0,0,0,0,06-JUL-2020,
OPTSTK,MARUTI,24-Sep-2020,4300,CE,0,0,0,1615,1878.65,0,0,0,0,06-JUL-2020,
OPTSTK,MARUTI,24-Sep-2020,4400,CE,0,0,0,1534.75,1784.7,0,0,0,0,06-JUL-2020,
OPTSTK,MARUTI,24-Sep-2020,4500,CE,0,0,0,1456.75,1692,0,0,0,0,06-JUL-2020,
OPTSTK,MARUTI,24-Sep-2020,4600,CE,0,0,0,1381,1600.8,0,0,0,0,06-JUL-2020,
OPTSTK,MARUTI,24-Sep-2020,4700,CE,0,0,0,1307.75,1511.3,0,0,0,0,06-JUL-2020,
OPTSTK,MARUTI,24-Sep-2020,4800,CE,0,0,0,1236.75,1423.7,0,0,0,0,06-JUL-2020,
OPTSTK,MARUTI,24-Sep-2020,4900,CE,0,0,0,1168.25,1338.2,0,0,0,0,06-JUL-2020,
OPTSTK,MARUTI,24-Sep-2020,5000,CE,0,0,0,1102.3,1255,0,0,0,0,06-JUL-2020,
OPTSTK,MARUTI,24-Sep-2020,5100,CE,0,0,0,1038.7,1174.3,0,0,0,0,06-JUL-2020,
OPTSTK,MARUTI,24-Sep-2020,5200,CE,0,0,0,977.9,1096.25,0,0,0,0,06-JUL-2020,
OPTSTK,MARUTI,24-Sep-2020,5300,CE,0,0,0,919.65,1021.05,0,0,0,0,06-JUL-2020,
OPTSTK,MARUTI,24-Sep-2020,5400,CE,0,0,0,864,948.8,0,0,0,0,06-JUL-2020,
OPTSTK,MARUTI,24-Sep-2020,5500,CE,0,0,0,810.9,879.65,0,0,0,0,06-JUL-2020,
OPTSTK,MARUTI,24-Sep-2020,5600,CE,0,0,0,760.25,813.65,0,0,0,0,06-JUL-2020,
OPTSTK,MARUTI,24-Sep-2020,5700,CE,0,0,0,712.15,750.85,0,0,0,0,06-JUL-2020,
OPTSTK,MARUTI,24-Sep-2020,5800,CE,0,0,0,666.4,691.35,0,0,0,0,06-JUL-2020,
OPTSTK,MARUTI,24-Sep-2020,5900,CE,0,0,0,623.05,635.15,0,0,0,0,06-JUL-2020,
OPTSTK,MARUTI,24-Sep-2020,6000,CE,0,0,0,582,582.2,0,0,0,0,06-JUL-2020,
OPTSTK,MARUTI,24-Sep-2020,6100,CE,0,0,0,543.2,532.5,0,0,0,0,06-JUL-2020,
OPTSTK,MARUTI,24-Sep-2020,6200,CE,0,0,0,506.55,486,0,0,0,0,06-JUL-2020,
OPTSTK,MARUTI,24-Sep-2020,6300,CE,0,0,0,472,442.6,0,0,0,0,06-JUL-2020,
OPTSTK,MARUTI,24-Sep-2020,6400,CE,0,0,0,439.5,402.25,0,0,0,0,06-JUL-2020,
OPTSTK,MARUTI,24-Sep-2020,6500,CE,0,0,0,408.9,364.8,0,0,0,0,06-JUL-2020,
OPTSTK,MARUTI,24-Sep-2020,6600,CE,0,0,0,380.15,330.2,0,0,0,0,06-JUL-2020,
OPTSTK,MARUTI,24-Sep-2020,6700,CE,0,0,0,353.15,298.3,0,0,0,0,06-JUL-2020,
OPTSTK,MARUTI,24-Sep-2020,6800,CE,0,0,0,328.2,268.95,0,0,0,0,06-JUL-2020,
OPTSTK,MARUTI,24-Sep-2020,6900,CE,0,0,0,304.55,242.05,0,0,0,0,06-JUL-2020,
OPTSTK,MARUTI,24-Sep-2020,7000,CE,0,0,0,282.5,217.45,0,0,0,0,06-JUL-2020,
OPTSTK,MARUTI,24-Sep-2020,3600,PE,0,0,0,24.1,1.1,0,0,0,0,06-JUL-2020,
OPTSTK,MARUTI,24-Sep-2020,3700,PE,0,0,0,30.75,1.75,0,0,0,0,06-JUL-2020,
OPTSTK,MARUTI,24-Sep-2020,3800,PE,0,0,0,38.65,2.65,0,0,0,0,06-JUL-2020,
OPTSTK,MARUTI,24-Sep-2020,3900,PE,0,0,0,48.05,3.9,0,0,0,0,06-JUL-2020,
OPTSTK,MARUTI,24-Sep-2020,4000,PE,0,0,0,59.05,5.65,0,0,0,0,06-JUL-2020,
OPTSTK,MARUTI,24-Sep-2020,4100,PE,0,0,0,71.75,8,0,0,0,0,06-JUL-2020,
OPTSTK,MARUTI,24-Sep-2020,4200,PE,0,0,0,86.3,11.1,0,0,0,0,06-JUL-2020,
OPTSTK,MARUTI,24-Sep-2020,4300,PE,0,0,0,102.8,15.15,0,0,0,0,06-JUL-2020,
OPTSTK,MARUTI,24-Sep-2020,4400,PE,0,0,0,121.45,20.25,0,0,0,0,06-JUL-2020,
OPTSTK,MARUTI,24-Sep-2020,4500,PE,0,0,0,142.25,26.65,0,0,0,0,06-JUL-2020,
OPTSTK,MARUTI,24-Sep-2020,4600,PE,0,0,0,165.35,34.5,0,0,0,0,06-JUL-2020,
OPTSTK,MARUTI,24-Sep-2020,4700,PE,0,0,0,190.95,44.05,0,0,0,0,06-JUL-2020,
OPTSTK,MARUTI,24-Sep-2020,4800,PE,0,0,0,218.8,55.55,0,0,0,0,06-JUL-2020,
OPTSTK,MARUTI,24-Sep-2020,4900,PE,0,0,0,249.1,69.1,0,0,0,0,06-JUL-2020,
OPTSTK,MARUTI,24-Sep-2020,5000,PE,0,0,0,282,85,0,0,0,0,06-JUL-2020,
OPTSTK,MARUTI,24-Sep-2020,5100,PE,0,0,0,317.2,103.35,0,0,0,0,06-JUL-2020,
OPTSTK,MARUTI,24-Sep-2020,5200,PE,0,0,0,355.25,124.4,0,0,0,0,06-JUL-2020,
OPTSTK,MARUTI,24-Sep-2020,5300,PE,0,0,0,395.9,148.25,0,0,0,0,06-JUL-2020,
OPTSTK,MARUTI,24-Sep-2020,5400,PE,0,0,0,439.1,175.1,0,0,0,0,06-JUL-2020,
OPTSTK,MARUTI,24-Sep-2020,5500,PE,0,0,0,484.8,205,0,0,0,0,06-JUL-2020,
OPTSTK,MARUTI,24-Sep-2020,5600,PE,0,0,0,533,238.05,0,0,0,0,06-JUL-2020,
OPTSTK,MARUTI,24-Sep-2020,5700,PE,0,0,0,583.7,274.35,0,0,0,0,06-JUL-2020,
OPTSTK,MARUTI,24-Sep-2020,5800,PE,0,0,0,636.85,313.95,0,0,0,0,06-JUL-2020,
OPTSTK,MARUTI,24-Sep-2020,5900,PE,0,0,0,692.35,356.8,0,0,0,0,06-JUL-2020,
OPTSTK,MARUTI,24-Sep-2020,6000,PE,0,0,0,750.1,402.9,0,0,0,0,06-JUL-2020,
OPTSTK,MARUTI,24-Sep-2020,6100,PE,0,0,0,810.15,452.3,0,0,0,0,06-JUL-2020,
OPTSTK,MARUTI,24-Sep-2020,6200,PE,0,0,0,872.35,504.85,0,0,0,0,06-JUL-2020,
OPTSTK,MARUTI,24-Sep-2020,6300,PE,0,0,0,936.65,560.5,0,0,0,0,06-JUL-2020,
OPTSTK,MARUTI,24-Sep-2020,6400,PE,0,0,0,1002.95,619.25,0,0,0,0,06-JUL-2020,
OPTSTK,MARUTI,24-Sep-2020,6500,PE,0,0,0,1071.2,680.9,0,0,0,0,06-JUL-2020,
OPTSTK,MARUTI,24-Sep-2020,6600,PE,0,0,0,1141.3,745.35,0,0,0,0,06-JUL-2020,
OPTSTK,MARUTI,24-Sep-2020,6700,PE,0,0,0,1213.15,812.5,0,0,0,0,06-JUL-2020,
OPTSTK,MARUTI,24-Sep-2020,6800,PE,0,0,0,1287,882.25,0,0,0,0,06-JUL-2020,
OPTSTK,MARUTI,24-Sep-2020,6900,PE,0,0,0,1362.25,954.4,0,0,0,0,06-JUL-2020,
OPTSTK,MARUTI,24-Sep-2020,7000,PE,0,0,0,1439,1028.9,0,0,0,0,06-JUL-2020,
OPTSTK,MCDOWELL-N,30-Jul-2020,340,CE,0,0,0,205.85,249.9,0,0,0,0,06-JUL-2020,
OPTSTK,MCDOWELL-N,30-Jul-2020,360,CE,0,0,0,188.5,229.95,0,0,0,0,06-JUL-2020,
OPTSTK,MCDOWELL-N,30-Jul-2020,380,CE,0,0,0,171.9,210,0,0,0,0,06-JUL-2020,
OPTSTK,MCDOWELL-N,30-Jul-2020,400,CE,0,0,0,156.1,190.05,0,0,0,0,06-JUL-2020,
OPTSTK,MCDOWELL-N,30-Jul-2020,410,CE,0,0,0,163.75,180.1,0,0,0,0,06-JUL-2020,
OPTSTK,MCDOWELL-N,30-Jul-2020,420,CE,0,0,0,141.25,170.15,0,0,0,0,06-JUL-2020,
OPTSTK,MCDOWELL-N,30-Jul-2020,430,CE,0,0,0,147.05,160.15,0,0,0,0,06-JUL-2020,
OPTSTK,MCDOWELL-N,30-Jul-2020,440,CE,0,0,0,127.25,150.25,0,0,0,0,06-JUL-2020,
OPTSTK,MCDOWELL-N,30-Jul-2020,450,CE,0,0,0,131.25,140.3,0,0,0,0,06-JUL-2020,
OPTSTK,MCDOWELL-N,30-Jul-2020,460,CE,0,0,0,114.25,130.4,0,0,0,0,06-JUL-2020,
OPTSTK,MCDOWELL-N,30-Jul-2020,470,CE,0,0,0,116.45,120.6,0,0,0,0,06-JUL-2020,
OPTSTK,MCDOWELL-N,30-Jul-2020,480,CE,0,0,0,102.2,110.85,0,0,0,0,06-JUL-2020,
OPTSTK,MCDOWELL-N,30-Jul-2020,490,CE,0,0,0,102.7,101.25,0,0,0,0,06-JUL-2020,
OPTSTK,MCDOWELL-N,30-Jul-2020,500,CE,0,0,0,91.2,91.8,0,0,0,0,06-JUL-2020,
OPTSTK,MCDOWELL-N,30-Jul-2020,510,CE,0,0,0,90.05,82.65,0,0,0,0,06-JUL-2020,
OPTSTK,MCDOWELL-N,30-Jul-2020,520,CE,0,0,0,81.1,73.75,0,0,0,0,06-JUL-2020,
OPTSTK,MCDOWELL-N,30-Jul-2020,530,CE,0,0,0,78.55,65.25,0,0,0,0,06-JUL-2020,
OPTSTK,MCDOWELL-N,30-Jul-2020,540,CE,0,0,0,62.75,57.2,0,0,3750,0,06-JUL-2020,
OPTSTK,MCDOWELL-N,30-Jul-2020,550,CE,54,54.3,54,54.3,49.65,14,105.73,43750,17500,06-JUL-2020,
OPTSTK,MCDOWELL-N,30-Jul-2020,560,CE,43.5,43.5,43.5,43.5,43.5,2,15.08,22500,2500,06-JUL-2020,
OPTSTK,MCDOWELL-N,30-Jul-2020,570,CE,38.5,38.5,38.5,38.5,36.25,1,7.6,2500,1250,06-JUL-2020,
OPTSTK,MCDOWELL-N,30-Jul-2020,580,CE,29.8,36.65,29.8,31.5,31.5,48,367.69,70000,5000,06-JUL-2020,
OPTSTK,MCDOWELL-N,30-Jul-2020,590,CE,27,31.6,25.35,26.7,26.7,108,834.28,113750,20000,06-JUL-2020,
OPTSTK,MCDOWELL-N,30-Jul-2020,600,CE,22.85,27.1,21.3,22.45,22.45,705,5496.19,566250,10000,06-JUL-2020,
OPTSTK,MCDOWELL-N,30-Jul-2020,610,CE,19.15,22.3,17.65,18.65,18.65,212,1668.27,226250,7500,06-JUL-2020,
OPTSTK,MCDOWELL-N,30-Jul-2020,620,CE,15.6,18.85,14.75,15.5,15.5,484,3849.57,361250,15000,06-JUL-2020,
OPTSTK,MCDOWELL-N,30-Jul-2020,630,CE,13.4,15.2,12.1,12.7,12.7,91,731.9,208750,2500,06-JUL-2020,
OPTSTK,MCDOWELL-N,30-Jul-2020,640,CE,11.1,12.7,10,10.35,10.35,86,699.99,305000,16250,06-JUL-2020,
OPTSTK,MCDOWELL-N,30-Jul-2020,650,CE,10.95,10.95,7.8,8.35,8.35,105,864.83,242500,3750,06-JUL-2020,
OPTSTK,MCDOWELL-N,30-Jul-2020,660,CE,7.5,8.25,6.75,6.95,5.1,34,283.64,145000,2500,06-JUL-2020,
OPTSTK,MCDOWELL-N,30-Jul-2020,670,CE,6,6,6,6,3.9,3,25.35,16250,1250,06-JUL-2020,
OPTSTK,MCDOWELL-N,30-Jul-2020,680,CE,4.05,5,4.05,4.35,4.35,13,111.24,67500,2500,06-JUL-2020,
OPTSTK,MCDOWELL-N,30-Jul-2020,690,CE,0,0,0,4.5,2.2,0,0,2500,0,06-JUL-2020,
OPTSTK,MCDOWELL-N,30-Jul-2020,700,CE,3.5,3.6,2.95,3,3,89,782.36,362500,31250,06-JUL-2020,
OPTSTK,MCDOWELL-N,30-Jul-2020,710,CE,0,0,0,2.25,1.2,0,0,2500,0,06-JUL-2020,
OPTSTK,MCDOWELL-N,30-Jul-2020,720,CE,0,0,0,3.25,0.85,0,0,2500,0,06-JUL-2020,
OPTSTK,MCDOWELL-N,30-Jul-2020,730,CE,0,0,0,2.9,0.6,0,0,2500,0,06-JUL-2020,
OPTSTK,MCDOWELL-N,30-Jul-2020,740,CE,0,0,0,2.55,0.45,0,0,67500,0,06-JUL-2020,
OPTSTK,MCDOWELL-N,30-Jul-2020,750,CE,1.05,1.05,0.75,0.75,0.3,3,28.16,25000,1250,06-JUL-2020,
OPTSTK,MCDOWELL-N,30-Jul-2020,340,PE,0,0,0,4.9,0.05,0,0,0,0,06-JUL-2020,
OPTSTK,MCDOWELL-N,30-Jul-2020,360,PE,0,0,0,7.3,0.05,0,0,0,0,06-JUL-2020,
OPTSTK,MCDOWELL-N,30-Jul-2020,380,PE,0,0,0,10.45,0.05,0,0,0,0,06-JUL-2020,
OPTSTK,MCDOWELL-N,30-Jul-2020,400,PE,0,0,0,14.4,0.05,0,0,0,0,06-JUL-2020,
OPTSTK,MCDOWELL-N,30-Jul-2020,410,PE,0,0,0,6.7,0.05,0,0,0,0,06-JUL-2020,
OPTSTK,MCDOWELL-N,30-Jul-2020,420,PE,0,0,0,19.25,0.05,0,0,0,0,06-JUL-2020,
OPTSTK,MCDOWELL-N,30-Jul-2020,430,PE,0,0,0,9.8,0.05,0,0,0,0,06-JUL-2020,
OPTSTK,MCDOWELL-N,30-Jul-2020,440,PE,0,0,0,25.05,0.05,0,0,0,0,06-JUL-2020,
OPTSTK,MCDOWELL-N,30-Jul-2020,450,PE,0,0,0,13.85,0.1,0,0,0,0,06-JUL-2020,
OPTSTK,MCDOWELL-N,30-Jul-2020,460,PE,0,0,0,0.45,0.2,0,0,12500,0,06-JUL-2020,
OPTSTK,MCDOWELL-N,30-Jul-2020,470,PE,0,0,0,18.9,0.3,0,0,0,0,06-JUL-2020,
OPTSTK,MCDOWELL-N,30-Jul-2020,480,PE,0,0,0,39.5,0.55,0,0,0,0,06-JUL-2020,
OPTSTK,MCDOWELL-N,30-Jul-2020,490,PE,0,0,0,24.95,0.95,0,0,0,0,06-JUL-2020,
OPTSTK,MCDOWELL-N,30-Jul-2020,500,PE,1.85,2.5,1.8,1.85,1.85,10,62.73,70000,1250,06-JUL-2020,
OPTSTK,MCDOWELL-N,30-Jul-2020,510,PE,0,0,0,2.85,2.25,0,0,2500,0,06-JUL-2020,
OPTSTK,MCDOWELL-N,30-Jul-2020,520,PE,3.8,3.8,3.45,3.45,3.35,2,13.09,51250,0,06-JUL-2020,
OPTSTK,MCDOWELL-N,30-Jul-2020,530,PE,0,0,0,5.5,4.8,0,0,18750,0,06-JUL-2020,
OPTSTK,MCDOWELL-N,30-Jul-2020,540,PE,7.75,8.15,5.65,6.85,6.85,13,88.83,202500,3750,06-JUL-2020,
OPTSTK,MCDOWELL-N,30-Jul-2020,550,PE,10.2,11.2,7.9,9.3,9.3,76,531.48,463750,23750,06-JUL-2020,
OPTSTK,MCDOWELL-N,30-Jul-2020,560,PE,13.65,14.4,10.5,12.35,12.35,44,314.75,167500,3750,06-JUL-2020,
OPTSTK,MCDOWELL-N,30-Jul-2020,570,PE,18.3,18.3,13.7,16.4,16.4,95,696.52,85000,-1250,06-JUL-2020,
OPTSTK,MCDOWELL-N,30-Jul-2020,580,PE,21.4,23.45,17.2,20.5,20.5,221,1658.48,210000,22500,06-JUL-2020,
OPTSTK,MCDOWELL-N,30-Jul-2020,590,PE,26.8,28.5,21.6,25.25,25.25,127,976.58,162500,20000,06-JUL-2020,
OPTSTK,MCDOWELL-N,30-Jul-2020,600,PE,33,33.95,27.1,31.45,31.45,151,1190.27,215000,-18750,06-JUL-2020,
OPTSTK,MCDOWELL-N,30-Jul-2020,610,PE,38.95,38.95,32.95,37,37,21,169.73,15000,2500,06-JUL-2020,
OPTSTK,MCDOWELL-N,30-Jul-2020,620,PE,43.8,43.8,42.1,43.6,43.6,9,74.61,25000,6250,06-JUL-2020,
OPTSTK,MCDOWELL-N,30-Jul-2020,630,PE,0,0,0,53.95,50.15,0,0,8750,0,06-JUL-2020,
OPTSTK,MCDOWELL-N,30-Jul-2020,640,PE,57.7,57.7,57.7,57.7,57.8,1,8.72,3750,1250,06-JUL-2020,
OPTSTK,MCDOWELL-N,30-Jul-2020,650,PE,0,0,0,62.9,65.9,0,0,20000,0,06-JUL-2020,
OPTSTK,MCDOWELL-N,30-Jul-2020,660,PE,0,0,0,71,74.3,0,0,3750,0,06-JUL-2020,
OPTSTK,MCDOWELL-N,30-Jul-2020,670,PE,0,0,0,127.25,83.1,0,0,0,0,06-JUL-2020,
OPTSTK,MCDOWELL-N,30-Jul-2020,680,PE,0,0,0,163.95,92.1,0,0,0,0,06-JUL-2020,
OPTSTK,MCDOWELL-N,30-Jul-2020,690,PE,0,0,0,142.9,101.3,0,0,0,0,06-JUL-2020,
OPTSTK,MCDOWELL-N,30-Jul-2020,700,PE,0,0,0,120,110.7,0,0,13750,0,06-JUL-2020,
OPTSTK,MCDOWELL-N,30-Jul-2020,710,PE,0,0,0,159.15,120.25,0,0,0,0,06-JUL-2020,
OPTSTK,MCDOWELL-N,30-Jul-2020,720,PE,0,0,0,196.45,129.9,0,0,0,0,06-JUL-2020,
OPTSTK,MCDOWELL-N,30-Jul-2020,730,PE,0,0,0,175.95,139.65,0,0,0,0,06-JUL-2020,
OPTSTK,MCDOWELL-N,30-Jul-2020,740,PE,0,0,0,213.35,149.4,0,0,0,0,06-JUL-2020,
OPTSTK,MCDOWELL-N,30-Jul-2020,750,PE,0,0,0,193.2,159.25,0,0,0,0,06-JUL-2020,
OPTSTK,MCDOWELL-N,27-Aug-2020,340,CE,0,0,0,230.8,251,0,0,0,0,06-JUL-2020,
OPTSTK,MCDOWELL-N,27-Aug-2020,350,CE,0,0,0,221.7,241.05,0,0,0,0,06-JUL-2020,
OPTSTK,MCDOWELL-N,27-Aug-2020,360,CE,0,0,0,212.75,231.15,0,0,0,0,06-JUL-2020,
OPTSTK,MCDOWELL-N,27-Aug-2020,370,CE,0,0,0,203.9,221.2,0,0,0,0,06-JUL-2020,
OPTSTK,MCDOWELL-N,27-Aug-2020,380,CE,0,0,0,195.25,211.3,0,0,0,0,06-JUL-2020,
OPTSTK,MCDOWELL-N,27-Aug-2020,390,CE,0,0,0,186.8,201.4,0,0,0,0,06-JUL-2020,
OPTSTK,MCDOWELL-N,27-Aug-2020,400,CE,0,0,0,178.5,191.5,0,0,0,0,06-JUL-2020,
OPTSTK,MCDOWELL-N,27-Aug-2020,410,CE,0,0,0,170.4,181.65,0,0,0,0,06-JUL-2020,
OPTSTK,MCDOWELL-N,27-Aug-2020,420,CE,0,0,0,162.5,171.9,0,0,0,0,06-JUL-2020,
OPTSTK,MCDOWELL-N,27-Aug-2020,430,CE,0,0,0,154.85,162.15,0,0,0,0,06-JUL-2020,
OPTSTK,MCDOWELL-N,27-Aug-2020,440,CE,0,0,0,147.4,152.5,0,0,0,0,06-JUL-2020,
OPTSTK,MCDOWELL-N,27-Aug-2020,450,CE,0,0,0,140.15,142.95,0,0,0,0,06-JUL-2020,
OPTSTK,MCDOWELL-N,27-Aug-2020,460,CE,0,0,0,133.15,133.55,0,0,0,0,06-JUL-2020,
OPTSTK,MCDOWELL-N,27-Aug-2020,470,CE,0,0,0,126.35,124.35,0,0,0,0,06-JUL-2020,
OPTSTK,MCDOWELL-N,27-Aug-2020,480,CE,0,0,0,119.85,115.3,0,0,0,0,06-JUL-2020,
OPTSTK,MCDOWELL-N,27-Aug-2020,490,CE,0,0,0,113.5,106.55,0,0,0,0,06-JUL-2020,
OPTSTK,MCDOWELL-N,27-Aug-2020,500,CE,0,0,0,107.45,98,0,0,0,0,06-JUL-2020,
OPTSTK,MCDOWELL-N,27-Aug-2020,510,CE,0,0,0,101.65,89.8,0,0,0,0,06-JUL-2020,
OPTSTK,MCDOWELL-N,27-Aug-2020,520,CE,0,0,0,96.1,81.95,0,0,0,0,06-JUL-2020,
OPTSTK,MCDOWELL-N,27-Aug-2020,530,CE,0,0,0,90.75,74.45,0,0,0,0,06-JUL-2020,
OPTSTK,MCDOWELL-N,27-Aug-2020,540,CE,0,0,0,85.65,67.3,0,0,0,0,06-JUL-2020,
OPTSTK,MCDOWELL-N,27-Aug-2020,550,CE,0,0,0,61,60.6,0,0,1250,0,06-JUL-2020,
OPTSTK,MCDOWELL-N,27-Aug-2020,560,CE,0,0,0,76.1,54.3,0,0,0,0,06-JUL-2020,
OPTSTK,MCDOWELL-N,27-Aug-2020,570,CE,0,0,0,71.7,48.45,0,0,0,0,06-JUL-2020,
OPTSTK,MCDOWELL-N,27-Aug-2020,580,CE,0,0,0,67.45,43.05,0,0,0,0,06-JUL-2020,
OPTSTK,MCDOWELL-N,27-Aug-2020,590,CE,0,0,0,63.45,38.05,0,0,0,0,06-JUL-2020,
OPTSTK,MCDOWELL-N,27-Aug-2020,600,CE,0,0,0,59.65,33.5,0,0,0,0,06-JUL-2020,
OPTSTK,MCDOWELL-N,27-Aug-2020,610,CE,0,0,0,56.05,29.35,0,0,0,0,06-JUL-2020,
OPTSTK,MCDOWELL-N,27-Aug-2020,620,CE,0,0,0,52.6,25.65,0,0,0,0,06-JUL-2020,
OPTSTK,MCDOWELL-N,27-Aug-2020,630,CE,0,0,0,49.35,22.25,0,0,0,0,06-JUL-2020,
OPTSTK,MCDOWELL-N,27-Aug-2020,640,CE,0,0,0,46.3,19.25,0,0,0,0,06-JUL-2020,
OPTSTK,MCDOWELL-N,27-Aug-2020,650,CE,18,18,18,18,16.6,1,8.35,1250,0,06-JUL-2020,
OPTSTK,MCDOWELL-N,27-Aug-2020,660,CE,0,0,0,40.65,14.25,0,0,0,0,06-JUL-2020,
OPTSTK,MCDOWELL-N,27-Aug-2020,670,CE,0,0,0,38.1,12.2,0,0,0,0,06-JUL-2020,
OPTSTK,MCDOWELL-N,27-Aug-2020,680,CE,0,0,0,35.7,10.35,0,0,0,0,06-JUL-2020,
OPTSTK,MCDOWELL-N,27-Aug-2020,690,CE,0,0,0,33.4,8.8,0,0,0,0,06-JUL-2020,
OPTSTK,MCDOWELL-N,27-Aug-2020,700,CE,0,0,0,31.25,7.45,0,0,0,0,06-JUL-2020,
OPTSTK,MCDOWELL-N,27-Aug-2020,710,CE,0,0,0,29.25,6.25,0,0,0,0,06-JUL-2020,
OPTSTK,MCDOWELL-N,27-Aug-2020,720,CE,0,0,0,27.35,5.25,0,0,0,0,06-JUL-2020,
OPTSTK,MCDOWELL-N,27-Aug-2020,730,CE,0,0,0,25.55,4.4,0,0,0,0,06-JUL-2020,
OPTSTK,MCDOWELL-N,27-Aug-2020,740,CE,0,0,0,23.85,3.65,0,0,0,0,06-JUL-2020,
OPTSTK,MCDOWELL-N,27-Aug-2020,750,CE,0,0,0,22.25,3.05,0,0,0,0,06-JUL-2020,
OPTSTK,MCDOWELL-N,27-Aug-2020,340,PE,0,0,0,3.05,0.05,0,0,0,0,06-JUL-2020,
OPTSTK,MCDOWELL-N,27-Aug-2020,350,PE,0,0,0,3.85,0.05,0,0,0,0,06-JUL-2020,
OPTSTK,MCDOWELL-N,27-Aug-2020,360,PE,0,0,0,4.75,0.05,0,0,0,0,06-JUL-2020,
OPTSTK,MCDOWELL-N,27-Aug-2020,370,PE,0,0,0,5.8,0.05,0,0,0,0,06-JUL-2020,
OPTSTK,MCDOWELL-N,27-Aug-2020,380,PE,0,0,0,7.05,0.05,0,0,0,0,06-JUL-2020,
OPTSTK,MCDOWELL-N,27-Aug-2020,390,PE,0,0,0,8.45,0.1,0,0,0,0,06-JUL-2020,
OPTSTK,MCDOWELL-N,27-Aug-2020,400,PE,0,0,0,10.05,0.15,0,0,0,0,06-JUL-2020,
OPTSTK,MCDOWELL-N,27-Aug-2020,410,PE,0,0,0,11.8,0.25,0,0,0,0,06-JUL-2020,
OPTSTK,MCDOWELL-N,27-Aug-2020,420,PE,0,0,0,13.8,0.4,0,0,0,0,06-JUL-2020,
OPTSTK,MCDOWELL-N,27-Aug-2020,430,PE,0,0,0,16,0.6,0,0,0,0,06-JUL-2020,
OPTSTK,MCDOWELL-N,27-Aug-2020,440,PE,0,0,0,18.45,0.9,0,0,0,0,06-JUL-2020,
OPTSTK,MCDOWELL-N,27-Aug-2020,450,PE,0,0,0,21.1,1.3,0,0,0,0,06-JUL-2020,
OPTSTK,MCDOWELL-N,27-Aug-2020,460,PE,0,0,0,23.95,1.85,0,0,0,0,06-JUL-2020,
OPTSTK,MCDOWELL-N,27-Aug-2020,470,PE,0,0,0,27.05,2.55,0,0,0,0,06-JUL-2020,
OPTSTK,MCDOWELL-N,27-Aug-2020,480,PE,0,0,0,30.4,3.45,0,0,0,0,06-JUL-2020,
OPTSTK,MCDOWELL-N,27-Aug-2020,490,PE,0,0,0,33.95,4.6,0,0,0,0,06-JUL-2020,
OPTSTK,MCDOWELL-N,27-Aug-2020,500,PE,0,0,0,37.8,6.05,0,0,0,0,06-JUL-2020,
OPTSTK,MCDOWELL-N,27-Aug-2020,510,PE,0,0,0,41.85,7.8,0,0,0,0,06-JUL-2020,
OPTSTK,MCDOWELL-N,27-Aug-2020,520,PE,0,0,0,46.15,9.85,0,0,0,0,06-JUL-2020,
OPTSTK,MCDOWELL-N,27-Aug-2020,530,PE,0,0,0,50.7,12.3,0,0,0,0,06-JUL-2020,
OPTSTK,MCDOWELL-N,27-Aug-2020,540,PE,0,0,0,55.5,15.1,0,0,0,0,06-JUL-2020,
OPTSTK,MCDOWELL-N,27-Aug-2020,550,PE,17.5,17.5,17.5,17.5,17.5,1,7.09,7500,1250,06-JUL-2020,
OPTSTK,MCDOWELL-N,27-Aug-2020,560,PE,0,0,0,65.7,22,0,0,0,0,06-JUL-2020,
OPTSTK,MCDOWELL-N,27-Aug-2020,570,PE,0,0,0,71.15,26.05,0,0,0,0,06-JUL-2020,
OPTSTK,MCDOWELL-N,27-Aug-2020,580,PE,0,0,0,76.8,30.6,0,0,0,0,06-JUL-2020,
OPTSTK,MCDOWELL-N,27-Aug-2020,590,PE,0,0,0,82.7,35.55,0,0,0,0,06-JUL-2020,
OPTSTK,MCDOWELL-N,27-Aug-2020,600,PE,0,0,0,88.75,40.95,0,0,0,0,06-JUL-2020,
OPTSTK,MCDOWELL-N,27-Aug-2020,610,PE,0,0,0,95.05,46.75,0,0,0,0,06-JUL-2020,
OPTSTK,MCDOWELL-N,27-Aug-2020,620,PE,0,0,0,101.5,52.95,0,0,0,0,06-JUL-2020,
OPTSTK,MCDOWELL-N,27-Aug-2020,630,PE,0,0,0,108.1,59.5,0,0,0,0,06-JUL-2020,
OPTSTK,MCDOWELL-N,27-Aug-2020,640,PE,0,0,0,114.95,66.45,0,0,0,0,06-JUL-2020,
OPTSTK,MCDOWELL-N,27-Aug-2020,650,PE,0,0,0,72,73.75,0,0,1250,0,06-JUL-2020,
OPTSTK,MCDOWELL-N,27-Aug-2020,660,PE,0,0,0,129.05,81.3,0,0,0,0,06-JUL-2020,
OPTSTK,MCDOWELL-N,27-Aug-2020,670,PE,0,0,0,136.4,89.2,0,0,0,0,06-JUL-2020,
OPTSTK,MCDOWELL-N,27-Aug-2020,680,PE,0,0,0,143.85,97.3,0,0,0,0,06-JUL-2020,
OPTSTK,MCDOWELL-N,27-Aug-2020,690,PE,0,0,0,151.45,105.7,0,0,0,0,06-JUL-2020,
OPTSTK,MCDOWELL-N,27-Aug-2020,700,PE,0,0,0,159.15,114.25,0,0,0,0,06-JUL-2020,
OPTSTK,MCDOWELL-N,27-Aug-2020,710,PE,0,0,0,167,123.05,0,0,0,0,06-JUL-2020,
OPTSTK,MCDOWELL-N,27-Aug-2020,720,PE,0,0,0,175,131.95,0,0,0,0,06-JUL-2020,
OPTSTK,MCDOWELL-N,27-Aug-2020,730,PE,0,0,0,183.1,141.05,0,0,0,0,06-JUL-2020,
OPTSTK,MCDOWELL-N,27-Aug-2020,740,PE,0,0,0,191.3,150.25,0,0,0,0,06-JUL-2020,
OPTSTK,MCDOWELL-N,27-Aug-2020,750,PE,0,0,0,199.55,159.55,0,0,0,0,06-JUL-2020,
OPTSTK,MCDOWELL-N,24-Sep-2020,360,CE,0,0,0,246.1,232.45,0,0,0,0,06-JUL-2020,
OPTSTK,MCDOWELL-N,24-Sep-2020,370,CE,0,0,0,236.5,222.6,0,0,0,0,06-JUL-2020,
OPTSTK,MCDOWELL-N,24-Sep-2020,380,CE,0,0,0,227,212.8,0,0,0,0,06-JUL-2020,
OPTSTK,MCDOWELL-N,24-Sep-2020,390,CE,0,0,0,217.55,203.05,0,0,0,0,06-JUL-2020,
OPTSTK,MCDOWELL-N,24-Sep-2020,400,CE,0,0,0,208.25,193.4,0,0,0,0,06-JUL-2020,
OPTSTK,MCDOWELL-N,24-Sep-2020,410,CE,0,0,0,199.05,183.8,0,0,0,0,06-JUL-2020,
OPTSTK,MCDOWELL-N,24-Sep-2020,420,CE,0,0,0,189.95,174.3,0,0,0,0,06-JUL-2020,
OPTSTK,MCDOWELL-N,24-Sep-2020,430,CE,0,0,0,181.05,164.9,0,0,0,0,06-JUL-2020,
OPTSTK,MCDOWELL-N,24-Sep-2020,440,CE,0,0,0,172.3,155.65,0,0,0,0,06-JUL-2020,
OPTSTK,MCDOWELL-N,24-Sep-2020,450,CE,0,0,0,163.75,146.55,0,0,0,0,06-JUL-2020,
OPTSTK,MCDOWELL-N,24-Sep-2020,460,CE,0,0,0,155.35,137.65,0,0,0,0,06-JUL-2020,
OPTSTK,MCDOWELL-N,24-Sep-2020,470,CE,0,0,0,147.2,128.95,0,0,0,0,06-JUL-2020,
OPTSTK,MCDOWELL-N,24-Sep-2020,480,CE,0,0,0,139.25,120.5,0,0,0,0,06-JUL-2020,
OPTSTK,MCDOWELL-N,24-Sep-2020,490,CE,0,0,0,131.55,112.3,0,0,0,0,06-JUL-2020,
OPTSTK,MCDOWELL-N,24-Sep-2020,500,CE,0,0,0,124.1,104.35,0,0,0,0,06-JUL-2020,
OPTSTK,MCDOWELL-N,24-Sep-2020,510,CE,0,0,0,116.9,96.75,0,0,0,0,06-JUL-2020,
OPTSTK,MCDOWELL-N,24-Sep-2020,520,CE,0,0,0,109.95,89.4,0,0,0,0,06-JUL-2020,
OPTSTK,MCDOWELL-N,24-Sep-2020,530,CE,0,0,0,103.25,82.45,0,0,0,0,06-JUL-2020,
OPTSTK,MCDOWELL-N,24-Sep-2020,540,CE,0,0,0,96.85,75.8,0,0,0,0,06-JUL-2020,
OPTSTK,MCDOWELL-N,24-Sep-2020,550,CE,0,0,0,90.7,69.45,0,0,0,0,06-JUL-2020,
OPTSTK,MCDOWELL-N,24-Sep-2020,560,CE,0,0,0,84.85,63.5,0,0,0,0,06-JUL-2020,
OPTSTK,MCDOWELL-N,24-Sep-2020,570,CE,0,0,0,79.25,57.95,0,0,0,0,06-JUL-2020,
OPTSTK,MCDOWELL-N,24-Sep-2020,580,CE,0,0,0,73.9,52.7,0,0,0,0,06-JUL-2020,
OPTSTK,MCDOWELL-N,24-Sep-2020,590,CE,0,0,0,68.85,47.8,0,0,0,0,06-JUL-2020,
OPTSTK,MCDOWELL-N,24-Sep-2020,600,CE,0,0,0,64.05,43.25,0,0,0,0,06-JUL-2020,
OPTSTK,MCDOWELL-N,24-Sep-2020,610,CE,0,0,0,59.55,39,0,0,0,0,06-JUL-2020,
OPTSTK,MCDOWELL-N,24-Sep-2020,620,CE,0,0,0,55.25,35.15,0,0,0,0,06-JUL-2020,
OPTSTK,MCDOWELL-N,24-Sep-2020,630,CE,0,0,0,51.25,31.55,0,0,0,0,06-JUL-2020,
OPTSTK,MCDOWELL-N,24-Sep-2020,640,CE,0,0,0,47.45,28.25,0,0,0,0,06-JUL-2020,
OPTSTK,MCDOWELL-N,24-Sep-2020,650,CE,0,0,0,43.9,25.25,0,0,0,0,06-JUL-2020,
OPTSTK,MCDOWELL-N,24-Sep-2020,660,CE,0,0,0,40.55,22.5,0,0,0,0,06-JUL-2020,
OPTSTK,MCDOWELL-N,24-Sep-2020,670,CE,0,0,0,37.45,20.05,0,0,0,0,06-JUL-2020,
OPTSTK,MCDOWELL-N,24-Sep-2020,680,CE,0,0,0,34.55,17.8,0,0,0,0,06-JUL-2020,
OPTSTK,MCDOWELL-N,24-Sep-2020,690,CE,0,0,0,31.8,15.75,0,0,0,0,06-JUL-2020,
OPTSTK,MCDOWELL-N,24-Sep-2020,700,CE,0,0,0,29.3,13.95,0,0,0,0,06-JUL-2020,
OPTSTK,MCDOWELL-N,24-Sep-2020,710,CE,0,0,0,26.95,12.3,0,0,0,0,06-JUL-2020,
OPTSTK,MCDOWELL-N,24-Sep-2020,720,CE,0,0,0,24.8,10.85,0,0,0,0,06-JUL-2020,
OPTSTK,MCDOWELL-N,24-Sep-2020,730,CE,0,0,0,22.75,9.5,0,0,0,0,06-JUL-2020,
OPTSTK,MCDOWELL-N,24-Sep-2020,740,CE,0,0,0,20.9,8.35,0,0,0,0,06-JUL-2020,
OPTSTK,MCDOWELL-N,24-Sep-2020,750,CE,0,0,0,19.15,7.3,0,0,0,0,06-JUL-2020,
OPTSTK,MCDOWELL-N,24-Sep-2020,360,PE,0,0,0,0.8,0.15,0,0,0,0,06-JUL-2020,
OPTSTK,MCDOWELL-N,24-Sep-2020,370,PE,0,0,0,1.1,0.2,0,0,0,0,06-JUL-2020,
OPTSTK,MCDOWELL-N,24-Sep-2020,380,PE,0,0,0,1.45,0.35,0,0,0,0,06-JUL-2020,
OPTSTK,MCDOWELL-N,24-Sep-2020,390,PE,0,0,0,1.95,0.5,0,0,0,0,06-JUL-2020,
OPTSTK,MCDOWELL-N,24-Sep-2020,400,PE,0,0,0,2.5,0.75,0,0,0,0,06-JUL-2020,
OPTSTK,MCDOWELL-N,24-Sep-2020,410,PE,0,0,0,3.15,1.05,0,0,0,0,06-JUL-2020,
OPTSTK,MCDOWELL-N,24-Sep-2020,420,PE,0,0,0,4,1.45,0,0,0,0,06-JUL-2020,
OPTSTK,MCDOWELL-N,24-Sep-2020,430,PE,0,0,0,4.95,1.95,0,0,0,0,06-JUL-2020,
OPTSTK,MCDOWELL-N,24-Sep-2020,440,PE,0,0,0,6.1,2.6,0,0,0,0,06-JUL-2020,
OPTSTK,MCDOWELL-N,24-Sep-2020,450,PE,0,0,0,7.4,3.45,0,0,0,0,06-JUL-2020,
OPTSTK,MCDOWELL-N,24-Sep-2020,460,PE,0,0,0,8.95,4.45,0,0,0,0,06-JUL-2020,
OPTSTK,MCDOWELL-N,24-Sep-2020,470,PE,0,0,0,10.65,5.65,0,0,0,0,06-JUL-2020,
OPTSTK,MCDOWELL-N,24-Sep-2020,480,PE,0,0,0,12.6,7.1,0,0,0,0,06-JUL-2020,
OPTSTK,MCDOWELL-N,24-Sep-2020,490,PE,0,0,0,14.8,8.8,0,0,0,0,06-JUL-2020,
OPTSTK,MCDOWELL-N,24-Sep-2020,500,PE,0,0,0,17.2,10.75,0,0,0,0,06-JUL-2020,
OPTSTK,MCDOWELL-N,24-Sep-2020,510,PE,0,0,0,19.9,13.05,0,0,0,0,06-JUL-2020,
OPTSTK,MCDOWELL-N,24-Sep-2020,520,PE,0,0,0,22.8,15.65,0,0,0,0,06-JUL-2020,
OPTSTK,MCDOWELL-N,24-Sep-2020,530,PE,0,0,0,26,18.55,0,0,0,0,06-JUL-2020,
OPTSTK,MCDOWELL-N,24-Sep-2020,540,PE,0,0,0,29.45,21.8,0,0,0,0,06-JUL-2020,
OPTSTK,MCDOWELL-N,24-Sep-2020,550,PE,0,0,0,33.2,25.4,0,0,0,0,06-JUL-2020,
OPTSTK,MCDOWELL-N,24-Sep-2020,560,PE,0,0,0,37.25,29.4,0,0,0,0,06-JUL-2020,
OPTSTK,MCDOWELL-N,24-Sep-2020,570,PE,0,0,0,41.5,33.7,0,0,0,0,06-JUL-2020,
OPTSTK,MCDOWELL-N,24-Sep-2020,580,PE,0,0,0,46.1,38.35,0,0,0,0,06-JUL-2020,
OPTSTK,MCDOWELL-N,24-Sep-2020,590,PE,0,0,0,50.9,43.35,0,0,0,0,06-JUL-2020,
OPTSTK,MCDOWELL-N,24-Sep-2020,600,PE,0,0,0,56,48.7,0,0,0,0,06-JUL-2020,
OPTSTK,MCDOWELL-N,24-Sep-2020,610,PE,0,0,0,61.35,54.4,0,0,0,0,06-JUL-2020,
OPTSTK,MCDOWELL-N,24-Sep-2020,620,PE,0,0,0,67,60.45,0,0,0,0,06-JUL-2020,
OPTSTK,MCDOWELL-N,24-Sep-2020,630,PE,0,0,0,72.85,66.75,0,0,0,0,06-JUL-2020,
OPTSTK,MCDOWELL-N,24-Sep-2020,640,PE,0,0,0,78.95,73.4,0,0,0,0,06-JUL-2020,
OPTSTK,MCDOWELL-N,24-Sep-2020,650,PE,0,0,0,85.25,80.3,0,0,0,0,06-JUL-2020,
OPTSTK,MCDOWELL-N,24-Sep-2020,660,PE,0,0,0,91.8,87.45,0,0,0,0,06-JUL-2020,
OPTSTK,MCDOWELL-N,24-Sep-2020,670,PE,0,0,0,98.6,94.9,0,0,0,0,06-JUL-2020,
OPTSTK,MCDOWELL-N,24-Sep-2020,680,PE,0,0,0,105.55,102.55,0,0,0,0,06-JUL-2020,
OPTSTK,MCDOWELL-N,24-Sep-2020,690,PE,0,0,0,112.7,110.4,0,0,0,0,06-JUL-2020,
OPTSTK,MCDOWELL-N,24-Sep-2020,700,PE,0,0,0,120.1,118.5,0,0,0,0,06-JUL-2020,
OPTSTK,MCDOWELL-N,24-Sep-2020,710,PE,0,0,0,127.65,126.75,0,0,0,0,06-JUL-2020,
OPTSTK,MCDOWELL-N,24-Sep-2020,720,PE,0,0,0,135.35,135.2,0,0,0,0,06-JUL-2020,
OPTSTK,MCDOWELL-N,24-Sep-2020,730,PE,0,0,0,143.2,143.8,0,0,0,0,06-JUL-2020,
OPTSTK,MCDOWELL-N,24-Sep-2020,740,PE,0,0,0,151.2,152.55,0,0,0,0,06-JUL-2020,
OPTSTK,MCDOWELL-N,24-Sep-2020,750,PE,0,0,0,159.35,161.4,0,0,0,0,06-JUL-2020,
OPTSTK,MFSL,30-Jul-2020,260,CE,0,0,0,236.4,300.7,0,0,0,0,06-JUL-2020,
OPTSTK,MFSL,30-Jul-2020,280,CE,0,0,0,222.75,280.75,0,0,0,0,06-JUL-2020,
OPTSTK,MFSL,30-Jul-2020,300,CE,0,0,0,209.9,260.8,0,0,0,0,06-JUL-2020,
OPTSTK,MFSL,30-Jul-2020,320,CE,0,0,0,197.75,240.85,0,0,0,0,06-JUL-2020,
OPTSTK,MFSL,30-Jul-2020,330,CE,0,0,0,152.45,230.9,0,0,0,0,06-JUL-2020,
OPTSTK,MFSL,30-Jul-2020,340,CE,0,0,0,186.3,220.9,0,0,0,0,06-JUL-2020,
OPTSTK,MFSL,30-Jul-2020,350,CE,0,0,0,137.6,210.95,0,0,0,0,06-JUL-2020,
OPTSTK,MFSL,30-Jul-2020,360,CE,0,0,0,175.5,201,0,0,0,0,06-JUL-2020,
OPTSTK,MFSL,30-Jul-2020,370,CE,0,0,0,123.75,191.1,0,0,0,0,06-JUL-2020,
OPTSTK,MFSL,30-Jul-2020,380,CE,0,0,0,165.35,181.2,0,0,0,0,06-JUL-2020,
OPTSTK,MFSL,30-Jul-2020,390,CE,0,0,0,110.9,171.35,0,0,0,0,06-JUL-2020,
OPTSTK,MFSL,30-Jul-2020,400,CE,0,0,0,155.85,161.55,0,0,0,0,06-JUL-2020,
OPTSTK,MFSL,30-Jul-2020,410,CE,0,0,0,83.85,151.85,0,0,3900,0,06-JUL-2020,
OPTSTK,MFSL,30-Jul-2020,420,CE,0,0,0,82.85,142.25,0,0,2600,0,06-JUL-2020,
OPTSTK,MFSL,30-Jul-2020,430,CE,0,0,0,88.25,132.8,0,0,0,0,06-JUL-2020,
OPTSTK,MFSL,30-Jul-2020,440,CE,0,0,0,85,123.5,0,0,5200,0,06-JUL-2020,
OPTSTK,MFSL,30-Jul-2020,450,CE,0,0,0,60.7,114.4,0,0,1300,0,06-JUL-2020,
OPTSTK,MFSL,30-Jul-2020,460,CE,0,0,0,54.1,105.55,0,0,2600,0,06-JUL-2020,
OPTSTK,MFSL,30-Jul-2020,470,CE,0,0,0,48.9,96.95,0,0,2600,0,06-JUL-2020,
OPTSTK,MFSL,30-Jul-2020,480,CE,0,0,0,68.85,88.7,0,0,18200,0,06-JUL-2020,
OPTSTK,MFSL,30-Jul-2020,490,CE,0,0,0,49.95,80.75,0,0,5200,0,06-JUL-2020,
OPTSTK,MFSL,30-Jul-2020,500,CE,64.05,64.05,64.05,64.05,73.2,1,7.33,28600,0,06-JUL-2020,
OPTSTK,MFSL,30-Jul-2020,510,CE,0,0,0,57.15,66.05,0,0,32500,0,06-JUL-2020,
OPTSTK,MFSL,30-Jul-2020,520,CE,57,57.95,53.5,53.5,53.5,3,22.46,100100,-1300,06-JUL-2020,
OPTSTK,MFSL,30-Jul-2020,530,CE,45.5,49.3,45.5,48.35,53.05,4,30.06,74100,1300,06-JUL-2020,
OPTSTK,MFSL,30-Jul-2020,540,CE,42.85,43.2,41.55,41.6,41.6,7,52.98,36400,0,06-JUL-2020,
OPTSTK,MFSL,30-Jul-2020,550,CE,34.4,39.8,34.2,36.35,36.35,14,106.81,53300,-7800,06-JUL-2020,
OPTSTK,MFSL,30-Jul-2020,560,CE,30,33.8,30,30.9,30.9,19,146.22,62400,-2600,06-JUL-2020,
OPTSTK,MFSL,30-Jul-2020,570,CE,27.35,30,25.15,25.6,25.6,41,318.5,57200,27300,06-JUL-2020,
OPTSTK,MFSL,30-Jul-2020,580,CE,22,25,21,22.2,22.2,27,211.71,36400,9100,06-JUL-2020,
OPTSTK,MFSL,30-Jul-2020,590,CE,0,0,0,12,24.55,0,0,1300,0,06-JUL-2020,
OPTSTK,MFSL,30-Jul-2020,600,CE,15,18.4,15,15.9,15.9,31,248.49,115700,-5200,06-JUL-2020,
OPTSTK,MFSL,30-Jul-2020,610,CE,0,0,0,11,18.3,0,0,5200,0,06-JUL-2020,
OPTSTK,MFSL,30-Jul-2020,620,CE,11.5,12.25,10.95,11,15.75,14,114.91,42900,14300,06-JUL-2020,
OPTSTK,MFSL,30-Jul-2020,630,CE,0,0,0,6,13.45,0,0,3900,0,06-JUL-2020,
OPTSTK,MFSL,30-Jul-2020,640,CE,7.85,7.85,7.85,7.85,7.85,1,8.42,23400,-1300,06-JUL-2020,
OPTSTK,MFSL,30-Jul-2020,650,CE,0,0,0,22,9.7,0,0,0,0,06-JUL-2020,
OPTSTK,MFSL,30-Jul-2020,260,PE,0,0,0,23.3,0.05,0,0,0,0,06-JUL-2020,
OPTSTK,MFSL,30-Jul-2020,280,PE,0,0,0,29.4,0.05,0,0,0,0,06-JUL-2020,
OPTSTK,MFSL,30-Jul-2020,300,PE,0,0,0,1,0.05,0,0,3900,0,06-JUL-2020,
OPTSTK,MFSL,30-Jul-2020,320,PE,0,0,0,43.85,0.05,0,0,0,0,06-JUL-2020,
OPTSTK,MFSL,30-Jul-2020,330,PE,0,0,0,13.6,0.05,0,0,0,0,06-JUL-2020,
OPTSTK,MFSL,30-Jul-2020,340,PE,0,0,0,52.15,0.05,0,0,0,0,06-JUL-2020,
OPTSTK,MFSL,30-Jul-2020,350,PE,0,0,0,18.55,0.05,0,0,0,0,06-JUL-2020,
OPTSTK,MFSL,30-Jul-2020,360,PE,0,0,0,61.15,0.05,0,0,0,0,06-JUL-2020,
OPTSTK,MFSL,30-Jul-2020,370,PE,0,0,0,24.5,0.1,0,0,0,0,06-JUL-2020,
OPTSTK,MFSL,30-Jul-2020,380,PE,0,0,0,70.75,0.2,0,0,0,0,06-JUL-2020,
OPTSTK,MFSL,30-Jul-2020,390,PE,0,0,0,31.5,0.3,0,0,0,0,06-JUL-2020,
OPTSTK,MFSL,30-Jul-2020,400,PE,0.5,0.5,0.5,0.5,0.5,2,10.41,41600,0,06-JUL-2020,
OPTSTK,MFSL,30-Jul-2020,410,PE,0,0,0,39.5,0.75,0,0,0,0,06-JUL-2020,
OPTSTK,MFSL,30-Jul-2020,420,PE,1.5,1.5,1.05,1.05,1.15,2,10.95,24700,0,06-JUL-2020,
OPTSTK,MFSL,30-Jul-2020,430,PE,0,0,0,48.55,1.65,0,0,0,0,06-JUL-2020,
OPTSTK,MFSL,30-Jul-2020,440,PE,0,0,0,8.75,2.3,0,0,42900,0,06-JUL-2020,
OPTSTK,MFSL,30-Jul-2020,450,PE,2.55,2.6,2.1,2.35,2.35,6,35.28,40300,0,06-JUL-2020,
OPTSTK,MFSL,30-Jul-2020,460,PE,2.9,3,2.15,2.15,4.3,4,24.06,48100,-3900,06-JUL-2020,
OPTSTK,MFSL,30-Jul-2020,470,PE,4.4,4.4,4.15,4.15,5.7,2,12.33,27300,-2600,06-JUL-2020,
OPTSTK,MFSL,30-Jul-2020,480,PE,0,0,0,6.7,7.4,0,0,33800,0,06-JUL-2020,
OPTSTK,MFSL,30-Jul-2020,490,PE,8.15,8.15,6.3,7.2,7.2,12,77.51,16900,-5200,06-JUL-2020,
OPTSTK,MFSL,30-Jul-2020,500,PE,9,9,8.5,8.6,8.6,6,39.67,46800,-2600,06-JUL-2020,
OPTSTK,MFSL,30-Jul-2020,510,PE,11.55,11.55,11.55,11.55,14.7,1,6.78,18200,-1300,06-JUL-2020,
OPTSTK,MFSL,30-Jul-2020,520,PE,15.2,15.9,13.3,14.5,14.5,17,118.11,37700,1300,06-JUL-2020,
OPTSTK,MFSL,30-Jul-2020,530,PE,19.6,19.6,16.95,17.2,17.2,12,85.46,24700,5200,06-JUL-2020,
OPTSTK,MFSL,30-Jul-2020,540,PE,22.5,24,20.35,21.5,21.5,14,102.23,27300,3900,06-JUL-2020,
OPTSTK,MFSL,30-Jul-2020,550,PE,28.5,29,25,26.05,30.3,13,97.46,19500,5200,06-JUL-2020,
OPTSTK,MFSL,30-Jul-2020,560,PE,33,33,29.95,31,31,6,46.09,11700,2600,06-JUL-2020,
OPTSTK,MFSL,30-Jul-2020,570,PE,35.5,35.9,35.5,35.9,40.8,3,23.62,10400,3900,06-JUL-2020,
OPTSTK,MFSL,30-Jul-2020,580,PE,0,0,0,50.1,46.65,0,0,2600,0,06-JUL-2020,
OPTSTK,MFSL,30-Jul-2020,590,PE,0,0,0,151.55,52.95,0,0,0,0,06-JUL-2020,
OPTSTK,MFSL,30-Jul-2020,600,PE,0,0,0,210.15,59.65,0,0,0,0,06-JUL-2020,
OPTSTK,MFSL,30-Jul-2020,610,PE,0,0,0,167.4,66.65,0,0,0,0,06-JUL-2020,
OPTSTK,MFSL,30-Jul-2020,620,PE,0,0,0,101.9,74.05,0,0,5200,0,06-JUL-2020,
OPTSTK,MFSL,30-Jul-2020,630,PE,0,0,0,183.7,81.75,0,0,0,0,06-JUL-2020,
OPTSTK,MFSL,30-Jul-2020,640,PE,0,0,0,240.45,89.7,0,0,0,0,06-JUL-2020,
OPTSTK,MFSL,30-Jul-2020,650,PE,0,0,0,200.45,97.95,0,0,0,0,06-JUL-2020,
OPTSTK,MFSL,27-Aug-2020,290,CE,0,0,0,191.35,271.8,0,0,0,0,06-JUL-2020,
OPTSTK,MFSL,27-Aug-2020,300,CE,0,0,0,183.5,261.9,0,0,0,0,06-JUL-2020,
OPTSTK,MFSL,27-Aug-2020,310,CE,0,0,0,175.9,252,0,0,0,0,06-JUL-2020,
OPTSTK,MFSL,27-Aug-2020,320,CE,0,0,0,168.5,242.2,0,0,0,0,06-JUL-2020,
OPTSTK,MFSL,27-Aug-2020,330,CE,0,0,0,161.35,232.4,0,0,0,0,06-JUL-2020,
OPTSTK,MFSL,27-Aug-2020,340,CE,0,0,0,154.4,222.65,0,0,0,0,06-JUL-2020,
OPTSTK,MFSL,27-Aug-2020,350,CE,0,0,0,147.7,212.95,0,0,0,0,06-JUL-2020,
OPTSTK,MFSL,27-Aug-2020,360,CE,0,0,0,141.2,203.35,0,0,0,0,06-JUL-2020,
OPTSTK,MFSL,27-Aug-2020,370,CE,0,0,0,134.95,193.85,0,0,0,0,06-JUL-2020,
OPTSTK,MFSL,27-Aug-2020,380,CE,0,0,0,128.9,184.5,0,0,0,0,06-JUL-2020,
OPTSTK,MFSL,27-Aug-2020,390,CE,0,0,0,123.05,175.25,0,0,0,0,06-JUL-2020,
OPTSTK,MFSL,27-Aug-2020,400,CE,0,0,0,117.45,166.15,0,0,0,0,06-JUL-2020,
OPTSTK,MFSL,27-Aug-2020,410,CE,0,0,0,112.1,157.25,0,0,0,0,06-JUL-2020,
OPTSTK,MFSL,27-Aug-2020,420,CE,0,0,0,106.9,148.5,0,0,0,0,06-JUL-2020,
OPTSTK,MFSL,27-Aug-2020,430,CE,0,0,0,101.95,140,0,0,0,0,06-JUL-2020,
OPTSTK,MFSL,27-Aug-2020,440,CE,0,0,0,97.2,131.7,0,0,0,0,06-JUL-2020,
OPTSTK,MFSL,27-Aug-2020,450,CE,0,0,0,92.65,123.7,0,0,0,0,06-JUL-2020,
OPTSTK,MFSL,27-Aug-2020,460,CE,0,0,0,88.25,115.9,0,0,0,0,06-JUL-2020,
OPTSTK,MFSL,27-Aug-2020,470,CE,0,0,0,84.1,108.45,0,0,0,0,06-JUL-2020,
OPTSTK,MFSL,27-Aug-2020,480,CE,0,0,0,80.1,101.25,0,0,0,0,06-JUL-2020,
OPTSTK,MFSL,27-Aug-2020,490,CE,0,0,0,76.25,94.3,0,0,0,0,06-JUL-2020,
OPTSTK,MFSL,27-Aug-2020,500,CE,0,0,0,72.6,87.7,0,0,0,0,06-JUL-2020,
OPTSTK,MFSL,27-Aug-2020,510,CE,0,0,0,69.1,81.45,0,0,0,0,06-JUL-2020,
OPTSTK,MFSL,27-Aug-2020,520,CE,0,0,0,65.8,75.45,0,0,0,0,06-JUL-2020,
OPTSTK,MFSL,27-Aug-2020,530,CE,0,0,0,62.6,69.8,0,0,0,0,06-JUL-2020,
OPTSTK,MFSL,27-Aug-2020,540,CE,0,0,0,59.55,64.45,0,0,0,0,06-JUL-2020,
OPTSTK,MFSL,27-Aug-2020,550,CE,0,0,0,56.65,59.4,0,0,0,0,06-JUL-2020,
OPTSTK,MFSL,27-Aug-2020,560,CE,0,0,0,53.9,54.65,0,0,0,0,06-JUL-2020,
OPTSTK,MFSL,27-Aug-2020,570,CE,0,0,0,51.3,50.2,0,0,0,0,06-JUL-2020,
OPTSTK,MFSL,27-Aug-2020,580,CE,0,0,0,48.8,46,0,0,0,0,06-JUL-2020,
OPTSTK,MFSL,27-Aug-2020,590,CE,0,0,0,46.4,42.15,0,0,0,0,06-JUL-2020,
OPTSTK,MFSL,27-Aug-2020,600,CE,0,0,0,44.15,38.5,0,0,0,0,06-JUL-2020,
OPTSTK,MFSL,27-Aug-2020,610,CE,0,0,0,42,35.15,0,0,0,0,06-JUL-2020,
OPTSTK,MFSL,27-Aug-2020,620,CE,0,0,0,39.95,32.05,0,0,0,0,06-JUL-2020,
OPTSTK,MFSL,27-Aug-2020,630,CE,0,0,0,38,29.15,0,0,0,0,06-JUL-2020,
OPTSTK,MFSL,27-Aug-2020,640,CE,0,0,0,36.15,26.5,0,0,0,0,06-JUL-2020,
OPTSTK,MFSL,27-Aug-2020,650,CE,0,0,0,34.35,24.05,0,0,0,0,06-JUL-2020,
OPTSTK,MFSL,27-Aug-2020,290,PE,0,0,0,11.7,0.1,0,0,0,0,06-JUL-2020,
OPTSTK,MFSL,27-Aug-2020,300,PE,0,0,0,13.75,0.1,0,0,0,0,06-JUL-2020,
OPTSTK,MFSL,27-Aug-2020,310,PE,0,0,0,16.05,0.2,0,0,0,0,06-JUL-2020,
OPTSTK,MFSL,27-Aug-2020,320,PE,0,0,0,18.55,0.3,0,0,0,0,06-JUL-2020,
OPTSTK,MFSL,27-Aug-2020,330,PE,0,0,0,21.25,0.45,0,0,0,0,06-JUL-2020,
OPTSTK,MFSL,27-Aug-2020,340,PE,0,0,0,24.2,0.65,0,0,0,0,06-JUL-2020,
OPTSTK,MFSL,27-Aug-2020,350,PE,0,0,0,27.35,0.9,0,0,0,0,06-JUL-2020,
OPTSTK,MFSL,27-Aug-2020,360,PE,0,0,0,30.75,1.25,0,0,0,0,06-JUL-2020,
OPTSTK,MFSL,27-Aug-2020,370,PE,0,0,0,34.35,1.7,0,0,0,0,06-JUL-2020,
OPTSTK,MFSL,27-Aug-2020,380,PE,0,0,0,38.2,2.25,0,0,0,0,06-JUL-2020,
OPTSTK,MFSL,27-Aug-2020,390,PE,0,0,0,42.2,2.95,0,0,0,0,06-JUL-2020,
OPTSTK,MFSL,27-Aug-2020,400,PE,0,0,0,46.5,3.8,0,0,0,0,06-JUL-2020,
OPTSTK,MFSL,27-Aug-2020,410,PE,0,0,0,51,4.8,0,0,0,0,06-JUL-2020,
OPTSTK,MFSL,27-Aug-2020,420,PE,0,0,0,55.7,6,0,0,0,0,06-JUL-2020,
OPTSTK,MFSL,27-Aug-2020,430,PE,0,0,0,60.65,7.45,0,0,0,0,06-JUL-2020,
OPTSTK,MFSL,27-Aug-2020,440,PE,0,0,0,65.75,9.1,0,0,0,0,06-JUL-2020,
OPTSTK,MFSL,27-Aug-2020,450,PE,0,0,0,71.05,11,0,0,0,0,06-JUL-2020,
OPTSTK,MFSL,27-Aug-2020,460,PE,0,0,0,76.6,13.2,0,0,0,0,06-JUL-2020,
OPTSTK,MFSL,27-Aug-2020,470,PE,0,0,0,82.25,15.65,0,0,0,0,06-JUL-2020,
OPTSTK,MFSL,27-Aug-2020,480,PE,0,0,0,88.15,18.4,0,0,0,0,06-JUL-2020,
OPTSTK,MFSL,27-Aug-2020,490,PE,0,0,0,94.2,21.4,0,0,0,0,06-JUL-2020,
OPTSTK,MFSL,27-Aug-2020,500,PE,0,0,0,100.45,24.75,0,0,0,0,06-JUL-2020,
OPTSTK,MFSL,27-Aug-2020,510,PE,0,0,0,106.8,28.4,0,0,0,0,06-JUL-2020,
OPTSTK,MFSL,27-Aug-2020,520,PE,0,0,0,113.35,32.35,0,0,0,0,06-JUL-2020,
OPTSTK,MFSL,27-Aug-2020,530,PE,0,0,0,120.05,36.65,0,0,0,0,06-JUL-2020,
OPTSTK,MFSL,27-Aug-2020,540,PE,0,0,0,126.9,41.2,0,0,0,0,06-JUL-2020,
OPTSTK,MFSL,27-Aug-2020,550,PE,0,0,0,133.9,46.1,0,0,0,0,06-JUL-2020,
OPTSTK,MFSL,27-Aug-2020,560,PE,0,0,0,141,51.3,0,0,0,0,06-JUL-2020,
OPTSTK,MFSL,27-Aug-2020,570,PE,0,0,0,148.25,56.8,0,0,0,0,06-JUL-2020,
OPTSTK,MFSL,27-Aug-2020,580,PE,0,0,0,155.65,62.55,0,0,0,0,06-JUL-2020,
OPTSTK,MFSL,27-Aug-2020,590,PE,0,0,0,163.15,68.6,0,0,0,0,06-JUL-2020,
OPTSTK,MFSL,27-Aug-2020,600,PE,0,0,0,170.75,74.95,0,0,0,0,06-JUL-2020,
OPTSTK,MFSL,27-Aug-2020,610,PE,0,0,0,178.5,81.55,0,0,0,0,06-JUL-2020,
OPTSTK,MFSL,27-Aug-2020,620,PE,0,0,0,186.3,88.35,0,0,0,0,06-JUL-2020,
OPTSTK,MFSL,27-Aug-2020,630,PE,0,0,0,194.25,95.4,0,0,0,0,06-JUL-2020,
OPTSTK,MFSL,27-Aug-2020,640,PE,0,0,0,202.25,102.7,0,0,0,0,06-JUL-2020,
OPTSTK,MFSL,27-Aug-2020,650,PE,0,0,0,210.35,110.2,0,0,0,0,06-JUL-2020,
OPTSTK,MFSL,24-Sep-2020,340,CE,0,0,0,212.1,225.3,0,0,0,0,06-JUL-2020,
OPTSTK,MFSL,24-Sep-2020,350,CE,0,0,0,204.2,216.05,0,0,0,0,06-JUL-2020,
OPTSTK,MFSL,24-Sep-2020,360,CE,0,0,0,196.4,206.9,0,0,0,0,06-JUL-2020,
OPTSTK,MFSL,24-Sep-2020,370,CE,0,0,0,188.85,197.9,0,0,0,0,06-JUL-2020,
OPTSTK,MFSL,24-Sep-2020,380,CE,0,0,0,181.5,189.05,0,0,0,0,06-JUL-2020,
OPTSTK,MFSL,24-Sep-2020,390,CE,0,0,0,174.35,180.4,0,0,0,0,06-JUL-2020,
OPTSTK,MFSL,24-Sep-2020,400,CE,0,0,0,167.4,171.9,0,0,0,0,06-JUL-2020,
OPTSTK,MFSL,24-Sep-2020,410,CE,0,0,0,160.65,163.65,0,0,0,0,06-JUL-2020,
OPTSTK,MFSL,24-Sep-2020,420,CE,0,0,0,154.05,155.55,0,0,0,0,06-JUL-2020,
OPTSTK,MFSL,24-Sep-2020,430,CE,0,0,0,147.75,147.7,0,0,0,0,06-JUL-2020,
OPTSTK,MFSL,24-Sep-2020,440,CE,0,0,0,141.6,140.05,0,0,0,0,06-JUL-2020,
OPTSTK,MFSL,24-Sep-2020,450,CE,0,0,0,135.6,132.7,0,0,0,0,06-JUL-2020,
OPTSTK,MFSL,24-Sep-2020,460,CE,0,0,0,129.9,125.55,0,0,0,0,06-JUL-2020,
OPTSTK,MFSL,24-Sep-2020,470,CE,0,0,0,124.35,118.65,0,0,0,0,06-JUL-2020,
OPTSTK,MFSL,24-Sep-2020,480,CE,0,0,0,119,112,0,0,0,0,06-JUL-2020,
OPTSTK,MFSL,24-Sep-2020,490,CE,0,0,0,113.85,105.6,0,0,0,0,06-JUL-2020,
OPTSTK,MFSL,24-Sep-2020,500,CE,0,0,0,108.9,99.5,0,0,0,0,06-JUL-2020,
OPTSTK,MFSL,24-Sep-2020,510,CE,0,0,0,104.15,93.65,0,0,0,0,06-JUL-2020,
OPTSTK,MFSL,24-Sep-2020,520,CE,0,0,0,99.55,88,0,0,0,0,06-JUL-2020,
OPTSTK,MFSL,24-Sep-2020,530,CE,0,0,0,95.15,82.65,0,0,0,0,06-JUL-2020,
OPTSTK,MFSL,24-Sep-2020,540,CE,0,0,0,90.9,77.55,0,0,0,0,06-JUL-2020,
OPTSTK,MFSL,24-Sep-2020,550,CE,0,0,0,86.85,72.7,0,0,0,0,06-JUL-2020,
OPTSTK,MFSL,24-Sep-2020,560,CE,0,0,0,82.95,68.1,0,0,0,0,06-JUL-2020,
OPTSTK,MFSL,24-Sep-2020,570,CE,0,0,0,79.2,63.7,0,0,0,0,06-JUL-2020,
OPTSTK,MFSL,24-Sep-2020,580,CE,0,0,0,75.6,59.55,0,0,0,0,06-JUL-2020,
OPTSTK,MFSL,24-Sep-2020,590,CE,0,0,0,72.15,55.65,0,0,0,0,06-JUL-2020,
OPTSTK,MFSL,24-Sep-2020,600,CE,0,0,0,68.85,51.95,0,0,0,0,06-JUL-2020,
OPTSTK,MFSL,24-Sep-2020,610,CE,0,0,0,65.7,48.45,0,0,0,0,06-JUL-2020,
OPTSTK,MFSL,24-Sep-2020,620,CE,0,0,0,62.7,45.15,0,0,0,0,06-JUL-2020,
OPTSTK,MFSL,24-Sep-2020,630,CE,0,0,0,59.8,42.05,0,0,0,0,06-JUL-2020,
OPTSTK,MFSL,24-Sep-2020,640,CE,0,0,0,57.05,39.15,0,0,0,0,06-JUL-2020,
OPTSTK,MFSL,24-Sep-2020,650,CE,0,0,0,54.4,36.4,0,0,0,0,06-JUL-2020,
OPTSTK,MFSL,24-Sep-2020,340,PE,0,0,0,12.2,2.2,0,0,0,0,06-JUL-2020,
OPTSTK,MFSL,24-Sep-2020,350,PE,0,0,0,14.1,2.85,0,0,0,0,06-JUL-2020,
OPTSTK,MFSL,24-Sep-2020,360,PE,0,0,0,16.25,3.6,0,0,0,0,06-JUL-2020,
OPTSTK,MFSL,24-Sep-2020,370,PE,0,0,0,18.55,4.55,0,0,0,0,06-JUL-2020,
OPTSTK,MFSL,24-Sep-2020,380,PE,0,0,0,21.1,5.6,0,0,0,0,06-JUL-2020,
OPTSTK,MFSL,24-Sep-2020,390,PE,0,0,0,23.8,6.85,0,0,0,0,06-JUL-2020,
OPTSTK,MFSL,24-Sep-2020,400,PE,0,0,0,26.75,8.25,0,0,0,0,06-JUL-2020,
OPTSTK,MFSL,24-Sep-2020,410,PE,0,0,0,29.85,9.85,0,0,0,0,06-JUL-2020,
OPTSTK,MFSL,24-Sep-2020,420,PE,0,0,0,33.2,11.7,0,0,0,0,06-JUL-2020,
OPTSTK,MFSL,24-Sep-2020,430,PE,0,0,0,36.75,13.75,0,0,0,0,06-JUL-2020,
OPTSTK,MFSL,24-Sep-2020,440,PE,0,0,0,40.5,16.05,0,0,0,0,06-JUL-2020,
OPTSTK,MFSL,24-Sep-2020,450,PE,0,0,0,44.4,18.55,0,0,0,0,06-JUL-2020,
OPTSTK,MFSL,24-Sep-2020,460,PE,0,0,0,48.55,21.3,0,0,0,0,06-JUL-2020,
OPTSTK,MFSL,24-Sep-2020,470,PE,0,0,0,52.9,24.35,0,0,0,0,06-JUL-2020,
OPTSTK,MFSL,24-Sep-2020,480,PE,0,0,0,57.45,27.6,0,0,0,0,06-JUL-2020,
OPTSTK,MFSL,24-Sep-2020,490,PE,0,0,0,62.2,31.15,0,0,0,0,06-JUL-2020,
OPTSTK,MFSL,24-Sep-2020,500,PE,0,0,0,67.1,34.9,0,0,0,0,06-JUL-2020,
OPTSTK,MFSL,24-Sep-2020,510,PE,0,0,0,72.2,38.95,0,0,0,0,06-JUL-2020,
OPTSTK,MFSL,24-Sep-2020,520,PE,0,0,0,77.5,43.25,0,0,0,0,06-JUL-2020,
OPTSTK,MFSL,24-Sep-2020,530,PE,0,0,0,83,47.8,0,0,0,0,06-JUL-2020,
OPTSTK,MFSL,24-Sep-2020,540,PE,0,0,0,88.65,52.6,0,0,0,0,06-JUL-2020,
OPTSTK,MFSL,24-Sep-2020,550,PE,0,0,0,94.45,57.65,0,0,0,0,06-JUL-2020,
OPTSTK,MFSL,24-Sep-2020,560,PE,0,0,0,100.45,62.95,0,0,0,0,06-JUL-2020,
OPTSTK,MFSL,24-Sep-2020,570,PE,0,0,0,106.6,68.5,0,0,0,0,06-JUL-2020,
OPTSTK,MFSL,24-Sep-2020,580,PE,0,0,0,112.85,74.25,0,0,0,0,06-JUL-2020,
OPTSTK,MFSL,24-Sep-2020,590,PE,0,0,0,119.3,80.25,0,0,0,0,06-JUL-2020,
OPTSTK,MFSL,24-Sep-2020,600,PE,0,0,0,125.9,86.45,0,0,0,0,06-JUL-2020,
OPTSTK,MFSL,24-Sep-2020,610,PE,0,0,0,132.65,92.85,0,0,0,0,06-JUL-2020,
OPTSTK,MFSL,24-Sep-2020,620,PE,0,0,0,139.5,99.45,0,0,0,0,06-JUL-2020,
OPTSTK,MFSL,24-Sep-2020,630,PE,0,0,0,146.5,106.25,0,0,0,0,06-JUL-2020,
OPTSTK,MFSL,24-Sep-2020,640,PE,0,0,0,153.6,113.25,0,0,0,0,06-JUL-2020,
OPTSTK,MFSL,24-Sep-2020,650,PE,0,0,0,160.85,120.45,0,0,0,0,06-JUL-2020,
OPTSTK,MGL,30-Jul-2020,580,CE,0,0,0,409.6,495.15,0,0,0,0,06-JUL-2020,
OPTSTK,MGL,30-Jul-2020,600,CE,0,0,0,392.1,475.2,0,0,0,0,06-JUL-2020,
OPTSTK,MGL,30-Jul-2020,620,CE,0,0,0,375.05,455.3,0,0,0,0,06-JUL-2020,
OPTSTK,MGL,30-Jul-2020,640,CE,0,0,0,358.35,435.35,0,0,0,0,06-JUL-2020,
OPTSTK,MGL,30-Jul-2020,660,CE,0,0,0,342.05,415.4,0,0,0,0,06-JUL-2020,
OPTSTK,MGL,30-Jul-2020,680,CE,0,0,0,326.2,395.45,0,0,0,0,06-JUL-2020,
OPTSTK,MGL,30-Jul-2020,700,CE,0,0,0,310.75,375.5,0,0,0,0,06-JUL-2020,
OPTSTK,MGL,30-Jul-2020,720,CE,0,0,0,295.85,355.55,0,0,0,0,06-JUL-2020,
OPTSTK,MGL,30-Jul-2020,740,CE,0,0,0,281.35,335.6,0,0,0,0,06-JUL-2020,
OPTSTK,MGL,30-Jul-2020,760,CE,0,0,0,267.35,315.7,0,0,0,0,06-JUL-2020,
OPTSTK,MGL,30-Jul-2020,780,CE,0,0,0,253.85,295.75,0,0,0,0,06-JUL-2020,
OPTSTK,MGL,30-Jul-2020,800,CE,0,0,0,240.8,275.85,0,0,0,0,06-JUL-2020,
OPTSTK,MGL,30-Jul-2020,820,CE,0,0,0,228.25,256,0,0,0,0,06-JUL-2020,
OPTSTK,MGL,30-Jul-2020,840,CE,0,0,0,216.2,236.2,0,0,0,0,06-JUL-2020,
OPTSTK,MGL,30-Jul-2020,860,CE,0,0,0,204.65,216.55,0,0,0,0,06-JUL-2020,
OPTSTK,MGL,30-Jul-2020,880,CE,0,0,0,193.6,197.1,0,0,0,0,06-JUL-2020,
OPTSTK,MGL,30-Jul-2020,900,CE,0,0,0,183.05,177.95,0,0,0,0,06-JUL-2020,
OPTSTK,MGL,30-Jul-2020,920,CE,0,0,0,172.95,159.25,0,0,0,0,06-JUL-2020,
OPTSTK,MGL,30-Jul-2020,940,CE,0,0,0,163.3,141.15,0,0,0,0,06-JUL-2020,
OPTSTK,MGL,30-Jul-2020,960,CE,0,0,0,120.1,123.75,0,0,600,0,06-JUL-2020,
OPTSTK,MGL,30-Jul-2020,980,CE,0,0,0,98,107.3,0,0,1200,0,06-JUL-2020,
OPTSTK,MGL,30-Jul-2020,1000,CE,93,94.35,93,94.35,91.95,2,13.12,10200,0,06-JUL-2020,
OPTSTK,MGL,30-Jul-2020,1020,CE,0,0,0,90.45,77.8,0,0,1800,0,06-JUL-2020,
OPTSTK,MGL,30-Jul-2020,1040,CE,59.3,62.2,59.15,62.2,62.2,5,32.99,7800,-1200,06-JUL-2020,
OPTSTK,MGL,30-Jul-2020,1060,CE,52.4,54.5,50.4,50.8,50.8,18,120.12,14400,-1200,06-JUL-2020,
OPTSTK,MGL,30-Jul-2020,1080,CE,44.4,46,36.3,40.6,40.6,83,558.98,29400,-1200,06-JUL-2020,
OPTSTK,MGL,30-Jul-2020,1100,CE,37.65,37.7,29.7,32.25,32.25,77,523.64,53400,6600,06-JUL-2020,
OPTSTK,MGL,30-Jul-2020,1120,CE,29.8,29.9,24.15,25.55,25.55,17,117.02,16200,600,06-JUL-2020,
OPTSTK,MGL,30-Jul-2020,1140,CE,21.6,23.05,18.05,19.1,21.55,16,111.47,21600,4800,06-JUL-2020,
OPTSTK,MGL,30-Jul-2020,1160,CE,18,18,15.65,15.65,16.55,2,14.12,8400,0,06-JUL-2020,
OPTSTK,MGL,30-Jul-2020,1180,CE,0,0,0,9.2,12.6,0,0,3000,0,06-JUL-2020,
OPTSTK,MGL,30-Jul-2020,1200,CE,8.05,10,8,9,9,13,94.33,16800,-600,06-JUL-2020,
OPTSTK,MGL,30-Jul-2020,1220,CE,0,0,0,18.35,6.95,0,0,2400,0,06-JUL-2020,
OPTSTK,MGL,30-Jul-2020,1240,CE,0,0,0,1.1,5.1,0,0,2400,0,06-JUL-2020,
OPTSTK,MGL,30-Jul-2020,1260,CE,4.6,4.6,4.6,4.6,3.65,2,15.17,4800,-600,06-JUL-2020,
OPTSTK,MGL,30-Jul-2020,1280,CE,0,0,0,57.75,2.6,0,0,0,0,06-JUL-2020,
OPTSTK,MGL,30-Jul-2020,1300,CE,0,0,0,54.2,1.85,0,0,0,0,06-JUL-2020,
OPTSTK,MGL,30-Jul-2020,580,PE,0,0,0,9.5,0.05,0,0,0,0,06-JUL-2020,
OPTSTK,MGL,30-Jul-2020,600,PE,0,0,0,11.75,0.05,0,0,0,0,06-JUL-2020,
OPTSTK,MGL,30-Jul-2020,620,PE,0,0,0,14.45,0.05,0,0,0,0,06-JUL-2020,
OPTSTK,MGL,30-Jul-2020,640,PE,0,0,0,17.45,0.05,0,0,0,0,06-JUL-2020,
OPTSTK,MGL,30-Jul-2020,660,PE,0,0,0,20.95,0.05,0,0,0,0,06-JUL-2020,
OPTSTK,MGL,30-Jul-2020,680,PE,0,0,0,24.8,0.05,0,0,0,0,06-JUL-2020,
OPTSTK,MGL,30-Jul-2020,700,PE,0,0,0,29.15,0.05,0,0,0,0,06-JUL-2020,
OPTSTK,MGL,30-Jul-2020,720,PE,0,0,0,33.95,0.05,0,0,0,0,06-JUL-2020,
OPTSTK,MGL,30-Jul-2020,740,PE,0,0,0,39.2,0.05,0,0,0,0,06-JUL-2020,
OPTSTK,MGL,30-Jul-2020,760,PE,0,0,0,44.95,0.05,0,0,0,0,06-JUL-2020,
OPTSTK,MGL,30-Jul-2020,780,PE,0,0,0,51.2,0.05,0,0,0,0,06-JUL-2020,
OPTSTK,MGL,30-Jul-2020,800,PE,0,0,0,57.9,0.05,0,0,0,0,06-JUL-2020,
OPTSTK,MGL,30-Jul-2020,820,PE,0,0,0,65.15,0.15,0,0,0,0,06-JUL-2020,
OPTSTK,MGL,30-Jul-2020,840,PE,0,0,0,2,0.3,0,0,600,0,06-JUL-2020,
OPTSTK,MGL,30-Jul-2020,860,PE,0,0,0,81,0.6,0,0,0,0,06-JUL-2020,
OPTSTK,MGL,30-Jul-2020,880,PE,0,0,0,3,1.1,0,0,600,0,06-JUL-2020,
OPTSTK,MGL,30-Jul-2020,900,PE,0,0,0,6.9,1.9,0,0,2400,0,06-JUL-2020,
OPTSTK,MGL,30-Jul-2020,920,PE,0,0,0,108.55,3.15,0,0,0,0,06-JUL-2020,
OPTSTK,MGL,30-Jul-2020,940,PE,0,0,0,5.15,4.95,0,0,1200,0,06-JUL-2020,
OPTSTK,MGL,30-Jul-2020,960,PE,0,0,0,8,7.55,0,0,17400,0,06-JUL-2020,
OPTSTK,MGL,30-Jul-2020,980,PE,8,8,8,8,8,1,5.92,1200,600,06-JUL-2020,
OPTSTK,MGL,30-Jul-2020,1000,PE,10.5,15.5,10.5,15.5,15.5,12,72.97,37200,-1800,06-JUL-2020,
OPTSTK,MGL,30-Jul-2020,1020,PE,16.05,21,16.05,20.65,21.4,4,24.93,3000,600,06-JUL-2020,
OPTSTK,MGL,30-Jul-2020,1040,PE,23.8,29.3,23.8,28.35,28.35,23,147.1,13800,-3000,06-JUL-2020,
OPTSTK,MGL,30-Jul-2020,1060,PE,30,36.55,30,36.55,37.05,4,26.26,7800,600,06-JUL-2020,
OPTSTK,MGL,30-Jul-2020,1080,PE,37.7,49,37.4,47,47,13,87.57,7200,600,06-JUL-2020,
OPTSTK,MGL,30-Jul-2020,1100,PE,49.9,60.15,49.9,60.15,60.15,4,27.71,3000,0,06-JUL-2020,
OPTSTK,MGL,30-Jul-2020,1120,PE,0,0,0,87.5,70.95,0,0,600,0,06-JUL-2020,
OPTSTK,MGL,30-Jul-2020,1140,PE,0,0,0,242.45,84.8,0,0,0,0,06-JUL-2020,
OPTSTK,MGL,30-Jul-2020,1160,PE,0,0,0,256.8,99.8,0,0,0,0,06-JUL-2020,
OPTSTK,MGL,30-Jul-2020,1180,PE,0,0,0,271.45,115.75,0,0,0,0,06-JUL-2020,
OPTSTK,MGL,30-Jul-2020,1200,PE,0,0,0,155,132.5,0,0,600,0,06-JUL-2020,
OPTSTK,MGL,30-Jul-2020,1220,PE,0,0,0,301.65,150,0,0,0,0,06-JUL-2020,
OPTSTK,MGL,30-Jul-2020,1240,PE,0,0,0,317.1,168.05,0,0,0,0,06-JUL-2020,
OPTSTK,MGL,30-Jul-2020,1260,PE,0,0,0,332.85,186.6,0,0,0,0,06-JUL-2020,
OPTSTK,MGL,30-Jul-2020,1280,PE,0,0,0,348.8,205.5,0,0,0,0,06-JUL-2020,
OPTSTK,MGL,30-Jul-2020,1300,PE,0,0,0,365,224.65,0,0,0,0,06-JUL-2020,
OPTSTK,MGL,27-Aug-2020,580,CE,0,0,0,355.3,497.05,0,0,0,0,06-JUL-2020,
OPTSTK,MGL,27-Aug-2020,600,CE,0,0,0,336.85,477.15,0,0,0,0,06-JUL-2020,
OPTSTK,MGL,27-Aug-2020,620,CE,0,0,0,318.7,457.3,0,0,0,0,06-JUL-2020,
OPTSTK,MGL,27-Aug-2020,640,CE,0,0,0,300.95,437.45,0,0,0,0,06-JUL-2020,
OPTSTK,MGL,27-Aug-2020,660,CE,0,0,0,283.6,417.55,0,0,0,0,06-JUL-2020,
OPTSTK,MGL,27-Aug-2020,680,CE,0,0,0,266.7,397.7,0,0,0,0,06-JUL-2020,
OPTSTK,MGL,27-Aug-2020,700,CE,0,0,0,250.3,377.9,0,0,0,0,06-JUL-2020,
OPTSTK,MGL,27-Aug-2020,720,CE,0,0,0,234.45,358.1,0,0,0,0,06-JUL-2020,
OPTSTK,MGL,27-Aug-2020,740,CE,0,0,0,219.15,338.35,0,0,0,0,06-JUL-2020,
OPTSTK,MGL,27-Aug-2020,760,CE,0,0,0,204.45,318.7,0,0,0,0,06-JUL-2020,
OPTSTK,MGL,27-Aug-2020,780,CE,0,0,0,190.35,299.2,0,0,0,0,06-JUL-2020,
OPTSTK,MGL,27-Aug-2020,800,CE,0,0,0,176.9,279.85,0,0,0,0,06-JUL-2020,
OPTSTK,MGL,27-Aug-2020,820,CE,0,0,0,164.05,260.7,0,0,0,0,06-JUL-2020,
OPTSTK,MGL,27-Aug-2020,840,CE,0,0,0,151.9,241.9,0,0,0,0,06-JUL-2020,
OPTSTK,MGL,27-Aug-2020,860,CE,0,0,0,140.45,223.45,0,0,0,0,06-JUL-2020,
OPTSTK,MGL,27-Aug-2020,880,CE,0,0,0,129.6,205.45,0,0,0,0,06-JUL-2020,
OPTSTK,MGL,27-Aug-2020,900,CE,0,0,0,119.35,187.95,0,0,0,0,06-JUL-2020,
OPTSTK,MGL,27-Aug-2020,920,CE,0,0,0,109.8,171.1,0,0,0,0,06-JUL-2020,
OPTSTK,MGL,27-Aug-2020,940,CE,0,0,0,100.85,155,0,0,0,0,06-JUL-2020,
OPTSTK,MGL,27-Aug-2020,960,CE,0,0,0,92.45,139.6,0,0,0,0,06-JUL-2020,
OPTSTK,MGL,27-Aug-2020,980,CE,0,0,0,84.65,125.1,0,0,0,0,06-JUL-2020,
OPTSTK,MGL,27-Aug-2020,1000,CE,0,0,0,77.4,111.45,0,0,0,0,06-JUL-2020,
OPTSTK,MGL,27-Aug-2020,1020,CE,0,0,0,70.7,98.8,0,0,0,0,06-JUL-2020,
OPTSTK,MGL,27-Aug-2020,1040,CE,0,0,0,64.45,87.05,0,0,0,0,06-JUL-2020,
OPTSTK,MGL,27-Aug-2020,1060,CE,0,0,0,58.7,76.3,0,0,0,0,06-JUL-2020,
OPTSTK,MGL,27-Aug-2020,1080,CE,0,0,0,53.45,66.5,0,0,0,0,06-JUL-2020,
OPTSTK,MGL,27-Aug-2020,1100,CE,0,0,0,44,57.6,0,0,600,0,06-JUL-2020,
OPTSTK,MGL,27-Aug-2020,1120,CE,0,0,0,44.15,49.65,0,0,0,0,06-JUL-2020,
OPTSTK,MGL,27-Aug-2020,1140,CE,0,0,0,40.05,42.6,0,0,0,0,06-JUL-2020,
OPTSTK,MGL,27-Aug-2020,1160,CE,0,0,0,36.3,36.3,0,0,0,0,06-JUL-2020,
OPTSTK,MGL,27-Aug-2020,1180,CE,0,0,0,32.85,30.8,0,0,0,0,06-JUL-2020,
OPTSTK,MGL,27-Aug-2020,1200,CE,0,0,0,29.7,26,0,0,0,0,06-JUL-2020,
OPTSTK,MGL,27-Aug-2020,1220,CE,0,0,0,26.85,21.85,0,0,0,0,06-JUL-2020,
OPTSTK,MGL,27-Aug-2020,1240,CE,0,0,0,24.25,18.25,0,0,0,0,06-JUL-2020,
OPTSTK,MGL,27-Aug-2020,1260,CE,0,0,0,21.9,15.2,0,0,0,0,06-JUL-2020,
OPTSTK,MGL,27-Aug-2020,1280,CE,0,0,0,19.75,12.6,0,0,0,0,06-JUL-2020,
OPTSTK,MGL,27-Aug-2020,1300,CE,0,0,0,22.7,10.4,0,0,0,0,06-JUL-2020,
OPTSTK,MGL,27-Aug-2020,580,PE,0,0,0,3.55,0.05,0,0,0,0,06-JUL-2020,
OPTSTK,MGL,27-Aug-2020,600,PE,0,0,0,4.85,0.05,0,0,0,0,06-JUL-2020,
OPTSTK,MGL,27-Aug-2020,620,PE,0,0,0,6.45,0.05,0,0,0,0,06-JUL-2020,
OPTSTK,MGL,27-Aug-2020,640,PE,0,0,0,8.45,0.05,0,0,0,0,06-JUL-2020,
OPTSTK,MGL,27-Aug-2020,660,PE,0,0,0,10.85,0.05,0,0,0,0,06-JUL-2020,
OPTSTK,MGL,27-Aug-2020,680,PE,0,0,0,13.75,0.05,0,0,0,0,06-JUL-2020,
OPTSTK,MGL,27-Aug-2020,700,PE,0,0,0,17.1,0.1,0,0,0,0,06-JUL-2020,
OPTSTK,MGL,27-Aug-2020,720,PE,0,0,0,21,0.2,0,0,0,0,06-JUL-2020,
OPTSTK,MGL,27-Aug-2020,740,PE,0,0,0,25.45,0.35,0,0,0,0,06-JUL-2020,
OPTSTK,MGL,27-Aug-2020,760,PE,0,0,0,30.55,0.55,0,0,0,0,06-JUL-2020,
OPTSTK,MGL,27-Aug-2020,780,PE,0,0,0,36.2,0.95,0,0,0,0,06-JUL-2020,
OPTSTK,MGL,27-Aug-2020,800,PE,0,0,0,42.5,1.45,0,0,0,0,06-JUL-2020,
OPTSTK,MGL,27-Aug-2020,820,PE,0,0,0,49.4,2.2,0,0,0,0,06-JUL-2020,
OPTSTK,MGL,27-Aug-2020,840,PE,0,0,0,57,3.25,0,0,0,0,06-JUL-2020,
OPTSTK,MGL,27-Aug-2020,860,PE,0,0,0,65.3,4.7,0,0,0,0,06-JUL-2020,
OPTSTK,MGL,27-Aug-2020,880,PE,0,0,0,74.2,6.55,0,0,0,0,06-JUL-2020,
OPTSTK,MGL,27-Aug-2020,900,PE,0,0,0,83.75,9,0,0,0,0,06-JUL-2020,
OPTSTK,MGL,27-Aug-2020,920,PE,0,0,0,93.9,12,0,0,0,0,06-JUL-2020,
OPTSTK,MGL,27-Aug-2020,940,PE,0,0,0,104.7,15.75,0,0,0,0,06-JUL-2020,
OPTSTK,MGL,27-Aug-2020,960,PE,0,0,0,116.1,20.25,0,0,0,0,06-JUL-2020,
OPTSTK,MGL,27-Aug-2020,980,PE,0,0,0,128.05,25.65,0,0,0,0,06-JUL-2020,
OPTSTK,MGL,27-Aug-2020,1000,PE,0,0,0,140.55,31.9,0,0,0,0,06-JUL-2020,
OPTSTK,MGL,27-Aug-2020,1020,PE,0,0,0,153.6,39.1,0,0,0,0,06-JUL-2020,
OPTSTK,MGL,27-Aug-2020,1040,PE,55.05,55.05,55.05,55.05,47.2,1,6.57,600,600,06-JUL-2020,
OPTSTK,MGL,27-Aug-2020,1060,PE,0,0,0,181.15,56.35,0,0,0,0,06-JUL-2020,
OPTSTK,MGL,27-Aug-2020,1080,PE,0,0,0,195.6,66.4,0,0,0,0,06-JUL-2020,
OPTSTK,MGL,27-Aug-2020,1100,PE,0,0,0,210.55,77.45,0,0,0,0,06-JUL-2020,
OPTSTK,MGL,27-Aug-2020,1120,PE,0,0,0,225.85,89.35,0,0,0,0,06-JUL-2020,
OPTSTK,MGL,27-Aug-2020,1140,PE,0,0,0,241.5,102.15,0,0,0,0,06-JUL-2020,
OPTSTK,MGL,27-Aug-2020,1160,PE,0,0,0,257.55,115.75,0,0,0,0,06-JUL-2020,
OPTSTK,MGL,27-Aug-2020,1180,PE,0,0,0,273.8,130.15,0,0,0,0,06-JUL-2020,
OPTSTK,MGL,27-Aug-2020,1200,PE,0,0,0,290.45,145.2,0,0,0,0,06-JUL-2020,
OPTSTK,MGL,27-Aug-2020,1220,PE,0,0,0,307.35,160.95,0,0,0,0,06-JUL-2020,
OPTSTK,MGL,27-Aug-2020,1240,PE,0,0,0,324.5,177.25,0,0,0,0,06-JUL-2020,
OPTSTK,MGL,27-Aug-2020,1260,PE,0,0,0,341.9,194.05,0,0,0,0,06-JUL-2020,
OPTSTK,MGL,27-Aug-2020,1280,PE,0,0,0,359.5,211.3,0,0,0,0,06-JUL-2020,
OPTSTK,MGL,27-Aug-2020,1300,PE,0,0,0,334.9,229,0,0,0,0,06-JUL-2020,
OPTSTK,MGL,24-Sep-2020,620,CE,0,0,0,457.9,459.4,0,0,0,0,06-JUL-2020,
OPTSTK,MGL,24-Sep-2020,640,CE,0,0,0,438.6,439.65,0,0,0,0,06-JUL-2020,
OPTSTK,MGL,24-Sep-2020,660,CE,0,0,0,419.45,419.95,0,0,0,0,06-JUL-2020,
OPTSTK,MGL,24-Sep-2020,680,CE,0,0,0,400.5,400.25,0,0,0,0,06-JUL-2020,
OPTSTK,MGL,24-Sep-2020,700,CE,0,0,0,381.75,380.7,0,0,0,0,06-JUL-2020,
OPTSTK,MGL,24-Sep-2020,720,CE,0,0,0,363.3,361.25,0,0,0,0,06-JUL-2020,
OPTSTK,MGL,24-Sep-2020,740,CE,0,0,0,345.1,341.95,0,0,0,0,06-JUL-2020,
OPTSTK,MGL,24-Sep-2020,760,CE,0,0,0,327.25,322.8,0,0,0,0,06-JUL-2020,
OPTSTK,MGL,24-Sep-2020,780,CE,0,0,0,309.75,303.95,0,0,0,0,06-JUL-2020,
OPTSTK,MGL,24-Sep-2020,800,CE,0,0,0,292.7,285.35,0,0,0,0,06-JUL-2020,
OPTSTK,MGL,24-Sep-2020,820,CE,0,0,0,276.05,267.1,0,0,0,0,06-JUL-2020,
OPTSTK,MGL,24-Sep-2020,840,CE,0,0,0,259.9,249.25,0,0,0,0,06-JUL-2020,
OPTSTK,MGL,24-Sep-2020,860,CE,0,0,0,244.2,231.85,0,0,0,0,06-JUL-2020,
OPTSTK,MGL,24-Sep-2020,880,CE,0,0,0,229.1,214.95,0,0,0,0,06-JUL-2020,
OPTSTK,MGL,24-Sep-2020,900,CE,0,0,0,214.55,198.65,0,0,0,0,06-JUL-2020,
OPTSTK,MGL,24-Sep-2020,920,CE,0,0,0,200.55,183,0,0,0,0,06-JUL-2020,
OPTSTK,MGL,24-Sep-2020,940,CE,0,0,0,187.1,168,0,0,0,0,06-JUL-2020,
OPTSTK,MGL,24-Sep-2020,960,CE,0,0,0,174.25,153.7,0,0,0,0,06-JUL-2020,
OPTSTK,MGL,24-Sep-2020,980,CE,0,0,0,162.05,140.15,0,0,0,0,06-JUL-2020,
OPTSTK,MGL,24-Sep-2020,1000,CE,0,0,0,150.45,127.35,0,0,0,0,06-JUL-2020,
OPTSTK,MGL,24-Sep-2020,1020,CE,0,0,0,139.45,115.35,0,0,0,0,06-JUL-2020,
OPTSTK,MGL,24-Sep-2020,1040,CE,0,0,0,129.05,104.15,0,0,0,0,06-JUL-2020,
OPTSTK,MGL,24-Sep-2020,1060,CE,0,0,0,119.25,93.7,0,0,0,0,06-JUL-2020,
OPTSTK,MGL,24-Sep-2020,1080,CE,0,0,0,110.05,84.05,0,0,0,0,06-JUL-2020,
OPTSTK,MGL,24-Sep-2020,1100,CE,0,0,0,101.4,75.15,0,0,0,0,06-JUL-2020,
OPTSTK,MGL,24-Sep-2020,1120,CE,0,0,0,93.3,66.95,0,0,0,0,06-JUL-2020,
OPTSTK,MGL,24-Sep-2020,1140,CE,0,0,0,85.7,59.5,0,0,0,0,06-JUL-2020,
OPTSTK,MGL,24-Sep-2020,1160,CE,0,0,0,78.65,52.7,0,0,0,0,06-JUL-2020,
OPTSTK,MGL,24-Sep-2020,1180,CE,0,0,0,72.05,46.55,0,0,0,0,06-JUL-2020,
OPTSTK,MGL,24-Sep-2020,1200,CE,0,0,0,65.95,41,0,0,0,0,06-JUL-2020,
OPTSTK,MGL,24-Sep-2020,1220,CE,0,0,0,60.3,36,0,0,0,0,06-JUL-2020,
OPTSTK,MGL,24-Sep-2020,1240,CE,0,0,0,55.05,31.55,0,0,0,0,06-JUL-2020,
OPTSTK,MGL,24-Sep-2020,1260,CE,0,0,0,50.25,27.55,0,0,0,0,06-JUL-2020,
OPTSTK,MGL,24-Sep-2020,1280,CE,0,0,0,45.8,24,0,0,0,0,06-JUL-2020,
OPTSTK,MGL,24-Sep-2020,1300,CE,0,0,0,41.7,20.85,0,0,0,0,06-JUL-2020,
OPTSTK,MGL,24-Sep-2020,620,PE,0,0,0,1.1,0.1,0,0,0,0,06-JUL-2020,
OPTSTK,MGL,24-Sep-2020,640,PE,0,0,0,1.6,0.15,0,0,0,0,06-JUL-2020,
OPTSTK,MGL,24-Sep-2020,660,PE,0,0,0,2.2,0.25,0,0,0,0,06-JUL-2020,
OPTSTK,MGL,24-Sep-2020,680,PE,0,0,0,3,0.4,0,0,0,0,06-JUL-2020,
OPTSTK,MGL,24-Sep-2020,700,PE,0,0,0,4.05,0.65,0,0,0,0,06-JUL-2020,
OPTSTK,MGL,24-Sep-2020,720,PE,0,0,0,5.35,1,0,0,0,0,06-JUL-2020,
OPTSTK,MGL,24-Sep-2020,740,PE,0,0,0,6.9,1.55,0,0,0,0,06-JUL-2020,
OPTSTK,MGL,24-Sep-2020,760,PE,0,0,0,8.85,2.2,0,0,0,0,06-JUL-2020,
OPTSTK,MGL,24-Sep-2020,780,PE,0,0,0,11.1,3.15,0,0,0,0,06-JUL-2020,
OPTSTK,MGL,24-Sep-2020,800,PE,0,0,0,13.8,4.35,0,0,0,0,06-JUL-2020,
OPTSTK,MGL,24-Sep-2020,820,PE,0,0,0,16.95,5.9,0,0,0,0,06-JUL-2020,
OPTSTK,MGL,24-Sep-2020,840,PE,0,0,0,20.55,7.9,0,0,0,0,06-JUL-2020,
OPTSTK,MGL,24-Sep-2020,860,PE,0,0,0,24.65,10.3,0,0,0,0,06-JUL-2020,
OPTSTK,MGL,24-Sep-2020,880,PE,0,0,0,29.3,13.25,0,0,0,0,06-JUL-2020,
OPTSTK,MGL,24-Sep-2020,900,PE,0,0,0,34.5,16.75,0,0,0,0,06-JUL-2020,
OPTSTK,MGL,24-Sep-2020,920,PE,0,0,0,40.25,20.9,0,0,0,0,06-JUL-2020,
OPTSTK,MGL,24-Sep-2020,940,PE,0,0,0,46.6,25.75,0,0,0,0,06-JUL-2020,
OPTSTK,MGL,24-Sep-2020,960,PE,0,0,0,53.5,31.25,0,0,0,0,06-JUL-2020,
OPTSTK,MGL,24-Sep-2020,980,PE,0,0,0,61.1,37.5,0,0,0,0,06-JUL-2020,
OPTSTK,MGL,24-Sep-2020,1000,PE,0,0,0,69.25,44.55,0,0,0,0,06-JUL-2020,
OPTSTK,MGL,24-Sep-2020,1020,PE,0,0,0,78.05,52.35,0,0,0,0,06-JUL-2020,
OPTSTK,MGL,24-Sep-2020,1040,PE,0,0,0,87.4,60.95,0,0,0,0,06-JUL-2020,
OPTSTK,MGL,24-Sep-2020,1060,PE,0,0,0,97.35,70.3,0,0,0,0,06-JUL-2020,
OPTSTK,MGL,24-Sep-2020,1080,PE,0,0,0,107.9,80.45,0,0,0,0,06-JUL-2020,
OPTSTK,MGL,24-Sep-2020,1100,PE,0,0,0,119,91.4,0,0,0,0,06-JUL-2020,
OPTSTK,MGL,24-Sep-2020,1120,PE,0,0,0,130.7,103,0,0,0,0,06-JUL-2020,
OPTSTK,MGL,24-Sep-2020,1140,PE,0,0,0,142.9,115.35,0,0,0,0,06-JUL-2020,
OPTSTK,MGL,24-Sep-2020,1160,PE,0,0,0,155.6,128.4,0,0,0,0,06-JUL-2020,
OPTSTK,MGL,24-Sep-2020,1180,PE,0,0,0,168.75,142.05,0,0,0,0,06-JUL-2020,
OPTSTK,MGL,24-Sep-2020,1200,PE,0,0,0,182.45,156.3,0,0,0,0,06-JUL-2020,
OPTSTK,MGL,24-Sep-2020,1220,PE,0,0,0,196.55,171.15,0,0,0,0,06-JUL-2020,
OPTSTK,MGL,24-Sep-2020,1240,PE,0,0,0,211.05,186.5,0,0,0,0,06-JUL-2020,
OPTSTK,MGL,24-Sep-2020,1260,PE,0,0,0,226.05,202.3,0,0,0,0,06-JUL-2020,
OPTSTK,MGL,24-Sep-2020,1280,PE,0,0,0,241.35,218.6,0,0,0,0,06-JUL-2020,
OPTSTK,MGL,24-Sep-2020,1300,PE,0,0,0,257.05,235.25,0,0,0,0,06-JUL-2020,
OPTSTK,MINDTREE,30-Jul-2020,560,CE,0,0,0,390,402.15,0,0,0,0,06-JUL-2020,
OPTSTK,MINDTREE,30-Jul-2020,580,CE,0,0,0,374.75,382.2,0,0,800,0,06-JUL-2020,
OPTSTK,MINDTREE,30-Jul-2020,600,CE,0,0,0,359.9,362.25,0,0,0,0,06-JUL-2020,
OPTSTK,MINDTREE,30-Jul-2020,620,CE,0,0,0,345.5,342.35,0,0,0,0,06-JUL-2020,
OPTSTK,MINDTREE,30-Jul-2020,640,CE,0,0,0,331.55,322.4,0,0,0,0,06-JUL-2020,
OPTSTK,MINDTREE,30-Jul-2020,660,CE,0,0,0,318,302.45,0,0,0,0,06-JUL-2020,
OPTSTK,MINDTREE,30-Jul-2020,680,CE,0,0,0,304.9,282.5,0,0,0,0,06-JUL-2020,
OPTSTK,MINDTREE,30-Jul-2020,700,CE,0,0,0,292.25,262.6,0,0,0,0,06-JUL-2020,
OPTSTK,MINDTREE,30-Jul-2020,720,CE,0,0,0,280.05,242.75,0,0,0,0,06-JUL-2020,
OPTSTK,MINDTREE,30-Jul-2020,740,CE,0,0,0,268.25,222.95,0,0,0,0,06-JUL-2020,
OPTSTK,MINDTREE,30-Jul-2020,760,CE,0,0,0,256.85,203.35,0,0,0,0,06-JUL-2020,
OPTSTK,MINDTREE,30-Jul-2020,780,CE,0,0,0,245.9,183.9,0,0,0,0,06-JUL-2020,
OPTSTK,MINDTREE,30-Jul-2020,800,CE,0,0,0,235.4,164.85,0,0,0,0,06-JUL-2020,
OPTSTK,MINDTREE,30-Jul-2020,820,CE,0,0,0,225.25,146.3,0,0,0,0,06-JUL-2020,
OPTSTK,MINDTREE,30-Jul-2020,840,CE,0,0,0,215.5,128.4,0,0,0,0,06-JUL-2020,
OPTSTK,MINDTREE,30-Jul-2020,860,CE,0,0,0,206.15,111.35,0,0,0,0,06-JUL-2020,
OPTSTK,MINDTREE,30-Jul-2020,880,CE,0,0,0,197.2,95.4,0,0,0,0,06-JUL-2020,
OPTSTK,MINDTREE,30-Jul-2020,900,CE,76.7,78.35,76.7,78.3,80.6,3,23.46,16800,2400,06-JUL-2020,
OPTSTK,MINDTREE,30-Jul-2020,920,CE,61.05,62.15,61.05,61.75,67.15,3,23.55,6400,-1600,06-JUL-2020,
OPTSTK,MINDTREE,30-Jul-2020,940,CE,43.5,56.15,43.5,54.75,54.75,29,229.83,12800,-4000,06-JUL-2020,
OPTSTK,MINDTREE,30-Jul-2020,960,CE,35,47.45,32.95,44.7,44.7,261,2092.49,127200,-28800,06-JUL-2020,
OPTSTK,MINDTREE,30-Jul-2020,980,CE,26.95,37.8,25.75,36.25,36.25,141,1142.11,52800,-16800,06-JUL-2020,
OPTSTK,MINDTREE,30-Jul-2020,1000,CE,24.9,30.25,19.9,28.8,28.8,203,1667.53,110400,-22400,06-JUL-2020,
OPTSTK,MINDTREE,30-Jul-2020,1020,CE,16.1,23.05,16.1,22.05,22.05,14,116.56,15200,-2400,06-JUL-2020,
OPTSTK,MINDTREE,30-Jul-2020,1040,CE,15.4,19,15.4,18,18,13,109.97,30400,0,06-JUL-2020,
OPTSTK,MINDTREE,30-Jul-2020,1060,CE,11.8,14.75,11.8,13.65,13.65,11,94.45,13600,800,06-JUL-2020,
OPTSTK,MINDTREE,30-Jul-2020,1080,CE,0,0,0,125.5,9.25,0,0,0,0,06-JUL-2020,
OPTSTK,MINDTREE,30-Jul-2020,1100,CE,6.05,8.9,6.05,8.2,8.2,35,310.2,43200,-2400,06-JUL-2020,
OPTSTK,MINDTREE,30-Jul-2020,1120,CE,5.6,5.75,5.6,5.75,4.85,2,18.01,4000,800,06-JUL-2020,
OPTSTK,MINDTREE,30-Jul-2020,1140,CE,3,4.5,3,4.5,3.45,2,18.3,8000,800,06-JUL-2020,
OPTSTK,MINDTREE,30-Jul-2020,560,PE,0,0,0,26.95,0.05,0,0,0,0,06-JUL-2020,
OPTSTK,MINDTREE,30-Jul-2020,580,PE,0,0,0,31.45,0.05,0,0,0,0,06-JUL-2020,
OPTSTK,MINDTREE,30-Jul-2020,600,PE,0,0,0,36.35,0.05,0,0,0,0,06-JUL-2020,
OPTSTK,MINDTREE,30-Jul-2020,620,PE,0,0,0,41.7,0.05,0,0,0,0,06-JUL-2020,
OPTSTK,MINDTREE,30-Jul-2020,640,PE,0,0,0,47.45,0.05,0,0,0,0,06-JUL-2020,
OPTSTK,MINDTREE,30-Jul-2020,660,PE,0,0,0,53.7,0.05,0,0,0,0,06-JUL-2020,
OPTSTK,MINDTREE,30-Jul-2020,680,PE,0,0,0,60.35,0.05,0,0,0,0,06-JUL-2020,
OPTSTK,MINDTREE,30-Jul-2020,700,PE,0,0,0,67.45,0.05,0,0,0,0,06-JUL-2020,
OPTSTK,MINDTREE,30-Jul-2020,720,PE,0,0,0,74.95,0.15,0,0,0,0,06-JUL-2020,
OPTSTK,MINDTREE,30-Jul-2020,740,PE,0,0,0,2.85,0.3,0,0,800,0,06-JUL-2020,
OPTSTK,MINDTREE,30-Jul-2020,760,PE,0,0,0,91.25,0.6,0,0,0,0,06-JUL-2020,
OPTSTK,MINDTREE,30-Jul-2020,780,PE,0,0,0,100.05,1.15,0,0,0,0,06-JUL-2020,
OPTSTK,MINDTREE,30-Jul-2020,800,PE,4.25,4.25,3.3,3.35,3.35,5,32.14,35200,-1600,06-JUL-2020,
OPTSTK,MINDTREE,30-Jul-2020,820,PE,0,0,0,12.4,3.4,0,0,2400,0,06-JUL-2020,
OPTSTK,MINDTREE,30-Jul-2020,840,PE,10.7,10.75,7.05,7.2,7.2,38,257.89,35200,3200,06-JUL-2020,
OPTSTK,MINDTREE,30-Jul-2020,860,PE,0,0,0,139.3,8.35,0,0,0,0,06-JUL-2020,
OPTSTK,MINDTREE,30-Jul-2020,880,PE,16,16,14,14.45,14.45,7,50.09,7200,2400,06-JUL-2020,
OPTSTK,MINDTREE,30-Jul-2020,900,PE,26.5,29,19.1,19.5,19.5,86,634.56,103200,-15200,06-JUL-2020,
OPTSTK,MINDTREE,30-Jul-2020,920,PE,32.1,32.1,26.5,26.5,24,2,15.18,11200,0,06-JUL-2020,
OPTSTK,MINDTREE,30-Jul-2020,940,PE,43.95,44.35,34.25,35.05,35.05,18,140.99,19200,2400,06-JUL-2020,
OPTSTK,MINDTREE,30-Jul-2020,960,PE,50.45,50.45,44.7,48,41.4,4,32.26,4000,-2400,06-JUL-2020,
OPTSTK,MINDTREE,30-Jul-2020,980,PE,65,65,55,55,52.3,2,16.64,1600,0,06-JUL-2020,
OPTSTK,MINDTREE,30-Jul-2020,1000,PE,0,0,0,221.9,64.6,0,0,0,0,06-JUL-2020,
OPTSTK,MINDTREE,30-Jul-2020,1020,PE,0,0,0,93.3,78.25,0,0,2400,0,06-JUL-2020,
OPTSTK,MINDTREE,30-Jul-2020,1040,PE,97,97,97,97,97,1,9.09,1600,-800,06-JUL-2020,
OPTSTK,MINDTREE,30-Jul-2020,1060,PE,0,0,0,262,108.9,0,0,0,0,06-JUL-2020,
OPTSTK,MINDTREE,30-Jul-2020,1080,PE,0,0,0,275.9,125.6,0,0,0,0,06-JUL-2020,
OPTSTK,MINDTREE,30-Jul-2020,1100,PE,0,0,0,290.05,143.1,0,0,0,0,06-JUL-2020,
OPTSTK,MINDTREE,30-Jul-2020,1120,PE,0,0,0,304.45,161.15,0,0,0,0,06-JUL-2020,
OPTSTK,MINDTREE,30-Jul-2020,1140,PE,0,0,0,319.15,179.7,0,0,0,0,06-JUL-2020,
OPTSTK,MINDTREE,27-Aug-2020,560,CE,0,0,0,353.1,404,0,0,0,0,06-JUL-2020,
OPTSTK,MINDTREE,27-Aug-2020,580,CE,0,0,0,335.9,384.15,0,0,0,0,06-JUL-2020,
OPTSTK,MINDTREE,27-Aug-2020,600,CE,0,0,0,319.1,364.3,0,0,0,0,06-JUL-2020,
OPTSTK,MINDTREE,27-Aug-2020,620,CE,0,0,0,302.75,344.5,0,0,0,0,06-JUL-2020,
OPTSTK,MINDTREE,27-Aug-2020,640,CE,0,0,0,286.85,324.75,0,0,0,0,06-JUL-2020,
OPTSTK,MINDTREE,27-Aug-2020,660,CE,0,0,0,271.5,305.05,0,0,0,0,06-JUL-2020,
OPTSTK,MINDTREE,27-Aug-2020,680,CE,0,0,0,256.65,285.5,0,0,0,0,06-JUL-2020,
OPTSTK,MINDTREE,27-Aug-2020,700,CE,0,0,0,242.3,266.15,0,0,0,0,06-JUL-2020,
OPTSTK,MINDTREE,27-Aug-2020,720,CE,0,0,0,228.55,247,0,0,0,0,06-JUL-2020,
OPTSTK,MINDTREE,27-Aug-2020,740,CE,0,0,0,215.3,228.2,0,0,0,0,06-JUL-2020,
OPTSTK,MINDTREE,27-Aug-2020,760,CE,0,0,0,202.6,209.8,0,0,0,0,06-JUL-2020,
OPTSTK,MINDTREE,27-Aug-2020,780,CE,0,0,0,190.45,191.9,0,0,0,0,06-JUL-2020,
OPTSTK,MINDTREE,27-Aug-2020,800,CE,0,0,0,178.9,174.55,0,0,0,0,06-JUL-2020,
OPTSTK,MINDTREE,27-Aug-2020,820,CE,0,0,0,167.9,157.9,0,0,0,0,06-JUL-2020,
OPTSTK,MINDTREE,27-Aug-2020,840,CE,0,0,0,157.4,142.05,0,0,0,0,06-JUL-2020,
OPTSTK,MINDTREE,27-Aug-2020,860,CE,0,0,0,147.45,127,0,0,0,0,06-JUL-2020,
OPTSTK,MINDTREE,27-Aug-2020,880,CE,0,0,0,138.05,112.9,0,0,0,0,06-JUL-2020,
OPTSTK,MINDTREE,27-Aug-2020,900,CE,0,0,0,129.1,99.8,0,0,0,0,06-JUL-2020,
OPTSTK,MINDTREE,27-Aug-2020,920,CE,0,0,0,120.7,87.65,0,0,0,0,06-JUL-2020,
OPTSTK,MINDTREE,27-Aug-2020,940,CE,0,0,0,112.7,76.55,0,0,0,0,06-JUL-2020,
OPTSTK,MINDTREE,27-Aug-2020,960,CE,0,0,0,105.2,66.45,0,0,0,0,06-JUL-2020,
OPTSTK,MINDTREE,27-Aug-2020,980,CE,0,0,0,98.15,57.3,0,0,0,0,06-JUL-2020,
OPTSTK,MINDTREE,27-Aug-2020,1000,CE,0,0,0,91.5,49.15,0,0,0,0,06-JUL-2020,
OPTSTK,MINDTREE,27-Aug-2020,1020,CE,0,0,0,85.25,41.95,0,0,0,0,06-JUL-2020,
OPTSTK,MINDTREE,27-Aug-2020,1040,CE,0,0,0,79.4,35.6,0,0,0,0,06-JUL-2020,
OPTSTK,MINDTREE,27-Aug-2020,1060,CE,0,0,0,73.9,30,0,0,0,0,06-JUL-2020,
OPTSTK,MINDTREE,27-Aug-2020,1080,CE,0,0,0,68.8,25.2,0,0,0,0,06-JUL-2020,
OPTSTK,MINDTREE,27-Aug-2020,1100,CE,0,0,0,64,21,0,0,0,0,06-JUL-2020,
OPTSTK,MINDTREE,27-Aug-2020,1120,CE,0,0,0,59.55,17.45,0,0,0,0,06-JUL-2020,
OPTSTK,MINDTREE,27-Aug-2020,1140,CE,0,0,0,55.35,14.45,0,0,0,0,06-JUL-2020,
OPTSTK,MINDTREE,27-Aug-2020,560,PE,0,0,0,9.8,0.05,0,0,0,0,06-JUL-2020,
OPTSTK,MINDTREE,27-Aug-2020,580,PE,0,0,0,12.35,0.05,0,0,0,0,06-JUL-2020,
OPTSTK,MINDTREE,27-Aug-2020,600,PE,0,0,0,15.3,0.05,0,0,0,0,06-JUL-2020,
OPTSTK,MINDTREE,27-Aug-2020,620,PE,0,0,0,18.7,0.15,0,0,0,0,06-JUL-2020,
OPTSTK,MINDTREE,27-Aug-2020,640,PE,0,0,0,22.6,0.25,0,0,0,0,06-JUL-2020,
OPTSTK,MINDTREE,27-Aug-2020,660,PE,0,0,0,26.95,0.5,0,0,0,0,06-JUL-2020,
OPTSTK,MINDTREE,27-Aug-2020,680,PE,0,0,0,31.9,0.8,0,0,0,0,06-JUL-2020,
OPTSTK,MINDTREE,27-Aug-2020,700,PE,0,0,0,37.3,1.3,0,0,0,0,06-JUL-2020,
OPTSTK,MINDTREE,27-Aug-2020,720,PE,0,0,0,43.3,2.05,0,0,0,0,06-JUL-2020,
OPTSTK,MINDTREE,27-Aug-2020,740,PE,0,0,0,49.8,3.15,0,0,0,0,06-JUL-2020,
OPTSTK,MINDTREE,27-Aug-2020,760,PE,0,0,0,56.9,4.6,0,0,0,0,06-JUL-2020,
OPTSTK,MINDTREE,27-Aug-2020,780,PE,0,0,0,64.5,6.55,0,0,0,0,06-JUL-2020,
OPTSTK,MINDTREE,27-Aug-2020,800,PE,0,0,0,72.7,9.15,0,0,0,0,06-JUL-2020,
OPTSTK,MINDTREE,27-Aug-2020,820,PE,0,0,0,81.4,12.35,0,0,0,0,06-JUL-2020,
OPTSTK,MINDTREE,27-Aug-2020,840,PE,0,0,0,90.7,16.35,0,0,0,0,06-JUL-2020,
OPTSTK,MINDTREE,27-Aug-2020,860,PE,0,0,0,100.5,21.25,0,0,0,0,06-JUL-2020,
OPTSTK,MINDTREE,27-Aug-2020,880,PE,0,0,0,110.85,27,0,0,0,0,06-JUL-2020,
OPTSTK,MINDTREE,27-Aug-2020,900,PE,0,0,0,121.7,33.75,0,0,0,0,06-JUL-2020,
OPTSTK,MINDTREE,27-Aug-2020,920,PE,0,0,0,133,41.5,0,0,0,0,06-JUL-2020,
OPTSTK,MINDTREE,27-Aug-2020,940,PE,0,0,0,144.8,50.25,0,0,0,0,06-JUL-2020,
OPTSTK,MINDTREE,27-Aug-2020,960,PE,0,0,0,157.05,60.05,0,0,0,0,06-JUL-2020,
OPTSTK,MINDTREE,27-Aug-2020,980,PE,0,0,0,169.75,70.8,0,0,0,0,06-JUL-2020,
OPTSTK,MINDTREE,27-Aug-2020,1000,PE,0,0,0,182.85,82.55,0,0,0,0,06-JUL-2020,
OPTSTK,MINDTREE,27-Aug-2020,1020,PE,0,0,0,196.4,95.2,0,0,0,0,06-JUL-2020,
OPTSTK,MINDTREE,27-Aug-2020,1040,PE,0,0,0,210.3,108.7,0,0,0,0,06-JUL-2020,
OPTSTK,MINDTREE,27-Aug-2020,1060,PE,0,0,0,224.55,123,0,0,0,0,06-JUL-2020,
OPTSTK,MINDTREE,27-Aug-2020,1080,PE,0,0,0,239.2,138.05,0,0,0,0,06-JUL-2020,
OPTSTK,MINDTREE,27-Aug-2020,1100,PE,0,0,0,254.15,153.8,0,0,0,0,06-JUL-2020,
OPTSTK,MINDTREE,27-Aug-2020,1120,PE,0,0,0,269.45,170.1,0,0,0,0,06-JUL-2020,
OPTSTK,MINDTREE,27-Aug-2020,1140,PE,0,0,0,285,186.95,0,0,0,0,06-JUL-2020,
OPTSTK,MINDTREE,24-Sep-2020,560,CE,0,0,0,370.2,405.95,0,0,0,0,06-JUL-2020,
OPTSTK,MINDTREE,24-Sep-2020,580,CE,0,0,0,352.45,386.3,0,0,0,0,06-JUL-2020,
OPTSTK,MINDTREE,24-Sep-2020,600,CE,0,0,0,335.05,366.65,0,0,0,0,06-JUL-2020,
OPTSTK,MINDTREE,24-Sep-2020,620,CE,0,0,0,318.05,347.15,0,0,0,0,06-JUL-2020,
OPTSTK,MINDTREE,24-Sep-2020,640,CE,0,0,0,301.5,327.8,0,0,0,0,06-JUL-2020,
OPTSTK,MINDTREE,24-Sep-2020,660,CE,0,0,0,285.45,308.65,0,0,0,0,06-JUL-2020,
OPTSTK,MINDTREE,24-Sep-2020,680,CE,0,0,0,269.9,289.7,0,0,0,0,06-JUL-2020,
OPTSTK,MINDTREE,24-Sep-2020,700,CE,0,0,0,254.85,271.1,0,0,0,0,06-JUL-2020,
OPTSTK,MINDTREE,24-Sep-2020,720,CE,0,0,0,240.35,252.85,0,0,0,0,06-JUL-2020,
OPTSTK,MINDTREE,24-Sep-2020,740,CE,0,0,0,226.35,235,0,0,0,0,06-JUL-2020,
OPTSTK,MINDTREE,24-Sep-2020,760,CE,0,0,0,212.95,217.7,0,0,0,0,06-JUL-2020,
OPTSTK,MINDTREE,24-Sep-2020,780,CE,0,0,0,200.05,200.95,0,0,0,0,06-JUL-2020,
OPTSTK,MINDTREE,24-Sep-2020,800,CE,0,0,0,187.75,184.8,0,0,0,0,06-JUL-2020,
OPTSTK,MINDTREE,24-Sep-2020,820,CE,0,0,0,176.05,169.35,0,0,0,0,06-JUL-2020,
OPTSTK,MINDTREE,24-Sep-2020,840,CE,0,0,0,164.9,154.6,0,0,0,0,06-JUL-2020,
OPTSTK,MINDTREE,24-Sep-2020,860,CE,0,0,0,154.3,140.65,0,0,0,0,06-JUL-2020,
OPTSTK,MINDTREE,24-Sep-2020,880,CE,0,0,0,144.2,127.5,0,0,0,0,06-JUL-2020,
OPTSTK,MINDTREE,24-Sep-2020,900,CE,0,0,0,134.7,115.15,0,0,0,0,06-JUL-2020,
OPTSTK,MINDTREE,24-Sep-2020,920,CE,0,0,0,125.7,103.6,0,0,0,0,06-JUL-2020,
OPTSTK,MINDTREE,24-Sep-2020,940,CE,0,0,0,117.2,92.9,0,0,0,0,06-JUL-2020,
OPTSTK,MINDTREE,24-Sep-2020,960,CE,0,0,0,109.15,83.05,0,0,0,0,06-JUL-2020,
OPTSTK,MINDTREE,24-Sep-2020,980,CE,0,0,0,101.65,73.95,0,0,0,0,06-JUL-2020,
OPTSTK,MINDTREE,24-Sep-2020,1000,CE,0,0,0,94.55,65.65,0,0,0,0,06-JUL-2020,
OPTSTK,MINDTREE,24-Sep-2020,1020,CE,0,0,0,87.9,58.1,0,0,0,0,06-JUL-2020,
OPTSTK,MINDTREE,24-Sep-2020,1040,CE,0,0,0,81.65,51.25,0,0,0,0,06-JUL-2020,
OPTSTK,MINDTREE,24-Sep-2020,1060,CE,0,0,0,75.8,45.05,0,0,0,0,06-JUL-2020,
OPTSTK,MINDTREE,24-Sep-2020,1080,CE,0,0,0,70.35,39.5,0,0,0,0,06-JUL-2020,
OPTSTK,MINDTREE,24-Sep-2020,1100,CE,0,0,0,65.25,34.55,0,0,0,0,06-JUL-2020,
OPTSTK,MINDTREE,24-Sep-2020,1120,CE,0,0,0,60.5,30.1,0,0,0,0,06-JUL-2020,
OPTSTK,MINDTREE,24-Sep-2020,1140,CE,0,0,0,56.05,26.15,0,0,0,0,06-JUL-2020,
OPTSTK,MINDTREE,24-Sep-2020,560,PE,0,0,0,7,0.15,0,0,0,0,06-JUL-2020,
OPTSTK,MINDTREE,24-Sep-2020,580,PE,0,0,0,9,0.3,0,0,0,0,06-JUL-2020,
OPTSTK,MINDTREE,24-Sep-2020,600,PE,0,0,0,11.35,0.5,0,0,0,0,06-JUL-2020,
OPTSTK,MINDTREE,24-Sep-2020,620,PE,0,0,0,14.15,0.8,0,0,0,0,06-JUL-2020,
OPTSTK,MINDTREE,24-Sep-2020,640,PE,0,0,0,17.4,1.3,0,0,0,0,06-JUL-2020,
OPTSTK,MINDTREE,24-Sep-2020,660,PE,0,0,0,21.1,1.9,0,0,0,0,06-JUL-2020,
OPTSTK,MINDTREE,24-Sep-2020,680,PE,0,0,0,25.3,2.8,0,0,0,0,06-JUL-2020,
OPTSTK,MINDTREE,24-Sep-2020,700,PE,0,0,0,30,4,0,0,0,0,06-JUL-2020,
OPTSTK,MINDTREE,24-Sep-2020,720,PE,0,0,0,35.3,5.55,0,0,0,0,06-JUL-2020,
OPTSTK,MINDTREE,24-Sep-2020,740,PE,0,0,0,41.05,7.55,0,0,0,0,06-JUL-2020,
OPTSTK,MINDTREE,24-Sep-2020,760,PE,0,0,0,47.4,10.05,0,0,0,0,06-JUL-2020,
OPTSTK,MINDTREE,24-Sep-2020,780,PE,0,0,0,54.3,13.1,0,0,0,0,06-JUL-2020,
OPTSTK,MINDTREE,24-Sep-2020,800,PE,0,0,0,61.75,16.8,0,0,0,0,06-JUL-2020,
OPTSTK,MINDTREE,24-Sep-2020,820,PE,0,0,0,69.8,21.15,0,0,0,0,06-JUL-2020,
OPTSTK,MINDTREE,24-Sep-2020,840,PE,0,0,0,78.45,26.25,0,0,0,0,06-JUL-2020,
OPTSTK,MINDTREE,24-Sep-2020,860,PE,0,0,0,87.6,32.1,0,0,0,0,06-JUL-2020,
OPTSTK,MINDTREE,24-Sep-2020,880,PE,0,0,0,97.3,38.75,0,0,0,0,06-JUL-2020,
OPTSTK,MINDTREE,24-Sep-2020,900,PE,0,0,0,107.55,46.2,0,0,0,0,06-JUL-2020,
OPTSTK,MINDTREE,24-Sep-2020,920,PE,0,0,0,118.3,54.5,0,0,0,0,06-JUL-2020,
OPTSTK,MINDTREE,24-Sep-2020,940,PE,0,0,0,129.6,63.6,0,0,0,0,06-JUL-2020,
OPTSTK,MINDTREE,24-Sep-2020,960,PE,0,0,0,141.35,73.55,0,0,0,0,06-JUL-2020,
OPTSTK,MINDTREE,24-Sep-2020,980,PE,0,0,0,153.55,84.25,0,0,0,0,06-JUL-2020,
OPTSTK,MINDTREE,24-Sep-2020,1000,PE,0,0,0,166.25,95.75,0,0,0,0,06-JUL-2020,
OPTSTK,MINDTREE,24-Sep-2020,1020,PE,0,0,0,179.35,108,0,0,0,0,06-JUL-2020,
OPTSTK,MINDTREE,24-Sep-2020,1040,PE,0,0,0,192.9,121,0,0,0,0,06-JUL-2020,
OPTSTK,MINDTREE,24-Sep-2020,1060,PE,0,0,0,206.8,134.6,0,0,0,0,06-JUL-2020,
OPTSTK,MINDTREE,24-Sep-2020,1080,PE,0,0,0,221.1,148.9,0,0,0,0,06-JUL-2020,
OPTSTK,MINDTREE,24-Sep-2020,1100,PE,0,0,0,235.8,163.75,0,0,0,0,06-JUL-2020,
OPTSTK,MINDTREE,24-Sep-2020,1120,PE,0,0,0,250.8,179.1,0,0,0,0,06-JUL-2020,
OPTSTK,MINDTREE,24-Sep-2020,1140,PE,0,0,0,266.15,195,0,0,0,0,06-JUL-2020,
OPTSTK,MOTHERSUMI,30-Jul-2020,57.5,CE,0,0,0,38.75,41.75,0,0,0,0,06-JUL-2020,
OPTSTK,MOTHERSUMI,30-Jul-2020,60,CE,0,0,0,37.3,39.25,0,0,0,0,06-JUL-2020,
OPTSTK,MOTHERSUMI,30-Jul-2020,62.5,CE,0,0,0,35.9,36.8,0,0,0,0,06-JUL-2020,
OPTSTK,MOTHERSUMI,30-Jul-2020,65,CE,0,0,0,34.55,34.3,0,0,0,0,06-JUL-2020,
OPTSTK,MOTHERSUMI,30-Jul-2020,67.5,CE,0,0,0,33.25,31.8,0,0,0,0,06-JUL-2020,
OPTSTK,MOTHERSUMI,30-Jul-2020,70,CE,0,0,0,32,29.35,0,0,0,0,06-JUL-2020,
OPTSTK,MOTHERSUMI,30-Jul-2020,72.5,CE,0,0,0,30.8,26.95,0,0,0,0,06-JUL-2020,
OPTSTK,MOTHERSUMI,30-Jul-2020,75,CE,0,0,0,22.3,24.55,0,0,7000,0,06-JUL-2020,
OPTSTK,MOTHERSUMI,30-Jul-2020,77.5,CE,0,0,0,28.55,22.2,0,0,0,0,06-JUL-2020,
OPTSTK,MOTHERSUMI,30-Jul-2020,80,CE,0,0,0,18,19.9,0,0,21000,0,06-JUL-2020,
OPTSTK,MOTHERSUMI,30-Jul-2020,82.5,CE,0,0,0,26.5,17.7,0,0,0,0,06-JUL-2020,
OPTSTK,MOTHERSUMI,30-Jul-2020,85,CE,16.15,16.15,16.15,16.15,15.65,1,7.08,14000,0,06-JUL-2020,
OPTSTK,MOTHERSUMI,30-Jul-2020,87.5,CE,0,0,0,12.1,13.65,0,0,14000,0,06-JUL-2020,
OPTSTK,MOTHERSUMI,30-Jul-2020,90,CE,13.55,13.55,11.85,11.95,11.95,16,114.44,182000,0,06-JUL-2020,
OPTSTK,MOTHERSUMI,30-Jul-2020,92.5,CE,10.45,10.7,10.1,10.1,10.15,9,64.83,56000,-7000,06-JUL-2020,
OPTSTK,MOTHERSUMI,30-Jul-2020,95,CE,7.9,10.3,7.9,8.45,8.45,73,532.03,364000,-98000,06-JUL-2020,
OPTSTK,MOTHERSUMI,30-Jul-2020,97.5,CE,6.65,8.9,6.55,7.1,7.1,87,640.09,294000,-91000,06-JUL-2020,
OPTSTK,MOTHERSUMI,30-Jul-2020,100,CE,6.95,7.4,5.55,5.8,5.8,855,6357.98,2947000,224000,06-JUL-2020,
OPTSTK,MOTHERSUMI,30-Jul-2020,102.5,CE,4.65,6.2,4.65,4.85,4.85,139,1048.27,420000,70000,06-JUL-2020,
OPTSTK,MOTHERSUMI,30-Jul-2020,105,CE,4.25,5.25,3.8,4,4,661,5059.12,2310000,105000,06-JUL-2020,
OPTSTK,MOTHERSUMI,30-Jul-2020,107.5,CE,3.25,4.2,3.15,3.25,3.25,99,769.94,224000,-7000,06-JUL-2020,
OPTSTK,MOTHERSUMI,30-Jul-2020,110,CE,2.8,3.55,2.5,2.7,2.7,674,5329.34,3199000,105000,06-JUL-2020,
OPTSTK,MOTHERSUMI,30-Jul-2020,112.5,CE,1.95,2.7,1.95,2.05,2.05,38,305.56,112000,-28000,06-JUL-2020,
OPTSTK,MOTHERSUMI,30-Jul-2020,115,CE,1.8,2.35,1.7,1.75,1.75,138,1129.42,707000,-28000,06-JUL-2020,
OPTSTK,MOTHERSUMI,30-Jul-2020,117.5,CE,2.05,2.05,1.4,1.4,1.35,5,41.71,63000,0,06-JUL-2020,
OPTSTK,MOTHERSUMI,30-Jul-2020,120,CE,2.05,2.05,1.1,1.15,1.15,212,1799.71,2107000,49000,06-JUL-2020,
OPTSTK,MOTHERSUMI,30-Jul-2020,122.5,CE,1,1.1,0.9,0.95,0.95,29,250.68,532000,7000,06-JUL-2020,
OPTSTK,MOTHERSUMI,30-Jul-2020,57.5,PE,0,0,0,7.95,0.05,0,0,0,0,06-JUL-2020,
OPTSTK,MOTHERSUMI,30-Jul-2020,60,PE,0,0,0,8.95,0.05,0,0,0,0,06-JUL-2020,
OPTSTK,MOTHERSUMI,30-Jul-2020,62.5,PE,0,0,0,10.05,0.05,0,0,0,0,06-JUL-2020,
OPTSTK,MOTHERSUMI,30-Jul-2020,65,PE,0,0,0,11.15,0.05,0,0,0,0,06-JUL-2020,
OPTSTK,MOTHERSUMI,30-Jul-2020,67.5,PE,0,0,0,12.35,0.05,0,0,0,0,06-JUL-2020,
OPTSTK,MOTHERSUMI,30-Jul-2020,70,PE,0,0,0,0.3,0.05,0,0,49000,0,06-JUL-2020,
OPTSTK,MOTHERSUMI,30-Jul-2020,72.5,PE,0,0,0,14.85,0.15,0,0,0,0,06-JUL-2020,
OPTSTK,MOTHERSUMI,30-Jul-2020,75,PE,0.45,0.45,0.3,0.3,0.3,7,36.91,168000,-7000,06-JUL-2020,
OPTSTK,MOTHERSUMI,30-Jul-2020,77.5,PE,1.2,1.25,0.45,0.7,0.7,12,65.83,42000,14000,06-JUL-2020,
OPTSTK,MOTHERSUMI,30-Jul-2020,80,PE,0.8,0.8,0.55,0.65,0.65,48,270.97,868000,-7000,06-JUL-2020,
OPTSTK,MOTHERSUMI,30-Jul-2020,82.5,PE,0.8,0.8,0.8,0.8,0.8,1,5.83,70000,0,06-JUL-2020,
OPTSTK,MOTHERSUMI,30-Jul-2020,85,PE,1.65,1.7,1.05,1.3,1.3,88,531.58,469000,0,06-JUL-2020,
OPTSTK,MOTHERSUMI,30-Jul-2020,87.5,PE,1.5,1.85,1.5,1.75,1.75,22,137.37,203000,35000,06-JUL-2020,
OPTSTK,MOTHERSUMI,30-Jul-2020,90,PE,2.9,2.95,1.85,2.35,2.35,200,1292.55,1526000,126000,06-JUL-2020,
OPTSTK,MOTHERSUMI,30-Jul-2020,92.5,PE,2.65,3.3,2.65,3.2,3.2,35,234.25,217000,35000,06-JUL-2020,
OPTSTK,MOTHERSUMI,30-Jul-2020,95,PE,4.35,4.85,3.35,4.1,4.1,252,1746.33,735000,-42000,06-JUL-2020,
OPTSTK,MOTHERSUMI,30-Jul-2020,97.5,PE,5.8,5.9,4.4,5.15,5.15,120,861.26,294000,14000,06-JUL-2020,
OPTSTK,MOTHERSUMI,30-Jul-2020,100,PE,7,7.35,5.35,6.4,6.4,335,2490.77,938000,-84000,06-JUL-2020,
OPTSTK,MOTHERSUMI,30-Jul-2020,102.5,PE,8.8,8.8,6.85,8,8,40,308.41,161000,-7000,06-JUL-2020,
OPTSTK,MOTHERSUMI,30-Jul-2020,105,PE,9,9.65,8.35,9.6,9.6,28,224.05,119000,-14000,06-JUL-2020,
OPTSTK,MOTHERSUMI,30-Jul-2020,107.5,PE,11.3,11.3,11.15,11.15,11.45,4,33.24,49000,14000,06-JUL-2020,
OPTSTK,MOTHERSUMI,30-Jul-2020,110,PE,12.9,13.2,11.75,12.75,13.3,8,68.71,98000,7000,06-JUL-2020,
OPTSTK,MOTHERSUMI,30-Jul-2020,112.5,PE,0,0,0,19.2,15.25,0,0,28000,0,06-JUL-2020,
OPTSTK,MOTHERSUMI,30-Jul-2020,115,PE,0,0,0,22.35,17.25,0,0,35000,0,06-JUL-2020,
OPTSTK,MOTHERSUMI,30-Jul-2020,117.5,PE,0,0,0,24.6,19.4,0,0,14000,0,06-JUL-2020,
OPTSTK,MOTHERSUMI,30-Jul-2020,120,PE,0,0,0,34.95,21.6,0,0,0,0,06-JUL-2020,
OPTSTK,MOTHERSUMI,30-Jul-2020,122.5,PE,0,0,0,36.95,23.85,0,0,0,0,06-JUL-2020,
OPTSTK,MOTHERSUMI,27-Aug-2020,57.5,CE,0,0,0,39.5,42,0,0,0,0,06-JUL-2020,
OPTSTK,MOTHERSUMI,27-Aug-2020,60,CE,0,0,0,37.7,39.55,0,0,0,0,06-JUL-2020,
OPTSTK,MOTHERSUMI,27-Aug-2020,62.5,CE,0,0,0,36,37.15,0,0,0,0,06-JUL-2020,
OPTSTK,MOTHERSUMI,27-Aug-2020,65,CE,0,0,0,34.3,34.75,0,0,0,0,06-JUL-2020,
OPTSTK,MOTHERSUMI,27-Aug-2020,67.5,CE,0,0,0,32.75,32.4,0,0,0,0,06-JUL-2020,
OPTSTK,MOTHERSUMI,27-Aug-2020,70,CE,0,0,0,31.2,30.1,0,0,0,0,06-JUL-2020,
OPTSTK,MOTHERSUMI,27-Aug-2020,72.5,CE,0,0,0,29.75,27.85,0,0,0,0,06-JUL-2020,
OPTSTK,MOTHERSUMI,27-Aug-2020,75,CE,0,0,0,28.35,25.7,0,0,0,0,06-JUL-2020,
OPTSTK,MOTHERSUMI,27-Aug-2020,77.5,CE,0,0,0,27,23.6,0,0,0,0,06-JUL-2020,
OPTSTK,MOTHERSUMI,27-Aug-2020,80,CE,0,0,0,25.7,21.55,0,0,0,0,06-JUL-2020,
OPTSTK,MOTHERSUMI,27-Aug-2020,82.5,CE,0,0,0,24.5,19.65,0,0,0,0,06-JUL-2020,
OPTSTK,MOTHERSUMI,27-Aug-2020,85,CE,0,0,0,23.3,17.85,0,0,0,0,06-JUL-2020,
OPTSTK,MOTHERSUMI,27-Aug-2020,87.5,CE,0,0,0,22.2,16.1,0,0,0,0,06-JUL-2020,
OPTSTK,MOTHERSUMI,27-Aug-2020,90,CE,0,0,0,21.15,14.5,0,0,0,0,06-JUL-2020,
OPTSTK,MOTHERSUMI,27-Aug-2020,92.5,CE,0,0,0,20.15,13.05,0,0,0,0,06-JUL-2020,
OPTSTK,MOTHERSUMI,27-Aug-2020,95,CE,0,0,0,19.15,11.65,0,0,0,0,06-JUL-2020,
OPTSTK,MOTHERSUMI,27-Aug-2020,97.5,CE,0,0,0,10.05,10.35,0,0,14000,0,06-JUL-2020,
OPTSTK,MOTHERSUMI,27-Aug-2020,100,CE,0,0,0,17.35,9.2,0,0,0,0,06-JUL-2020,
OPTSTK,MOTHERSUMI,27-Aug-2020,102.5,CE,0,0,0,16.5,8.15,0,0,0,0,06-JUL-2020,
OPTSTK,MOTHERSUMI,27-Aug-2020,105,CE,0,0,0,15.75,7.2,0,0,0,0,06-JUL-2020,
OPTSTK,MOTHERSUMI,27-Aug-2020,107.5,CE,0,0,0,14.95,6.3,0,0,0,0,06-JUL-2020,
OPTSTK,MOTHERSUMI,27-Aug-2020,110,CE,0,0,0,14.25,5.55,0,0,0,0,06-JUL-2020,
OPTSTK,MOTHERSUMI,27-Aug-2020,112.5,CE,0,0,0,13.55,4.85,0,0,0,0,06-JUL-2020,
OPTSTK,MOTHERSUMI,27-Aug-2020,115,CE,0,0,0,12.9,4.2,0,0,0,0,06-JUL-2020,
OPTSTK,MOTHERSUMI,27-Aug-2020,117.5,CE,0,0,0,12.3,3.65,0,0,0,0,06-JUL-2020,
OPTSTK,MOTHERSUMI,27-Aug-2020,120,CE,0,0,0,11.7,3.2,0,0,0,0,06-JUL-2020,
OPTSTK,MOTHERSUMI,27-Aug-2020,122.5,CE,0,0,0,11.15,2.75,0,0,0,0,06-JUL-2020,
OPTSTK,MOTHERSUMI,27-Aug-2020,57.5,PE,0,0,0,3.9,0.05,0,0,0,0,06-JUL-2020,
OPTSTK,MOTHERSUMI,27-Aug-2020,60,PE,0,0,0,4.55,0.1,0,0,0,0,06-JUL-2020,
OPTSTK,MOTHERSUMI,27-Aug-2020,62.5,PE,0,0,0,5.3,0.15,0,0,0,0,06-JUL-2020,
OPTSTK,MOTHERSUMI,27-Aug-2020,65,PE,0,0,0,6.15,0.25,0,0,0,0,06-JUL-2020,
OPTSTK,MOTHERSUMI,27-Aug-2020,67.5,PE,0,0,0,7,0.4,0,0,0,0,06-JUL-2020,
OPTSTK,MOTHERSUMI,27-Aug-2020,70,PE,0,0,0,0.7,0.6,0,0,7000,0,06-JUL-2020,
OPTSTK,MOTHERSUMI,27-Aug-2020,72.5,PE,0,0,0,8.95,0.8,0,0,0,0,06-JUL-2020,
OPTSTK,MOTHERSUMI,27-Aug-2020,75,PE,0,0,0,5.05,1.15,0,0,147000,0,06-JUL-2020,
OPTSTK,MOTHERSUMI,27-Aug-2020,77.5,PE,0,0,0,11.15,1.5,0,0,0,0,06-JUL-2020,
OPTSTK,MOTHERSUMI,27-Aug-2020,80,PE,0,0,0,12.35,2,0,0,0,0,06-JUL-2020,
OPTSTK,MOTHERSUMI,27-Aug-2020,82.5,PE,0,0,0,13.6,2.55,0,0,0,0,06-JUL-2020,
OPTSTK,MOTHERSUMI,27-Aug-2020,85,PE,0,0,0,14.9,3.2,0,0,0,0,06-JUL-2020,
OPTSTK,MOTHERSUMI,27-Aug-2020,87.5,PE,0,0,0,16.25,4,0,0,0,0,06-JUL-2020,
OPTSTK,MOTHERSUMI,27-Aug-2020,90,PE,0,0,0,17.65,4.9,0,0,0,0,06-JUL-2020,
OPTSTK,MOTHERSUMI,27-Aug-2020,92.5,PE,0,0,0,19.1,5.85,0,0,0,0,06-JUL-2020,
OPTSTK,MOTHERSUMI,27-Aug-2020,95,PE,0,0,0,20.6,6.95,0,0,0,0,06-JUL-2020,
OPTSTK,MOTHERSUMI,27-Aug-2020,97.5,PE,0,0,0,8.75,8.2,0,0,14000,0,06-JUL-2020,
OPTSTK,MOTHERSUMI,27-Aug-2020,100,PE,9,9,9,9,9.5,1,7.63,0,-7000,06-JUL-2020,
OPTSTK,MOTHERSUMI,27-Aug-2020,102.5,PE,0,0,0,25.4,10.95,0,0,0,0,06-JUL-2020,
OPTSTK,MOTHERSUMI,27-Aug-2020,105,PE,0,0,0,27.05,12.45,0,0,0,0,06-JUL-2020,
OPTSTK,MOTHERSUMI,27-Aug-2020,107.5,PE,0,0,0,28.75,14.05,0,0,0,0,06-JUL-2020,
OPTSTK,MOTHERSUMI,27-Aug-2020,110,PE,0,0,0,30.5,15.75,0,0,0,0,06-JUL-2020,
OPTSTK,MOTHERSUMI,27-Aug-2020,112.5,PE,0,0,0,32.3,17.55,0,0,0,0,06-JUL-2020,
OPTSTK,MOTHERSUMI,27-Aug-2020,115,PE,0,0,0,34.1,19.4,0,0,0,0,06-JUL-2020,
OPTSTK,MOTHERSUMI,27-Aug-2020,117.5,PE,0,0,0,36,21.35,0,0,0,0,06-JUL-2020,
OPTSTK,MOTHERSUMI,27-Aug-2020,120,PE,0,0,0,37.85,23.35,0,0,0,0,06-JUL-2020,
OPTSTK,MOTHERSUMI,27-Aug-2020,122.5,PE,0,0,0,39.75,25.4,0,0,0,0,06-JUL-2020,
OPTSTK,MOTHERSUMI,24-Sep-2020,57.5,CE,0,0,0,40.9,42.4,0,0,0,0,06-JUL-2020,
OPTSTK,MOTHERSUMI,24-Sep-2020,60,CE,0,0,0,38.85,40.05,0,0,0,0,06-JUL-2020,
OPTSTK,MOTHERSUMI,24-Sep-2020,62.5,CE,0,0,0,36.85,37.7,0,0,0,0,06-JUL-2020,
OPTSTK,MOTHERSUMI,24-Sep-2020,65,CE,0,0,0,34.95,35.45,0,0,0,0,06-JUL-2020,
OPTSTK,MOTHERSUMI,24-Sep-2020,67.5,CE,0,0,0,33.1,33.2,0,0,0,0,06-JUL-2020,
OPTSTK,MOTHERSUMI,24-Sep-2020,70,CE,0,0,0,31.3,31.05,0,0,0,0,06-JUL-2020,
OPTSTK,MOTHERSUMI,24-Sep-2020,72.5,CE,0,0,0,29.6,28.95,0,0,0,0,06-JUL-2020,
OPTSTK,MOTHERSUMI,24-Sep-2020,75,CE,0,0,0,27.95,26.95,0,0,0,0,06-JUL-2020,
OPTSTK,MOTHERSUMI,24-Sep-2020,77.5,CE,0,0,0,26.35,25,0,0,0,0,06-JUL-2020,
OPTSTK,MOTHERSUMI,24-Sep-2020,80,CE,0,0,0,24.85,23.15,0,0,0,0,06-JUL-2020,
OPTSTK,MOTHERSUMI,24-Sep-2020,82.5,CE,0,0,0,23.45,21.4,0,0,0,0,06-JUL-2020,
OPTSTK,MOTHERSUMI,24-Sep-2020,85,CE,0,0,0,22.05,19.75,0,0,0,0,06-JUL-2020,
OPTSTK,MOTHERSUMI,24-Sep-2020,87.5,CE,0,0,0,20.75,18.15,0,0,0,0,06-JUL-2020,
OPTSTK,MOTHERSUMI,24-Sep-2020,90,CE,0,0,0,19.55,16.65,0,0,0,0,06-JUL-2020,
OPTSTK,MOTHERSUMI,24-Sep-2020,92.5,CE,0,0,0,18.35,15.25,0,0,0,0,06-JUL-2020,
OPTSTK,MOTHERSUMI,24-Sep-2020,95,CE,0,0,0,17.25,13.95,0,0,0,0,06-JUL-2020,
OPTSTK,MOTHERSUMI,24-Sep-2020,97.5,CE,0,0,0,16.2,12.7,0,0,0,0,06-JUL-2020,
OPTSTK,MOTHERSUMI,24-Sep-2020,100,CE,0,0,0,15.2,11.6,0,0,0,0,06-JUL-2020,
OPTSTK,MOTHERSUMI,24-Sep-2020,102.5,CE,0,0,0,14.3,10.55,0,0,0,0,06-JUL-2020,
OPTSTK,MOTHERSUMI,24-Sep-2020,105,CE,0,0,0,13.4,9.55,0,0,0,0,06-JUL-2020,
OPTSTK,MOTHERSUMI,24-Sep-2020,107.5,CE,0,0,0,12.55,8.65,0,0,0,0,06-JUL-2020,
OPTSTK,MOTHERSUMI,24-Sep-2020,110,CE,0,0,0,11.8,7.85,0,0,0,0,06-JUL-2020,
OPTSTK,MOTHERSUMI,24-Sep-2020,112.5,CE,0,0,0,11.05,7.1,0,0,0,0,06-JUL-2020,
OPTSTK,MOTHERSUMI,24-Sep-2020,115,CE,0,0,0,10.35,6.4,0,0,0,0,06-JUL-2020,
OPTSTK,MOTHERSUMI,24-Sep-2020,117.5,CE,0,0,0,9.7,5.75,0,0,0,0,06-JUL-2020,
OPTSTK,MOTHERSUMI,24-Sep-2020,120,CE,0,0,0,9.1,5.2,0,0,0,0,06-JUL-2020,
OPTSTK,MOTHERSUMI,24-Sep-2020,122.5,CE,0,0,0,8.55,4.65,0,0,0,0,06-JUL-2020,
OPTSTK,MOTHERSUMI,24-Sep-2020,57.5,PE,0,0,0,1.7,0.25,0,0,0,0,06-JUL-2020,
OPTSTK,MOTHERSUMI,24-Sep-2020,60,PE,0,0,0,2.1,0.35,0,0,0,0,06-JUL-2020,
OPTSTK,MOTHERSUMI,24-Sep-2020,62.5,PE,0,0,0,2.6,0.55,0,0,0,0,06-JUL-2020,
OPTSTK,MOTHERSUMI,24-Sep-2020,65,PE,0,0,0,3.15,0.75,0,0,0,0,06-JUL-2020,
OPTSTK,MOTHERSUMI,24-Sep-2020,67.5,PE,0,0,0,3.75,1,0,0,0,0,06-JUL-2020,
OPTSTK,MOTHERSUMI,24-Sep-2020,70,PE,0,0,0,4.45,1.3,0,0,0,0,06-JUL-2020,
OPTSTK,MOTHERSUMI,24-Sep-2020,72.5,PE,0,0,0,5.2,1.7,0,0,0,0,06-JUL-2020,
OPTSTK,MOTHERSUMI,24-Sep-2020,75,PE,0,0,0,6.05,2.15,0,0,0,0,06-JUL-2020,
OPTSTK,MOTHERSUMI,24-Sep-2020,77.5,PE,0,0,0,6.9,2.7,0,0,0,0,06-JUL-2020,
OPTSTK,MOTHERSUMI,24-Sep-2020,80,PE,0,0,0,7.9,3.35,0,0,0,0,06-JUL-2020,
OPTSTK,MOTHERSUMI,24-Sep-2020,82.5,PE,0,0,0,8.9,4.05,0,0,0,0,06-JUL-2020,
OPTSTK,MOTHERSUMI,24-Sep-2020,85,PE,0,0,0,10.05,4.85,0,0,0,0,06-JUL-2020,
OPTSTK,MOTHERSUMI,24-Sep-2020,87.5,PE,0,0,0,11.2,5.75,0,0,0,0,06-JUL-2020,
OPTSTK,MOTHERSUMI,24-Sep-2020,90,PE,0,0,0,12.45,6.7,0,0,0,0,06-JUL-2020,
OPTSTK,MOTHERSUMI,24-Sep-2020,92.5,PE,0,0,0,13.75,7.8,0,0,0,0,06-JUL-2020,
OPTSTK,MOTHERSUMI,24-Sep-2020,95,PE,0,0,0,15.1,8.95,0,0,0,0,06-JUL-2020,
OPTSTK,MOTHERSUMI,24-Sep-2020,97.5,PE,0,0,0,16.55,10.2,0,0,0,0,06-JUL-2020,
OPTSTK,MOTHERSUMI,24-Sep-2020,100,PE,0,0,0,18,11.55,0,0,0,0,06-JUL-2020,
OPTSTK,MOTHERSUMI,24-Sep-2020,102.5,PE,0,0,0,19.55,13,0,0,0,0,06-JUL-2020,
OPTSTK,MOTHERSUMI,24-Sep-2020,105,PE,0,0,0,21.15,14.5,0,0,0,0,06-JUL-2020,
OPTSTK,MOTHERSUMI,24-Sep-2020,107.5,PE,0,0,0,22.8,16.05,0,0,0,0,06-JUL-2020,
OPTSTK,MOTHERSUMI,24-Sep-2020,110,PE,0,0,0,24.45,17.7,0,0,0,0,06-JUL-2020,
OPTSTK,MOTHERSUMI,24-Sep-2020,112.5,PE,0,0,0,26.2,19.45,0,0,0,0,06-JUL-2020,
OPTSTK,MOTHERSUMI,24-Sep-2020,115,PE,0,0,0,28,21.2,0,0,0,0,06-JUL-2020,
OPTSTK,MOTHERSUMI,24-Sep-2020,117.5,PE,0,0,0,29.8,23.05,0,0,0,0,06-JUL-2020,
OPTSTK,MOTHERSUMI,24-Sep-2020,120,PE,0,0,0,31.65,24.95,0,0,0,0,06-JUL-2020,
OPTSTK,MOTHERSUMI,24-Sep-2020,122.5,PE,0,0,0,33.55,26.9,0,0,0,0,06-JUL-2020,
OPTSTK,MRF,30-Jul-2020,50500,CE,0,0,0,13388.25,16975.5,0,0,0,0,06-JUL-2020,
OPTSTK,MRF,30-Jul-2020,51000,CE,0,0,0,13054.55,16477,0,0,0,0,06-JUL-2020,
OPTSTK,MRF,30-Jul-2020,51500,CE,0,0,0,12726.55,15978.6,0,0,0,0,06-JUL-2020,
OPTSTK,MRF,30-Jul-2020,52000,CE,0,0,0,12404.25,15480.3,0,0,0,0,06-JUL-2020,
OPTSTK,MRF,30-Jul-2020,52500,CE,0,0,0,12085.25,14982.15,0,0,0,0,06-JUL-2020,
OPTSTK,MRF,30-Jul-2020,53000,CE,0,0,0,11774.65,14484.2,0,0,0,0,06-JUL-2020,
OPTSTK,MRF,30-Jul-2020,53500,CE,0,0,0,11469.7,13986.6,0,0,0,0,06-JUL-2020,
OPTSTK,MRF,30-Jul-2020,54000,CE,0,0,0,11170.55,13489.4,0,0,0,0,06-JUL-2020,
OPTSTK,MRF,30-Jul-2020,54500,CE,0,0,0,10877.05,12992.8,0,0,0,0,06-JUL-2020,
OPTSTK,MRF,30-Jul-2020,55000,CE,0,0,0,10589.25,12496.95,0,0,0,0,06-JUL-2020,
OPTSTK,MRF,30-Jul-2020,55500,CE,0,0,0,10307.1,12002.1,0,0,0,0,06-JUL-2020,
OPTSTK,MRF,30-Jul-2020,56000,CE,0,0,0,10030.65,11508.6,0,0,0,0,06-JUL-2020,
OPTSTK,MRF,30-Jul-2020,56500,CE,0,0,0,9759.8,11016.8,0,0,0,0,06-JUL-2020,
OPTSTK,MRF,30-Jul-2020,57000,CE,0,0,0,9494.55,10527.15,0,0,0,0,06-JUL-2020,
OPTSTK,MRF,30-Jul-2020,57500,CE,0,0,0,9234.85,10040.1,0,0,0,0,06-JUL-2020,
OPTSTK,MRF,30-Jul-2020,58000,CE,0,0,0,6300,9556.35,0,0,10,0,06-JUL-2020,
OPTSTK,MRF,30-Jul-2020,58500,CE,0,0,0,8731.75,9076.55,0,0,0,0,06-JUL-2020,
OPTSTK,MRF,30-Jul-2020,59000,CE,0,0,0,7400,8601.5,0,0,10,0,06-JUL-2020,
OPTSTK,MRF,30-Jul-2020,59500,CE,0,0,0,8250.65,8132,0,0,0,0,06-JUL-2020,
OPTSTK,MRF,30-Jul-2020,60000,CE,0,0,0,5400,7669.05,0,0,10,0,06-JUL-2020,
OPTSTK,MRF,30-Jul-2020,60500,CE,0,0,0,7790.9,7213.6,0,0,0,0,06-JUL-2020,
OPTSTK,MRF,30-Jul-2020,61000,CE,0,0,0,7568.85,6766.75,0,0,0,0,06-JUL-2020,
OPTSTK,MRF,30-Jul-2020,61500,CE,0,0,0,7352,6329.5,0,0,0,0,06-JUL-2020,
OPTSTK,MRF,30-Jul-2020,62000,CE,0,0,0,4500,5903,0,0,0,0,06-JUL-2020,
OPTSTK,MRF,30-Jul-2020,62500,CE,0,0,0,6933.55,5488.4,0,0,0,0,06-JUL-2020,
OPTSTK,MRF,30-Jul-2020,63000,CE,0,0,0,6731.8,5086.7,0,0,0,0,06-JUL-2020,
OPTSTK,MRF,30-Jul-2020,63500,CE,0,0,0,6534.95,4699,0,0,0,0,06-JUL-2020,
OPTSTK,MRF,30-Jul-2020,64000,CE,0,0,0,6342.95,4326.2,0,0,0,0,06-JUL-2020,
OPTSTK,MRF,30-Jul-2020,64500,CE,0,0,0,6155.7,3969.2,0,0,0,0,06-JUL-2020,
OPTSTK,MRF,30-Jul-2020,65000,CE,0,0,0,2903,3628.75,0,0,20,0,06-JUL-2020,
OPTSTK,MRF,30-Jul-2020,65500,CE,0,0,0,2750,3305.45,0,0,0,0,06-JUL-2020,
OPTSTK,MRF,30-Jul-2020,66000,CE,1984.8,1984.8,1984.8,1984.8,2999.85,1,6.79,80,-10,06-JUL-2020,
OPTSTK,MRF,30-Jul-2020,66500,CE,0,0,0,5452.75,2712.25,0,0,0,0,06-JUL-2020,
OPTSTK,MRF,30-Jul-2020,67000,CE,0,0,0,1960,2442.85,0,0,330,0,06-JUL-2020,
OPTSTK,MRF,30-Jul-2020,67500,CE,1900,1900,1900,1900,2191.7,1,6.94,10,0,06-JUL-2020,
OPTSTK,MRF,30-Jul-2020,68000,CE,0,0,0,4971.85,1958.7,0,0,0,0,06-JUL-2020,
OPTSTK,MRF,30-Jul-2020,68500,CE,0,0,0,4819.95,1743.5,0,0,0,0,06-JUL-2020,
OPTSTK,MRF,30-Jul-2020,69000,CE,0,0,0,4672.1,1545.8,0,0,0,0,06-JUL-2020,
OPTSTK,MRF,30-Jul-2020,69500,CE,0,0,0,1300,1365,0,0,20,0,06-JUL-2020,
OPTSTK,MRF,30-Jul-2020,70000,CE,1190,1190,910.05,1058.65,1200.5,10,71.1,350,30,06-JUL-2020,
OPTSTK,MRF,30-Jul-2020,70500,CE,0,0,0,4252.25,1051.55,0,0,0,0,06-JUL-2020,
OPTSTK,MRF,30-Jul-2020,71000,CE,0,0,0,1079.95,917.3,0,0,80,0,06-JUL-2020,
OPTSTK,MRF,30-Jul-2020,71500,CE,0,0,0,1227.3,797,0,0,0,0,06-JUL-2020,
OPTSTK,MRF,30-Jul-2020,72000,CE,0,0,0,1143.1,689.65,0,0,0,0,06-JUL-2020,
OPTSTK,MRF,30-Jul-2020,72500,CE,480,480.05,480,480.05,480.05,2,14.59,40,0,06-JUL-2020,
OPTSTK,MRF,30-Jul-2020,73000,CE,0,0,0,989.6,510.1,0,0,0,0,06-JUL-2020,
OPTSTK,MRF,30-Jul-2020,73500,CE,0,0,0,919.8,436.05,0,0,0,0,06-JUL-2020,
OPTSTK,MRF,30-Jul-2020,50500,PE,0,0,0,2737.6,0.2,0,0,0,0,06-JUL-2020,
OPTSTK,MRF,30-Jul-2020,51000,PE,0,0,0,2897.6,0.35,0,0,0,0,06-JUL-2020,
OPTSTK,MRF,30-Jul-2020,51500,PE,0,0,0,3063.25,0.55,0,0,0,0,06-JUL-2020,
OPTSTK,MRF,30-Jul-2020,52000,PE,0,0,0,3234.6,0.85,0,0,0,0,06-JUL-2020,
OPTSTK,MRF,30-Jul-2020,52500,PE,0,0,0,3409.25,1.3,0,0,0,0,06-JUL-2020,
OPTSTK,MRF,30-Jul-2020,53000,PE,0,0,0,3592.3,1.95,0,0,0,0,06-JUL-2020,
OPTSTK,MRF,30-Jul-2020,53500,PE,0,0,0,3781.05,2.95,0,0,0,0,06-JUL-2020,
OPTSTK,MRF,30-Jul-2020,54000,PE,0,0,0,3975.55,4.35,0,0,0,0,06-JUL-2020,
OPTSTK,MRF,30-Jul-2020,54500,PE,0,0,0,4175.7,6.35,0,0,0,0,06-JUL-2020,
OPTSTK,MRF,30-Jul-2020,55000,PE,0,0,0,4381.55,9.1,0,0,0,0,06-JUL-2020,
OPTSTK,MRF,30-Jul-2020,55500,PE,0,0,0,4593.1,12.9,0,0,0,0,06-JUL-2020,
OPTSTK,MRF,30-Jul-2020,56000,PE,0,0,0,4810.3,18,0,0,0,0,06-JUL-2020,
OPTSTK,MRF,30-Jul-2020,56500,PE,0,0,0,5033.1,24.8,0,0,0,0,06-JUL-2020,
OPTSTK,MRF,30-Jul-2020,57000,PE,0,0,0,5261.5,33.7,0,0,0,0,06-JUL-2020,
OPTSTK,MRF,30-Jul-2020,57500,PE,0,0,0,5495.5,45.3,0,0,0,0,06-JUL-2020,
OPTSTK,MRF,30-Jul-2020,58000,PE,0,0,0,5735,60.15,0,0,0,0,06-JUL-2020,
OPTSTK,MRF,30-Jul-2020,58500,PE,0,0,0,5979.75,78.95,0,0,0,0,06-JUL-2020,
OPTSTK,MRF,30-Jul-2020,59000,PE,0,0,0,6230.15,102.5,0,0,0,0,06-JUL-2020,
OPTSTK,MRF,30-Jul-2020,59500,PE,0,0,0,6485.95,131.65,0,0,0,0,06-JUL-2020,
OPTSTK,MRF,30-Jul-2020,60000,PE,324.9,324.9,324.9,324.9,167.25,1,6.03,10,0,06-JUL-2020,
OPTSTK,MRF,30-Jul-2020,60500,PE,125,125,125,125,210.45,4,24.25,30,-30,06-JUL-2020,
OPTSTK,MRF,30-Jul-2020,61000,PE,0,0,0,7285.15,262.15,0,0,0,0,06-JUL-2020,
OPTSTK,MRF,30-Jul-2020,61500,PE,0,0,0,7562,323.5,0,0,0,0,06-JUL-2020,
OPTSTK,MRF,30-Jul-2020,62000,PE,0,0,0,7843.9,395.65,0,0,0,0,06-JUL-2020,
OPTSTK,MRF,30-Jul-2020,62500,PE,0,0,0,8130.85,479.65,0,0,0,0,06-JUL-2020,
OPTSTK,MRF,30-Jul-2020,63000,PE,0,0,0,1500,576.55,0,0,310,0,06-JUL-2020,
OPTSTK,MRF,30-Jul-2020,63500,PE,0,0,0,8719.55,687.45,0,0,0,0,06-JUL-2020,
OPTSTK,MRF,30-Jul-2020,64000,PE,0,0,0,1511,813.25,0,0,10,0,06-JUL-2020,
OPTSTK,MRF,30-Jul-2020,64500,PE,0,0,0,1655,954.85,0,0,10,0,06-JUL-2020,
OPTSTK,MRF,30-Jul-2020,65000,PE,0,0,0,2082,1113,0,0,20,0,06-JUL-2020,
OPTSTK,MRF,30-Jul-2020,65500,PE,0,0,0,2150,1288.3,0,0,20,0,06-JUL-2020,
OPTSTK,MRF,30-Jul-2020,66000,PE,0,0,0,10274.65,1481.3,0,0,0,0,06-JUL-2020,
OPTSTK,MRF,30-Jul-2020,66500,PE,0,0,0,10599.35,1692.3,0,0,0,0,06-JUL-2020,
OPTSTK,MRF,30-Jul-2020,67000,PE,0,0,0,10928.45,1921.55,0,0,0,0,06-JUL-2020,
OPTSTK,MRF,30-Jul-2020,67500,PE,0,0,0,11261.85,2169,0,0,0,0,06-JUL-2020,
OPTSTK,MRF,30-Jul-2020,68000,PE,2064.1,2064.1,2064.1,2064.1,2434.55,1,7,20,10,06-JUL-2020,
OPTSTK,MRF,30-Jul-2020,68500,PE,0,0,0,11941.2,2718,0,0,0,0,06-JUL-2020,
OPTSTK,MRF,30-Jul-2020,69000,PE,0,0,0,12287.05,3018.9,0,0,0,0,06-JUL-2020,
OPTSTK,MRF,30-Jul-2020,69500,PE,0,0,0,12636.85,3336.7,0,0,0,0,06-JUL-2020,
OPTSTK,MRF,30-Jul-2020,70000,PE,0,0,0,12990.55,3670.8,0,0,0,0,06-JUL-2020,
OPTSTK,MRF,30-Jul-2020,70500,PE,0,0,0,13348.15,4020.45,0,0,0,0,06-JUL-2020,
OPTSTK,MRF,30-Jul-2020,71000,PE,0,0,0,12249.65,4384.85,0,0,0,0,06-JUL-2020,
OPTSTK,MRF,30-Jul-2020,71500,PE,0,0,0,10718.35,4763.1,0,0,0,0,06-JUL-2020,
OPTSTK,MRF,30-Jul-2020,72000,PE,0,0,0,11130.2,5154.35,0,0,0,0,06-JUL-2020,
OPTSTK,MRF,30-Jul-2020,72500,PE,0,0,0,11547.1,5557.65,0,0,0,0,06-JUL-2020,
OPTSTK,MRF,30-Jul-2020,73000,PE,0,0,0,11968.8,5972.05,0,0,0,0,06-JUL-2020,
OPTSTK,MRF,30-Jul-2020,73500,PE,0,0,0,12395.05,6396.6,0,0,0,0,06-JUL-2020,
OPTSTK,MRF,27-Aug-2020,50500,CE,0,0,0,10232.15,17155.05,0,0,0,0,06-JUL-2020,
OPTSTK,MRF,27-Aug-2020,51000,CE,0,0,0,9875.75,16662.65,0,0,0,0,06-JUL-2020,
OPTSTK,MRF,27-Aug-2020,51500,CE,0,0,0,9526.85,16171.35,0,0,0,0,06-JUL-2020,
OPTSTK,MRF,27-Aug-2020,52000,CE,0,0,0,9185.45,15681.45,0,0,0,0,06-JUL-2020,
OPTSTK,MRF,27-Aug-2020,52500,CE,0,0,0,8849.45,15193.05,0,0,0,0,06-JUL-2020,
OPTSTK,MRF,27-Aug-2020,53000,CE,0,0,0,8523.9,14706.55,0,0,0,0,06-JUL-2020,
OPTSTK,MRF,27-Aug-2020,53500,CE,0,0,0,8206.1,14222.15,0,0,0,0,06-JUL-2020,
OPTSTK,MRF,27-Aug-2020,54000,CE,0,0,0,7896.15,13740.25,0,0,0,0,06-JUL-2020,
OPTSTK,MRF,27-Aug-2020,54500,CE,0,0,0,7594.1,13261.2,0,0,0,0,06-JUL-2020,
OPTSTK,MRF,27-Aug-2020,55000,CE,0,0,0,7299.95,12785.4,0,0,0,0,06-JUL-2020,
OPTSTK,MRF,27-Aug-2020,55500,CE,0,0,0,7013.7,12313.25,0,0,0,0,06-JUL-2020,
OPTSTK,MRF,27-Aug-2020,56000,CE,0,0,0,6735.35,11845.2,0,0,0,0,06-JUL-2020,
OPTSTK,MRF,27-Aug-2020,56500,CE,0,0,0,6464.9,11381.7,0,0,0,0,06-JUL-2020,
OPTSTK,MRF,27-Aug-2020,57000,CE,0,0,0,6202.25,10923.3,0,0,0,0,06-JUL-2020,
OPTSTK,MRF,27-Aug-2020,57500,CE,0,0,0,5947.45,10470.45,0,0,0,0,06-JUL-2020,
OPTSTK,MRF,27-Aug-2020,58000,CE,0,0,0,5700.15,10023.7,0,0,0,0,06-JUL-2020,
OPTSTK,MRF,27-Aug-2020,58500,CE,0,0,0,5460.75,9583.6,0,0,0,0,06-JUL-2020,
OPTSTK,MRF,27-Aug-2020,59000,CE,0,0,0,5229,9150.7,0,0,0,0,06-JUL-2020,
OPTSTK,MRF,27-Aug-2020,59500,CE,0,0,0,5004.75,8725.45,0,0,0,0,06-JUL-2020,
OPTSTK,MRF,27-Aug-2020,60000,CE,0,0,0,4787.9,8308.45,0,0,0,0,06-JUL-2020,
OPTSTK,MRF,27-Aug-2020,60500,CE,0,0,0,4578.4,7900.25,0,0,0,0,06-JUL-2020,
OPTSTK,MRF,27-Aug-2020,61000,CE,0,0,0,4376.05,7501.25,0,0,0,0,06-JUL-2020,
OPTSTK,MRF,27-Aug-2020,61500,CE,0,0,0,4180.85,7112,0,0,0,0,06-JUL-2020,
OPTSTK,MRF,27-Aug-2020,62000,CE,0,0,0,3992.55,6732.95,0,0,0,0,06-JUL-2020,
OPTSTK,MRF,27-Aug-2020,62500,CE,0,0,0,3811.15,6364.5,0,0,0,0,06-JUL-2020,
OPTSTK,MRF,27-Aug-2020,63000,CE,0,0,0,3636.4,6007,0,0,0,0,06-JUL-2020,
OPTSTK,MRF,27-Aug-2020,63500,CE,0,0,0,3468.2,5660.9,0,0,0,0,06-JUL-2020,
OPTSTK,MRF,27-Aug-2020,64000,CE,0,0,0,3306.4,5326.35,0,0,0,0,06-JUL-2020,
OPTSTK,MRF,27-Aug-2020,64500,CE,0,0,0,3150.85,5003.7,0,0,0,0,06-JUL-2020,
OPTSTK,MRF,27-Aug-2020,65000,CE,0,0,0,3001.4,4693.15,0,0,0,0,06-JUL-2020,
OPTSTK,MRF,27-Aug-2020,65500,CE,0,0,0,2857.9,4394.85,0,0,0,0,06-JUL-2020,
OPTSTK,MRF,27-Aug-2020,66000,CE,0,0,0,2720.2,4108.9,0,0,0,0,06-JUL-2020,
OPTSTK,MRF,27-Aug-2020,66500,CE,0,0,0,2588.15,3835.35,0,0,0,0,06-JUL-2020,
OPTSTK,MRF,27-Aug-2020,67000,CE,0,0,0,2464.3,3574.25,0,0,0,0,06-JUL-2020,
OPTSTK,MRF,27-Aug-2020,67500,CE,0,0,0,2343.4,3325.45,0,0,0,0,06-JUL-2020,
OPTSTK,MRF,27-Aug-2020,68000,CE,0,0,0,2227.6,3089,0,0,0,0,06-JUL-2020,
OPTSTK,MRF,27-Aug-2020,68500,CE,0,0,0,2116.8,2864.6,0,0,0,0,06-JUL-2020,
OPTSTK,MRF,27-Aug-2020,69000,CE,0,0,0,2010.85,2652.25,0,0,0,0,06-JUL-2020,
OPTSTK,MRF,27-Aug-2020,69500,CE,0,0,0,1909.55,2451.6,0,0,0,0,06-JUL-2020,
OPTSTK,MRF,27-Aug-2020,70000,CE,0,0,0,1812.8,2262.45,0,0,0,0,06-JUL-2020,
OPTSTK,MRF,27-Aug-2020,70500,CE,0,0,0,1717.8,2084.5,0,0,0,0,06-JUL-2020,
OPTSTK,MRF,27-Aug-2020,71000,CE,0,0,0,1601.45,1917.45,0,0,0,0,06-JUL-2020,
OPTSTK,MRF,27-Aug-2020,71500,CE,0,0,0,1991.85,1760.95,0,0,0,0,06-JUL-2020,
OPTSTK,MRF,27-Aug-2020,72000,CE,0,0,0,1887.75,1614.6,0,0,0,0,06-JUL-2020,
OPTSTK,MRF,27-Aug-2020,72500,CE,0,0,0,980,1478.05,0,0,10,0,06-JUL-2020,
OPTSTK,MRF,27-Aug-2020,73000,CE,0,0,0,1690.95,1350.9,0,0,0,0,06-JUL-2020,
OPTSTK,MRF,27-Aug-2020,73500,CE,0,0,0,1600.3,1232.75,0,0,0,0,06-JUL-2020,
OPTSTK,MRF,27-Aug-2020,50500,PE,0,0,0,1652.75,15.85,0,0,0,0,06-JUL-2020,
OPTSTK,MRF,27-Aug-2020,51000,PE,0,0,0,1790.3,20.45,0,0,0,0,06-JUL-2020,
OPTSTK,MRF,27-Aug-2020,51500,PE,0,0,0,1935.3,26.15,0,0,0,0,06-JUL-2020,
OPTSTK,MRF,27-Aug-2020,52000,PE,0,0,0,2087.9,33.2,0,0,0,0,06-JUL-2020,
OPTSTK,MRF,27-Aug-2020,52500,PE,0,0,0,2245.8,41.8,0,0,0,0,06-JUL-2020,
OPTSTK,MRF,27-Aug-2020,53000,PE,0,0,0,2414.15,52.25,0,0,0,0,06-JUL-2020,
OPTSTK,MRF,27-Aug-2020,53500,PE,0,0,0,2590.3,64.85,0,0,0,0,06-JUL-2020,
OPTSTK,MRF,27-Aug-2020,54000,PE,0,0,0,2774.3,79.95,0,0,0,0,06-JUL-2020,
OPTSTK,MRF,27-Aug-2020,54500,PE,0,0,0,2966.15,97.85,0,0,0,0,06-JUL-2020,
OPTSTK,MRF,27-Aug-2020,55000,PE,0,0,0,3165.95,119.05,0,0,0,0,06-JUL-2020,
OPTSTK,MRF,27-Aug-2020,55500,PE,0,0,0,3373.6,143.85,0,0,0,0,06-JUL-2020,
OPTSTK,MRF,27-Aug-2020,56000,PE,0,0,0,3589.2,172.8,0,0,0,0,06-JUL-2020,
OPTSTK,MRF,27-Aug-2020,56500,PE,0,0,0,3812.65,206.3,0,0,0,0,06-JUL-2020,
OPTSTK,MRF,27-Aug-2020,57000,PE,0,0,0,4043.95,244.85,0,0,0,0,06-JUL-2020,
OPTSTK,MRF,27-Aug-2020,57500,PE,0,0,0,4283.1,289,0,0,0,0,06-JUL-2020,
OPTSTK,MRF,27-Aug-2020,58000,PE,0,0,0,4529.7,339.25,0,0,0,0,06-JUL-2020,
OPTSTK,MRF,27-Aug-2020,58500,PE,0,0,0,4784.25,396.1,0,0,0,0,06-JUL-2020,
OPTSTK,MRF,27-Aug-2020,59000,PE,0,0,0,5046.4,460.2,0,0,0,0,06-JUL-2020,
OPTSTK,MRF,27-Aug-2020,59500,PE,0,0,0,5316.1,531.95,0,0,0,0,06-JUL-2020,
OPTSTK,MRF,27-Aug-2020,60000,PE,0,0,0,5593.15,611.95,0,0,0,0,06-JUL-2020,
OPTSTK,MRF,27-Aug-2020,60500,PE,0,0,0,5877.6,700.7,0,0,0,0,06-JUL-2020,
OPTSTK,MRF,27-Aug-2020,61000,PE,0,0,0,6169.2,798.7,0,0,0,0,06-JUL-2020,
OPTSTK,MRF,27-Aug-2020,61500,PE,0,0,0,6467.9,906.4,0,0,0,0,06-JUL-2020,
OPTSTK,MRF,27-Aug-2020,62000,PE,0,0,0,6773.55,1024.35,0,0,0,0,06-JUL-2020,
OPTSTK,MRF,27-Aug-2020,62500,PE,0,0,0,7086.05,1152.85,0,0,0,0,06-JUL-2020,
OPTSTK,MRF,27-Aug-2020,63000,PE,0,0,0,7405.25,1292.4,0,0,0,0,06-JUL-2020,
OPTSTK,MRF,27-Aug-2020,63500,PE,0,0,0,7730.95,1443.2,0,0,0,0,06-JUL-2020,
OPTSTK,MRF,27-Aug-2020,64000,PE,0,0,0,8063.1,1605.7,0,0,0,0,06-JUL-2020,
OPTSTK,MRF,27-Aug-2020,64500,PE,0,0,0,8401.5,1780,0,0,0,0,06-JUL-2020,
OPTSTK,MRF,27-Aug-2020,65000,PE,0,0,0,8746,1966.45,0,0,0,0,06-JUL-2020,
OPTSTK,MRF,27-Aug-2020,65500,PE,0,0,0,9096.4,2165.15,0,0,0,0,06-JUL-2020,
OPTSTK,MRF,27-Aug-2020,66000,PE,0,0,0,9452.65,2376.15,0,0,0,0,06-JUL-2020,
OPTSTK,MRF,27-Aug-2020,66500,PE,0,0,0,9814.5,2599.6,0,0,0,0,06-JUL-2020,
OPTSTK,MRF,27-Aug-2020,67000,PE,0,0,0,10184.6,2835.45,0,0,0,0,06-JUL-2020,
OPTSTK,MRF,27-Aug-2020,67500,PE,0,0,0,10557.6,3083.65,0,0,0,0,06-JUL-2020,
OPTSTK,MRF,27-Aug-2020,68000,PE,0,0,0,10935.75,3344.15,0,0,0,0,06-JUL-2020,
OPTSTK,MRF,27-Aug-2020,68500,PE,0,0,0,11318.85,3616.75,0,0,0,0,06-JUL-2020,
OPTSTK,MRF,27-Aug-2020,69000,PE,0,0,0,11706.85,3901.35,0,0,0,0,06-JUL-2020,
OPTSTK,MRF,27-Aug-2020,69500,PE,0,0,0,12099.5,4197.7,0,0,0,0,06-JUL-2020,
OPTSTK,MRF,27-Aug-2020,70000,PE,0,0,0,12496.65,4505.55,0,0,0,0,06-JUL-2020,
OPTSTK,MRF,27-Aug-2020,70500,PE,0,0,0,12895.6,4824.6,0,0,0,0,06-JUL-2020,
OPTSTK,MRF,27-Aug-2020,71000,PE,0,0,0,12656.2,5154.5,0,0,0,0,06-JUL-2020,
OPTSTK,MRF,27-Aug-2020,71500,PE,0,0,0,11217.3,5495,0,0,0,0,06-JUL-2020,
OPTSTK,MRF,27-Aug-2020,72000,PE,0,0,0,11607.35,5845.65,0,0,0,0,06-JUL-2020,
OPTSTK,MRF,27-Aug-2020,72500,PE,0,0,0,12002.2,6206.05,0,0,0,0,06-JUL-2020,
OPTSTK,MRF,27-Aug-2020,73000,PE,0,0,0,12398.95,6575.9,0,0,0,0,06-JUL-2020,
OPTSTK,MRF,27-Aug-2020,73500,PE,0,0,0,12802.55,6954.7,0,0,0,0,06-JUL-2020,
OPTSTK,MRF,24-Sep-2020,53000,CE,0,0,0,13331.6,14995.7,0,0,0,0,06-JUL-2020,
OPTSTK,MRF,24-Sep-2020,53500,CE,0,0,0,12925.9,14529.1,0,0,0,0,06-JUL-2020,
OPTSTK,MRF,24-Sep-2020,54000,CE,0,0,0,12526.15,14066.25,0,0,0,0,06-JUL-2020,
OPTSTK,MRF,24-Sep-2020,54500,CE,0,0,0,12132.65,13607.6,0,0,0,0,06-JUL-2020,
OPTSTK,MRF,24-Sep-2020,55000,CE,0,0,0,11745.55,13153.45,0,0,0,0,06-JUL-2020,
OPTSTK,MRF,24-Sep-2020,55500,CE,0,0,0,11365,12704.15,0,0,0,0,06-JUL-2020,
OPTSTK,MRF,24-Sep-2020,56000,CE,0,0,0,10991.15,12260.05,0,0,0,0,06-JUL-2020,
OPTSTK,MRF,24-Sep-2020,56500,CE,0,0,0,10626.2,11821.5,0,0,0,0,06-JUL-2020,
OPTSTK,MRF,24-Sep-2020,57000,CE,0,0,0,10265.95,11388.9,0,0,0,0,06-JUL-2020,
OPTSTK,MRF,24-Sep-2020,57500,CE,0,0,0,9912.8,10962.6,0,0,0,0,06-JUL-2020,
OPTSTK,MRF,24-Sep-2020,58000,CE,0,0,0,9566.95,10542.95,0,0,0,0,06-JUL-2020,
OPTSTK,MRF,24-Sep-2020,58500,CE,0,0,0,9225.8,10130.3,0,0,0,0,06-JUL-2020,
OPTSTK,MRF,24-Sep-2020,59000,CE,0,0,0,8895.2,9725,0,0,0,0,06-JUL-2020,
OPTSTK,MRF,24-Sep-2020,59500,CE,0,0,0,8572.05,9327.35,0,0,0,0,06-JUL-2020,
OPTSTK,MRF,24-Sep-2020,60000,CE,0,0,0,8256.5,8937.7,0,0,0,0,06-JUL-2020,
OPTSTK,MRF,24-Sep-2020,60500,CE,0,0,0,7948.6,8556.35,0,0,0,0,06-JUL-2020,
OPTSTK,MRF,24-Sep-2020,61000,CE,0,0,0,7648.35,8183.55,0,0,0,0,06-JUL-2020,
OPTSTK,MRF,24-Sep-2020,61500,CE,0,0,0,7355.8,7819.55,0,0,0,0,06-JUL-2020,
OPTSTK,MRF,24-Sep-2020,62000,CE,0,0,0,7070.95,7464.6,0,0,0,0,06-JUL-2020,
OPTSTK,MRF,24-Sep-2020,62500,CE,0,0,0,6793.75,7118.9,0,0,0,0,06-JUL-2020,
OPTSTK,MRF,24-Sep-2020,63000,CE,0,0,0,6524.2,6782.65,0,0,0,0,06-JUL-2020,
OPTSTK,MRF,24-Sep-2020,63500,CE,0,0,0,6262.35,6456,0,0,0,0,06-JUL-2020,
OPTSTK,MRF,24-Sep-2020,64000,CE,0,0,0,6008.1,6139.15,0,0,0,0,06-JUL-2020,
OPTSTK,MRF,24-Sep-2020,64500,CE,0,0,0,5761.15,5832.1,0,0,0,0,06-JUL-2020,
OPTSTK,MRF,24-Sep-2020,65000,CE,0,0,0,5521.95,5535,0,0,0,0,06-JUL-2020,
OPTSTK,MRF,24-Sep-2020,65500,CE,0,0,0,5290.15,5247.9,0,0,0,0,06-JUL-2020,
OPTSTK,MRF,24-Sep-2020,66000,CE,0,0,0,5065.75,4970.85,0,0,0,0,06-JUL-2020,
OPTSTK,MRF,24-Sep-2020,66500,CE,0,0,0,4848.55,4703.75,0,0,0,0,06-JUL-2020,
OPTSTK,MRF,24-Sep-2020,67000,CE,0,0,0,4638.6,4446.7,0,0,0,0,06-JUL-2020,
OPTSTK,MRF,24-Sep-2020,67500,CE,0,0,0,4435.65,4199.6,0,0,0,0,06-JUL-2020,
OPTSTK,MRF,24-Sep-2020,68000,CE,0,0,0,4239.7,3962.35,0,0,0,0,06-JUL-2020,
OPTSTK,MRF,24-Sep-2020,68500,CE,0,0,0,4050.6,3734.85,0,0,0,0,06-JUL-2020,
OPTSTK,MRF,24-Sep-2020,69000,CE,0,0,0,3868.2,3517,0,0,0,0,06-JUL-2020,
OPTSTK,MRF,24-Sep-2020,69500,CE,0,0,0,3692.4,3308.65,0,0,0,0,06-JUL-2020,
OPTSTK,MRF,24-Sep-2020,70000,CE,0,0,0,3523,3109.7,0,0,0,0,06-JUL-2020,
OPTSTK,MRF,24-Sep-2020,70500,CE,0,0,0,3360,2919.9,0,0,0,0,06-JUL-2020,
OPTSTK,MRF,24-Sep-2020,71000,CE,0,0,0,3203.15,2739.05,0,0,0,0,06-JUL-2020,
OPTSTK,MRF,24-Sep-2020,71500,CE,0,0,0,3052.35,2567,0,0,0,0,06-JUL-2020,
OPTSTK,MRF,24-Sep-2020,72000,CE,0,0,0,2907.4,2403.5,0,0,0,0,06-JUL-2020,
OPTSTK,MRF,24-Sep-2020,72500,CE,0,0,0,2768.25,2248.3,0,0,0,0,06-JUL-2020,
OPTSTK,MRF,24-Sep-2020,73000,CE,0,0,0,2634.65,2101.2,0,0,0,0,06-JUL-2020,
OPTSTK,MRF,24-Sep-2020,73500,CE,0,0,0,2506.5,1961.85,0,0,0,0,06-JUL-2020,
OPTSTK,MRF,24-Sep-2020,53000,PE,0,0,0,907.15,169.95,0,0,0,0,06-JUL-2020,
OPTSTK,MRF,24-Sep-2020,53500,PE,0,0,0,995.6,198.7,0,0,0,0,06-JUL-2020,
OPTSTK,MRF,24-Sep-2020,54000,PE,0,0,0,1090.1,231.25,0,0,0,0,06-JUL-2020,
OPTSTK,MRF,24-Sep-2020,54500,PE,0,0,0,1190.8,267.95,0,0,0,0,06-JUL-2020,
OPTSTK,MRF,24-Sep-2020,55000,PE,0,0,0,1297.9,309.15,0,0,0,0,06-JUL-2020,
OPTSTK,MRF,24-Sep-2020,55500,PE,0,0,0,1411.55,355.2,0,0,0,0,06-JUL-2020,
OPTSTK,MRF,24-Sep-2020,56000,PE,0,0,0,1531.9,406.45,0,0,0,0,06-JUL-2020,
OPTSTK,MRF,24-Sep-2020,56500,PE,0,0,0,1661.15,463.3,0,0,0,0,06-JUL-2020,
OPTSTK,MRF,24-Sep-2020,57000,PE,0,0,0,1795.1,526.05,0,0,0,0,06-JUL-2020,
OPTSTK,MRF,24-Sep-2020,57500,PE,0,0,0,1936.15,595.1,0,0,0,0,06-JUL-2020,
OPTSTK,MRF,24-Sep-2020,58000,PE,0,0,0,2084.5,670.85,0,0,0,0,06-JUL-2020,
OPTSTK,MRF,24-Sep-2020,58500,PE,0,0,0,2237.55,753.55,0,0,0,0,06-JUL-2020,
OPTSTK,MRF,24-Sep-2020,59000,PE,0,0,0,2401.1,843.6,0,0,0,0,06-JUL-2020,
OPTSTK,MRF,24-Sep-2020,59500,PE,0,0,0,2572.2,941.35,0,0,0,0,06-JUL-2020,
OPTSTK,MRF,24-Sep-2020,60000,PE,0,0,0,2750.85,1047.05,0,0,0,0,06-JUL-2020,
OPTSTK,MRF,24-Sep-2020,60500,PE,0,0,0,2937.15,1161.05,0,0,0,0,06-JUL-2020,
OPTSTK,MRF,24-Sep-2020,61000,PE,0,0,0,3131.1,1283.6,0,0,0,0,06-JUL-2020,
OPTSTK,MRF,24-Sep-2020,61500,PE,0,0,0,3332.75,1414.95,0,0,0,0,06-JUL-2020,
OPTSTK,MRF,24-Sep-2020,62000,PE,0,0,0,3542.05,1555.4,0,0,0,0,06-JUL-2020,
OPTSTK,MRF,24-Sep-2020,62500,PE,0,0,0,3759.1,1705.05,0,0,0,0,06-JUL-2020,
OPTSTK,MRF,24-Sep-2020,63000,PE,0,0,0,3983.75,1864.15,0,0,0,0,06-JUL-2020,
OPTSTK,MRF,24-Sep-2020,63500,PE,0,0,0,4216.1,2032.9,0,0,0,0,06-JUL-2020,
OPTSTK,MRF,24-Sep-2020,64000,PE,0,0,0,4456.05,2211.4,0,0,0,0,06-JUL-2020,
OPTSTK,MRF,24-Sep-2020,64500,PE,0,0,0,4703.3,2399.7,0,0,0,0,06-JUL-2020,
OPTSTK,MRF,24-Sep-2020,65000,PE,0,0,0,4958.25,2598,0,0,0,0,06-JUL-2020,
OPTSTK,MRF,24-Sep-2020,65500,PE,0,0,0,5220.7,2806.25,0,0,0,0,06-JUL-2020,
OPTSTK,MRF,24-Sep-2020,66000,PE,0,0,0,5490.45,3024.55,0,0,0,0,06-JUL-2020,
OPTSTK,MRF,24-Sep-2020,66500,PE,0,0,0,5767.5,3252.85,0,0,0,0,06-JUL-2020,
OPTSTK,MRF,24-Sep-2020,67000,PE,0,0,0,6051.75,3491.15,0,0,0,0,06-JUL-2020,
OPTSTK,MRF,24-Sep-2020,67500,PE,0,0,0,6343,3739.4,0,0,0,0,06-JUL-2020,
OPTSTK,MRF,24-Sep-2020,68000,PE,0,0,0,6641.25,3997.5,0,0,0,0,06-JUL-2020,
OPTSTK,MRF,24-Sep-2020,68500,PE,0,0,0,6946.35,4265.4,0,0,0,0,06-JUL-2020,
OPTSTK,MRF,24-Sep-2020,69000,PE,0,0,0,7258.15,4542.9,0,0,0,0,06-JUL-2020,
OPTSTK,MRF,24-Sep-2020,69500,PE,0,0,0,7576.5,4829.95,0,0,0,0,06-JUL-2020,
OPTSTK,MRF,24-Sep-2020,70000,PE,0,0,0,7901.35,5126.3,0,0,0,0,06-JUL-2020,
OPTSTK,MRF,24-Sep-2020,70500,PE,0,0,0,8232.55,5431.9,0,0,0,0,06-JUL-2020,
OPTSTK,MRF,24-Sep-2020,71000,PE,0,0,0,8569.9,5746.4,0,0,0,0,06-JUL-2020,
OPTSTK,MRF,24-Sep-2020,71500,PE,0,0,0,8913.25,6069.7,0,0,0,0,06-JUL-2020,
OPTSTK,MRF,24-Sep-2020,72000,PE,0,0,0,9262.55,6401.6,0,0,0,0,06-JUL-2020,
OPTSTK,MRF,24-Sep-2020,72500,PE,0,0,0,9617.6,6741.75,0,0,0,0,06-JUL-2020,
OPTSTK,MRF,24-Sep-2020,73000,PE,0,0,0,9978.2,7090,0,0,0,0,06-JUL-2020,
OPTSTK,MRF,24-Sep-2020,73500,PE,0,0,0,10344.25,7446.05,0,0,0,0,06-JUL-2020,
OPTSTK,MUTHOOTFIN,30-Jul-2020,540,CE,0,0,0,356.2,595.85,0,0,0,0,06-JUL-2020,
OPTSTK,MUTHOOTFIN,30-Jul-2020,560,CE,0,0,0,341.05,575.9,0,0,0,0,06-JUL-2020,
OPTSTK,MUTHOOTFIN,30-Jul-2020,580,CE,0,0,0,326.45,555.95,0,0,0,0,06-JUL-2020,
OPTSTK,MUTHOOTFIN,30-Jul-2020,600,CE,0,0,0,312.25,536,0,0,0,0,06-JUL-2020,
OPTSTK,MUTHOOTFIN,30-Jul-2020,620,CE,0,0,0,298.55,516.1,0,0,0,0,06-JUL-2020,
OPTSTK,MUTHOOTFIN,30-Jul-2020,640,CE,0,0,0,285.3,496.15,0,0,0,0,06-JUL-2020,
OPTSTK,MUTHOOTFIN,30-Jul-2020,660,CE,0,0,0,272.5,476.2,0,0,0,0,06-JUL-2020,
OPTSTK,MUTHOOTFIN,30-Jul-2020,680,CE,0,0,0,260.2,456.25,0,0,0,0,06-JUL-2020,
OPTSTK,MUTHOOTFIN,30-Jul-2020,700,CE,0,0,0,248.35,436.3,0,0,0,0,06-JUL-2020,
OPTSTK,MUTHOOTFIN,30-Jul-2020,720,CE,0,0,0,236.95,416.35,0,0,0,0,06-JUL-2020,
OPTSTK,MUTHOOTFIN,30-Jul-2020,740,CE,0,0,0,226,396.45,0,0,0,0,06-JUL-2020,
OPTSTK,MUTHOOTFIN,30-Jul-2020,760,CE,0,0,0,215.55,376.55,0,0,0,0,06-JUL-2020,
OPTSTK,MUTHOOTFIN,30-Jul-2020,780,CE,0,0,0,205.5,356.65,0,0,0,0,06-JUL-2020,
OPTSTK,MUTHOOTFIN,30-Jul-2020,800,CE,0,0,0,195.85,336.8,0,0,0,0,06-JUL-2020,
OPTSTK,MUTHOOTFIN,30-Jul-2020,820,CE,0,0,0,186.6,317,0,0,0,0,06-JUL-2020,
OPTSTK,MUTHOOTFIN,30-Jul-2020,840,CE,0,0,0,177.8,297.3,0,0,0,0,06-JUL-2020,
OPTSTK,MUTHOOTFIN,30-Jul-2020,860,CE,0,0,0,169.35,277.75,0,0,0,0,06-JUL-2020,
OPTSTK,MUTHOOTFIN,30-Jul-2020,880,CE,0,0,0,161.3,258.4,0,0,0,0,06-JUL-2020,
OPTSTK,MUTHOOTFIN,30-Jul-2020,900,CE,0,0,0,226,239.3,0,0,6000,0,06-JUL-2020,
OPTSTK,MUTHOOTFIN,30-Jul-2020,920,CE,0,0,0,146.2,220.55,0,0,0,0,06-JUL-2020,
OPTSTK,MUTHOOTFIN,30-Jul-2020,940,CE,0,0,0,139.2,202.2,0,0,0,0,06-JUL-2020,
OPTSTK,MUTHOOTFIN,30-Jul-2020,960,CE,0,0,0,245,184.35,0,0,750,0,06-JUL-2020,
OPTSTK,MUTHOOTFIN,30-Jul-2020,980,CE,167.9,167.9,167.9,167.9,167.1,1,8.6,1500,-750,06-JUL-2020,
OPTSTK,MUTHOOTFIN,30-Jul-2020,1000,CE,163,163,148.9,154.5,150.6,7,60.55,16500,3000,06-JUL-2020,
OPTSTK,MUTHOOTFIN,30-Jul-2020,1020,CE,0,0,0,114.55,134.9,0,0,750,0,06-JUL-2020,
OPTSTK,MUTHOOTFIN,30-Jul-2020,1040,CE,131.5,131.5,115.05,115.05,120,2,17.44,9000,750,06-JUL-2020,
OPTSTK,MUTHOOTFIN,30-Jul-2020,1060,CE,115,116,108.5,108.5,106.1,4,35.21,16500,3000,06-JUL-2020,
OPTSTK,MUTHOOTFIN,30-Jul-2020,1080,CE,101.85,101.85,85.2,85.2,93.2,2,17.6,19500,-1500,06-JUL-2020,
OPTSTK,MUTHOOTFIN,30-Jul-2020,1100,CE,95.8,95.8,72.7,77.1,77.1,79,699.22,101250,8250,06-JUL-2020,
OPTSTK,MUTHOOTFIN,30-Jul-2020,1120,CE,76.95,76.95,62.6,65.55,65.55,38,338.74,42000,6000,06-JUL-2020,
OPTSTK,MUTHOOTFIN,30-Jul-2020,1140,CE,72.5,72.5,52.55,56.7,56.7,167,1502,81750,14250,06-JUL-2020,
OPTSTK,MUTHOOTFIN,30-Jul-2020,1160,CE,63,63,44.85,48,48,266,2416.86,116250,14250,06-JUL-2020,
OPTSTK,MUTHOOTFIN,30-Jul-2020,1180,CE,53.35,53.35,38,40.65,40.65,117,1073.57,73500,10500,06-JUL-2020,
OPTSTK,MUTHOOTFIN,30-Jul-2020,1200,CE,44.9,45.1,32.05,34.1,34.1,711,6592.43,512250,81000,06-JUL-2020,
OPTSTK,MUTHOOTFIN,30-Jul-2020,1220,CE,33.95,34.5,26.9,28.2,28.2,67,628.04,39750,2250,06-JUL-2020,
OPTSTK,MUTHOOTFIN,30-Jul-2020,1240,CE,29,29,22,23.25,23.25,152,1440.44,180000,70500,06-JUL-2020,
OPTSTK,MUTHOOTFIN,30-Jul-2020,1260,CE,33.45,33.45,18.2,20,20,45,432.11,30750,8250,06-JUL-2020,
OPTSTK,MUTHOOTFIN,30-Jul-2020,1280,CE,17,17,16,16,17.6,4,38.89,9750,-3000,06-JUL-2020,
OPTSTK,MUTHOOTFIN,30-Jul-2020,1300,CE,16.5,17.25,12.35,13.75,13.75,275,2709.83,199500,-24750,06-JUL-2020,
OPTSTK,MUTHOOTFIN,30-Jul-2020,1320,CE,11.9,14.7,9.55,11,11.7,13,129.82,10500,-3000,06-JUL-2020,
OPTSTK,MUTHOOTFIN,30-Jul-2020,1340,CE,13,13,8,8.6,8.6,12,121.5,6750,750,06-JUL-2020,
OPTSTK,MUTHOOTFIN,30-Jul-2020,1360,CE,7.15,7.4,6,7,7.6,26,266.44,81000,6000,06-JUL-2020,
OPTSTK,MUTHOOTFIN,30-Jul-2020,1380,CE,6.8,7.25,5.65,6.45,6.45,46,478.29,53250,0,06-JUL-2020,
OPTSTK,MUTHOOTFIN,30-Jul-2020,540,PE,0,0,0,1,0.05,0,0,2250,0,06-JUL-2020,
OPTSTK,MUTHOOTFIN,30-Jul-2020,560,PE,0,0,0,31.25,0.05,0,0,0,0,06-JUL-2020,
OPTSTK,MUTHOOTFIN,30-Jul-2020,580,PE,0,0,0,36.4,0.05,0,0,0,0,06-JUL-2020,
OPTSTK,MUTHOOTFIN,30-Jul-2020,600,PE,0,0,0,41.95,0.05,0,0,0,0,06-JUL-2020,
OPTSTK,MUTHOOTFIN,30-Jul-2020,620,PE,0,0,0,48,0.05,0,0,0,0,06-JUL-2020,
OPTSTK,MUTHOOTFIN,30-Jul-2020,640,PE,0,0,0,54.5,0.05,0,0,0,0,06-JUL-2020,
OPTSTK,MUTHOOTFIN,30-Jul-2020,660,PE,0,0,0,61.45,0.05,0,0,0,0,06-JUL-2020,
OPTSTK,MUTHOOTFIN,30-Jul-2020,680,PE,0,0,0,8,0.05,0,0,3750,0,06-JUL-2020,
OPTSTK,MUTHOOTFIN,30-Jul-2020,700,PE,0,0,0,1.9,0.05,0,0,34500,0,06-JUL-2020,
OPTSTK,MUTHOOTFIN,30-Jul-2020,720,PE,0,0,0,13,0.05,0,0,5250,0,06-JUL-2020,
OPTSTK,MUTHOOTFIN,30-Jul-2020,740,PE,0,0,0,2.4,0.05,0,0,1500,0,06-JUL-2020,
OPTSTK,MUTHOOTFIN,30-Jul-2020,760,PE,0,0,0,103.2,0.05,0,0,0,0,06-JUL-2020,
OPTSTK,MUTHOOTFIN,30-Jul-2020,780,PE,0,0,0,112.9,0.1,0,0,0,0,06-JUL-2020,
OPTSTK,MUTHOOTFIN,30-Jul-2020,800,PE,0.55,0.85,0.5,0.65,0.65,31,186.15,144750,-5250,06-JUL-2020,
OPTSTK,MUTHOOTFIN,30-Jul-2020,820,PE,0,0,0,133.55,0.35,0,0,0,0,06-JUL-2020,
OPTSTK,MUTHOOTFIN,30-Jul-2020,840,PE,0,0,0,28.65,0.6,0,0,1500,0,06-JUL-2020,
OPTSTK,MUTHOOTFIN,30-Jul-2020,860,PE,0,0,0,155.75,1,0,0,0,0,06-JUL-2020,
OPTSTK,MUTHOOTFIN,30-Jul-2020,880,PE,0,0,0,1.5,1.6,0,0,5250,0,06-JUL-2020,
OPTSTK,MUTHOOTFIN,30-Jul-2020,900,PE,2.55,3,2.35,2.7,2.7,26,176.01,165750,5250,06-JUL-2020,
OPTSTK,MUTHOOTFIN,30-Jul-2020,920,PE,0,0,0,6.55,3.6,0,0,3750,0,06-JUL-2020,
OPTSTK,MUTHOOTFIN,30-Jul-2020,940,PE,4.5,5.45,4.1,4.5,4.5,21,148.78,28500,-750,06-JUL-2020,
OPTSTK,MUTHOOTFIN,30-Jul-2020,960,PE,0,0,0,8,7.3,0,0,2250,0,06-JUL-2020,
OPTSTK,MUTHOOTFIN,30-Jul-2020,980,PE,8,8.75,7.7,8.6,8.6,10,74.11,19500,0,06-JUL-2020,
OPTSTK,MUTHOOTFIN,30-Jul-2020,1000,PE,11.2,12.35,4.1,11.6,11.6,100,758.33,171000,750,06-JUL-2020,
OPTSTK,MUTHOOTFIN,30-Jul-2020,1020,PE,12.55,16,12.55,15.1,15.1,10,77.6,60750,1500,06-JUL-2020,
OPTSTK,MUTHOOTFIN,30-Jul-2020,1040,PE,17.8,21.5,16.4,19.65,19.65,45,357.56,73500,18000,06-JUL-2020,
OPTSTK,MUTHOOTFIN,30-Jul-2020,1060,PE,22.6,28.65,22,25.8,25.8,37,301.2,50250,4500,06-JUL-2020,
OPTSTK,MUTHOOTFIN,30-Jul-2020,1080,PE,29,36.45,29,32.2,32.2,26,216.88,39750,1500,06-JUL-2020,
OPTSTK,MUTHOOTFIN,30-Jul-2020,1100,PE,32.75,43.75,32.75,40.4,40.4,198,1692.45,132000,11250,06-JUL-2020,
OPTSTK,MUTHOOTFIN,30-Jul-2020,1120,PE,42.8,53.95,42.8,49.5,49.5,58,508.48,31500,3750,06-JUL-2020,
OPTSTK,MUTHOOTFIN,30-Jul-2020,1140,PE,52,64.05,51.75,59.9,59.9,87,781.99,33750,10500,06-JUL-2020,
OPTSTK,MUTHOOTFIN,30-Jul-2020,1160,PE,62.9,74.6,61,71.3,71.3,22,202.56,24750,3750,06-JUL-2020,
OPTSTK,MUTHOOTFIN,30-Jul-2020,1180,PE,81.25,81.25,81.25,81.25,86.35,1,9.45,9750,750,06-JUL-2020,
OPTSTK,MUTHOOTFIN,30-Jul-2020,1200,PE,98,99.55,98,99.55,99.45,6,58.42,22500,1500,06-JUL-2020,
OPTSTK,MUTHOOTFIN,30-Jul-2020,1220,PE,0,0,0,157.55,113.35,0,0,750,0,06-JUL-2020,
OPTSTK,MUTHOOTFIN,30-Jul-2020,1240,PE,0,0,0,178.25,128.1,0,0,750,0,06-JUL-2020,
OPTSTK,MUTHOOTFIN,30-Jul-2020,1260,PE,0,0,0,131.9,143.55,0,0,0,0,06-JUL-2020,
OPTSTK,MUTHOOTFIN,30-Jul-2020,1280,PE,0,0,0,172.9,159.7,0,0,750,0,06-JUL-2020,
OPTSTK,MUTHOOTFIN,30-Jul-2020,1300,PE,0,0,0,359.6,176.4,0,0,0,0,06-JUL-2020,
OPTSTK,MUTHOOTFIN,30-Jul-2020,1320,PE,0,0,0,353.45,193.65,0,0,0,0,06-JUL-2020,
OPTSTK,MUTHOOTFIN,30-Jul-2020,1340,PE,0,0,0,212.9,211.35,0,0,1500,0,06-JUL-2020,
OPTSTK,MUTHOOTFIN,30-Jul-2020,1360,PE,0,0,0,230,229.45,0,0,1500,0,06-JUL-2020,
OPTSTK,MUTHOOTFIN,30-Jul-2020,1380,PE,0,0,0,234.85,247.85,0,0,0,0,06-JUL-2020,
OPTSTK,MUTHOOTFIN,27-Aug-2020,540,CE,0,0,0,332.35,597.6,0,0,0,0,06-JUL-2020,
OPTSTK,MUTHOOTFIN,27-Aug-2020,560,CE,0,0,0,315.7,577.75,0,0,0,0,06-JUL-2020,
OPTSTK,MUTHOOTFIN,27-Aug-2020,580,CE,0,0,0,299.55,557.85,0,0,0,0,06-JUL-2020,
OPTSTK,MUTHOOTFIN,27-Aug-2020,600,CE,0,0,0,283.9,538,0,0,0,0,06-JUL-2020,
OPTSTK,MUTHOOTFIN,27-Aug-2020,620,CE,0,0,0,268.75,518.15,0,0,0,0,06-JUL-2020,
OPTSTK,MUTHOOTFIN,27-Aug-2020,640,CE,0,0,0,254.15,498.3,0,0,0,0,06-JUL-2020,
OPTSTK,MUTHOOTFIN,27-Aug-2020,660,CE,0,0,0,240.05,478.5,0,0,0,0,06-JUL-2020,
OPTSTK,MUTHOOTFIN,27-Aug-2020,680,CE,0,0,0,226.5,458.75,0,0,0,0,06-JUL-2020,
OPTSTK,MUTHOOTFIN,27-Aug-2020,700,CE,0,0,0,213.55,439,0,0,0,0,06-JUL-2020,
OPTSTK,MUTHOOTFIN,27-Aug-2020,720,CE,0,0,0,201.1,419.4,0,0,0,0,06-JUL-2020,
OPTSTK,MUTHOOTFIN,27-Aug-2020,740,CE,0,0,0,189.25,399.85,0,0,0,0,06-JUL-2020,
OPTSTK,MUTHOOTFIN,27-Aug-2020,760,CE,0,0,0,177.9,380.4,0,0,0,0,06-JUL-2020,
OPTSTK,MUTHOOTFIN,27-Aug-2020,780,CE,0,0,0,167.15,361.2,0,0,0,0,06-JUL-2020,
OPTSTK,MUTHOOTFIN,27-Aug-2020,800,CE,0,0,0,156.9,342.15,0,0,0,0,06-JUL-2020,
OPTSTK,MUTHOOTFIN,27-Aug-2020,820,CE,0,0,0,147.2,323.35,0,0,0,0,06-JUL-2020,
OPTSTK,MUTHOOTFIN,27-Aug-2020,840,CE,0,0,0,138,304.85,0,0,0,0,06-JUL-2020,
OPTSTK,MUTHOOTFIN,27-Aug-2020,860,CE,0,0,0,129.3,286.65,0,0,0,0,06-JUL-2020,
OPTSTK,MUTHOOTFIN,27-Aug-2020,880,CE,0,0,0,121.05,268.9,0,0,0,0,06-JUL-2020,
OPTSTK,MUTHOOTFIN,27-Aug-2020,900,CE,0,0,0,113.25,251.55,0,0,0,0,06-JUL-2020,
OPTSTK,MUTHOOTFIN,27-Aug-2020,920,CE,0,0,0,105.95,234.7,0,0,0,0,06-JUL-2020,
OPTSTK,MUTHOOTFIN,27-Aug-2020,940,CE,0,0,0,99,218.4,0,0,0,0,06-JUL-2020,
OPTSTK,MUTHOOTFIN,27-Aug-2020,960,CE,0,0,0,92.5,202.7,0,0,0,0,06-JUL-2020,
OPTSTK,MUTHOOTFIN,27-Aug-2020,980,CE,0,0,0,86.4,187.55,0,0,0,0,06-JUL-2020,
OPTSTK,MUTHOOTFIN,27-Aug-2020,1000,CE,0,0,0,80.65,173.1,0,0,0,0,06-JUL-2020,
OPTSTK,MUTHOOTFIN,27-Aug-2020,1020,CE,0,0,0,75.3,159.3,0,0,0,0,06-JUL-2020,
OPTSTK,MUTHOOTFIN,27-Aug-2020,1040,CE,0,0,0,70.25,146.2,0,0,0,0,06-JUL-2020,
OPTSTK,MUTHOOTFIN,27-Aug-2020,1060,CE,0,0,0,140,133.85,0,0,0,0,06-JUL-2020,
OPTSTK,MUTHOOTFIN,27-Aug-2020,1080,CE,0,0,0,61.1,122.15,0,0,0,0,06-JUL-2020,
OPTSTK,MUTHOOTFIN,27-Aug-2020,1100,CE,103,104.7,103,104.7,111.2,2,18.05,750,750,06-JUL-2020,
OPTSTK,MUTHOOTFIN,27-Aug-2020,1120,CE,0,0,0,53.1,100.95,0,0,0,0,06-JUL-2020,
OPTSTK,MUTHOOTFIN,27-Aug-2020,1140,CE,0,0,0,49.45,91.45,0,0,0,0,06-JUL-2020,
OPTSTK,MUTHOOTFIN,27-Aug-2020,1160,CE,0,0,0,46.1,82.6,0,0,0,0,06-JUL-2020,
OPTSTK,MUTHOOTFIN,27-Aug-2020,1180,CE,0,0,0,70.05,74.4,0,0,750,0,06-JUL-2020,
OPTSTK,MUTHOOTFIN,27-Aug-2020,1200,CE,61.75,61.75,61.75,61.75,66.9,2,18.92,1500,0,06-JUL-2020,
OPTSTK,MUTHOOTFIN,27-Aug-2020,1220,CE,0,0,0,37.2,59.95,0,0,0,0,06-JUL-2020,
OPTSTK,MUTHOOTFIN,27-Aug-2020,1240,CE,0,0,0,34.3,53.65,0,0,0,0,06-JUL-2020,
OPTSTK,MUTHOOTFIN,27-Aug-2020,1260,CE,0,0,0,26.25,47.9,0,0,0,0,06-JUL-2020,
OPTSTK,MUTHOOTFIN,27-Aug-2020,1280,CE,0,0,0,34,42.65,0,0,750,0,06-JUL-2020,
OPTSTK,MUTHOOTFIN,27-Aug-2020,1300,CE,0,0,0,25.45,37.9,0,0,0,0,06-JUL-2020,
OPTSTK,MUTHOOTFIN,27-Aug-2020,1320,CE,0,0,0,27.75,33.6,0,0,0,0,06-JUL-2020,
OPTSTK,MUTHOOTFIN,27-Aug-2020,1340,CE,0,0,0,28,29.7,0,0,750,0,06-JUL-2020,
OPTSTK,MUTHOOTFIN,27-Aug-2020,1360,CE,0,0,0,72.25,26.25,0,0,1500,0,06-JUL-2020,
OPTSTK,MUTHOOTFIN,27-Aug-2020,1380,CE,0,0,0,65.3,23.15,0,0,0,0,06-JUL-2020,
OPTSTK,MUTHOOTFIN,27-Aug-2020,540,PE,0,0,0,13.1,0.05,0,0,0,0,06-JUL-2020,
OPTSTK,MUTHOOTFIN,27-Aug-2020,560,PE,0,0,0,16.2,0.05,0,0,0,0,06-JUL-2020,
OPTSTK,MUTHOOTFIN,27-Aug-2020,580,PE,0,0,0,19.8,0.05,0,0,0,0,06-JUL-2020,
OPTSTK,MUTHOOTFIN,27-Aug-2020,600,PE,0,0,0,23.9,0.05,0,0,0,0,06-JUL-2020,
OPTSTK,MUTHOOTFIN,27-Aug-2020,620,PE,0,0,0,28.5,0.05,0,0,0,0,06-JUL-2020,
OPTSTK,MUTHOOTFIN,27-Aug-2020,640,PE,0,0,0,33.65,0.1,0,0,0,0,06-JUL-2020,
OPTSTK,MUTHOOTFIN,27-Aug-2020,660,PE,0,0,0,39.35,0.15,0,0,0,0,06-JUL-2020,
OPTSTK,MUTHOOTFIN,27-Aug-2020,680,PE,0,0,0,45.55,0.3,0,0,0,0,06-JUL-2020,
OPTSTK,MUTHOOTFIN,27-Aug-2020,700,PE,0,0,0,52.35,0.45,0,0,0,0,06-JUL-2020,
OPTSTK,MUTHOOTFIN,27-Aug-2020,720,PE,0,0,0,59.7,0.7,0,0,0,0,06-JUL-2020,
OPTSTK,MUTHOOTFIN,27-Aug-2020,740,PE,0,0,0,67.55,1,0,0,0,0,06-JUL-2020,
OPTSTK,MUTHOOTFIN,27-Aug-2020,760,PE,0,0,0,76,1.5,0,0,0,0,06-JUL-2020,
OPTSTK,MUTHOOTFIN,27-Aug-2020,780,PE,0,0,0,85,2.1,0,0,0,0,06-JUL-2020,
OPTSTK,MUTHOOTFIN,27-Aug-2020,800,PE,0,0,0,94.5,2.95,0,0,0,0,06-JUL-2020,
OPTSTK,MUTHOOTFIN,27-Aug-2020,820,PE,0,0,0,104.55,4.05,0,0,0,0,06-JUL-2020,
OPTSTK,MUTHOOTFIN,27-Aug-2020,840,PE,0,0,0,115.1,5.4,0,0,0,0,06-JUL-2020,
OPTSTK,MUTHOOTFIN,27-Aug-2020,860,PE,0,0,0,126.15,7.15,0,0,0,0,06-JUL-2020,
OPTSTK,MUTHOOTFIN,27-Aug-2020,880,PE,0,0,0,137.65,9.25,0,0,0,0,06-JUL-2020,
OPTSTK,MUTHOOTFIN,27-Aug-2020,900,PE,15,15,15,15,11.8,1,6.86,4500,750,06-JUL-2020,
OPTSTK,MUTHOOTFIN,27-Aug-2020,920,PE,0,0,0,162.05,14.8,0,0,0,0,06-JUL-2020,
OPTSTK,MUTHOOTFIN,27-Aug-2020,940,PE,0,0,0,20,18.4,0,0,750,0,06-JUL-2020,
OPTSTK,MUTHOOTFIN,27-Aug-2020,960,PE,0,0,0,188.15,22.55,0,0,0,0,06-JUL-2020,
OPTSTK,MUTHOOTFIN,27-Aug-2020,980,PE,0,0,0,201.8,27.3,0,0,0,0,06-JUL-2020,
OPTSTK,MUTHOOTFIN,27-Aug-2020,1000,PE,27,27,27,27,27,1,7.7,750,750,06-JUL-2020,
OPTSTK,MUTHOOTFIN,27-Aug-2020,1020,PE,0,0,0,80.5,38.8,0,0,750,0,06-JUL-2020,
OPTSTK,MUTHOOTFIN,27-Aug-2020,1040,PE,0,0,0,244.95,45.6,0,0,0,0,06-JUL-2020,
OPTSTK,MUTHOOTFIN,27-Aug-2020,1060,PE,0,0,0,105.05,53.1,0,0,750,0,06-JUL-2020,
OPTSTK,MUTHOOTFIN,27-Aug-2020,1080,PE,0,0,0,275.3,61.3,0,0,0,0,06-JUL-2020,
OPTSTK,MUTHOOTFIN,27-Aug-2020,1100,PE,68,68,68,68,70.2,1,8.76,750,750,06-JUL-2020,
OPTSTK,MUTHOOTFIN,27-Aug-2020,1120,PE,0,0,0,306.8,79.85,0,0,0,0,06-JUL-2020,
OPTSTK,MUTHOOTFIN,27-Aug-2020,1140,PE,0,0,0,322.95,90.2,0,0,0,0,06-JUL-2020,
OPTSTK,MUTHOOTFIN,27-Aug-2020,1160,PE,0,0,0,339.3,101.25,0,0,0,0,06-JUL-2020,
OPTSTK,MUTHOOTFIN,27-Aug-2020,1180,PE,0,0,0,355.9,112.95,0,0,0,0,06-JUL-2020,
OPTSTK,MUTHOOTFIN,27-Aug-2020,1200,PE,0,0,0,372.65,125.3,0,0,0,0,06-JUL-2020,
OPTSTK,MUTHOOTFIN,27-Aug-2020,1220,PE,0,0,0,389.65,138.25,0,0,0,0,06-JUL-2020,
OPTSTK,MUTHOOTFIN,27-Aug-2020,1240,PE,0,0,0,374.55,151.8,0,0,0,0,06-JUL-2020,
OPTSTK,MUTHOOTFIN,27-Aug-2020,1260,PE,0,0,0,370.75,165.9,0,0,0,0,06-JUL-2020,
OPTSTK,MUTHOOTFIN,27-Aug-2020,1280,PE,0,0,0,370.2,180.55,0,0,0,0,06-JUL-2020,
OPTSTK,MUTHOOTFIN,27-Aug-2020,1300,PE,0,0,0,368.4,195.7,0,0,0,0,06-JUL-2020,
OPTSTK,MUTHOOTFIN,27-Aug-2020,1320,PE,0,0,0,363.25,211.25,0,0,0,0,06-JUL-2020,
OPTSTK,MUTHOOTFIN,27-Aug-2020,1340,PE,0,0,0,380.65,227.3,0,0,0,0,06-JUL-2020,
OPTSTK,MUTHOOTFIN,27-Aug-2020,1360,PE,0,0,0,371.95,243.7,0,0,0,0,06-JUL-2020,
OPTSTK,MUTHOOTFIN,27-Aug-2020,1380,PE,0,0,0,256.95,260.45,0,0,0,0,06-JUL-2020,
OPTSTK,MUTHOOTFIN,24-Sep-2020,700,CE,0,0,0,423.45,442.85,0,0,0,0,06-JUL-2020,
OPTSTK,MUTHOOTFIN,24-Sep-2020,720,CE,0,0,0,405.95,423.75,0,0,0,0,06-JUL-2020,
OPTSTK,MUTHOOTFIN,24-Sep-2020,740,CE,0,0,0,388.85,404.85,0,0,0,0,06-JUL-2020,
OPTSTK,MUTHOOTFIN,24-Sep-2020,760,CE,0,0,0,372.05,386.2,0,0,0,0,06-JUL-2020,
OPTSTK,MUTHOOTFIN,24-Sep-2020,780,CE,0,0,0,355.65,367.8,0,0,0,0,06-JUL-2020,
OPTSTK,MUTHOOTFIN,24-Sep-2020,800,CE,0,0,0,339.65,349.7,0,0,0,0,06-JUL-2020,
OPTSTK,MUTHOOTFIN,24-Sep-2020,820,CE,0,0,0,324.1,331.95,0,0,0,0,06-JUL-2020,
OPTSTK,MUTHOOTFIN,24-Sep-2020,840,CE,0,0,0,308.95,314.55,0,0,0,0,06-JUL-2020,
OPTSTK,MUTHOOTFIN,24-Sep-2020,860,CE,0,0,0,294.25,297.55,0,0,0,0,06-JUL-2020,
OPTSTK,MUTHOOTFIN,24-Sep-2020,880,CE,0,0,0,280,281,0,0,0,0,06-JUL-2020,
OPTSTK,MUTHOOTFIN,24-Sep-2020,900,CE,0,0,0,266.2,264.9,0,0,0,0,06-JUL-2020,
OPTSTK,MUTHOOTFIN,24-Sep-2020,920,CE,0,0,0,252.85,249.35,0,0,0,0,06-JUL-2020,
OPTSTK,MUTHOOTFIN,24-Sep-2020,940,CE,0,0,0,240,234.25,0,0,0,0,06-JUL-2020,
OPTSTK,MUTHOOTFIN,24-Sep-2020,960,CE,0,0,0,227.6,219.7,0,0,0,0,06-JUL-2020,
OPTSTK,MUTHOOTFIN,24-Sep-2020,980,CE,0,0,0,215.7,205.75,0,0,0,0,06-JUL-2020,
OPTSTK,MUTHOOTFIN,24-Sep-2020,1000,CE,0,0,0,204.25,192.35,0,0,0,0,06-JUL-2020,
OPTSTK,MUTHOOTFIN,24-Sep-2020,1020,CE,0,0,0,193.25,179.5,0,0,0,0,06-JUL-2020,
OPTSTK,MUTHOOTFIN,24-Sep-2020,1040,CE,0,0,0,182.75,167.3,0,0,0,0,06-JUL-2020,
OPTSTK,MUTHOOTFIN,24-Sep-2020,1060,CE,0,0,0,172.7,155.6,0,0,0,0,06-JUL-2020,
OPTSTK,MUTHOOTFIN,24-Sep-2020,1080,CE,0,0,0,163.1,144.55,0,0,0,0,06-JUL-2020,
OPTSTK,MUTHOOTFIN,24-Sep-2020,1100,CE,0,0,0,153.95,134.1,0,0,0,0,06-JUL-2020,
OPTSTK,MUTHOOTFIN,24-Sep-2020,1120,CE,0,0,0,145.2,124.2,0,0,0,0,06-JUL-2020,
OPTSTK,MUTHOOTFIN,24-Sep-2020,1140,CE,0,0,0,136.9,114.85,0,0,0,0,06-JUL-2020,
OPTSTK,MUTHOOTFIN,24-Sep-2020,1160,CE,0,0,0,128.95,106.05,0,0,0,0,06-JUL-2020,
OPTSTK,MUTHOOTFIN,24-Sep-2020,1180,CE,0,0,0,121.45,97.8,0,0,0,0,06-JUL-2020,
OPTSTK,MUTHOOTFIN,24-Sep-2020,1200,CE,0,0,0,114.3,90.05,0,0,0,0,06-JUL-2020,
OPTSTK,MUTHOOTFIN,24-Sep-2020,1220,CE,0,0,0,107.5,82.85,0,0,0,0,06-JUL-2020,
OPTSTK,MUTHOOTFIN,24-Sep-2020,1240,CE,0,0,0,101.1,76.1,0,0,0,0,06-JUL-2020,
OPTSTK,MUTHOOTFIN,24-Sep-2020,1260,CE,0,0,0,95,69.85,0,0,0,0,06-JUL-2020,
OPTSTK,MUTHOOTFIN,24-Sep-2020,1280,CE,0,0,0,89.25,64,0,0,0,0,06-JUL-2020,
OPTSTK,MUTHOOTFIN,24-Sep-2020,1300,CE,0,0,0,83.8,58.6,0,0,0,0,06-JUL-2020,
OPTSTK,MUTHOOTFIN,24-Sep-2020,1320,CE,0,0,0,78.7,53.55,0,0,0,0,06-JUL-2020,
OPTSTK,MUTHOOTFIN,24-Sep-2020,1340,CE,0,0,0,73.85,48.9,0,0,0,0,06-JUL-2020,
OPTSTK,MUTHOOTFIN,24-Sep-2020,1360,CE,0,0,0,69.3,44.65,0,0,0,0,06-JUL-2020,
OPTSTK,MUTHOOTFIN,24-Sep-2020,1380,CE,0,0,0,65,40.7,0,0,0,0,06-JUL-2020,
OPTSTK,MUTHOOTFIN,24-Sep-2020,700,PE,0,0,0,10.5,2,0,0,0,0,06-JUL-2020,
OPTSTK,MUTHOOTFIN,24-Sep-2020,720,PE,0,0,0,12.8,2.75,0,0,0,0,06-JUL-2020,
OPTSTK,MUTHOOTFIN,24-Sep-2020,740,PE,0,0,0,15.45,3.65,0,0,0,0,06-JUL-2020,
OPTSTK,MUTHOOTFIN,24-Sep-2020,760,PE,0,0,0,18.45,4.8,0,0,0,0,06-JUL-2020,
OPTSTK,MUTHOOTFIN,24-Sep-2020,780,PE,0,0,0,21.8,6.25,0,0,0,0,06-JUL-2020,
OPTSTK,MUTHOOTFIN,24-Sep-2020,800,PE,0,0,0,25.6,7.95,0,0,0,0,06-JUL-2020,
OPTSTK,MUTHOOTFIN,24-Sep-2020,820,PE,0,0,0,29.8,10,0,0,0,0,06-JUL-2020,
OPTSTK,MUTHOOTFIN,24-Sep-2020,840,PE,0,0,0,34.4,12.4,0,0,0,0,06-JUL-2020,
OPTSTK,MUTHOOTFIN,24-Sep-2020,860,PE,0,0,0,39.5,15.25,0,0,0,0,06-JUL-2020,
OPTSTK,MUTHOOTFIN,24-Sep-2020,880,PE,0,0,0,45,18.5,0,0,0,0,06-JUL-2020,
OPTSTK,MUTHOOTFIN,24-Sep-2020,900,PE,0,0,0,50.95,22.25,0,0,0,0,06-JUL-2020,
OPTSTK,MUTHOOTFIN,24-Sep-2020,920,PE,0,0,0,57.4,26.45,0,0,0,0,06-JUL-2020,
OPTSTK,MUTHOOTFIN,24-Sep-2020,940,PE,0,0,0,64.3,31.2,0,0,0,0,06-JUL-2020,
OPTSTK,MUTHOOTFIN,24-Sep-2020,960,PE,0,0,0,71.65,36.45,0,0,0,0,06-JUL-2020,
OPTSTK,MUTHOOTFIN,24-Sep-2020,980,PE,0,0,0,79.5,42.3,0,0,0,0,06-JUL-2020,
OPTSTK,MUTHOOTFIN,24-Sep-2020,1000,PE,0,0,0,87.85,48.7,0,0,0,0,06-JUL-2020,
OPTSTK,MUTHOOTFIN,24-Sep-2020,1020,PE,0,0,0,96.65,55.7,0,0,0,0,06-JUL-2020,
OPTSTK,MUTHOOTFIN,24-Sep-2020,1040,PE,0,0,0,105.9,63.3,0,0,0,0,06-JUL-2020,
OPTSTK,MUTHOOTFIN,24-Sep-2020,1060,PE,0,0,0,115.6,71.45,0,0,0,0,06-JUL-2020,
OPTSTK,MUTHOOTFIN,24-Sep-2020,1080,PE,0,0,0,125.8,80.2,0,0,0,0,06-JUL-2020,
OPTSTK,MUTHOOTFIN,24-Sep-2020,1100,PE,0,0,0,136.4,89.55,0,0,0,0,06-JUL-2020,
OPTSTK,MUTHOOTFIN,24-Sep-2020,1120,PE,0,0,0,147.4,99.45,0,0,0,0,06-JUL-2020,
OPTSTK,MUTHOOTFIN,24-Sep-2020,1140,PE,0,0,0,158.85,109.9,0,0,0,0,06-JUL-2020,
OPTSTK,MUTHOOTFIN,24-Sep-2020,1160,PE,0,0,0,170.7,120.95,0,0,0,0,06-JUL-2020,
OPTSTK,MUTHOOTFIN,24-Sep-2020,1180,PE,0,0,0,182.95,132.5,0,0,0,0,06-JUL-2020,
OPTSTK,MUTHOOTFIN,24-Sep-2020,1200,PE,0,0,0,195.55,144.6,0,0,0,0,06-JUL-2020,
OPTSTK,MUTHOOTFIN,24-Sep-2020,1220,PE,0,0,0,208.55,157.2,0,0,0,0,06-JUL-2020,
OPTSTK,MUTHOOTFIN,24-Sep-2020,1240,PE,0,0,0,221.9,170.25,0,0,0,0,06-JUL-2020,
OPTSTK,MUTHOOTFIN,24-Sep-2020,1260,PE,0,0,0,235.6,183.8,0,0,0,0,06-JUL-2020,
OPTSTK,MUTHOOTFIN,24-Sep-2020,1280,PE,0,0,0,249.6,197.75,0,0,0,0,06-JUL-2020,
OPTSTK,MUTHOOTFIN,24-Sep-2020,1300,PE,0,0,0,263.9,212.15,0,0,0,0,06-JUL-2020,
OPTSTK,MUTHOOTFIN,24-Sep-2020,1320,PE,0,0,0,278.6,226.95,0,0,0,0,06-JUL-2020,
OPTSTK,MUTHOOTFIN,24-Sep-2020,1340,PE,0,0,0,293.5,242.15,0,0,0,0,06-JUL-2020,
OPTSTK,MUTHOOTFIN,24-Sep-2020,1360,PE,0,0,0,308.7,257.65,0,0,0,0,06-JUL-2020,
OPTSTK,MUTHOOTFIN,24-Sep-2020,1380,PE,0,0,0,324.2,273.55,0,0,0,0,06-JUL-2020,
OPTSTK,NATIONALUM,30-Jul-2020,18,CE,0,0,0,14.2,15.4,0,0,0,0,06-JUL-2020,
OPTSTK,NATIONALUM,30-Jul-2020,19,CE,0,0,0,13.3,14.4,0,0,0,0,06-JUL-2020,
OPTSTK,NATIONALUM,30-Jul-2020,20,CE,0,0,0,12.4,13.4,0,0,0,0,06-JUL-2020,
OPTSTK,NATIONALUM,30-Jul-2020,21,CE,0,0,0,11.55,12.4,0,0,0,0,06-JUL-2020,
OPTSTK,NATIONALUM,30-Jul-2020,22,CE,0,0,0,10.7,11.4,0,0,0,0,06-JUL-2020,
OPTSTK,NATIONALUM,30-Jul-2020,23,CE,0,0,0,9.95,10.4,0,0,0,0,06-JUL-2020,
OPTSTK,NATIONALUM,30-Jul-2020,24,CE,0,0,0,9.15,9.4,0,0,0,0,06-JUL-2020,
OPTSTK,NATIONALUM,30-Jul-2020,25,CE,0,0,0,8.45,8.45,0,0,0,0,06-JUL-2020,
OPTSTK,NATIONALUM,30-Jul-2020,26,CE,0,0,0,7.75,7.45,0,0,0,0,06-JUL-2020,
OPTSTK,NATIONALUM,30-Jul-2020,27,CE,0,0,0,7.1,6.5,0,0,0,0,06-JUL-2020,
OPTSTK,NATIONALUM,30-Jul-2020,28,CE,0,0,0,5.2,5.55,0,0,34000,0,06-JUL-2020,
OPTSTK,NATIONALUM,30-Jul-2020,29,CE,0,0,0,3.85,4.65,0,0,51000,0,06-JUL-2020,
OPTSTK,NATIONALUM,30-Jul-2020,30,CE,3.3,3.95,3.3,3.95,3.95,7,40.17,340000,-17000,06-JUL-2020,
OPTSTK,NATIONALUM,30-Jul-2020,31,CE,2.85,3.55,2.75,3.55,3.55,14,80.94,221000,-51000,06-JUL-2020,
OPTSTK,NATIONALUM,30-Jul-2020,32,CE,2.15,2.8,2.1,2.75,2.75,30,175.87,646000,-51000,06-JUL-2020,
OPTSTK,NATIONALUM,30-Jul-2020,33,CE,1.65,2.25,1.6,2.2,2.2,44,261.46,1122000,-170000,06-JUL-2020,
OPTSTK,NATIONALUM,30-Jul-2020,34,CE,1.3,1.9,1.2,1.75,1.75,37,224.04,1394000,-119000,06-JUL-2020,
OPTSTK,NATIONALUM,30-Jul-2020,35,CE,0.95,1.5,0.95,1.45,1.45,415,2564.57,6511000,1717000,06-JUL-2020,
OPTSTK,NATIONALUM,30-Jul-2020,36,CE,0.8,1.15,0.75,1.1,1.1,33,207.42,1241000,-17000,06-JUL-2020,
OPTSTK,NATIONALUM,30-Jul-2020,37,CE,0.6,0.9,0.6,0.85,0.85,26,166.97,663000,-68000,06-JUL-2020,
OPTSTK,NATIONALUM,30-Jul-2020,38,CE,0.45,0.7,0.45,0.7,0.7,46,301.48,1173000,-17000,06-JUL-2020,
OPTSTK,NATIONALUM,30-Jul-2020,39,CE,0.4,0.45,0.4,0.4,0.2,6,40.2,204000,51000,06-JUL-2020,
OPTSTK,NATIONALUM,30-Jul-2020,40,CE,0.3,0.4,0.25,0.4,0.4,121,830.08,5491000,-153000,06-JUL-2020,
OPTSTK,NATIONALUM,30-Jul-2020,41,CE,0.2,0.3,0.2,0.3,0.3,3,21.03,85000,17000,06-JUL-2020,
OPTSTK,NATIONALUM,30-Jul-2020,42,CE,0.2,0.2,0.2,0.2,0.05,1,7.17,493000,17000,06-JUL-2020,
OPTSTK,NATIONALUM,30-Jul-2020,43,CE,0.15,0.2,0.15,0.15,0.05,13,95.37,1530000,0,06-JUL-2020,
OPTSTK,NATIONALUM,30-Jul-2020,18,PE,0,0,0,0.05,0.05,0,0,17000,0,06-JUL-2020,
OPTSTK,NATIONALUM,30-Jul-2020,19,PE,0,0,0,0.25,0.05,0,0,0,0,06-JUL-2020,
OPTSTK,NATIONALUM,30-Jul-2020,20,PE,0,0,0,0.15,0.05,0,0,17000,0,06-JUL-2020,
OPTSTK,NATIONALUM,30-Jul-2020,21,PE,0,0,0,0.5,0.05,0,0,0,0,06-JUL-2020,
OPTSTK,NATIONALUM,30-Jul-2020,22,PE,0,0,0,0.05,0.05,0,0,34000,0,06-JUL-2020,
OPTSTK,NATIONALUM,30-Jul-2020,23,PE,0.05,0.05,0.05,0.05,0.05,2,7.83,102000,34000,06-JUL-2020,
OPTSTK,NATIONALUM,30-Jul-2020,24,PE,0,0,0,1.05,0.05,0,0,0,0,06-JUL-2020,
OPTSTK,NATIONALUM,30-Jul-2020,25,PE,0.05,0.05,0.05,0.05,0.05,2,8.51,442000,0,06-JUL-2020,
OPTSTK,NATIONALUM,30-Jul-2020,26,PE,0.1,0.1,0.1,0.1,0.05,2,8.87,510000,0,06-JUL-2020,
OPTSTK,NATIONALUM,30-Jul-2020,27,PE,0.2,0.2,0.15,0.2,0.2,15,69.31,374000,-136000,06-JUL-2020,
OPTSTK,NATIONALUM,30-Jul-2020,28,PE,0.35,0.35,0.25,0.25,0.25,17,81.68,765000,-68000,06-JUL-2020,
OPTSTK,NATIONALUM,30-Jul-2020,29,PE,0.5,0.55,0.35,0.35,0.35,14,70.07,748000,85000,06-JUL-2020,
OPTSTK,NATIONALUM,30-Jul-2020,30,PE,0.75,0.8,0.55,0.6,0.6,60,312.62,2805000,153000,06-JUL-2020,
OPTSTK,NATIONALUM,30-Jul-2020,31,PE,1.1,1.1,0.85,0.85,0.85,28,151.78,850000,0,06-JUL-2020,
OPTSTK,NATIONALUM,30-Jul-2020,32,PE,1.5,1.5,1.2,1.25,1.25,30,169.75,969000,102000,06-JUL-2020,
OPTSTK,NATIONALUM,30-Jul-2020,33,PE,2.05,2.05,1.6,1.7,1.7,8,47.26,425000,0,06-JUL-2020,
OPTSTK,NATIONALUM,30-Jul-2020,34,PE,2.45,2.45,2.45,2.45,1.9,1,6.19,221000,0,06-JUL-2020,
OPTSTK,NATIONALUM,30-Jul-2020,35,PE,2.95,3.05,2.95,3,2.5,5,32.3,340000,-17000,06-JUL-2020,
OPTSTK,NATIONALUM,30-Jul-2020,36,PE,3.7,3.9,3.6,3.8,3.25,4,27.03,136000,0,06-JUL-2020,
OPTSTK,NATIONALUM,30-Jul-2020,37,PE,0,0,0,4.7,4,0,0,68000,0,06-JUL-2020,
OPTSTK,NATIONALUM,30-Jul-2020,38,PE,0,0,0,6.55,4.85,0,0,34000,0,06-JUL-2020,
OPTSTK,NATIONALUM,30-Jul-2020,39,PE,0,0,0,8.9,5.75,0,0,0,0,06-JUL-2020,
OPTSTK,NATIONALUM,30-Jul-2020,40,PE,0,0,0,7.95,6.65,0,0,204000,0,06-JUL-2020,
OPTSTK,NATIONALUM,30-Jul-2020,41,PE,0,0,0,10.5,7.6,0,0,0,0,06-JUL-2020,
OPTSTK,NATIONALUM,30-Jul-2020,42,PE,0,0,0,11.3,8.6,0,0,0,0,06-JUL-2020,
OPTSTK,NATIONALUM,30-Jul-2020,43,PE,0,0,0,12.1,9.55,0,0,0,0,06-JUL-2020,
OPTSTK,NATIONALUM,27-Aug-2020,18,CE,0,0,0,11.75,15.45,0,0,0,0,06-JUL-2020,
OPTSTK,NATIONALUM,27-Aug-2020,19,CE,0,0,0,10.85,14.45,0,0,0,0,06-JUL-2020,
OPTSTK,NATIONALUM,27-Aug-2020,20,CE,0,0,0,10,13.45,0,0,0,0,06-JUL-2020,
OPTSTK,NATIONALUM,27-Aug-2020,21,CE,0,0,0,9.15,12.5,0,0,0,0,06-JUL-2020,
OPTSTK,NATIONALUM,27-Aug-2020,22,CE,0,0,0,8.35,11.5,0,0,0,0,06-JUL-2020,
OPTSTK,NATIONALUM,27-Aug-2020,23,CE,0,0,0,7.6,10.5,0,0,0,0,06-JUL-2020,
OPTSTK,NATIONALUM,27-Aug-2020,24,CE,0,0,0,6.9,9.55,0,0,0,0,06-JUL-2020,
OPTSTK,NATIONALUM,27-Aug-2020,25,CE,0,0,0,6.2,8.6,0,0,0,0,06-JUL-2020,
OPTSTK,NATIONALUM,27-Aug-2020,26,CE,0,0,0,5.6,7.7,0,0,0,0,06-JUL-2020,
OPTSTK,NATIONALUM,27-Aug-2020,27,CE,0,0,0,5.05,6.8,0,0,0,0,06-JUL-2020,
OPTSTK,NATIONALUM,27-Aug-2020,28,CE,0,0,0,5,5.95,0,0,0,0,06-JUL-2020,
OPTSTK,NATIONALUM,27-Aug-2020,29,CE,0,0,0,4,5.15,0,0,0,0,06-JUL-2020,
OPTSTK,NATIONALUM,27-Aug-2020,30,CE,0,0,0,3.2,4.4,0,0,34000,0,06-JUL-2020,
OPTSTK,NATIONALUM,27-Aug-2020,31,CE,0,0,0,3.2,3.75,0,0,17000,0,06-JUL-2020,
OPTSTK,NATIONALUM,27-Aug-2020,32,CE,0,0,0,2.8,3.15,0,0,0,0,06-JUL-2020,
OPTSTK,NATIONALUM,27-Aug-2020,33,CE,0,0,0,2.65,2.6,0,0,17000,0,06-JUL-2020,
OPTSTK,NATIONALUM,27-Aug-2020,34,CE,0,0,0,2.2,2.15,0,0,0,0,06-JUL-2020,
OPTSTK,NATIONALUM,27-Aug-2020,35,CE,1.75,1.8,1.75,1.8,1.75,7,43.74,119000,102000,06-JUL-2020,
OPTSTK,NATIONALUM,27-Aug-2020,36,CE,1.45,1.55,1.45,1.5,1.5,3,19.12,51000,51000,06-JUL-2020,
OPTSTK,NATIONALUM,27-Aug-2020,37,CE,0,0,0,1.1,1.1,0,0,17000,0,06-JUL-2020,
OPTSTK,NATIONALUM,27-Aug-2020,38,CE,0,0,0,1.3,0.9,0,0,0,0,06-JUL-2020,
OPTSTK,NATIONALUM,27-Aug-2020,39,CE,0,0,0,1.15,0.7,0,0,0,0,06-JUL-2020,
OPTSTK,NATIONALUM,27-Aug-2020,40,CE,0.9,0.9,0.8,0.8,0.8,2,13.88,119000,34000,06-JUL-2020,
OPTSTK,NATIONALUM,27-Aug-2020,41,CE,0,0,0,0.9,0.4,0,0,0,0,06-JUL-2020,
OPTSTK,NATIONALUM,27-Aug-2020,18,PE,0,0,0,0.2,0.05,0,0,0,0,06-JUL-2020,
OPTSTK,NATIONALUM,27-Aug-2020,19,PE,0,0,0,0.2,0.05,0,0,34000,0,06-JUL-2020,
OPTSTK,NATIONALUM,27-Aug-2020,20,PE,0,0,0,0.4,0.05,0,0,0,0,06-JUL-2020,
OPTSTK,NATIONALUM,27-Aug-2020,21,PE,0,0,0,0.55,0.05,0,0,0,0,06-JUL-2020,
OPTSTK,NATIONALUM,27-Aug-2020,22,PE,0,0,0,0.75,0.05,0,0,0,0,06-JUL-2020,
OPTSTK,NATIONALUM,27-Aug-2020,23,PE,0,0,0,1,0.05,0,0,0,0,06-JUL-2020,
OPTSTK,NATIONALUM,27-Aug-2020,24,PE,0,0,0,1.25,0.05,0,0,0,0,06-JUL-2020,
OPTSTK,NATIONALUM,27-Aug-2020,25,PE,0,0,0,1.55,0.1,0,0,0,0,06-JUL-2020,
OPTSTK,NATIONALUM,27-Aug-2020,26,PE,0,0,0,0.5,0.15,0,0,17000,0,06-JUL-2020,
OPTSTK,NATIONALUM,27-Aug-2020,27,PE,0,0,0,2.35,0.3,0,0,0,0,06-JUL-2020,
OPTSTK,NATIONALUM,27-Aug-2020,28,PE,0,0,0,2.8,0.4,0,0,0,0,06-JUL-2020,
OPTSTK,NATIONALUM,27-Aug-2020,29,PE,0.65,0.7,0.65,0.7,0.6,2,10.08,68000,34000,06-JUL-2020,
OPTSTK,NATIONALUM,27-Aug-2020,30,PE,1.05,1.05,1.05,1.05,0.9,1,5.27,102000,17000,06-JUL-2020,
OPTSTK,NATIONALUM,27-Aug-2020,31,PE,0,0,0,4.45,1.2,0,0,0,0,06-JUL-2020,
OPTSTK,NATIONALUM,27-Aug-2020,32,PE,0,0,0,5.1,1.6,0,0,0,0,06-JUL-2020,
OPTSTK,NATIONALUM,27-Aug-2020,33,PE,0,0,0,5.75,2.05,0,0,0,0,06-JUL-2020,
OPTSTK,NATIONALUM,27-Aug-2020,34,PE,0,0,0,6.45,2.6,0,0,0,0,06-JUL-2020,
OPTSTK,NATIONALUM,27-Aug-2020,35,PE,0,0,0,7.15,3.2,0,0,0,0,06-JUL-2020,
OPTSTK,NATIONALUM,27-Aug-2020,36,PE,0,0,0,6,3.85,0,0,17000,0,06-JUL-2020,
OPTSTK,NATIONALUM,27-Aug-2020,37,PE,0,0,0,8.7,4.55,0,0,0,0,06-JUL-2020,
OPTSTK,NATIONALUM,27-Aug-2020,38,PE,0,0,0,7.45,5.3,0,0,17000,0,06-JUL-2020,
OPTSTK,NATIONALUM,27-Aug-2020,39,PE,0,0,0,8.3,6.1,0,0,17000,0,06-JUL-2020,
OPTSTK,NATIONALUM,27-Aug-2020,40,PE,0,0,0,11.2,6.95,0,0,0,0,06-JUL-2020,
OPTSTK,NATIONALUM,27-Aug-2020,41,PE,0,0,0,12.05,7.8,0,0,0,0,06-JUL-2020,
OPTSTK,NATIONALUM,24-Sep-2020,22,CE,0,0,0,12.5,11.6,0,0,0,0,06-JUL-2020,
OPTSTK,NATIONALUM,24-Sep-2020,23,CE,0,0,0,11.6,10.65,0,0,0,0,06-JUL-2020,
OPTSTK,NATIONALUM,24-Sep-2020,24,CE,0,0,0,10.7,9.75,0,0,0,0,06-JUL-2020,
OPTSTK,NATIONALUM,24-Sep-2020,25,CE,0,0,0,9.8,8.85,0,0,0,0,06-JUL-2020,
OPTSTK,NATIONALUM,24-Sep-2020,26,CE,0,0,0,9,7.95,0,0,0,0,06-JUL-2020,
OPTSTK,NATIONALUM,24-Sep-2020,27,CE,0,0,0,8.2,7.15,0,0,0,0,06-JUL-2020,
OPTSTK,NATIONALUM,24-Sep-2020,28,CE,0,0,0,7.45,6.35,0,0,0,0,06-JUL-2020,
OPTSTK,NATIONALUM,24-Sep-2020,29,CE,0,0,0,6.7,5.6,0,0,0,0,06-JUL-2020,
OPTSTK,NATIONALUM,24-Sep-2020,30,CE,0,0,0,6.05,4.95,0,0,0,0,06-JUL-2020,
OPTSTK,NATIONALUM,24-Sep-2020,31,CE,0,0,0,5.4,4.3,0,0,0,0,06-JUL-2020,
OPTSTK,NATIONALUM,24-Sep-2020,32,CE,0,0,0,4.85,3.75,0,0,0,0,06-JUL-2020,
OPTSTK,NATIONALUM,24-Sep-2020,33,CE,0,0,0,4.3,3.2,0,0,0,0,06-JUL-2020,
OPTSTK,NATIONALUM,24-Sep-2020,34,CE,0,0,0,3.8,2.75,0,0,0,0,06-JUL-2020,
OPTSTK,NATIONALUM,24-Sep-2020,35,CE,0,0,0,3.4,2.35,0,0,0,0,06-JUL-2020,
OPTSTK,NATIONALUM,24-Sep-2020,36,CE,0,0,0,3,2,0,0,0,0,06-JUL-2020,
OPTSTK,NATIONALUM,24-Sep-2020,37,CE,0,0,0,2.6,1.65,0,0,0,0,06-JUL-2020,
OPTSTK,NATIONALUM,24-Sep-2020,38,CE,0,0,0,2.3,1.4,0,0,0,0,06-JUL-2020,
OPTSTK,NATIONALUM,24-Sep-2020,39,CE,0,0,0,2,1.15,0,0,0,0,06-JUL-2020,
OPTSTK,NATIONALUM,24-Sep-2020,40,CE,0,0,0,1.75,0.95,0,0,0,0,06-JUL-2020,
OPTSTK,NATIONALUM,24-Sep-2020,41,CE,0,0,0,1.55,0.8,0,0,0,0,06-JUL-2020,
OPTSTK,NATIONALUM,24-Sep-2020,22,PE,0,0,0,0.15,0.05,0,0,0,0,06-JUL-2020,
OPTSTK,NATIONALUM,24-Sep-2020,23,PE,0,0,0,0.2,0.1,0,0,0,0,06-JUL-2020,
OPTSTK,NATIONALUM,24-Sep-2020,24,PE,0,0,0,0.3,0.15,0,0,0,0,06-JUL-2020,
OPTSTK,NATIONALUM,24-Sep-2020,25,PE,0,0,0,0.45,0.25,0,0,0,0,06-JUL-2020,
OPTSTK,NATIONALUM,24-Sep-2020,26,PE,0,0,0,0.6,0.35,0,0,0,0,06-JUL-2020,
OPTSTK,NATIONALUM,24-Sep-2020,27,PE,0,0,0,0.75,0.55,0,0,0,0,06-JUL-2020,
OPTSTK,NATIONALUM,24-Sep-2020,28,PE,0,0,0,1,0.75,0,0,0,0,06-JUL-2020,
OPTSTK,NATIONALUM,24-Sep-2020,29,PE,0,0,0,1.3,1,0,0,0,0,06-JUL-2020,
OPTSTK,NATIONALUM,24-Sep-2020,30,PE,0,0,0,1.6,1.3,0,0,0,0,06-JUL-2020,
OPTSTK,NATIONALUM,24-Sep-2020,31,PE,0,0,0,1.95,1.65,0,0,0,0,06-JUL-2020,
OPTSTK,NATIONALUM,24-Sep-2020,32,PE,0,0,0,2.35,2.1,0,0,0,0,06-JUL-2020,
OPTSTK,NATIONALUM,24-Sep-2020,33,PE,0,0,0,2.85,2.55,0,0,0,0,06-JUL-2020,
OPTSTK,NATIONALUM,24-Sep-2020,34,PE,0,0,0,3.35,3.1,0,0,0,0,06-JUL-2020,
OPTSTK,NATIONALUM,24-Sep-2020,35,PE,0,0,0,3.9,3.65,0,0,0,0,06-JUL-2020,
OPTSTK,NATIONALUM,24-Sep-2020,36,PE,0,0,0,4.45,4.3,0,0,0,0,06-JUL-2020,
OPTSTK,NATIONALUM,24-Sep-2020,37,PE,0,0,0,5.1,5,0,0,0,0,06-JUL-2020,
OPTSTK,NATIONALUM,24-Sep-2020,38,PE,0,0,0,5.75,5.7,0,0,0,0,06-JUL-2020,
OPTSTK,NATIONALUM,24-Sep-2020,39,PE,0,0,0,6.45,6.45,0,0,0,0,06-JUL-2020,
OPTSTK,NATIONALUM,24-Sep-2020,40,PE,0,0,0,7.2,7.25,0,0,0,0,06-JUL-2020,
OPTSTK,NATIONALUM,24-Sep-2020,41,PE,0,0,0,7.95,8.05,0,0,0,0,06-JUL-2020,
OPTSTK,NAUKRI,30-Jul-2020,1550,CE,0,0,0,1075.95,1237.05,0,0,0,0,06-JUL-2020,
OPTSTK,NAUKRI,30-Jul-2020,1600,CE,0,0,0,1036.3,1187.15,0,0,0,0,06-JUL-2020,
OPTSTK,NAUKRI,30-Jul-2020,1650,CE,0,0,0,997.6,1137.3,0,0,0,0,06-JUL-2020,
OPTSTK,NAUKRI,30-Jul-2020,1700,CE,0,0,0,959.85,1087.45,0,0,0,0,06-JUL-2020,
OPTSTK,NAUKRI,30-Jul-2020,1750,CE,0,0,0,923.2,1037.6,0,0,0,0,06-JUL-2020,
OPTSTK,NAUKRI,30-Jul-2020,1800,CE,0,0,0,887.45,987.7,0,0,0,0,06-JUL-2020,
OPTSTK,NAUKRI,30-Jul-2020,1850,CE,0,0,0,852.75,937.85,0,0,0,0,06-JUL-2020,
OPTSTK,NAUKRI,30-Jul-2020,1900,CE,0,0,0,819.05,888,0,0,0,0,06-JUL-2020,
OPTSTK,NAUKRI,30-Jul-2020,1950,CE,0,0,0,786.4,838.15,0,0,0,0,06-JUL-2020,
OPTSTK,NAUKRI,30-Jul-2020,2000,CE,0,0,0,754.8,788.3,0,0,0,0,06-JUL-2020,
OPTSTK,NAUKRI,30-Jul-2020,2050,CE,0,0,0,724.2,738.4,0,0,0,0,06-JUL-2020,
OPTSTK,NAUKRI,30-Jul-2020,2100,CE,0,0,0,694.6,688.55,0,0,0,0,06-JUL-2020,
OPTSTK,NAUKRI,30-Jul-2020,2150,CE,0,0,0,665.95,638.7,0,0,0,0,06-JUL-2020,
OPTSTK,NAUKRI,30-Jul-2020,2200,CE,0,0,0,638.4,588.85,0,0,0,0,06-JUL-2020,
OPTSTK,NAUKRI,30-Jul-2020,2250,CE,0,0,0,611.8,539,0,0,0,0,06-JUL-2020,
OPTSTK,NAUKRI,30-Jul-2020,2300,CE,0,0,0,586.15,489.15,0,0,0,0,06-JUL-2020,
OPTSTK,NAUKRI,30-Jul-2020,2350,CE,0,0,0,561.45,439.35,0,0,0,0,06-JUL-2020,
OPTSTK,NAUKRI,30-Jul-2020,2400,CE,0,0,0,537.65,389.65,0,0,0,0,06-JUL-2020,
OPTSTK,NAUKRI,30-Jul-2020,2450,CE,0,0,0,514.75,340.3,0,0,0,0,06-JUL-2020,
OPTSTK,NAUKRI,30-Jul-2020,2500,CE,0,0,0,285,291.6,0,0,250,0,06-JUL-2020,
OPTSTK,NAUKRI,30-Jul-2020,2550,CE,0,0,0,471.6,244.2,0,0,0,0,06-JUL-2020,
OPTSTK,NAUKRI,30-Jul-2020,2600,CE,0,0,0,451.3,198.95,0,0,0,0,06-JUL-2020,
OPTSTK,NAUKRI,30-Jul-2020,2650,CE,0,0,0,431.8,157.05,0,0,0,0,06-JUL-2020,
OPTSTK,NAUKRI,30-Jul-2020,2700,CE,0,0,0,199.3,119.5,0,0,250,0,06-JUL-2020,
OPTSTK,NAUKRI,30-Jul-2020,2750,CE,0,0,0,395.05,87.4,0,0,0,0,06-JUL-2020,
OPTSTK,NAUKRI,30-Jul-2020,2800,CE,0,0,0,377.85,61.2,0,0,0,0,06-JUL-2020,
OPTSTK,NAUKRI,30-Jul-2020,2850,CE,0,0,0,361.3,40.9,0,0,0,0,06-JUL-2020,
OPTSTK,NAUKRI,30-Jul-2020,2900,CE,0,0,0,345.45,26.05,0,0,0,0,06-JUL-2020,
OPTSTK,NAUKRI,30-Jul-2020,2950,CE,0,0,0,330.3,15.8,0,0,0,0,06-JUL-2020,
OPTSTK,NAUKRI,30-Jul-2020,3000,CE,53.2,55,50,51.85,51.85,4,30.52,7500,-250,06-JUL-2020,
OPTSTK,NAUKRI,30-Jul-2020,3050,CE,34.25,34.25,34.25,34.25,5,1,7.71,9500,250,06-JUL-2020,
OPTSTK,NAUKRI,30-Jul-2020,3100,CE,0,0,0,288.5,2.6,0,0,0,0,06-JUL-2020,
OPTSTK,NAUKRI,30-Jul-2020,3150,CE,0,0,0,275.85,1.3,0,0,0,0,06-JUL-2020,
OPTSTK,NAUKRI,30-Jul-2020,3200,CE,0,0,0,29.95,0.6,0,0,2000,0,06-JUL-2020,
OPTSTK,NAUKRI,30-Jul-2020,3250,CE,0,0,0,252,0.3,0,0,0,0,06-JUL-2020,
OPTSTK,NAUKRI,30-Jul-2020,3300,CE,16.95,16.95,16.95,16.95,0.1,1,8.29,500,250,06-JUL-2020,
OPTSTK,NAUKRI,30-Jul-2020,3350,CE,0,0,0,11.95,0.05,0,0,250,0,06-JUL-2020,
OPTSTK,NAUKRI,30-Jul-2020,3400,CE,0,0,0,220,0.05,0,0,0,0,06-JUL-2020,
OPTSTK,NAUKRI,30-Jul-2020,3450,CE,0,0,0,210.25,0.05,0,0,0,0,06-JUL-2020,
OPTSTK,NAUKRI,30-Jul-2020,3500,CE,1.1,1.1,1.1,1.1,0.05,1,8.75,500,0,06-JUL-2020,
OPTSTK,NAUKRI,30-Jul-2020,1550,PE,0,0,0,58.7,0.05,0,0,0,0,06-JUL-2020,
OPTSTK,NAUKRI,30-Jul-2020,1600,PE,0,0,0,68.4,0.05,0,0,0,0,06-JUL-2020,
OPTSTK,NAUKRI,30-Jul-2020,1650,PE,0,0,0,79.1,0.05,0,0,0,0,06-JUL-2020,
OPTSTK,NAUKRI,30-Jul-2020,1700,PE,0,0,0,90.7,0.05,0,0,0,0,06-JUL-2020,
OPTSTK,NAUKRI,30-Jul-2020,1750,PE,0,0,0,103.4,0.05,0,0,0,0,06-JUL-2020,
OPTSTK,NAUKRI,30-Jul-2020,1800,PE,0,0,0,117.05,0.05,0,0,0,0,06-JUL-2020,
OPTSTK,NAUKRI,30-Jul-2020,1850,PE,0,0,0,131.7,0.05,0,0,0,0,06-JUL-2020,
OPTSTK,NAUKRI,30-Jul-2020,1900,PE,0,0,0,147.4,0.05,0,0,0,0,06-JUL-2020,
OPTSTK,NAUKRI,30-Jul-2020,1950,PE,0,0,0,164.1,0.05,0,0,0,0,06-JUL-2020,
OPTSTK,NAUKRI,30-Jul-2020,2000,PE,0,0,0,0.1,0.05,0,0,1250,0,06-JUL-2020,
OPTSTK,NAUKRI,30-Jul-2020,2050,PE,0,0,0,200.6,0.05,0,0,0,0,06-JUL-2020,
OPTSTK,NAUKRI,30-Jul-2020,2100,PE,0,0,0,220.4,0.05,0,0,0,0,06-JUL-2020,
OPTSTK,NAUKRI,30-Jul-2020,2150,PE,0,0,0,241.1,0.05,0,0,0,0,06-JUL-2020,
OPTSTK,NAUKRI,30-Jul-2020,2200,PE,0,0,0,262.9,0.05,0,0,0,0,06-JUL-2020,
OPTSTK,NAUKRI,30-Jul-2020,2250,PE,0,0,0,285.65,0.05,0,0,0,0,06-JUL-2020,
OPTSTK,NAUKRI,30-Jul-2020,2300,PE,0,0,0,0.25,0.05,0,0,250,0,06-JUL-2020,
OPTSTK,NAUKRI,30-Jul-2020,2350,PE,0,0,0,0.35,0.1,0,0,250,0,06-JUL-2020,
OPTSTK,NAUKRI,30-Jul-2020,2400,PE,0,0,0,17.95,0.25,0,0,250,0,06-JUL-2020,
OPTSTK,NAUKRI,30-Jul-2020,2450,PE,0,0,0,386.1,0.75,0,0,0,0,06-JUL-2020,
OPTSTK,NAUKRI,30-Jul-2020,2500,PE,0,0,0,72,1.9,0,0,1500,0,06-JUL-2020,
OPTSTK,NAUKRI,30-Jul-2020,2550,PE,0,0,0,441.7,4.4,0,0,0,0,06-JUL-2020,
OPTSTK,NAUKRI,30-Jul-2020,2600,PE,0,0,0,77.25,9,0,0,1750,0,06-JUL-2020,
OPTSTK,NAUKRI,30-Jul-2020,2650,PE,0,0,0,500.6,16.95,0,0,0,0,06-JUL-2020,
OPTSTK,NAUKRI,30-Jul-2020,2700,PE,0,0,0,131.15,29.3,0,0,3250,0,06-JUL-2020,
OPTSTK,NAUKRI,30-Jul-2020,2750,PE,0,0,0,120.6,47,0,0,500,0,06-JUL-2020,
OPTSTK,NAUKRI,30-Jul-2020,2800,PE,0,0,0,206.95,70.65,0,0,250,0,06-JUL-2020,
OPTSTK,NAUKRI,30-Jul-2020,2850,PE,0,0,0,213,100.25,0,0,500,0,06-JUL-2020,
OPTSTK,NAUKRI,30-Jul-2020,2900,PE,185.9,185.9,185.9,185.9,135.25,1,7.71,250,0,06-JUL-2020,
OPTSTK,NAUKRI,30-Jul-2020,2950,PE,0,0,0,695.3,174.9,0,0,0,0,06-JUL-2020,
OPTSTK,NAUKRI,30-Jul-2020,3000,PE,266,266,266,266,218.05,1,8.16,250,0,06-JUL-2020,
OPTSTK,NAUKRI,30-Jul-2020,3050,PE,0,0,0,765.55,263.8,0,0,0,0,06-JUL-2020,
OPTSTK,NAUKRI,30-Jul-2020,3100,PE,0,0,0,801.6,311.25,0,0,0,0,06-JUL-2020,
OPTSTK,NAUKRI,30-Jul-2020,3150,PE,0,0,0,838.35,359.8,0,0,0,0,06-JUL-2020,
OPTSTK,NAUKRI,30-Jul-2020,3200,PE,0,0,0,470,409,0,0,500,0,06-JUL-2020,
OPTSTK,NAUKRI,30-Jul-2020,3250,PE,0,0,0,913.2,458.5,0,0,0,0,06-JUL-2020,
OPTSTK,NAUKRI,30-Jul-2020,3300,PE,0,0,0,951.4,508.2,0,0,0,0,06-JUL-2020,
OPTSTK,NAUKRI,30-Jul-2020,3350,PE,0,0,0,990.1,558,0,0,0,0,06-JUL-2020,
OPTSTK,NAUKRI,30-Jul-2020,3400,PE,0,0,0,1029.3,607.85,0,0,0,0,06-JUL-2020,
OPTSTK,NAUKRI,30-Jul-2020,3450,PE,0,0,0,1068.9,657.7,0,0,0,0,06-JUL-2020,
OPTSTK,NAUKRI,30-Jul-2020,3500,PE,0,0,0,1108.95,707.55,0,0,0,0,06-JUL-2020,
OPTSTK,NAUKRI,27-Aug-2020,1550,CE,0,0,0,1066.25,1242.05,0,0,0,0,06-JUL-2020,
OPTSTK,NAUKRI,27-Aug-2020,1600,CE,0,0,0,1022.8,1192.35,0,0,0,0,06-JUL-2020,
OPTSTK,NAUKRI,27-Aug-2020,1650,CE,0,0,0,980.25,1142.65,0,0,0,0,06-JUL-2020,
OPTSTK,NAUKRI,27-Aug-2020,1700,CE,0,0,0,938.6,1092.95,0,0,0,0,06-JUL-2020,
OPTSTK,NAUKRI,27-Aug-2020,1750,CE,0,0,0,897.95,1043.25,0,0,0,0,06-JUL-2020,
OPTSTK,NAUKRI,27-Aug-2020,1800,CE,0,0,0,858.35,993.55,0,0,0,0,06-JUL-2020,
OPTSTK,NAUKRI,27-Aug-2020,1850,CE,0,0,0,819.75,943.85,0,0,0,0,06-JUL-2020,
OPTSTK,NAUKRI,27-Aug-2020,1900,CE,0,0,0,782.25,894.15,0,0,0,0,06-JUL-2020,
OPTSTK,NAUKRI,27-Aug-2020,1950,CE,0,0,0,745.95,844.45,0,0,0,0,06-JUL-2020,
OPTSTK,NAUKRI,27-Aug-2020,2000,CE,0,0,0,710.75,794.8,0,0,0,0,06-JUL-2020,
OPTSTK,NAUKRI,27-Aug-2020,2050,CE,0,0,0,676.65,745.1,0,0,0,0,06-JUL-2020,
OPTSTK,NAUKRI,27-Aug-2020,2100,CE,0,0,0,643.75,695.4,0,0,0,0,06-JUL-2020,
OPTSTK,NAUKRI,27-Aug-2020,2150,CE,0,0,0,612,645.75,0,0,0,0,06-JUL-2020,
OPTSTK,NAUKRI,27-Aug-2020,2200,CE,0,0,0,581.35,596.15,0,0,0,0,06-JUL-2020,
OPTSTK,NAUKRI,27-Aug-2020,2250,CE,0,0,0,552,546.7,0,0,0,0,06-JUL-2020,
OPTSTK,NAUKRI,27-Aug-2020,2300,CE,0,0,0,523.75,497.5,0,0,0,0,06-JUL-2020,
OPTSTK,NAUKRI,27-Aug-2020,2350,CE,0,0,0,496.7,448.7,0,0,0,0,06-JUL-2020,
OPTSTK,NAUKRI,27-Aug-2020,2400,CE,0,0,0,470.75,400.65,0,0,0,0,06-JUL-2020,
OPTSTK,NAUKRI,27-Aug-2020,2450,CE,0,0,0,445.95,353.7,0,0,0,0,06-JUL-2020,
OPTSTK,NAUKRI,27-Aug-2020,2500,CE,0,0,0,422.2,308.25,0,0,0,0,06-JUL-2020,
OPTSTK,NAUKRI,27-Aug-2020,2550,CE,0,0,0,399.55,264.85,0,0,0,0,06-JUL-2020,
OPTSTK,NAUKRI,27-Aug-2020,2600,CE,0,0,0,377.9,224.1,0,0,0,0,06-JUL-2020,
OPTSTK,NAUKRI,27-Aug-2020,2650,CE,0,0,0,357.25,186.55,0,0,0,0,06-JUL-2020,
OPTSTK,NAUKRI,27-Aug-2020,2700,CE,0,0,0,337.6,152.55,0,0,0,0,06-JUL-2020,
OPTSTK,NAUKRI,27-Aug-2020,2750,CE,0,0,0,318.9,122.5,0,0,0,0,06-JUL-2020,
OPTSTK,NAUKRI,27-Aug-2020,2800,CE,0,0,0,301.15,96.5,0,0,0,0,06-JUL-2020,
OPTSTK,NAUKRI,27-Aug-2020,2850,CE,0,0,0,284.25,74.55,0,0,0,0,06-JUL-2020,
OPTSTK,NAUKRI,27-Aug-2020,2900,CE,0,0,0,268.2,56.45,0,0,0,0,06-JUL-2020,
OPTSTK,NAUKRI,27-Aug-2020,2950,CE,0,0,0,252.95,41.9,0,0,0,0,06-JUL-2020,
OPTSTK,NAUKRI,27-Aug-2020,3000,CE,0,0,0,238.55,30.5,0,0,0,0,06-JUL-2020,
OPTSTK,NAUKRI,27-Aug-2020,3050,CE,0,0,0,224.85,21.75,0,0,0,0,06-JUL-2020,
OPTSTK,NAUKRI,27-Aug-2020,3100,CE,0,0,0,211.9,15.2,0,0,0,0,06-JUL-2020,
OPTSTK,NAUKRI,27-Aug-2020,3150,CE,0,0,0,199.75,10.45,0,0,0,0,06-JUL-2020,
OPTSTK,NAUKRI,27-Aug-2020,3200,CE,0,0,0,188.2,7,0,0,0,0,06-JUL-2020,
OPTSTK,NAUKRI,27-Aug-2020,3250,CE,0,0,0,177.25,4.65,0,0,0,0,06-JUL-2020,
OPTSTK,NAUKRI,27-Aug-2020,3300,CE,0,0,0,166.9,3,0,0,0,0,06-JUL-2020,
OPTSTK,NAUKRI,27-Aug-2020,3350,CE,0,0,0,157.15,1.9,0,0,0,0,06-JUL-2020,
OPTSTK,NAUKRI,27-Aug-2020,3400,CE,0,0,0,147.9,1.2,0,0,0,0,06-JUL-2020,
OPTSTK,NAUKRI,27-Aug-2020,3450,CE,0,0,0,139.2,0.75,0,0,0,0,06-JUL-2020,
OPTSTK,NAUKRI,27-Aug-2020,3500,CE,0,0,0,131,0.45,0,0,0,0,06-JUL-2020,
OPTSTK,NAUKRI,27-Aug-2020,1550,PE,0,0,0,26.55,0.05,0,0,0,0,06-JUL-2020,
OPTSTK,NAUKRI,27-Aug-2020,1600,PE,0,0,0,32.5,0.05,0,0,0,0,06-JUL-2020,
OPTSTK,NAUKRI,27-Aug-2020,1650,PE,0,0,0,39.3,0.05,0,0,0,0,06-JUL-2020,
OPTSTK,NAUKRI,27-Aug-2020,1700,PE,0,0,0,47.05,0.05,0,0,0,0,06-JUL-2020,
OPTSTK,NAUKRI,27-Aug-2020,1750,PE,0,0,0,55.8,0.05,0,0,0,0,06-JUL-2020,
OPTSTK,NAUKRI,27-Aug-2020,1800,PE,0,0,0,65.55,0.05,0,0,0,0,06-JUL-2020,
OPTSTK,NAUKRI,27-Aug-2020,1850,PE,0,0,0,76.4,0.05,0,0,0,0,06-JUL-2020,
OPTSTK,NAUKRI,27-Aug-2020,1900,PE,0,0,0,88.3,0.05,0,0,0,0,06-JUL-2020,
OPTSTK,NAUKRI,27-Aug-2020,1950,PE,0,0,0,101.4,0.05,0,0,0,0,06-JUL-2020,
OPTSTK,NAUKRI,27-Aug-2020,2000,PE,0,0,0,115.55,0.05,0,0,0,0,06-JUL-2020,
OPTSTK,NAUKRI,27-Aug-2020,2050,PE,0,0,0,130.85,0.05,0,0,0,0,06-JUL-2020,
OPTSTK,NAUKRI,27-Aug-2020,2100,PE,0,0,0,147.35,0.05,0,0,0,0,06-JUL-2020,
OPTSTK,NAUKRI,27-Aug-2020,2150,PE,0,0,0,165,0.05,0,0,0,0,06-JUL-2020,
OPTSTK,NAUKRI,27-Aug-2020,2200,PE,0,0,0,183.75,0.2,0,0,0,0,06-JUL-2020,
OPTSTK,NAUKRI,27-Aug-2020,2250,PE,0,0,0,203.75,0.4,0,0,0,0,06-JUL-2020,
OPTSTK,NAUKRI,27-Aug-2020,2300,PE,0,0,0,224.95,0.9,0,0,0,0,06-JUL-2020,
OPTSTK,NAUKRI,27-Aug-2020,2350,PE,0,0,0,247.25,1.85,0,0,0,0,06-JUL-2020,
OPTSTK,NAUKRI,27-Aug-2020,2400,PE,0,0,0,270.75,3.45,0,0,0,0,06-JUL-2020,
OPTSTK,NAUKRI,27-Aug-2020,2450,PE,0,0,0,295.3,6.2,0,0,0,0,06-JUL-2020,
OPTSTK,NAUKRI,27-Aug-2020,2500,PE,0,0,0,320.95,10.45,0,0,0,0,06-JUL-2020,
OPTSTK,NAUKRI,27-Aug-2020,2550,PE,0,0,0,347.65,16.75,0,0,0,0,06-JUL-2020,
OPTSTK,NAUKRI,27-Aug-2020,2600,PE,0,0,0,375.4,25.75,0,0,0,0,06-JUL-2020,
OPTSTK,NAUKRI,27-Aug-2020,2650,PE,0,0,0,404.2,37.85,0,0,0,0,06-JUL-2020,
OPTSTK,NAUKRI,27-Aug-2020,2700,PE,0,0,0,433.95,53.55,0,0,0,0,06-JUL-2020,
OPTSTK,NAUKRI,27-Aug-2020,2750,PE,0,0,0,464.65,73.2,0,0,0,0,06-JUL-2020,
OPTSTK,NAUKRI,27-Aug-2020,2800,PE,0,0,0,496.25,96.9,0,0,0,0,06-JUL-2020,
OPTSTK,NAUKRI,27-Aug-2020,2850,PE,0,0,0,528.75,124.65,0,0,0,0,06-JUL-2020,
OPTSTK,NAUKRI,27-Aug-2020,2900,PE,0,0,0,562.1,156.25,0,0,0,0,06-JUL-2020,
OPTSTK,NAUKRI,27-Aug-2020,2950,PE,0,0,0,596.25,191.4,0,0,0,0,06-JUL-2020,
OPTSTK,NAUKRI,27-Aug-2020,3000,PE,0,0,0,631.2,229.7,0,0,0,0,06-JUL-2020,
OPTSTK,NAUKRI,27-Aug-2020,3050,PE,0,0,0,666.9,270.65,0,0,0,0,06-JUL-2020,
OPTSTK,NAUKRI,27-Aug-2020,3100,PE,0,0,0,703.35,313.8,0,0,0,0,06-JUL-2020,
OPTSTK,NAUKRI,27-Aug-2020,3150,PE,0,0,0,740.65,358.7,0,0,0,0,06-JUL-2020,
OPTSTK,NAUKRI,27-Aug-2020,3200,PE,0,0,0,778.45,405,0,0,0,0,06-JUL-2020,
OPTSTK,NAUKRI,27-Aug-2020,3250,PE,0,0,0,816.9,452.3,0,0,0,0,06-JUL-2020,
OPTSTK,NAUKRI,27-Aug-2020,3300,PE,0,0,0,855.95,500.4,0,0,0,0,06-JUL-2020,
OPTSTK,NAUKRI,27-Aug-2020,3350,PE,0,0,0,895.55,549,0,0,0,0,06-JUL-2020,
OPTSTK,NAUKRI,27-Aug-2020,3400,PE,0,0,0,935.7,597.95,0,0,0,0,06-JUL-2020,
OPTSTK,NAUKRI,27-Aug-2020,3450,PE,0,0,0,976.4,647.2,0,0,0,0,06-JUL-2020,
OPTSTK,NAUKRI,27-Aug-2020,3500,PE,0,0,0,1017.6,696.6,0,0,0,0,06-JUL-2020,
OPTSTK,NAUKRI,24-Sep-2020,1550,CE,0,0,0,1222.25,1247.05,0,0,0,0,06-JUL-2020,
OPTSTK,NAUKRI,24-Sep-2020,1600,CE,0,0,0,1175,1197.55,0,0,0,0,06-JUL-2020,
OPTSTK,NAUKRI,24-Sep-2020,1650,CE,0,0,0,1128.25,1148,0,0,0,0,06-JUL-2020,
OPTSTK,NAUKRI,24-Sep-2020,1700,CE,0,0,0,1082.05,1098.45,0,0,0,0,06-JUL-2020,
OPTSTK,NAUKRI,24-Sep-2020,1750,CE,0,0,0,1036.55,1048.95,0,0,0,0,06-JUL-2020,
OPTSTK,NAUKRI,24-Sep-2020,1800,CE,0,0,0,991.75,999.4,0,0,0,0,06-JUL-2020,
OPTSTK,NAUKRI,24-Sep-2020,1850,CE,0,0,0,947.8,949.85,0,0,0,0,06-JUL-2020,
OPTSTK,NAUKRI,24-Sep-2020,1900,CE,0,0,0,904.65,900.35,0,0,0,0,06-JUL-2020,
OPTSTK,NAUKRI,24-Sep-2020,1950,CE,0,0,0,862.45,850.8,0,0,0,0,06-JUL-2020,
OPTSTK,NAUKRI,24-Sep-2020,2000,CE,0,0,0,821.3,801.3,0,0,0,0,06-JUL-2020,
OPTSTK,NAUKRI,24-Sep-2020,2050,CE,0,0,0,781.15,751.85,0,0,0,0,06-JUL-2020,
OPTSTK,NAUKRI,24-Sep-2020,2100,CE,0,0,0,742.1,702.45,0,0,0,0,06-JUL-2020,
OPTSTK,NAUKRI,24-Sep-2020,2150,CE,0,0,0,704.15,653.2,0,0,0,0,06-JUL-2020,
OPTSTK,NAUKRI,24-Sep-2020,2200,CE,0,0,0,667.5,604.2,0,0,0,0,06-JUL-2020,
OPTSTK,NAUKRI,24-Sep-2020,2250,CE,0,0,0,632,555.55,0,0,0,0,06-JUL-2020,
OPTSTK,NAUKRI,24-Sep-2020,2300,CE,0,0,0,597.7,507.45,0,0,0,0,06-JUL-2020,
OPTSTK,NAUKRI,24-Sep-2020,2350,CE,0,0,0,564.65,460.15,0,0,0,0,06-JUL-2020,
OPTSTK,NAUKRI,24-Sep-2020,2400,CE,0,0,0,532.8,413.95,0,0,0,0,06-JUL-2020,
OPTSTK,NAUKRI,24-Sep-2020,2450,CE,0,0,0,502.35,369.2,0,0,0,0,06-JUL-2020,
OPTSTK,NAUKRI,24-Sep-2020,2500,CE,0,0,0,473.15,326.2,0,0,0,0,06-JUL-2020,
OPTSTK,NAUKRI,24-Sep-2020,2550,CE,0,0,0,445.25,285.4,0,0,0,0,06-JUL-2020,
OPTSTK,NAUKRI,24-Sep-2020,2600,CE,0,0,0,418.6,247.1,0,0,0,0,06-JUL-2020,
OPTSTK,NAUKRI,24-Sep-2020,2650,CE,0,0,0,393.15,211.6,0,0,0,0,06-JUL-2020,
OPTSTK,NAUKRI,24-Sep-2020,2700,CE,0,0,0,368.95,179.2,0,0,0,0,06-JUL-2020,
OPTSTK,NAUKRI,24-Sep-2020,2750,CE,0,0,0,345.95,150,0,0,0,0,06-JUL-2020,
OPTSTK,NAUKRI,24-Sep-2020,2800,CE,0,0,0,324.1,124.1,0,0,0,0,06-JUL-2020,
OPTSTK,NAUKRI,24-Sep-2020,2850,CE,0,0,0,303.45,101.45,0,0,0,0,06-JUL-2020,
OPTSTK,NAUKRI,24-Sep-2020,2900,CE,0,0,0,283.85,81.95,0,0,0,0,06-JUL-2020,
OPTSTK,NAUKRI,24-Sep-2020,2950,CE,0,0,0,265.3,65.4,0,0,0,0,06-JUL-2020,
OPTSTK,NAUKRI,24-Sep-2020,3000,CE,0,0,0,247.85,51.55,0,0,0,0,06-JUL-2020,
OPTSTK,NAUKRI,24-Sep-2020,3050,CE,0,0,0,231.35,40.2,0,0,0,0,06-JUL-2020,
OPTSTK,NAUKRI,24-Sep-2020,3100,CE,0,0,0,215.8,30.95,0,0,0,0,06-JUL-2020,
OPTSTK,NAUKRI,24-Sep-2020,3150,CE,0,0,0,201.15,23.55,0,0,0,0,06-JUL-2020,
OPTSTK,NAUKRI,24-Sep-2020,3200,CE,0,0,0,187.45,17.75,0,0,0,0,06-JUL-2020,
OPTSTK,NAUKRI,24-Sep-2020,3250,CE,0,0,0,174.65,13.2,0,0,0,0,06-JUL-2020,
OPTSTK,NAUKRI,24-Sep-2020,3300,CE,0,0,0,162.55,9.75,0,0,0,0,06-JUL-2020,
OPTSTK,NAUKRI,24-Sep-2020,3350,CE,0,0,0,151.25,7.1,0,0,0,0,06-JUL-2020,
OPTSTK,NAUKRI,24-Sep-2020,3400,CE,0,0,0,140.65,5.1,0,0,0,0,06-JUL-2020,
OPTSTK,NAUKRI,24-Sep-2020,3450,CE,0,0,0,130.7,3.65,0,0,0,0,06-JUL-2020,
OPTSTK,NAUKRI,24-Sep-2020,3500,CE,0,0,0,121.45,2.6,0,0,0,0,06-JUL-2020,
OPTSTK,NAUKRI,24-Sep-2020,1550,PE,0,0,0,6.6,0.05,0,0,0,0,06-JUL-2020,
OPTSTK,NAUKRI,24-Sep-2020,1600,PE,0,0,0,8.75,0.05,0,0,0,0,06-JUL-2020,
OPTSTK,NAUKRI,24-Sep-2020,1650,PE,0,0,0,11.45,0.05,0,0,0,0,06-JUL-2020,
OPTSTK,NAUKRI,24-Sep-2020,1700,PE,0,0,0,14.7,0.05,0,0,0,0,06-JUL-2020,
OPTSTK,NAUKRI,24-Sep-2020,1750,PE,0,0,0,18.6,0.05,0,0,0,0,06-JUL-2020,
OPTSTK,NAUKRI,24-Sep-2020,1800,PE,0,0,0,23.25,0.05,0,0,0,0,06-JUL-2020,
OPTSTK,NAUKRI,24-Sep-2020,1850,PE,0,0,0,28.65,0.05,0,0,0,0,06-JUL-2020,
OPTSTK,NAUKRI,24-Sep-2020,1900,PE,0,0,0,34.95,0.05,0,0,0,0,06-JUL-2020,
OPTSTK,NAUKRI,24-Sep-2020,1950,PE,0,0,0,42.2,0.05,0,0,0,0,06-JUL-2020,
OPTSTK,NAUKRI,24-Sep-2020,2000,PE,0,0,0,50.45,0.05,0,0,0,0,06-JUL-2020,
OPTSTK,NAUKRI,24-Sep-2020,2050,PE,0,0,0,59.7,0.15,0,0,0,0,06-JUL-2020,
OPTSTK,NAUKRI,24-Sep-2020,2100,PE,0,0,0,70.05,0.3,0,0,0,0,06-JUL-2020,
OPTSTK,NAUKRI,24-Sep-2020,2150,PE,0,0,0,81.6,0.55,0,0,0,0,06-JUL-2020,
OPTSTK,NAUKRI,24-Sep-2020,2200,PE,0,0,0,94.35,1.1,0,0,0,0,06-JUL-2020,
OPTSTK,NAUKRI,24-Sep-2020,2250,PE,0,0,0,108.25,2,0,0,0,0,06-JUL-2020,
OPTSTK,NAUKRI,24-Sep-2020,2300,PE,0,0,0,123.35,3.45,0,0,0,0,06-JUL-2020,
OPTSTK,NAUKRI,24-Sep-2020,2350,PE,0,0,0,139.75,5.65,0,0,0,0,06-JUL-2020,
OPTSTK,NAUKRI,24-Sep-2020,2400,PE,0,0,0,157.3,9,0,0,0,0,06-JUL-2020,
OPTSTK,NAUKRI,24-Sep-2020,2450,PE,0,0,0,176.25,13.75,0,0,0,0,06-JUL-2020,
OPTSTK,NAUKRI,24-Sep-2020,2500,PE,0,0,0,196.5,20.35,0,0,0,0,06-JUL-2020,
OPTSTK,NAUKRI,24-Sep-2020,2550,PE,0,0,0,218,29.05,0,0,0,0,06-JUL-2020,
OPTSTK,NAUKRI,24-Sep-2020,2600,PE,0,0,0,240.75,40.3,0,0,0,0,06-JUL-2020,
OPTSTK,NAUKRI,24-Sep-2020,2650,PE,0,0,0,264.75,54.35,0,0,0,0,06-JUL-2020,
OPTSTK,NAUKRI,24-Sep-2020,2700,PE,0,0,0,290,71.5,0,0,0,0,06-JUL-2020,
OPTSTK,NAUKRI,24-Sep-2020,2750,PE,0,0,0,316.4,91.8,0,0,0,0,06-JUL-2020,
OPTSTK,NAUKRI,24-Sep-2020,2800,PE,0,0,0,344,115.45,0,0,0,0,06-JUL-2020,
OPTSTK,NAUKRI,24-Sep-2020,2850,PE,0,0,0,372.7,142.35,0,0,0,0,06-JUL-2020,
OPTSTK,NAUKRI,24-Sep-2020,2900,PE,0,0,0,402.55,172.35,0,0,0,0,06-JUL-2020,
OPTSTK,NAUKRI,24-Sep-2020,2950,PE,0,0,0,433.45,205.35,0,0,0,0,06-JUL-2020,
OPTSTK,NAUKRI,24-Sep-2020,3000,PE,0,0,0,465.4,241.05,0,0,0,0,06-JUL-2020,
OPTSTK,NAUKRI,24-Sep-2020,3050,PE,0,0,0,498.3,279.2,0,0,0,0,06-JUL-2020,
OPTSTK,NAUKRI,24-Sep-2020,3100,PE,0,0,0,532.2,319.5,0,0,0,0,06-JUL-2020,
OPTSTK,NAUKRI,24-Sep-2020,3150,PE,0,0,0,567,361.65,0,0,0,0,06-JUL-2020,
OPTSTK,NAUKRI,24-Sep-2020,3200,PE,0,0,0,602.65,405.35,0,0,0,0,06-JUL-2020,
OPTSTK,NAUKRI,24-Sep-2020,3250,PE,0,0,0,639.3,450.4,0,0,0,0,06-JUL-2020,
OPTSTK,NAUKRI,24-Sep-2020,3300,PE,0,0,0,676.65,496.45,0,0,0,0,06-JUL-2020,
OPTSTK,NAUKRI,24-Sep-2020,3350,PE,0,0,0,714.75,543.35,0,0,0,0,06-JUL-2020,
OPTSTK,NAUKRI,24-Sep-2020,3400,PE,0,0,0,753.55,590.9,0,0,0,0,06-JUL-2020,
OPTSTK,NAUKRI,24-Sep-2020,3450,PE,0,0,0,793.05,638.95,0,0,0,0,06-JUL-2020,
OPTSTK,NAUKRI,24-Sep-2020,3500,PE,0,0,0,833.2,687.45,0,0,0,0,06-JUL-2020,
OPTSTK,NCC,30-Jul-2020,16,CE,0,0,0,11.7,16.15,0,0,0,0,06-JUL-2020,
OPTSTK,NCC,30-Jul-2020,17,CE,0,0,0,11,15.15,0,0,0,0,06-JUL-2020,
OPTSTK,NCC,30-Jul-2020,18,CE,0,0,0,10.4,14.15,0,0,0,0,06-JUL-2020,
OPTSTK,NCC,30-Jul-2020,19,CE,0,0,0,9.8,13.15,0,0,0,0,06-JUL-2020,
OPTSTK,NCC,30-Jul-2020,20,CE,0,0,0,9.25,12.15,0,0,0,0,06-JUL-2020,
OPTSTK,NCC,30-Jul-2020,21,CE,0,0,0,8.7,11.15,0,0,0,0,06-JUL-2020,
OPTSTK,NCC,30-Jul-2020,22,CE,0,0,0,8.2,10.2,0,0,0,0,06-JUL-2020,
OPTSTK,NCC,30-Jul-2020,23,CE,0,0,0,7.75,9.2,0,0,0,0,06-JUL-2020,
OPTSTK,NCC,30-Jul-2020,24,CE,0,0,0,7.3,8.25,0,0,0,0,06-JUL-2020,
OPTSTK,NCC,30-Jul-2020,25,CE,0,0,0,6.85,7.35,0,0,0,0,06-JUL-2020,
OPTSTK,NCC,30-Jul-2020,26,CE,0,0,0,5.6,6.45,0,0,21000,0,06-JUL-2020,
OPTSTK,NCC,30-Jul-2020,27,CE,0,0,0,6.1,5.6,0,0,0,0,06-JUL-2020,
OPTSTK,NCC,30-Jul-2020,28,CE,0,0,0,3.6,4.8,0,0,231000,0,06-JUL-2020,
OPTSTK,NCC,30-Jul-2020,29,CE,3.3,4.4,3.3,4.4,4.05,2,13.79,189000,0,06-JUL-2020,
OPTSTK,NCC,30-Jul-2020,30,CE,2.4,3.6,2.4,3.45,3.45,34,236.59,609000,-105000,06-JUL-2020,
OPTSTK,NCC,30-Jul-2020,31,CE,2,3.15,2,2.8,2.8,23,162.45,630000,84000,06-JUL-2020,
OPTSTK,NCC,30-Jul-2020,32,CE,1.8,2.7,1.65,2.4,2.4,105,754.44,840000,63000,06-JUL-2020,
OPTSTK,NCC,30-Jul-2020,33,CE,1.55,2.2,1.35,2,2,76,557.53,651000,252000,06-JUL-2020,
OPTSTK,NCC,30-Jul-2020,34,CE,0.95,1.8,0.95,1.6,1.6,53,394.2,420000,21000,06-JUL-2020,
OPTSTK,NCC,30-Jul-2020,35,CE,0.85,1.5,0.8,1.3,1.3,165,1255.9,2982000,735000,06-JUL-2020,
OPTSTK,NCC,30-Jul-2020,36,CE,0.55,1.15,0.55,1.05,1.05,23,178.34,945000,63000,06-JUL-2020,
OPTSTK,NCC,30-Jul-2020,37,CE,0.8,0.95,0.8,0.9,0.9,38,302.02,651000,42000,06-JUL-2020,
OPTSTK,NCC,30-Jul-2020,38,CE,0.4,0.75,0.3,0.7,0.7,58,470.56,1869000,357000,06-JUL-2020,
OPTSTK,NCC,30-Jul-2020,16,PE,0,0,0,1.5,0.05,0,0,0,0,06-JUL-2020,
OPTSTK,NCC,30-Jul-2020,17,PE,0,0,0,1.8,0.05,0,0,0,0,06-JUL-2020,
OPTSTK,NCC,30-Jul-2020,18,PE,0,0,0,2.15,0.05,0,0,0,0,06-JUL-2020,
OPTSTK,NCC,30-Jul-2020,19,PE,0,0,0,0.1,0.05,0,0,42000,0,06-JUL-2020,
OPTSTK,NCC,30-Jul-2020,20,PE,0,0,0,0.1,0.05,0,0,588000,0,06-JUL-2020,
OPTSTK,NCC,30-Jul-2020,21,PE,0,0,0,0.1,0.05,0,0,21000,0,06-JUL-2020,
OPTSTK,NCC,30-Jul-2020,22,PE,0,0,0,0.2,0.05,0,0,84000,0,06-JUL-2020,
OPTSTK,NCC,30-Jul-2020,23,PE,0,0,0,0.15,0.05,0,0,84000,0,06-JUL-2020,
OPTSTK,NCC,30-Jul-2020,24,PE,0,0,0,0.4,0.1,0,0,84000,0,06-JUL-2020,
OPTSTK,NCC,30-Jul-2020,25,PE,0.25,0.25,0.2,0.2,0.2,9,47.65,882000,-42000,06-JUL-2020,
OPTSTK,NCC,30-Jul-2020,26,PE,0.4,0.4,0.3,0.3,0.25,7,38.74,315000,-42000,06-JUL-2020,
OPTSTK,NCC,30-Jul-2020,27,PE,0.65,0.65,0.45,0.45,0.4,27,155.99,399000,21000,06-JUL-2020,
OPTSTK,NCC,30-Jul-2020,28,PE,1,1,0.6,0.65,0.65,22,132.77,840000,-84000,06-JUL-2020,
OPTSTK,NCC,30-Jul-2020,29,PE,1.1,1.15,0.8,0.9,0.9,38,239.77,903000,84000,06-JUL-2020,
OPTSTK,NCC,30-Jul-2020,30,PE,1.65,1.65,1.15,1.2,1.2,56,368.49,672000,126000,06-JUL-2020,
OPTSTK,NCC,30-Jul-2020,31,PE,2,2,1.55,1.6,1.6,28,192.21,735000,294000,06-JUL-2020,
OPTSTK,NCC,30-Jul-2020,32,PE,2.05,2.25,2,2.15,2.15,11,78.79,294000,105000,06-JUL-2020,
OPTSTK,NCC,30-Jul-2020,33,PE,3.1,3.1,2.55,2.85,2.65,6,44.97,105000,21000,06-JUL-2020,
OPTSTK,NCC,30-Jul-2020,34,PE,3.3,3.45,3.3,3.45,3.45,2,15.69,126000,21000,06-JUL-2020,
OPTSTK,NCC,30-Jul-2020,35,PE,4.55,4.55,3.45,3.8,4,4,32.68,147000,42000,06-JUL-2020,
OPTSTK,NCC,30-Jul-2020,36,PE,0,0,0,4.3,4.7,0,0,42000,0,06-JUL-2020,
OPTSTK,NCC,30-Jul-2020,37,PE,0,0,0,6.8,5.5,0,0,21000,0,06-JUL-2020,
OPTSTK,NCC,30-Jul-2020,38,PE,0,0,0,8,6.35,0,0,21000,0,06-JUL-2020,
OPTSTK,NESTLEIND,30-Jul-2020,13000,CE,0,0,0,5484.75,3838.3,0,0,0,0,06-JUL-2020,
OPTSTK,NESTLEIND,30-Jul-2020,13250,CE,0,0,0,5288.25,3589.15,0,0,0,0,06-JUL-2020,
OPTSTK,NESTLEIND,30-Jul-2020,13500,CE,0,0,0,5095.9,3340.2,0,0,0,0,06-JUL-2020,
OPTSTK,NESTLEIND,30-Jul-2020,13750,CE,0,0,0,4907.8,3091.65,0,0,0,0,06-JUL-2020,
OPTSTK,NESTLEIND,30-Jul-2020,14000,CE,0,0,0,4724.45,2843.85,0,0,0,0,06-JUL-2020,
OPTSTK,NESTLEIND,30-Jul-2020,14250,CE,0,0,0,4544.9,2597.35,0,0,0,0,06-JUL-2020,
OPTSTK,NESTLEIND,30-Jul-2020,14500,CE,0,0,0,4369.85,2353.1,0,0,0,0,06-JUL-2020,
OPTSTK,NESTLEIND,30-Jul-2020,14750,CE,0,0,0,4199.3,2112.3,0,0,0,0,06-JUL-2020,
OPTSTK,NESTLEIND,30-Jul-2020,15000,CE,0,0,0,2150,1876.7,0,0,300,0,06-JUL-2020,
OPTSTK,NESTLEIND,30-Jul-2020,15250,CE,0,0,0,3871.9,1648.25,0,0,0,0,06-JUL-2020,
OPTSTK,NESTLEIND,30-Jul-2020,15500,CE,0,0,0,1610,1429.35,0,0,150,0,06-JUL-2020,
OPTSTK,NESTLEIND,30-Jul-2020,15750,CE,0,0,0,3562.4,1222.45,0,0,0,0,06-JUL-2020,
OPTSTK,NESTLEIND,30-Jul-2020,16000,CE,975,975,975,975,1030.05,1,8.48,200,50,06-JUL-2020,
OPTSTK,NESTLEIND,30-Jul-2020,16250,CE,0,0,0,3272.1,854.2,0,0,0,0,06-JUL-2020,
OPTSTK,NESTLEIND,30-Jul-2020,16500,CE,611.55,666.8,611.55,666.8,666.8,4,34.27,1200,0,06-JUL-2020,
OPTSTK,NESTLEIND,30-Jul-2020,16750,CE,497.05,526.25,462,503.85,503.85,97,836.35,1850,-850,06-JUL-2020,
OPTSTK,NESTLEIND,30-Jul-2020,17000,CE,370.25,400,350,375.4,375.4,382,3318.96,16500,1950,06-JUL-2020,
OPTSTK,NESTLEIND,30-Jul-2020,17250,CE,280,314.95,272.8,291.5,291.5,26,228.1,2100,-100,06-JUL-2020,
OPTSTK,NESTLEIND,30-Jul-2020,17500,CE,214.35,233.1,200,208.8,208.8,79,699.71,6750,100,06-JUL-2020,
OPTSTK,NESTLEIND,30-Jul-2020,17750,CE,156.6,169.2,152.25,159.15,191.5,18,161.17,1000,0,06-JUL-2020,
OPTSTK,NESTLEIND,30-Jul-2020,18000,CE,149.6,149.6,101.15,113.35,113.35,99,896.74,10600,250,06-JUL-2020,
OPTSTK,NESTLEIND,30-Jul-2020,18250,CE,0,0,0,2289.2,100.1,0,0,0,0,06-JUL-2020,
OPTSTK,NESTLEIND,30-Jul-2020,18500,CE,75,104.95,75,98.9,70.35,3,27.88,1650,100,06-JUL-2020,
OPTSTK,NESTLEIND,30-Jul-2020,18750,CE,0,0,0,2085.55,48.5,0,0,0,0,06-JUL-2020,
OPTSTK,NESTLEIND,30-Jul-2020,19000,CE,45,50,26,38,38,17,161.82,2900,250,06-JUL-2020,
OPTSTK,NESTLEIND,30-Jul-2020,19250,CE,0,0,0,1897.4,21.8,0,0,0,0,06-JUL-2020,
OPTSTK,NESTLEIND,30-Jul-2020,19500,CE,0,0,0,1808.9,14.25,0,0,0,0,06-JUL-2020,
OPTSTK,NESTLEIND,30-Jul-2020,19750,CE,0,0,0,1724,9.15,0,0,0,0,06-JUL-2020,
OPTSTK,NESTLEIND,30-Jul-2020,20000,CE,25,26.7,20.75,23,23,1008,10091.95,14900,50,06-JUL-2020,
OPTSTK,NESTLEIND,30-Jul-2020,20250,CE,0,0,0,1564.5,3.55,0,0,0,0,06-JUL-2020,
OPTSTK,NESTLEIND,30-Jul-2020,20500,CE,0,0,0,1489.75,2.2,0,0,0,0,06-JUL-2020,
OPTSTK,NESTLEIND,30-Jul-2020,13000,PE,0,0,0,395.35,0.1,0,0,0,0,06-JUL-2020,
OPTSTK,NESTLEIND,30-Jul-2020,13250,PE,0,0,0,445.7,0.25,0,0,0,0,06-JUL-2020,
OPTSTK,NESTLEIND,30-Jul-2020,13500,PE,0,0,0,500.2,0.6,0,0,0,0,06-JUL-2020,
OPTSTK,NESTLEIND,30-Jul-2020,13750,PE,0,0,0,558.9,1.3,0,0,0,0,06-JUL-2020,
OPTSTK,NESTLEIND,30-Jul-2020,14000,PE,0,0,0,20,2.8,0,0,200,0,06-JUL-2020,
OPTSTK,NESTLEIND,30-Jul-2020,14250,PE,0,0,0,689.7,5.65,0,0,0,0,06-JUL-2020,
OPTSTK,NESTLEIND,30-Jul-2020,14500,PE,30,30,30,30,10.7,1,7.26,0,-50,06-JUL-2020,
OPTSTK,NESTLEIND,30-Jul-2020,14750,PE,0,0,0,837.7,19.2,0,0,0,0,06-JUL-2020,
OPTSTK,NESTLEIND,30-Jul-2020,15000,PE,37.6,37.6,30,30,32.9,22,165.34,8400,-250,06-JUL-2020,
OPTSTK,NESTLEIND,30-Jul-2020,15250,PE,0,0,0,200,53.75,0,0,100,0,06-JUL-2020,
OPTSTK,NESTLEIND,30-Jul-2020,15500,PE,60,65,60,62.5,62.5,4,31.12,1050,-50,06-JUL-2020,
OPTSTK,NESTLEIND,30-Jul-2020,15750,PE,0,0,0,160,126.55,0,0,400,0,06-JUL-2020,
OPTSTK,NESTLEIND,30-Jul-2020,16000,PE,178.15,185,136,150.85,150.85,45,363.67,7000,-250,06-JUL-2020,
OPTSTK,NESTLEIND,30-Jul-2020,16250,PE,240,247.15,200.6,208.25,208.25,21,172.99,950,-50,06-JUL-2020,
OPTSTK,NESTLEIND,30-Jul-2020,16500,PE,351.55,352,270.05,277.4,277.4,43,361.55,3500,-100,06-JUL-2020,
OPTSTK,NESTLEIND,30-Jul-2020,16750,PE,464.4,464.4,380,380.35,380.35,16,137.37,1150,150,06-JUL-2020,
OPTSTK,NESTLEIND,30-Jul-2020,17000,PE,634.35,634.35,491,508,508,20,175.16,3050,50,06-JUL-2020,
OPTSTK,NESTLEIND,30-Jul-2020,17250,PE,0,0,0,1852.55,739.45,0,0,0,0,06-JUL-2020,
OPTSTK,NESTLEIND,30-Jul-2020,17500,PE,0,0,0,1978.85,906.65,0,0,0,0,06-JUL-2020,
OPTSTK,NESTLEIND,30-Jul-2020,17750,PE,0,0,0,2109.45,1090.05,0,0,0,0,06-JUL-2020,
OPTSTK,NESTLEIND,30-Jul-2020,18000,PE,0,0,0,2244.3,1287.6,0,0,0,0,06-JUL-2020,
OPTSTK,NESTLEIND,30-Jul-2020,18250,PE,0,0,0,2383.25,1497.25,0,0,0,0,06-JUL-2020,
OPTSTK,NESTLEIND,30-Jul-2020,18500,PE,0,0,0,2526.3,1716.75,0,0,0,0,06-JUL-2020,
OPTSTK,NESTLEIND,30-Jul-2020,18750,PE,0,0,0,2673.3,1944.25,0,0,0,0,06-JUL-2020,
OPTSTK,NESTLEIND,30-Jul-2020,19000,PE,0,0,0,2824.15,2177.85,0,0,0,0,06-JUL-2020,
OPTSTK,NESTLEIND,30-Jul-2020,19250,PE,0,0,0,2978.8,2416.15,0,0,0,0,06-JUL-2020,
OPTSTK,NESTLEIND,30-Jul-2020,19500,PE,0,0,0,3137.15,2657.85,0,0,0,0,06-JUL-2020,
OPTSTK,NESTLEIND,30-Jul-2020,19750,PE,0,0,0,3299.05,2902.05,0,0,0,0,06-JUL-2020,
OPTSTK,NESTLEIND,30-Jul-2020,20000,PE,0,0,0,3464.45,3148,0,0,0,0,06-JUL-2020,
OPTSTK,NESTLEIND,30-Jul-2020,20250,PE,0,0,0,3633.25,3395.1,0,0,0,0,06-JUL-2020,
OPTSTK,NESTLEIND,30-Jul-2020,20500,PE,3620,3620,3620,3620,3643,1,12.06,50,50,06-JUL-2020,
OPTSTK,NESTLEIND,27-Aug-2020,13000,CE,0,0,0,4378.3,3885.65,0,0,0,0,06-JUL-2020,
OPTSTK,NESTLEIND,27-Aug-2020,13250,CE,0,0,0,4172.1,3640.55,0,0,0,0,06-JUL-2020,
OPTSTK,NESTLEIND,27-Aug-2020,13500,CE,0,0,0,3970.7,3397.25,0,0,0,0,06-JUL-2020,
OPTSTK,NESTLEIND,27-Aug-2020,13750,CE,0,0,0,3774.45,3156.35,0,0,0,0,06-JUL-2020,
OPTSTK,NESTLEIND,27-Aug-2020,14000,CE,0,0,0,3583.5,2918.75,0,0,0,0,06-JUL-2020,
OPTSTK,NESTLEIND,27-Aug-2020,14250,CE,0,0,0,3398.6,2685.35,0,0,0,0,06-JUL-2020,
OPTSTK,NESTLEIND,27-Aug-2020,14500,CE,0,0,0,3218.75,2457.2,0,0,0,0,06-JUL-2020,
OPTSTK,NESTLEIND,27-Aug-2020,14750,CE,0,0,0,3044.75,2235.45,0,0,0,0,06-JUL-2020,
OPTSTK,NESTLEIND,27-Aug-2020,15000,CE,0,0,0,2876.75,2021.4,0,0,0,0,06-JUL-2020,
OPTSTK,NESTLEIND,27-Aug-2020,15250,CE,0,0,0,2714.25,1816.15,0,0,0,0,06-JUL-2020,
OPTSTK,NESTLEIND,27-Aug-2020,15500,CE,0,0,0,2558.65,1620.9,0,0,0,0,06-JUL-2020,
OPTSTK,NESTLEIND,27-Aug-2020,15750,CE,0,0,0,2409.2,1436.7,0,0,0,0,06-JUL-2020,
OPTSTK,NESTLEIND,27-Aug-2020,16000,CE,0,0,0,2265.95,1264.4,0,0,0,0,06-JUL-2020,
OPTSTK,NESTLEIND,27-Aug-2020,16250,CE,0,0,0,2128.85,1104.65,0,0,0,0,06-JUL-2020,
OPTSTK,NESTLEIND,27-Aug-2020,16500,CE,0,0,0,1997.85,957.95,0,0,0,0,06-JUL-2020,
OPTSTK,NESTLEIND,27-Aug-2020,16750,CE,0,0,0,1872.85,824.5,0,0,0,0,06-JUL-2020,
OPTSTK,NESTLEIND,27-Aug-2020,17000,CE,0,0,0,1753.9,704.3,0,0,0,0,06-JUL-2020,
OPTSTK,NESTLEIND,27-Aug-2020,17250,CE,0,0,0,1640.8,597,0,0,0,0,06-JUL-2020,
OPTSTK,NESTLEIND,27-Aug-2020,17500,CE,0,0,0,1533.5,502.2,0,0,0,0,06-JUL-2020,
OPTSTK,NESTLEIND,27-Aug-2020,17750,CE,0,0,0,1431.75,419.2,0,0,0,0,06-JUL-2020,
OPTSTK,NESTLEIND,27-Aug-2020,18000,CE,0,0,0,1335.5,347.3,0,0,0,0,06-JUL-2020,
OPTSTK,NESTLEIND,27-Aug-2020,18250,CE,0,0,0,1244.55,285.55,0,0,0,0,06-JUL-2020,
OPTSTK,NESTLEIND,27-Aug-2020,18500,CE,0,0,0,1158.7,233.05,0,0,0,0,06-JUL-2020,
OPTSTK,NESTLEIND,27-Aug-2020,18750,CE,0,0,0,1077.8,188.8,0,0,0,0,06-JUL-2020,
OPTSTK,NESTLEIND,27-Aug-2020,19000,CE,0,0,0,1001.7,151.8,0,0,0,0,06-JUL-2020,
OPTSTK,NESTLEIND,27-Aug-2020,19250,CE,0,0,0,930.2,121.2,0,0,0,0,06-JUL-2020,
OPTSTK,NESTLEIND,27-Aug-2020,19500,CE,0,0,0,863.05,96.1,0,0,0,0,06-JUL-2020,
OPTSTK,NESTLEIND,27-Aug-2020,19750,CE,0,0,0,801,75.7,0,0,0,0,06-JUL-2020,
OPTSTK,NESTLEIND,27-Aug-2020,20000,CE,0,0,0,742.25,59.2,0,0,0,0,06-JUL-2020,
OPTSTK,NESTLEIND,27-Aug-2020,20250,CE,0,0,0,687.3,46,0,0,0,0,06-JUL-2020,
OPTSTK,NESTLEIND,27-Aug-2020,20500,CE,0,0,0,635.95,35.5,0,0,0,0,06-JUL-2020,
OPTSTK,NESTLEIND,27-Aug-2020,13000,PE,0,0,0,231.3,5.2,0,0,0,0,06-JUL-2020,
OPTSTK,NESTLEIND,27-Aug-2020,13250,PE,0,0,0,272.05,8.6,0,0,0,0,06-JUL-2020,
OPTSTK,NESTLEIND,27-Aug-2020,13500,PE,0,0,0,317.65,13.8,0,0,0,0,06-JUL-2020,
OPTSTK,NESTLEIND,27-Aug-2020,13750,PE,0,0,0,368.35,21.4,0,0,0,0,06-JUL-2020,
OPTSTK,NESTLEIND,27-Aug-2020,14000,PE,0,0,0,424.35,32.3,0,0,0,0,06-JUL-2020,
OPTSTK,NESTLEIND,27-Aug-2020,14250,PE,0,0,0,486.45,47.35,0,0,0,0,06-JUL-2020,
OPTSTK,NESTLEIND,27-Aug-2020,14500,PE,0,0,0,553.55,67.7,0,0,0,0,06-JUL-2020,
OPTSTK,NESTLEIND,27-Aug-2020,14750,PE,0,0,0,626.5,94.5,0,0,0,0,06-JUL-2020,
OPTSTK,NESTLEIND,27-Aug-2020,15000,PE,0,0,0,705.5,128.9,0,0,0,0,06-JUL-2020,
OPTSTK,NESTLEIND,27-Aug-2020,15250,PE,0,0,0,789.95,172.15,0,0,0,0,06-JUL-2020,
OPTSTK,NESTLEIND,27-Aug-2020,15500,PE,0,0,0,881.3,225.4,0,0,0,0,06-JUL-2020,
OPTSTK,NESTLEIND,27-Aug-2020,15750,PE,0,0,0,978.8,289.7,0,0,0,0,06-JUL-2020,
OPTSTK,NESTLEIND,27-Aug-2020,16000,PE,0,0,0,1082.5,365.85,0,0,0,0,06-JUL-2020,
OPTSTK,NESTLEIND,27-Aug-2020,16250,PE,0,0,0,1192.35,454.6,0,0,0,0,06-JUL-2020,
OPTSTK,NESTLEIND,27-Aug-2020,16500,PE,0,0,0,1308.35,556.4,0,0,0,0,06-JUL-2020,
OPTSTK,NESTLEIND,27-Aug-2020,16750,PE,0,0,0,1430.35,671.45,0,0,0,0,06-JUL-2020,
OPTSTK,NESTLEIND,27-Aug-2020,17000,PE,0,0,0,1558.35,799.7,0,0,0,0,06-JUL-2020,
OPTSTK,NESTLEIND,27-Aug-2020,17250,PE,0,0,0,1692.2,940.9,0,0,0,0,06-JUL-2020,
OPTSTK,NESTLEIND,27-Aug-2020,17500,PE,0,0,0,1831.85,1094.6,0,0,0,0,06-JUL-2020,
OPTSTK,NESTLEIND,27-Aug-2020,17750,PE,0,0,0,1977.1,1260.1,0,0,0,0,06-JUL-2020,
OPTSTK,NESTLEIND,27-Aug-2020,18000,PE,0,0,0,2127.8,1436.7,0,0,0,0,06-JUL-2020,
OPTSTK,NESTLEIND,27-Aug-2020,18250,PE,0,0,0,2283.8,1623.45,0,0,0,0,06-JUL-2020,
OPTSTK,NESTLEIND,27-Aug-2020,18500,PE,0,0,0,2444.9,1819.4,0,0,0,0,06-JUL-2020,
OPTSTK,NESTLEIND,27-Aug-2020,18750,PE,0,0,0,2611,2023.65,0,0,0,0,06-JUL-2020,
OPTSTK,NESTLEIND,27-Aug-2020,19000,PE,0,0,0,2781.85,2235.15,0,0,0,0,06-JUL-2020,
OPTSTK,NESTLEIND,27-Aug-2020,19250,PE,0,0,0,2957.3,2453.05,0,0,0,0,06-JUL-2020,
OPTSTK,NESTLEIND,27-Aug-2020,19500,PE,0,0,0,3137.15,2676.45,0,0,0,0,06-JUL-2020,
OPTSTK,NESTLEIND,27-Aug-2020,19750,PE,0,0,0,3322.05,2904.5,0,0,0,0,06-JUL-2020,
OPTSTK,NESTLEIND,27-Aug-2020,20000,PE,0,0,0,3510.25,3136.5,0,0,0,0,06-JUL-2020,
OPTSTK,NESTLEIND,27-Aug-2020,20250,PE,0,0,0,3702.25,3371.8,0,0,0,0,06-JUL-2020,
OPTSTK,NESTLEIND,27-Aug-2020,20500,PE,0,0,0,3897.9,3609.8,0,0,0,0,06-JUL-2020,
OPTSTK,NESTLEIND,24-Sep-2020,13000,CE,0,0,0,4117.75,3944,0,0,0,0,06-JUL-2020,
OPTSTK,NESTLEIND,24-Sep-2020,13250,CE,0,0,0,3906.85,3705.65,0,0,0,0,06-JUL-2020,
OPTSTK,NESTLEIND,24-Sep-2020,13500,CE,0,0,0,3701,3470.4,0,0,0,0,06-JUL-2020,
OPTSTK,NESTLEIND,24-Sep-2020,13750,CE,0,0,0,3500.5,3239,0,0,0,0,06-JUL-2020,
OPTSTK,NESTLEIND,24-Sep-2020,14000,CE,0,0,0,3305.6,3012.2,0,0,0,0,06-JUL-2020,
OPTSTK,NESTLEIND,24-Sep-2020,14250,CE,0,0,0,3116.65,2790.75,0,0,0,0,06-JUL-2020,
OPTSTK,NESTLEIND,24-Sep-2020,14500,CE,0,0,0,2934.35,2575.45,0,0,0,0,06-JUL-2020,
OPTSTK,NESTLEIND,24-Sep-2020,14750,CE,0,0,0,2757.8,2367.2,0,0,0,0,06-JUL-2020,
OPTSTK,NESTLEIND,24-Sep-2020,15000,CE,0,0,0,2587.85,2166.7,0,0,0,0,06-JUL-2020,
OPTSTK,NESTLEIND,24-Sep-2020,15250,CE,0,0,0,2424.05,1974.7,0,0,0,0,06-JUL-2020,
OPTSTK,NESTLEIND,24-Sep-2020,15500,CE,0,0,0,2267.75,1791.9,0,0,0,0,06-JUL-2020,
OPTSTK,NESTLEIND,24-Sep-2020,15750,CE,0,0,0,2118.3,1618.75,0,0,0,0,06-JUL-2020,
OPTSTK,NESTLEIND,24-Sep-2020,16000,CE,0,0,0,1975.75,1455.8,0,0,0,0,06-JUL-2020,
OPTSTK,NESTLEIND,24-Sep-2020,16250,CE,0,0,0,1840.05,1303.25,0,0,0,0,06-JUL-2020,
OPTSTK,NESTLEIND,24-Sep-2020,16500,CE,0,0,0,1711.2,1161.4,0,0,0,0,06-JUL-2020,
OPTSTK,NESTLEIND,24-Sep-2020,16750,CE,0,0,0,1589,1030.25,0,0,0,0,06-JUL-2020,
OPTSTK,NESTLEIND,24-Sep-2020,17000,CE,0,0,0,1473.45,909.7,0,0,0,0,06-JUL-2020,
OPTSTK,NESTLEIND,24-Sep-2020,17250,CE,0,0,0,1364.45,799.55,0,0,0,0,06-JUL-2020,
OPTSTK,NESTLEIND,24-Sep-2020,17500,CE,0,0,0,1261.8,699.6,0,0,0,0,06-JUL-2020,
OPTSTK,NESTLEIND,24-Sep-2020,17750,CE,0,0,0,1165.3,609.35,0,0,0,0,06-JUL-2020,
OPTSTK,NESTLEIND,24-Sep-2020,18000,CE,0,0,0,1074.75,528.35,0,0,0,0,06-JUL-2020,
OPTSTK,NESTLEIND,24-Sep-2020,18250,CE,0,0,0,990,456.15,0,0,0,0,06-JUL-2020,
OPTSTK,NESTLEIND,24-Sep-2020,18500,CE,0,0,0,910.75,392.05,0,0,0,0,06-JUL-2020,
OPTSTK,NESTLEIND,24-Sep-2020,18750,CE,0,0,0,836.85,335.5,0,0,0,0,06-JUL-2020,
OPTSTK,NESTLEIND,24-Sep-2020,19000,CE,0,0,0,768,285.95,0,0,0,0,06-JUL-2020,
OPTSTK,NESTLEIND,24-Sep-2020,19250,CE,0,0,0,704.85,242.65,0,0,0,0,06-JUL-2020,
OPTSTK,NESTLEIND,24-Sep-2020,19500,CE,0,0,0,645.65,205.1,0,0,0,0,06-JUL-2020,
OPTSTK,NESTLEIND,24-Sep-2020,19750,CE,0,0,0,590.8,172.65,0,0,0,0,06-JUL-2020,
OPTSTK,NESTLEIND,24-Sep-2020,20000,CE,0,0,0,540.05,144.8,0,0,0,0,06-JUL-2020,
OPTSTK,NESTLEIND,24-Sep-2020,20250,CE,0,0,0,492.45,120.95,0,0,0,0,06-JUL-2020,
OPTSTK,NESTLEIND,24-Sep-2020,20500,CE,0,0,0,449.1,100.65,0,0,0,0,06-JUL-2020,
OPTSTK,NESTLEIND,24-Sep-2020,13000,PE,0,0,0,179.95,21.5,0,0,0,0,06-JUL-2020,
OPTSTK,NESTLEIND,24-Sep-2020,13250,PE,0,0,0,216.15,30.85,0,0,0,0,06-JUL-2020,
OPTSTK,NESTLEIND,24-Sep-2020,13500,PE,0,0,0,257.4,43.3,0,0,0,0,06-JUL-2020,
OPTSTK,NESTLEIND,24-Sep-2020,13750,PE,0,0,0,304,59.6,0,0,0,0,06-JUL-2020,
OPTSTK,NESTLEIND,24-Sep-2020,14000,PE,0,0,0,356.2,80.45,0,0,0,0,06-JUL-2020,
OPTSTK,NESTLEIND,24-Sep-2020,14250,PE,0,0,0,414.35,106.65,0,0,0,0,06-JUL-2020,
OPTSTK,NESTLEIND,24-Sep-2020,14500,PE,0,0,0,479.15,139.05,0,0,0,0,06-JUL-2020,
OPTSTK,NESTLEIND,24-Sep-2020,14750,PE,0,0,0,549.7,178.45,0,0,0,0,06-JUL-2020,
OPTSTK,NESTLEIND,24-Sep-2020,15000,PE,0,0,0,626.85,225.65,0,0,0,0,06-JUL-2020,
OPTSTK,NESTLEIND,24-Sep-2020,15250,PE,0,0,0,710.15,281.35,0,0,0,0,06-JUL-2020,
OPTSTK,NESTLEIND,24-Sep-2020,15500,PE,0,0,0,800.95,346.2,0,0,0,0,06-JUL-2020,
OPTSTK,NESTLEIND,24-Sep-2020,15750,PE,0,0,0,898.6,420.8,0,0,0,0,06-JUL-2020,
OPTSTK,NESTLEIND,24-Sep-2020,16000,PE,0,0,0,1003.15,505.5,0,0,0,0,06-JUL-2020,
OPTSTK,NESTLEIND,24-Sep-2020,16250,PE,0,0,0,1114.55,600.65,0,0,0,0,06-JUL-2020,
OPTSTK,NESTLEIND,24-Sep-2020,16500,PE,0,0,0,1232.8,706.45,0,0,0,0,06-JUL-2020,
OPTSTK,NESTLEIND,24-Sep-2020,16750,PE,0,0,0,1357.65,822.95,0,0,0,0,06-JUL-2020,
OPTSTK,NESTLEIND,24-Sep-2020,17000,PE,0,0,0,1489.25,950.1,0,0,0,0,06-JUL-2020,
OPTSTK,NESTLEIND,24-Sep-2020,17250,PE,0,0,0,1627.35,1087.7,0,0,0,0,06-JUL-2020,
OPTSTK,NESTLEIND,24-Sep-2020,17500,PE,0,0,0,1771.8,1235.4,0,0,0,0,06-JUL-2020,
OPTSTK,NESTLEIND,24-Sep-2020,17750,PE,0,0,0,1922.4,1392.8,0,0,0,0,06-JUL-2020,
OPTSTK,NESTLEIND,24-Sep-2020,18000,PE,0,0,0,2078.95,1559.5,0,0,0,0,06-JUL-2020,
OPTSTK,NESTLEIND,24-Sep-2020,18250,PE,0,0,0,2241.3,1734.95,0,0,0,0,06-JUL-2020,
OPTSTK,NESTLEIND,24-Sep-2020,18500,PE,0,0,0,2409.15,1918.55,0,0,0,0,06-JUL-2020,
OPTSTK,NESTLEIND,24-Sep-2020,18750,PE,0,0,0,2582.35,2109.7,0,0,0,0,06-JUL-2020,
OPTSTK,NESTLEIND,24-Sep-2020,19000,PE,0,0,0,2760.6,2307.8,0,0,0,0,06-JUL-2020,
OPTSTK,NESTLEIND,24-Sep-2020,19250,PE,0,0,0,2944.55,2512.25,0,0,0,0,06-JUL-2020,
OPTSTK,NESTLEIND,24-Sep-2020,19500,PE,0,0,0,3132.45,2722.35,0,0,0,0,06-JUL-2020,
OPTSTK,NESTLEIND,24-Sep-2020,19750,PE,0,0,0,3324.7,2937.6,0,0,0,0,06-JUL-2020,
OPTSTK,NESTLEIND,24-Sep-2020,20000,PE,0,0,0,3521.05,3157.4,0,0,0,0,06-JUL-2020,
OPTSTK,NESTLEIND,24-Sep-2020,20250,PE,0,0,0,3720.55,3381.25,0,0,0,0,06-JUL-2020,
OPTSTK,NESTLEIND,24-Sep-2020,20500,PE,0,0,0,3924.3,3608.65,0,0,0,0,06-JUL-2020,
OPTSTK,NIITTECH,30-Jul-2020,700,CE,0,0,0,564.85,738.2,0,0,0,0,06-JUL-2020,
OPTSTK,NIITTECH,30-Jul-2020,750,CE,0,0,0,529.75,688.35,0,0,0,0,06-JUL-2020,
OPTSTK,NIITTECH,30-Jul-2020,800,CE,0,0,0,496.6,638.5,0,0,0,0,06-JUL-2020,
OPTSTK,NIITTECH,30-Jul-2020,850,CE,0,0,0,465.3,588.65,0,0,0,0,06-JUL-2020,
OPTSTK,NIITTECH,30-Jul-2020,900,CE,0,0,0,435.8,538.8,0,0,0,0,06-JUL-2020,
OPTSTK,NIITTECH,30-Jul-2020,950,CE,0,0,0,408.1,489.1,0,0,0,0,06-JUL-2020,
OPTSTK,NIITTECH,30-Jul-2020,1000,CE,0,0,0,382.1,439.55,0,0,0,0,06-JUL-2020,
OPTSTK,NIITTECH,30-Jul-2020,1050,CE,0,0,0,357.7,390.5,0,0,0,0,06-JUL-2020,
OPTSTK,NIITTECH,30-Jul-2020,1100,CE,0,0,0,334.9,342.3,0,0,0,0,06-JUL-2020,
OPTSTK,NIITTECH,30-Jul-2020,1140,CE,0,0,0,274.2,304.75,0,0,0,0,06-JUL-2020,
OPTSTK,NIITTECH,30-Jul-2020,1150,CE,0,0,0,313.55,295.55,0,0,0,0,06-JUL-2020,
OPTSTK,NIITTECH,30-Jul-2020,1160,CE,0,0,0,259.05,286.45,0,0,0,0,06-JUL-2020,
OPTSTK,NIITTECH,30-Jul-2020,1180,CE,0,0,0,244.45,268.5,0,0,0,0,06-JUL-2020,
OPTSTK,NIITTECH,30-Jul-2020,1200,CE,0,0,0,293.6,250.95,0,0,0,0,06-JUL-2020,
OPTSTK,NIITTECH,30-Jul-2020,1220,CE,0,0,0,216.6,233.9,0,0,0,0,06-JUL-2020,
OPTSTK,NIITTECH,30-Jul-2020,1240,CE,0,0,0,203.4,217.3,0,0,0,0,06-JUL-2020,
OPTSTK,NIITTECH,30-Jul-2020,1250,CE,0,0,0,274.95,209.25,0,0,0,0,06-JUL-2020,
OPTSTK,NIITTECH,30-Jul-2020,1260,CE,0,0,0,190.8,201.3,0,0,0,0,06-JUL-2020,
OPTSTK,NIITTECH,30-Jul-2020,1280,CE,0,0,0,178.75,185.9,0,0,0,0,06-JUL-2020,
OPTSTK,NIITTECH,30-Jul-2020,1300,CE,0,0,0,150,171.15,0,0,375,0,06-JUL-2020,
OPTSTK,NIITTECH,30-Jul-2020,1320,CE,0,0,0,156.2,157.05,0,0,0,0,06-JUL-2020,
OPTSTK,NIITTECH,30-Jul-2020,1340,CE,0,0,0,140,143.65,0,0,0,0,06-JUL-2020,
OPTSTK,NIITTECH,30-Jul-2020,1350,CE,0,0,0,125,137.25,0,0,375,0,06-JUL-2020,
OPTSTK,NIITTECH,30-Jul-2020,1360,CE,0,0,0,135.8,131,0,0,0,0,06-JUL-2020,
OPTSTK,NIITTECH,30-Jul-2020,1380,CE,126.15,126.15,113.2,113.2,113.2,3,16.86,1500,0,06-JUL-2020,
OPTSTK,NIITTECH,30-Jul-2020,1400,CE,90.5,106.1,90.5,96.35,96.35,7,39.3,4500,750,06-JUL-2020,
OPTSTK,NIITTECH,30-Jul-2020,1420,CE,0,0,0,86.9,97.35,0,0,750,0,06-JUL-2020,
OPTSTK,NIITTECH,30-Jul-2020,1440,CE,83.2,83.2,83.2,83.2,87.6,1,5.71,750,-375,06-JUL-2020,
OPTSTK,NIITTECH,30-Jul-2020,1450,CE,72.95,79.65,67.45,69.4,69.4,35,200.05,7875,-1125,06-JUL-2020,
OPTSTK,NIITTECH,30-Jul-2020,1460,CE,0,0,0,93.55,78.6,0,0,0,0,06-JUL-2020,
OPTSTK,NIITTECH,30-Jul-2020,1480,CE,0,0,0,86.55,70.3,0,0,0,0,06-JUL-2020,
OPTSTK,NIITTECH,30-Jul-2020,1500,CE,53,58.95,46,48.85,48.85,100,582.77,70125,3375,06-JUL-2020,
OPTSTK,NIITTECH,30-Jul-2020,1520,CE,0,0,0,73.75,55.7,0,0,0,0,06-JUL-2020,
OPTSTK,NIITTECH,30-Jul-2020,1540,CE,0,0,0,68,49.3,0,0,0,0,06-JUL-2020,
OPTSTK,NIITTECH,30-Jul-2020,1550,CE,38,40.9,34.1,34.1,34.1,8,47.65,3750,0,06-JUL-2020,
OPTSTK,NIITTECH,30-Jul-2020,1560,CE,0,0,0,62.6,43.55,0,0,0,0,06-JUL-2020,
OPTSTK,NIITTECH,30-Jul-2020,1580,CE,38.55,38.55,38.55,38.55,38.35,4,24.27,1500,1125,06-JUL-2020,
OPTSTK,NIITTECH,30-Jul-2020,1600,CE,25.35,28.7,22.85,25.5,25.5,12,73.15,23625,750,06-JUL-2020,
OPTSTK,NIITTECH,30-Jul-2020,1620,CE,0,0,0,67.85,29.5,0,0,375,0,06-JUL-2020,
OPTSTK,NIITTECH,30-Jul-2020,1640,CE,0,0,0,44.65,25.75,0,0,0,0,06-JUL-2020,
OPTSTK,NIITTECH,30-Jul-2020,1650,CE,0,0,0,163.95,24,0,0,0,0,06-JUL-2020,
OPTSTK,NIITTECH,30-Jul-2020,1660,CE,0,0,0,40.9,22.4,0,0,0,0,06-JUL-2020,
OPTSTK,NIITTECH,30-Jul-2020,1680,CE,0,0,0,37.45,19.45,0,0,0,0,06-JUL-2020,
OPTSTK,NIITTECH,30-Jul-2020,1700,CE,10.95,13.95,9.5,10.2,10.2,20,128.33,11250,1875,06-JUL-2020,
OPTSTK,NIITTECH,30-Jul-2020,1750,CE,9.65,9.65,9.65,9.65,11.6,1,6.59,1500,0,06-JUL-2020,
OPTSTK,NIITTECH,30-Jul-2020,1800,CE,3.75,3.75,3.75,3.75,7.9,1,6.76,7125,-375,06-JUL-2020,
OPTSTK,NIITTECH,30-Jul-2020,700,PE,0,0,0,52.55,0.05,0,0,0,0,06-JUL-2020,
OPTSTK,NIITTECH,30-Jul-2020,750,PE,0,0,0,66.8,0.05,0,0,0,0,06-JUL-2020,
OPTSTK,NIITTECH,30-Jul-2020,800,PE,0,0,0,83,0.05,0,0,0,0,06-JUL-2020,
OPTSTK,NIITTECH,30-Jul-2020,850,PE,0,0,0,101.05,0.05,0,0,0,0,06-JUL-2020,
OPTSTK,NIITTECH,30-Jul-2020,900,PE,0,0,0,120.95,0.05,0,0,0,0,06-JUL-2020,
OPTSTK,NIITTECH,30-Jul-2020,950,PE,0,0,0,142.65,0.2,0,0,0,0,06-JUL-2020,
OPTSTK,NIITTECH,30-Jul-2020,1000,PE,0,0,0,165.95,0.5,0,0,0,0,06-JUL-2020,
OPTSTK,NIITTECH,30-Jul-2020,1050,PE,0,0,0,190.95,1.3,0,0,0,0,06-JUL-2020,
OPTSTK,NIITTECH,30-Jul-2020,1100,PE,0,0,0,217.5,3,0,0,0,0,06-JUL-2020,
OPTSTK,NIITTECH,30-Jul-2020,1140,PE,0,0,0,30.55,5.35,0,0,0,0,06-JUL-2020,
OPTSTK,NIITTECH,30-Jul-2020,1150,PE,0,0,0,245.55,6.1,0,0,0,0,06-JUL-2020,
OPTSTK,NIITTECH,30-Jul-2020,1160,PE,0,0,0,35.3,6.95,0,0,0,0,06-JUL-2020,
OPTSTK,NIITTECH,30-Jul-2020,1180,PE,0,0,0,40.6,8.95,0,0,0,0,06-JUL-2020,
OPTSTK,NIITTECH,30-Jul-2020,1200,PE,7.5,7.5,6.1,7.5,11.35,3,13.57,6375,375,06-JUL-2020,
OPTSTK,NIITTECH,30-Jul-2020,1220,PE,0,0,0,52.6,14.25,0,0,0,0,06-JUL-2020,
OPTSTK,NIITTECH,30-Jul-2020,1240,PE,0,0,0,59.3,17.6,0,0,0,0,06-JUL-2020,
OPTSTK,NIITTECH,30-Jul-2020,1250,PE,0,0,0,305.65,19.5,0,0,0,0,06-JUL-2020,
OPTSTK,NIITTECH,30-Jul-2020,1260,PE,0,0,0,66.65,21.55,0,0,0,0,06-JUL-2020,
OPTSTK,NIITTECH,30-Jul-2020,1280,PE,0,0,0,74.45,26.1,0,0,0,0,06-JUL-2020,
OPTSTK,NIITTECH,30-Jul-2020,1300,PE,0,0,0,22.85,31.25,0,0,5625,0,06-JUL-2020,
OPTSTK,NIITTECH,30-Jul-2020,1320,PE,0,0,0,42.5,37.1,0,0,1125,0,06-JUL-2020,
OPTSTK,NIITTECH,30-Jul-2020,1340,PE,0,0,0,101.2,43.65,0,0,0,0,06-JUL-2020,
OPTSTK,NIITTECH,30-Jul-2020,1350,PE,0,0,0,370.65,47.2,0,0,0,0,06-JUL-2020,
OPTSTK,NIITTECH,30-Jul-2020,1360,PE,0,0,0,111.15,50.95,0,0,0,0,06-JUL-2020,
OPTSTK,NIITTECH,30-Jul-2020,1380,PE,37.2,37.2,37.2,37.2,58.95,1,5.31,375,375,06-JUL-2020,
OPTSTK,NIITTECH,30-Jul-2020,1400,PE,51,55.6,47.65,55.3,55.3,9,49,14250,0,06-JUL-2020,
OPTSTK,NIITTECH,30-Jul-2020,1420,PE,0,0,0,144.1,77.15,0,0,0,0,06-JUL-2020,
OPTSTK,NIITTECH,30-Jul-2020,1440,PE,0,0,0,75.6,87.35,0,0,375,0,06-JUL-2020,
OPTSTK,NIITTECH,30-Jul-2020,1450,PE,81.4,81.4,81.4,81.4,92.75,1,5.74,4125,0,06-JUL-2020,
OPTSTK,NIITTECH,30-Jul-2020,1460,PE,0,0,0,90,98.3,0,0,375,0,06-JUL-2020,
OPTSTK,NIITTECH,30-Jul-2020,1480,PE,0,0,0,125,109.9,0,0,375,0,06-JUL-2020,
OPTSTK,NIITTECH,30-Jul-2020,1500,PE,0,0,0,141.6,122.2,0,0,6375,0,06-JUL-2020,
OPTSTK,NIITTECH,30-Jul-2020,1520,PE,0,0,0,208.4,135.2,0,0,0,0,06-JUL-2020,
OPTSTK,NIITTECH,30-Jul-2020,1540,PE,0,0,0,222.55,148.8,0,0,0,0,06-JUL-2020,
OPTSTK,NIITTECH,30-Jul-2020,1550,PE,0,0,0,513.2,155.8,0,0,0,0,06-JUL-2020,
OPTSTK,NIITTECH,30-Jul-2020,1560,PE,0,0,0,237.1,162.95,0,0,0,0,06-JUL-2020,
OPTSTK,NIITTECH,30-Jul-2020,1580,PE,0,0,0,252.05,177.7,0,0,0,0,06-JUL-2020,
OPTSTK,NIITTECH,30-Jul-2020,1600,PE,0,0,0,184,192.95,0,0,3375,0,06-JUL-2020,
OPTSTK,NIITTECH,30-Jul-2020,1620,PE,0,0,0,282.9,208.7,0,0,0,0,06-JUL-2020,
OPTSTK,NIITTECH,30-Jul-2020,1640,PE,0,0,0,298.8,224.9,0,0,0,0,06-JUL-2020,
OPTSTK,NIITTECH,30-Jul-2020,1650,PE,0,0,0,589.6,233.15,0,0,0,0,06-JUL-2020,
OPTSTK,NIITTECH,30-Jul-2020,1660,PE,0,0,0,314.9,241.5,0,0,0,0,06-JUL-2020,
OPTSTK,NIITTECH,30-Jul-2020,1680,PE,0,0,0,331.35,258.5,0,0,0,0,06-JUL-2020,
OPTSTK,NIITTECH,30-Jul-2020,1700,PE,0,0,0,628.95,275.85,0,0,0,0,06-JUL-2020,
OPTSTK,NIITTECH,30-Jul-2020,1750,PE,0,0,0,668.9,320.45,0,0,0,0,06-JUL-2020,
OPTSTK,NIITTECH,30-Jul-2020,1800,PE,0,0,0,709.5,366.6,0,0,0,0,06-JUL-2020,
OPTSTK,NIITTECH,27-Aug-2020,850,CE,0,0,0,665.65,592.15,0,0,0,0,06-JUL-2020,
OPTSTK,NIITTECH,27-Aug-2020,900,CE,0,0,0,625.95,543.3,0,0,0,0,06-JUL-2020,
OPTSTK,NIITTECH,27-Aug-2020,950,CE,0,0,0,587.9,495.15,0,0,0,0,06-JUL-2020,
OPTSTK,NIITTECH,27-Aug-2020,1000,CE,0,0,0,551.55,448,0,0,0,0,06-JUL-2020,
OPTSTK,NIITTECH,27-Aug-2020,1050,CE,0,0,0,516.9,402.25,0,0,0,0,06-JUL-2020,
OPTSTK,NIITTECH,27-Aug-2020,1100,CE,0,0,0,483.9,358.25,0,0,0,0,06-JUL-2020,
OPTSTK,NIITTECH,27-Aug-2020,1140,CE,0,0,0,306.1,324.6,0,0,0,0,06-JUL-2020,
OPTSTK,NIITTECH,27-Aug-2020,1150,CE,0,0,0,452.65,316.45,0,0,0,0,06-JUL-2020,
OPTSTK,NIITTECH,27-Aug-2020,1160,CE,0,0,0,292.55,308.4,0,0,0,0,06-JUL-2020,
OPTSTK,NIITTECH,27-Aug-2020,1180,CE,0,0,0,279.45,292.55,0,0,0,0,06-JUL-2020,
OPTSTK,NIITTECH,27-Aug-2020,1200,CE,0,0,0,423.1,277.2,0,0,0,0,06-JUL-2020,
OPTSTK,NIITTECH,27-Aug-2020,1220,CE,0,0,0,254.4,262.25,0,0,0,0,06-JUL-2020,
OPTSTK,NIITTECH,27-Aug-2020,1240,CE,0,0,0,242.5,247.8,0,0,0,0,06-JUL-2020,
OPTSTK,NIITTECH,27-Aug-2020,1250,CE,0,0,0,395.15,240.8,0,0,0,0,06-JUL-2020,
OPTSTK,NIITTECH,27-Aug-2020,1260,CE,0,0,0,231.05,233.85,0,0,0,0,06-JUL-2020,
OPTSTK,NIITTECH,27-Aug-2020,1280,CE,0,0,0,220,220.4,0,0,0,0,06-JUL-2020,
OPTSTK,NIITTECH,27-Aug-2020,1300,CE,0,0,0,368.9,207.4,0,0,0,0,06-JUL-2020,
OPTSTK,NIITTECH,27-Aug-2020,1320,CE,0,0,0,199.05,194.95,0,0,0,0,06-JUL-2020,
OPTSTK,NIITTECH,27-Aug-2020,1340,CE,0,0,0,189.2,183,0,0,0,0,06-JUL-2020,
OPTSTK,NIITTECH,27-Aug-2020,1350,CE,0,0,0,344.15,177.25,0,0,0,0,06-JUL-2020,
OPTSTK,NIITTECH,27-Aug-2020,1360,CE,0,0,0,179.7,171.55,0,0,0,0,06-JUL-2020,
OPTSTK,NIITTECH,27-Aug-2020,1380,CE,0,0,0,170.6,160.65,0,0,0,0,06-JUL-2020,
OPTSTK,NIITTECH,27-Aug-2020,1400,CE,0,0,0,320.95,150.25,0,0,0,0,06-JUL-2020,
OPTSTK,NIITTECH,27-Aug-2020,1420,CE,0,0,0,153.55,140.3,0,0,0,0,06-JUL-2020,
OPTSTK,NIITTECH,27-Aug-2020,1440,CE,0,0,0,145.55,130.9,0,0,0,0,06-JUL-2020,
OPTSTK,NIITTECH,27-Aug-2020,1450,CE,0,0,0,299.2,126.4,0,0,0,0,06-JUL-2020,
OPTSTK,NIITTECH,27-Aug-2020,1460,CE,0,0,0,137.9,122,0,0,0,0,06-JUL-2020,
OPTSTK,NIITTECH,27-Aug-2020,1480,CE,0,0,0,130.6,113.55,0,0,0,0,06-JUL-2020,
OPTSTK,NIITTECH,27-Aug-2020,1500,CE,0,0,0,278.8,105.55,0,0,0,0,06-JUL-2020,
OPTSTK,NIITTECH,27-Aug-2020,1520,CE,0,0,0,117,98,0,0,0,0,06-JUL-2020,
OPTSTK,NIITTECH,27-Aug-2020,1540,CE,0,0,0,110.65,90.9,0,0,0,0,06-JUL-2020,
OPTSTK,NIITTECH,27-Aug-2020,1550,CE,0,0,0,110.05,87.5,0,0,375,0,06-JUL-2020,
OPTSTK,NIITTECH,27-Aug-2020,1560,CE,0,0,0,104.6,84.25,0,0,0,0,06-JUL-2020,
OPTSTK,NIITTECH,27-Aug-2020,1580,CE,0,0,0,98.85,77.95,0,0,0,0,06-JUL-2020,
OPTSTK,NIITTECH,27-Aug-2020,1600,CE,0,0,0,241.9,72.1,0,0,0,0,06-JUL-2020,
OPTSTK,NIITTECH,27-Aug-2020,1620,CE,0,0,0,88.15,66.6,0,0,0,0,06-JUL-2020,
OPTSTK,NIITTECH,27-Aug-2020,1640,CE,0,0,0,83.3,61.45,0,0,0,0,06-JUL-2020,
OPTSTK,NIITTECH,27-Aug-2020,1650,CE,0,0,0,225.2,59,0,0,0,0,06-JUL-2020,
OPTSTK,NIITTECH,27-Aug-2020,1660,CE,0,0,0,78.6,56.65,0,0,0,0,06-JUL-2020,
OPTSTK,NIITTECH,27-Aug-2020,1680,CE,0,0,0,74.15,52.2,0,0,0,0,06-JUL-2020,
OPTSTK,NIITTECH,27-Aug-2020,1700,CE,0,0,0,209.65,48.05,0,0,0,0,06-JUL-2020,
OPTSTK,NIITTECH,27-Aug-2020,1750,CE,0,0,0,195.15,38.85,0,0,0,0,06-JUL-2020,
OPTSTK,NIITTECH,27-Aug-2020,1800,CE,0,0,0,181.65,31.3,0,0,0,0,06-JUL-2020,
OPTSTK,NIITTECH,27-Aug-2020,850,PE,0,0,0,32.45,0.75,0,0,0,0,06-JUL-2020,
OPTSTK,NIITTECH,27-Aug-2020,900,PE,0,0,0,42.15,1.6,0,0,0,0,06-JUL-2020,
OPTSTK,NIITTECH,27-Aug-2020,950,PE,0,0,0,53.5,3.15,0,0,0,0,06-JUL-2020,
OPTSTK,NIITTECH,27-Aug-2020,1000,PE,0,0,0,66.5,5.7,0,0,0,0,06-JUL-2020,
OPTSTK,NIITTECH,27-Aug-2020,1050,PE,0,0,0,81.25,9.65,0,0,0,0,06-JUL-2020,
OPTSTK,NIITTECH,27-Aug-2020,1100,PE,0,0,0,97.65,15.35,0,0,0,0,06-JUL-2020,
OPTSTK,NIITTECH,27-Aug-2020,1140,PE,0,0,0,58.4,21.5,0,0,0,0,06-JUL-2020,
OPTSTK,NIITTECH,27-Aug-2020,1150,PE,0,0,0,115.8,23.25,0,0,0,0,06-JUL-2020,
OPTSTK,NIITTECH,27-Aug-2020,1160,PE,0,0,0,64.7,25.15,0,0,0,0,06-JUL-2020,
OPTSTK,NIITTECH,27-Aug-2020,1180,PE,0,0,0,71.4,29.2,0,0,0,0,06-JUL-2020,
OPTSTK,NIITTECH,27-Aug-2020,1200,PE,0,0,0,135.65,33.7,0,0,0,0,06-JUL-2020,
OPTSTK,NIITTECH,27-Aug-2020,1220,PE,0,0,0,86.05,38.65,0,0,0,0,06-JUL-2020,
OPTSTK,NIITTECH,27-Aug-2020,1240,PE,0,0,0,94,44.1,0,0,0,0,06-JUL-2020,
OPTSTK,NIITTECH,27-Aug-2020,1250,PE,0,0,0,157.1,47,0,0,0,0,06-JUL-2020,
OPTSTK,NIITTECH,27-Aug-2020,1260,PE,0,0,0,102.35,50,0,0,0,0,06-JUL-2020,
OPTSTK,NIITTECH,27-Aug-2020,1280,PE,0,0,0,111.15,56.4,0,0,0,0,06-JUL-2020,
OPTSTK,NIITTECH,27-Aug-2020,1300,PE,0,0,0,180.2,63.3,0,0,0,0,06-JUL-2020,
OPTSTK,NIITTECH,27-Aug-2020,1320,PE,0,0,0,129.9,70.75,0,0,0,0,06-JUL-2020,
OPTSTK,NIITTECH,27-Aug-2020,1340,PE,0,0,0,139.85,78.65,0,0,0,0,06-JUL-2020,
OPTSTK,NIITTECH,27-Aug-2020,1350,PE,0,0,0,204.9,82.85,0,0,0,0,06-JUL-2020,
OPTSTK,NIITTECH,27-Aug-2020,1360,PE,0,0,0,150.2,87.1,0,0,0,0,06-JUL-2020,
OPTSTK,NIITTECH,27-Aug-2020,1380,PE,0,0,0,160.95,96.05,0,0,0,0,06-JUL-2020,
OPTSTK,NIITTECH,27-Aug-2020,1400,PE,0,0,0,100.05,105.55,0,0,375,0,06-JUL-2020,
OPTSTK,NIITTECH,27-Aug-2020,1420,PE,0,0,0,183.6,115.5,0,0,0,0,06-JUL-2020,
OPTSTK,NIITTECH,27-Aug-2020,1440,PE,0,0,0,195.4,125.95,0,0,0,0,06-JUL-2020,
OPTSTK,NIITTECH,27-Aug-2020,1450,PE,0,0,0,258.7,131.4,0,0,0,0,06-JUL-2020,
OPTSTK,NIITTECH,27-Aug-2020,1460,PE,0,0,0,207.6,136.9,0,0,0,0,06-JUL-2020,
OPTSTK,NIITTECH,27-Aug-2020,1480,PE,0,0,0,220.15,148.35,0,0,0,0,06-JUL-2020,
OPTSTK,NIITTECH,27-Aug-2020,1500,PE,0,0,0,287.7,160.25,0,0,0,0,06-JUL-2020,
OPTSTK,NIITTECH,27-Aug-2020,1520,PE,0,0,0,246.2,172.6,0,0,0,0,06-JUL-2020,
OPTSTK,NIITTECH,27-Aug-2020,1540,PE,0,0,0,259.7,185.35,0,0,0,0,06-JUL-2020,
OPTSTK,NIITTECH,27-Aug-2020,1550,PE,0,0,0,318,191.9,0,0,0,0,06-JUL-2020,
OPTSTK,NIITTECH,27-Aug-2020,1560,PE,0,0,0,273.5,198.55,0,0,0,0,06-JUL-2020,
OPTSTK,NIITTECH,27-Aug-2020,1580,PE,0,0,0,287.6,212.2,0,0,0,0,06-JUL-2020,
OPTSTK,NIITTECH,27-Aug-2020,1600,PE,0,0,0,349.55,226.2,0,0,0,0,06-JUL-2020,
OPTSTK,NIITTECH,27-Aug-2020,1620,PE,0,0,0,316.6,240.55,0,0,0,0,06-JUL-2020,
OPTSTK,NIITTECH,27-Aug-2020,1640,PE,0,0,0,331.55,255.3,0,0,0,0,06-JUL-2020,
OPTSTK,NIITTECH,27-Aug-2020,1650,PE,0,0,0,382.3,262.8,0,0,0,0,06-JUL-2020,
OPTSTK,NIITTECH,27-Aug-2020,1660,PE,0,0,0,346.7,270.4,0,0,0,0,06-JUL-2020,
OPTSTK,NIITTECH,27-Aug-2020,1680,PE,0,0,0,362.1,285.8,0,0,0,0,06-JUL-2020,
OPTSTK,NIITTECH,27-Aug-2020,1700,PE,0,0,0,416.15,301.5,0,0,0,0,06-JUL-2020,
OPTSTK,NIITTECH,27-Aug-2020,1750,PE,0,0,0,451,342.05,0,0,0,0,06-JUL-2020,
OPTSTK,NIITTECH,27-Aug-2020,1800,PE,0,0,0,486.9,384.2,0,0,0,0,06-JUL-2020,
OPTSTK,NIITTECH,24-Sep-2020,900,CE,0,0,0,511.45,550.2,0,0,0,0,06-JUL-2020,
OPTSTK,NIITTECH,24-Sep-2020,920,CE,0,0,0,494.9,531.65,0,0,0,0,06-JUL-2020,
OPTSTK,NIITTECH,24-Sep-2020,940,CE,0,0,0,478.65,513.3,0,0,0,0,06-JUL-2020,
OPTSTK,NIITTECH,24-Sep-2020,960,CE,0,0,0,462.65,495.15,0,0,0,0,06-JUL-2020,
OPTSTK,NIITTECH,24-Sep-2020,980,CE,0,0,0,447,477.25,0,0,0,0,06-JUL-2020,
OPTSTK,NIITTECH,24-Sep-2020,1000,CE,0,0,0,431.7,459.6,0,0,0,0,06-JUL-2020,
OPTSTK,NIITTECH,24-Sep-2020,1020,CE,0,0,0,416.7,442.25,0,0,0,0,06-JUL-2020,
OPTSTK,NIITTECH,24-Sep-2020,1040,CE,0,0,0,402.05,425.2,0,0,0,0,06-JUL-2020,
OPTSTK,NIITTECH,24-Sep-2020,1060,CE,0,0,0,387.75,408.45,0,0,0,0,06-JUL-2020,
OPTSTK,NIITTECH,24-Sep-2020,1080,CE,0,0,0,373.75,392.05,0,0,0,0,06-JUL-2020,
OPTSTK,NIITTECH,24-Sep-2020,1100,CE,0,0,0,360.1,375.95,0,0,0,0,06-JUL-2020,
OPTSTK,NIITTECH,24-Sep-2020,1120,CE,0,0,0,346.85,360.25,0,0,0,0,06-JUL-2020,
OPTSTK,NIITTECH,24-Sep-2020,1140,CE,0,0,0,333.9,344.9,0,0,0,0,06-JUL-2020,
OPTSTK,NIITTECH,24-Sep-2020,1160,CE,0,0,0,321.35,329.95,0,0,0,0,06-JUL-2020,
OPTSTK,NIITTECH,24-Sep-2020,1180,CE,0,0,0,309.05,315.4,0,0,0,0,06-JUL-2020,
OPTSTK,NIITTECH,24-Sep-2020,1200,CE,0,0,0,297.2,301.2,0,0,0,0,06-JUL-2020,
OPTSTK,NIITTECH,24-Sep-2020,1220,CE,0,0,0,285.7,287.45,0,0,0,0,06-JUL-2020,
OPTSTK,NIITTECH,24-Sep-2020,1240,CE,0,0,0,274.55,274.1,0,0,0,0,06-JUL-2020,
OPTSTK,NIITTECH,24-Sep-2020,1260,CE,0,0,0,263.75,261.2,0,0,0,0,06-JUL-2020,
OPTSTK,NIITTECH,24-Sep-2020,1280,CE,0,0,0,253.25,248.7,0,0,0,0,06-JUL-2020,
OPTSTK,NIITTECH,24-Sep-2020,1300,CE,0,0,0,243.15,236.6,0,0,0,0,06-JUL-2020,
OPTSTK,NIITTECH,24-Sep-2020,1320,CE,0,0,0,233.35,224.95,0,0,0,0,06-JUL-2020,
OPTSTK,NIITTECH,24-Sep-2020,1340,CE,0,0,0,223.85,213.7,0,0,0,0,06-JUL-2020,
OPTSTK,NIITTECH,24-Sep-2020,1360,CE,0,0,0,214.7,202.9,0,0,0,0,06-JUL-2020,
OPTSTK,NIITTECH,24-Sep-2020,1380,CE,0,0,0,205.85,192.45,0,0,0,0,06-JUL-2020,
OPTSTK,NIITTECH,24-Sep-2020,1400,CE,0,0,0,197.35,182.5,0,0,0,0,06-JUL-2020,
OPTSTK,NIITTECH,24-Sep-2020,1420,CE,0,0,0,189.1,172.9,0,0,0,0,06-JUL-2020,
OPTSTK,NIITTECH,24-Sep-2020,1440,CE,0,0,0,181.2,163.7,0,0,0,0,06-JUL-2020,
OPTSTK,NIITTECH,24-Sep-2020,1460,CE,0,0,0,173.55,154.9,0,0,0,0,06-JUL-2020,
OPTSTK,NIITTECH,24-Sep-2020,1480,CE,0,0,0,166.2,146.45,0,0,0,0,06-JUL-2020,
OPTSTK,NIITTECH,24-Sep-2020,1500,CE,0,0,0,159.1,138.45,0,0,0,0,06-JUL-2020,
OPTSTK,NIITTECH,24-Sep-2020,1520,CE,0,0,0,152.3,130.75,0,0,0,0,06-JUL-2020,
OPTSTK,NIITTECH,24-Sep-2020,1540,CE,0,0,0,145.75,123.4,0,0,0,0,06-JUL-2020,
OPTSTK,NIITTECH,24-Sep-2020,1560,CE,0,0,0,139.45,116.45,0,0,0,0,06-JUL-2020,
OPTSTK,NIITTECH,24-Sep-2020,1580,CE,0,0,0,133.4,109.8,0,0,0,0,06-JUL-2020,
OPTSTK,NIITTECH,24-Sep-2020,1600,CE,0,0,0,127.6,103.5,0,0,0,0,06-JUL-2020,
OPTSTK,NIITTECH,24-Sep-2020,1620,CE,0,0,0,122,97.45,0,0,0,0,06-JUL-2020,
OPTSTK,NIITTECH,24-Sep-2020,1640,CE,0,0,0,116.65,91.75,0,0,0,0,06-JUL-2020,
OPTSTK,NIITTECH,24-Sep-2020,1660,CE,0,0,0,111.5,86.35,0,0,0,0,06-JUL-2020,
OPTSTK,NIITTECH,24-Sep-2020,1680,CE,0,0,0,106.65,81.2,0,0,0,0,06-JUL-2020,
OPTSTK,NIITTECH,24-Sep-2020,1700,CE,0,0,0,101.95,76.35,0,0,0,0,06-JUL-2020,
OPTSTK,NIITTECH,24-Sep-2020,1720,CE,0,0,0,97.4,71.75,0,0,0,0,06-JUL-2020,
OPTSTK,NIITTECH,24-Sep-2020,1740,CE,0,0,0,93.1,67.4,0,0,0,0,06-JUL-2020,
OPTSTK,NIITTECH,24-Sep-2020,1760,CE,0,0,0,88.95,63.3,0,0,0,0,06-JUL-2020,
OPTSTK,NIITTECH,24-Sep-2020,1780,CE,0,0,0,84.95,59.4,0,0,0,0,06-JUL-2020,
OPTSTK,NIITTECH,24-Sep-2020,1800,CE,0,0,0,81.15,55.7,0,0,0,0,06-JUL-2020,
OPTSTK,NIITTECH,24-Sep-2020,900,PE,0,0,0,22.5,5.6,0,0,0,0,06-JUL-2020,
OPTSTK,NIITTECH,24-Sep-2020,920,PE,0,0,0,25.7,6.85,0,0,0,0,06-JUL-2020,
OPTSTK,NIITTECH,24-Sep-2020,940,PE,0,0,0,29.15,8.3,0,0,0,0,06-JUL-2020,
OPTSTK,NIITTECH,24-Sep-2020,960,PE,0,0,0,32.95,10,0,0,0,0,06-JUL-2020,
OPTSTK,NIITTECH,24-Sep-2020,980,PE,0,0,0,37.1,11.9,0,0,0,0,06-JUL-2020,
OPTSTK,NIITTECH,24-Sep-2020,1000,PE,0,0,0,41.55,14.1,0,0,0,0,06-JUL-2020,
OPTSTK,NIITTECH,24-Sep-2020,1020,PE,0,0,0,46.3,16.55,0,0,0,0,06-JUL-2020,
OPTSTK,NIITTECH,24-Sep-2020,1040,PE,0,0,0,51.45,19.3,0,0,0,0,06-JUL-2020,
OPTSTK,NIITTECH,24-Sep-2020,1060,PE,0,0,0,56.9,22.35,0,0,0,0,06-JUL-2020,
OPTSTK,NIITTECH,24-Sep-2020,1080,PE,0,0,0,62.65,25.75,0,0,0,0,06-JUL-2020,
OPTSTK,NIITTECH,24-Sep-2020,1100,PE,0,0,0,68.8,29.5,0,0,0,0,06-JUL-2020,
OPTSTK,NIITTECH,24-Sep-2020,1120,PE,0,0,0,75.3,33.6,0,0,0,0,06-JUL-2020,
OPTSTK,NIITTECH,24-Sep-2020,1140,PE,0,0,0,82.15,38.1,0,0,0,0,06-JUL-2020,
OPTSTK,NIITTECH,24-Sep-2020,1160,PE,0,0,0,89.35,42.95,0,0,0,0,06-JUL-2020,
OPTSTK,NIITTECH,24-Sep-2020,1180,PE,0,0,0,96.85,48.2,0,0,0,0,06-JUL-2020,
OPTSTK,NIITTECH,24-Sep-2020,1200,PE,0,0,0,104.75,53.85,0,0,0,0,06-JUL-2020,
OPTSTK,NIITTECH,24-Sep-2020,1220,PE,0,0,0,113,59.9,0,0,0,0,06-JUL-2020,
OPTSTK,NIITTECH,24-Sep-2020,1240,PE,0,0,0,121.6,66.35,0,0,0,0,06-JUL-2020,
OPTSTK,NIITTECH,24-Sep-2020,1260,PE,0,0,0,130.55,73.25,0,0,0,0,06-JUL-2020,
OPTSTK,NIITTECH,24-Sep-2020,1280,PE,0,0,0,139.85,80.55,0,0,0,0,06-JUL-2020,
OPTSTK,NIITTECH,24-Sep-2020,1300,PE,0,0,0,149.5,88.3,0,0,0,0,06-JUL-2020,
OPTSTK,NIITTECH,24-Sep-2020,1320,PE,0,0,0,159.45,96.45,0,0,0,0,06-JUL-2020,
OPTSTK,NIITTECH,24-Sep-2020,1340,PE,0,0,0,169.75,105.05,0,0,0,0,06-JUL-2020,
OPTSTK,NIITTECH,24-Sep-2020,1360,PE,0,0,0,180.4,114,0,0,0,0,06-JUL-2020,
OPTSTK,NIITTECH,24-Sep-2020,1380,PE,0,0,0,191.3,123.45,0,0,0,0,06-JUL-2020,
OPTSTK,NIITTECH,24-Sep-2020,1400,PE,0,0,0,202.55,133.25,0,0,0,0,06-JUL-2020,
OPTSTK,NIITTECH,24-Sep-2020,1420,PE,0,0,0,214.1,143.45,0,0,0,0,06-JUL-2020,
OPTSTK,NIITTECH,24-Sep-2020,1440,PE,0,0,0,225.95,154.1,0,0,0,0,06-JUL-2020,
OPTSTK,NIITTECH,24-Sep-2020,1460,PE,0,0,0,238.05,165.1,0,0,0,0,06-JUL-2020,
OPTSTK,NIITTECH,24-Sep-2020,1480,PE,0,0,0,250.5,176.5,0,0,0,0,06-JUL-2020,
OPTSTK,NIITTECH,24-Sep-2020,1500,PE,0,0,0,263.15,188.25,0,0,0,0,06-JUL-2020,
OPTSTK,NIITTECH,24-Sep-2020,1520,PE,0,0,0,276.15,200.4,0,0,0,0,06-JUL-2020,
OPTSTK,NIITTECH,24-Sep-2020,1540,PE,0,0,0,289.35,212.9,0,0,0,0,06-JUL-2020,
OPTSTK,NIITTECH,24-Sep-2020,1560,PE,0,0,0,302.8,225.75,0,0,0,0,06-JUL-2020,
OPTSTK,NIITTECH,24-Sep-2020,1580,PE,0,0,0,316.55,238.9,0,0,0,0,06-JUL-2020,
OPTSTK,NIITTECH,24-Sep-2020,1600,PE,0,0,0,330.5,252.4,0,0,0,0,06-JUL-2020,
OPTSTK,NIITTECH,24-Sep-2020,1620,PE,0,0,0,344.65,266.2,0,0,0,0,06-JUL-2020,
OPTSTK,NIITTECH,24-Sep-2020,1640,PE,0,0,0,359.1,280.3,0,0,0,0,06-JUL-2020,
OPTSTK,NIITTECH,24-Sep-2020,1660,PE,0,0,0,373.7,294.7,0,0,0,0,06-JUL-2020,
OPTSTK,NIITTECH,24-Sep-2020,1680,PE,0,0,0,388.6,309.4,0,0,0,0,06-JUL-2020,
OPTSTK,NIITTECH,24-Sep-2020,1700,PE,0,0,0,403.65,324.35,0,0,0,0,06-JUL-2020,
OPTSTK,NIITTECH,24-Sep-2020,1720,PE,0,0,0,418.9,339.55,0,0,0,0,06-JUL-2020,
OPTSTK,NIITTECH,24-Sep-2020,1740,PE,0,0,0,434.35,355,0,0,0,0,06-JUL-2020,
OPTSTK,NIITTECH,24-Sep-2020,1760,PE,0,0,0,449.95,370.7,0,0,0,0,06-JUL-2020,
OPTSTK,NIITTECH,24-Sep-2020,1780,PE,0,0,0,465.75,386.65,0,0,0,0,06-JUL-2020,
OPTSTK,NIITTECH,24-Sep-2020,1800,PE,0,0,0,481.7,402.8,0,0,0,0,06-JUL-2020,
OPTSTK,NMDC,30-Jul-2020,50,CE,0,0,0,32.6,35.15,0,0,0,0,06-JUL-2020,
OPTSTK,NMDC,30-Jul-2020,52.5,CE,0,0,0,30.55,32.65,0,0,0,0,06-JUL-2020,
OPTSTK,NMDC,30-Jul-2020,55,CE,0,0,0,28.6,30.15,0,0,0,0,06-JUL-2020,
OPTSTK,NMDC,30-Jul-2020,57.5,CE,0,0,0,26.75,27.65,0,0,0,0,06-JUL-2020,
OPTSTK,NMDC,30-Jul-2020,60,CE,0,0,0,24.95,25.2,0,0,0,0,06-JUL-2020,
OPTSTK,NMDC,30-Jul-2020,62.5,CE,0,0,0,23.2,22.7,0,0,0,0,06-JUL-2020,
OPTSTK,NMDC,30-Jul-2020,65,CE,0,0,0,21.6,20.25,0,0,0,0,06-JUL-2020,
OPTSTK,NMDC,30-Jul-2020,67.5,CE,18.3,18.3,18.3,18.3,18.3,1,5.74,6700,6700,06-JUL-2020,
OPTSTK,NMDC,30-Jul-2020,70,CE,14.75,14.75,14.75,14.75,14.75,1,5.67,20100,-6700,06-JUL-2020,
OPTSTK,NMDC,30-Jul-2020,72.5,CE,0,0,0,17.25,13.2,0,0,0,0,06-JUL-2020,
OPTSTK,NMDC,30-Jul-2020,75,CE,0,0,0,9.5,11.05,0,0,26800,0,06-JUL-2020,
OPTSTK,NMDC,30-Jul-2020,77.5,CE,0,0,0,14.75,9.1,0,0,0,0,06-JUL-2020,
OPTSTK,NMDC,30-Jul-2020,80,CE,6,7.75,6,7.3,7.3,53,307.45,268000,-53600,06-JUL-2020,
OPTSTK,NMDC,30-Jul-2020,82.5,CE,4.4,5.95,4.4,5.45,5.45,36,211.42,174200,-33500,06-JUL-2020,
OPTSTK,NMDC,30-Jul-2020,85,CE,3.45,4.6,3.25,4.25,4.25,306,1823.81,1085400,-26800,06-JUL-2020,
OPTSTK,NMDC,30-Jul-2020,87.5,CE,2.5,3.4,2.4,3.15,3.15,41,248.14,348400,-26800,06-JUL-2020,
OPTSTK,NMDC,30-Jul-2020,90,CE,1.9,2.6,1.75,2.4,2.4,381,2354.21,1882700,-46900,06-JUL-2020,
OPTSTK,NMDC,30-Jul-2020,92.5,CE,1.55,1.85,1.5,1.7,1.7,16,100.92,154100,40200,06-JUL-2020,
OPTSTK,NMDC,30-Jul-2020,95,CE,0.95,1.4,0.85,1.25,1.25,100,643.78,830800,33500,06-JUL-2020,
OPTSTK,NMDC,30-Jul-2020,97.5,CE,0.75,0.85,0.75,0.85,0.9,3,19.76,134000,6700,06-JUL-2020,
OPTSTK,NMDC,30-Jul-2020,100,CE,0.5,0.8,0.5,0.75,0.75,141,950.6,2827400,46900,06-JUL-2020,
OPTSTK,NMDC,30-Jul-2020,102.5,CE,0.45,0.45,0.45,0.45,0.45,1,6.89,6700,6700,06-JUL-2020,
OPTSTK,NMDC,30-Jul-2020,105,CE,0.25,0.4,0.25,0.4,0.4,44,310.52,355100,0,06-JUL-2020,
OPTSTK,NMDC,30-Jul-2020,107.5,CE,0.2,0.3,0.2,0.3,0.3,5,36.09,201000,13400,06-JUL-2020,
OPTSTK,NMDC,30-Jul-2020,50,PE,0,0,0,1.4,0.05,0,0,0,0,06-JUL-2020,
OPTSTK,NMDC,30-Jul-2020,52.5,PE,0,0,0,1.85,0.05,0,0,0,0,06-JUL-2020,
OPTSTK,NMDC,30-Jul-2020,55,PE,0,0,0,2.35,0.05,0,0,0,0,06-JUL-2020,
OPTSTK,NMDC,30-Jul-2020,57.5,PE,0,0,0,2.95,0.05,0,0,0,0,06-JUL-2020,
OPTSTK,NMDC,30-Jul-2020,60,PE,0.1,0.1,0.1,0.1,0.1,3,12.08,67000,0,06-JUL-2020,
OPTSTK,NMDC,30-Jul-2020,62.5,PE,0.1,0.1,0.1,0.1,0.05,3,12.58,20100,20100,06-JUL-2020,
OPTSTK,NMDC,30-Jul-2020,65,PE,0.15,0.15,0.1,0.1,0.1,10,43.62,60300,60300,06-JUL-2020,
OPTSTK,NMDC,30-Jul-2020,67.5,PE,0.15,0.15,0.15,0.15,0.15,1,4.53,13400,6700,06-JUL-2020,
OPTSTK,NMDC,30-Jul-2020,70,PE,0.35,0.4,0.2,0.25,0.25,41,193.13,844200,33500,06-JUL-2020,
OPTSTK,NMDC,30-Jul-2020,72.5,PE,0.6,0.6,0.45,0.45,0.45,7,34.26,60300,-40200,06-JUL-2020,
OPTSTK,NMDC,30-Jul-2020,75,PE,1,1,0.6,0.7,0.7,48,243.77,616400,-107200,06-JUL-2020,
OPTSTK,NMDC,30-Jul-2020,77.5,PE,1.55,1.55,1,1.15,1.15,23,121.38,294800,20100,06-JUL-2020,
OPTSTK,NMDC,30-Jul-2020,80,PE,2.25,2.3,1.55,1.7,1.7,104,570.91,877700,46900,06-JUL-2020,
OPTSTK,NMDC,30-Jul-2020,82.5,PE,3.6,3.6,2.3,2.6,2.6,43,245.72,348400,13400,06-JUL-2020,
OPTSTK,NMDC,30-Jul-2020,85,PE,4.65,4.7,3.55,3.75,3.75,62,369.77,515900,93800,06-JUL-2020,
OPTSTK,NMDC,30-Jul-2020,87.5,PE,5.25,5.3,5,5.2,5.2,14,86.93,174200,53600,06-JUL-2020,
OPTSTK,NMDC,30-Jul-2020,90,PE,7.35,7.35,6.4,6.85,6.85,24,155.67,281400,-33500,06-JUL-2020,
OPTSTK,NMDC,30-Jul-2020,92.5,PE,8.8,9,8.65,8.8,8.8,8,54.29,40200,20100,06-JUL-2020,
OPTSTK,NMDC,30-Jul-2020,95,PE,10.85,10.85,10.65,10.75,10.75,6,42.5,26800,20100,06-JUL-2020,
OPTSTK,NMDC,30-Jul-2020,97.5,PE,0,0,0,15.6,13.1,0,0,13400,0,06-JUL-2020,
OPTSTK,NMDC,30-Jul-2020,100,PE,15.15,15.15,14.7,14.95,14.95,5,38.49,93800,-13400,06-JUL-2020,
OPTSTK,NMDC,30-Jul-2020,102.5,PE,0,0,0,27.2,17.6,0,0,0,0,06-JUL-2020,
OPTSTK,NMDC,30-Jul-2020,105,PE,0,0,0,19.05,19.95,0,0,13400,0,06-JUL-2020,
OPTSTK,NMDC,30-Jul-2020,107.5,PE,0,0,0,31.1,22.35,0,0,0,0,06-JUL-2020,
OPTSTK,NMDC,27-Aug-2020,50,CE,0,0,0,30.4,35.3,0,0,0,0,06-JUL-2020,
OPTSTK,NMDC,27-Aug-2020,52.5,CE,0,0,0,28.25,32.85,0,0,0,0,06-JUL-2020,
OPTSTK,NMDC,27-Aug-2020,55,CE,0,0,0,26.2,30.35,0,0,0,0,06-JUL-2020,
OPTSTK,NMDC,27-Aug-2020,57.5,CE,0,0,0,24.2,27.95,0,0,0,0,06-JUL-2020,
OPTSTK,NMDC,27-Aug-2020,60,CE,0,0,0,22.3,25.5,0,0,0,0,06-JUL-2020,
OPTSTK,NMDC,27-Aug-2020,62.5,CE,0,0,0,20.5,23.15,0,0,0,0,06-JUL-2020,
OPTSTK,NMDC,27-Aug-2020,65,CE,0,0,0,18.8,20.85,0,0,0,0,06-JUL-2020,
OPTSTK,NMDC,27-Aug-2020,67.5,CE,0,0,0,17.2,18.65,0,0,0,0,06-JUL-2020,
OPTSTK,NMDC,27-Aug-2020,70,CE,0,0,0,15.7,16.5,0,0,0,0,06-JUL-2020,
OPTSTK,NMDC,27-Aug-2020,72.5,CE,0,0,0,14.35,14.5,0,0,0,0,06-JUL-2020,
OPTSTK,NMDC,27-Aug-2020,75,CE,0,0,0,13.05,12.6,0,0,0,0,06-JUL-2020,
OPTSTK,NMDC,27-Aug-2020,77.5,CE,0,0,0,11.85,10.9,0,0,0,0,06-JUL-2020,
OPTSTK,NMDC,27-Aug-2020,80,CE,0,0,0,10.7,9.3,0,0,0,0,06-JUL-2020,
OPTSTK,NMDC,27-Aug-2020,82.5,CE,0,0,0,9.7,7.9,0,0,0,0,06-JUL-2020,
OPTSTK,NMDC,27-Aug-2020,85,CE,0,0,0,5.25,6.65,0,0,6700,0,06-JUL-2020,
OPTSTK,NMDC,27-Aug-2020,87.5,CE,0,0,0,7.9,5.55,0,0,0,0,06-JUL-2020,
OPTSTK,NMDC,27-Aug-2020,90,CE,3.9,3.9,3.9,3.9,3.9,1,6.29,13400,6700,06-JUL-2020,
OPTSTK,NMDC,27-Aug-2020,92.5,CE,0,0,0,6.4,3.75,0,0,0,0,06-JUL-2020,
OPTSTK,NMDC,27-Aug-2020,95,CE,0,0,0,3,3.05,0,0,6700,0,06-JUL-2020,
OPTSTK,NMDC,27-Aug-2020,97.5,CE,0,0,0,5.2,2.45,0,0,0,0,06-JUL-2020,
OPTSTK,NMDC,27-Aug-2020,100,CE,0,0,0,3.25,2,0,0,13400,0,06-JUL-2020,
OPTSTK,NMDC,27-Aug-2020,102.5,CE,0,0,0,4.15,1.6,0,0,0,0,06-JUL-2020,
OPTSTK,NMDC,27-Aug-2020,105,CE,0,0,0,3.75,1.25,0,0,0,0,06-JUL-2020,
OPTSTK,NMDC,27-Aug-2020,107.5,CE,0,0,0,3.35,1,0,0,0,0,06-JUL-2020,
OPTSTK,NMDC,27-Aug-2020,50,PE,0,0,0,0.85,0.05,0,0,0,0,06-JUL-2020,
OPTSTK,NMDC,27-Aug-2020,52.5,PE,0,0,0,1.15,0.05,0,0,0,0,06-JUL-2020,
OPTSTK,NMDC,27-Aug-2020,55,PE,0,0,0,1.55,0.05,0,0,0,0,06-JUL-2020,
OPTSTK,NMDC,27-Aug-2020,57.5,PE,0,0,0,2.05,0.1,0,0,0,0,06-JUL-2020,
OPTSTK,NMDC,27-Aug-2020,60,PE,0,0,0,2.65,0.15,0,0,0,0,06-JUL-2020,
OPTSTK,NMDC,27-Aug-2020,62.5,PE,0,0,0,3.3,0.3,0,0,0,0,06-JUL-2020,
OPTSTK,NMDC,27-Aug-2020,65,PE,0,0,0,4.1,0.45,0,0,0,0,06-JUL-2020,
OPTSTK,NMDC,27-Aug-2020,67.5,PE,0,0,0,4.95,0.7,0,0,0,0,06-JUL-2020,
OPTSTK,NMDC,27-Aug-2020,70,PE,0,0,0,1.4,1.1,0,0,13400,0,06-JUL-2020,
OPTSTK,NMDC,27-Aug-2020,72.5,PE,0,0,0,7,1.55,0,0,0,0,06-JUL-2020,
OPTSTK,NMDC,27-Aug-2020,75,PE,0,0,0,8.15,2.15,0,0,0,0,06-JUL-2020,
OPTSTK,NMDC,27-Aug-2020,77.5,PE,0,0,0,9.45,2.9,0,0,0,0,06-JUL-2020,
OPTSTK,NMDC,27-Aug-2020,80,PE,0,0,0,10.8,3.85,0,0,0,0,06-JUL-2020,
OPTSTK,NMDC,27-Aug-2020,82.5,PE,0,0,0,12.25,4.9,0,0,0,0,06-JUL-2020,
OPTSTK,NMDC,27-Aug-2020,85,PE,0,0,0,13.8,6.15,0,0,0,0,06-JUL-2020,
OPTSTK,NMDC,27-Aug-2020,87.5,PE,0,0,0,15.4,7.5,0,0,0,0,06-JUL-2020,
OPTSTK,NMDC,27-Aug-2020,90,PE,0,0,0,17.1,9.05,0,0,0,0,06-JUL-2020,
OPTSTK,NMDC,27-Aug-2020,92.5,PE,0,0,0,18.85,10.7,0,0,0,0,06-JUL-2020,
OPTSTK,NMDC,27-Aug-2020,95,PE,0,0,0,20.65,12.5,0,0,0,0,06-JUL-2020,
OPTSTK,NMDC,27-Aug-2020,97.5,PE,0,0,0,22.55,14.4,0,0,0,0,06-JUL-2020,
OPTSTK,NMDC,27-Aug-2020,100,PE,0,0,0,24.5,16.4,0,0,0,0,06-JUL-2020,
OPTSTK,NMDC,27-Aug-2020,102.5,PE,0,0,0,26.5,18.45,0,0,0,0,06-JUL-2020,
OPTSTK,NMDC,27-Aug-2020,105,PE,0,0,0,28.5,20.6,0,0,0,0,06-JUL-2020,
OPTSTK,NMDC,27-Aug-2020,107.5,PE,0,0,0,30.6,22.85,0,0,0,0,06-JUL-2020,
OPTSTK,NMDC,24-Sep-2020,50,CE,0,0,0,35.15,35.5,0,0,0,0,06-JUL-2020,
OPTSTK,NMDC,24-Sep-2020,52.5,CE,0,0,0,32.85,33.1,0,0,0,0,06-JUL-2020,
OPTSTK,NMDC,24-Sep-2020,55,CE,0,0,0,30.6,30.7,0,0,0,0,06-JUL-2020,
OPTSTK,NMDC,24-Sep-2020,57.5,CE,0,0,0,28.4,28.35,0,0,0,0,06-JUL-2020,
OPTSTK,NMDC,24-Sep-2020,60,CE,0,0,0,26.3,26,0,0,0,0,06-JUL-2020,
OPTSTK,NMDC,24-Sep-2020,62.5,CE,0,0,0,24.25,23.75,0,0,0,0,06-JUL-2020,
OPTSTK,NMDC,24-Sep-2020,65,CE,0,0,0,22.3,21.6,0,0,0,0,06-JUL-2020,
OPTSTK,NMDC,24-Sep-2020,67.5,CE,0,0,0,20.45,19.55,0,0,0,0,06-JUL-2020,
OPTSTK,NMDC,24-Sep-2020,70,CE,0,0,0,18.7,17.55,0,0,0,0,06-JUL-2020,
OPTSTK,NMDC,24-Sep-2020,72.5,CE,0,0,0,17.05,15.7,0,0,0,0,06-JUL-2020,
OPTSTK,NMDC,24-Sep-2020,75,CE,0,0,0,15.5,13.95,0,0,0,0,06-JUL-2020,
OPTSTK,NMDC,24-Sep-2020,77.5,CE,0,0,0,14.05,12.35,0,0,0,0,06-JUL-2020,
OPTSTK,NMDC,24-Sep-2020,80,CE,0,0,0,12.7,10.9,0,0,0,0,06-JUL-2020,
OPTSTK,NMDC,24-Sep-2020,82.5,CE,0,0,0,11.45,9.5,0,0,0,0,06-JUL-2020,
OPTSTK,NMDC,24-Sep-2020,85,CE,0,0,0,10.3,8.3,0,0,0,0,06-JUL-2020,
OPTSTK,NMDC,24-Sep-2020,87.5,CE,0,0,0,9.25,7.2,0,0,0,0,06-JUL-2020,
OPTSTK,NMDC,24-Sep-2020,90,CE,0,0,0,8.3,6.2,0,0,0,0,06-JUL-2020,
OPTSTK,NMDC,24-Sep-2020,92.5,CE,0,0,0,7.45,5.35,0,0,0,0,06-JUL-2020,
OPTSTK,NMDC,24-Sep-2020,95,CE,0,0,0,6.65,4.55,0,0,0,0,06-JUL-2020,
OPTSTK,NMDC,24-Sep-2020,97.5,CE,0,0,0,5.95,3.9,0,0,0,0,06-JUL-2020,
OPTSTK,NMDC,24-Sep-2020,100,CE,0,0,0,5.3,3.3,0,0,0,0,06-JUL-2020,
OPTSTK,NMDC,24-Sep-2020,102.5,CE,0,0,0,4.7,2.8,0,0,0,0,06-JUL-2020,
OPTSTK,NMDC,24-Sep-2020,105,CE,0,0,0,4.2,2.35,0,0,0,0,06-JUL-2020,
OPTSTK,NMDC,24-Sep-2020,107.5,CE,0,0,0,3.7,2,0,0,0,0,06-JUL-2020,
OPTSTK,NMDC,24-Sep-2020,50,PE,0,0,0,0.35,0.05,0,0,0,0,06-JUL-2020,
OPTSTK,NMDC,24-Sep-2020,52.5,PE,0,0,0,0.5,0.1,0,0,0,0,06-JUL-2020,
OPTSTK,NMDC,24-Sep-2020,55,PE,0,0,0,0.7,0.2,0,0,0,0,06-JUL-2020,
OPTSTK,NMDC,24-Sep-2020,57.5,PE,0,0,0,1,0.3,0,0,0,0,06-JUL-2020,
OPTSTK,NMDC,24-Sep-2020,60,PE,0,0,0,1.35,0.45,0,0,0,0,06-JUL-2020,
OPTSTK,NMDC,24-Sep-2020,62.5,PE,0,0,0,1.8,0.7,0,0,0,0,06-JUL-2020,
OPTSTK,NMDC,24-Sep-2020,65,PE,0,0,0,2.3,1,0,0,0,0,06-JUL-2020,
OPTSTK,NMDC,24-Sep-2020,67.5,PE,0,0,0,2.9,1.4,0,0,0,0,06-JUL-2020,
OPTSTK,NMDC,24-Sep-2020,70,PE,0,0,0,3.65,1.9,0,0,0,0,06-JUL-2020,
OPTSTK,NMDC,24-Sep-2020,72.5,PE,0,0,0,4.45,2.55,0,0,0,0,06-JUL-2020,
OPTSTK,NMDC,24-Sep-2020,75,PE,0,0,0,5.35,3.25,0,0,0,0,06-JUL-2020,
OPTSTK,NMDC,24-Sep-2020,77.5,PE,0,0,0,6.4,4.15,0,0,0,0,06-JUL-2020,
OPTSTK,NMDC,24-Sep-2020,80,PE,0,0,0,7.55,5.15,0,0,0,0,06-JUL-2020,
OPTSTK,NMDC,24-Sep-2020,82.5,PE,0,0,0,8.75,6.25,0,0,0,0,06-JUL-2020,
OPTSTK,NMDC,24-Sep-2020,85,PE,0,0,0,10.1,7.5,0,0,0,0,06-JUL-2020,
OPTSTK,NMDC,24-Sep-2020,87.5,PE,0,0,0,11.5,8.9,0,0,0,0,06-JUL-2020,
OPTSTK,NMDC,24-Sep-2020,90,PE,0,0,0,13,10.4,0,0,0,0,06-JUL-2020,
OPTSTK,NMDC,24-Sep-2020,92.5,PE,0,0,0,14.6,12,0,0,0,0,06-JUL-2020,
OPTSTK,NMDC,24-Sep-2020,95,PE,0,0,0,16.3,13.7,0,0,0,0,06-JUL-2020,
OPTSTK,NMDC,24-Sep-2020,97.5,PE,0,0,0,18.05,15.5,0,0,0,0,06-JUL-2020,
OPTSTK,NMDC,24-Sep-2020,100,PE,0,0,0,19.85,17.4,0,0,0,0,06-JUL-2020,
OPTSTK,NMDC,24-Sep-2020,102.5,PE,0,0,0,21.75,19.35,0,0,0,0,06-JUL-2020,
OPTSTK,NMDC,24-Sep-2020,105,PE,0,0,0,23.7,21.4,0,0,0,0,06-JUL-2020,
OPTSTK,NMDC,24-Sep-2020,107.5,PE,0,0,0,25.7,23.5,0,0,0,0,06-JUL-2020,
OPTSTK,NTPC,30-Jul-2020,60,CE,0,0,0,36.3,35.35,0,0,0,0,06-JUL-2020,
OPTSTK,NTPC,30-Jul-2020,62.5,CE,0,0,0,34.05,32.85,0,0,0,0,06-JUL-2020,
OPTSTK,NTPC,30-Jul-2020,65,CE,0,0,0,31.8,30.4,0,0,0,0,06-JUL-2020,
OPTSTK,NTPC,30-Jul-2020,67.5,CE,0,0,0,29.65,27.9,0,0,0,0,06-JUL-2020,
OPTSTK,NTPC,30-Jul-2020,69,CE,0,0,0,24.65,26.4,0,0,0,0,06-JUL-2020,
OPTSTK,NTPC,30-Jul-2020,70,CE,0,0,0,27.6,25.4,0,0,0,0,06-JUL-2020,
OPTSTK,NTPC,30-Jul-2020,71,CE,0,0,0,24.35,24.4,0,0,0,0,06-JUL-2020,
OPTSTK,NTPC,30-Jul-2020,72,CE,0,0,0,25.2,23.4,0,0,0,0,06-JUL-2020,
OPTSTK,NTPC,30-Jul-2020,72.5,CE,0,0,0,25.6,22.9,0,0,0,0,06-JUL-2020,
OPTSTK,NTPC,30-Jul-2020,73,CE,0,0,0,24.35,22.4,0,0,0,0,06-JUL-2020,
OPTSTK,NTPC,30-Jul-2020,74,CE,0,0,0,23.5,21.4,0,0,0,0,06-JUL-2020,
OPTSTK,NTPC,30-Jul-2020,75,CE,0,0,0,23.65,20.4,0,0,0,0,06-JUL-2020,
OPTSTK,NTPC,30-Jul-2020,76,CE,0,0,0,21.8,19.4,0,0,0,0,06-JUL-2020,
OPTSTK,NTPC,30-Jul-2020,77,CE,0,0,0,21,18.45,0,0,0,0,06-JUL-2020,
OPTSTK,NTPC,30-Jul-2020,77.5,CE,0,0,0,21.8,17.95,0,0,0,0,06-JUL-2020,
OPTSTK,NTPC,30-Jul-2020,78,CE,0,0,0,20.2,17.45,0,0,0,0,06-JUL-2020,
OPTSTK,NTPC,30-Jul-2020,79,CE,0,0,0,19.45,16.45,0,0,0,0,06-JUL-2020,
OPTSTK,NTPC,30-Jul-2020,80,CE,0,0,0,14,15.45,0,0,5700,0,06-JUL-2020,
OPTSTK,NTPC,30-Jul-2020,81,CE,0,0,0,17.95,14.5,0,0,0,0,06-JUL-2020,
OPTSTK,NTPC,30-Jul-2020,82,CE,0,0,0,17.2,13.55,0,0,0,0,06-JUL-2020,
OPTSTK,NTPC,30-Jul-2020,82.5,CE,0,0,0,18.45,13.05,0,0,0,0,06-JUL-2020,
OPTSTK,NTPC,30-Jul-2020,83,CE,0,0,0,16.5,12.6,0,0,0,0,06-JUL-2020,
OPTSTK,NTPC,30-Jul-2020,84,CE,0,0,0,15.8,11.65,0,0,0,0,06-JUL-2020,
OPTSTK,NTPC,30-Jul-2020,85,CE,0,0,0,9.3,10.75,0,0,17100,0,06-JUL-2020,
OPTSTK,NTPC,30-Jul-2020,86,CE,0,0,0,14.45,9.85,0,0,0,0,06-JUL-2020,
OPTSTK,NTPC,30-Jul-2020,87,CE,0,0,0,13.8,8.95,0,0,0,0,06-JUL-2020,
OPTSTK,NTPC,30-Jul-2020,87.5,CE,0,0,0,15.4,8.55,0,0,0,0,06-JUL-2020,
OPTSTK,NTPC,30-Jul-2020,88,CE,0,0,0,13.2,8.1,0,0,0,0,06-JUL-2020,
OPTSTK,NTPC,30-Jul-2020,89,CE,8.25,8.25,8.25,8.25,7.3,1,5.54,5700,0,06-JUL-2020,
OPTSTK,NTPC,30-Jul-2020,90,CE,6.85,7.9,6.85,7.4,6.55,26,144.34,205200,57000,06-JUL-2020,
OPTSTK,NTPC,30-Jul-2020,91,CE,0,0,0,11.45,5.85,0,0,0,0,06-JUL-2020,
OPTSTK,NTPC,30-Jul-2020,92,CE,5.85,5.85,5.85,5.85,5.15,1,5.57,11400,5700,06-JUL-2020,
OPTSTK,NTPC,30-Jul-2020,92.5,CE,5.8,6.05,5.3,5.5,4.85,10,55.96,79800,-5700,06-JUL-2020,
OPTSTK,NTPC,30-Jul-2020,93,CE,5.2,5.85,5.05,5.15,5.15,16,89.64,74100,-17100,06-JUL-2020,
OPTSTK,NTPC,30-Jul-2020,94,CE,4.9,5.2,4.45,4.65,3.95,34,191.54,193800,-51300,06-JUL-2020,
OPTSTK,NTPC,30-Jul-2020,95,CE,4.5,4.65,4,4.1,4.1,232,1313.32,1145700,-131100,06-JUL-2020,
OPTSTK,NTPC,30-Jul-2020,96,CE,3.95,4.25,3.55,3.65,3.65,101,574.67,279300,102600,06-JUL-2020,
OPTSTK,NTPC,30-Jul-2020,97,CE,3.6,3.75,3.15,3.3,3.3,61,349.49,587100,125400,06-JUL-2020,
OPTSTK,NTPC,30-Jul-2020,97.5,CE,3.45,3.55,2.95,3.05,3.05,102,585.94,706800,222300,06-JUL-2020,
OPTSTK,NTPC,30-Jul-2020,98,CE,3.15,3.3,2.8,2.85,2.85,47,270.75,267900,57000,06-JUL-2020,
OPTSTK,NTPC,30-Jul-2020,99,CE,2.85,2.95,2.5,2.5,2.5,20,116.01,279300,17100,06-JUL-2020,
OPTSTK,NTPC,30-Jul-2020,100,CE,2.65,2.7,2.2,2.3,2.3,511,2985.44,4560000,598500,06-JUL-2020,
OPTSTK,NTPC,30-Jul-2020,101,CE,2.05,2.35,1.85,1.9,1.9,7,41.11,216600,5700,06-JUL-2020,
OPTSTK,NTPC,30-Jul-2020,102,CE,1.85,2.1,1.85,1.85,1,8,47.38,79800,0,06-JUL-2020,
OPTSTK,NTPC,30-Jul-2020,102.5,CE,1.75,2.05,1.6,1.65,1.65,22,130.8,193800,57000,06-JUL-2020,
OPTSTK,NTPC,30-Jul-2020,103,CE,0,0,0,2.5,0.85,0,0,39900,0,06-JUL-2020,
OPTSTK,NTPC,30-Jul-2020,104,CE,1.4,1.5,1.35,1.35,1.35,4,24.03,68400,5700,06-JUL-2020,
OPTSTK,NTPC,30-Jul-2020,105,CE,1.45,1.45,1.15,1.2,1.2,213,1290.63,2177400,142500,06-JUL-2020,
OPTSTK,NTPC,30-Jul-2020,106,CE,0,0,0,0.95,0.45,0,0,0,0,06-JUL-2020,
OPTSTK,NTPC,30-Jul-2020,107,CE,1.4,1.4,1.4,1.4,0.35,1,6.17,22800,0,06-JUL-2020,
OPTSTK,NTPC,30-Jul-2020,107.5,CE,0,0,0,0.75,0.3,0,0,11400,0,06-JUL-2020,
OPTSTK,NTPC,30-Jul-2020,108,CE,0,0,0,1,0.25,0,0,5700,0,06-JUL-2020,
OPTSTK,NTPC,30-Jul-2020,109,CE,0,0,0,4.35,0.2,0,0,0,0,06-JUL-2020,
OPTSTK,NTPC,30-Jul-2020,110,CE,0.7,0.8,0.6,0.65,0.65,120,757.2,1704300,125400,06-JUL-2020,
OPTSTK,NTPC,30-Jul-2020,111,CE,0,0,0,0.5,0.15,0,0,5700,0,06-JUL-2020,
OPTSTK,NTPC,30-Jul-2020,112,CE,0,0,0,3.65,0.1,0,0,0,0,06-JUL-2020,
OPTSTK,NTPC,30-Jul-2020,112.5,CE,0.45,0.45,0.45,0.45,0.1,1,6.43,17100,0,06-JUL-2020,
OPTSTK,NTPC,30-Jul-2020,113,CE,0,0,0,3.45,0.05,0,0,0,0,06-JUL-2020,
OPTSTK,NTPC,30-Jul-2020,114,CE,0,0,0,3.2,0.05,0,0,0,0,06-JUL-2020,
OPTSTK,NTPC,30-Jul-2020,115,CE,0.35,0.35,0.3,0.35,0.05,27,177.5,609900,28500,06-JUL-2020,
OPTSTK,NTPC,30-Jul-2020,116,CE,0,0,0,2.85,0.05,0,0,0,0,06-JUL-2020,
OPTSTK,NTPC,30-Jul-2020,117,CE,0,0,0,2.7,0.05,0,0,0,0,06-JUL-2020,
OPTSTK,NTPC,30-Jul-2020,117.5,CE,0,0,0,1.35,0.05,0,0,5700,0,06-JUL-2020,
OPTSTK,NTPC,30-Jul-2020,120,CE,0.15,0.2,0.15,0.2,0.2,27,184.95,1128600,17100,06-JUL-2020,
OPTSTK,NTPC,30-Jul-2020,60,PE,0,0,0,0.05,0.05,0,0,5700,0,06-JUL-2020,
OPTSTK,NTPC,30-Jul-2020,62.5,PE,0,0,0,0.7,0.05,0,0,0,0,06-JUL-2020,
OPTSTK,NTPC,30-Jul-2020,65,PE,0,0,0,0.95,0.05,0,0,0,0,06-JUL-2020,
OPTSTK,NTPC,30-Jul-2020,67.5,PE,0,0,0,1.25,0.05,0,0,0,0,06-JUL-2020,
OPTSTK,NTPC,30-Jul-2020,69,PE,0,0,0,0.05,0.05,0,0,0,0,06-JUL-2020,
OPTSTK,NTPC,30-Jul-2020,70,PE,0,0,0,1.65,0.05,0,0,0,0,06-JUL-2020,
OPTSTK,NTPC,30-Jul-2020,71,PE,0,0,0,0.15,0.05,0,0,0,0,06-JUL-2020,
OPTSTK,NTPC,30-Jul-2020,72,PE,0,0,0,0.9,0.05,0,0,0,0,06-JUL-2020,
OPTSTK,NTPC,30-Jul-2020,72.5,PE,0,0,0,2.1,0.05,0,0,0,0,06-JUL-2020,
OPTSTK,NTPC,30-Jul-2020,73,PE,0,0,0,1.05,0.05,0,0,0,0,06-JUL-2020,
OPTSTK,NTPC,30-Jul-2020,74,PE,0,0,0,1.15,0.05,0,0,0,0,06-JUL-2020,
OPTSTK,NTPC,30-Jul-2020,75,PE,0,0,0,0.35,0.05,0,0,5700,0,06-JUL-2020,
OPTSTK,NTPC,30-Jul-2020,76,PE,0,0,0,1.5,0.05,0,0,0,0,06-JUL-2020,
OPTSTK,NTPC,30-Jul-2020,77,PE,0,0,0,1.65,0.05,0,0,0,0,06-JUL-2020,
OPTSTK,NTPC,30-Jul-2020,77.5,PE,0,0,0,3.3,0.05,0,0,0,0,06-JUL-2020,
OPTSTK,NTPC,30-Jul-2020,78,PE,0,0,0,1.85,0.05,0,0,0,0,06-JUL-2020,
OPTSTK,NTPC,30-Jul-2020,79,PE,0,0,0,0.5,0.05,0,0,5700,0,06-JUL-2020,
OPTSTK,NTPC,30-Jul-2020,80,PE,0.2,0.25,0.15,0.15,0.15,15,68.57,473100,-34200,06-JUL-2020,
OPTSTK,NTPC,30-Jul-2020,81,PE,0.05,0.25,0.05,0.25,0.05,2,9.25,11400,0,06-JUL-2020,
OPTSTK,NTPC,30-Jul-2020,82,PE,0,0,0,2.8,0.1,0,0,0,0,06-JUL-2020,
OPTSTK,NTPC,30-Jul-2020,82.5,PE,0,0,0,4.85,0.1,0,0,0,0,06-JUL-2020,
OPTSTK,NTPC,30-Jul-2020,83,PE,0,0,0,3.1,0.15,0,0,0,0,06-JUL-2020,
OPTSTK,NTPC,30-Jul-2020,84,PE,0,0,0,1.1,0.2,0,0,0,0,06-JUL-2020,
OPTSTK,NTPC,30-Jul-2020,85,PE,0.6,0.65,0.5,0.6,0.6,31,151.24,587100,-57000,06-JUL-2020,
OPTSTK,NTPC,30-Jul-2020,86,PE,0,0,0,2.35,0.4,0,0,5700,0,06-JUL-2020,
OPTSTK,NTPC,30-Jul-2020,87,PE,0,0,0,1.75,0.5,0,0,5700,0,06-JUL-2020,
OPTSTK,NTPC,30-Jul-2020,87.5,PE,0.95,0.95,0.95,0.95,0.6,1,5.04,125400,-5700,06-JUL-2020,
OPTSTK,NTPC,30-Jul-2020,88,PE,0,0,0,1.65,0.7,0,0,34200,0,06-JUL-2020,
OPTSTK,NTPC,30-Jul-2020,89,PE,0,0,0,1.5,0.85,0,0,45600,0,06-JUL-2020,
OPTSTK,NTPC,30-Jul-2020,90,PE,1.8,1.8,1.45,1.65,1.65,98,511.61,963300,22800,06-JUL-2020,
OPTSTK,NTPC,30-Jul-2020,91,PE,2.1,2.1,1.75,1.95,1.95,9,47.63,136800,0,06-JUL-2020,
OPTSTK,NTPC,30-Jul-2020,92,PE,2.5,2.55,2.2,2.35,2.35,12,64.53,85500,22800,06-JUL-2020,
OPTSTK,NTPC,30-Jul-2020,92.5,PE,2.65,2.75,2.25,2.45,1.9,39,211.12,153900,-39900,06-JUL-2020,
OPTSTK,NTPC,30-Jul-2020,93,PE,2.85,2.95,2.45,2.8,2.8,35,190.75,381900,-45600,06-JUL-2020,
OPTSTK,NTPC,30-Jul-2020,94,PE,3.35,3.35,2.85,3,3,91,503.1,387600,222300,06-JUL-2020,
OPTSTK,NTPC,30-Jul-2020,95,PE,3.75,3.9,3.35,3.7,3.7,107,601.15,1350900,171000,06-JUL-2020,
OPTSTK,NTPC,30-Jul-2020,96,PE,4.35,4.35,3.85,4.2,4.2,36,205.25,222300,119700,06-JUL-2020,
OPTSTK,NTPC,30-Jul-2020,97,PE,4.95,4.95,4.45,4.75,4.05,7,40.52,387600,22800,06-JUL-2020,
OPTSTK,NTPC,30-Jul-2020,97.5,PE,5.25,5.25,4.7,5.05,4.35,11,64.17,359100,22800,06-JUL-2020,
OPTSTK,NTPC,30-Jul-2020,98,PE,5.6,5.6,5.15,5.35,4.65,10,58.87,279300,5700,06-JUL-2020,
OPTSTK,NTPC,30-Jul-2020,99,PE,5.75,5.75,5.75,5.75,5.3,4,23.88,45600,11400,06-JUL-2020,
OPTSTK,NTPC,30-Jul-2020,100,PE,6.5,6.65,6.5,6.65,6,6,36.43,290700,28500,06-JUL-2020,
OPTSTK,NTPC,30-Jul-2020,101,PE,7.45,7.45,7.45,7.45,6.75,2,12.36,11400,-11400,06-JUL-2020,
OPTSTK,NTPC,30-Jul-2020,102,PE,0,0,0,8.95,7.55,0,0,5700,0,06-JUL-2020,
OPTSTK,NTPC,30-Jul-2020,102.5,PE,0,0,0,8.35,7.95,0,0,5700,0,06-JUL-2020,
OPTSTK,NTPC,30-Jul-2020,103,PE,0,0,0,12.55,8.35,0,0,0,0,06-JUL-2020,
OPTSTK,NTPC,30-Jul-2020,104,PE,0,0,0,13.2,9.2,0,0,0,0,06-JUL-2020,
OPTSTK,NTPC,30-Jul-2020,105,PE,10.2,10.2,10.2,10.2,10.05,2,13.13,17100,0,06-JUL-2020,
OPTSTK,NTPC,30-Jul-2020,106,PE,0,0,0,14.6,10.95,0,0,0,0,06-JUL-2020,
OPTSTK,NTPC,30-Jul-2020,107,PE,0,0,0,15.3,11.85,0,0,0,0,06-JUL-2020,
OPTSTK,NTPC,30-Jul-2020,107.5,PE,0,0,0,18.05,12.3,0,0,0,0,06-JUL-2020,
OPTSTK,NTPC,30-Jul-2020,108,PE,0,0,0,16,12.75,0,0,0,0,06-JUL-2020,
OPTSTK,NTPC,30-Jul-2020,109,PE,0,0,0,16.75,13.7,0,0,0,0,06-JUL-2020,
OPTSTK,NTPC,30-Jul-2020,110,PE,14.55,14.55,14.55,14.55,14.65,2,14.19,22800,0,06-JUL-2020,
OPTSTK,NTPC,30-Jul-2020,111,PE,0,0,0,18.25,15.6,0,0,0,0,06-JUL-2020,
OPTSTK,NTPC,30-Jul-2020,112,PE,0,0,0,19,16.6,0,0,0,0,06-JUL-2020,
OPTSTK,NTPC,30-Jul-2020,112.5,PE,0,0,0,21.6,17.05,0,0,0,0,06-JUL-2020,
OPTSTK,NTPC,30-Jul-2020,113,PE,0,0,0,19.75,17.55,0,0,0,0,06-JUL-2020,
OPTSTK,NTPC,30-Jul-2020,114,PE,0,0,0,20.55,18.55,0,0,0,0,06-JUL-2020,
OPTSTK,NTPC,30-Jul-2020,115,PE,0,0,0,18.35,19.5,0,0,5700,0,06-JUL-2020,
OPTSTK,NTPC,30-Jul-2020,116,PE,0,0,0,22.15,20.5,0,0,0,0,06-JUL-2020,
OPTSTK,NTPC,30-Jul-2020,117,PE,0,0,0,23,21.5,0,0,0,0,06-JUL-2020,
OPTSTK,NTPC,30-Jul-2020,117.5,PE,0,0,0,25.45,22,0,0,0,0,06-JUL-2020,
OPTSTK,NTPC,30-Jul-2020,120,PE,0,0,0,21.1,24.45,0,0,11400,0,06-JUL-2020,
OPTSTK,NTPC,27-Aug-2020,72,CE,0,0,0,26.2,23.65,0,0,0,0,06-JUL-2020,
OPTSTK,NTPC,27-Aug-2020,73,CE,0,0,0,25.4,22.7,0,0,0,0,06-JUL-2020,
OPTSTK,NTPC,27-Aug-2020,74,CE,0,0,0,24.6,21.7,0,0,0,0,06-JUL-2020,
OPTSTK,NTPC,27-Aug-2020,75,CE,0,0,0,23.8,20.75,0,0,0,0,06-JUL-2020,
OPTSTK,NTPC,27-Aug-2020,76,CE,0,0,0,23,19.8,0,0,0,0,06-JUL-2020,
OPTSTK,NTPC,27-Aug-2020,77,CE,0,0,0,22.25,18.85,0,0,0,0,06-JUL-2020,
OPTSTK,NTPC,27-Aug-2020,78,CE,0,0,0,21.5,17.9,0,0,0,0,06-JUL-2020,
OPTSTK,NTPC,27-Aug-2020,79,CE,0,0,0,20.8,16.95,0,0,0,0,06-JUL-2020,
OPTSTK,NTPC,27-Aug-2020,80,CE,0,0,0,20.1,16.05,0,0,0,0,06-JUL-2020,
OPTSTK,NTPC,27-Aug-2020,81,CE,0,0,0,19.4,15.15,0,0,0,0,06-JUL-2020,
OPTSTK,NTPC,27-Aug-2020,82,CE,0,0,0,18.7,14.25,0,0,0,0,06-JUL-2020,
OPTSTK,NTPC,27-Aug-2020,83,CE,0,0,0,18.05,13.35,0,0,0,0,06-JUL-2020,
OPTSTK,NTPC,27-Aug-2020,84,CE,0,0,0,17.4,12.5,0,0,0,0,06-JUL-2020,
OPTSTK,NTPC,27-Aug-2020,85,CE,0,0,0,10.2,11.7,0,0,5700,0,06-JUL-2020,
OPTSTK,NTPC,27-Aug-2020,86,CE,0,0,0,16.15,10.9,0,0,0,0,06-JUL-2020,
OPTSTK,NTPC,27-Aug-2020,87,CE,0,0,0,15.55,10.15,0,0,0,0,06-JUL-2020,
OPTSTK,NTPC,27-Aug-2020,88,CE,0,0,0,14.95,9.4,0,0,0,0,06-JUL-2020,
OPTSTK,NTPC,27-Aug-2020,89,CE,0,0,0,14.4,8.65,0,0,0,0,06-JUL-2020,
OPTSTK,NTPC,27-Aug-2020,90,CE,0,0,0,7.1,8,0,0,11400,0,06-JUL-2020,
OPTSTK,NTPC,27-Aug-2020,91,CE,0,0,0,13.3,7.35,0,0,0,0,06-JUL-2020,
OPTSTK,NTPC,27-Aug-2020,92,CE,0,0,0,12.75,6.7,0,0,0,0,06-JUL-2020,
OPTSTK,NTPC,27-Aug-2020,93,CE,0,0,0,12.25,6.15,0,0,0,0,06-JUL-2020,
OPTSTK,NTPC,27-Aug-2020,94,CE,0,0,0,11.75,5.6,0,0,0,0,06-JUL-2020,
OPTSTK,NTPC,27-Aug-2020,95,CE,0,0,0,11.3,5.05,0,0,0,0,06-JUL-2020,
OPTSTK,NTPC,27-Aug-2020,96,CE,0,0,0,10.85,4.6,0,0,0,0,06-JUL-2020,
OPTSTK,NTPC,27-Aug-2020,97,CE,0,0,0,10.4,4.15,0,0,0,0,06-JUL-2020,
OPTSTK,NTPC,27-Aug-2020,98,CE,0,0,0,3.75,3.75,0,0,5700,0,06-JUL-2020,
OPTSTK,NTPC,27-Aug-2020,99,CE,0,0,0,9.55,3.35,0,0,0,0,06-JUL-2020,
OPTSTK,NTPC,27-Aug-2020,100,CE,0,0,0,9.15,3,0,0,0,0,06-JUL-2020,
OPTSTK,NTPC,27-Aug-2020,101,CE,0,0,0,8.75,2.65,0,0,0,0,06-JUL-2020,
OPTSTK,NTPC,27-Aug-2020,102,CE,0,0,0,8.35,2.35,0,0,0,0,06-JUL-2020,
OPTSTK,NTPC,27-Aug-2020,103,CE,0,0,0,5.5,2.1,0,0,5700,0,06-JUL-2020,
OPTSTK,NTPC,27-Aug-2020,104,CE,0,0,0,7.65,1.85,0,0,0,0,06-JUL-2020,
OPTSTK,NTPC,27-Aug-2020,105,CE,0,0,0,2.5,1.65,0,0,5700,0,06-JUL-2020,
OPTSTK,NTPC,27-Aug-2020,106,CE,0,0,0,7,1.45,0,0,0,0,06-JUL-2020,
OPTSTK,NTPC,27-Aug-2020,107,CE,0,0,0,6.7,1.25,0,0,0,0,06-JUL-2020,
OPTSTK,NTPC,27-Aug-2020,108,CE,0,0,0,6.4,1.1,0,0,0,0,06-JUL-2020,
OPTSTK,NTPC,27-Aug-2020,109,CE,0,0,0,2,0.95,0,0,5700,0,06-JUL-2020,
OPTSTK,NTPC,27-Aug-2020,110,CE,0,0,0,5.85,0.85,0,0,0,0,06-JUL-2020,
OPTSTK,NTPC,27-Aug-2020,111,CE,0,0,0,5.55,0.7,0,0,0,0,06-JUL-2020,
OPTSTK,NTPC,27-Aug-2020,112,CE,0,0,0,5.3,0.6,0,0,0,0,06-JUL-2020,
OPTSTK,NTPC,27-Aug-2020,113,CE,0,0,0,5.05,0.55,0,0,0,0,06-JUL-2020,
OPTSTK,NTPC,27-Aug-2020,114,CE,0,0,0,4.85,0.45,0,0,0,0,06-JUL-2020,
OPTSTK,NTPC,27-Aug-2020,115,CE,0,0,0,4.6,0.4,0,0,0,0,06-JUL-2020,
OPTSTK,NTPC,27-Aug-2020,116,CE,0,0,0,4.4,0.35,0,0,0,0,06-JUL-2020,
OPTSTK,NTPC,27-Aug-2020,117,CE,0,0,0,4.2,0.3,0,0,0,0,06-JUL-2020,
OPTSTK,NTPC,27-Aug-2020,118,CE,0,0,0,4,0.25,0,0,0,0,06-JUL-2020,
OPTSTK,NTPC,27-Aug-2020,119,CE,0,0,0,3.8,0.2,0,0,0,0,06-JUL-2020,
OPTSTK,NTPC,27-Aug-2020,120,CE,0,0,0,3.65,0.2,0,0,0,0,06-JUL-2020,
OPTSTK,NTPC,27-Aug-2020,72,PE,0,0,0,1.6,0.05,0,0,0,0,06-JUL-2020,
OPTSTK,NTPC,27-Aug-2020,73,PE,0,0,0,1.8,0.05,0,0,0,0,06-JUL-2020,
OPTSTK,NTPC,27-Aug-2020,74,PE,0,0,0,2,0.05,0,0,0,0,06-JUL-2020,
OPTSTK,NTPC,27-Aug-2020,75,PE,0,0,0,2.2,0.1,0,0,0,0,06-JUL-2020,
OPTSTK,NTPC,27-Aug-2020,76,PE,0,0,0,2.4,0.15,0,0,0,0,06-JUL-2020,
OPTSTK,NTPC,27-Aug-2020,77,PE,0,0,0,2.65,0.15,0,0,0,0,06-JUL-2020,
OPTSTK,NTPC,27-Aug-2020,78,PE,0,0,0,2.9,0.2,0,0,0,0,06-JUL-2020,
OPTSTK,NTPC,27-Aug-2020,79,PE,0,0,0,3.15,0.25,0,0,0,0,06-JUL-2020,
OPTSTK,NTPC,27-Aug-2020,80,PE,0,0,0,3.4,0.35,0,0,0,0,06-JUL-2020,
OPTSTK,NTPC,27-Aug-2020,81,PE,0,0,0,3.7,0.45,0,0,0,0,06-JUL-2020,
OPTSTK,NTPC,27-Aug-2020,82,PE,0,0,0,4,0.55,0,0,0,0,06-JUL-2020,
OPTSTK,NTPC,27-Aug-2020,83,PE,0,0,0,4.35,0.65,0,0,0,0,06-JUL-2020,
OPTSTK,NTPC,27-Aug-2020,84,PE,0,0,0,4.65,0.8,0,0,0,0,06-JUL-2020,
OPTSTK,NTPC,27-Aug-2020,85,PE,0,0,0,2.8,1,0,0,5700,0,06-JUL-2020,
OPTSTK,NTPC,27-Aug-2020,86,PE,0,0,0,5.4,1.2,0,0,0,0,06-JUL-2020,
OPTSTK,NTPC,27-Aug-2020,87,PE,0,0,0,5.75,1.4,0,0,0,0,06-JUL-2020,
OPTSTK,NTPC,27-Aug-2020,88,PE,0,0,0,6.2,1.65,0,0,0,0,06-JUL-2020,
OPTSTK,NTPC,27-Aug-2020,89,PE,0,0,0,6.6,1.95,0,0,0,0,06-JUL-2020,
OPTSTK,NTPC,27-Aug-2020,90,PE,0,0,0,5.3,2.25,0,0,5700,0,06-JUL-2020,
OPTSTK,NTPC,27-Aug-2020,91,PE,0,0,0,7.5,2.6,0,0,0,0,06-JUL-2020,
OPTSTK,NTPC,27-Aug-2020,92,PE,0,0,0,7.95,2.95,0,0,0,0,06-JUL-2020,
OPTSTK,NTPC,27-Aug-2020,93,PE,0,0,0,8.45,3.4,0,0,0,0,06-JUL-2020,
OPTSTK,NTPC,27-Aug-2020,94,PE,0,0,0,8.9,3.8,0,0,0,0,06-JUL-2020,
OPTSTK,NTPC,27-Aug-2020,95,PE,0,0,0,5.25,4.3,0,0,5700,0,06-JUL-2020,
OPTSTK,NTPC,27-Aug-2020,96,PE,0,0,0,9.95,4.8,0,0,0,0,06-JUL-2020,
OPTSTK,NTPC,27-Aug-2020,97,PE,0,0,0,10.5,5.35,0,0,0,0,06-JUL-2020,
OPTSTK,NTPC,27-Aug-2020,98,PE,0,0,0,11.05,5.95,0,0,0,0,06-JUL-2020,
OPTSTK,NTPC,27-Aug-2020,99,PE,0,0,0,11.65,6.55,0,0,0,0,06-JUL-2020,
OPTSTK,NTPC,27-Aug-2020,100,PE,0,0,0,12.2,7.2,0,0,0,0,06-JUL-2020,
OPTSTK,NTPC,27-Aug-2020,101,PE,0,0,0,12.8,7.85,0,0,0,0,06-JUL-2020,
OPTSTK,NTPC,27-Aug-2020,102,PE,0,0,0,13.45,8.55,0,0,0,0,06-JUL-2020,
OPTSTK,NTPC,27-Aug-2020,103,PE,0,0,0,14.05,9.3,0,0,0,0,06-JUL-2020,
OPTSTK,NTPC,27-Aug-2020,104,PE,0,0,0,14.7,10.05,0,0,0,0,06-JUL-2020,
OPTSTK,NTPC,27-Aug-2020,105,PE,0,0,0,15.35,10.8,0,0,0,0,06-JUL-2020,
OPTSTK,NTPC,27-Aug-2020,106,PE,0,0,0,16,11.6,0,0,0,0,06-JUL-2020,
OPTSTK,NTPC,27-Aug-2020,107,PE,0,0,0,16.7,12.4,0,0,0,0,06-JUL-2020,
OPTSTK,NTPC,27-Aug-2020,108,PE,0,0,0,17.4,13.25,0,0,0,0,06-JUL-2020,
OPTSTK,NTPC,27-Aug-2020,109,PE,0,0,0,18.1,14.1,0,0,0,0,06-JUL-2020,
OPTSTK,NTPC,27-Aug-2020,110,PE,0,0,0,18.8,14.95,0,0,0,0,06-JUL-2020,
OPTSTK,NTPC,27-Aug-2020,111,PE,0,0,0,19.5,15.85,0,0,0,0,06-JUL-2020,
OPTSTK,NTPC,27-Aug-2020,112,PE,0,0,0,20.25,16.75,0,0,0,0,06-JUL-2020,
OPTSTK,NTPC,27-Aug-2020,113,PE,0,0,0,21,17.65,0,0,0,0,06-JUL-2020,
OPTSTK,NTPC,27-Aug-2020,114,PE,0,0,0,21.75,18.55,0,0,0,0,06-JUL-2020,
OPTSTK,NTPC,27-Aug-2020,115,PE,0,0,0,22.5,19.5,0,0,0,0,06-JUL-2020,
OPTSTK,NTPC,27-Aug-2020,116,PE,0,0,0,23.3,20.45,0,0,0,0,06-JUL-2020,
OPTSTK,NTPC,27-Aug-2020,117,PE,0,0,0,24.05,21.4,0,0,0,0,06-JUL-2020,
OPTSTK,NTPC,27-Aug-2020,118,PE,0,0,0,24.85,22.35,0,0,0,0,06-JUL-2020,
OPTSTK,NTPC,27-Aug-2020,119,PE,0,0,0,25.65,23.3,0,0,0,0,06-JUL-2020,
OPTSTK,NTPC,27-Aug-2020,120,PE,0,0,0,26.45,24.25,0,0,0,0,06-JUL-2020,
OPTSTK,NTPC,24-Sep-2020,72,CE,0,0,0,25.35,24,0,0,0,0,06-JUL-2020,
OPTSTK,NTPC,24-Sep-2020,73,CE,0,0,0,24.45,23.05,0,0,0,0,06-JUL-2020,
OPTSTK,NTPC,24-Sep-2020,74,CE,0,0,0,23.55,22.1,0,0,0,0,06-JUL-2020,
OPTSTK,NTPC,24-Sep-2020,75,CE,0,0,0,22.65,21.2,0,0,0,0,06-JUL-2020,
OPTSTK,NTPC,24-Sep-2020,76,CE,0,0,0,21.75,20.25,0,0,0,0,06-JUL-2020,
OPTSTK,NTPC,24-Sep-2020,77,CE,0,0,0,20.9,19.35,0,0,0,0,06-JUL-2020,
OPTSTK,NTPC,24-Sep-2020,78,CE,0,0,0,20.05,18.45,0,0,0,0,06-JUL-2020,
OPTSTK,NTPC,24-Sep-2020,79,CE,0,0,0,19.2,17.55,0,0,0,0,06-JUL-2020,
OPTSTK,NTPC,24-Sep-2020,80,CE,0,0,0,18.4,16.7,0,0,0,0,06-JUL-2020,
OPTSTK,NTPC,24-Sep-2020,81,CE,0,0,0,17.6,15.85,0,0,0,0,06-JUL-2020,
OPTSTK,NTPC,24-Sep-2020,82,CE,0,0,0,16.8,15,0,0,0,0,06-JUL-2020,
OPTSTK,NTPC,24-Sep-2020,83,CE,0,0,0,16.05,14.2,0,0,0,0,06-JUL-2020,
OPTSTK,NTPC,24-Sep-2020,84,CE,0,0,0,15.3,13.4,0,0,0,0,06-JUL-2020,
OPTSTK,NTPC,24-Sep-2020,85,CE,0,0,0,14.55,12.65,0,0,0,0,06-JUL-2020,
OPTSTK,NTPC,24-Sep-2020,86,CE,0,0,0,13.85,11.9,0,0,0,0,06-JUL-2020,
OPTSTK,NTPC,24-Sep-2020,87,CE,0,0,0,13.15,11.15,0,0,0,0,06-JUL-2020,
OPTSTK,NTPC,24-Sep-2020,88,CE,0,0,0,12.5,10.5,0,0,0,0,06-JUL-2020,
OPTSTK,NTPC,24-Sep-2020,89,CE,0,0,0,11.85,9.8,0,0,0,0,06-JUL-2020,
OPTSTK,NTPC,24-Sep-2020,90,CE,0,0,0,11.2,9.15,0,0,0,0,06-JUL-2020,
OPTSTK,NTPC,24-Sep-2020,91,CE,0,0,0,10.6,8.55,0,0,0,0,06-JUL-2020,
OPTSTK,NTPC,24-Sep-2020,92,CE,0,0,0,10.05,7.95,0,0,0,0,06-JUL-2020,
OPTSTK,NTPC,24-Sep-2020,93,CE,0,0,0,9.5,7.4,0,0,0,0,06-JUL-2020,
OPTSTK,NTPC,24-Sep-2020,94,CE,0,0,0,8.95,6.85,0,0,0,0,06-JUL-2020,
OPTSTK,NTPC,24-Sep-2020,95,CE,0,0,0,8.45,6.35,0,0,0,0,06-JUL-2020,
OPTSTK,NTPC,24-Sep-2020,96,CE,0,0,0,7.95,5.85,0,0,0,0,06-JUL-2020,
OPTSTK,NTPC,24-Sep-2020,97,CE,0,0,0,7.45,5.4,0,0,0,0,06-JUL-2020,
OPTSTK,NTPC,24-Sep-2020,98,CE,0,0,0,7,5,0,0,0,0,06-JUL-2020,
OPTSTK,NTPC,24-Sep-2020,99,CE,0,0,0,6.6,4.6,0,0,0,0,06-JUL-2020,
OPTSTK,NTPC,24-Sep-2020,100,CE,0,0,0,6.2,4.2,0,0,0,0,06-JUL-2020,
OPTSTK,NTPC,24-Sep-2020,101,CE,0,0,0,5.8,3.85,0,0,0,0,06-JUL-2020,
OPTSTK,NTPC,24-Sep-2020,102,CE,0,0,0,5.4,3.5,0,0,0,0,06-JUL-2020,
OPTSTK,NTPC,24-Sep-2020,103,CE,0,0,0,5.05,3.2,0,0,0,0,06-JUL-2020,
OPTSTK,NTPC,24-Sep-2020,104,CE,0,0,0,4.75,2.95,0,0,0,0,06-JUL-2020,
OPTSTK,NTPC,24-Sep-2020,105,CE,0,0,0,4.4,2.65,0,0,0,0,06-JUL-2020,
OPTSTK,NTPC,24-Sep-2020,106,CE,0,0,0,4.1,2.4,0,0,0,0,06-JUL-2020,
OPTSTK,NTPC,24-Sep-2020,107,CE,0,0,0,3.85,2.2,0,0,0,0,06-JUL-2020,
OPTSTK,NTPC,24-Sep-2020,108,CE,0,0,0,3.55,2,0,0,0,0,06-JUL-2020,
OPTSTK,NTPC,24-Sep-2020,109,CE,0,0,0,3.35,1.8,0,0,0,0,06-JUL-2020,
OPTSTK,NTPC,24-Sep-2020,110,CE,0,0,0,3.1,1.6,0,0,0,0,06-JUL-2020,
OPTSTK,NTPC,24-Sep-2020,111,CE,0,0,0,2.9,1.45,0,0,0,0,06-JUL-2020,
OPTSTK,NTPC,24-Sep-2020,112,CE,0,0,0,2.65,1.3,0,0,0,0,06-JUL-2020,
OPTSTK,NTPC,24-Sep-2020,113,CE,0,0,0,2.45,1.2,0,0,0,0,06-JUL-2020,
OPTSTK,NTPC,24-Sep-2020,114,CE,0,0,0,2.3,1.05,0,0,0,0,06-JUL-2020,
OPTSTK,NTPC,24-Sep-2020,115,CE,0,0,0,2.1,0.95,0,0,0,0,06-JUL-2020,
OPTSTK,NTPC,24-Sep-2020,116,CE,0,0,0,1.95,0.85,0,0,0,0,06-JUL-2020,
OPTSTK,NTPC,24-Sep-2020,117,CE,0,0,0,1.8,0.75,0,0,0,0,06-JUL-2020,
OPTSTK,NTPC,24-Sep-2020,118,CE,0,0,0,1.7,0.7,0,0,0,0,06-JUL-2020,
OPTSTK,NTPC,24-Sep-2020,119,CE,0,0,0,1.55,0.6,0,0,0,0,06-JUL-2020,
OPTSTK,NTPC,24-Sep-2020,120,CE,0,0,0,1.45,0.55,0,0,0,0,06-JUL-2020,
OPTSTK,NTPC,24-Sep-2020,72,PE,0,0,0,0.4,0.15,0,0,0,0,06-JUL-2020,
OPTSTK,NTPC,24-Sep-2020,73,PE,0,0,0,0.5,0.2,0,0,0,0,06-JUL-2020,
OPTSTK,NTPC,24-Sep-2020,74,PE,0,0,0,0.6,0.25,0,0,0,0,06-JUL-2020,
OPTSTK,NTPC,24-Sep-2020,75,PE,0,0,0,0.7,0.3,0,0,0,0,06-JUL-2020,
OPTSTK,NTPC,24-Sep-2020,76,PE,0,0,0,0.8,0.35,0,0,0,0,06-JUL-2020,
OPTSTK,NTPC,24-Sep-2020,77,PE,0,0,0,0.9,0.45,0,0,0,0,06-JUL-2020,
OPTSTK,NTPC,24-Sep-2020,78,PE,0,0,0,1.05,0.55,0,0,0,0,06-JUL-2020,
OPTSTK,NTPC,24-Sep-2020,79,PE,0,0,0,1.2,0.65,0,0,0,0,06-JUL-2020,
OPTSTK,NTPC,24-Sep-2020,80,PE,0,0,0,1.35,0.75,0,0,0,0,06-JUL-2020,
OPTSTK,NTPC,24-Sep-2020,81,PE,0,0,0,1.55,0.9,0,0,0,0,06-JUL-2020,
OPTSTK,NTPC,24-Sep-2020,82,PE,0,0,0,1.75,1.05,0,0,0,0,06-JUL-2020,
OPTSTK,NTPC,24-Sep-2020,83,PE,0,0,0,2,1.25,0,0,0,0,06-JUL-2020,
OPTSTK,NTPC,24-Sep-2020,84,PE,0,0,0,2.2,1.45,0,0,0,0,06-JUL-2020,
OPTSTK,NTPC,24-Sep-2020,85,PE,0,0,0,2.5,1.65,0,0,0,0,06-JUL-2020,
OPTSTK,NTPC,24-Sep-2020,86,PE,0,0,0,2.75,1.9,0,0,0,0,06-JUL-2020,
OPTSTK,NTPC,24-Sep-2020,87,PE,0,0,0,3.05,2.15,0,0,0,0,06-JUL-2020,
OPTSTK,NTPC,24-Sep-2020,88,PE,0,0,0,3.35,2.45,0,0,0,0,06-JUL-2020,
OPTSTK,NTPC,24-Sep-2020,89,PE,0,0,0,3.7,2.8,0,0,0,0,06-JUL-2020,
OPTSTK,NTPC,24-Sep-2020,90,PE,0,0,0,4.1,3.15,0,0,0,0,06-JUL-2020,
OPTSTK,NTPC,24-Sep-2020,91,PE,0,0,0,4.45,3.5,0,0,0,0,06-JUL-2020,
OPTSTK,NTPC,24-Sep-2020,92,PE,0,0,0,4.85,3.9,0,0,0,0,06-JUL-2020,
OPTSTK,NTPC,24-Sep-2020,93,PE,0,0,0,5.3,4.35,0,0,0,0,06-JUL-2020,
OPTSTK,NTPC,24-Sep-2020,94,PE,0,0,0,5.75,4.8,0,0,0,0,06-JUL-2020,
OPTSTK,NTPC,24-Sep-2020,95,PE,0,0,0,6.25,5.25,0,0,0,0,06-JUL-2020,
OPTSTK,NTPC,24-Sep-2020,96,PE,0,0,0,6.7,5.8,0,0,0,0,06-JUL-2020,
OPTSTK,NTPC,24-Sep-2020,97,PE,0,0,0,7.25,6.3,0,0,0,0,06-JUL-2020,
OPTSTK,NTPC,24-Sep-2020,98,PE,0,0,0,7.8,6.85,0,0,0,0,06-JUL-2020,
OPTSTK,NTPC,24-Sep-2020,99,PE,0,0,0,8.35,7.45,0,0,0,0,06-JUL-2020,
OPTSTK,NTPC,24-Sep-2020,100,PE,0,0,0,8.9,8.1,0,0,0,0,06-JUL-2020,
OPTSTK,NTPC,24-Sep-2020,101,PE,0,0,0,9.5,8.7,0,0,0,0,06-JUL-2020,
OPTSTK,NTPC,24-Sep-2020,102,PE,0,0,0,10.15,9.4,0,0,0,0,06-JUL-2020,
OPTSTK,NTPC,24-Sep-2020,103,PE,0,0,0,10.75,10.05,0,0,0,0,06-JUL-2020,
OPTSTK,NTPC,24-Sep-2020,104,PE,0,0,0,11.45,10.75,0,0,0,0,06-JUL-2020,
OPTSTK,NTPC,24-Sep-2020,105,PE,0,0,0,12.1,11.5,0,0,0,0,06-JUL-2020,
OPTSTK,NTPC,24-Sep-2020,106,PE,0,0,0,12.8,12.25,0,0,0,0,06-JUL-2020,
OPTSTK,NTPC,24-Sep-2020,107,PE,0,0,0,13.5,13,0,0,0,0,06-JUL-2020,
OPTSTK,NTPC,24-Sep-2020,108,PE,0,0,0,14.2,13.8,0,0,0,0,06-JUL-2020,
OPTSTK,NTPC,24-Sep-2020,109,PE,0,0,0,14.95,14.6,0,0,0,0,06-JUL-2020,
OPTSTK,NTPC,24-Sep-2020,110,PE,0,0,0,15.7,15.4,0,0,0,0,06-JUL-2020,
OPTSTK,NTPC,24-Sep-2020,111,PE,0,0,0,16.5,16.25,0,0,0,0,06-JUL-2020,
OPTSTK,NTPC,24-Sep-2020,112,PE,0,0,0,17.25,17.1,0,0,0,0,06-JUL-2020,
OPTSTK,NTPC,24-Sep-2020,113,PE,0,0,0,18.05,17.95,0,0,0,0,06-JUL-2020,
OPTSTK,NTPC,24-Sep-2020,114,PE,0,0,0,18.85,18.8,0,0,0,0,06-JUL-2020,
OPTSTK,NTPC,24-Sep-2020,115,PE,0,0,0,19.7,19.7,0,0,0,0,06-JUL-2020,
OPTSTK,NTPC,24-Sep-2020,116,PE,0,0,0,20.5,20.55,0,0,0,0,06-JUL-2020,
OPTSTK,NTPC,24-Sep-2020,117,PE,0,0,0,21.35,21.45,0,0,0,0,06-JUL-2020,
OPTSTK,NTPC,24-Sep-2020,118,PE,0,0,0,22.2,22.4,0,0,0,0,06-JUL-2020,
OPTSTK,NTPC,24-Sep-2020,119,PE,0,0,0,23.05,23.3,0,0,0,0,06-JUL-2020,
OPTSTK,NTPC,24-Sep-2020,120,PE,0,0,0,23.95,24.2,0,0,0,0,06-JUL-2020,
OPTSTK,ONGC,30-Jul-2020,50,CE,0,0,0,33.85,33.9,0,0,0,0,06-JUL-2020,
OPTSTK,ONGC,30-Jul-2020,52.5,CE,0,0,0,32.05,31.4,0,0,0,0,06-JUL-2020,
OPTSTK,ONGC,30-Jul-2020,55,CE,0,0,0,30.35,28.9,0,0,0,0,06-JUL-2020,
OPTSTK,ONGC,30-Jul-2020,57.5,CE,0,0,0,28.7,26.4,0,0,0,0,06-JUL-2020,
OPTSTK,ONGC,30-Jul-2020,60,CE,0,0,0,27.15,23.95,0,0,0,0,06-JUL-2020,
OPTSTK,ONGC,30-Jul-2020,62,CE,0,0,0,20.05,21.95,0,0,0,0,06-JUL-2020,
OPTSTK,ONGC,30-Jul-2020,62.5,CE,0,0,0,25.65,21.45,0,0,0,0,06-JUL-2020,
OPTSTK,ONGC,30-Jul-2020,63,CE,0,0,0,19.3,20.95,0,0,0,0,06-JUL-2020,
OPTSTK,ONGC,30-Jul-2020,64,CE,0,0,0,18.6,20,0,0,0,0,06-JUL-2020,
OPTSTK,ONGC,30-Jul-2020,65,CE,0,0,0,18.5,19,0,0,7700,0,06-JUL-2020,
OPTSTK,ONGC,30-Jul-2020,66,CE,0,0,0,17.25,18.05,0,0,0,0,06-JUL-2020,
OPTSTK,ONGC,30-Jul-2020,67,CE,0,0,0,16.6,17.1,0,0,0,0,06-JUL-2020,
OPTSTK,ONGC,30-Jul-2020,67.5,CE,0,0,0,22.9,16.6,0,0,0,0,06-JUL-2020,
OPTSTK,ONGC,30-Jul-2020,68,CE,0,0,0,12.95,16.15,0,0,7700,0,06-JUL-2020,
OPTSTK,ONGC,30-Jul-2020,69,CE,0,0,0,15.3,15.2,0,0,0,0,06-JUL-2020,
OPTSTK,ONGC,30-Jul-2020,70,CE,14.75,14.75,14.75,14.75,14.3,1,6.52,385000,7700,06-JUL-2020,
OPTSTK,ONGC,30-Jul-2020,71,CE,0,0,0,12.3,13.4,0,0,15400,0,06-JUL-2020,
OPTSTK,ONGC,30-Jul-2020,72,CE,0,0,0,13.55,12.5,0,0,0,0,06-JUL-2020,
OPTSTK,ONGC,30-Jul-2020,72.5,CE,0,0,0,20.45,12.1,0,0,0,0,06-JUL-2020,
OPTSTK,ONGC,30-Jul-2020,73,CE,0,0,0,13,11.65,0,0,0,0,06-JUL-2020,
OPTSTK,ONGC,30-Jul-2020,74,CE,0,0,0,12.5,10.85,0,0,0,0,06-JUL-2020,
OPTSTK,ONGC,30-Jul-2020,75,CE,9.75,9.75,9.75,9.75,9.75,1,6.52,130900,7700,06-JUL-2020,
OPTSTK,ONGC,30-Jul-2020,76,CE,0,0,0,11.45,9.25,0,0,0,0,06-JUL-2020,
OPTSTK,ONGC,30-Jul-2020,77,CE,0,0,0,11,8.5,0,0,0,0,06-JUL-2020,
OPTSTK,ONGC,30-Jul-2020,77.5,CE,0,0,0,18.2,8.15,0,0,0,0,06-JUL-2020,
OPTSTK,ONGC,30-Jul-2020,78,CE,8.3,8.3,7.7,7.7,7.8,7,46.3,69300,-7700,06-JUL-2020,
OPTSTK,ONGC,30-Jul-2020,79,CE,6.9,6.95,6.9,6.95,6.95,2,13.23,77000,-7700,06-JUL-2020,
OPTSTK,ONGC,30-Jul-2020,80,CE,6.4,7,5.95,6.1,6.1,36,239.9,1139600,-38500,06-JUL-2020,
OPTSTK,ONGC,30-Jul-2020,81,CE,6,6.35,5.7,5.7,5.9,7,46.93,100100,-30800,06-JUL-2020,
OPTSTK,ONGC,30-Jul-2020,82,CE,4.7,5.7,4.7,5,5.35,14,94.07,231000,-15400,06-JUL-2020,
OPTSTK,ONGC,30-Jul-2020,82.5,CE,4.6,5.3,4.6,4.7,5.05,19,127.83,392700,-53900,06-JUL-2020,
OPTSTK,ONGC,30-Jul-2020,83,CE,4.55,5.15,4.5,4.5,4.5,16,108.21,169400,-30800,06-JUL-2020,
OPTSTK,ONGC,30-Jul-2020,84,CE,4.25,4.6,3.85,3.9,3.9,31,210.57,315700,7700,06-JUL-2020,
OPTSTK,ONGC,30-Jul-2020,85,CE,3.45,4.15,3.3,3.45,3.45,429,2930.83,2625700,-146300,06-JUL-2020,
OPTSTK,ONGC,30-Jul-2020,86,CE,3,3.65,3,3.05,3.05,39,268.15,284900,-61600,06-JUL-2020,
OPTSTK,ONGC,30-Jul-2020,87,CE,2.7,3.25,2.6,2.65,2.65,20,138.5,331100,-61600,06-JUL-2020,
OPTSTK,ONGC,30-Jul-2020,87.5,CE,2.55,3.05,2.45,2.55,2.55,20,139.01,446600,23100,06-JUL-2020,
OPTSTK,ONGC,30-Jul-2020,88,CE,2.4,2.85,2.25,2.3,2.3,19,132.23,223300,15400,06-JUL-2020,
OPTSTK,ONGC,30-Jul-2020,89,CE,2,2.15,1.95,2.05,2.05,9,63.1,92400,7700,06-JUL-2020,
OPTSTK,ONGC,30-Jul-2020,90,CE,1.8,2.2,1.7,1.8,1.8,415,2938.27,3826900,-385000,06-JUL-2020,
OPTSTK,ONGC,30-Jul-2020,91,CE,1.8,1.8,1.55,1.55,1.85,2,14.27,61600,0,06-JUL-2020,
OPTSTK,ONGC,30-Jul-2020,92,CE,1.45,1.45,1.45,1.45,1.6,1,7.19,30800,7700,06-JUL-2020,
OPTSTK,ONGC,30-Jul-2020,92.5,CE,1.45,1.45,1.45,1.45,1.5,2,14.46,53900,-15400,06-JUL-2020,
OPTSTK,ONGC,30-Jul-2020,93,CE,0,0,0,5.25,1.4,0,0,0,0,06-JUL-2020,
OPTSTK,ONGC,30-Jul-2020,94,CE,0,0,0,5.05,1.2,0,0,0,0,06-JUL-2020,
OPTSTK,ONGC,30-Jul-2020,95,CE,0.95,1.15,0.9,1,1,158,1168.27,1486100,77000,06-JUL-2020,
OPTSTK,ONGC,30-Jul-2020,96,CE,0,0,0,4.55,0.9,0,0,0,0,06-JUL-2020,
OPTSTK,ONGC,30-Jul-2020,97,CE,0,0,0,4.35,0.8,0,0,0,0,06-JUL-2020,
OPTSTK,ONGC,30-Jul-2020,97.5,CE,0,0,0,11.45,0.7,0,0,0,0,06-JUL-2020,
OPTSTK,ONGC,30-Jul-2020,98,CE,0,0,0,5,0.65,0,0,38500,0,06-JUL-2020,
OPTSTK,ONGC,30-Jul-2020,99,CE,0,0,0,3.95,0.55,0,0,0,0,06-JUL-2020,
OPTSTK,ONGC,30-Jul-2020,100,CE,0.5,0.6,0.5,0.55,0.55,162,1254.49,4581500,46200,06-JUL-2020,
OPTSTK,ONGC,30-Jul-2020,101,CE,0,0,0,0.35,0.4,0,0,15400,0,06-JUL-2020,
OPTSTK,ONGC,30-Jul-2020,102,CE,0,0,0,0.4,0.35,0,0,46200,0,06-JUL-2020,
OPTSTK,ONGC,30-Jul-2020,102.5,CE,0,0,0,10.2,0.3,0,0,0,0,06-JUL-2020,
OPTSTK,ONGC,30-Jul-2020,103,CE,0.35,0.4,0.35,0.35,0.35,19,151.24,577500,-53900,06-JUL-2020,
OPTSTK,ONGC,30-Jul-2020,50,PE,0,0,0,0.1,0.05,0,0,138600,0,06-JUL-2020,
OPTSTK,ONGC,30-Jul-2020,52.5,PE,0,0,0,4,0.05,0,0,0,0,06-JUL-2020,
OPTSTK,ONGC,30-Jul-2020,55,PE,0,0,0,0.15,0.05,0,0,38500,0,06-JUL-2020,
OPTSTK,ONGC,30-Jul-2020,57.5,PE,0,0,0,5.6,0.05,0,0,0,0,06-JUL-2020,
OPTSTK,ONGC,30-Jul-2020,60,PE,0.15,0.2,0.15,0.15,0.05,6,27.79,338800,15400,06-JUL-2020,
OPTSTK,ONGC,30-Jul-2020,62,PE,0,0,0,2.65,0.05,0,0,0,0,06-JUL-2020,
OPTSTK,ONGC,30-Jul-2020,62.5,PE,0,0,0,7.5,0.05,0,0,0,0,06-JUL-2020,
OPTSTK,ONGC,30-Jul-2020,63,PE,0,0,0,2.95,0.05,0,0,0,0,06-JUL-2020,
OPTSTK,ONGC,30-Jul-2020,64,PE,0,0,0,3.2,0.05,0,0,0,0,06-JUL-2020,
OPTSTK,ONGC,30-Jul-2020,65,PE,0.2,0.25,0.15,0.2,0.1,26,130.52,1524600,15400,06-JUL-2020,
OPTSTK,ONGC,30-Jul-2020,66,PE,0,0,0,3.85,0.1,0,0,0,0,06-JUL-2020,
OPTSTK,ONGC,30-Jul-2020,67,PE,0,0,0,1.3,0.15,0,0,7700,0,06-JUL-2020,
OPTSTK,ONGC,30-Jul-2020,67.5,PE,0,0,0,9.65,0.2,0,0,0,0,06-JUL-2020,
OPTSTK,ONGC,30-Jul-2020,68,PE,0.2,0.25,0.2,0.25,0.2,2,10.5,23100,-7700,06-JUL-2020,
OPTSTK,ONGC,30-Jul-2020,69,PE,0,0,0,4.9,0.25,0,0,0,0,06-JUL-2020,
OPTSTK,ONGC,30-Jul-2020,70,PE,0.5,0.5,0.4,0.45,0.45,76,412.22,2725800,30800,06-JUL-2020,
OPTSTK,ONGC,30-Jul-2020,71,PE,0.55,0.55,0.55,0.55,0.45,1,5.5,69300,-7700,06-JUL-2020,
OPTSTK,ONGC,30-Jul-2020,72,PE,0,0,0,2.15,0.55,0,0,7700,0,06-JUL-2020,
OPTSTK,ONGC,30-Jul-2020,72.5,PE,0,0,0,0.85,0.65,0,0,177100,0,06-JUL-2020,
OPTSTK,ONGC,30-Jul-2020,73,PE,0,0,0,1.55,0.7,0,0,7700,0,06-JUL-2020,
OPTSTK,ONGC,30-Jul-2020,74,PE,0.9,0.9,0.9,0.9,0.9,1,5.76,84700,-7700,06-JUL-2020,
OPTSTK,ONGC,30-Jul-2020,75,PE,1.05,1.05,0.85,0.9,0.9,111,649.22,2702700,0,06-JUL-2020,
OPTSTK,ONGC,30-Jul-2020,76,PE,0,0,0,1.6,1.3,0,0,38500,0,06-JUL-2020,
OPTSTK,ONGC,30-Jul-2020,77,PE,1.4,1.4,1.4,1.4,1.55,2,12.07,69300,7700,06-JUL-2020,
OPTSTK,ONGC,30-Jul-2020,77.5,PE,1.5,1.55,1.4,1.5,1.5,35,212.8,477400,-46200,06-JUL-2020,
OPTSTK,ONGC,30-Jul-2020,78,PE,1.6,1.75,1.5,1.65,1.85,17,104.23,361900,-46200,06-JUL-2020,
OPTSTK,ONGC,30-Jul-2020,79,PE,2.05,2.05,1.8,1.85,1.85,13,80.93,269500,7700,06-JUL-2020,
OPTSTK,ONGC,30-Jul-2020,80,PE,2.5,2.55,2,2.2,2.2,190,1202.56,2741200,46200,06-JUL-2020,
OPTSTK,ONGC,30-Jul-2020,81,PE,2.4,2.7,2.4,2.55,2.55,14,90.05,184800,-61600,06-JUL-2020,
OPTSTK,ONGC,30-Jul-2020,82,PE,2.95,3.1,2.7,3,3.35,21,137.31,269500,7700,06-JUL-2020,
OPTSTK,ONGC,30-Jul-2020,82.5,PE,3.35,3.35,2.85,3.1,3.1,18,118.7,284900,15400,06-JUL-2020,
OPTSTK,ONGC,30-Jul-2020,83,PE,4,4,3.05,3.3,3.3,34,226.07,269500,23100,06-JUL-2020,
OPTSTK,ONGC,30-Jul-2020,84,PE,4,4.1,3.6,3.9,3.9,19,128.51,246400,-15400,06-JUL-2020,
OPTSTK,ONGC,30-Jul-2020,85,PE,4.5,4.55,3.95,4.35,4.35,60,411.96,823900,231000,06-JUL-2020,
OPTSTK,ONGC,30-Jul-2020,86,PE,4.4,4.4,4.4,4.4,5.45,1,6.96,23100,7700,06-JUL-2020,
OPTSTK,ONGC,30-Jul-2020,87,PE,0,0,0,6.95,6.05,0,0,23100,0,06-JUL-2020,
OPTSTK,ONGC,30-Jul-2020,87.5,PE,0,0,0,8.8,6.4,0,0,7700,0,06-JUL-2020,
OPTSTK,ONGC,30-Jul-2020,88,PE,0,0,0,15.1,6.7,0,0,0,0,06-JUL-2020,
OPTSTK,ONGC,30-Jul-2020,89,PE,0,0,0,15.8,7.4,0,0,0,0,06-JUL-2020,
OPTSTK,ONGC,30-Jul-2020,90,PE,7.6,7.75,7.3,7.35,8.1,9,67.56,146300,15400,06-JUL-2020,
OPTSTK,ONGC,30-Jul-2020,91,PE,0,0,0,17.2,8.85,0,0,0,0,06-JUL-2020,
OPTSTK,ONGC,30-Jul-2020,92,PE,0,0,0,17.9,9.6,0,0,0,0,06-JUL-2020,
OPTSTK,ONGC,30-Jul-2020,92.5,PE,0,0,0,24.3,10,0,0,0,0,06-JUL-2020,
OPTSTK,ONGC,30-Jul-2020,93,PE,0,0,0,11.8,10.4,0,0,7700,0,06-JUL-2020,
OPTSTK,ONGC,30-Jul-2020,94,PE,0,0,0,19.4,11.2,0,0,0,0,06-JUL-2020,
OPTSTK,ONGC,30-Jul-2020,95,PE,11.2,11.2,11.2,11.2,12.05,1,8.17,53900,7700,06-JUL-2020,
OPTSTK,ONGC,30-Jul-2020,96,PE,0,0,0,20.9,12.9,0,0,0,0,06-JUL-2020,
OPTSTK,ONGC,30-Jul-2020,97,PE,0,0,0,21.7,13.75,0,0,0,0,06-JUL-2020,
OPTSTK,ONGC,30-Jul-2020,97.5,PE,0,0,0,27.8,14.2,0,0,0,0,06-JUL-2020,
OPTSTK,ONGC,30-Jul-2020,98,PE,0,0,0,22.45,14.65,0,0,0,0,06-JUL-2020,
OPTSTK,ONGC,30-Jul-2020,99,PE,0,0,0,23.25,15.55,0,0,0,0,06-JUL-2020,
OPTSTK,ONGC,30-Jul-2020,100,PE,0,0,0,17,16.45,0,0,7700,0,06-JUL-2020,
OPTSTK,ONGC,30-Jul-2020,101,PE,0,0,0,24.85,17.4,0,0,0,0,06-JUL-2020,
OPTSTK,ONGC,30-Jul-2020,102,PE,0,0,0,25.7,18.3,0,0,0,0,06-JUL-2020,
OPTSTK,ONGC,30-Jul-2020,102.5,PE,0,0,0,31.5,18.8,0,0,0,0,06-JUL-2020,
OPTSTK,ONGC,30-Jul-2020,103,PE,0,0,0,19.55,19.25,0,0,7700,0,06-JUL-2020,
OPTSTK,ONGC,27-Aug-2020,55,CE,0,0,0,26.6,29.15,0,0,0,0,06-JUL-2020,
OPTSTK,ONGC,27-Aug-2020,56,CE,0,0,0,25.85,28.15,0,0,0,0,06-JUL-2020,
OPTSTK,ONGC,27-Aug-2020,57,CE,0,0,0,25.1,27.2,0,0,0,0,06-JUL-2020,
OPTSTK,ONGC,27-Aug-2020,58,CE,0,0,0,24.35,26.2,0,0,0,0,06-JUL-2020,
OPTSTK,ONGC,27-Aug-2020,59,CE,0,0,0,23.6,25.25,0,0,0,0,06-JUL-2020,
OPTSTK,ONGC,27-Aug-2020,60,CE,0,0,0,22.9,24.3,0,0,0,0,06-JUL-2020,
OPTSTK,ONGC,27-Aug-2020,61,CE,0,0,0,22.2,23.35,0,0,0,0,06-JUL-2020,
OPTSTK,ONGC,27-Aug-2020,62,CE,0,0,0,21.5,22.45,0,0,0,0,06-JUL-2020,
OPTSTK,ONGC,27-Aug-2020,62.5,CE,0,0,0,21,21.95,0,0,0,0,06-JUL-2020,
OPTSTK,ONGC,27-Aug-2020,63,CE,0,0,0,20.85,21.5,0,0,0,0,06-JUL-2020,
OPTSTK,ONGC,27-Aug-2020,64,CE,0,0,0,20.2,20.6,0,0,0,0,06-JUL-2020,
OPTSTK,ONGC,27-Aug-2020,65,CE,0,0,0,19.55,19.7,0,0,0,0,06-JUL-2020,
OPTSTK,ONGC,27-Aug-2020,66,CE,0,0,0,18.95,18.8,0,0,0,0,06-JUL-2020,
OPTSTK,ONGC,27-Aug-2020,67,CE,0,0,0,18.3,17.95,0,0,0,0,06-JUL-2020,
OPTSTK,ONGC,27-Aug-2020,67.5,CE,0,0,0,17.1,17.5,0,0,0,0,06-JUL-2020,
OPTSTK,ONGC,27-Aug-2020,68,CE,0,0,0,17.7,17.1,0,0,0,0,06-JUL-2020,
OPTSTK,ONGC,27-Aug-2020,69,CE,0,0,0,17.15,16.25,0,0,0,0,06-JUL-2020,
OPTSTK,ONGC,27-Aug-2020,70,CE,0,0,0,16.6,15.45,0,0,0,0,06-JUL-2020,
OPTSTK,ONGC,27-Aug-2020,71,CE,0,0,0,16.05,14.65,0,0,0,0,06-JUL-2020,
OPTSTK,ONGC,27-Aug-2020,72,CE,0,0,0,15.5,13.85,0,0,0,0,06-JUL-2020,
OPTSTK,ONGC,27-Aug-2020,72.5,CE,0,0,0,13.7,13.5,0,0,0,0,06-JUL-2020,
OPTSTK,ONGC,27-Aug-2020,73,CE,0,0,0,14.95,13.1,0,0,0,0,06-JUL-2020,
OPTSTK,ONGC,27-Aug-2020,74,CE,0,0,0,14.45,12.4,0,0,0,0,06-JUL-2020,
OPTSTK,ONGC,27-Aug-2020,75,CE,0,0,0,14,11.7,0,0,0,0,06-JUL-2020,
OPTSTK,ONGC,27-Aug-2020,76,CE,0,0,0,13.5,11,0,0,0,0,06-JUL-2020,
OPTSTK,ONGC,27-Aug-2020,77,CE,0,0,0,13.05,10.35,0,0,0,0,06-JUL-2020,
OPTSTK,ONGC,27-Aug-2020,77.5,CE,0,0,0,10.75,10.05,0,0,0,0,06-JUL-2020,
OPTSTK,ONGC,27-Aug-2020,78,CE,0,0,0,12.6,9.7,0,0,0,0,06-JUL-2020,
OPTSTK,ONGC,27-Aug-2020,79,CE,0,0,0,12.15,9.1,0,0,0,0,06-JUL-2020,
OPTSTK,ONGC,27-Aug-2020,80,CE,0,0,0,11.7,8.55,0,0,0,0,06-JUL-2020,
OPTSTK,ONGC,27-Aug-2020,81,CE,0,0,0,11.3,8,0,0,0,0,06-JUL-2020,
OPTSTK,ONGC,27-Aug-2020,82,CE,0,0,0,10.9,7.45,0,0,0,0,06-JUL-2020,
OPTSTK,ONGC,27-Aug-2020,82.5,CE,0,0,0,8.35,7.2,0,0,0,0,06-JUL-2020,
OPTSTK,ONGC,27-Aug-2020,83,CE,0,0,0,10.55,6.95,0,0,0,0,06-JUL-2020,
OPTSTK,ONGC,27-Aug-2020,84,CE,0,0,0,10.15,6.45,0,0,0,0,06-JUL-2020,
OPTSTK,ONGC,27-Aug-2020,85,CE,0,0,0,9.8,6,0,0,0,0,06-JUL-2020,
OPTSTK,ONGC,27-Aug-2020,86,CE,0,0,0,9.45,5.6,0,0,0,0,06-JUL-2020,
OPTSTK,ONGC,27-Aug-2020,87,CE,0,0,0,9.1,5.2,0,0,0,0,06-JUL-2020,
OPTSTK,ONGC,27-Aug-2020,87.5,CE,0,0,0,6.35,5,0,0,0,0,06-JUL-2020,
OPTSTK,ONGC,27-Aug-2020,88,CE,0,0,0,8.75,4.8,0,0,0,0,06-JUL-2020,
OPTSTK,ONGC,27-Aug-2020,89,CE,0,0,0,8.45,4.45,0,0,0,0,06-JUL-2020,
OPTSTK,ONGC,27-Aug-2020,90,CE,4,4,4,4,4.1,1,7.23,15400,0,06-JUL-2020,
OPTSTK,ONGC,27-Aug-2020,91,CE,3.75,3.75,3.75,3.75,3.8,1,7.29,7700,7700,06-JUL-2020,
OPTSTK,ONGC,27-Aug-2020,92,CE,0,0,0,7.55,3.5,0,0,0,0,06-JUL-2020,
OPTSTK,ONGC,27-Aug-2020,92.5,CE,0,0,0,4.75,3.35,0,0,0,0,06-JUL-2020,
OPTSTK,ONGC,27-Aug-2020,93,CE,0,0,0,7.3,3.2,0,0,0,0,06-JUL-2020,
OPTSTK,ONGC,27-Aug-2020,94,CE,0,0,0,7,2.95,0,0,0,0,06-JUL-2020,
OPTSTK,ONGC,27-Aug-2020,95,CE,0,0,0,6.75,2.7,0,0,0,0,06-JUL-2020,
OPTSTK,ONGC,27-Aug-2020,96,CE,0,0,0,6.5,2.5,0,0,0,0,06-JUL-2020,
OPTSTK,ONGC,27-Aug-2020,97,CE,0,0,0,6.25,2.3,0,0,0,0,06-JUL-2020,
OPTSTK,ONGC,27-Aug-2020,97.5,CE,0,0,0,3.55,2.2,0,0,0,0,06-JUL-2020,
OPTSTK,ONGC,27-Aug-2020,98,CE,0,0,0,6.05,2.1,0,0,0,0,06-JUL-2020,
OPTSTK,ONGC,27-Aug-2020,99,CE,0,0,0,5.8,1.9,0,0,0,0,06-JUL-2020,
OPTSTK,ONGC,27-Aug-2020,100,CE,0,0,0,5.6,1.75,0,0,0,0,06-JUL-2020,
OPTSTK,ONGC,27-Aug-2020,101,CE,0,0,0,5.4,1.6,0,0,0,0,06-JUL-2020,
OPTSTK,ONGC,27-Aug-2020,102,CE,0,0,0,5.2,1.45,0,0,0,0,06-JUL-2020,
OPTSTK,ONGC,27-Aug-2020,102.5,CE,0,0,0,2.6,1.4,0,0,0,0,06-JUL-2020,
OPTSTK,ONGC,27-Aug-2020,103,CE,0,0,0,5,1.3,0,0,0,0,06-JUL-2020,
OPTSTK,ONGC,27-Aug-2020,55,PE,0,0,0,2.1,0.05,0,0,0,0,06-JUL-2020,
OPTSTK,ONGC,27-Aug-2020,56,PE,0,0,0,2.3,0.05,0,0,0,0,06-JUL-2020,
OPTSTK,ONGC,27-Aug-2020,57,PE,0,0,0,2.55,0.1,0,0,0,0,06-JUL-2020,
OPTSTK,ONGC,27-Aug-2020,58,PE,0,0,0,2.8,0.1,0,0,0,0,06-JUL-2020,
OPTSTK,ONGC,27-Aug-2020,59,PE,0,0,0,3.05,0.15,0,0,0,0,06-JUL-2020,
OPTSTK,ONGC,27-Aug-2020,60,PE,0,0,0,3.3,0.2,0,0,0,0,06-JUL-2020,
OPTSTK,ONGC,27-Aug-2020,61,PE,0,0,0,3.6,0.25,0,0,0,0,06-JUL-2020,
OPTSTK,ONGC,27-Aug-2020,62,PE,0,0,0,3.9,0.3,0,0,0,0,06-JUL-2020,
OPTSTK,ONGC,27-Aug-2020,62.5,PE,0,0,0,1.4,0.35,0,0,0,0,06-JUL-2020,
OPTSTK,ONGC,27-Aug-2020,63,PE,0,0,0,4.25,0.4,0,0,0,0,06-JUL-2020,
OPTSTK,ONGC,27-Aug-2020,64,PE,0,0,0,4.55,0.45,0,0,0,0,06-JUL-2020,
OPTSTK,ONGC,27-Aug-2020,65,PE,0,0,0,4.9,0.55,0,0,0,0,06-JUL-2020,
OPTSTK,ONGC,27-Aug-2020,66,PE,0,0,0,5.3,0.65,0,0,0,0,06-JUL-2020,
OPTSTK,ONGC,27-Aug-2020,67,PE,0,0,0,5.65,0.8,0,0,0,0,06-JUL-2020,
OPTSTK,ONGC,27-Aug-2020,67.5,PE,0,0,0,2.45,0.85,0,0,0,0,06-JUL-2020,
OPTSTK,ONGC,27-Aug-2020,68,PE,0,0,0,6.05,0.95,0,0,0,0,06-JUL-2020,
OPTSTK,ONGC,27-Aug-2020,69,PE,0,0,0,6.45,1.1,0,0,0,0,06-JUL-2020,
OPTSTK,ONGC,27-Aug-2020,70,PE,1.25,1.25,1.25,1.25,1.25,10,54.86,77000,77000,06-JUL-2020,
OPTSTK,ONGC,27-Aug-2020,71,PE,0,0,0,7.3,1.45,0,0,0,0,06-JUL-2020,
OPTSTK,ONGC,27-Aug-2020,72,PE,0,0,0,7.75,1.7,0,0,0,0,06-JUL-2020,
OPTSTK,ONGC,27-Aug-2020,72.5,PE,0,0,0,4,1.8,0,0,0,0,06-JUL-2020,
OPTSTK,ONGC,27-Aug-2020,73,PE,0,0,0,8.25,1.95,0,0,0,0,06-JUL-2020,
OPTSTK,ONGC,27-Aug-2020,74,PE,0,0,0,8.7,2.2,0,0,0,0,06-JUL-2020,
OPTSTK,ONGC,27-Aug-2020,75,PE,0,0,0,9.2,2.5,0,0,0,0,06-JUL-2020,
OPTSTK,ONGC,27-Aug-2020,76,PE,0,0,0,9.75,2.8,0,0,0,0,06-JUL-2020,
OPTSTK,ONGC,27-Aug-2020,77,PE,0,0,0,10.25,3.15,0,0,0,0,06-JUL-2020,
OPTSTK,ONGC,27-Aug-2020,77.5,PE,0,0,0,6.05,3.3,0,0,0,0,06-JUL-2020,
OPTSTK,ONGC,27-Aug-2020,78,PE,0,0,0,10.8,3.5,0,0,0,0,06-JUL-2020,
OPTSTK,ONGC,27-Aug-2020,79,PE,0,0,0,11.35,3.9,0,0,0,0,06-JUL-2020,
OPTSTK,ONGC,27-Aug-2020,80,PE,0,0,0,4.2,4.3,0,0,7700,0,06-JUL-2020,
OPTSTK,ONGC,27-Aug-2020,81,PE,0,0,0,12.5,4.75,0,0,0,0,06-JUL-2020,
OPTSTK,ONGC,27-Aug-2020,82,PE,0,0,0,13.05,5.2,0,0,0,0,06-JUL-2020,
OPTSTK,ONGC,27-Aug-2020,82.5,PE,0,0,0,8.55,5.45,0,0,0,0,06-JUL-2020,
OPTSTK,ONGC,27-Aug-2020,83,PE,0,0,0,13.65,5.7,0,0,0,0,06-JUL-2020,
OPTSTK,ONGC,27-Aug-2020,84,PE,0,0,0,14.3,6.2,0,0,0,0,06-JUL-2020,
OPTSTK,ONGC,27-Aug-2020,85,PE,0,0,0,14.9,6.75,0,0,0,0,06-JUL-2020,
OPTSTK,ONGC,27-Aug-2020,86,PE,0,0,0,15.55,7.3,0,0,0,0,06-JUL-2020,
OPTSTK,ONGC,27-Aug-2020,87,PE,0,0,0,16.2,7.9,0,0,0,0,06-JUL-2020,
OPTSTK,ONGC,27-Aug-2020,87.5,PE,0,0,0,11.55,8.2,0,0,0,0,06-JUL-2020,
OPTSTK,ONGC,27-Aug-2020,88,PE,0,0,0,16.85,8.5,0,0,0,0,06-JUL-2020,
OPTSTK,ONGC,27-Aug-2020,89,PE,0,0,0,17.5,9.15,0,0,0,0,06-JUL-2020,
OPTSTK,ONGC,27-Aug-2020,90,PE,0,0,0,18.2,9.8,0,0,0,0,06-JUL-2020,
OPTSTK,ONGC,27-Aug-2020,91,PE,0,0,0,18.9,10.5,0,0,0,0,06-JUL-2020,
OPTSTK,ONGC,27-Aug-2020,92,PE,0,0,0,19.6,11.2,0,0,0,0,06-JUL-2020,
OPTSTK,ONGC,27-Aug-2020,92.5,PE,0,0,0,14.95,11.55,0,0,0,0,06-JUL-2020,
OPTSTK,ONGC,27-Aug-2020,93,PE,0,0,0,20.3,11.9,0,0,0,0,06-JUL-2020,
OPTSTK,ONGC,27-Aug-2020,94,PE,0,0,0,21,12.65,0,0,0,0,06-JUL-2020,
OPTSTK,ONGC,27-Aug-2020,95,PE,0,0,0,21.75,13.4,0,0,0,0,06-JUL-2020,
OPTSTK,ONGC,27-Aug-2020,96,PE,0,0,0,22.5,14.15,0,0,0,0,06-JUL-2020,
OPTSTK,ONGC,27-Aug-2020,97,PE,0,0,0,23.25,14.95,0,0,0,0,06-JUL-2020,
OPTSTK,ONGC,27-Aug-2020,97.5,PE,0,0,0,18.65,15.35,0,0,0,0,06-JUL-2020,
OPTSTK,ONGC,27-Aug-2020,98,PE,0,0,0,24,15.75,0,0,0,0,06-JUL-2020,
OPTSTK,ONGC,27-Aug-2020,99,PE,0,0,0,24.75,16.55,0,0,0,0,06-JUL-2020,
OPTSTK,ONGC,27-Aug-2020,100,PE,0,0,0,25.55,17.4,0,0,0,0,06-JUL-2020,
OPTSTK,ONGC,27-Aug-2020,101,PE,0,0,0,26.3,18.25,0,0,0,0,06-JUL-2020,
OPTSTK,ONGC,27-Aug-2020,102,PE,0,0,0,27.1,19.1,0,0,0,0,06-JUL-2020,
OPTSTK,ONGC,27-Aug-2020,102.5,PE,0,0,0,22.7,19.5,0,0,0,0,06-JUL-2020,
OPTSTK,ONGC,27-Aug-2020,103,PE,0,0,0,27.9,19.95,0,0,0,0,06-JUL-2020,
OPTSTK,ONGC,24-Sep-2020,55,CE,0,0,0,28.2,29.5,0,0,0,0,06-JUL-2020,
OPTSTK,ONGC,24-Sep-2020,57.5,CE,0,0,0,26.05,27.15,0,0,0,0,06-JUL-2020,
OPTSTK,ONGC,24-Sep-2020,60,CE,0,0,0,24.05,24.85,0,0,0,0,06-JUL-2020,
OPTSTK,ONGC,24-Sep-2020,62.5,CE,0,0,0,22.1,22.65,0,0,0,0,06-JUL-2020,
OPTSTK,ONGC,24-Sep-2020,65,CE,0,0,0,20.25,20.5,0,0,0,0,06-JUL-2020,
OPTSTK,ONGC,24-Sep-2020,67.5,CE,0,0,0,18.5,18.5,0,0,0,0,06-JUL-2020,
OPTSTK,ONGC,24-Sep-2020,70,CE,0,0,0,16.85,16.55,0,0,0,0,06-JUL-2020,
OPTSTK,ONGC,24-Sep-2020,72.5,CE,0,0,0,15.3,14.75,0,0,0,0,06-JUL-2020,
OPTSTK,ONGC,24-Sep-2020,75,CE,0,0,0,13.85,13.1,0,0,0,0,06-JUL-2020,
OPTSTK,ONGC,24-Sep-2020,77.5,CE,0,0,0,12.5,11.55,0,0,0,0,06-JUL-2020,
OPTSTK,ONGC,24-Sep-2020,80,CE,0,0,0,11.3,10.1,0,0,0,0,06-JUL-2020,
OPTSTK,ONGC,24-Sep-2020,82.5,CE,0,0,0,10.15,8.85,0,0,0,0,06-JUL-2020,
OPTSTK,ONGC,24-Sep-2020,85,CE,0,0,0,9.1,7.65,0,0,0,0,06-JUL-2020,
OPTSTK,ONGC,24-Sep-2020,87.5,CE,0,0,0,8.15,6.65,0,0,0,0,06-JUL-2020,
OPTSTK,ONGC,24-Sep-2020,90,CE,0,0,0,7.3,5.7,0,0,0,0,06-JUL-2020,
OPTSTK,ONGC,24-Sep-2020,92.5,CE,0,0,0,6.5,4.9,0,0,0,0,06-JUL-2020,
OPTSTK,ONGC,24-Sep-2020,95,CE,0,0,0,5.8,4.15,0,0,0,0,06-JUL-2020,
OPTSTK,ONGC,24-Sep-2020,97.5,CE,0,0,0,5.15,3.55,0,0,0,0,06-JUL-2020,
OPTSTK,ONGC,24-Sep-2020,100,CE,0,0,0,4.6,3,0,0,0,0,06-JUL-2020,
OPTSTK,ONGC,24-Sep-2020,102.5,CE,0,0,0,4.1,2.55,0,0,0,0,06-JUL-2020,
OPTSTK,ONGC,24-Sep-2020,55,PE,0,0,0,0.95,0.2,0,0,0,0,06-JUL-2020,
OPTSTK,ONGC,24-Sep-2020,57.5,PE,0,0,0,1.3,0.35,0,0,0,0,06-JUL-2020,
OPTSTK,ONGC,24-Sep-2020,60,PE,0,0,0,1.75,0.55,0,0,0,0,06-JUL-2020,
OPTSTK,ONGC,24-Sep-2020,62.5,PE,0,0,0,2.25,0.8,0,0,0,0,06-JUL-2020,
OPTSTK,ONGC,24-Sep-2020,65,PE,0,0,0,2.9,1.15,0,0,0,0,06-JUL-2020,
OPTSTK,ONGC,24-Sep-2020,67.5,PE,0,0,0,3.6,1.6,0,0,0,0,06-JUL-2020,
OPTSTK,ONGC,24-Sep-2020,70,PE,0,0,0,4.4,2.15,0,0,0,0,06-JUL-2020,
OPTSTK,ONGC,24-Sep-2020,72.5,PE,0,0,0,5.35,2.85,0,0,0,0,06-JUL-2020,
OPTSTK,ONGC,24-Sep-2020,75,PE,0,0,0,6.35,3.65,0,0,0,0,06-JUL-2020,
OPTSTK,ONGC,24-Sep-2020,77.5,PE,0,0,0,7.5,4.55,0,0,0,0,06-JUL-2020,
OPTSTK,ONGC,24-Sep-2020,80,PE,0,0,0,8.75,5.6,0,0,0,0,06-JUL-2020,
OPTSTK,ONGC,24-Sep-2020,82.5,PE,0,0,0,10.1,6.8,0,0,0,0,06-JUL-2020,
OPTSTK,ONGC,24-Sep-2020,85,PE,0,0,0,11.5,8.15,0,0,0,0,06-JUL-2020,
OPTSTK,ONGC,24-Sep-2020,87.5,PE,0,0,0,13.05,9.55,0,0,0,0,06-JUL-2020,
OPTSTK,ONGC,24-Sep-2020,90,PE,0,0,0,14.65,11.1,0,0,0,0,06-JUL-2020,
OPTSTK,ONGC,24-Sep-2020,92.5,PE,0,0,0,16.35,12.8,0,0,0,0,06-JUL-2020,
OPTSTK,ONGC,24-Sep-2020,95,PE,0,0,0,18.1,14.55,0,0,0,0,06-JUL-2020,
OPTSTK,ONGC,24-Sep-2020,97.5,PE,0,0,0,19.95,16.4,0,0,0,0,06-JUL-2020,
OPTSTK,ONGC,24-Sep-2020,100,PE,0,0,0,21.85,18.3,0,0,0,0,06-JUL-2020,
OPTSTK,ONGC,24-Sep-2020,102.5,PE,0,0,0,23.8,20.35,0,0,0,0,06-JUL-2020,
OPTSTK,PAGEIND,30-Jul-2020,12000,CE,0,0,0,6384.55,8572.25,0,0,0,0,06-JUL-2020,
OPTSTK,PAGEIND,30-Jul-2020,12250,CE,0,0,0,5611.7,8322.95,0,0,0,0,06-JUL-2020,
OPTSTK,PAGEIND,30-Jul-2020,12500,CE,0,0,0,5913.85,8073.65,0,0,0,0,06-JUL-2020,
OPTSTK,PAGEIND,30-Jul-2020,12750,CE,0,0,0,5794.05,7824.35,0,0,0,0,06-JUL-2020,
OPTSTK,PAGEIND,30-Jul-2020,13000,CE,0,0,0,5452.95,7575.05,0,0,0,0,06-JUL-2020,
OPTSTK,PAGEIND,30-Jul-2020,13250,CE,0,0,0,5318.8,7325.75,0,0,0,0,06-JUL-2020,
OPTSTK,PAGEIND,30-Jul-2020,13500,CE,0,0,0,5004.15,7076.45,0,0,0,0,06-JUL-2020,
OPTSTK,PAGEIND,30-Jul-2020,13750,CE,0,0,0,4853.65,6827.15,0,0,0,0,06-JUL-2020,
OPTSTK,PAGEIND,30-Jul-2020,14000,CE,0,0,0,4569.95,6577.85,0,0,0,0,06-JUL-2020,
OPTSTK,PAGEIND,30-Jul-2020,14250,CE,0,0,0,4401.45,6328.55,0,0,0,0,06-JUL-2020,
OPTSTK,PAGEIND,30-Jul-2020,14500,CE,0,0,0,4152.7,6079.3,0,0,0,0,06-JUL-2020,
OPTSTK,PAGEIND,30-Jul-2020,14750,CE,0,0,0,3965.3,5830.1,0,0,0,0,06-JUL-2020,
OPTSTK,PAGEIND,30-Jul-2020,15000,CE,0,0,0,3754.55,5580.95,0,0,0,0,06-JUL-2020,
OPTSTK,PAGEIND,30-Jul-2020,15250,CE,0,0,0,3548.25,5331.9,0,0,0,0,06-JUL-2020,
OPTSTK,PAGEIND,30-Jul-2020,15500,CE,0,0,0,3378,5083.1,0,0,0,0,06-JUL-2020,
OPTSTK,PAGEIND,30-Jul-2020,15750,CE,0,0,0,3153,4834.55,0,0,0,0,06-JUL-2020,
OPTSTK,PAGEIND,30-Jul-2020,16000,CE,0,0,0,3023.15,4586.5,0,0,0,0,06-JUL-2020,
OPTSTK,PAGEIND,30-Jul-2020,16250,CE,0,0,0,2782.6,4339.15,0,0,0,0,06-JUL-2020,
OPTSTK,PAGEIND,30-Jul-2020,16500,CE,0,0,0,2691.45,4092.85,0,0,0,0,06-JUL-2020,
OPTSTK,PAGEIND,30-Jul-2020,16750,CE,0,0,0,2437,3847.9,0,0,0,0,06-JUL-2020,
OPTSTK,PAGEIND,30-Jul-2020,17000,CE,0,0,0,2385.2,3604.85,0,0,0,0,06-JUL-2020,
OPTSTK,PAGEIND,30-Jul-2020,17250,CE,0,0,0,2120.1,3364.35,0,0,0,0,06-JUL-2020,
OPTSTK,PAGEIND,30-Jul-2020,17500,CE,0,0,0,2103.7,3127,0,0,0,0,06-JUL-2020,
OPTSTK,PAGEIND,30-Jul-2020,17750,CE,0,0,0,1831.6,2893.75,0,0,0,0,06-JUL-2020,
OPTSTK,PAGEIND,30-Jul-2020,18000,CE,0,0,0,1846.65,2665.4,0,0,0,0,06-JUL-2020,
OPTSTK,PAGEIND,30-Jul-2020,18250,CE,0,0,0,1571.4,2443,0,0,0,0,06-JUL-2020,
OPTSTK,PAGEIND,30-Jul-2020,18500,CE,0,0,0,1613.75,2227.5,0,0,0,0,06-JUL-2020,
OPTSTK,PAGEIND,30-Jul-2020,18750,CE,0,0,0,1339.15,2019.95,0,0,0,0,06-JUL-2020,
OPTSTK,PAGEIND,30-Jul-2020,19000,CE,2080.1,2080.1,2080.1,2080.1,1821.35,1,6.32,30,30,06-JUL-2020,
OPTSTK,PAGEIND,30-Jul-2020,19250,CE,0,0,0,1133.75,1632.6,0,0,0,0,06-JUL-2020,
OPTSTK,PAGEIND,30-Jul-2020,19500,CE,0,0,0,1216.45,1454.5,0,0,0,0,06-JUL-2020,
OPTSTK,PAGEIND,30-Jul-2020,19750,CE,0,0,0,953.8,1287.7,0,0,0,0,06-JUL-2020,
OPTSTK,PAGEIND,30-Jul-2020,20000,CE,1204.3,1204.3,1204.3,1204.3,1132.75,1,6.36,330,0,06-JUL-2020,
OPTSTK,PAGEIND,30-Jul-2020,20250,CE,0,0,0,797.45,989.9,0,0,0,0,06-JUL-2020,
OPTSTK,PAGEIND,30-Jul-2020,20500,CE,0,0,0,902.2,859.4,0,0,0,0,06-JUL-2020,
OPTSTK,PAGEIND,30-Jul-2020,20750,CE,0,0,0,671.25,741.05,0,0,30,0,06-JUL-2020,
OPTSTK,PAGEIND,30-Jul-2020,21000,CE,855.35,855.35,723.55,746.55,746.55,6,39.18,600,30,06-JUL-2020,
OPTSTK,PAGEIND,30-Jul-2020,21250,CE,0,0,0,549,539.9,0,0,0,0,06-JUL-2020,
OPTSTK,PAGEIND,30-Jul-2020,21500,CE,0,0,0,660.55,456.15,0,0,0,0,06-JUL-2020,
OPTSTK,PAGEIND,30-Jul-2020,21750,CE,0,0,0,450.95,382.75,0,0,0,0,06-JUL-2020,
OPTSTK,PAGEIND,30-Jul-2020,22000,CE,0,0,0,501,319,0,0,30,0,06-JUL-2020,
OPTSTK,PAGEIND,30-Jul-2020,22250,CE,0,0,0,368.9,264.05,0,0,0,0,06-JUL-2020,
OPTSTK,PAGEIND,30-Jul-2020,22500,CE,0,0,0,476.2,217.1,0,0,0,0,06-JUL-2020,
OPTSTK,PAGEIND,30-Jul-2020,22750,CE,0,0,0,300.3,177.35,0,0,0,0,06-JUL-2020,
OPTSTK,PAGEIND,30-Jul-2020,23000,CE,0,0,0,198.35,143.9,0,0,30,0,06-JUL-2020,
OPTSTK,PAGEIND,30-Jul-2020,23250,CE,0,0,0,243.25,116,0,0,0,0,06-JUL-2020,
OPTSTK,PAGEIND,30-Jul-2020,23500,CE,0,0,0,339.45,92.9,0,0,0,0,06-JUL-2020,
OPTSTK,PAGEIND,30-Jul-2020,23750,CE,0,0,0,196.15,73.95,0,0,0,0,06-JUL-2020,
OPTSTK,PAGEIND,30-Jul-2020,24000,CE,0,0,0,285.35,58.5,0,0,0,0,06-JUL-2020,
OPTSTK,PAGEIND,30-Jul-2020,24500,CE,0,0,0,239.3,35.9,0,0,0,0,06-JUL-2020,
OPTSTK,PAGEIND,30-Jul-2020,25000,CE,0,0,0,90,21.55,0,0,60,0,06-JUL-2020,
OPTSTK,PAGEIND,30-Jul-2020,25500,CE,0,0,0,167.05,12.65,0,0,0,0,06-JUL-2020,
OPTSTK,PAGEIND,30-Jul-2020,12000,PE,0,0,0,38.1,0.05,0,0,0,0,06-JUL-2020,
OPTSTK,PAGEIND,30-Jul-2020,12250,PE,0,0,0,14.4,0.05,0,0,0,0,06-JUL-2020,
OPTSTK,PAGEIND,30-Jul-2020,12500,PE,0,0,0,61.1,0.05,0,0,0,0,06-JUL-2020,
OPTSTK,PAGEIND,30-Jul-2020,12750,PE,0,0,0,29.85,0.05,0,0,0,0,06-JUL-2020,
OPTSTK,PAGEIND,30-Jul-2020,13000,PE,0,0,0,93.85,0.05,0,0,0,0,06-JUL-2020,
OPTSTK,PAGEIND,30-Jul-2020,13250,PE,0,0,0,50.4,0.05,0,0,0,0,06-JUL-2020,
OPTSTK,PAGEIND,30-Jul-2020,13500,PE,0,0,0,0.25,0.05,0,0,30,0,06-JUL-2020,
OPTSTK,PAGEIND,30-Jul-2020,13750,PE,0,0,0,0.25,0.05,0,0,30,0,06-JUL-2020,
OPTSTK,PAGEIND,30-Jul-2020,14000,PE,0,0,0,198.2,0.05,0,0,0,0,06-JUL-2020,
OPTSTK,PAGEIND,30-Jul-2020,14250,PE,0,0,0,124.65,0.05,0,0,0,0,06-JUL-2020,
OPTSTK,PAGEIND,30-Jul-2020,14500,PE,0,0,0,274.6,0.1,0,0,0,0,06-JUL-2020,
OPTSTK,PAGEIND,30-Jul-2020,14750,PE,0,0,0,184.3,0.15,0,0,0,0,06-JUL-2020,
OPTSTK,PAGEIND,30-Jul-2020,15000,PE,0,0,0,370.1,0.35,0,0,0,0,06-JUL-2020,
OPTSTK,PAGEIND,30-Jul-2020,15250,PE,0,0,0,263,0.6,0,0,0,0,06-JUL-2020,
OPTSTK,PAGEIND,30-Jul-2020,15500,PE,0,0,0,487.2,1.05,0,0,0,0,06-JUL-2020,
OPTSTK,PAGEIND,30-Jul-2020,15750,PE,0,0,0,363.55,1.85,0,0,0,0,06-JUL-2020,
OPTSTK,PAGEIND,30-Jul-2020,16000,PE,0,0,0,626,3.1,0,0,0,0,06-JUL-2020,
OPTSTK,PAGEIND,30-Jul-2020,16250,PE,0,0,0,488.95,5.05,0,0,0,0,06-JUL-2020,
OPTSTK,PAGEIND,30-Jul-2020,16500,PE,0,0,0,200,8.05,0,0,60,0,06-JUL-2020,
OPTSTK,PAGEIND,30-Jul-2020,16750,PE,0,0,0,639.1,12.4,0,0,0,0,06-JUL-2020,
OPTSTK,PAGEIND,30-Jul-2020,17000,PE,0,0,0,975.45,18.65,0,0,0,0,06-JUL-2020,
OPTSTK,PAGEIND,30-Jul-2020,17250,PE,0,0,0,818.05,27.45,0,0,0,0,06-JUL-2020,
OPTSTK,PAGEIND,30-Jul-2020,17500,PE,0,0,0,1187.55,39.45,0,0,0,0,06-JUL-2020,
OPTSTK,PAGEIND,30-Jul-2020,17750,PE,0,0,0,1025.3,55.45,0,0,0,0,06-JUL-2020,
OPTSTK,PAGEIND,30-Jul-2020,18000,PE,0,0,0,1424.2,76.4,0,0,0,0,06-JUL-2020,
OPTSTK,PAGEIND,30-Jul-2020,18250,PE,0,0,0,1260.9,103.3,0,0,0,0,06-JUL-2020,
OPTSTK,PAGEIND,30-Jul-2020,18500,PE,0,0,0,1684.95,137.1,0,0,0,0,06-JUL-2020,
OPTSTK,PAGEIND,30-Jul-2020,18750,PE,0,0,0,480,178.9,0,0,30,0,06-JUL-2020,
OPTSTK,PAGEIND,30-Jul-2020,19000,PE,0,0,0,599,229.6,0,0,210,0,06-JUL-2020,
OPTSTK,PAGEIND,30-Jul-2020,19250,PE,0,0,0,1814.85,290.15,0,0,0,0,06-JUL-2020,
OPTSTK,PAGEIND,30-Jul-2020,19500,PE,0,0,0,700,361.3,0,0,30,0,06-JUL-2020,
OPTSTK,PAGEIND,30-Jul-2020,19750,PE,0,0,0,2130.65,443.85,0,0,0,0,06-JUL-2020,
OPTSTK,PAGEIND,30-Jul-2020,20000,PE,600,600,600,600,538.2,1,6.18,420,30,06-JUL-2020,
OPTSTK,PAGEIND,30-Jul-2020,20250,PE,0,0,0,2470.1,644.65,0,0,0,0,06-JUL-2020,
OPTSTK,PAGEIND,30-Jul-2020,20500,PE,0,0,0,2948.05,763.4,0,0,0,0,06-JUL-2020,
OPTSTK,PAGEIND,30-Jul-2020,20750,PE,0,0,0,2832.1,894.4,0,0,0,0,06-JUL-2020,
OPTSTK,PAGEIND,30-Jul-2020,21000,PE,0,0,0,1301.45,1037.35,0,0,30,0,06-JUL-2020,
OPTSTK,PAGEIND,30-Jul-2020,21250,PE,0,0,0,3213.25,1191.85,0,0,0,0,06-JUL-2020,
OPTSTK,PAGEIND,30-Jul-2020,21500,PE,0,0,0,3693.7,1357.4,0,0,0,0,06-JUL-2020,
OPTSTK,PAGEIND,30-Jul-2020,21750,PE,0,0,0,3611,1533.3,0,0,0,0,06-JUL-2020,
OPTSTK,PAGEIND,30-Jul-2020,22000,PE,0,0,0,4088.4,1718.85,0,0,0,0,06-JUL-2020,
OPTSTK,PAGEIND,30-Jul-2020,22250,PE,0,0,0,4024.7,1913.2,0,0,0,0,06-JUL-2020,
OPTSTK,PAGEIND,30-Jul-2020,22500,PE,0,0,0,4496.7,2115.55,0,0,0,0,06-JUL-2020,
OPTSTK,PAGEIND,30-Jul-2020,22750,PE,0,0,0,4451.9,2325.1,0,0,0,0,06-JUL-2020,
OPTSTK,PAGEIND,30-Jul-2020,23000,PE,0,0,0,4916.8,2540.95,0,0,0,0,06-JUL-2020,
OPTSTK,PAGEIND,30-Jul-2020,23250,PE,0,0,0,4890.65,2762.35,0,0,0,0,06-JUL-2020,
OPTSTK,PAGEIND,30-Jul-2020,23500,PE,0,0,0,5347.25,2988.55,0,0,0,0,06-JUL-2020,
OPTSTK,PAGEIND,30-Jul-2020,23750,PE,0,0,0,5339.35,3218.9,0,0,0,0,06-JUL-2020,
OPTSTK,PAGEIND,30-Jul-2020,24000,PE,0,0,0,5786.85,3452.75,0,0,0,0,06-JUL-2020,
OPTSTK,PAGEIND,30-Jul-2020,24500,PE,0,0,0,6234.45,3928.8,0,0,0,0,06-JUL-2020,
OPTSTK,PAGEIND,30-Jul-2020,25000,PE,0,0,0,6689,4413.05,0,0,0,0,06-JUL-2020,
OPTSTK,PAGEIND,30-Jul-2020,25500,PE,0,0,0,7149.55,4902.7,0,0,0,0,06-JUL-2020,
OPTSTK,PAGEIND,27-Aug-2020,12500,CE,0,0,0,6121.05,8114.4,0,0,0,0,06-JUL-2020,
OPTSTK,PAGEIND,27-Aug-2020,12750,CE,0,0,0,5889.05,7866,0,0,0,0,06-JUL-2020,
OPTSTK,PAGEIND,27-Aug-2020,13000,CE,0,0,0,5659.7,7617.7,0,0,0,0,06-JUL-2020,
OPTSTK,PAGEIND,27-Aug-2020,13250,CE,0,0,0,5433.3,7369.5,0,0,0,0,06-JUL-2020,
OPTSTK,PAGEIND,27-Aug-2020,13500,CE,0,0,0,5210.1,7121.5,0,0,0,0,06-JUL-2020,
OPTSTK,PAGEIND,27-Aug-2020,13750,CE,0,0,0,4990.45,6873.65,0,0,0,0,06-JUL-2020,
OPTSTK,PAGEIND,27-Aug-2020,14000,CE,0,0,0,4774.55,6626.15,0,0,0,0,06-JUL-2020,
OPTSTK,PAGEIND,27-Aug-2020,14250,CE,0,0,0,4562.75,6379.1,0,0,0,0,06-JUL-2020,
OPTSTK,PAGEIND,27-Aug-2020,14500,CE,0,0,0,4355.25,6132.6,0,0,0,0,06-JUL-2020,
OPTSTK,PAGEIND,27-Aug-2020,14750,CE,0,0,0,4152.4,5886.8,0,0,0,0,06-JUL-2020,
OPTSTK,PAGEIND,27-Aug-2020,15000,CE,0,0,0,3954.3,5641.95,0,0,0,0,06-JUL-2020,
OPTSTK,PAGEIND,27-Aug-2020,15250,CE,0,0,0,3761.3,5398.35,0,0,0,0,06-JUL-2020,
OPTSTK,PAGEIND,27-Aug-2020,15500,CE,0,0,0,3573.5,5156.2,0,0,0,0,06-JUL-2020,
OPTSTK,PAGEIND,27-Aug-2020,15750,CE,0,0,0,3391.6,4915.85,0,0,0,0,06-JUL-2020,
OPTSTK,PAGEIND,27-Aug-2020,16000,CE,0,0,0,3214.65,4677.75,0,0,0,0,06-JUL-2020,
OPTSTK,PAGEIND,27-Aug-2020,16250,CE,0,0,0,3043.45,4442.2,0,0,0,0,06-JUL-2020,
OPTSTK,PAGEIND,27-Aug-2020,16500,CE,0,0,0,2877.35,4209.65,0,0,0,0,06-JUL-2020,
OPTSTK,PAGEIND,27-Aug-2020,16750,CE,0,0,0,2718,3980.65,0,0,0,0,06-JUL-2020,
OPTSTK,PAGEIND,27-Aug-2020,17000,CE,0,0,0,2564.6,3755.65,0,0,0,0,06-JUL-2020,
OPTSTK,PAGEIND,27-Aug-2020,17250,CE,0,0,0,2417.2,3535.1,0,0,0,0,06-JUL-2020,
OPTSTK,PAGEIND,27-Aug-2020,17500,CE,0,0,0,2275.8,3319.6,0,0,0,0,06-JUL-2020,
OPTSTK,PAGEIND,27-Aug-2020,17750,CE,0,0,0,2140.35,3109.6,0,0,0,0,06-JUL-2020,
OPTSTK,PAGEIND,27-Aug-2020,18000,CE,0,0,0,2010.8,2905.55,0,0,0,0,06-JUL-2020,
OPTSTK,PAGEIND,27-Aug-2020,18250,CE,0,0,0,1887.05,2707.95,0,0,0,0,06-JUL-2020,
OPTSTK,PAGEIND,27-Aug-2020,18500,CE,0,0,0,1769.15,2517.2,0,0,0,0,06-JUL-2020,
OPTSTK,PAGEIND,27-Aug-2020,18750,CE,0,0,0,1656.95,2333.75,0,0,0,0,06-JUL-2020,
OPTSTK,PAGEIND,27-Aug-2020,19000,CE,0,0,0,1550.3,2157.9,0,0,0,0,06-JUL-2020,
OPTSTK,PAGEIND,27-Aug-2020,19250,CE,0,0,0,1449.15,1989.85,0,0,0,0,06-JUL-2020,
OPTSTK,PAGEIND,27-Aug-2020,19500,CE,0,0,0,1353.25,1829.95,0,0,0,0,06-JUL-2020,
OPTSTK,PAGEIND,27-Aug-2020,19750,CE,0,0,0,1262.55,1678.3,0,0,0,0,06-JUL-2020,
OPTSTK,PAGEIND,27-Aug-2020,20000,CE,0,0,0,1176.8,1535,0,0,0,0,06-JUL-2020,
OPTSTK,PAGEIND,27-Aug-2020,20250,CE,0,0,0,1095.95,1400.1,0,0,0,0,06-JUL-2020,
OPTSTK,PAGEIND,27-Aug-2020,20500,CE,0,0,0,1019.7,1273.55,0,0,0,0,06-JUL-2020,
OPTSTK,PAGEIND,27-Aug-2020,20750,CE,0,0,0,948,1155.25,0,0,0,0,06-JUL-2020,
OPTSTK,PAGEIND,27-Aug-2020,21000,CE,0,0,0,880.55,1045.1,0,0,0,0,06-JUL-2020,
OPTSTK,PAGEIND,27-Aug-2020,21250,CE,0,0,0,818.15,942.9,0,0,0,0,06-JUL-2020,
OPTSTK,PAGEIND,27-Aug-2020,21500,CE,0,0,0,759,848.4,0,0,0,0,06-JUL-2020,
OPTSTK,PAGEIND,27-Aug-2020,21750,CE,0,0,0,703.55,761.35,0,0,0,0,06-JUL-2020,
OPTSTK,PAGEIND,27-Aug-2020,22000,CE,0,0,0,651.75,681.4,0,0,0,0,06-JUL-2020,
OPTSTK,PAGEIND,27-Aug-2020,22250,CE,0,0,0,603.3,608.3,0,0,0,0,06-JUL-2020,
OPTSTK,PAGEIND,27-Aug-2020,22500,CE,0,0,0,557.25,541.6,0,0,0,0,06-JUL-2020,
OPTSTK,PAGEIND,27-Aug-2020,22750,CE,0,0,0,514.95,481,0,0,0,0,06-JUL-2020,
OPTSTK,PAGEIND,27-Aug-2020,23000,CE,0,0,0,475.55,426.1,0,0,0,0,06-JUL-2020,
OPTSTK,PAGEIND,27-Aug-2020,23250,CE,0,0,0,438.9,376.55,0,0,0,0,06-JUL-2020,
OPTSTK,PAGEIND,27-Aug-2020,23500,CE,0,0,0,404.75,331.95,0,0,0,0,06-JUL-2020,
OPTSTK,PAGEIND,27-Aug-2020,23750,CE,0,0,0,373.05,291.95,0,0,0,0,06-JUL-2020,
OPTSTK,PAGEIND,27-Aug-2020,24000,CE,0,0,0,343.6,256.15,0,0,0,0,06-JUL-2020,
OPTSTK,PAGEIND,27-Aug-2020,24250,CE,0,0,0,316.3,224.2,0,0,0,0,06-JUL-2020,
OPTSTK,PAGEIND,27-Aug-2020,24500,CE,0,0,0,291,195.8,0,0,0,0,06-JUL-2020,
OPTSTK,PAGEIND,27-Aug-2020,12500,PE,0,0,0,62.5,0.15,0,0,0,0,06-JUL-2020,
OPTSTK,PAGEIND,27-Aug-2020,12750,PE,0,0,0,77.45,0.3,0,0,0,0,06-JUL-2020,
OPTSTK,PAGEIND,27-Aug-2020,13000,PE,0,0,0,95.05,0.5,0,0,0,0,06-JUL-2020,
OPTSTK,PAGEIND,27-Aug-2020,13250,PE,0,0,0,115.6,0.8,0,0,0,0,06-JUL-2020,
OPTSTK,PAGEIND,27-Aug-2020,13500,PE,0,0,0,139.4,1.25,0,0,0,0,06-JUL-2020,
OPTSTK,PAGEIND,27-Aug-2020,13750,PE,0,0,0,166.7,1.9,0,0,0,0,06-JUL-2020,
OPTSTK,PAGEIND,27-Aug-2020,14000,PE,0,0,0,197.75,2.9,0,0,0,0,06-JUL-2020,
OPTSTK,PAGEIND,27-Aug-2020,14250,PE,0,0,0,232.9,4.3,0,0,0,0,06-JUL-2020,
OPTSTK,PAGEIND,27-Aug-2020,14500,PE,0,0,0,272.4,6.3,0,0,0,0,06-JUL-2020,
OPTSTK,PAGEIND,27-Aug-2020,14750,PE,0,0,0,316.5,9,0,0,0,0,06-JUL-2020,
OPTSTK,PAGEIND,27-Aug-2020,15000,PE,0,0,0,365.4,12.7,0,0,0,0,06-JUL-2020,
OPTSTK,PAGEIND,27-Aug-2020,15250,PE,0,0,0,419.3,17.55,0,0,0,0,06-JUL-2020,
OPTSTK,PAGEIND,27-Aug-2020,15500,PE,0,0,0,478.5,23.9,0,0,0,0,06-JUL-2020,
OPTSTK,PAGEIND,27-Aug-2020,15750,PE,0,0,0,543.55,32.05,0,0,0,0,06-JUL-2020,
OPTSTK,PAGEIND,27-Aug-2020,16000,PE,0,0,0,613.6,42.4,0,0,0,0,06-JUL-2020,
OPTSTK,PAGEIND,27-Aug-2020,16250,PE,0,0,0,689.3,55.35,0,0,0,0,06-JUL-2020,
OPTSTK,PAGEIND,27-Aug-2020,16500,PE,0,0,0,770.2,71.3,0,0,0,0,06-JUL-2020,
OPTSTK,PAGEIND,27-Aug-2020,16750,PE,0,0,0,857.8,90.8,0,0,0,0,06-JUL-2020,
OPTSTK,PAGEIND,27-Aug-2020,17000,PE,0,0,0,951.4,114.3,0,0,0,0,06-JUL-2020,
OPTSTK,PAGEIND,27-Aug-2020,17250,PE,0,0,0,1050.95,142.25,0,0,0,0,06-JUL-2020,
OPTSTK,PAGEIND,27-Aug-2020,17500,PE,0,0,0,1156.5,175.2,0,0,0,0,06-JUL-2020,
OPTSTK,PAGEIND,27-Aug-2020,17750,PE,0,0,0,1268,213.7,0,0,0,0,06-JUL-2020,
OPTSTK,PAGEIND,27-Aug-2020,18000,PE,0,0,0,1385.45,258.15,0,0,0,0,06-JUL-2020,
OPTSTK,PAGEIND,27-Aug-2020,18250,PE,0,0,0,1508.65,309.05,0,0,0,0,06-JUL-2020,
OPTSTK,PAGEIND,27-Aug-2020,18500,PE,0,0,0,1637.7,366.8,0,0,0,0,06-JUL-2020,
OPTSTK,PAGEIND,27-Aug-2020,18750,PE,0,0,0,1772.5,431.8,0,0,0,0,06-JUL-2020,
OPTSTK,PAGEIND,27-Aug-2020,19000,PE,0,0,0,1912.8,504.45,0,0,0,0,06-JUL-2020,
OPTSTK,PAGEIND,27-Aug-2020,19250,PE,0,0,0,2058.6,584.9,0,0,0,0,06-JUL-2020,
OPTSTK,PAGEIND,27-Aug-2020,19500,PE,0,0,0,2209.7,673.5,0,0,0,0,06-JUL-2020,
OPTSTK,PAGEIND,27-Aug-2020,19750,PE,0,0,0,2365.95,770.35,0,0,0,0,06-JUL-2020,
OPTSTK,PAGEIND,27-Aug-2020,20000,PE,0,0,0,2527.2,875.5,0,0,0,0,06-JUL-2020,
OPTSTK,PAGEIND,27-Aug-2020,20250,PE,0,0,0,2693.25,989.1,0,0,0,0,06-JUL-2020,
OPTSTK,PAGEIND,27-Aug-2020,20500,PE,0,0,0,2864,1111.05,0,0,0,0,06-JUL-2020,
OPTSTK,PAGEIND,27-Aug-2020,20750,PE,0,0,0,3039.25,1241.25,0,0,0,0,06-JUL-2020,
OPTSTK,PAGEIND,27-Aug-2020,21000,PE,0,0,0,3218.8,1379.55,0,0,0,0,06-JUL-2020,
OPTSTK,PAGEIND,27-Aug-2020,21250,PE,0,0,0,3403.35,1525.85,0,0,0,0,06-JUL-2020,
OPTSTK,PAGEIND,27-Aug-2020,21500,PE,0,0,0,3591.15,1679.85,0,0,0,0,06-JUL-2020,
OPTSTK,PAGEIND,27-Aug-2020,21750,PE,0,0,0,3782.7,1841.3,0,0,0,0,06-JUL-2020,
OPTSTK,PAGEIND,27-Aug-2020,22000,PE,0,0,0,3977.8,2009.85,0,0,0,0,06-JUL-2020,
OPTSTK,PAGEIND,27-Aug-2020,22250,PE,0,0,0,4176.35,2185.2,0,0,0,0,06-JUL-2020,
OPTSTK,PAGEIND,27-Aug-2020,22500,PE,0,0,0,4377.25,2367.05,0,0,0,0,06-JUL-2020,
OPTSTK,PAGEIND,27-Aug-2020,22750,PE,0,0,0,4581.95,2554.9,0,0,0,0,06-JUL-2020,
OPTSTK,PAGEIND,27-Aug-2020,23000,PE,0,0,0,4789.5,2748.5,0,0,0,0,06-JUL-2020,
OPTSTK,PAGEIND,27-Aug-2020,23250,PE,0,0,0,4999.75,2947.45,0,0,0,0,06-JUL-2020,
OPTSTK,PAGEIND,27-Aug-2020,23500,PE,0,0,0,5212.6,3151.35,0,0,0,0,06-JUL-2020,
OPTSTK,PAGEIND,27-Aug-2020,23750,PE,0,0,0,5427.9,3359.8,0,0,0,0,06-JUL-2020,
OPTSTK,PAGEIND,27-Aug-2020,24000,PE,0,0,0,5645.4,3572.5,0,0,0,0,06-JUL-2020,
OPTSTK,PAGEIND,27-Aug-2020,24250,PE,0,0,0,5865.05,3789.05,0,0,0,0,06-JUL-2020,
OPTSTK,PAGEIND,27-Aug-2020,24500,PE,0,0,0,6086.75,4009.15,0,0,0,0,06-JUL-2020,
OPTSTK,PAGEIND,24-Sep-2020,14250,CE,0,0,0,6358.75,6442.45,0,0,0,0,06-JUL-2020,
OPTSTK,PAGEIND,24-Sep-2020,14500,CE,0,0,0,6137.3,6201.4,0,0,0,0,06-JUL-2020,
OPTSTK,PAGEIND,24-Sep-2020,14750,CE,0,0,0,5918.95,5961.95,0,0,0,0,06-JUL-2020,
OPTSTK,PAGEIND,24-Sep-2020,15000,CE,0,0,0,5703.9,5724.35,0,0,0,0,06-JUL-2020,
OPTSTK,PAGEIND,24-Sep-2020,15250,CE,0,0,0,5492.35,5488.95,0,0,0,0,06-JUL-2020,
OPTSTK,PAGEIND,24-Sep-2020,15500,CE,0,0,0,5284.5,5256,0,0,0,0,06-JUL-2020,
OPTSTK,PAGEIND,24-Sep-2020,15750,CE,0,0,0,5080.55,5025.8,0,0,0,0,06-JUL-2020,
OPTSTK,PAGEIND,24-Sep-2020,16000,CE,0,0,0,4880.6,4798.8,0,0,0,0,06-JUL-2020,
OPTSTK,PAGEIND,24-Sep-2020,16250,CE,0,0,0,4684.85,4575.25,0,0,0,0,06-JUL-2020,
OPTSTK,PAGEIND,24-Sep-2020,16500,CE,0,0,0,4493.45,4355.5,0,0,0,0,06-JUL-2020,
OPTSTK,PAGEIND,24-Sep-2020,16750,CE,0,0,0,4306.5,4139.9,0,0,0,0,06-JUL-2020,
OPTSTK,PAGEIND,24-Sep-2020,17000,CE,0,0,0,4124.65,3928.85,0,0,0,0,06-JUL-2020,
OPTSTK,PAGEIND,24-Sep-2020,17250,CE,0,0,0,3946.85,3722.65,0,0,0,0,06-JUL-2020,
OPTSTK,PAGEIND,24-Sep-2020,17500,CE,0,0,0,3773.85,3521.6,0,0,0,0,06-JUL-2020,
OPTSTK,PAGEIND,24-Sep-2020,17750,CE,0,0,0,3605.7,3326,0,0,0,0,06-JUL-2020,
OPTSTK,PAGEIND,24-Sep-2020,18000,CE,0,0,0,3441.7,3136.1,0,0,0,0,06-JUL-2020,
OPTSTK,PAGEIND,24-Sep-2020,18250,CE,0,0,0,3283.55,2952.2,0,0,0,0,06-JUL-2020,
OPTSTK,PAGEIND,24-Sep-2020,18500,CE,0,0,0,3130.45,2774.45,0,0,0,0,06-JUL-2020,
OPTSTK,PAGEIND,24-Sep-2020,18750,CE,0,0,0,2982.3,2603.1,0,0,0,0,06-JUL-2020,
OPTSTK,PAGEIND,24-Sep-2020,19000,CE,0,0,0,2839.2,2438.3,0,0,0,0,06-JUL-2020,
OPTSTK,PAGEIND,24-Sep-2020,19250,CE,0,0,0,2701.05,2280.15,0,0,0,0,06-JUL-2020,
OPTSTK,PAGEIND,24-Sep-2020,19500,CE,0,0,0,2567.85,2128.7,0,0,0,0,06-JUL-2020,
OPTSTK,PAGEIND,24-Sep-2020,19750,CE,0,0,0,2439.55,1984.05,0,0,0,0,06-JUL-2020,
OPTSTK,PAGEIND,24-Sep-2020,20000,CE,0,0,0,2316.05,1846.2,0,0,0,0,06-JUL-2020,
OPTSTK,PAGEIND,24-Sep-2020,20250,CE,0,0,0,2197.45,1715.15,0,0,0,0,06-JUL-2020,
OPTSTK,PAGEIND,24-Sep-2020,20500,CE,0,0,0,2083.6,1590.8,0,0,0,0,06-JUL-2020,
OPTSTK,PAGEIND,24-Sep-2020,20750,CE,0,0,0,1974.35,1473.1,0,0,0,0,06-JUL-2020,
OPTSTK,PAGEIND,24-Sep-2020,21000,CE,0,0,0,1869.7,1361.95,0,0,0,0,06-JUL-2020,
OPTSTK,PAGEIND,24-Sep-2020,21250,CE,0,0,0,1769.55,1257.2,0,0,0,0,06-JUL-2020,
OPTSTK,PAGEIND,24-Sep-2020,21500,CE,0,0,0,1673.75,1158.7,0,0,0,0,06-JUL-2020,
OPTSTK,PAGEIND,24-Sep-2020,21750,CE,0,0,0,1582.2,1066.25,0,0,0,0,06-JUL-2020,
OPTSTK,PAGEIND,24-Sep-2020,22000,CE,0,0,0,1494.8,979.75,0,0,0,0,06-JUL-2020,
OPTSTK,PAGEIND,24-Sep-2020,22250,CE,0,0,0,1411.45,898.9,0,0,0,0,06-JUL-2020,
OPTSTK,PAGEIND,24-Sep-2020,22500,CE,0,0,0,1332,823.5,0,0,0,0,06-JUL-2020,
OPTSTK,PAGEIND,24-Sep-2020,22750,CE,0,0,0,1256.35,753.35,0,0,0,0,06-JUL-2020,
OPTSTK,PAGEIND,24-Sep-2020,23000,CE,0,0,0,1184.4,688.2,0,0,0,0,06-JUL-2020,
OPTSTK,PAGEIND,24-Sep-2020,23250,CE,0,0,0,1116,627.8,0,0,0,0,06-JUL-2020,
OPTSTK,PAGEIND,24-Sep-2020,23500,CE,0,0,0,1051,571.9,0,0,0,0,06-JUL-2020,
OPTSTK,PAGEIND,24-Sep-2020,23750,CE,0,0,0,990.4,520.3,0,0,0,0,06-JUL-2020,
OPTSTK,PAGEIND,24-Sep-2020,24000,CE,0,0,0,932.05,472.7,0,0,0,0,06-JUL-2020,
OPTSTK,PAGEIND,24-Sep-2020,24250,CE,0,0,0,876.75,428.9,0,0,0,0,06-JUL-2020,
OPTSTK,PAGEIND,24-Sep-2020,24500,CE,0,0,0,824.4,388.7,0,0,0,0,06-JUL-2020,
OPTSTK,PAGEIND,24-Sep-2020,14250,PE,0,0,0,150.25,21.6,0,0,0,0,06-JUL-2020,
OPTSTK,PAGEIND,24-Sep-2020,14500,PE,0,0,0,175.9,28.2,0,0,0,0,06-JUL-2020,
OPTSTK,PAGEIND,24-Sep-2020,14750,PE,0,0,0,204.65,36.45,0,0,0,0,06-JUL-2020,
OPTSTK,PAGEIND,24-Sep-2020,15000,PE,0,0,0,236.7,46.55,0,0,0,0,06-JUL-2020,
OPTSTK,PAGEIND,24-Sep-2020,15250,PE,0,0,0,272.25,58.8,0,0,0,0,06-JUL-2020,
OPTSTK,PAGEIND,24-Sep-2020,15500,PE,0,0,0,311.5,73.5,0,0,0,0,06-JUL-2020,
OPTSTK,PAGEIND,24-Sep-2020,15750,PE,0,0,0,354.65,91.05,0,0,0,0,06-JUL-2020,
OPTSTK,PAGEIND,24-Sep-2020,16000,PE,0,0,0,401.8,111.7,0,0,0,0,06-JUL-2020,
OPTSTK,PAGEIND,24-Sep-2020,16250,PE,0,0,0,453.15,135.8,0,0,0,0,06-JUL-2020,
OPTSTK,PAGEIND,24-Sep-2020,16500,PE,0,0,0,508.85,163.75,0,0,0,0,06-JUL-2020,
OPTSTK,PAGEIND,24-Sep-2020,16750,PE,0,0,0,569,195.85,0,0,0,0,06-JUL-2020,
OPTSTK,PAGEIND,24-Sep-2020,17000,PE,0,0,0,634.25,232.5,0,0,0,0,06-JUL-2020,
OPTSTK,PAGEIND,24-Sep-2020,17250,PE,0,0,0,703.55,273.95,0,0,0,0,06-JUL-2020,
OPTSTK,PAGEIND,24-Sep-2020,17500,PE,0,0,0,777.65,320.6,0,0,0,0,06-JUL-2020,
OPTSTK,PAGEIND,24-Sep-2020,17750,PE,0,0,0,856.6,372.65,0,0,0,0,06-JUL-2020,
OPTSTK,PAGEIND,24-Sep-2020,18000,PE,0,0,0,939.7,430.45,0,0,0,0,06-JUL-2020,
OPTSTK,PAGEIND,24-Sep-2020,18250,PE,0,0,0,1028.65,494.2,0,0,0,0,06-JUL-2020,
OPTSTK,PAGEIND,24-Sep-2020,18500,PE,0,0,0,1122.65,564.2,0,0,0,0,06-JUL-2020,
OPTSTK,PAGEIND,24-Sep-2020,18750,PE,0,0,0,1221.6,640.55,0,0,0,0,06-JUL-2020,
OPTSTK,PAGEIND,24-Sep-2020,19000,PE,0,0,0,1325.6,723.4,0,0,0,0,06-JUL-2020,
OPTSTK,PAGEIND,24-Sep-2020,19250,PE,0,0,0,1434.55,812.9,0,0,0,0,06-JUL-2020,
OPTSTK,PAGEIND,24-Sep-2020,19500,PE,0,0,0,1548.45,909.15,0,0,0,0,06-JUL-2020,
OPTSTK,PAGEIND,24-Sep-2020,19750,PE,0,0,0,1667.25,1012.2,0,0,0,0,06-JUL-2020,
OPTSTK,PAGEIND,24-Sep-2020,20000,PE,0,0,0,1790.85,1122,0,0,0,0,06-JUL-2020,
OPTSTK,PAGEIND,24-Sep-2020,20250,PE,0,0,0,1919.35,1238.6,0,0,0,0,06-JUL-2020,
OPTSTK,PAGEIND,24-Sep-2020,20500,PE,0,0,0,2052.6,1361.95,0,0,0,0,06-JUL-2020,
OPTSTK,PAGEIND,24-Sep-2020,20750,PE,0,0,0,2190.45,1491.95,0,0,0,0,06-JUL-2020,
OPTSTK,PAGEIND,24-Sep-2020,21000,PE,0,0,0,2332.9,1628.45,0,0,0,0,06-JUL-2020,
OPTSTK,PAGEIND,24-Sep-2020,21250,PE,0,0,0,2479.85,1771.4,0,0,0,0,06-JUL-2020,
OPTSTK,PAGEIND,24-Sep-2020,21500,PE,0,0,0,2631.1,1920.6,0,0,0,0,06-JUL-2020,
OPTSTK,PAGEIND,24-Sep-2020,21750,PE,0,0,0,2786.7,2075.85,0,0,0,0,06-JUL-2020,
OPTSTK,PAGEIND,24-Sep-2020,22000,PE,0,0,0,2946.4,2237,0,0,0,0,06-JUL-2020,
OPTSTK,PAGEIND,24-Sep-2020,22250,PE,0,0,0,3110.15,2403.85,0,0,0,0,06-JUL-2020,
OPTSTK,PAGEIND,24-Sep-2020,22500,PE,0,0,0,3277.8,2576.15,0,0,0,0,06-JUL-2020,
OPTSTK,PAGEIND,24-Sep-2020,22750,PE,0,0,0,3449.25,2753.65,0,0,0,0,06-JUL-2020,
OPTSTK,PAGEIND,24-Sep-2020,23000,PE,0,0,0,3624.4,2936.2,0,0,0,0,06-JUL-2020,
OPTSTK,PAGEIND,24-Sep-2020,23250,PE,0,0,0,3803.05,3123.45,0,0,0,0,06-JUL-2020,
OPTSTK,PAGEIND,24-Sep-2020,23500,PE,0,0,0,3985.2,3315.25,0,0,0,0,06-JUL-2020,
OPTSTK,PAGEIND,24-Sep-2020,23750,PE,0,0,0,4171.7,3511.35,0,0,0,0,06-JUL-2020,
OPTSTK,PAGEIND,24-Sep-2020,24000,PE,0,0,0,4360.45,3711.4,0,0,0,0,06-JUL-2020,
OPTSTK,PAGEIND,24-Sep-2020,24250,PE,0,0,0,4552.25,3915.3,0,0,0,0,06-JUL-2020,
OPTSTK,PAGEIND,24-Sep-2020,24500,PE,0,0,0,4747,4122.75,0,0,0,0,06-JUL-2020,
OPTSTK,PEL,30-Jul-2020,500,CE,0,0,0,505.45,914.6,0,0,0,0,06-JUL-2020,
OPTSTK,PEL,30-Jul-2020,550,CE,0,0,0,462.55,864.75,0,0,0,0,06-JUL-2020,
OPTSTK,PEL,30-Jul-2020,600,CE,0,0,0,421.9,814.85,0,0,0,0,06-JUL-2020,
OPTSTK,PEL,30-Jul-2020,650,CE,0,0,0,383.6,765,0,0,0,0,06-JUL-2020,
OPTSTK,PEL,30-Jul-2020,700,CE,0,0,0,347.9,715.15,0,0,0,0,06-JUL-2020,
OPTSTK,PEL,30-Jul-2020,750,CE,0,0,0,314.75,665.3,0,0,0,0,06-JUL-2020,
OPTSTK,PEL,30-Jul-2020,780,CE,0,0,0,227.65,635.4,0,0,0,0,06-JUL-2020,
OPTSTK,PEL,30-Jul-2020,800,CE,0,0,0,284.15,615.45,0,0,0,0,06-JUL-2020,
OPTSTK,PEL,30-Jul-2020,820,CE,0,0,0,201.45,595.5,0,0,0,0,06-JUL-2020,
OPTSTK,PEL,30-Jul-2020,840,CE,0,0,0,311.15,575.55,0,0,550,0,06-JUL-2020,
OPTSTK,PEL,30-Jul-2020,850,CE,0,0,0,428.2,565.6,0,0,1100,0,06-JUL-2020,
OPTSTK,PEL,30-Jul-2020,860,CE,0,0,0,177.45,555.65,0,0,0,0,06-JUL-2020,
OPTSTK,PEL,30-Jul-2020,880,CE,0,0,0,166.3,535.7,0,0,0,0,06-JUL-2020,
OPTSTK,PEL,30-Jul-2020,900,CE,0,0,0,421.7,515.85,0,0,550,0,06-JUL-2020,
OPTSTK,PEL,30-Jul-2020,920,CE,0,0,0,145.65,495.95,0,0,0,0,06-JUL-2020,
OPTSTK,PEL,30-Jul-2020,940,CE,0,0,0,136.1,476.1,0,0,0,0,06-JUL-2020,
OPTSTK,PEL,30-Jul-2020,950,CE,0,0,0,341.95,466.2,0,0,1100,0,06-JUL-2020,
OPTSTK,PEL,30-Jul-2020,960,CE,0,0,0,300,456.3,0,0,1100,0,06-JUL-2020,
OPTSTK,PEL,30-Jul-2020,980,CE,0,0,0,301.75,436.6,0,0,1100,0,06-JUL-2020,
OPTSTK,PEL,30-Jul-2020,1000,CE,0,0,0,298,416.95,0,0,2200,0,06-JUL-2020,
OPTSTK,PEL,30-Jul-2020,1020,CE,0,0,0,317.4,397.4,0,0,1100,0,06-JUL-2020,
OPTSTK,PEL,30-Jul-2020,1040,CE,0,0,0,301.85,378,0,0,3300,0,06-JUL-2020,
OPTSTK,PEL,30-Jul-2020,1050,CE,0,0,0,232.95,368.35,0,0,1650,0,06-JUL-2020,
OPTSTK,PEL,30-Jul-2020,1060,CE,0,0,0,89.1,358.75,0,0,0,0,06-JUL-2020,
OPTSTK,PEL,30-Jul-2020,1080,CE,0,0,0,200.85,339.75,0,0,1100,0,06-JUL-2020,
OPTSTK,PEL,30-Jul-2020,1100,CE,0,0,0,237.8,320.95,0,0,7700,0,06-JUL-2020,
OPTSTK,PEL,30-Jul-2020,1120,CE,0,0,0,250,302.45,0,0,1100,0,06-JUL-2020,
OPTSTK,PEL,30-Jul-2020,1140,CE,0,0,0,230.15,284.3,0,0,1100,0,06-JUL-2020,
OPTSTK,PEL,30-Jul-2020,1150,CE,0,0,0,223.75,275.35,0,0,1100,0,06-JUL-2020,
OPTSTK,PEL,30-Jul-2020,1160,CE,0,0,0,182.6,266.55,0,0,2200,0,06-JUL-2020,
OPTSTK,PEL,30-Jul-2020,1180,CE,0,0,0,57,249.2,0,0,0,0,06-JUL-2020,
OPTSTK,PEL,30-Jul-2020,1200,CE,225,225,211.05,211.05,232.35,2,15.59,7700,-1100,06-JUL-2020,
OPTSTK,PEL,30-Jul-2020,1220,CE,0,0,0,148.15,216,0,0,550,0,06-JUL-2020,
OPTSTK,PEL,30-Jul-2020,1240,CE,0,0,0,162.55,200.2,0,0,1650,0,06-JUL-2020,
OPTSTK,PEL,30-Jul-2020,1250,CE,0,0,0,156.6,192.55,0,0,8800,0,06-JUL-2020,
OPTSTK,PEL,30-Jul-2020,1260,CE,0,0,0,145,185.05,0,0,7150,0,06-JUL-2020,
OPTSTK,PEL,30-Jul-2020,1280,CE,0,0,0,151.5,170.5,0,0,12650,0,06-JUL-2020,
OPTSTK,PEL,30-Jul-2020,1300,CE,136.75,137.25,129.5,137.25,137.25,10,78.78,168850,-1100,06-JUL-2020,
OPTSTK,PEL,30-Jul-2020,1320,CE,124.7,124.7,124.7,124.7,143.45,2,15.89,7150,-550,06-JUL-2020,
OPTSTK,PEL,30-Jul-2020,1340,CE,117,121,104.3,111.6,111.6,29,231.45,20900,-11000,06-JUL-2020,
OPTSTK,PEL,30-Jul-2020,1360,CE,100,105,93.65,99.4,119.25,13,104.07,20900,-3300,06-JUL-2020,
OPTSTK,PEL,30-Jul-2020,1380,CE,95,95,81,86.05,86.05,10,80.61,15400,-2200,06-JUL-2020,
OPTSTK,PEL,30-Jul-2020,1400,CE,78,84.85,70.3,75.65,75.65,125,1014.95,88550,9350,06-JUL-2020,
OPTSTK,PEL,30-Jul-2020,1420,CE,72.25,78.15,62,66.75,66.75,52,425.32,24750,-550,06-JUL-2020,
OPTSTK,PEL,30-Jul-2020,1440,CE,64.5,68.9,54.9,59.65,59.65,63,519.82,42900,-550,06-JUL-2020,
OPTSTK,PEL,30-Jul-2020,1460,CE,51.25,53.65,48.55,48.85,71.2,7,58.14,12100,0,06-JUL-2020,
OPTSTK,PEL,30-Jul-2020,1480,CE,46,46,41.8,44.1,63.65,17,142.45,21450,550,06-JUL-2020,
OPTSTK,PEL,30-Jul-2020,1500,CE,42.45,45,35.2,38.8,38.8,191,1616.25,105600,2200,06-JUL-2020,
OPTSTK,PEL,30-Jul-2020,1520,CE,0,0,0,35,50.45,0,0,2750,0,06-JUL-2020,
OPTSTK,PEL,30-Jul-2020,1540,CE,33,33,29.25,29.25,44.7,2,17.28,3300,-550,06-JUL-2020,
OPTSTK,PEL,30-Jul-2020,1560,CE,26.8,27.45,22,23.5,23.5,15,130.66,60500,0,06-JUL-2020,
OPTSTK,PEL,30-Jul-2020,1580,CE,0,0,0,22,34.8,0,0,550,0,06-JUL-2020,
OPTSTK,PEL,30-Jul-2020,1600,CE,20,20,17.15,17.8,17.8,11,97.88,23650,550,06-JUL-2020,
OPTSTK,PEL,30-Jul-2020,1620,CE,14,14,12.1,12.1,12.1,3,26.95,1650,-550,06-JUL-2020,
OPTSTK,PEL,30-Jul-2020,1640,CE,10.95,10.95,10.95,10.95,23.45,1,9.08,550,550,06-JUL-2020,
OPTSTK,PEL,30-Jul-2020,500,PE,0,0,0,10.4,0.05,0,0,0,0,06-JUL-2020,
OPTSTK,PEL,30-Jul-2020,550,PE,0,0,0,16.85,0.05,0,0,0,0,06-JUL-2020,
OPTSTK,PEL,30-Jul-2020,600,PE,0,0,0,25.55,0.05,0,0,0,0,06-JUL-2020,
OPTSTK,PEL,30-Jul-2020,650,PE,0,0,0,36.65,0.05,0,0,0,0,06-JUL-2020,
OPTSTK,PEL,30-Jul-2020,700,PE,0,0,0,3.05,0.05,0,0,1100,0,06-JUL-2020,
OPTSTK,PEL,30-Jul-2020,750,PE,0,0,0,66.5,0.05,0,0,0,0,06-JUL-2020,
OPTSTK,PEL,30-Jul-2020,780,PE,0,0,0,43.25,0.05,0,0,0,0,06-JUL-2020,
OPTSTK,PEL,30-Jul-2020,800,PE,0,0,0,85.25,0.05,0,0,0,0,06-JUL-2020,
OPTSTK,PEL,30-Jul-2020,820,PE,0,0,0,56.75,0.05,0,0,0,0,06-JUL-2020,
OPTSTK,PEL,30-Jul-2020,840,PE,0,0,0,2.95,0.05,0,0,550,0,06-JUL-2020,
OPTSTK,PEL,30-Jul-2020,850,PE,0,0,0,106.55,0.05,0,0,0,0,06-JUL-2020,
OPTSTK,PEL,30-Jul-2020,860,PE,0,0,0,72.4,0.05,0,0,0,0,06-JUL-2020,
OPTSTK,PEL,30-Jul-2020,880,PE,2.95,2.95,2.95,2.95,0.05,2,9.71,1100,1100,06-JUL-2020,
OPTSTK,PEL,30-Jul-2020,900,PE,2,2,2,2,0.1,2,9.92,8800,0,06-JUL-2020,
OPTSTK,PEL,30-Jul-2020,920,PE,0,0,0,100.1,0.2,0,0,0,0,06-JUL-2020,
OPTSTK,PEL,30-Jul-2020,940,PE,0,0,0,3.15,0.3,0,0,3300,0,06-JUL-2020,
OPTSTK,PEL,30-Jul-2020,950,PE,0,0,0,7.55,0.35,0,0,550,0,06-JUL-2020,
OPTSTK,PEL,30-Jul-2020,960,PE,0,0,0,2.15,0.45,0,0,0,0,06-JUL-2020,
OPTSTK,PEL,30-Jul-2020,980,PE,0,0,0,4,0.65,0,0,3850,0,06-JUL-2020,
OPTSTK,PEL,30-Jul-2020,1000,PE,2.65,2.65,2.5,2.5,0.95,4,22.05,184800,-550,06-JUL-2020,
OPTSTK,PEL,30-Jul-2020,1020,PE,0,0,0,156.5,1.35,0,0,0,0,06-JUL-2020,
OPTSTK,PEL,30-Jul-2020,1040,PE,0,0,0,10,1.9,0,0,550,0,06-JUL-2020,
OPTSTK,PEL,30-Jul-2020,1050,PE,0,0,0,34.9,2.2,0,0,1650,0,06-JUL-2020,
OPTSTK,PEL,30-Jul-2020,1060,PE,0,0,0,56,2.6,0,0,550,0,06-JUL-2020,
OPTSTK,PEL,30-Jul-2020,1080,PE,0,0,0,195.9,3.5,0,0,0,0,06-JUL-2020,
OPTSTK,PEL,30-Jul-2020,1100,PE,6.3,6.4,5.3,5.8,4.7,21,127.72,180950,-550,06-JUL-2020,
OPTSTK,PEL,30-Jul-2020,1120,PE,0,0,0,60,6.15,0,0,550,0,06-JUL-2020,
OPTSTK,PEL,30-Jul-2020,1140,PE,0,0,0,76,7.9,0,0,0,0,06-JUL-2020,
OPTSTK,PEL,30-Jul-2020,1150,PE,0,0,0,10,8.95,0,0,3850,0,06-JUL-2020,
OPTSTK,PEL,30-Jul-2020,1160,PE,16.2,16.2,16.2,16.2,10.1,1,6.46,8250,0,06-JUL-2020,
OPTSTK,PEL,30-Jul-2020,1180,PE,0,0,0,23.65,12.7,0,0,2750,0,06-JUL-2020,
OPTSTK,PEL,30-Jul-2020,1200,PE,17.45,17.45,11,13.85,13.85,38,253.87,96250,3300,06-JUL-2020,
OPTSTK,PEL,30-Jul-2020,1220,PE,0,0,0,72.9,19.4,0,0,2200,0,06-JUL-2020,
OPTSTK,PEL,30-Jul-2020,1240,PE,0,0,0,30,23.55,0,0,8800,0,06-JUL-2020,
OPTSTK,PEL,30-Jul-2020,1250,PE,26.9,26.9,26.9,26.9,25.85,1,7.02,15950,-550,06-JUL-2020,
OPTSTK,PEL,30-Jul-2020,1260,PE,25.3,26,25,26,28.3,3,21.2,11550,550,06-JUL-2020,
OPTSTK,PEL,30-Jul-2020,1280,PE,0,0,0,32.8,33.7,0,0,12100,0,06-JUL-2020,
OPTSTK,PEL,30-Jul-2020,1300,PE,40.05,40.05,31.5,32.45,32.45,129,946.61,212300,550,06-JUL-2020,
OPTSTK,PEL,30-Jul-2020,1320,PE,40,43.2,39,39.45,46.55,20,149.7,9900,4950,06-JUL-2020,
OPTSTK,PEL,30-Jul-2020,1340,PE,47.25,49.25,44.8,45.9,45.9,31,236.56,17600,-1650,06-JUL-2020,
OPTSTK,PEL,30-Jul-2020,1360,PE,54,57.05,52.85,53.6,53.6,20,155.62,13750,-550,06-JUL-2020,
OPTSTK,PEL,30-Jul-2020,1380,PE,65,68.65,62.5,62.5,62.5,10,79.48,7700,0,06-JUL-2020,
OPTSTK,PEL,30-Jul-2020,1400,PE,73.5,79.65,69,70.95,70.95,38,308.16,35200,6600,06-JUL-2020,
OPTSTK,PEL,30-Jul-2020,1420,PE,81.3,81.3,81.3,81.3,81.3,1,8.25,1100,0,06-JUL-2020,
OPTSTK,PEL,30-Jul-2020,1440,PE,0,0,0,254.15,102.2,0,0,2200,0,06-JUL-2020,
OPTSTK,PEL,30-Jul-2020,1460,PE,112,112,112,112,113.95,1,8.64,1100,0,06-JUL-2020,
OPTSTK,PEL,30-Jul-2020,1480,PE,0,0,0,392.7,126.3,0,0,0,0,06-JUL-2020,
OPTSTK,PEL,30-Jul-2020,1500,PE,0,0,0,232,139.35,0,0,1650,0,06-JUL-2020,
OPTSTK,PEL,30-Jul-2020,1520,PE,0,0,0,211.9,153,0,0,1100,0,06-JUL-2020,
OPTSTK,PEL,30-Jul-2020,1540,PE,0,0,0,397.1,167.2,0,0,0,0,06-JUL-2020,
OPTSTK,PEL,30-Jul-2020,1560,PE,0,0,0,243.7,181.95,0,0,1650,0,06-JUL-2020,
OPTSTK,PEL,30-Jul-2020,1580,PE,0,0,0,343.4,197.2,0,0,0,0,06-JUL-2020,
OPTSTK,PEL,30-Jul-2020,1600,PE,0,0,0,360.2,212.95,0,0,0,0,06-JUL-2020,
OPTSTK,PEL,30-Jul-2020,1620,PE,0,0,0,377.2,229.1,0,0,0,0,06-JUL-2020,
OPTSTK,PEL,30-Jul-2020,1640,PE,0,0,0,333.45,245.7,0,0,0,0,06-JUL-2020,
OPTSTK,PEL,27-Aug-2020,600,CE,0,0,0,380.9,816.85,0,0,0,0,06-JUL-2020,
OPTSTK,PEL,27-Aug-2020,620,CE,0,0,0,364.35,796.95,0,0,0,0,06-JUL-2020,
OPTSTK,PEL,27-Aug-2020,640,CE,0,0,0,348.25,777.1,0,0,0,0,06-JUL-2020,
OPTSTK,PEL,27-Aug-2020,660,CE,0,0,0,332.55,757.2,0,0,0,0,06-JUL-2020,
OPTSTK,PEL,27-Aug-2020,680,CE,0,0,0,317.3,737.35,0,0,0,0,06-JUL-2020,
OPTSTK,PEL,27-Aug-2020,700,CE,0,0,0,302.55,717.5,0,0,0,0,06-JUL-2020,
OPTSTK,PEL,27-Aug-2020,720,CE,0,0,0,288.25,697.65,0,0,0,0,06-JUL-2020,
OPTSTK,PEL,27-Aug-2020,740,CE,0,0,0,274.4,677.85,0,0,0,0,06-JUL-2020,
OPTSTK,PEL,27-Aug-2020,760,CE,0,0,0,261.05,658.05,0,0,0,0,06-JUL-2020,
OPTSTK,PEL,27-Aug-2020,780,CE,0,0,0,248.15,638.3,0,0,0,0,06-JUL-2020,
OPTSTK,PEL,27-Aug-2020,800,CE,0,0,0,235.75,618.6,0,0,0,0,06-JUL-2020,
OPTSTK,PEL,27-Aug-2020,820,CE,0,0,0,223.8,598.95,0,0,0,0,06-JUL-2020,
OPTSTK,PEL,27-Aug-2020,840,CE,0,0,0,212.35,579.35,0,0,0,0,06-JUL-2020,
OPTSTK,PEL,27-Aug-2020,860,CE,0,0,0,201.4,559.85,0,0,0,0,06-JUL-2020,
OPTSTK,PEL,27-Aug-2020,880,CE,0,0,0,190.9,540.45,0,0,0,0,06-JUL-2020,
OPTSTK,PEL,27-Aug-2020,900,CE,0,0,0,180.85,521.15,0,0,0,0,06-JUL-2020,
OPTSTK,PEL,27-Aug-2020,920,CE,0,0,0,171.25,502,0,0,0,0,06-JUL-2020,
OPTSTK,PEL,27-Aug-2020,940,CE,0,0,0,162.1,483.05,0,0,0,0,06-JUL-2020,
OPTSTK,PEL,27-Aug-2020,960,CE,0,0,0,153.35,464.25,0,0,0,0,06-JUL-2020,
OPTSTK,PEL,27-Aug-2020,980,CE,0,0,0,145,445.65,0,0,0,0,06-JUL-2020,
OPTSTK,PEL,27-Aug-2020,1000,CE,0,0,0,137.1,427.3,0,0,0,0,06-JUL-2020,
OPTSTK,PEL,27-Aug-2020,1020,CE,0,0,0,129.55,409.2,0,0,0,0,06-JUL-2020,
OPTSTK,PEL,27-Aug-2020,1040,CE,0,0,0,122.35,391.4,0,0,0,0,06-JUL-2020,
OPTSTK,PEL,27-Aug-2020,1060,CE,0,0,0,115.55,373.9,0,0,0,0,06-JUL-2020,
OPTSTK,PEL,27-Aug-2020,1080,CE,0,0,0,109.1,356.7,0,0,0,0,06-JUL-2020,
OPTSTK,PEL,27-Aug-2020,1100,CE,0,0,0,102.95,339.9,0,0,0,0,06-JUL-2020,
OPTSTK,PEL,27-Aug-2020,1120,CE,0,0,0,97.15,323.5,0,0,0,0,06-JUL-2020,
OPTSTK,PEL,27-Aug-2020,1140,CE,0,0,0,91.6,307.45,0,0,0,0,06-JUL-2020,
OPTSTK,PEL,27-Aug-2020,1160,CE,0,0,0,86.4,291.85,0,0,0,0,06-JUL-2020,
OPTSTK,PEL,27-Aug-2020,1180,CE,0,0,0,81.5,276.7,0,0,0,0,06-JUL-2020,
OPTSTK,PEL,27-Aug-2020,1200,CE,0,0,0,76.85,262,0,0,0,0,06-JUL-2020,
OPTSTK,PEL,27-Aug-2020,1220,CE,0,0,0,72.45,247.75,0,0,0,0,06-JUL-2020,
OPTSTK,PEL,27-Aug-2020,1240,CE,0,0,0,68.25,234,0,0,0,0,06-JUL-2020,
OPTSTK,PEL,27-Aug-2020,1260,CE,0,0,0,64.35,220.75,0,0,0,0,06-JUL-2020,
OPTSTK,PEL,27-Aug-2020,1280,CE,0,0,0,60.6,207.95,0,0,0,0,06-JUL-2020,
OPTSTK,PEL,27-Aug-2020,1300,CE,0,0,0,57.1,195.7,0,0,0,0,06-JUL-2020,
OPTSTK,PEL,27-Aug-2020,1320,CE,0,0,0,53.8,183.95,0,0,0,0,06-JUL-2020,
OPTSTK,PEL,27-Aug-2020,1340,CE,0,0,0,88.4,172.65,0,0,0,0,06-JUL-2020,
OPTSTK,PEL,27-Aug-2020,1360,CE,0,0,0,83.55,161.9,0,0,0,0,06-JUL-2020,
OPTSTK,PEL,27-Aug-2020,1380,CE,0,0,0,78.95,151.65,0,0,0,0,06-JUL-2020,
OPTSTK,PEL,27-Aug-2020,1400,CE,0,0,0,74.55,141.85,0,0,0,0,06-JUL-2020,
OPTSTK,PEL,27-Aug-2020,1420,CE,0,0,0,70.4,132.55,0,0,0,0,06-JUL-2020,
OPTSTK,PEL,27-Aug-2020,1440,CE,0,0,0,66.5,123.75,0,0,0,0,06-JUL-2020,
OPTSTK,PEL,27-Aug-2020,1460,CE,0,0,0,62.75,115.4,0,0,0,0,06-JUL-2020,
OPTSTK,PEL,27-Aug-2020,1480,CE,0,0,0,59.25,107.5,0,0,0,0,06-JUL-2020,
OPTSTK,PEL,27-Aug-2020,1500,CE,0,0,0,84.4,100,0,0,0,0,06-JUL-2020,
OPTSTK,PEL,27-Aug-2020,1520,CE,0,0,0,80.25,93,0,0,0,0,06-JUL-2020,
OPTSTK,PEL,27-Aug-2020,1540,CE,0,0,0,76.35,86.35,0,0,0,0,06-JUL-2020,
OPTSTK,PEL,27-Aug-2020,1560,CE,0,0,0,61.3,80.1,0,0,0,0,06-JUL-2020,
OPTSTK,PEL,27-Aug-2020,1580,CE,0,0,0,74.15,74.25,0,0,0,0,06-JUL-2020,
OPTSTK,PEL,27-Aug-2020,1600,CE,0,0,0,70.05,68.75,0,0,0,0,06-JUL-2020,
OPTSTK,PEL,27-Aug-2020,1620,CE,0,0,0,66.2,63.65,0,0,0,0,06-JUL-2020,
OPTSTK,PEL,27-Aug-2020,1640,CE,0,0,0,83,58.8,0,0,0,0,06-JUL-2020,
OPTSTK,PEL,27-Aug-2020,600,PE,0,0,0,15.8,0.05,0,0,0,0,06-JUL-2020,
OPTSTK,PEL,27-Aug-2020,620,PE,0,0,0,19.05,0.05,0,0,0,0,06-JUL-2020,
OPTSTK,PEL,27-Aug-2020,640,PE,0,0,0,22.65,0.05,0,0,0,0,06-JUL-2020,
OPTSTK,PEL,27-Aug-2020,660,PE,0,0,0,26.75,0.05,0,0,0,0,06-JUL-2020,
OPTSTK,PEL,27-Aug-2020,680,PE,0,0,0,31.25,0.05,0,0,0,0,06-JUL-2020,
OPTSTK,PEL,27-Aug-2020,700,PE,0,0,0,36.25,0.1,0,0,0,0,06-JUL-2020,
OPTSTK,PEL,27-Aug-2020,720,PE,0,0,0,41.7,0.1,0,0,0,0,06-JUL-2020,
OPTSTK,PEL,27-Aug-2020,740,PE,0,0,0,47.6,0.2,0,0,0,0,06-JUL-2020,
OPTSTK,PEL,27-Aug-2020,760,PE,0,0,0,54,0.3,0,0,0,0,06-JUL-2020,
OPTSTK,PEL,27-Aug-2020,780,PE,0,0,0,60.9,0.4,0,0,0,0,06-JUL-2020,
OPTSTK,PEL,27-Aug-2020,800,PE,0,0,0,68.25,0.55,0,0,0,0,06-JUL-2020,
OPTSTK,PEL,27-Aug-2020,820,PE,0,0,0,76.05,0.8,0,0,0,0,06-JUL-2020,
OPTSTK,PEL,27-Aug-2020,840,PE,0,0,0,84.35,1.1,0,0,0,0,06-JUL-2020,
OPTSTK,PEL,27-Aug-2020,860,PE,0,0,0,93.15,1.45,0,0,0,0,06-JUL-2020,
OPTSTK,PEL,27-Aug-2020,880,PE,0,0,0,102.4,1.95,0,0,0,0,06-JUL-2020,
OPTSTK,PEL,27-Aug-2020,900,PE,0,0,0,112.1,2.55,0,0,0,0,06-JUL-2020,
OPTSTK,PEL,27-Aug-2020,920,PE,0,0,0,122.3,3.25,0,0,0,0,06-JUL-2020,
OPTSTK,PEL,27-Aug-2020,940,PE,0,0,0,132.85,4.15,0,0,0,0,06-JUL-2020,
OPTSTK,PEL,27-Aug-2020,960,PE,0,0,0,143.9,5.25,0,0,0,0,06-JUL-2020,
OPTSTK,PEL,27-Aug-2020,980,PE,0,0,0,155.3,6.55,0,0,0,0,06-JUL-2020,
OPTSTK,PEL,27-Aug-2020,1000,PE,0,0,0,167.15,8.05,0,0,0,0,06-JUL-2020,
OPTSTK,PEL,27-Aug-2020,1020,PE,0,0,0,179.35,9.85,0,0,0,0,06-JUL-2020,
OPTSTK,PEL,27-Aug-2020,1040,PE,0,0,0,191.95,11.9,0,0,0,0,06-JUL-2020,
OPTSTK,PEL,27-Aug-2020,1060,PE,0,0,0,204.9,14.3,0,0,0,0,06-JUL-2020,
OPTSTK,PEL,27-Aug-2020,1080,PE,0,0,0,218.15,17,0,0,0,0,06-JUL-2020,
OPTSTK,PEL,27-Aug-2020,1100,PE,0,0,0,231.8,20.05,0,0,0,0,06-JUL-2020,
OPTSTK,PEL,27-Aug-2020,1120,PE,0,0,0,245.75,23.5,0,0,0,0,06-JUL-2020,
OPTSTK,PEL,27-Aug-2020,1140,PE,0,0,0,259.95,27.4,0,0,0,0,06-JUL-2020,
OPTSTK,PEL,27-Aug-2020,1160,PE,0,0,0,274.5,31.65,0,0,0,0,06-JUL-2020,
OPTSTK,PEL,27-Aug-2020,1180,PE,0,0,0,289.4,36.4,0,0,0,0,06-JUL-2020,
OPTSTK,PEL,27-Aug-2020,1200,PE,0,0,0,304.5,41.55,0,0,0,0,06-JUL-2020,
OPTSTK,PEL,27-Aug-2020,1220,PE,0,0,0,319.8,47.2,0,0,0,0,06-JUL-2020,
OPTSTK,PEL,27-Aug-2020,1240,PE,0,0,0,335.4,53.3,0,0,0,0,06-JUL-2020,
OPTSTK,PEL,27-Aug-2020,1260,PE,0,0,0,351.25,59.95,0,0,0,0,06-JUL-2020,
OPTSTK,PEL,27-Aug-2020,1280,PE,0,0,0,367.25,67.05,0,0,0,0,06-JUL-2020,
OPTSTK,PEL,27-Aug-2020,1300,PE,0,0,0,383.5,74.65,0,0,0,0,06-JUL-2020,
OPTSTK,PEL,27-Aug-2020,1320,PE,0,0,0,399.95,82.75,0,0,0,0,06-JUL-2020,
OPTSTK,PEL,27-Aug-2020,1340,PE,0,0,0,301.45,91.4,0,0,0,0,06-JUL-2020,
OPTSTK,PEL,27-Aug-2020,1360,PE,0,0,0,316.35,100.5,0,0,0,0,06-JUL-2020,
OPTSTK,PEL,27-Aug-2020,1380,PE,0,0,0,331.5,110.1,0,0,0,0,06-JUL-2020,
OPTSTK,PEL,27-Aug-2020,1400,PE,0,0,0,346.9,120.2,0,0,0,0,06-JUL-2020,
OPTSTK,PEL,27-Aug-2020,1420,PE,0,0,0,362.5,130.8,0,0,0,0,06-JUL-2020,
OPTSTK,PEL,27-Aug-2020,1440,PE,0,0,0,378.35,141.85,0,0,0,0,06-JUL-2020,
OPTSTK,PEL,27-Aug-2020,1460,PE,0,0,0,394.4,153.4,0,0,0,0,06-JUL-2020,
OPTSTK,PEL,27-Aug-2020,1480,PE,0,0,0,410.65,165.35,0,0,0,0,06-JUL-2020,
OPTSTK,PEL,27-Aug-2020,1500,PE,0,0,0,388.25,177.75,0,0,0,0,06-JUL-2020,
OPTSTK,PEL,27-Aug-2020,1520,PE,0,0,0,403.9,190.6,0,0,0,0,06-JUL-2020,
OPTSTK,PEL,27-Aug-2020,1540,PE,0,0,0,419.75,203.85,0,0,0,0,06-JUL-2020,
OPTSTK,PEL,27-Aug-2020,1560,PE,0,0,0,400.1,217.5,0,0,0,0,06-JUL-2020,
OPTSTK,PEL,27-Aug-2020,1580,PE,0,0,0,373.5,231.5,0,0,0,0,06-JUL-2020,
OPTSTK,PEL,27-Aug-2020,1600,PE,0,0,0,389.3,245.9,0,0,0,0,06-JUL-2020,
OPTSTK,PEL,27-Aug-2020,1620,PE,0,0,0,405.25,260.65,0,0,0,0,06-JUL-2020,
OPTSTK,PEL,27-Aug-2020,1640,PE,0,0,0,367.35,275.7,0,0,0,0,06-JUL-2020,
OPTSTK,PEL,24-Sep-2020,900,CE,0,0,0,485.5,529.35,0,0,0,0,06-JUL-2020,
OPTSTK,PEL,24-Sep-2020,920,CE,0,0,0,469.8,511.1,0,0,0,0,06-JUL-2020,
OPTSTK,PEL,24-Sep-2020,940,CE,0,0,0,454.4,493.15,0,0,0,0,06-JUL-2020,
OPTSTK,PEL,24-Sep-2020,960,CE,0,0,0,439.35,475.4,0,0,0,0,06-JUL-2020,
OPTSTK,PEL,24-Sep-2020,980,CE,0,0,0,424.65,457.95,0,0,0,0,06-JUL-2020,
OPTSTK,PEL,24-Sep-2020,1000,CE,0,0,0,410.3,440.75,0,0,0,0,06-JUL-2020,
OPTSTK,PEL,24-Sep-2020,1020,CE,0,0,0,396.2,423.9,0,0,0,0,06-JUL-2020,
OPTSTK,PEL,24-Sep-2020,1040,CE,0,0,0,382.5,407.35,0,0,0,0,06-JUL-2020,
OPTSTK,PEL,24-Sep-2020,1060,CE,0,0,0,369.15,391.1,0,0,0,0,06-JUL-2020,
OPTSTK,PEL,24-Sep-2020,1080,CE,0,0,0,356.1,375.25,0,0,0,0,06-JUL-2020,
OPTSTK,PEL,24-Sep-2020,1100,CE,0,0,0,343.4,359.75,0,0,0,0,06-JUL-2020,
OPTSTK,PEL,24-Sep-2020,1120,CE,0,0,0,331.1,344.6,0,0,0,0,06-JUL-2020,
OPTSTK,PEL,24-Sep-2020,1140,CE,0,0,0,319.05,329.85,0,0,0,0,06-JUL-2020,
OPTSTK,PEL,24-Sep-2020,1160,CE,0,0,0,307.4,315.5,0,0,0,0,06-JUL-2020,
OPTSTK,PEL,24-Sep-2020,1180,CE,0,0,0,296.05,301.55,0,0,0,0,06-JUL-2020,
OPTSTK,PEL,24-Sep-2020,1200,CE,0,0,0,285.1,288,0,0,0,0,06-JUL-2020,
OPTSTK,PEL,24-Sep-2020,1220,CE,0,0,0,274.45,274.85,0,0,0,0,06-JUL-2020,
OPTSTK,PEL,24-Sep-2020,1240,CE,0,0,0,264.15,262.15,0,0,0,0,06-JUL-2020,
OPTSTK,PEL,24-Sep-2020,1260,CE,0,0,0,254.15,249.85,0,0,0,0,06-JUL-2020,
OPTSTK,PEL,24-Sep-2020,1280,CE,0,0,0,244.45,237.95,0,0,0,0,06-JUL-2020,
OPTSTK,PEL,24-Sep-2020,1300,CE,0,0,0,235.1,226.45,0,0,0,0,06-JUL-2020,
OPTSTK,PEL,24-Sep-2020,1320,CE,0,0,0,226.05,215.4,0,0,0,0,06-JUL-2020,
OPTSTK,PEL,24-Sep-2020,1340,CE,0,0,0,217.3,204.7,0,0,0,0,06-JUL-2020,
OPTSTK,PEL,24-Sep-2020,1360,CE,0,0,0,208.8,194.45,0,0,0,0,06-JUL-2020,
OPTSTK,PEL,24-Sep-2020,1380,CE,0,0,0,200.65,184.6,0,0,0,0,06-JUL-2020,
OPTSTK,PEL,24-Sep-2020,1400,CE,0,0,0,192.75,175.15,0,0,0,0,06-JUL-2020,
OPTSTK,PEL,24-Sep-2020,1420,CE,0,0,0,185.15,166.05,0,0,0,0,06-JUL-2020,
OPTSTK,PEL,24-Sep-2020,1440,CE,0,0,0,177.8,157.35,0,0,0,0,06-JUL-2020,
OPTSTK,PEL,24-Sep-2020,1460,CE,0,0,0,170.7,149.05,0,0,0,0,06-JUL-2020,
OPTSTK,PEL,24-Sep-2020,1480,CE,0,0,0,163.9,141.1,0,0,0,0,06-JUL-2020,
OPTSTK,PEL,24-Sep-2020,1500,CE,0,0,0,157.3,133.5,0,0,0,0,06-JUL-2020,
OPTSTK,PEL,24-Sep-2020,1520,CE,0,0,0,150.95,126.2,0,0,0,0,06-JUL-2020,
OPTSTK,PEL,24-Sep-2020,1540,CE,0,0,0,144.85,119.3,0,0,0,0,06-JUL-2020,
OPTSTK,PEL,24-Sep-2020,1560,CE,0,0,0,139,112.7,0,0,0,0,06-JUL-2020,
OPTSTK,PEL,24-Sep-2020,1580,CE,0,0,0,133.35,106.4,0,0,0,0,06-JUL-2020,
OPTSTK,PEL,24-Sep-2020,1600,CE,0,0,0,127.9,100.4,0,0,0,0,06-JUL-2020,
OPTSTK,PEL,24-Sep-2020,1620,CE,0,0,0,122.65,94.75,0,0,0,0,06-JUL-2020,
OPTSTK,PEL,24-Sep-2020,1640,CE,0,0,0,117.7,89.35,0,0,0,0,06-JUL-2020,
OPTSTK,PEL,24-Sep-2020,900,PE,0,0,0,32.6,7.8,0,0,0,0,06-JUL-2020,
OPTSTK,PEL,24-Sep-2020,920,PE,0,0,0,36.65,9.4,0,0,0,0,06-JUL-2020,
OPTSTK,PEL,24-Sep-2020,940,PE,0,0,0,41.05,11.2,0,0,0,0,06-JUL-2020,
OPTSTK,PEL,24-Sep-2020,960,PE,0,0,0,45.75,13.3,0,0,0,0,06-JUL-2020,
OPTSTK,PEL,24-Sep-2020,980,PE,0,0,0,50.85,15.65,0,0,0,0,06-JUL-2020,
OPTSTK,PEL,24-Sep-2020,1000,PE,0,0,0,56.25,18.3,0,0,0,0,06-JUL-2020,
OPTSTK,PEL,24-Sep-2020,1020,PE,0,0,0,61.95,21.25,0,0,0,0,06-JUL-2020,
OPTSTK,PEL,24-Sep-2020,1040,PE,0,0,0,68,24.5,0,0,0,0,06-JUL-2020,
OPTSTK,PEL,24-Sep-2020,1060,PE,0,0,0,74.4,28.1,0,0,0,0,06-JUL-2020,
OPTSTK,PEL,24-Sep-2020,1080,PE,0,0,0,81.15,32.05,0,0,0,0,06-JUL-2020,
OPTSTK,PEL,24-Sep-2020,1100,PE,0,0,0,88.2,36.35,0,0,0,0,06-JUL-2020,
OPTSTK,PEL,24-Sep-2020,1120,PE,0,0,0,95.65,41.05,0,0,0,0,06-JUL-2020,
OPTSTK,PEL,24-Sep-2020,1140,PE,0,0,0,103.35,46.1,0,0,0,0,06-JUL-2020,
OPTSTK,PEL,24-Sep-2020,1160,PE,0,0,0,111.45,51.55,0,0,0,0,06-JUL-2020,
OPTSTK,PEL,24-Sep-2020,1180,PE,0,0,0,119.95,57.4,0,0,0,0,06-JUL-2020,
OPTSTK,PEL,24-Sep-2020,1200,PE,0,0,0,128.7,63.7,0,0,0,0,06-JUL-2020,
OPTSTK,PEL,24-Sep-2020,1220,PE,0,0,0,137.85,70.35,0,0,0,0,06-JUL-2020,
OPTSTK,PEL,24-Sep-2020,1240,PE,0,0,0,147.3,77.45,0,0,0,0,06-JUL-2020,
OPTSTK,PEL,24-Sep-2020,1260,PE,0,0,0,157.05,84.95,0,0,0,0,06-JUL-2020,
OPTSTK,PEL,24-Sep-2020,1280,PE,0,0,0,167.15,92.85,0,0,0,0,06-JUL-2020,
OPTSTK,PEL,24-Sep-2020,1300,PE,0,0,0,177.55,101.2,0,0,0,0,06-JUL-2020,
OPTSTK,PEL,24-Sep-2020,1320,PE,0,0,0,188.3,109.95,0,0,0,0,06-JUL-2020,
OPTSTK,PEL,24-Sep-2020,1340,PE,0,0,0,199.3,119.1,0,0,0,0,06-JUL-2020,
OPTSTK,PEL,24-Sep-2020,1360,PE,0,0,0,210.6,128.65,0,0,0,0,06-JUL-2020,
OPTSTK,PEL,24-Sep-2020,1380,PE,0,0,0,222.2,138.6,0,0,0,0,06-JUL-2020,
OPTSTK,PEL,24-Sep-2020,1400,PE,0,0,0,234.05,148.95,0,0,0,0,06-JUL-2020,
OPTSTK,PEL,24-Sep-2020,1420,PE,0,0,0,246.2,159.7,0,0,0,0,06-JUL-2020,
OPTSTK,PEL,24-Sep-2020,1440,PE,0,0,0,258.65,170.8,0,0,0,0,06-JUL-2020,
OPTSTK,PEL,24-Sep-2020,1460,PE,0,0,0,271.35,182.3,0,0,0,0,06-JUL-2020,
OPTSTK,PEL,24-Sep-2020,1480,PE,0,0,0,284.25,194.15,0,0,0,0,06-JUL-2020,
OPTSTK,PEL,24-Sep-2020,1500,PE,0,0,0,297.45,206.35,0,0,0,0,06-JUL-2020,
OPTSTK,PEL,24-Sep-2020,1520,PE,0,0,0,310.9,218.9,0,0,0,0,06-JUL-2020,
OPTSTK,PEL,24-Sep-2020,1540,PE,0,0,0,324.55,231.8,0,0,0,0,06-JUL-2020,
OPTSTK,PEL,24-Sep-2020,1560,PE,0,0,0,338.45,245.05,0,0,0,0,06-JUL-2020,
OPTSTK,PEL,24-Sep-2020,1580,PE,0,0,0,352.55,258.55,0,0,0,0,06-JUL-2020,
OPTSTK,PEL,24-Sep-2020,1600,PE,0,0,0,366.9,272.4,0,0,0,0,06-JUL-2020,
OPTSTK,PEL,24-Sep-2020,1620,PE,0,0,0,381.4,286.5,0,0,0,0,06-JUL-2020,
OPTSTK,PEL,24-Sep-2020,1640,PE,0,0,0,396.2,300.9,0,0,0,0,06-JUL-2020,
OPTSTK,PETRONET,30-Jul-2020,145,CE,0,0,0,101.6,129.9,0,0,0,0,06-JUL-2020,
OPTSTK,PETRONET,30-Jul-2020,150,CE,0,0,0,97.15,124.9,0,0,0,0,06-JUL-2020,
OPTSTK,PETRONET,30-Jul-2020,155,CE,0,0,0,92.75,119.95,0,0,0,0,06-JUL-2020,
OPTSTK,PETRONET,30-Jul-2020,160,CE,0,0,0,88.45,114.95,0,0,0,0,06-JUL-2020,
OPTSTK,PETRONET,30-Jul-2020,165,CE,0,0,0,84.3,109.95,0,0,0,0,06-JUL-2020,
OPTSTK,PETRONET,30-Jul-2020,170,CE,0,0,0,80.2,104.95,0,0,0,0,06-JUL-2020,
OPTSTK,PETRONET,30-Jul-2020,175,CE,0,0,0,76.25,100,0,0,0,0,06-JUL-2020,
OPTSTK,PETRONET,30-Jul-2020,180,CE,0,0,0,72.4,95,0,0,0,0,06-JUL-2020,
OPTSTK,PETRONET,30-Jul-2020,185,CE,0,0,0,68.65,90,0,0,0,0,06-JUL-2020,
OPTSTK,PETRONET,30-Jul-2020,190,CE,0,0,0,65.05,85.05,0,0,0,0,06-JUL-2020,
OPTSTK,PETRONET,30-Jul-2020,195,CE,0,0,0,61.55,80.05,0,0,0,0,06-JUL-2020,
OPTSTK,PETRONET,30-Jul-2020,200,CE,0,0,0,59.8,75.05,0,0,3000,0,06-JUL-2020,
OPTSTK,PETRONET,30-Jul-2020,205,CE,0,0,0,55,70.05,0,0,0,0,06-JUL-2020,
OPTSTK,PETRONET,30-Jul-2020,210,CE,0,0,0,51.85,65.1,0,0,0,0,06-JUL-2020,
OPTSTK,PETRONET,30-Jul-2020,215,CE,0,0,0,48.9,60.1,0,0,0,0,06-JUL-2020,
OPTSTK,PETRONET,30-Jul-2020,220,CE,0,0,0,46.1,55.15,0,0,0,0,06-JUL-2020,
OPTSTK,PETRONET,30-Jul-2020,225,CE,0,0,0,43.4,50.2,0,0,0,0,06-JUL-2020,
OPTSTK,PETRONET,30-Jul-2020,230,CE,0,0,0,37,45.3,0,0,6000,0,06-JUL-2020,
OPTSTK,PETRONET,30-Jul-2020,235,CE,0,0,0,38.35,40.5,0,0,0,0,06-JUL-2020,
OPTSTK,PETRONET,30-Jul-2020,240,CE,0,0,0,22.6,35.75,0,0,6000,0,06-JUL-2020,
OPTSTK,PETRONET,30-Jul-2020,245,CE,0,0,0,33.8,31.2,0,0,0,0,06-JUL-2020,
OPTSTK,PETRONET,30-Jul-2020,250,CE,0,0,0,19.8,26.8,0,0,27000,0,06-JUL-2020,
OPTSTK,PETRONET,30-Jul-2020,255,CE,18.3,18.3,17.05,17.5,17.5,6,49.07,18000,-6000,06-JUL-2020,
OPTSTK,PETRONET,30-Jul-2020,260,CE,13.75,16,13.75,14.25,14.25,26,214.1,78000,-15000,06-JUL-2020,
OPTSTK,PETRONET,30-Jul-2020,265,CE,10.7,12.7,10.7,10.95,15.5,25,207.8,75000,-9000,06-JUL-2020,
OPTSTK,PETRONET,30-Jul-2020,270,CE,9,10.3,8.2,9.1,9.1,168,1407.54,297000,-21000,06-JUL-2020,
OPTSTK,PETRONET,30-Jul-2020,275,CE,7.6,7.95,6.55,6.9,6.9,92,779.19,123000,30000,06-JUL-2020,
OPTSTK,PETRONET,30-Jul-2020,280,CE,6.25,6.35,4.95,5.35,5.35,187,1602.82,312000,-12000,06-JUL-2020,
OPTSTK,PETRONET,30-Jul-2020,285,CE,4.3,4.75,3.8,3.95,3.95,34,295.09,63000,36000,06-JUL-2020,
OPTSTK,PETRONET,30-Jul-2020,290,CE,3,3.6,2.7,3.05,3.05,55,483.82,168000,0,06-JUL-2020,
OPTSTK,PETRONET,30-Jul-2020,295,CE,0,0,0,17.35,3.1,0,0,0,0,06-JUL-2020,
OPTSTK,PETRONET,30-Jul-2020,300,CE,1.85,2.1,1.5,1.6,1.6,103,932.4,333000,24000,06-JUL-2020,
OPTSTK,PETRONET,30-Jul-2020,305,CE,0,0,0,15.15,1.55,0,0,0,0,06-JUL-2020,
OPTSTK,PETRONET,30-Jul-2020,310,CE,0.95,1.05,0.85,0.85,0.85,21,195.9,135000,12000,06-JUL-2020,
OPTSTK,PETRONET,30-Jul-2020,315,CE,0.75,0.75,0.4,0.4,0.4,3,28.4,33000,0,06-JUL-2020,
OPTSTK,PETRONET,30-Jul-2020,320,CE,0.95,0.95,0.85,0.85,0.45,3,28.87,9000,3000,06-JUL-2020,
OPTSTK,PETRONET,30-Jul-2020,325,CE,0,0,0,11.45,0.3,0,0,0,0,06-JUL-2020,
OPTSTK,PETRONET,30-Jul-2020,330,CE,0,0,0,10.65,0.2,0,0,0,0,06-JUL-2020,
OPTSTK,PETRONET,30-Jul-2020,145,PE,0,0,0,1.75,0.05,0,0,0,0,06-JUL-2020,
OPTSTK,PETRONET,30-Jul-2020,150,PE,0,0,0,2.25,0.05,0,0,0,0,06-JUL-2020,
OPTSTK,PETRONET,30-Jul-2020,155,PE,0,0,0,2.8,0.05,0,0,0,0,06-JUL-2020,
OPTSTK,PETRONET,30-Jul-2020,160,PE,0,0,0,3.45,0.05,0,0,0,0,06-JUL-2020,
OPTSTK,PETRONET,30-Jul-2020,165,PE,0,0,0,4.2,0.05,0,0,0,0,06-JUL-2020,
OPTSTK,PETRONET,30-Jul-2020,170,PE,0,0,0,5.05,0.05,0,0,0,0,06-JUL-2020,
OPTSTK,PETRONET,30-Jul-2020,175,PE,0,0,0,6,0.05,0,0,0,0,06-JUL-2020,
OPTSTK,PETRONET,30-Jul-2020,180,PE,0,0,0,7.1,0.05,0,0,0,0,06-JUL-2020,
OPTSTK,PETRONET,30-Jul-2020,185,PE,0,0,0,8.3,0.05,0,0,0,0,06-JUL-2020,
OPTSTK,PETRONET,30-Jul-2020,190,PE,0,0,0,9.65,0.05,0,0,0,0,06-JUL-2020,
OPTSTK,PETRONET,30-Jul-2020,195,PE,0,0,0,11.1,0.05,0,0,0,0,06-JUL-2020,
OPTSTK,PETRONET,30-Jul-2020,200,PE,0,0,0,12.65,0.05,0,0,0,0,06-JUL-2020,
OPTSTK,PETRONET,30-Jul-2020,205,PE,0,0,0,14.4,0.05,0,0,0,0,06-JUL-2020,
OPTSTK,PETRONET,30-Jul-2020,210,PE,0,0,0,1.65,0.05,0,0,3000,0,06-JUL-2020,
OPTSTK,PETRONET,30-Jul-2020,215,PE,0,0,0,18.2,0.05,0,0,0,0,06-JUL-2020,
OPTSTK,PETRONET,30-Jul-2020,220,PE,0.3,0.3,0.2,0.2,0.2,12,79.29,105000,-15000,06-JUL-2020,
OPTSTK,PETRONET,30-Jul-2020,225,PE,0,0,0,1,0.1,0,0,0,0,06-JUL-2020,
OPTSTK,PETRONET,30-Jul-2020,230,PE,0.5,0.5,0.5,0.5,0.15,1,6.91,33000,3000,06-JUL-2020,
OPTSTK,PETRONET,30-Jul-2020,235,PE,0.9,0.9,0.9,0.9,0.35,1,7.07,6000,-3000,06-JUL-2020,
OPTSTK,PETRONET,30-Jul-2020,240,PE,1.5,1.55,1.25,1.35,0.6,13,94.15,162000,-15000,06-JUL-2020,
OPTSTK,PETRONET,30-Jul-2020,245,PE,2.5,2.5,1.9,2.05,1,6,44.49,39000,-3000,06-JUL-2020,
OPTSTK,PETRONET,30-Jul-2020,250,PE,3.4,3.6,2.6,3,3,37,281.02,156000,-3000,06-JUL-2020,
OPTSTK,PETRONET,30-Jul-2020,255,PE,4.95,4.95,3.9,4.25,4.25,16,124.56,99000,9000,06-JUL-2020,
OPTSTK,PETRONET,30-Jul-2020,260,PE,6.45,7,5.2,6,6,94,750.36,156000,27000,06-JUL-2020,
OPTSTK,PETRONET,30-Jul-2020,265,PE,9.15,9.4,7.25,8.2,8.2,72,590.74,105000,42000,06-JUL-2020,
OPTSTK,PETRONET,30-Jul-2020,270,PE,10.85,11.5,9.5,10.85,10.85,58,488.31,150000,138000,06-JUL-2020,
OPTSTK,PETRONET,30-Jul-2020,275,PE,0,0,0,51.3,9.55,0,0,0,0,06-JUL-2020,
OPTSTK,PETRONET,30-Jul-2020,280,PE,15.5,17,15.5,17,17,4,35.55,6000,0,06-JUL-2020,
OPTSTK,PETRONET,30-Jul-2020,285,PE,19.2,19.2,19.2,19.2,15.45,1,9.12,3000,0,06-JUL-2020,
OPTSTK,PETRONET,30-Jul-2020,290,PE,23.8,24.7,23.8,24.7,18.95,2,18.85,6000,3000,06-JUL-2020,
OPTSTK,PETRONET,30-Jul-2020,295,PE,26.9,27,26.9,27,22.8,2,19.31,6000,6000,06-JUL-2020,
OPTSTK,PETRONET,30-Jul-2020,300,PE,0,0,0,69.4,26.9,0,0,0,0,06-JUL-2020,
OPTSTK,PETRONET,30-Jul-2020,305,PE,0,0,0,73.25,31.2,0,0,0,0,06-JUL-2020,
OPTSTK,PETRONET,30-Jul-2020,310,PE,0,0,0,77.2,35.7,0,0,0,0,06-JUL-2020,
OPTSTK,PETRONET,30-Jul-2020,315,PE,0,0,0,81.15,40.35,0,0,0,0,06-JUL-2020,
OPTSTK,PETRONET,30-Jul-2020,320,PE,0,0,0,85.2,45.1,0,0,0,0,06-JUL-2020,
OPTSTK,PETRONET,30-Jul-2020,325,PE,0,0,0,89.3,49.9,0,0,0,0,06-JUL-2020,
OPTSTK,PETRONET,30-Jul-2020,330,PE,0,0,0,93.45,54.8,0,0,0,0,06-JUL-2020,
OPTSTK,PETRONET,27-Aug-2020,145,CE,0,0,0,95.5,130.4,0,0,0,0,06-JUL-2020,
OPTSTK,PETRONET,27-Aug-2020,150,CE,0,0,0,90.8,125.4,0,0,0,0,06-JUL-2020,
OPTSTK,PETRONET,27-Aug-2020,155,CE,0,0,0,86.15,120.45,0,0,0,0,06-JUL-2020,
OPTSTK,PETRONET,27-Aug-2020,160,CE,0,0,0,81.55,115.45,0,0,0,0,06-JUL-2020,
OPTSTK,PETRONET,27-Aug-2020,165,CE,0,0,0,77.05,110.5,0,0,0,0,06-JUL-2020,
OPTSTK,PETRONET,27-Aug-2020,170,CE,0,0,0,72.7,105.55,0,0,0,0,06-JUL-2020,
OPTSTK,PETRONET,27-Aug-2020,175,CE,0,0,0,68.4,100.55,0,0,0,0,06-JUL-2020,
OPTSTK,PETRONET,27-Aug-2020,180,CE,0,0,0,64.2,95.6,0,0,0,0,06-JUL-2020,
OPTSTK,PETRONET,27-Aug-2020,185,CE,0,0,0,60.2,90.65,0,0,0,0,06-JUL-2020,
OPTSTK,PETRONET,27-Aug-2020,190,CE,0,0,0,56.3,85.65,0,0,0,0,06-JUL-2020,
OPTSTK,PETRONET,27-Aug-2020,195,CE,0,0,0,52.55,80.7,0,0,0,0,06-JUL-2020,
OPTSTK,PETRONET,27-Aug-2020,200,CE,0,0,0,48.9,75.75,0,0,0,0,06-JUL-2020,
OPTSTK,PETRONET,27-Aug-2020,205,CE,0,0,0,45.45,70.85,0,0,0,0,06-JUL-2020,
OPTSTK,PETRONET,27-Aug-2020,210,CE,0,0,0,42.15,65.95,0,0,0,0,06-JUL-2020,
OPTSTK,PETRONET,27-Aug-2020,215,CE,0,0,0,39.05,61.1,0,0,0,0,06-JUL-2020,
OPTSTK,PETRONET,27-Aug-2020,220,CE,0,0,0,36.1,56.35,0,0,0,0,06-JUL-2020,
OPTSTK,PETRONET,27-Aug-2020,225,CE,0,0,0,33.3,51.65,0,0,0,0,06-JUL-2020,
OPTSTK,PETRONET,27-Aug-2020,230,CE,0,0,0,30.65,47.05,0,0,0,0,06-JUL-2020,
OPTSTK,PETRONET,27-Aug-2020,235,CE,0,0,0,28.2,42.6,0,0,0,0,06-JUL-2020,
OPTSTK,PETRONET,27-Aug-2020,240,CE,0,0,0,25.85,38.35,0,0,0,0,06-JUL-2020,
OPTSTK,PETRONET,27-Aug-2020,245,CE,0,0,0,23.7,34.25,0,0,0,0,06-JUL-2020,
OPTSTK,PETRONET,27-Aug-2020,250,CE,0,0,0,21.7,30.35,0,0,0,0,06-JUL-2020,
OPTSTK,PETRONET,27-Aug-2020,255,CE,0,0,0,19.8,26.7,0,0,0,0,06-JUL-2020,
OPTSTK,PETRONET,27-Aug-2020,260,CE,0,0,0,18.05,23.3,0,0,0,0,06-JUL-2020,
OPTSTK,PETRONET,27-Aug-2020,265,CE,0,0,0,16.45,20.2,0,0,0,0,06-JUL-2020,
OPTSTK,PETRONET,27-Aug-2020,270,CE,0,0,0,14.95,17.35,0,0,0,0,06-JUL-2020,
OPTSTK,PETRONET,27-Aug-2020,275,CE,0,0,0,13.6,14.8,0,0,0,0,06-JUL-2020,
OPTSTK,PETRONET,27-Aug-2020,280,CE,0,0,0,12.35,12.5,0,0,0,0,06-JUL-2020,
OPTSTK,PETRONET,27-Aug-2020,285,CE,0,0,0,11.2,10.5,0,0,0,0,06-JUL-2020,
OPTSTK,PETRONET,27-Aug-2020,290,CE,0,0,0,10.15,8.75,0,0,0,0,06-JUL-2020,
OPTSTK,PETRONET,27-Aug-2020,295,CE,0,0,0,9.15,7.2,0,0,0,0,06-JUL-2020,
OPTSTK,PETRONET,27-Aug-2020,300,CE,0,0,0,4.45,5.9,0,0,6000,0,06-JUL-2020,
OPTSTK,PETRONET,27-Aug-2020,305,CE,0,0,0,7.5,4.8,0,0,0,0,06-JUL-2020,
OPTSTK,PETRONET,27-Aug-2020,310,CE,0,0,0,6.75,3.9,0,0,0,0,06-JUL-2020,
OPTSTK,PETRONET,27-Aug-2020,315,CE,0,0,0,6.05,3.1,0,0,0,0,06-JUL-2020,
OPTSTK,PETRONET,27-Aug-2020,320,CE,0,0,0,5.45,2.45,0,0,0,0,06-JUL-2020,
OPTSTK,PETRONET,27-Aug-2020,325,CE,0,0,0,4.9,1.95,0,0,0,0,06-JUL-2020,
OPTSTK,PETRONET,27-Aug-2020,330,CE,0,0,0,4.4,1.55,0,0,0,0,06-JUL-2020,
OPTSTK,PETRONET,27-Aug-2020,145,PE,0,0,0,0.55,0.05,0,0,0,0,06-JUL-2020,
OPTSTK,PETRONET,27-Aug-2020,150,PE,0,0,0,0.8,0.05,0,0,0,0,06-JUL-2020,
OPTSTK,PETRONET,27-Aug-2020,155,PE,0,0,0,1.05,0.05,0,0,0,0,06-JUL-2020,
OPTSTK,PETRONET,27-Aug-2020,160,PE,0,0,0,1.4,0.05,0,0,0,0,06-JUL-2020,
OPTSTK,PETRONET,27-Aug-2020,165,PE,0,0,0,1.85,0.05,0,0,0,0,06-JUL-2020,
OPTSTK,PETRONET,27-Aug-2020,170,PE,0,0,0,2.4,0.05,0,0,0,0,06-JUL-2020,
OPTSTK,PETRONET,27-Aug-2020,175,PE,0,0,0,3.05,0.05,0,0,0,0,06-JUL-2020,
OPTSTK,PETRONET,27-Aug-2020,180,PE,0,0,0,3.85,0.05,0,0,0,0,06-JUL-2020,
OPTSTK,PETRONET,27-Aug-2020,185,PE,0,0,0,4.75,0.05,0,0,0,0,06-JUL-2020,
OPTSTK,PETRONET,27-Aug-2020,190,PE,0,0,0,5.75,0.05,0,0,0,0,06-JUL-2020,
OPTSTK,PETRONET,27-Aug-2020,195,PE,0,0,0,6.95,0.05,0,0,0,0,06-JUL-2020,
OPTSTK,PETRONET,27-Aug-2020,200,PE,0,0,0,8.3,0.05,0,0,0,0,06-JUL-2020,
OPTSTK,PETRONET,27-Aug-2020,205,PE,0,0,0,9.8,0.1,0,0,0,0,06-JUL-2020,
OPTSTK,PETRONET,27-Aug-2020,210,PE,0,0,0,11.4,0.2,0,0,0,0,06-JUL-2020,
OPTSTK,PETRONET,27-Aug-2020,215,PE,0,0,0,13.25,0.35,0,0,0,0,06-JUL-2020,
OPTSTK,PETRONET,27-Aug-2020,220,PE,0,0,0,15.2,0.5,0,0,0,0,06-JUL-2020,
OPTSTK,PETRONET,27-Aug-2020,225,PE,0,0,0,17.35,0.8,0,0,0,0,06-JUL-2020,
OPTSTK,PETRONET,27-Aug-2020,230,PE,0,0,0,19.65,1.2,0,0,0,0,06-JUL-2020,
OPTSTK,PETRONET,27-Aug-2020,235,PE,0,0,0,22.1,1.7,0,0,0,0,06-JUL-2020,
OPTSTK,PETRONET,27-Aug-2020,240,PE,0,0,0,24.75,2.4,0,0,0,0,06-JUL-2020,
OPTSTK,PETRONET,27-Aug-2020,245,PE,0,0,0,27.5,3.25,0,0,0,0,06-JUL-2020,
OPTSTK,PETRONET,27-Aug-2020,250,PE,0,0,0,8.15,4.35,0,0,6000,0,06-JUL-2020,
OPTSTK,PETRONET,27-Aug-2020,255,PE,0,0,0,33.5,5.65,0,0,0,0,06-JUL-2020,
OPTSTK,PETRONET,27-Aug-2020,260,PE,0,0,0,36.7,7.25,0,0,0,0,06-JUL-2020,
OPTSTK,PETRONET,27-Aug-2020,265,PE,0,0,0,40.05,9.1,0,0,0,0,06-JUL-2020,
OPTSTK,PETRONET,27-Aug-2020,270,PE,0,0,0,43.5,11.25,0,0,0,0,06-JUL-2020,
OPTSTK,PETRONET,27-Aug-2020,275,PE,0,0,0,47.05,13.65,0,0,0,0,06-JUL-2020,
OPTSTK,PETRONET,27-Aug-2020,280,PE,0,0,0,50.75,16.35,0,0,0,0,06-JUL-2020,
OPTSTK,PETRONET,27-Aug-2020,285,PE,0,0,0,54.55,19.3,0,0,0,0,06-JUL-2020,
OPTSTK,PETRONET,27-Aug-2020,290,PE,0,0,0,58.4,22.5,0,0,0,0,06-JUL-2020,
OPTSTK,PETRONET,27-Aug-2020,295,PE,0,0,0,62.4,25.95,0,0,0,0,06-JUL-2020,
OPTSTK,PETRONET,27-Aug-2020,300,PE,0,0,0,66.45,29.6,0,0,0,0,06-JUL-2020,
OPTSTK,PETRONET,27-Aug-2020,305,PE,0,0,0,70.55,33.45,0,0,0,0,06-JUL-2020,
OPTSTK,PETRONET,27-Aug-2020,310,PE,0,0,0,74.8,37.5,0,0,0,0,06-JUL-2020,
OPTSTK,PETRONET,27-Aug-2020,315,PE,0,0,0,79.05,41.7,0,0,0,0,06-JUL-2020,
OPTSTK,PETRONET,27-Aug-2020,320,PE,0,0,0,83.4,46.05,0,0,0,0,06-JUL-2020,
OPTSTK,PETRONET,27-Aug-2020,325,PE,0,0,0,87.75,50.5,0,0,0,0,06-JUL-2020,
OPTSTK,PETRONET,27-Aug-2020,330,PE,0,0,0,92.2,55.05,0,0,0,0,06-JUL-2020,
OPTSTK,PETRONET,24-Sep-2020,150,CE,0,0,0,112.7,125.9,0,0,0,0,06-JUL-2020,
OPTSTK,PETRONET,24-Sep-2020,155,CE,0,0,0,107.85,120.95,0,0,0,0,06-JUL-2020,
OPTSTK,PETRONET,24-Sep-2020,160,CE,0,0,0,103,116,0,0,0,0,06-JUL-2020,
OPTSTK,PETRONET,24-Sep-2020,165,CE,0,0,0,98.2,111.05,0,0,0,0,06-JUL-2020,
OPTSTK,PETRONET,24-Sep-2020,170,CE,0,0,0,93.45,106.1,0,0,0,0,06-JUL-2020,
OPTSTK,PETRONET,24-Sep-2020,175,CE,0,0,0,88.75,101.15,0,0,0,0,06-JUL-2020,
OPTSTK,PETRONET,24-Sep-2020,180,CE,0,0,0,84.15,96.2,0,0,0,0,06-JUL-2020,
OPTSTK,PETRONET,24-Sep-2020,185,CE,0,0,0,79.6,91.3,0,0,0,0,06-JUL-2020,
OPTSTK,PETRONET,24-Sep-2020,190,CE,0,0,0,75.1,86.4,0,0,0,0,06-JUL-2020,
OPTSTK,PETRONET,24-Sep-2020,195,CE,0,0,0,70.75,81.5,0,0,0,0,06-JUL-2020,
OPTSTK,PETRONET,24-Sep-2020,200,CE,0,0,0,66.5,76.65,0,0,0,0,06-JUL-2020,
OPTSTK,PETRONET,24-Sep-2020,205,CE,0,0,0,62.35,71.85,0,0,0,0,06-JUL-2020,
OPTSTK,PETRONET,24-Sep-2020,210,CE,0,0,0,58.35,67.1,0,0,0,0,06-JUL-2020,
OPTSTK,PETRONET,24-Sep-2020,215,CE,0,0,0,54.5,62.45,0,0,0,0,06-JUL-2020,
OPTSTK,PETRONET,24-Sep-2020,220,CE,0,0,0,50.8,57.9,0,0,0,0,06-JUL-2020,
OPTSTK,PETRONET,24-Sep-2020,225,CE,0,0,0,47.2,53.45,0,0,0,0,06-JUL-2020,
OPTSTK,PETRONET,24-Sep-2020,230,CE,0,0,0,43.8,49.1,0,0,0,0,06-JUL-2020,
OPTSTK,PETRONET,24-Sep-2020,235,CE,0,0,0,40.55,44.95,0,0,0,0,06-JUL-2020,
OPTSTK,PETRONET,24-Sep-2020,240,CE,0,0,0,37.45,40.95,0,0,0,0,06-JUL-2020,
OPTSTK,PETRONET,24-Sep-2020,245,CE,0,0,0,34.5,37.1,0,0,0,0,06-JUL-2020,
OPTSTK,PETRONET,24-Sep-2020,250,CE,0,0,0,31.75,33.5,0,0,0,0,06-JUL-2020,
OPTSTK,PETRONET,24-Sep-2020,255,CE,0,0,0,29.15,30.05,0,0,0,0,06-JUL-2020,
OPTSTK,PETRONET,24-Sep-2020,260,CE,0,0,0,26.75,26.9,0,0,0,0,06-JUL-2020,
OPTSTK,PETRONET,24-Sep-2020,265,CE,0,0,0,24.45,23.9,0,0,0,0,06-JUL-2020,
OPTSTK,PETRONET,24-Sep-2020,270,CE,0,0,0,22.3,21.15,0,0,0,0,06-JUL-2020,
OPTSTK,PETRONET,24-Sep-2020,275,CE,0,0,0,20.35,18.65,0,0,0,0,06-JUL-2020,
OPTSTK,PETRONET,24-Sep-2020,280,CE,0,0,0,18.5,16.35,0,0,0,0,06-JUL-2020,
OPTSTK,PETRONET,24-Sep-2020,285,CE,0,0,0,16.8,14.25,0,0,0,0,06-JUL-2020,
OPTSTK,PETRONET,24-Sep-2020,290,CE,0,0,0,15.25,12.4,0,0,0,0,06-JUL-2020,
OPTSTK,PETRONET,24-Sep-2020,295,CE,0,0,0,13.8,10.7,0,0,0,0,06-JUL-2020,
OPTSTK,PETRONET,24-Sep-2020,300,CE,0,0,0,12.5,9.2,0,0,0,0,06-JUL-2020,
OPTSTK,PETRONET,24-Sep-2020,305,CE,0,0,0,11.3,7.9,0,0,0,0,06-JUL-2020,
OPTSTK,PETRONET,24-Sep-2020,310,CE,0,0,0,10.2,6.75,0,0,0,0,06-JUL-2020,
OPTSTK,PETRONET,24-Sep-2020,315,CE,0,0,0,9.2,5.7,0,0,0,0,06-JUL-2020,
OPTSTK,PETRONET,24-Sep-2020,320,CE,0,0,0,8.25,4.85,0,0,0,0,06-JUL-2020,
OPTSTK,PETRONET,24-Sep-2020,325,CE,0,0,0,7.4,4.1,0,0,0,0,06-JUL-2020,
OPTSTK,PETRONET,24-Sep-2020,330,CE,0,0,0,6.65,3.4,0,0,0,0,06-JUL-2020,
OPTSTK,PETRONET,24-Sep-2020,150,PE,0,0,0,0.15,0.05,0,0,0,0,06-JUL-2020,
OPTSTK,PETRONET,24-Sep-2020,155,PE,0,0,0,0.25,0.05,0,0,0,0,06-JUL-2020,
OPTSTK,PETRONET,24-Sep-2020,160,PE,0,0,0,0.35,0.05,0,0,0,0,06-JUL-2020,
OPTSTK,PETRONET,24-Sep-2020,165,PE,0,0,0,0.5,0.05,0,0,0,0,06-JUL-2020,
OPTSTK,PETRONET,24-Sep-2020,170,PE,0,0,0,0.7,0.05,0,0,0,0,06-JUL-2020,
OPTSTK,PETRONET,24-Sep-2020,175,PE,0,0,0,0.95,0.05,0,0,0,0,06-JUL-2020,
OPTSTK,PETRONET,24-Sep-2020,180,PE,0,0,0,1.25,0.05,0,0,0,0,06-JUL-2020,
OPTSTK,PETRONET,24-Sep-2020,185,PE,0,0,0,1.65,0.05,0,0,0,0,06-JUL-2020,
OPTSTK,PETRONET,24-Sep-2020,190,PE,0,0,0,2.1,0.1,0,0,0,0,06-JUL-2020,
OPTSTK,PETRONET,24-Sep-2020,195,PE,0,0,0,2.7,0.2,0,0,0,0,06-JUL-2020,
OPTSTK,PETRONET,24-Sep-2020,200,PE,0,0,0,3.4,0.3,0,0,0,0,06-JUL-2020,
OPTSTK,PETRONET,24-Sep-2020,205,PE,0,0,0,4.2,0.45,0,0,0,0,06-JUL-2020,
OPTSTK,PETRONET,24-Sep-2020,210,PE,0,0,0,5.1,0.7,0,0,0,0,06-JUL-2020,
OPTSTK,PETRONET,24-Sep-2020,215,PE,0,0,0,6.2,0.95,0,0,0,0,06-JUL-2020,
OPTSTK,PETRONET,24-Sep-2020,220,PE,0,0,0,7.45,1.35,0,0,0,0,06-JUL-2020,
OPTSTK,PETRONET,24-Sep-2020,225,PE,0,0,0,8.8,1.85,0,0,0,0,06-JUL-2020,
OPTSTK,PETRONET,24-Sep-2020,230,PE,0,0,0,10.3,2.5,0,0,0,0,06-JUL-2020,
OPTSTK,PETRONET,24-Sep-2020,235,PE,0,0,0,12,3.25,0,0,0,0,06-JUL-2020,
OPTSTK,PETRONET,24-Sep-2020,240,PE,0,0,0,13.85,4.2,0,0,0,0,06-JUL-2020,
OPTSTK,PETRONET,24-Sep-2020,245,PE,0,0,0,15.85,5.35,0,0,0,0,06-JUL-2020,
OPTSTK,PETRONET,24-Sep-2020,250,PE,0,0,0,18.05,6.65,0,0,0,0,06-JUL-2020,
OPTSTK,PETRONET,24-Sep-2020,255,PE,0,0,0,20.4,8.2,0,0,0,0,06-JUL-2020,
OPTSTK,PETRONET,24-Sep-2020,260,PE,0,0,0,22.9,9.95,0,0,0,0,06-JUL-2020,
OPTSTK,PETRONET,24-Sep-2020,265,PE,0,0,0,25.55,11.95,0,0,0,0,06-JUL-2020,
OPTSTK,PETRONET,24-Sep-2020,270,PE,0,0,0,28.4,14.15,0,0,0,0,06-JUL-2020,
OPTSTK,PETRONET,24-Sep-2020,275,PE,0,0,0,31.35,16.6,0,0,0,0,06-JUL-2020,
OPTSTK,PETRONET,24-Sep-2020,280,PE,0,0,0,34.45,19.25,0,0,0,0,06-JUL-2020,
OPTSTK,PETRONET,24-Sep-2020,285,PE,0,0,0,37.7,22.1,0,0,0,0,06-JUL-2020,
OPTSTK,PETRONET,24-Sep-2020,290,PE,0,0,0,41.1,25.2,0,0,0,0,06-JUL-2020,
OPTSTK,PETRONET,24-Sep-2020,295,PE,0,0,0,44.6,28.45,0,0,0,0,06-JUL-2020,
OPTSTK,PETRONET,24-Sep-2020,300,PE,0,0,0,48.2,31.95,0,0,0,0,06-JUL-2020,
OPTSTK,PETRONET,24-Sep-2020,305,PE,0,0,0,51.95,35.55,0,0,0,0,06-JUL-2020,
OPTSTK,PETRONET,24-Sep-2020,310,PE,0,0,0,55.8,39.35,0,0,0,0,06-JUL-2020,
OPTSTK,PETRONET,24-Sep-2020,315,PE,0,0,0,59.75,43.3,0,0,0,0,06-JUL-2020,
OPTSTK,PETRONET,24-Sep-2020,320,PE,0,0,0,63.75,47.35,0,0,0,0,06-JUL-2020,
OPTSTK,PETRONET,24-Sep-2020,325,PE,0,0,0,67.85,51.55,0,0,0,0,06-JUL-2020,
OPTSTK,PETRONET,24-Sep-2020,330,PE,0,0,0,72,55.85,0,0,0,0,06-JUL-2020,
OPTSTK,PFC,30-Jul-2020,52.5,CE,0,0,0,44.1,35.35,0,0,0,0,06-JUL-2020,
OPTSTK,PFC,30-Jul-2020,55,CE,0,0,0,41.8,32.85,0,0,0,0,06-JUL-2020,
OPTSTK,PFC,30-Jul-2020,57.5,CE,0,0,0,39.6,30.35,0,0,0,0,06-JUL-2020,
OPTSTK,PFC,30-Jul-2020,60,CE,0,0,0,37.4,27.85,0,0,0,0,06-JUL-2020,
OPTSTK,PFC,30-Jul-2020,62.5,CE,0,0,0,35.3,25.4,0,0,0,0,06-JUL-2020,
OPTSTK,PFC,30-Jul-2020,65,CE,0,0,0,33.25,22.9,0,0,0,0,06-JUL-2020,
OPTSTK,PFC,30-Jul-2020,67.5,CE,0,0,0,31.25,20.45,0,0,0,0,06-JUL-2020,
OPTSTK,PFC,30-Jul-2020,70,CE,0,0,0,21,18.05,0,0,0,0,06-JUL-2020,
OPTSTK,PFC,30-Jul-2020,72.5,CE,0,0,0,27.55,15.65,0,0,0,0,06-JUL-2020,
OPTSTK,PFC,30-Jul-2020,75,CE,0,0,0,10.6,13.4,0,0,18600,0,06-JUL-2020,
OPTSTK,PFC,30-Jul-2020,77.5,CE,11.35,11.35,11.35,11.35,11.25,1,5.5,6200,6200,06-JUL-2020,
OPTSTK,PFC,30-Jul-2020,80,CE,6.1,9.8,6.1,9.65,9.65,24,132.01,136400,0,06-JUL-2020,
OPTSTK,PFC,30-Jul-2020,82.5,CE,0,0,0,4.9,7.5,0,0,12400,0,06-JUL-2020,
OPTSTK,PFC,30-Jul-2020,85,CE,4.25,6.5,4.25,6.25,6.25,275,1545.51,589000,-136400,06-JUL-2020,
OPTSTK,PFC,30-Jul-2020,87.5,CE,3.4,5.05,3.4,4.8,4.8,132,752.38,248000,24800,06-JUL-2020,
OPTSTK,PFC,30-Jul-2020,90,CE,2.2,3.9,2.1,3.75,3.75,1607,9312.85,3112400,1159400,06-JUL-2020,
OPTSTK,PFC,30-Jul-2020,92.5,CE,1.9,2.95,1.9,2.9,2.9,124,731.38,365800,43400,06-JUL-2020,
OPTSTK,PFC,30-Jul-2020,95,CE,1.3,2.25,1.3,2.1,2.1,334,2007.45,1457000,105400,06-JUL-2020,
OPTSTK,PFC,30-Jul-2020,97.5,CE,0.95,1.7,0.95,1.6,1.6,39,239.3,241800,0,06-JUL-2020,
OPTSTK,PFC,30-Jul-2020,100,CE,0.75,1.35,0.7,1.25,1.25,378,2369.97,2566800,-279000,06-JUL-2020,
OPTSTK,PFC,30-Jul-2020,102.5,CE,0.9,1.05,0.9,1.05,1.05,3,19.25,93000,-6200,06-JUL-2020,
OPTSTK,PFC,30-Jul-2020,105,CE,0.45,0.75,0.45,0.7,0.7,49,320.98,719200,0,06-JUL-2020,
OPTSTK,PFC,30-Jul-2020,107.5,CE,0,0,0,0.3,0.3,0,0,24800,0,06-JUL-2020,
OPTSTK,PFC,30-Jul-2020,110,CE,0.25,0.5,0.25,0.45,0.45,138,944.61,2312600,-55800,06-JUL-2020,
OPTSTK,PFC,30-Jul-2020,112.5,CE,0,0,0,8.4,0.1,0,0,0,0,06-JUL-2020,
OPTSTK,PFC,30-Jul-2020,115,CE,0.15,0.25,0.15,0.25,0.25,8,57.15,148800,18600,06-JUL-2020,
OPTSTK,PFC,30-Jul-2020,117.5,CE,0,0,0,7.15,0.05,0,0,0,0,06-JUL-2020,
OPTSTK,PFC,30-Jul-2020,120,CE,0.15,0.2,0.15,0.2,0.2,12,89.41,434000,6200,06-JUL-2020,
OPTSTK,PFC,30-Jul-2020,122.5,CE,0,0,0,6.1,0.05,0,0,0,0,06-JUL-2020,
OPTSTK,PFC,30-Jul-2020,125,CE,0,0,0,0.25,0.05,0,0,18600,0,06-JUL-2020,
OPTSTK,PFC,30-Jul-2020,127.5,CE,0,0,0,5.15,0.05,0,0,0,0,06-JUL-2020,
OPTSTK,PFC,30-Jul-2020,130,CE,0,0,0,4.75,0.05,0,0,0,0,06-JUL-2020,
OPTSTK,PFC,30-Jul-2020,132.5,CE,0,0,0,4.35,0.05,0,0,0,0,06-JUL-2020,
OPTSTK,PFC,30-Jul-2020,135,CE,0,0,0,4,0.05,0,0,0,0,06-JUL-2020,
OPTSTK,PFC,30-Jul-2020,137.5,CE,0,0,0,3.7,0.05,0,0,0,0,06-JUL-2020,
OPTSTK,PFC,30-Jul-2020,52.5,PE,0,0,0,0.05,0.05,0,0,18600,0,06-JUL-2020,
OPTSTK,PFC,30-Jul-2020,55,PE,0,0,0,0.15,0.05,0,0,6200,0,06-JUL-2020,
OPTSTK,PFC,30-Jul-2020,57.5,PE,0,0,0,0.1,0.05,0,0,0,0,06-JUL-2020,
OPTSTK,PFC,30-Jul-2020,60,PE,0,0,0,0.05,0.05,0,0,6200,0,06-JUL-2020,
OPTSTK,PFC,30-Jul-2020,62.5,PE,0,0,0,0.2,0.05,0,0,6200,0,06-JUL-2020,
OPTSTK,PFC,30-Jul-2020,65,PE,0,0,0,0.1,0.05,0,0,99200,0,06-JUL-2020,
OPTSTK,PFC,30-Jul-2020,67.5,PE,0,0,0,2.5,0.05,0,0,0,0,06-JUL-2020,
OPTSTK,PFC,30-Jul-2020,70,PE,0.25,0.3,0.15,0.25,0.25,82,357.06,576600,80600,06-JUL-2020,
OPTSTK,PFC,30-Jul-2020,72.5,PE,0,0,0,0.65,0.25,0,0,37200,0,06-JUL-2020,
OPTSTK,PFC,30-Jul-2020,75,PE,0.65,0.75,0.5,0.55,0.55,81,379.69,799800,6200,06-JUL-2020,
OPTSTK,PFC,30-Jul-2020,77.5,PE,0.9,1.2,0.85,0.9,0.9,49,238.51,316200,55800,06-JUL-2020,
OPTSTK,PFC,30-Jul-2020,80,PE,1.8,2,1.25,1.4,1.4,311,1571.73,2368400,-471200,06-JUL-2020,
OPTSTK,PFC,30-Jul-2020,82.5,PE,3,3,1.95,2.05,2.05,52,273.13,279000,31000,06-JUL-2020,
OPTSTK,PFC,30-Jul-2020,85,PE,4.4,4.4,2.75,3,3,308,1684.18,1196600,24800,06-JUL-2020,
OPTSTK,PFC,30-Jul-2020,87.5,PE,4.2,5,3.9,4.05,4.05,41,233.4,272800,74400,06-JUL-2020,
OPTSTK,PFC,30-Jul-2020,90,PE,6.25,6.45,5.15,5.35,5.35,72,427.16,675800,124000,06-JUL-2020,
OPTSTK,PFC,30-Jul-2020,92.5,PE,7.2,7.3,6.9,7.05,7.05,14,86.37,99200,68200,06-JUL-2020,
OPTSTK,PFC,30-Jul-2020,95,PE,8.9,9.8,8.9,9.7,8.9,4,25.92,55800,-12400,06-JUL-2020,
OPTSTK,PFC,30-Jul-2020,97.5,PE,0,0,0,14.35,10.85,0,0,0,0,06-JUL-2020,
OPTSTK,PFC,30-Jul-2020,100,PE,0,0,0,12,12.95,0,0,80600,0,06-JUL-2020,
OPTSTK,PFC,30-Jul-2020,102.5,PE,0,0,0,17.35,15.15,0,0,0,0,06-JUL-2020,
OPTSTK,PFC,30-Jul-2020,105,PE,0,0,0,19.85,17.45,0,0,18600,0,06-JUL-2020,
OPTSTK,PFC,30-Jul-2020,107.5,PE,0,0,0,23.4,19.8,0,0,6200,0,06-JUL-2020,
OPTSTK,PFC,30-Jul-2020,110,PE,0,0,0,21.5,22.15,0,0,24800,0,06-JUL-2020,
OPTSTK,PFC,30-Jul-2020,112.5,PE,0,0,0,24.1,24.6,0,0,0,0,06-JUL-2020,
OPTSTK,PFC,30-Jul-2020,115,PE,0,0,0,25.9,27.05,0,0,0,0,06-JUL-2020,
OPTSTK,PFC,30-Jul-2020,117.5,PE,0,0,0,27.8,29.5,0,0,0,0,06-JUL-2020,
OPTSTK,PFC,30-Jul-2020,120,PE,0,0,0,29.7,32,0,0,0,0,06-JUL-2020,
OPTSTK,PFC,30-Jul-2020,122.5,PE,0,0,0,31.65,34.45,0,0,0,0,06-JUL-2020,
OPTSTK,PFC,30-Jul-2020,125,PE,0,0,0,33.6,36.95,0,0,0,0,06-JUL-2020,
OPTSTK,PFC,30-Jul-2020,127.5,PE,0,0,0,35.65,39.45,0,0,0,0,06-JUL-2020,
OPTSTK,PFC,30-Jul-2020,130,PE,0,0,0,37.7,41.95,0,0,0,0,06-JUL-2020,
OPTSTK,PFC,30-Jul-2020,132.5,PE,0,0,0,39.8,44.45,0,0,0,0,06-JUL-2020,
OPTSTK,PFC,30-Jul-2020,135,PE,0,0,0,43.15,46.9,0,0,49600,0,06-JUL-2020,
OPTSTK,PFC,30-Jul-2020,137.5,PE,0,0,0,44.05,49.4,0,0,0,0,06-JUL-2020,
OPTSTK,PFC,27-Aug-2020,52.5,CE,0,0,0,26.7,35.55,0,0,0,0,06-JUL-2020,
OPTSTK,PFC,27-Aug-2020,55,CE,0,0,0,24.65,33.05,0,0,0,0,06-JUL-2020,
OPTSTK,PFC,27-Aug-2020,57.5,CE,0,0,0,22.7,30.6,0,0,0,0,06-JUL-2020,
OPTSTK,PFC,27-Aug-2020,60,CE,0,0,0,20.8,28.15,0,0,0,0,06-JUL-2020,
OPTSTK,PFC,27-Aug-2020,62.5,CE,0,0,0,19.05,25.75,0,0,0,0,06-JUL-2020,
OPTSTK,PFC,27-Aug-2020,65,CE,0,0,0,17.4,23.35,0,0,0,0,06-JUL-2020,
OPTSTK,PFC,27-Aug-2020,67.5,CE,0,0,0,15.85,21.05,0,0,0,0,06-JUL-2020,
OPTSTK,PFC,27-Aug-2020,70,CE,0,0,0,14.4,18.85,0,0,0,0,06-JUL-2020,
OPTSTK,PFC,27-Aug-2020,72.5,CE,0,0,0,13.05,16.7,0,0,0,0,06-JUL-2020,
OPTSTK,PFC,27-Aug-2020,75,CE,0,0,0,11.8,14.7,0,0,0,0,06-JUL-2020,
OPTSTK,PFC,27-Aug-2020,77.5,CE,0,0,0,10.65,12.8,0,0,0,0,06-JUL-2020,
OPTSTK,PFC,27-Aug-2020,80,CE,0,0,0,9.6,11.05,0,0,0,0,06-JUL-2020,
OPTSTK,PFC,27-Aug-2020,82.5,CE,0,0,0,8.65,9.45,0,0,0,0,06-JUL-2020,
OPTSTK,PFC,27-Aug-2020,85,CE,0,0,0,7.8,8.05,0,0,0,0,06-JUL-2020,
OPTSTK,PFC,27-Aug-2020,87.5,CE,0,0,0,7,6.75,0,0,0,0,06-JUL-2020,
OPTSTK,PFC,27-Aug-2020,90,CE,5.5,5.5,5.5,5.5,5.65,1,5.92,6200,6200,06-JUL-2020,
OPTSTK,PFC,27-Aug-2020,92.5,CE,0,0,0,5.6,4.65,0,0,0,0,06-JUL-2020,
OPTSTK,PFC,27-Aug-2020,95,CE,0,0,0,5,3.85,0,0,0,0,06-JUL-2020,
OPTSTK,PFC,27-Aug-2020,97.5,CE,0,0,0,4.45,3.15,0,0,0,0,06-JUL-2020,
OPTSTK,PFC,27-Aug-2020,100,CE,2.6,2.6,2.6,2.6,2.55,2,12.72,6200,-6200,06-JUL-2020,
OPTSTK,PFC,27-Aug-2020,102.5,CE,0,0,0,3.55,2.05,0,0,0,0,06-JUL-2020,
OPTSTK,PFC,27-Aug-2020,105,CE,1.1,1.5,1.1,1.5,1.6,2,13.18,0,0,06-JUL-2020,
OPTSTK,PFC,27-Aug-2020,107.5,CE,0,0,0,2.8,1.3,0,0,0,0,06-JUL-2020,
OPTSTK,PFC,27-Aug-2020,110,CE,1,1.1,0.85,0.9,1,7,48.15,62000,-24800,06-JUL-2020,
OPTSTK,PFC,27-Aug-2020,112.5,CE,0,0,0,2.25,0.8,0,0,0,0,06-JUL-2020,
OPTSTK,PFC,27-Aug-2020,52.5,PE,0,0,0,1.25,0.05,0,0,0,0,06-JUL-2020,
OPTSTK,PFC,27-Aug-2020,55,PE,0,0,0,0.2,0.05,0,0,0,0,06-JUL-2020,
OPTSTK,PFC,27-Aug-2020,57.5,PE,0,0,0,0.2,0.05,0,0,0,0,06-JUL-2020,
OPTSTK,PFC,27-Aug-2020,60,PE,0,0,0,2.8,0.1,0,0,0,0,06-JUL-2020,
OPTSTK,PFC,27-Aug-2020,62.5,PE,0,0,0,3.5,0.15,0,0,0,0,06-JUL-2020,
OPTSTK,PFC,27-Aug-2020,65,PE,0,0,0,0.05,0.3,0,0,0,0,06-JUL-2020,
OPTSTK,PFC,27-Aug-2020,67.5,PE,0,0,0,5.25,0.45,0,0,0,0,06-JUL-2020,
OPTSTK,PFC,27-Aug-2020,70,PE,0,0,0,1,0.7,0,0,6200,0,06-JUL-2020,
OPTSTK,PFC,27-Aug-2020,72.5,PE,0,0,0,7.4,1.05,0,0,0,0,06-JUL-2020,
OPTSTK,PFC,27-Aug-2020,75,PE,0,0,0,2.25,1.55,0,0,6200,0,06-JUL-2020,
OPTSTK,PFC,27-Aug-2020,77.5,PE,0,0,0,9.95,2.15,0,0,0,0,06-JUL-2020,
OPTSTK,PFC,27-Aug-2020,80,PE,0,0,0,11.35,2.9,0,0,0,0,06-JUL-2020,
OPTSTK,PFC,27-Aug-2020,82.5,PE,0,0,0,12.85,3.8,0,0,0,0,06-JUL-2020,
OPTSTK,PFC,27-Aug-2020,85,PE,0,0,0,6.15,4.85,0,0,12400,0,06-JUL-2020,
OPTSTK,PFC,27-Aug-2020,87.5,PE,0,0,0,16.1,6.05,0,0,0,0,06-JUL-2020,
OPTSTK,PFC,27-Aug-2020,90,PE,0,0,0,17.85,7.4,0,0,0,0,06-JUL-2020,
OPTSTK,PFC,27-Aug-2020,92.5,PE,0,0,0,19.7,8.9,0,0,0,0,06-JUL-2020,
OPTSTK,PFC,27-Aug-2020,95,PE,0,0,0,21.55,10.55,0,0,0,0,06-JUL-2020,
OPTSTK,PFC,27-Aug-2020,97.5,PE,0,0,0,23.5,12.35,0,0,0,0,06-JUL-2020,
OPTSTK,PFC,27-Aug-2020,100,PE,0,0,0,25.5,14.2,0,0,0,0,06-JUL-2020,
OPTSTK,PFC,27-Aug-2020,102.5,PE,0,0,0,27.5,16.2,0,0,0,0,06-JUL-2020,
OPTSTK,PFC,27-Aug-2020,105,PE,0,0,0,29.6,18.3,0,0,0,0,06-JUL-2020,
OPTSTK,PFC,27-Aug-2020,107.5,PE,0,0,0,31.7,20.45,0,0,0,0,06-JUL-2020,
OPTSTK,PFC,27-Aug-2020,110,PE,0,0,0,33.9,22.65,0,0,0,0,06-JUL-2020,
OPTSTK,PFC,27-Aug-2020,112.5,PE,0,0,0,28,24.9,0,0,6200,0,06-JUL-2020,
OPTSTK,PFC,24-Sep-2020,55,CE,0,0,0,36.05,33.3,0,0,0,0,06-JUL-2020,
OPTSTK,PFC,24-Sep-2020,57.5,CE,0,0,0,33.75,30.9,0,0,0,0,06-JUL-2020,
OPTSTK,PFC,24-Sep-2020,60,CE,0,0,0,31.5,28.55,0,0,0,0,06-JUL-2020,
OPTSTK,PFC,24-Sep-2020,62.5,CE,0,0,0,29.35,26.25,0,0,0,0,06-JUL-2020,
OPTSTK,PFC,24-Sep-2020,65,CE,0,0,0,27.25,24,0,0,0,0,06-JUL-2020,
OPTSTK,PFC,24-Sep-2020,67.5,CE,0,0,0,25.2,21.8,0,0,0,0,06-JUL-2020,
OPTSTK,PFC,24-Sep-2020,70,CE,0,0,0,23.25,19.75,0,0,0,0,06-JUL-2020,
OPTSTK,PFC,24-Sep-2020,72.5,CE,0,0,0,21.4,17.75,0,0,0,0,06-JUL-2020,
OPTSTK,PFC,24-Sep-2020,75,CE,0,0,0,19.65,15.9,0,0,0,0,06-JUL-2020,
OPTSTK,PFC,24-Sep-2020,77.5,CE,0,0,0,18,14.15,0,0,0,0,06-JUL-2020,
OPTSTK,PFC,24-Sep-2020,80,CE,0,0,0,16.4,12.55,0,0,0,0,06-JUL-2020,
OPTSTK,PFC,24-Sep-2020,82.5,CE,0,0,0,14.95,11.05,0,0,0,0,06-JUL-2020,
OPTSTK,PFC,24-Sep-2020,85,CE,0,0,0,13.6,9.65,0,0,0,0,06-JUL-2020,
OPTSTK,PFC,24-Sep-2020,87.5,CE,0,0,0,12.3,8.45,0,0,0,0,06-JUL-2020,
OPTSTK,PFC,24-Sep-2020,90,CE,0,0,0,11.15,7.3,0,0,0,0,06-JUL-2020,
OPTSTK,PFC,24-Sep-2020,92.5,CE,0,0,0,10.05,6.3,0,0,0,0,06-JUL-2020,
OPTSTK,PFC,24-Sep-2020,95,CE,0,0,0,9.05,5.45,0,0,0,0,06-JUL-2020,
OPTSTK,PFC,24-Sep-2020,97.5,CE,0,0,0,8.15,4.65,0,0,0,0,06-JUL-2020,
OPTSTK,PFC,24-Sep-2020,100,CE,0,0,0,7.3,3.95,0,0,0,0,06-JUL-2020,
OPTSTK,PFC,24-Sep-2020,102.5,CE,0,0,0,6.55,3.35,0,0,0,0,06-JUL-2020,
OPTSTK,PFC,24-Sep-2020,105,CE,0,0,0,5.9,2.85,0,0,0,0,06-JUL-2020,
OPTSTK,PFC,24-Sep-2020,107.5,CE,0,0,0,5.25,2.4,0,0,0,0,06-JUL-2020,
OPTSTK,PFC,24-Sep-2020,110,CE,0,0,0,4.7,2,0,0,0,0,06-JUL-2020,
OPTSTK,PFC,24-Sep-2020,112.5,CE,0,0,0,4.2,1.7,0,0,0,0,06-JUL-2020,
OPTSTK,PFC,24-Sep-2020,55,PE,0,0,0,0.4,0.1,0,0,0,0,06-JUL-2020,
OPTSTK,PFC,24-Sep-2020,57.5,PE,0,0,0,0.6,0.2,0,0,0,0,06-JUL-2020,
OPTSTK,PFC,24-Sep-2020,60,PE,0,0,0,0.8,0.3,0,0,0,0,06-JUL-2020,
OPTSTK,PFC,24-Sep-2020,62.5,PE,0,0,0,1.1,0.45,0,0,0,0,06-JUL-2020,
OPTSTK,PFC,24-Sep-2020,65,PE,0,0,0,1.45,0.7,0,0,0,0,06-JUL-2020,
OPTSTK,PFC,24-Sep-2020,67.5,PE,0,0,0,1.9,1,0,0,0,0,06-JUL-2020,
OPTSTK,PFC,24-Sep-2020,70,PE,0,0,0,2.45,1.4,0,0,0,0,06-JUL-2020,
OPTSTK,PFC,24-Sep-2020,72.5,PE,0,0,0,3.05,1.9,0,0,0,0,06-JUL-2020,
OPTSTK,PFC,24-Sep-2020,75,PE,0,0,0,3.75,2.5,0,0,0,0,06-JUL-2020,
OPTSTK,PFC,24-Sep-2020,77.5,PE,0,0,0,4.6,3.25,0,0,0,0,06-JUL-2020,
OPTSTK,PFC,24-Sep-2020,80,PE,0,0,0,5.5,4.1,0,0,0,0,06-JUL-2020,
OPTSTK,PFC,24-Sep-2020,82.5,PE,0,0,0,6.5,5.05,0,0,0,0,06-JUL-2020,
OPTSTK,PFC,24-Sep-2020,85,PE,0,0,0,7.6,6.2,0,0,0,0,06-JUL-2020,
OPTSTK,PFC,24-Sep-2020,87.5,PE,0,0,0,8.8,7.4,0,0,0,0,06-JUL-2020,
OPTSTK,PFC,24-Sep-2020,90,PE,0,0,0,10.1,8.8,0,0,0,0,06-JUL-2020,
OPTSTK,PFC,24-Sep-2020,92.5,PE,0,0,0,11.5,10.25,0,0,0,0,06-JUL-2020,
OPTSTK,PFC,24-Sep-2020,95,PE,0,0,0,12.95,11.85,0,0,0,0,06-JUL-2020,
OPTSTK,PFC,24-Sep-2020,97.5,PE,0,0,0,14.5,13.55,0,0,0,0,06-JUL-2020,
OPTSTK,PFC,24-Sep-2020,100,PE,0,0,0,16.15,15.35,0,0,0,0,06-JUL-2020,
OPTSTK,PFC,24-Sep-2020,102.5,PE,0,0,0,17.85,17.2,0,0,0,0,06-JUL-2020,
OPTSTK,PFC,24-Sep-2020,105,PE,0,0,0,19.65,19.2,0,0,0,0,06-JUL-2020,
OPTSTK,PFC,24-Sep-2020,107.5,PE,0,0,0,21.5,21.2,0,0,0,0,06-JUL-2020,
OPTSTK,PFC,24-Sep-2020,110,PE,0,0,0,23.4,23.3,0,0,0,0,06-JUL-2020,
OPTSTK,PFC,24-Sep-2020,112.5,PE,0,0,0,25.4,25.45,0,0,0,0,06-JUL-2020,
OPTSTK,PIDILITIND,30-Jul-2020,1120,CE,0,0,0,457.2,272.65,0,0,0,0,06-JUL-2020,
OPTSTK,PIDILITIND,30-Jul-2020,1140,CE,0,0,0,441.65,252.85,0,0,0,0,06-JUL-2020,
OPTSTK,PIDILITIND,30-Jul-2020,1160,CE,0,0,0,426.4,233.15,0,0,0,0,06-JUL-2020,
OPTSTK,PIDILITIND,30-Jul-2020,1180,CE,0,0,0,411.5,213.65,0,0,0,0,06-JUL-2020,
OPTSTK,PIDILITIND,30-Jul-2020,1200,CE,0,0,0,396.95,194.35,0,0,0,0,06-JUL-2020,
OPTSTK,PIDILITIND,30-Jul-2020,1220,CE,0,0,0,382.7,175.45,0,0,0,0,06-JUL-2020,
OPTSTK,PIDILITIND,30-Jul-2020,1240,CE,0,0,0,368.75,157,0,0,0,0,06-JUL-2020,
OPTSTK,PIDILITIND,30-Jul-2020,1260,CE,0,0,0,355.2,139.2,0,0,0,0,06-JUL-2020,
OPTSTK,PIDILITIND,30-Jul-2020,1280,CE,0,0,0,121.3,122.15,0,0,500,0,06-JUL-2020,
OPTSTK,PIDILITIND,30-Jul-2020,1300,CE,0,0,0,111.05,106.05,0,0,1500,0,06-JUL-2020,
OPTSTK,PIDILITIND,30-Jul-2020,1320,CE,0,0,0,90.25,91,0,0,500,0,06-JUL-2020,
OPTSTK,PIDILITIND,30-Jul-2020,1340,CE,0,0,0,304.25,77.15,0,0,0,0,06-JUL-2020,
OPTSTK,PIDILITIND,30-Jul-2020,1360,CE,70.75,70.75,64,64,64,7,49.97,6000,1500,06-JUL-2020,
OPTSTK,PIDILITIND,30-Jul-2020,1380,CE,57.2,61.7,53.7,53.85,53.85,25,179.66,12500,1500,06-JUL-2020,
OPTSTK,PIDILITIND,30-Jul-2020,1400,CE,46.55,51.9,42.5,44.05,44.05,333,2408.61,94000,10000,06-JUL-2020,
OPTSTK,PIDILITIND,30-Jul-2020,1420,CE,37,41.65,34.15,35.15,35.15,80,583.22,34000,1000,06-JUL-2020,
OPTSTK,PIDILITIND,30-Jul-2020,1440,CE,28.75,33.7,26.5,27.75,27.75,148,1087.85,56000,-500,06-JUL-2020,
OPTSTK,PIDILITIND,30-Jul-2020,1460,CE,21.4,26,21,21.85,21.85,62,459.98,28000,2000,06-JUL-2020,
OPTSTK,PIDILITIND,30-Jul-2020,1480,CE,16.8,19.9,16.8,17.15,17.15,29,217.21,21000,5000,06-JUL-2020,
OPTSTK,PIDILITIND,30-Jul-2020,1500,CE,8.4,16,8.4,13.65,13.65,137,1037.35,76500,8000,06-JUL-2020,
OPTSTK,PIDILITIND,30-Jul-2020,1520,CE,11,11,8.1,10.3,10.3,3,22.94,1000,1000,06-JUL-2020,
OPTSTK,PIDILITIND,30-Jul-2020,1540,CE,0,0,0,17.65,7.05,0,0,1000,0,06-JUL-2020,
OPTSTK,PIDILITIND,30-Jul-2020,1560,CE,0,0,0,192.45,5.15,0,0,0,0,06-JUL-2020,
OPTSTK,PIDILITIND,30-Jul-2020,1580,CE,0,0,0,184.2,3.7,0,0,0,0,06-JUL-2020,
OPTSTK,PIDILITIND,30-Jul-2020,1600,CE,3.5,4.25,3.5,3.8,3.8,23,184.44,29000,1500,06-JUL-2020,
OPTSTK,PIDILITIND,30-Jul-2020,1620,CE,0,0,0,5,1.85,0,0,2000,0,06-JUL-2020,
OPTSTK,PIDILITIND,30-Jul-2020,1640,CE,0,0,0,3.5,1.3,0,0,1000,0,06-JUL-2020,
OPTSTK,PIDILITIND,30-Jul-2020,1660,CE,0,0,0,154.2,0.85,0,0,0,0,06-JUL-2020,
OPTSTK,PIDILITIND,30-Jul-2020,1680,CE,0,0,0,147.35,0.6,0,0,0,0,06-JUL-2020,
OPTSTK,PIDILITIND,30-Jul-2020,1700,CE,0,0,0,140.8,0.4,0,0,0,0,06-JUL-2020,
OPTSTK,PIDILITIND,30-Jul-2020,1720,CE,0,0,0,0.4,0.25,0,0,500,0,06-JUL-2020,
OPTSTK,PIDILITIND,30-Jul-2020,1740,CE,0,0,0,0.25,0.15,0,0,500,0,06-JUL-2020,
OPTSTK,PIDILITIND,30-Jul-2020,1760,CE,0,0,0,122.65,0.1,0,0,0,0,06-JUL-2020,
OPTSTK,PIDILITIND,30-Jul-2020,1120,PE,0,0,0,36,0.15,0,0,0,0,06-JUL-2020,
OPTSTK,PIDILITIND,30-Jul-2020,1140,PE,0,0,0,40.2,0.3,0,0,0,0,06-JUL-2020,
OPTSTK,PIDILITIND,30-Jul-2020,1160,PE,0,0,0,44.7,0.55,0,0,0,0,06-JUL-2020,
OPTSTK,PIDILITIND,30-Jul-2020,1180,PE,0,0,0,49.55,1,0,0,0,0,06-JUL-2020,
OPTSTK,PIDILITIND,30-Jul-2020,1200,PE,3.1,3.1,2.1,2.5,1.65,21,126.24,35500,500,06-JUL-2020,
OPTSTK,PIDILITIND,30-Jul-2020,1220,PE,3.5,5.7,3.5,5.6,2.7,3,18.37,9000,-500,06-JUL-2020,
OPTSTK,PIDILITIND,30-Jul-2020,1240,PE,5.45,5.45,4,4,4.2,5,31.1,10500,500,06-JUL-2020,
OPTSTK,PIDILITIND,30-Jul-2020,1260,PE,0,0,0,8.4,6.3,0,0,9000,0,06-JUL-2020,
OPTSTK,PIDILITIND,30-Jul-2020,1280,PE,9.45,9.45,8.25,8.55,8.55,13,83.76,19500,3000,06-JUL-2020,
OPTSTK,PIDILITIND,30-Jul-2020,1300,PE,12.5,13.5,10.55,12.5,12.5,76,498.48,67500,-7500,06-JUL-2020,
OPTSTK,PIDILITIND,30-Jul-2020,1320,PE,19.5,19.5,14.15,16.75,16.75,44,293.86,12000,500,06-JUL-2020,
OPTSTK,PIDILITIND,30-Jul-2020,1340,PE,23.2,23.4,19.25,22.15,22.15,39,265.43,18500,6000,06-JUL-2020,
OPTSTK,PIDILITIND,30-Jul-2020,1360,PE,33,33,25.05,28.75,28.75,58,402.36,45500,4500,06-JUL-2020,
OPTSTK,PIDILITIND,30-Jul-2020,1380,PE,38,39.45,32.95,37.5,37.5,33,233.48,15500,0,06-JUL-2020,
OPTSTK,PIDILITIND,30-Jul-2020,1400,PE,47,49,41.75,47.55,47.55,48,346.92,26000,9500,06-JUL-2020,
OPTSTK,PIDILITIND,30-Jul-2020,1420,PE,51.95,60.1,51.95,58.6,58.6,8,59.03,5000,500,06-JUL-2020,
OPTSTK,PIDILITIND,30-Jul-2020,1440,PE,0,0,0,80,74.35,0,0,500,0,06-JUL-2020,
OPTSTK,PIDILITIND,30-Jul-2020,1460,PE,0,0,0,152.8,88.25,0,0,0,0,06-JUL-2020,
OPTSTK,PIDILITIND,30-Jul-2020,1480,PE,0,0,0,162.75,103.25,0,0,0,0,06-JUL-2020,
OPTSTK,PIDILITIND,30-Jul-2020,1500,PE,0,0,0,127,119.2,0,0,1500,0,06-JUL-2020,
OPTSTK,PIDILITIND,30-Jul-2020,1520,PE,0,0,0,183.6,135.95,0,0,0,0,06-JUL-2020,
OPTSTK,PIDILITIND,30-Jul-2020,1540,PE,0,0,0,194.5,153.4,0,0,0,0,06-JUL-2020,
OPTSTK,PIDILITIND,30-Jul-2020,1560,PE,0,0,0,205.7,171.45,0,0,0,0,06-JUL-2020,
OPTSTK,PIDILITIND,30-Jul-2020,1580,PE,0,0,0,217.2,189.95,0,0,0,0,06-JUL-2020,
OPTSTK,PIDILITIND,30-Jul-2020,1600,PE,0,0,0,229,208.8,0,0,0,0,06-JUL-2020,
OPTSTK,PIDILITIND,30-Jul-2020,1620,PE,0,0,0,241.1,227.95,0,0,0,0,06-JUL-2020,
OPTSTK,PIDILITIND,30-Jul-2020,1640,PE,0,0,0,253.5,247.35,0,0,0,0,06-JUL-2020,
OPTSTK,PIDILITIND,30-Jul-2020,1660,PE,0,0,0,266.15,266.9,0,0,0,0,06-JUL-2020,
OPTSTK,PIDILITIND,30-Jul-2020,1680,PE,0,0,0,279.05,286.55,0,0,0,0,06-JUL-2020,
OPTSTK,PIDILITIND,30-Jul-2020,1700,PE,0,0,0,292.25,306.3,0,0,0,0,06-JUL-2020,
OPTSTK,PIDILITIND,30-Jul-2020,1720,PE,0,0,0,305.7,326.1,0,0,0,0,06-JUL-2020,
OPTSTK,PIDILITIND,30-Jul-2020,1740,PE,0,0,0,319.4,345.95,0,0,0,0,06-JUL-2020,
OPTSTK,PIDILITIND,30-Jul-2020,1760,PE,0,0,0,333.35,365.85,0,0,0,0,06-JUL-2020,
OPTSTK,PIDILITIND,27-Aug-2020,1120,CE,0,0,0,350.75,278.4,0,0,0,0,06-JUL-2020,
OPTSTK,PIDILITIND,27-Aug-2020,1140,CE,0,0,0,335.35,259.5,0,0,0,0,06-JUL-2020,
OPTSTK,PIDILITIND,27-Aug-2020,1160,CE,0,0,0,320.35,240.9,0,0,0,0,06-JUL-2020,
OPTSTK,PIDILITIND,27-Aug-2020,1180,CE,0,0,0,305.8,222.7,0,0,0,0,06-JUL-2020,
OPTSTK,PIDILITIND,27-Aug-2020,1200,CE,0,0,0,291.6,205,0,0,0,0,06-JUL-2020,
OPTSTK,PIDILITIND,27-Aug-2020,1220,CE,0,0,0,277.8,187.8,0,0,0,0,06-JUL-2020,
OPTSTK,PIDILITIND,27-Aug-2020,1240,CE,0,0,0,264.45,171.25,0,0,0,0,06-JUL-2020,
OPTSTK,PIDILITIND,27-Aug-2020,1260,CE,0,0,0,251.5,155.35,0,0,0,0,06-JUL-2020,
OPTSTK,PIDILITIND,27-Aug-2020,1280,CE,0,0,0,239,140.2,0,0,0,0,06-JUL-2020,
OPTSTK,PIDILITIND,27-Aug-2020,1300,CE,0,0,0,130,125.9,0,0,500,0,06-JUL-2020,
OPTSTK,PIDILITIND,27-Aug-2020,1320,CE,0,0,0,215.35,112.4,0,0,0,0,06-JUL-2020,
OPTSTK,PIDILITIND,27-Aug-2020,1340,CE,0,0,0,204.15,99.85,0,0,0,0,06-JUL-2020,
OPTSTK,PIDILITIND,27-Aug-2020,1360,CE,0,0,0,193.4,88.15,0,0,0,0,06-JUL-2020,
OPTSTK,PIDILITIND,27-Aug-2020,1380,CE,0,0,0,183.1,77.45,0,0,0,0,06-JUL-2020,
OPTSTK,PIDILITIND,27-Aug-2020,1400,CE,0,0,0,173.2,67.65,0,0,0,0,06-JUL-2020,
OPTSTK,PIDILITIND,27-Aug-2020,1420,CE,0,0,0,163.7,58.75,0,0,0,0,06-JUL-2020,
OPTSTK,PIDILITIND,27-Aug-2020,1440,CE,0,0,0,154.6,50.75,0,0,0,0,06-JUL-2020,
OPTSTK,PIDILITIND,27-Aug-2020,1460,CE,0,0,0,145.95,43.55,0,0,0,0,06-JUL-2020,
OPTSTK,PIDILITIND,27-Aug-2020,1480,CE,0,0,0,137.65,37.2,0,0,0,0,06-JUL-2020,
OPTSTK,PIDILITIND,27-Aug-2020,1500,CE,0,0,0,129.75,31.6,0,0,0,0,06-JUL-2020,
OPTSTK,PIDILITIND,27-Aug-2020,1520,CE,0,0,0,122.25,26.7,0,0,0,0,06-JUL-2020,
OPTSTK,PIDILITIND,27-Aug-2020,1540,CE,0,0,0,115.1,22.4,0,0,0,0,06-JUL-2020,
OPTSTK,PIDILITIND,27-Aug-2020,1560,CE,0,0,0,108.25,18.75,0,0,0,0,06-JUL-2020,
OPTSTK,PIDILITIND,27-Aug-2020,1580,CE,0,0,0,101.8,15.6,0,0,0,0,06-JUL-2020,
OPTSTK,PIDILITIND,27-Aug-2020,1600,CE,0,0,0,95.65,12.9,0,0,0,0,06-JUL-2020,
OPTSTK,PIDILITIND,27-Aug-2020,1620,CE,0,0,0,89.85,10.6,0,0,0,0,06-JUL-2020,
OPTSTK,PIDILITIND,27-Aug-2020,1640,CE,0,0,0,84.35,8.7,0,0,0,0,06-JUL-2020,
OPTSTK,PIDILITIND,27-Aug-2020,1660,CE,0,0,0,79.15,7.1,0,0,0,0,06-JUL-2020,
OPTSTK,PIDILITIND,27-Aug-2020,1680,CE,0,0,0,74.25,5.75,0,0,0,0,06-JUL-2020,
OPTSTK,PIDILITIND,27-Aug-2020,1700,CE,0,0,0,69.6,4.65,0,0,0,0,06-JUL-2020,
OPTSTK,PIDILITIND,27-Aug-2020,1720,CE,0,0,0,65.25,3.7,0,0,0,0,06-JUL-2020,
OPTSTK,PIDILITIND,27-Aug-2020,1740,CE,0,0,0,61.1,3,0,0,0,0,06-JUL-2020,
OPTSTK,PIDILITIND,27-Aug-2020,1760,CE,0,0,0,57.2,2.35,0,0,0,0,06-JUL-2020,
OPTSTK,PIDILITIND,27-Aug-2020,1120,PE,0,0,0,31.8,2.25,0,0,0,0,06-JUL-2020,
OPTSTK,PIDILITIND,27-Aug-2020,1140,PE,0,0,0,36.15,3.25,0,0,0,0,06-JUL-2020,
OPTSTK,PIDILITIND,27-Aug-2020,1160,PE,0,0,0,40.95,4.55,0,0,0,0,06-JUL-2020,
OPTSTK,PIDILITIND,27-Aug-2020,1180,PE,0,0,0,46.1,6.25,0,0,0,0,06-JUL-2020,
OPTSTK,PIDILITIND,27-Aug-2020,1200,PE,0,0,0,51.7,8.4,0,0,0,0,06-JUL-2020,
OPTSTK,PIDILITIND,27-Aug-2020,1220,PE,0,0,0,57.65,11.1,0,0,0,0,06-JUL-2020,
OPTSTK,PIDILITIND,27-Aug-2020,1240,PE,0,0,0,64.05,14.4,0,0,0,0,06-JUL-2020,
OPTSTK,PIDILITIND,27-Aug-2020,1260,PE,0,0,0,70.85,18.4,0,0,0,0,06-JUL-2020,
OPTSTK,PIDILITIND,27-Aug-2020,1280,PE,0,0,0,78.1,23.15,0,0,0,0,06-JUL-2020,
OPTSTK,PIDILITIND,27-Aug-2020,1300,PE,0,0,0,85.8,28.7,0,0,0,0,06-JUL-2020,
OPTSTK,PIDILITIND,27-Aug-2020,1320,PE,0,0,0,93.95,35.1,0,0,0,0,06-JUL-2020,
OPTSTK,PIDILITIND,27-Aug-2020,1340,PE,0,0,0,40,42.4,0,0,500,0,06-JUL-2020,
OPTSTK,PIDILITIND,27-Aug-2020,1360,PE,0,0,0,111.55,50.6,0,0,0,0,06-JUL-2020,
OPTSTK,PIDILITIND,27-Aug-2020,1380,PE,0,0,0,121,59.75,0,0,0,0,06-JUL-2020,
OPTSTK,PIDILITIND,27-Aug-2020,1400,PE,0,0,0,130.85,69.85,0,0,0,0,06-JUL-2020,
OPTSTK,PIDILITIND,27-Aug-2020,1420,PE,0,0,0,141.1,80.8,0,0,0,0,06-JUL-2020,
OPTSTK,PIDILITIND,27-Aug-2020,1440,PE,0,0,0,151.8,92.7,0,0,0,0,06-JUL-2020,
OPTSTK,PIDILITIND,27-Aug-2020,1460,PE,0,0,0,162.85,105.4,0,0,0,0,06-JUL-2020,
OPTSTK,PIDILITIND,27-Aug-2020,1480,PE,0,0,0,174.35,118.9,0,0,0,0,06-JUL-2020,
OPTSTK,PIDILITIND,27-Aug-2020,1500,PE,0,0,0,186.2,133.2,0,0,0,0,06-JUL-2020,
OPTSTK,PIDILITIND,27-Aug-2020,1520,PE,0,0,0,198.45,148.15,0,0,0,0,06-JUL-2020,
OPTSTK,PIDILITIND,27-Aug-2020,1540,PE,0,0,0,211.05,163.8,0,0,0,0,06-JUL-2020,
OPTSTK,PIDILITIND,27-Aug-2020,1560,PE,0,0,0,224,179.95,0,0,0,0,06-JUL-2020,
OPTSTK,PIDILITIND,27-Aug-2020,1580,PE,0,0,0,237.25,196.7,0,0,0,0,06-JUL-2020,
OPTSTK,PIDILITIND,27-Aug-2020,1600,PE,0,0,0,250.9,213.9,0,0,0,0,06-JUL-2020,
OPTSTK,PIDILITIND,27-Aug-2020,1620,PE,0,0,0,264.85,231.5,0,0,0,0,06-JUL-2020,
OPTSTK,PIDILITIND,27-Aug-2020,1640,PE,0,0,0,279.1,249.45,0,0,0,0,06-JUL-2020,
OPTSTK,PIDILITIND,27-Aug-2020,1660,PE,0,0,0,293.6,267.7,0,0,0,0,06-JUL-2020,
OPTSTK,PIDILITIND,27-Aug-2020,1680,PE,0,0,0,308.5,286.25,0,0,0,0,06-JUL-2020,
OPTSTK,PIDILITIND,27-Aug-2020,1700,PE,0,0,0,323.65,305,0,0,0,0,06-JUL-2020,
OPTSTK,PIDILITIND,27-Aug-2020,1720,PE,0,0,0,339,324,0,0,0,0,06-JUL-2020,
OPTSTK,PIDILITIND,27-Aug-2020,1740,PE,0,0,0,354.6,343.15,0,0,0,0,06-JUL-2020,
OPTSTK,PIDILITIND,27-Aug-2020,1760,PE,0,0,0,370.5,362.4,0,0,0,0,06-JUL-2020,
OPTSTK,PIDILITIND,24-Sep-2020,1120,CE,0,0,0,299.9,285.8,0,0,0,0,06-JUL-2020,
OPTSTK,PIDILITIND,24-Sep-2020,1140,CE,0,0,0,284.25,267.85,0,0,0,0,06-JUL-2020,
OPTSTK,PIDILITIND,24-Sep-2020,1160,CE,0,0,0,269,250.25,0,0,0,0,06-JUL-2020,
OPTSTK,PIDILITIND,24-Sep-2020,1180,CE,0,0,0,254.3,233.1,0,0,0,0,06-JUL-2020,
OPTSTK,PIDILITIND,24-Sep-2020,1200,CE,0,0,0,240,216.5,0,0,0,0,06-JUL-2020,
OPTSTK,PIDILITIND,24-Sep-2020,1220,CE,0,0,0,226.2,200.4,0,0,0,0,06-JUL-2020,
OPTSTK,PIDILITIND,24-Sep-2020,1240,CE,0,0,0,212.85,184.95,0,0,0,0,06-JUL-2020,
OPTSTK,PIDILITIND,24-Sep-2020,1260,CE,0,0,0,200.05,170.1,0,0,0,0,06-JUL-2020,
OPTSTK,PIDILITIND,24-Sep-2020,1280,CE,0,0,0,187.8,155.95,0,0,0,0,06-JUL-2020,
OPTSTK,PIDILITIND,24-Sep-2020,1300,CE,0,0,0,176.05,142.5,0,0,0,0,06-JUL-2020,
OPTSTK,PIDILITIND,24-Sep-2020,1320,CE,0,0,0,164.85,129.75,0,0,0,0,06-JUL-2020,
OPTSTK,PIDILITIND,24-Sep-2020,1340,CE,0,0,0,154.15,117.75,0,0,0,0,06-JUL-2020,
OPTSTK,PIDILITIND,24-Sep-2020,1360,CE,0,0,0,143.95,106.5,0,0,0,0,06-JUL-2020,
OPTSTK,PIDILITIND,24-Sep-2020,1380,CE,0,0,0,134.25,96,0,0,0,0,06-JUL-2020,
OPTSTK,PIDILITIND,24-Sep-2020,1400,CE,0,0,0,125.1,86.25,0,0,0,0,06-JUL-2020,
OPTSTK,PIDILITIND,24-Sep-2020,1420,CE,0,0,0,116.4,77.25,0,0,0,0,06-JUL-2020,
OPTSTK,PIDILITIND,24-Sep-2020,1440,CE,0,0,0,108.15,68.9,0,0,0,0,06-JUL-2020,
OPTSTK,PIDILITIND,24-Sep-2020,1460,CE,0,0,0,100.4,61.3,0,0,0,0,06-JUL-2020,
OPTSTK,PIDILITIND,24-Sep-2020,1480,CE,0,0,0,93.1,54.35,0,0,0,0,06-JUL-2020,
OPTSTK,PIDILITIND,24-Sep-2020,1500,CE,0,0,0,86.25,48.05,0,0,0,0,06-JUL-2020,
OPTSTK,PIDILITIND,24-Sep-2020,1520,CE,0,0,0,79.8,42.3,0,0,0,0,06-JUL-2020,
OPTSTK,PIDILITIND,24-Sep-2020,1540,CE,0,0,0,73.75,37.15,0,0,0,0,06-JUL-2020,
OPTSTK,PIDILITIND,24-Sep-2020,1560,CE,0,0,0,68.1,32.55,0,0,0,0,06-JUL-2020,
OPTSTK,PIDILITIND,24-Sep-2020,1580,CE,0,0,0,62.8,28.4,0,0,0,0,06-JUL-2020,
OPTSTK,PIDILITIND,24-Sep-2020,1600,CE,0,0,0,57.95,24.7,0,0,0,0,06-JUL-2020,
OPTSTK,PIDILITIND,24-Sep-2020,1620,CE,0,0,0,53.35,21.45,0,0,0,0,06-JUL-2020,
OPTSTK,PIDILITIND,24-Sep-2020,1640,CE,0,0,0,49.1,18.55,0,0,0,0,06-JUL-2020,
OPTSTK,PIDILITIND,24-Sep-2020,1660,CE,0,0,0,45.15,16,0,0,0,0,06-JUL-2020,
OPTSTK,PIDILITIND,24-Sep-2020,1680,CE,0,0,0,41.4,13.8,0,0,0,0,06-JUL-2020,
OPTSTK,PIDILITIND,24-Sep-2020,1700,CE,0,0,0,38,11.85,0,0,0,0,06-JUL-2020,
OPTSTK,PIDILITIND,24-Sep-2020,1720,CE,0,0,0,34.85,10.15,0,0,0,0,06-JUL-2020,
OPTSTK,PIDILITIND,24-Sep-2020,1740,CE,0,0,0,31.9,8.65,0,0,0,0,06-JUL-2020,
OPTSTK,PIDILITIND,24-Sep-2020,1760,CE,0,0,0,29.2,7.35,0,0,0,0,06-JUL-2020,
OPTSTK,PIDILITIND,24-Sep-2020,1120,PE,0,0,0,24.95,6.1,0,0,0,0,06-JUL-2020,
OPTSTK,PIDILITIND,24-Sep-2020,1140,PE,0,0,0,29.05,7.9,0,0,0,0,06-JUL-2020,
OPTSTK,PIDILITIND,24-Sep-2020,1160,PE,0,0,0,33.6,10.15,0,0,0,0,06-JUL-2020,
OPTSTK,PIDILITIND,24-Sep-2020,1180,PE,0,0,0,38.65,12.85,0,0,0,0,06-JUL-2020,
OPTSTK,PIDILITIND,24-Sep-2020,1200,PE,0,0,0,44.15,16,0,0,0,0,06-JUL-2020,
OPTSTK,PIDILITIND,24-Sep-2020,1220,PE,0,0,0,50.1,19.75,0,0,0,0,06-JUL-2020,
OPTSTK,PIDILITIND,24-Sep-2020,1240,PE,0,0,0,56.5,24.1,0,0,0,0,06-JUL-2020,
OPTSTK,PIDILITIND,24-Sep-2020,1260,PE,0,0,0,63.5,29.1,0,0,0,0,06-JUL-2020,
OPTSTK,PIDILITIND,24-Sep-2020,1280,PE,0,0,0,71,34.75,0,0,0,0,06-JUL-2020,
OPTSTK,PIDILITIND,24-Sep-2020,1300,PE,0,0,0,79.05,41.1,0,0,0,0,06-JUL-2020,
OPTSTK,PIDILITIND,24-Sep-2020,1320,PE,0,0,0,87.6,48.15,0,0,0,0,06-JUL-2020,
OPTSTK,PIDILITIND,24-Sep-2020,1340,PE,0,0,0,96.65,56,0,0,0,0,06-JUL-2020,
OPTSTK,PIDILITIND,24-Sep-2020,1360,PE,0,0,0,106.25,64.55,0,0,0,0,06-JUL-2020,
OPTSTK,PIDILITIND,24-Sep-2020,1380,PE,0,0,0,116.3,73.85,0,0,0,0,06-JUL-2020,
OPTSTK,PIDILITIND,24-Sep-2020,1400,PE,0,0,0,126.9,83.9,0,0,0,0,06-JUL-2020,
OPTSTK,PIDILITIND,24-Sep-2020,1420,PE,0,0,0,137.95,94.7,0,0,0,0,06-JUL-2020,
OPTSTK,PIDILITIND,24-Sep-2020,1440,PE,0,0,0,149.5,106.2,0,0,0,0,06-JUL-2020,
OPTSTK,PIDILITIND,24-Sep-2020,1460,PE,0,0,0,161.55,118.4,0,0,0,0,06-JUL-2020,
OPTSTK,PIDILITIND,24-Sep-2020,1480,PE,0,0,0,174,131.3,0,0,0,0,06-JUL-2020,
OPTSTK,PIDILITIND,24-Sep-2020,1500,PE,0,0,0,186.9,144.75,0,0,0,0,06-JUL-2020,
OPTSTK,PIDILITIND,24-Sep-2020,1520,PE,0,0,0,200.2,158.85,0,0,0,0,06-JUL-2020,
OPTSTK,PIDILITIND,24-Sep-2020,1540,PE,0,0,0,213.95,173.55,0,0,0,0,06-JUL-2020,
OPTSTK,PIDILITIND,24-Sep-2020,1560,PE,0,0,0,228.05,188.7,0,0,0,0,06-JUL-2020,
OPTSTK,PIDILITIND,24-Sep-2020,1580,PE,0,0,0,242.55,204.4,0,0,0,0,06-JUL-2020,
OPTSTK,PIDILITIND,24-Sep-2020,1600,PE,0,0,0,257.45,220.55,0,0,0,0,06-JUL-2020,
OPTSTK,PIDILITIND,24-Sep-2020,1620,PE,0,0,0,272.65,237.1,0,0,0,0,06-JUL-2020,
OPTSTK,PIDILITIND,24-Sep-2020,1640,PE,0,0,0,288.15,254,0,0,0,0,06-JUL-2020,
OPTSTK,PIDILITIND,24-Sep-2020,1660,PE,0,0,0,303.95,271.3,0,0,0,0,06-JUL-2020,
OPTSTK,PIDILITIND,24-Sep-2020,1680,PE,0,0,0,320,288.85,0,0,0,0,06-JUL-2020,
OPTSTK,PIDILITIND,24-Sep-2020,1700,PE,0,0,0,336.35,306.7,0,0,0,0,06-JUL-2020,
OPTSTK,PIDILITIND,24-Sep-2020,1720,PE,0,0,0,352.95,324.85,0,0,0,0,06-JUL-2020,
OPTSTK,PIDILITIND,24-Sep-2020,1740,PE,0,0,0,369.8,343.15,0,0,0,0,06-JUL-2020,
OPTSTK,PIDILITIND,24-Sep-2020,1760,PE,0,0,0,386.85,361.7,0,0,0,0,06-JUL-2020,
OPTSTK,PNB,30-Jul-2020,19,CE,0,0,0,13.65,18.15,0,0,0,0,06-JUL-2020,
OPTSTK,PNB,30-Jul-2020,20,CE,0,0,0,12.75,17.15,0,0,0,0,06-JUL-2020,
OPTSTK,PNB,30-Jul-2020,21,CE,0,0,0,11.85,16.15,0,0,0,0,06-JUL-2020,
OPTSTK,PNB,30-Jul-2020,22,CE,0,0,0,10.95,15.15,0,0,0,0,06-JUL-2020,
OPTSTK,PNB,30-Jul-2020,23,CE,0,0,0,10.1,14.15,0,0,0,0,06-JUL-2020,
OPTSTK,PNB,30-Jul-2020,24,CE,0,0,0,9.3,13.15,0,0,0,0,06-JUL-2020,
OPTSTK,PNB,30-Jul-2020,25,CE,0,0,0,8.5,12.15,0,0,0,0,06-JUL-2020,
OPTSTK,PNB,30-Jul-2020,26,CE,0,0,0,7.75,11.2,0,0,0,0,06-JUL-2020,
OPTSTK,PNB,30-Jul-2020,27,CE,0,0,0,7.05,10.2,0,0,0,0,06-JUL-2020,
OPTSTK,PNB,30-Jul-2020,28,CE,0,0,0,9.8,9.2,0,0,42000,0,06-JUL-2020,
OPTSTK,PNB,30-Jul-2020,29,CE,0,0,0,6.7,8.2,0,0,14000,0,06-JUL-2020,
OPTSTK,PNB,30-Jul-2020,30,CE,6.7,7.2,6.6,7.2,7.25,5,25.73,126000,-42000,06-JUL-2020,
OPTSTK,PNB,30-Jul-2020,31,CE,0,0,0,4.9,6.35,0,0,14000,0,06-JUL-2020,
OPTSTK,PNB,30-Jul-2020,32,CE,5.75,5.75,5.7,5.75,5.45,4,21.13,126000,-28000,06-JUL-2020,
OPTSTK,PNB,30-Jul-2020,33,CE,4.6,4.7,4.3,4.3,4.6,4,21,392000,14000,06-JUL-2020,
OPTSTK,PNB,30-Jul-2020,34,CE,3.9,3.9,3.65,3.65,3.8,2,10.57,112000,-14000,06-JUL-2020,
OPTSTK,PNB,30-Jul-2020,35,CE,3.45,3.95,3,3.85,3.85,30,162.12,1246000,28000,06-JUL-2020,
OPTSTK,PNB,30-Jul-2020,36,CE,2.55,3.4,2.55,3.3,3.3,28,152.91,770000,-70000,06-JUL-2020,
OPTSTK,PNB,30-Jul-2020,37,CE,2.4,2.85,2.05,2.8,2.8,115,637.92,1176000,224000,06-JUL-2020,
OPTSTK,PNB,30-Jul-2020,38,CE,1.95,2.45,1.8,2.4,2.4,302,1703.65,2548000,1330000,06-JUL-2020,
OPTSTK,PNB,30-Jul-2020,39,CE,1.65,2.05,1.4,2,2,49,280.14,1274000,-70000,06-JUL-2020,
OPTSTK,PNB,30-Jul-2020,40,CE,1.25,1.7,1.25,1.65,1.65,623,3622.12,9716000,-364000,06-JUL-2020,
OPTSTK,PNB,30-Jul-2020,41,CE,1.15,1.4,1,1.35,1.35,13,76.83,756000,28000,06-JUL-2020,
OPTSTK,PNB,30-Jul-2020,42,CE,0.95,1.15,0.85,1.1,1.1,45,271.12,1456000,154000,06-JUL-2020,
OPTSTK,PNB,30-Jul-2020,43,CE,0.65,0.95,0.65,0.9,0.9,22,135.05,280000,126000,06-JUL-2020,
OPTSTK,PNB,30-Jul-2020,44,CE,0.65,0.75,0.65,0.75,0.75,4,25.04,140000,0,06-JUL-2020,
OPTSTK,PNB,30-Jul-2020,45,CE,0.45,0.6,0.45,0.6,0.6,89,567.39,3122000,28000,06-JUL-2020,
OPTSTK,PNB,30-Jul-2020,46,CE,0.45,0.5,0.45,0.45,0.1,3,19.51,392000,28000,06-JUL-2020,
OPTSTK,PNB,30-Jul-2020,47,CE,0.35,0.4,0.35,0.4,0.4,4,26.53,308000,28000,06-JUL-2020,
OPTSTK,PNB,30-Jul-2020,48,CE,0.25,0.35,0.25,0.3,0.3,30,202.77,2100000,112000,06-JUL-2020,
OPTSTK,PNB,30-Jul-2020,19,PE,0.1,0.1,0.05,0.1,0.1,4,10.68,28000,28000,06-JUL-2020,
OPTSTK,PNB,30-Jul-2020,20,PE,0,0,0,0.1,0.05,0,0,42000,0,06-JUL-2020,
OPTSTK,PNB,30-Jul-2020,21,PE,0,0,0,0.5,0.05,0,0,14000,0,06-JUL-2020,
OPTSTK,PNB,30-Jul-2020,22,PE,0,0,0,0.1,0.05,0,0,14000,0,06-JUL-2020,
OPTSTK,PNB,30-Jul-2020,23,PE,0,0,0,0.1,0.05,0,0,70000,0,06-JUL-2020,
OPTSTK,PNB,30-Jul-2020,24,PE,0,0,0,0.2,0.05,0,0,0,0,06-JUL-2020,
OPTSTK,PNB,30-Jul-2020,25,PE,0,0,0,0.15,0.05,0,0,308000,0,06-JUL-2020,
OPTSTK,PNB,30-Jul-2020,26,PE,0,0,0,0.15,0.05,0,0,70000,0,06-JUL-2020,
OPTSTK,PNB,30-Jul-2020,27,PE,0.1,0.1,0.1,0.1,0.05,1,3.79,294000,0,06-JUL-2020,
OPTSTK,PNB,30-Jul-2020,28,PE,0.2,0.2,0.15,0.2,0.2,7,27.6,294000,-14000,06-JUL-2020,
OPTSTK,PNB,30-Jul-2020,29,PE,0.25,0.25,0.25,0.25,0.25,3,12.28,182000,-14000,06-JUL-2020,
OPTSTK,PNB,30-Jul-2020,30,PE,0.35,0.4,0.3,0.35,0.35,32,135.98,2086000,-42000,06-JUL-2020,
OPTSTK,PNB,30-Jul-2020,31,PE,0.85,0.85,0.45,0.5,0.5,35,154.35,1050000,-168000,06-JUL-2020,
OPTSTK,PNB,30-Jul-2020,32,PE,0.85,0.85,0.6,0.65,0.65,43,196.74,1134000,98000,06-JUL-2020,
OPTSTK,PNB,30-Jul-2020,33,PE,1,1,0.85,0.95,0.95,28,133.03,1400000,70000,06-JUL-2020,
OPTSTK,PNB,30-Jul-2020,34,PE,1.3,1.35,1.1,1.15,1.15,58,285.64,1134000,378000,06-JUL-2020,
OPTSTK,PNB,30-Jul-2020,35,PE,1.8,1.8,1.5,1.55,1.55,115,589.81,2002000,490000,06-JUL-2020,
OPTSTK,PNB,30-Jul-2020,36,PE,2.35,2.35,1.9,2,2,37,197.18,630000,168000,06-JUL-2020,
OPTSTK,PNB,30-Jul-2020,37,PE,2.8,2.8,2.4,2.55,2.55,26,143.71,658000,182000,06-JUL-2020,
OPTSTK,PNB,30-Jul-2020,38,PE,3.3,3.45,2.95,3.1,3.1,25,144.2,364000,42000,06-JUL-2020,
OPTSTK,PNB,30-Jul-2020,39,PE,4,4.25,3.7,3.7,3.7,14,84.08,140000,-84000,06-JUL-2020,
OPTSTK,PNB,30-Jul-2020,40,PE,0,0,0,5.1,3.65,0,0,266000,0,06-JUL-2020,
OPTSTK,PNB,30-Jul-2020,41,PE,0,0,0,5.85,4.4,0,0,14000,0,06-JUL-2020,
OPTSTK,PNB,30-Jul-2020,42,PE,0,0,0,6.6,5.25,0,0,28000,0,06-JUL-2020,
OPTSTK,PNB,30-Jul-2020,43,PE,0,0,0,11.3,6.1,0,0,0,0,06-JUL-2020,
OPTSTK,PNB,30-Jul-2020,44,PE,0,0,0,12.15,7,0,0,0,0,06-JUL-2020,
OPTSTK,PNB,30-Jul-2020,45,PE,0,0,0,9.2,7.9,0,0,14000,0,06-JUL-2020,
OPTSTK,PNB,30-Jul-2020,46,PE,0,0,0,13.9,8.85,0,0,0,0,06-JUL-2020,
OPTSTK,PNB,30-Jul-2020,47,PE,0,0,0,14.8,9.85,0,0,0,0,06-JUL-2020,
OPTSTK,PNB,30-Jul-2020,48,PE,0,0,0,13.7,10.8,0,0,154000,0,06-JUL-2020,
OPTSTK,PNB,27-Aug-2020,19,CE,0,0,0,8.35,18.2,0,0,0,0,06-JUL-2020,
OPTSTK,PNB,27-Aug-2020,20,CE,0,0,0,7.55,17.2,0,0,0,0,06-JUL-2020,
OPTSTK,PNB,27-Aug-2020,21,CE,0,0,0,6.75,16.25,0,0,0,0,06-JUL-2020,
OPTSTK,PNB,27-Aug-2020,22,CE,0,0,0,6.05,15.25,0,0,0,0,06-JUL-2020,
OPTSTK,PNB,27-Aug-2020,23,CE,0,0,0,5.35,14.25,0,0,0,0,06-JUL-2020,
OPTSTK,PNB,27-Aug-2020,24,CE,0,0,0,4.75,13.25,0,0,0,0,06-JUL-2020,
OPTSTK,PNB,27-Aug-2020,25,CE,0,0,0,4.15,12.3,0,0,0,0,06-JUL-2020,
OPTSTK,PNB,27-Aug-2020,26,CE,0,0,0,3.65,11.3,0,0,0,0,06-JUL-2020,
OPTSTK,PNB,27-Aug-2020,27,CE,0,0,0,3.2,10.35,0,0,0,0,06-JUL-2020,
OPTSTK,PNB,27-Aug-2020,28,CE,0,0,0,2.75,9.4,0,0,0,0,06-JUL-2020,
OPTSTK,PNB,27-Aug-2020,29,CE,0,0,0,2.4,8.5,0,0,0,0,06-JUL-2020,
OPTSTK,PNB,27-Aug-2020,30,CE,0,0,0,2.05,7.65,0,0,0,0,06-JUL-2020,
OPTSTK,PNB,27-Aug-2020,31,CE,0,0,0,1.8,6.8,0,0,0,0,06-JUL-2020,
OPTSTK,PNB,27-Aug-2020,32,CE,0,0,0,1.55,6,0,0,0,0,06-JUL-2020,
OPTSTK,PNB,27-Aug-2020,33,CE,0,0,0,1.3,5.3,0,0,0,0,06-JUL-2020,
OPTSTK,PNB,27-Aug-2020,34,CE,0,0,0,1.15,4.6,0,0,0,0,06-JUL-2020,
OPTSTK,PNB,27-Aug-2020,35,CE,0,0,0,3.9,3.95,0,0,84000,0,06-JUL-2020,
OPTSTK,PNB,27-Aug-2020,36,CE,0,0,0,3.5,3.4,0,0,14000,0,06-JUL-2020,
OPTSTK,PNB,27-Aug-2020,37,CE,0,0,0,3.25,2.9,0,0,28000,0,06-JUL-2020,
OPTSTK,PNB,27-Aug-2020,38,CE,0,0,0,0.6,2.45,0,0,0,0,06-JUL-2020,
OPTSTK,PNB,27-Aug-2020,39,CE,0,0,0,4.4,2.05,0,0,0,0,06-JUL-2020,
OPTSTK,PNB,27-Aug-2020,40,CE,0,0,0,2.6,1.7,0,0,14000,0,06-JUL-2020,
OPTSTK,PNB,27-Aug-2020,41,CE,0,0,0,2.2,1.4,0,0,14000,0,06-JUL-2020,
OPTSTK,PNB,27-Aug-2020,42,CE,1.8,1.8,1.8,1.8,1.15,1,6.13,28000,14000,06-JUL-2020,
OPTSTK,PNB,27-Aug-2020,43,CE,2,2,2,2,0.95,1,6.3,28000,14000,06-JUL-2020,
OPTSTK,PNB,27-Aug-2020,44,CE,0,0,0,1.1,0.75,0,0,0,0,06-JUL-2020,
OPTSTK,PNB,27-Aug-2020,19,PE,0,0,0,0.2,0.05,0,0,70000,0,06-JUL-2020,
OPTSTK,PNB,27-Aug-2020,20,PE,0,0,0,0.55,0.05,0,0,0,0,06-JUL-2020,
OPTSTK,PNB,27-Aug-2020,21,PE,0,0,0,0.75,0.05,0,0,0,0,06-JUL-2020,
OPTSTK,PNB,27-Aug-2020,22,PE,0,0,0,1,0.05,0,0,0,0,06-JUL-2020,
OPTSTK,PNB,27-Aug-2020,23,PE,0,0,0,1.35,0.05,0,0,0,0,06-JUL-2020,
OPTSTK,PNB,27-Aug-2020,24,PE,0,0,0,1.7,0.05,0,0,0,0,06-JUL-2020,
OPTSTK,PNB,27-Aug-2020,25,PE,0,0,0,2.1,0.05,0,0,0,0,06-JUL-2020,
OPTSTK,PNB,27-Aug-2020,26,PE,0,0,0,0.7,0.05,0,0,0,0,06-JUL-2020,
OPTSTK,PNB,27-Aug-2020,27,PE,0,0,0,3.1,0.1,0,0,0,0,06-JUL-2020,
OPTSTK,PNB,27-Aug-2020,28,PE,0,0,0,1,0.15,0,0,14000,0,06-JUL-2020,
OPTSTK,PNB,27-Aug-2020,29,PE,0,0,0,4.3,0.25,0,0,0,0,06-JUL-2020,
OPTSTK,PNB,27-Aug-2020,30,PE,0,0,0,1.6,0.35,0,0,28000,0,06-JUL-2020,
OPTSTK,PNB,27-Aug-2020,31,PE,0,0,0,5.65,0.5,0,0,0,0,06-JUL-2020,
OPTSTK,PNB,27-Aug-2020,32,PE,0,0,0,1.6,0.7,0,0,84000,0,06-JUL-2020,
OPTSTK,PNB,27-Aug-2020,33,PE,0,0,0,7.15,1,0,0,0,0,06-JUL-2020,
OPTSTK,PNB,27-Aug-2020,34,PE,0,0,0,7.95,1.3,0,0,0,0,06-JUL-2020,
OPTSTK,PNB,27-Aug-2020,35,PE,0,0,0,3.55,1.65,0,0,28000,0,06-JUL-2020,
OPTSTK,PNB,27-Aug-2020,36,PE,0,0,0,9.65,2.1,0,0,0,0,06-JUL-2020,
OPTSTK,PNB,27-Aug-2020,37,PE,0,0,0,10.5,2.55,0,0,0,0,06-JUL-2020,
OPTSTK,PNB,27-Aug-2020,38,PE,0,0,0,11.4,3.1,0,0,0,0,06-JUL-2020,
OPTSTK,PNB,27-Aug-2020,39,PE,0,0,0,12.3,3.7,0,0,0,0,06-JUL-2020,
OPTSTK,PNB,27-Aug-2020,40,PE,0,0,0,11,4.35,0,0,0,0,06-JUL-2020,
OPTSTK,PNB,27-Aug-2020,41,PE,0,0,0,11.9,5.05,0,0,0,0,06-JUL-2020,
OPTSTK,PNB,27-Aug-2020,42,PE,0,0,0,12,5.8,0,0,0,0,06-JUL-2020,
OPTSTK,PNB,27-Aug-2020,43,PE,0,0,0,12.25,6.6,0,0,0,0,06-JUL-2020,
OPTSTK,PNB,27-Aug-2020,44,PE,0,0,0,10.85,7.4,0,0,0,0,06-JUL-2020,
OPTSTK,PNB,24-Sep-2020,23,CE,0,0,0,14.6,14.35,0,0,0,0,06-JUL-2020,
OPTSTK,PNB,24-Sep-2020,24,CE,0,0,0,13.65,13.4,0,0,0,0,06-JUL-2020,
OPTSTK,PNB,24-Sep-2020,25,CE,0,0,0,12.8,12.45,0,0,0,0,06-JUL-2020,
OPTSTK,PNB,24-Sep-2020,26,CE,0,0,0,11.95,11.5,0,0,0,0,06-JUL-2020,
OPTSTK,PNB,24-Sep-2020,27,CE,0,0,0,11.1,10.6,0,0,0,0,06-JUL-2020,
OPTSTK,PNB,24-Sep-2020,28,CE,0,0,0,10.3,9.7,0,0,0,0,06-JUL-2020,
OPTSTK,PNB,24-Sep-2020,29,CE,0,0,0,9.55,8.85,0,0,0,0,06-JUL-2020,
OPTSTK,PNB,24-Sep-2020,30,CE,0,0,0,8.8,8.05,0,0,0,0,06-JUL-2020,
OPTSTK,PNB,24-Sep-2020,31,CE,0,0,0,8.1,7.3,0,0,0,0,06-JUL-2020,
OPTSTK,PNB,24-Sep-2020,32,CE,0,0,0,7.45,6.55,0,0,0,0,06-JUL-2020,
OPTSTK,PNB,24-Sep-2020,33,CE,0,0,0,6.8,5.85,0,0,0,0,06-JUL-2020,
OPTSTK,PNB,24-Sep-2020,34,CE,0,0,0,6.25,5.25,0,0,0,0,06-JUL-2020,
OPTSTK,PNB,24-Sep-2020,35,CE,0,0,0,5.7,4.65,0,0,0,0,06-JUL-2020,
OPTSTK,PNB,24-Sep-2020,36,CE,0,0,0,5.2,4.1,0,0,0,0,06-JUL-2020,
OPTSTK,PNB,24-Sep-2020,37,CE,0,0,0,4.7,3.6,0,0,0,0,06-JUL-2020,
OPTSTK,PNB,24-Sep-2020,38,CE,0,0,0,4.3,3.15,0,0,0,0,06-JUL-2020,
OPTSTK,PNB,24-Sep-2020,39,CE,0,0,0,3.85,2.75,0,0,0,0,06-JUL-2020,
OPTSTK,PNB,24-Sep-2020,40,CE,0,0,0,3.5,2.4,0,0,0,0,06-JUL-2020,
OPTSTK,PNB,24-Sep-2020,41,CE,0,0,0,3.15,2.05,0,0,0,0,06-JUL-2020,
OPTSTK,PNB,24-Sep-2020,42,CE,0,0,0,2.85,1.8,0,0,0,0,06-JUL-2020,
OPTSTK,PNB,24-Sep-2020,43,CE,0,0,0,2.55,1.55,0,0,0,0,06-JUL-2020,
OPTSTK,PNB,24-Sep-2020,44,CE,0,0,0,2.3,1.3,0,0,0,0,06-JUL-2020,
OPTSTK,PNB,24-Sep-2020,23,PE,0,0,0,0.2,0.05,0,0,0,0,06-JUL-2020,
OPTSTK,PNB,24-Sep-2020,24,PE,0,0,0,0.3,0.05,0,0,0,0,06-JUL-2020,
OPTSTK,PNB,24-Sep-2020,25,PE,0,0,0,0.4,0.1,0,0,0,0,06-JUL-2020,
OPTSTK,PNB,24-Sep-2020,26,PE,0,0,0,0.5,0.15,0,0,0,0,06-JUL-2020,
OPTSTK,PNB,24-Sep-2020,27,PE,0,0,0,0.7,0.25,0,0,0,0,06-JUL-2020,
OPTSTK,PNB,24-Sep-2020,28,PE,0,0,0,0.85,0.35,0,0,0,0,06-JUL-2020,
OPTSTK,PNB,24-Sep-2020,29,PE,0,0,0,1.1,0.5,0,0,0,0,06-JUL-2020,
OPTSTK,PNB,24-Sep-2020,30,PE,0,0,0,1.35,0.7,0,0,0,0,06-JUL-2020,
OPTSTK,PNB,24-Sep-2020,31,PE,0,0,0,1.65,0.9,0,0,0,0,06-JUL-2020,
OPTSTK,PNB,24-Sep-2020,32,PE,0,0,0,1.95,1.15,0,0,0,0,06-JUL-2020,
OPTSTK,PNB,24-Sep-2020,33,PE,0,0,0,2.35,1.45,0,0,0,0,06-JUL-2020,
OPTSTK,PNB,24-Sep-2020,34,PE,0,0,0,2.75,1.8,0,0,0,0,06-JUL-2020,
OPTSTK,PNB,24-Sep-2020,35,PE,0,0,0,3.2,2.2,0,0,0,0,06-JUL-2020,
OPTSTK,PNB,24-Sep-2020,36,PE,0,0,0,3.65,2.65,0,0,0,0,06-JUL-2020,
OPTSTK,PNB,24-Sep-2020,37,PE,0,0,0,4.2,3.15,0,0,0,0,06-JUL-2020,
OPTSTK,PNB,24-Sep-2020,38,PE,0,0,0,4.75,3.7,0,0,0,0,06-JUL-2020,
OPTSTK,PNB,24-Sep-2020,39,PE,0,0,0,5.3,4.3,0,0,0,0,06-JUL-2020,
OPTSTK,PNB,24-Sep-2020,40,PE,0,0,0,5.95,4.9,0,0,0,0,06-JUL-2020,
OPTSTK,PNB,24-Sep-2020,41,PE,0,0,0,6.6,5.6,0,0,0,0,06-JUL-2020,
OPTSTK,PNB,24-Sep-2020,42,PE,0,0,0,7.25,6.3,0,0,0,0,06-JUL-2020,
OPTSTK,PNB,24-Sep-2020,43,PE,0,0,0,7.95,7.05,0,0,0,0,06-JUL-2020,
OPTSTK,PNB,24-Sep-2020,44,PE,0,0,0,8.7,7.8,0,0,0,0,06-JUL-2020,
OPTSTK,POWERGRID,30-Jul-2020,120,CE,0,0,0,45.3,58.35,0,0,0,0,06-JUL-2020,
OPTSTK,POWERGRID,30-Jul-2020,122.5,CE,0,0,0,36.55,55.85,0,0,0,0,06-JUL-2020,
OPTSTK,POWERGRID,30-Jul-2020,125,CE,0,0,0,41.1,53.35,0,0,0,0,06-JUL-2020,
OPTSTK,POWERGRID,30-Jul-2020,127.5,CE,0,0,0,32.1,50.85,0,0,0,0,06-JUL-2020,
OPTSTK,POWERGRID,30-Jul-2020,130,CE,0,0,0,37.1,48.35,0,0,0,0,06-JUL-2020,
OPTSTK,POWERGRID,30-Jul-2020,132.5,CE,0,0,0,27.85,45.85,0,0,0,0,06-JUL-2020,
OPTSTK,POWERGRID,30-Jul-2020,135,CE,0,0,0,33.3,43.4,0,0,0,0,06-JUL-2020,
OPTSTK,POWERGRID,30-Jul-2020,137.5,CE,0,0,0,23.9,40.9,0,0,0,0,06-JUL-2020,
OPTSTK,POWERGRID,30-Jul-2020,140,CE,0,0,0,29.7,38.4,0,0,0,0,06-JUL-2020,
OPTSTK,POWERGRID,30-Jul-2020,142.5,CE,0,0,0,20.55,35.9,0,0,8000,0,06-JUL-2020,
OPTSTK,POWERGRID,30-Jul-2020,145,CE,0,0,0,26.4,33.45,0,0,0,0,06-JUL-2020,
OPTSTK,POWERGRID,30-Jul-2020,147.5,CE,0,0,0,16.95,30.95,0,0,0,0,06-JUL-2020,
OPTSTK,POWERGRID,30-Jul-2020,150,CE,0,0,0,23.35,28.5,0,0,0,0,06-JUL-2020,
OPTSTK,POWERGRID,30-Jul-2020,152.5,CE,0,0,0,14,26.05,0,0,0,0,06-JUL-2020,
OPTSTK,POWERGRID,30-Jul-2020,155,CE,0,0,0,20.55,23.65,0,0,0,0,06-JUL-2020,
OPTSTK,POWERGRID,30-Jul-2020,157.5,CE,0,0,0,11.45,21.3,0,0,0,0,06-JUL-2020,
OPTSTK,POWERGRID,30-Jul-2020,160,CE,0,0,0,15.5,19,0,0,88000,0,06-JUL-2020,
OPTSTK,POWERGRID,30-Jul-2020,162.5,CE,0,0,0,10.05,16.8,0,0,4000,0,06-JUL-2020,
OPTSTK,POWERGRID,30-Jul-2020,165,CE,14.9,14.9,14.9,14.9,14.7,1,7.19,16000,0,06-JUL-2020,
OPTSTK,POWERGRID,30-Jul-2020,167.5,CE,0,0,0,7.35,12.7,0,0,0,0,06-JUL-2020,
OPTSTK,POWERGRID,30-Jul-2020,170,CE,10.1,11.35,10.1,11.35,11.35,6,43.34,112000,0,06-JUL-2020,
OPTSTK,POWERGRID,30-Jul-2020,172.5,CE,8.05,9.5,8.05,9.5,9.15,6,43.54,64000,-12000,06-JUL-2020,
OPTSTK,POWERGRID,30-Jul-2020,175,CE,7.4,8.1,6.75,7.85,7.85,71,518.55,216000,-112000,06-JUL-2020,
OPTSTK,POWERGRID,30-Jul-2020,177.5,CE,6.2,6.75,5.5,6.75,6.3,19,139.66,104000,4000,06-JUL-2020,
OPTSTK,POWERGRID,30-Jul-2020,180,CE,5.3,5.65,4.4,5.45,5.45,148,1096.05,856000,-64000,06-JUL-2020,
OPTSTK,POWERGRID,30-Jul-2020,182.5,CE,4.1,4.6,3.8,4.45,4.45,16,119.46,68000,4000,06-JUL-2020,
OPTSTK,POWERGRID,30-Jul-2020,185,CE,3.4,3.7,2.9,3.65,3.65,52,391.9,332000,-40000,06-JUL-2020,
OPTSTK,POWERGRID,30-Jul-2020,187.5,CE,2.65,2.95,2.3,2.95,2.95,7,53.23,56000,0,06-JUL-2020,
OPTSTK,POWERGRID,30-Jul-2020,190,CE,2.15,2.5,1.8,2.4,2.4,171,1314.66,652000,88000,06-JUL-2020,
OPTSTK,POWERGRID,30-Jul-2020,192.5,CE,1.55,1.9,1.55,1.8,1.45,9,69.94,84000,0,06-JUL-2020,
OPTSTK,POWERGRID,30-Jul-2020,195,CE,1.3,1.55,1.2,1.5,1.5,17,133.56,140000,-12000,06-JUL-2020,
OPTSTK,POWERGRID,30-Jul-2020,197.5,CE,1.45,1.45,1.45,1.45,0.8,1,7.95,8000,-4000,06-JUL-2020,
OPTSTK,POWERGRID,30-Jul-2020,200,CE,1,1,0.75,0.9,0.9,59,474.13,1268000,60000,06-JUL-2020,
OPTSTK,POWERGRID,30-Jul-2020,202.5,CE,0,0,0,2.05,0.4,0,0,12000,0,06-JUL-2020,
OPTSTK,POWERGRID,30-Jul-2020,205,CE,0,0,0,0.4,0.3,0,0,8000,0,06-JUL-2020,
OPTSTK,POWERGRID,30-Jul-2020,207.5,CE,0,0,0,0.85,0.2,0,0,0,0,06-JUL-2020,
OPTSTK,POWERGRID,30-Jul-2020,210,CE,0.35,0.4,0.3,0.4,0.4,13,109.39,324000,-8000,06-JUL-2020,
OPTSTK,POWERGRID,30-Jul-2020,212.5,CE,0,0,0,0.65,0.1,0,0,0,0,06-JUL-2020,
OPTSTK,POWERGRID,30-Jul-2020,215,CE,0,0,0,3.3,0.05,0,0,0,0,06-JUL-2020,
OPTSTK,POWERGRID,30-Jul-2020,217.5,CE,0,0,0,0.45,0.05,0,0,0,0,06-JUL-2020,
OPTSTK,POWERGRID,30-Jul-2020,220,CE,0.25,0.25,0.15,0.2,0.05,5,44.04,36000,16000,06-JUL-2020,
OPTSTK,POWERGRID,30-Jul-2020,222.5,CE,0,0,0,0.3,0.05,0,0,0,0,06-JUL-2020,
OPTSTK,POWERGRID,30-Jul-2020,225,CE,0,0,0,2.3,0.05,0,0,0,0,06-JUL-2020,
OPTSTK,POWERGRID,30-Jul-2020,227.5,CE,0,0,0,0.3,0.05,0,0,0,0,06-JUL-2020,
OPTSTK,POWERGRID,30-Jul-2020,230,CE,0.05,0.05,0.05,0.05,0.05,1,9.2,244000,0,06-JUL-2020,
OPTSTK,POWERGRID,30-Jul-2020,120,PE,0,0,0,0.1,0.05,0,0,16000,0,06-JUL-2020,
OPTSTK,POWERGRID,30-Jul-2020,122.5,PE,0,0,0,0.75,0.05,0,0,0,0,06-JUL-2020,
OPTSTK,POWERGRID,30-Jul-2020,125,PE,0,0,0,2.45,0.05,0,0,0,0,06-JUL-2020,
OPTSTK,POWERGRID,30-Jul-2020,127.5,PE,0,0,0,1.25,0.05,0,0,0,0,06-JUL-2020,
OPTSTK,POWERGRID,30-Jul-2020,130,PE,0,0,0,3.4,0.05,0,0,0,0,06-JUL-2020,
OPTSTK,POWERGRID,30-Jul-2020,132.5,PE,0,0,0,2,0.05,0,0,0,0,06-JUL-2020,
OPTSTK,POWERGRID,30-Jul-2020,135,PE,0,0,0,4.5,0.05,0,0,0,0,06-JUL-2020,
OPTSTK,POWERGRID,30-Jul-2020,137.5,PE,0,0,0,3,0.05,0,0,0,0,06-JUL-2020,
OPTSTK,POWERGRID,30-Jul-2020,140,PE,0,0,0,5.9,0.05,0,0,0,0,06-JUL-2020,
OPTSTK,POWERGRID,30-Jul-2020,142.5,PE,0,0,0,4.3,0.05,0,0,0,0,06-JUL-2020,
OPTSTK,POWERGRID,30-Jul-2020,145,PE,0,0,0,7.5,0.05,0,0,0,0,06-JUL-2020,
OPTSTK,POWERGRID,30-Jul-2020,147.5,PE,0,0,0,5.95,0.05,0,0,0,0,06-JUL-2020,
OPTSTK,POWERGRID,30-Jul-2020,150,PE,0,0,0,0.3,0.1,0,0,292000,0,06-JUL-2020,
OPTSTK,POWERGRID,30-Jul-2020,152.5,PE,0,0,0,8,0.15,0,0,0,0,06-JUL-2020,
OPTSTK,POWERGRID,30-Jul-2020,155,PE,0,0,0,1,0.25,0,0,28000,0,06-JUL-2020,
OPTSTK,POWERGRID,30-Jul-2020,157.5,PE,0,0,0,10.35,0.35,0,0,0,0,06-JUL-2020,
OPTSTK,POWERGRID,30-Jul-2020,160,PE,1,1,0.75,0.8,0.8,22,141.61,676000,16000,06-JUL-2020,
OPTSTK,POWERGRID,30-Jul-2020,162.5,PE,1.4,1.4,1.4,1.4,0.85,1,6.55,40000,0,06-JUL-2020,
OPTSTK,POWERGRID,30-Jul-2020,165,PE,1.7,1.9,1.4,1.45,1.45,33,219.96,348000,32000,06-JUL-2020,
OPTSTK,POWERGRID,30-Jul-2020,167.5,PE,2.45,2.45,1.95,1.95,1.75,3,20.36,76000,0,06-JUL-2020,
OPTSTK,POWERGRID,30-Jul-2020,170,PE,3.1,3.35,2.5,2.55,2.55,45,311.15,284000,32000,06-JUL-2020,
OPTSTK,POWERGRID,30-Jul-2020,172.5,PE,3.7,3.7,3.35,3.35,3.2,15,105.64,56000,0,06-JUL-2020,
OPTSTK,POWERGRID,30-Jul-2020,175,PE,5,5.35,4.2,4.3,4.3,35,251.33,244000,36000,06-JUL-2020,
OPTSTK,POWERGRID,30-Jul-2020,177.5,PE,5.8,5.9,5.35,5.4,5.4,23,168.49,100000,4000,06-JUL-2020,
OPTSTK,POWERGRID,30-Jul-2020,180,PE,8,8,6.8,6.85,6.85,7,52.45,616000,4000,06-JUL-2020,
OPTSTK,POWERGRID,30-Jul-2020,182.5,PE,8.4,8.4,8.4,8.4,8.4,1,7.63,12000,0,06-JUL-2020,
OPTSTK,POWERGRID,30-Jul-2020,185,PE,0,0,0,10.9,9.7,0,0,32000,0,06-JUL-2020,
OPTSTK,POWERGRID,30-Jul-2020,187.5,PE,0,0,0,31.35,11.45,0,0,0,0,06-JUL-2020,
OPTSTK,POWERGRID,30-Jul-2020,190,PE,14,14,14,14,13.4,1,8.16,8000,4000,06-JUL-2020,
OPTSTK,POWERGRID,30-Jul-2020,192.5,PE,0,0,0,35.65,15.4,0,0,0,0,06-JUL-2020,
OPTSTK,POWERGRID,30-Jul-2020,195,PE,0,0,0,36.85,17.55,0,0,0,0,06-JUL-2020,
OPTSTK,POWERGRID,30-Jul-2020,197.5,PE,0,0,0,40.1,19.75,0,0,0,0,06-JUL-2020,
OPTSTK,POWERGRID,30-Jul-2020,200,PE,0,0,0,40.8,22,0,0,0,0,06-JUL-2020,
OPTSTK,POWERGRID,30-Jul-2020,202.5,PE,0,0,0,44.7,24.35,0,0,0,0,06-JUL-2020,
OPTSTK,POWERGRID,30-Jul-2020,205,PE,0,0,0,44.95,26.7,0,0,0,0,06-JUL-2020,
OPTSTK,POWERGRID,30-Jul-2020,207.5,PE,0,0,0,49.35,29.1,0,0,0,0,06-JUL-2020,
OPTSTK,POWERGRID,30-Jul-2020,210,PE,0,0,0,49.15,31.55,0,0,0,0,06-JUL-2020,
OPTSTK,POWERGRID,30-Jul-2020,212.5,PE,0,0,0,54.1,34,0,0,0,0,06-JUL-2020,
OPTSTK,POWERGRID,30-Jul-2020,215,PE,0,0,0,53.5,36.45,0,0,0,0,06-JUL-2020,
OPTSTK,POWERGRID,30-Jul-2020,217.5,PE,0,0,0,58.9,38.95,0,0,0,0,06-JUL-2020,
OPTSTK,POWERGRID,30-Jul-2020,220,PE,0,0,0,57.9,41.4,0,0,0,0,06-JUL-2020,
OPTSTK,POWERGRID,30-Jul-2020,222.5,PE,0,0,0,56.05,43.9,0,0,0,0,06-JUL-2020,
OPTSTK,POWERGRID,30-Jul-2020,225,PE,0,0,0,62.4,46.4,0,0,0,0,06-JUL-2020,
OPTSTK,POWERGRID,30-Jul-2020,227.5,PE,0,0,0,56.9,48.85,0,0,0,0,06-JUL-2020,
OPTSTK,POWERGRID,30-Jul-2020,230,PE,0,0,0,67,51.35,0,0,0,0,06-JUL-2020,
OPTSTK,POWERGRID,27-Aug-2020,120,CE,0,0,0,39.9,58.75,0,0,0,0,06-JUL-2020,
OPTSTK,POWERGRID,27-Aug-2020,122.5,CE,0,0,0,37.7,56.25,0,0,0,0,06-JUL-2020,
OPTSTK,POWERGRID,27-Aug-2020,125,CE,0,0,0,35.6,53.75,0,0,0,0,06-JUL-2020,
OPTSTK,POWERGRID,27-Aug-2020,127.5,CE,0,0,0,33.5,51.3,0,0,0,0,06-JUL-2020,
OPTSTK,POWERGRID,27-Aug-2020,130,CE,0,0,0,31.5,48.8,0,0,0,0,06-JUL-2020,
OPTSTK,POWERGRID,27-Aug-2020,132.5,CE,0,0,0,29.5,46.35,0,0,0,0,06-JUL-2020,
OPTSTK,POWERGRID,27-Aug-2020,135,CE,0,0,0,27.65,43.85,0,0,0,0,06-JUL-2020,
OPTSTK,POWERGRID,27-Aug-2020,137.5,CE,0,0,0,25.8,41.4,0,0,0,0,06-JUL-2020,
OPTSTK,POWERGRID,27-Aug-2020,140,CE,0,0,0,24.05,39,0,0,0,0,06-JUL-2020,
OPTSTK,POWERGRID,27-Aug-2020,142.5,CE,0,0,0,22.35,36.55,0,0,0,0,06-JUL-2020,
OPTSTK,POWERGRID,27-Aug-2020,145,CE,0,0,0,20.75,34.2,0,0,0,0,06-JUL-2020,
OPTSTK,POWERGRID,27-Aug-2020,147.5,CE,0,0,0,19.25,31.8,0,0,0,0,06-JUL-2020,
OPTSTK,POWERGRID,27-Aug-2020,150,CE,0,0,0,17.8,29.5,0,0,0,0,06-JUL-2020,
OPTSTK,POWERGRID,27-Aug-2020,152.5,CE,0,0,0,16.4,27.25,0,0,0,0,06-JUL-2020,
OPTSTK,POWERGRID,27-Aug-2020,155,CE,0,0,0,15.15,25.05,0,0,0,0,06-JUL-2020,
OPTSTK,POWERGRID,27-Aug-2020,157.5,CE,0,0,0,13.9,22.9,0,0,0,0,06-JUL-2020,
OPTSTK,POWERGRID,27-Aug-2020,160,CE,0,0,0,12.75,20.85,0,0,0,0,06-JUL-2020,
OPTSTK,POWERGRID,27-Aug-2020,162.5,CE,0,0,0,11.7,18.9,0,0,0,0,06-JUL-2020,
OPTSTK,POWERGRID,27-Aug-2020,165,CE,0,0,0,10.7,17,0,0,0,0,06-JUL-2020,
OPTSTK,POWERGRID,27-Aug-2020,167.5,CE,0,0,0,9.75,15.25,0,0,0,0,06-JUL-2020,
OPTSTK,POWERGRID,27-Aug-2020,170,CE,0,0,0,8.9,13.6,0,0,0,0,06-JUL-2020,
OPTSTK,POWERGRID,27-Aug-2020,172.5,CE,0,0,0,8.1,12.05,0,0,0,0,06-JUL-2020,
OPTSTK,POWERGRID,27-Aug-2020,175,CE,0,0,0,7.35,10.6,0,0,0,0,06-JUL-2020,
OPTSTK,POWERGRID,27-Aug-2020,177.5,CE,0,0,0,6.65,9.3,0,0,0,0,06-JUL-2020,
OPTSTK,POWERGRID,27-Aug-2020,180,CE,0,0,0,6.05,8.1,0,0,0,0,06-JUL-2020,
OPTSTK,POWERGRID,27-Aug-2020,182.5,CE,0,0,0,5.45,7,0,0,0,0,06-JUL-2020,
OPTSTK,POWERGRID,27-Aug-2020,185,CE,0,0,0,8.05,6.05,0,0,4000,0,06-JUL-2020,
OPTSTK,POWERGRID,27-Aug-2020,187.5,CE,0,0,0,4.45,5.15,0,0,0,0,06-JUL-2020,
OPTSTK,POWERGRID,27-Aug-2020,190,CE,0,0,0,4,4.4,0,0,0,0,06-JUL-2020,
OPTSTK,POWERGRID,27-Aug-2020,192.5,CE,0,0,0,3.6,3.7,0,0,0,0,06-JUL-2020,
OPTSTK,POWERGRID,27-Aug-2020,195,CE,0,0,0,3.25,3.15,0,0,0,0,06-JUL-2020,
OPTSTK,POWERGRID,27-Aug-2020,197.5,CE,0,0,0,2.9,2.6,0,0,0,0,06-JUL-2020,
OPTSTK,POWERGRID,27-Aug-2020,200,CE,0,0,0,2.6,2.2,0,0,0,0,06-JUL-2020,
OPTSTK,POWERGRID,27-Aug-2020,202.5,CE,0,0,0,2.35,1.8,0,0,0,0,06-JUL-2020,
OPTSTK,POWERGRID,27-Aug-2020,205,CE,0,0,0,2.1,1.5,0,0,0,0,06-JUL-2020,
OPTSTK,POWERGRID,27-Aug-2020,207.5,CE,0,0,0,1.85,1.2,0,0,0,0,06-JUL-2020,
OPTSTK,POWERGRID,27-Aug-2020,210,CE,0,0,0,1.65,1,0,0,0,0,06-JUL-2020,
OPTSTK,POWERGRID,27-Aug-2020,212.5,CE,0,0,0,1.5,0.8,0,0,0,0,06-JUL-2020,
OPTSTK,POWERGRID,27-Aug-2020,215,CE,0,0,0,1.3,0.65,0,0,0,0,06-JUL-2020,
OPTSTK,POWERGRID,27-Aug-2020,217.5,CE,0,0,0,1.15,0.5,0,0,0,0,06-JUL-2020,
OPTSTK,POWERGRID,27-Aug-2020,120,PE,0,0,0,1.2,0.05,0,0,0,0,06-JUL-2020,
OPTSTK,POWERGRID,27-Aug-2020,122.5,PE,0,0,0,1.5,0.05,0,0,0,0,06-JUL-2020,
OPTSTK,POWERGRID,27-Aug-2020,125,PE,0,0,0,1.8,0.05,0,0,0,0,06-JUL-2020,
OPTSTK,POWERGRID,27-Aug-2020,127.5,PE,0,0,0,2.2,0.05,0,0,0,0,06-JUL-2020,
OPTSTK,POWERGRID,27-Aug-2020,130,PE,0,0,0,2.65,0.05,0,0,0,0,06-JUL-2020,
OPTSTK,POWERGRID,27-Aug-2020,132.5,PE,0,0,0,3.15,0.05,0,0,0,0,06-JUL-2020,
OPTSTK,POWERGRID,27-Aug-2020,135,PE,0,0,0,3.75,0.05,0,0,0,0,06-JUL-2020,
OPTSTK,POWERGRID,27-Aug-2020,137.5,PE,0,0,0,4.4,0.1,0,0,0,0,06-JUL-2020,
OPTSTK,POWERGRID,27-Aug-2020,140,PE,0,0,0,5.1,0.15,0,0,0,0,06-JUL-2020,
OPTSTK,POWERGRID,27-Aug-2020,142.5,PE,0,0,0,5.9,0.2,0,0,0,0,06-JUL-2020,
OPTSTK,POWERGRID,27-Aug-2020,145,PE,0,0,0,6.75,0.3,0,0,0,0,06-JUL-2020,
OPTSTK,POWERGRID,27-Aug-2020,147.5,PE,0,0,0,7.7,0.45,0,0,0,0,06-JUL-2020,
OPTSTK,POWERGRID,27-Aug-2020,150,PE,0,0,0,2,0.6,0,0,4000,0,06-JUL-2020,
OPTSTK,POWERGRID,27-Aug-2020,152.5,PE,0,0,0,9.8,0.8,0,0,0,0,06-JUL-2020,
OPTSTK,POWERGRID,27-Aug-2020,155,PE,0,0,0,11,1.1,0,0,0,0,06-JUL-2020,
OPTSTK,POWERGRID,27-Aug-2020,157.5,PE,0,0,0,12.25,1.45,0,0,0,0,06-JUL-2020,
OPTSTK,POWERGRID,27-Aug-2020,160,PE,0,0,0,13.55,1.9,0,0,0,0,06-JUL-2020,
OPTSTK,POWERGRID,27-Aug-2020,162.5,PE,0,0,0,14.95,2.4,0,0,0,0,06-JUL-2020,
OPTSTK,POWERGRID,27-Aug-2020,165,PE,0,0,0,16.45,3,0,0,0,0,06-JUL-2020,
OPTSTK,POWERGRID,27-Aug-2020,167.5,PE,0,0,0,18,3.75,0,0,0,0,06-JUL-2020,
OPTSTK,POWERGRID,27-Aug-2020,170,PE,0,0,0,19.6,4.55,0,0,0,0,06-JUL-2020,
OPTSTK,POWERGRID,27-Aug-2020,172.5,PE,0,0,0,21.25,5.5,0,0,0,0,06-JUL-2020,
OPTSTK,POWERGRID,27-Aug-2020,175,PE,0,0,0,22.95,6.55,0,0,0,0,06-JUL-2020,
OPTSTK,POWERGRID,27-Aug-2020,177.5,PE,0,0,0,24.75,7.7,0,0,0,0,06-JUL-2020,
OPTSTK,POWERGRID,27-Aug-2020,180,PE,0,0,0,26.6,9,0,0,0,0,06-JUL-2020,
OPTSTK,POWERGRID,27-Aug-2020,182.5,PE,0,0,0,28.5,10.4,0,0,0,0,06-JUL-2020,
OPTSTK,POWERGRID,27-Aug-2020,185,PE,0,0,0,30.45,11.9,0,0,0,0,06-JUL-2020,
OPTSTK,POWERGRID,27-Aug-2020,187.5,PE,0,0,0,32.4,13.55,0,0,0,0,06-JUL-2020,
OPTSTK,POWERGRID,27-Aug-2020,190,PE,0,0,0,34.45,15.25,0,0,0,0,06-JUL-2020,
OPTSTK,POWERGRID,27-Aug-2020,192.5,PE,0,0,0,36.5,17.05,0,0,0,0,06-JUL-2020,
OPTSTK,POWERGRID,27-Aug-2020,195,PE,0,0,0,38.6,18.95,0,0,0,0,06-JUL-2020,
OPTSTK,POWERGRID,27-Aug-2020,197.5,PE,0,0,0,40.75,20.9,0,0,0,0,06-JUL-2020,
OPTSTK,POWERGRID,27-Aug-2020,200,PE,0,0,0,42.9,22.95,0,0,0,0,06-JUL-2020,
OPTSTK,POWERGRID,27-Aug-2020,202.5,PE,0,0,0,45.1,25.1,0,0,0,0,06-JUL-2020,
OPTSTK,POWERGRID,27-Aug-2020,205,PE,0,0,0,47.35,27.25,0,0,0,0,06-JUL-2020,
OPTSTK,POWERGRID,27-Aug-2020,207.5,PE,0,0,0,49.6,29.45,0,0,0,0,06-JUL-2020,
OPTSTK,POWERGRID,27-Aug-2020,210,PE,0,0,0,51.85,31.7,0,0,0,0,06-JUL-2020,
OPTSTK,POWERGRID,27-Aug-2020,212.5,PE,0,0,0,54.15,34,0,0,0,0,06-JUL-2020,
OPTSTK,POWERGRID,27-Aug-2020,215,PE,0,0,0,56.45,36.35,0,0,0,0,06-JUL-2020,
OPTSTK,POWERGRID,27-Aug-2020,217.5,PE,0,0,0,58.8,38.7,0,0,0,0,06-JUL-2020,
OPTSTK,POWERGRID,24-Sep-2020,120,CE,0,0,0,60.95,59.15,0,0,0,0,06-JUL-2020,
OPTSTK,POWERGRID,24-Sep-2020,122.5,CE,0,0,0,58.55,56.65,0,0,0,0,06-JUL-2020,
OPTSTK,POWERGRID,24-Sep-2020,125,CE,0,0,0,56.15,54.2,0,0,0,0,06-JUL-2020,
OPTSTK,POWERGRID,24-Sep-2020,127.5,CE,0,0,0,53.8,51.75,0,0,0,0,06-JUL-2020,
OPTSTK,POWERGRID,24-Sep-2020,130,CE,0,0,0,51.45,49.3,0,0,0,0,06-JUL-2020,
OPTSTK,POWERGRID,24-Sep-2020,132.5,CE,0,0,0,49.1,46.9,0,0,0,0,06-JUL-2020,
OPTSTK,POWERGRID,24-Sep-2020,135,CE,0,0,0,46.85,44.5,0,0,0,0,06-JUL-2020,
OPTSTK,POWERGRID,24-Sep-2020,137.5,CE,0,0,0,44.55,42.1,0,0,0,0,06-JUL-2020,
OPTSTK,POWERGRID,24-Sep-2020,140,CE,0,0,0,42.35,39.75,0,0,0,0,06-JUL-2020,
OPTSTK,POWERGRID,24-Sep-2020,142.5,CE,0,0,0,40.2,37.45,0,0,0,0,06-JUL-2020,
OPTSTK,POWERGRID,24-Sep-2020,145,CE,0,0,0,38.05,35.15,0,0,0,0,06-JUL-2020,
OPTSTK,POWERGRID,24-Sep-2020,147.5,CE,0,0,0,36,32.9,0,0,0,0,06-JUL-2020,
OPTSTK,POWERGRID,24-Sep-2020,150,CE,0,0,0,33.95,30.7,0,0,0,0,06-JUL-2020,
OPTSTK,POWERGRID,24-Sep-2020,152.5,CE,0,0,0,32,28.6,0,0,0,0,06-JUL-2020,
OPTSTK,POWERGRID,24-Sep-2020,155,CE,0,0,0,30.1,26.5,0,0,0,0,06-JUL-2020,
OPTSTK,POWERGRID,24-Sep-2020,157.5,CE,0,0,0,28.25,24.5,0,0,0,0,06-JUL-2020,
OPTSTK,POWERGRID,24-Sep-2020,160,CE,0,0,0,26.45,22.6,0,0,0,0,06-JUL-2020,
OPTSTK,POWERGRID,24-Sep-2020,162.5,CE,0,0,0,24.75,20.75,0,0,0,0,06-JUL-2020,
OPTSTK,POWERGRID,24-Sep-2020,165,CE,0,0,0,23.1,19,0,0,0,0,06-JUL-2020,
OPTSTK,POWERGRID,24-Sep-2020,167.5,CE,0,0,0,21.55,17.35,0,0,0,0,06-JUL-2020,
OPTSTK,POWERGRID,24-Sep-2020,170,CE,0,0,0,20.05,15.75,0,0,0,0,06-JUL-2020,
OPTSTK,POWERGRID,24-Sep-2020,172.5,CE,0,0,0,18.6,14.3,0,0,0,0,06-JUL-2020,
OPTSTK,POWERGRID,24-Sep-2020,175,CE,0,0,0,17.25,12.9,0,0,0,0,06-JUL-2020,
OPTSTK,POWERGRID,24-Sep-2020,177.5,CE,0,0,0,16,11.6,0,0,0,0,06-JUL-2020,
OPTSTK,POWERGRID,24-Sep-2020,180,CE,0,0,0,14.75,10.4,0,0,0,0,06-JUL-2020,
OPTSTK,POWERGRID,24-Sep-2020,182.5,CE,0,0,0,13.6,9.3,0,0,0,0,06-JUL-2020,
OPTSTK,POWERGRID,24-Sep-2020,185,CE,0,0,0,12.55,8.3,0,0,0,0,06-JUL-2020,
OPTSTK,POWERGRID,24-Sep-2020,187.5,CE,0,0,0,11.55,7.35,0,0,0,0,06-JUL-2020,
OPTSTK,POWERGRID,24-Sep-2020,190,CE,0,0,0,10.6,6.5,0,0,0,0,06-JUL-2020,
OPTSTK,POWERGRID,24-Sep-2020,192.5,CE,0,0,0,9.7,5.75,0,0,0,0,06-JUL-2020,
OPTSTK,POWERGRID,24-Sep-2020,195,CE,0,0,0,8.9,5.05,0,0,0,0,06-JUL-2020,
OPTSTK,POWERGRID,24-Sep-2020,197.5,CE,0,0,0,8.1,4.4,0,0,0,0,06-JUL-2020,
OPTSTK,POWERGRID,24-Sep-2020,200,CE,0,0,0,7.4,3.85,0,0,0,0,06-JUL-2020,
OPTSTK,POWERGRID,24-Sep-2020,202.5,CE,0,0,0,6.75,3.35,0,0,0,0,06-JUL-2020,
OPTSTK,POWERGRID,24-Sep-2020,205,CE,0,0,0,6.15,2.9,0,0,0,0,06-JUL-2020,
OPTSTK,POWERGRID,24-Sep-2020,207.5,CE,0,0,0,5.6,2.5,0,0,0,0,06-JUL-2020,
OPTSTK,POWERGRID,24-Sep-2020,210,CE,0,0,0,5.1,2.15,0,0,0,0,06-JUL-2020,
OPTSTK,POWERGRID,24-Sep-2020,212.5,CE,0,0,0,4.6,1.85,0,0,0,0,06-JUL-2020,
OPTSTK,POWERGRID,24-Sep-2020,215,CE,0,0,0,4.15,1.6,0,0,0,0,06-JUL-2020,
OPTSTK,POWERGRID,24-Sep-2020,217.5,CE,0,0,0,3.75,1.35,0,0,0,0,06-JUL-2020,
OPTSTK,POWERGRID,24-Sep-2020,120,PE,0,0,0,0.2,0.05,0,0,0,0,06-JUL-2020,
OPTSTK,POWERGRID,24-Sep-2020,122.5,PE,0,0,0,0.25,0.05,0,0,0,0,06-JUL-2020,
OPTSTK,POWERGRID,24-Sep-2020,125,PE,0,0,0,0.35,0.05,0,0,0,0,06-JUL-2020,
OPTSTK,POWERGRID,24-Sep-2020,127.5,PE,0,0,0,0.45,0.1,0,0,0,0,06-JUL-2020,
OPTSTK,POWERGRID,24-Sep-2020,130,PE,0,0,0,0.6,0.1,0,0,0,0,06-JUL-2020,
OPTSTK,POWERGRID,24-Sep-2020,132.5,PE,0,0,0,0.75,0.15,0,0,0,0,06-JUL-2020,
OPTSTK,POWERGRID,24-Sep-2020,135,PE,0,0,0,0.9,0.25,0,0,0,0,06-JUL-2020,
OPTSTK,POWERGRID,24-Sep-2020,137.5,PE,0,0,0,1.15,0.35,0,0,0,0,06-JUL-2020,
OPTSTK,POWERGRID,24-Sep-2020,140,PE,0,0,0,1.4,0.45,0,0,0,0,06-JUL-2020,
OPTSTK,POWERGRID,24-Sep-2020,142.5,PE,0,0,0,1.7,0.6,0,0,0,0,06-JUL-2020,
OPTSTK,POWERGRID,24-Sep-2020,145,PE,0,0,0,2.05,0.8,0,0,0,0,06-JUL-2020,
OPTSTK,POWERGRID,24-Sep-2020,147.5,PE,0,0,0,2.4,1.05,0,0,0,0,06-JUL-2020,
OPTSTK,POWERGRID,24-Sep-2020,150,PE,0,0,0,2.85,1.3,0,0,0,0,06-JUL-2020,
OPTSTK,POWERGRID,24-Sep-2020,152.5,PE,0,0,0,3.4,1.65,0,0,0,0,06-JUL-2020,
OPTSTK,POWERGRID,24-Sep-2020,155,PE,0,0,0,3.95,2.1,0,0,0,0,06-JUL-2020,
OPTSTK,POWERGRID,24-Sep-2020,157.5,PE,0,0,0,4.55,2.55,0,0,0,0,06-JUL-2020,
OPTSTK,POWERGRID,24-Sep-2020,160,PE,0,0,0,5.25,3.1,0,0,0,0,06-JUL-2020,
OPTSTK,POWERGRID,24-Sep-2020,162.5,PE,0,0,0,6,3.75,0,0,0,0,06-JUL-2020,
OPTSTK,POWERGRID,24-Sep-2020,165,PE,0,0,0,6.85,4.45,0,0,0,0,06-JUL-2020,
OPTSTK,POWERGRID,24-Sep-2020,167.5,PE,0,0,0,7.75,5.3,0,0,0,0,06-JUL-2020,
OPTSTK,POWERGRID,24-Sep-2020,170,PE,0,0,0,8.7,6.2,0,0,0,0,06-JUL-2020,
OPTSTK,POWERGRID,24-Sep-2020,172.5,PE,0,0,0,9.75,7.2,0,0,0,0,06-JUL-2020,
OPTSTK,POWERGRID,24-Sep-2020,175,PE,0,0,0,10.9,8.25,0,0,0,0,06-JUL-2020,
OPTSTK,POWERGRID,24-Sep-2020,177.5,PE,0,0,0,12.05,9.45,0,0,0,0,06-JUL-2020,
OPTSTK,POWERGRID,24-Sep-2020,180,PE,0,0,0,13.35,10.75,0,0,0,0,06-JUL-2020,
OPTSTK,POWERGRID,24-Sep-2020,182.5,PE,0,0,0,14.65,12.1,0,0,0,0,06-JUL-2020,
OPTSTK,POWERGRID,24-Sep-2020,185,PE,0,0,0,16.05,13.55,0,0,0,0,06-JUL-2020,
OPTSTK,POWERGRID,24-Sep-2020,187.5,PE,0,0,0,17.5,15.1,0,0,0,0,06-JUL-2020,
OPTSTK,POWERGRID,24-Sep-2020,190,PE,0,0,0,19.05,16.75,0,0,0,0,06-JUL-2020,
OPTSTK,POWERGRID,24-Sep-2020,192.5,PE,0,0,0,20.6,18.45,0,0,0,0,06-JUL-2020,
OPTSTK,POWERGRID,24-Sep-2020,195,PE,0,0,0,22.25,20.2,0,0,0,0,06-JUL-2020,
OPTSTK,POWERGRID,24-Sep-2020,197.5,PE,0,0,0,24,22.1,0,0,0,0,06-JUL-2020,
OPTSTK,POWERGRID,24-Sep-2020,200,PE,0,0,0,25.75,24,0,0,0,0,06-JUL-2020,
OPTSTK,POWERGRID,24-Sep-2020,202.5,PE,0,0,0,27.55,25.95,0,0,0,0,06-JUL-2020,
OPTSTK,POWERGRID,24-Sep-2020,205,PE,0,0,0,29.4,28,0,0,0,0,06-JUL-2020,
OPTSTK,POWERGRID,24-Sep-2020,207.5,PE,0,0,0,31.35,30.1,0,0,0,0,06-JUL-2020,
OPTSTK,POWERGRID,24-Sep-2020,210,PE,0,0,0,33.3,32.2,0,0,0,0,06-JUL-2020,
OPTSTK,POWERGRID,24-Sep-2020,212.5,PE,0,0,0,35.3,34.4,0,0,0,0,06-JUL-2020,
OPTSTK,POWERGRID,24-Sep-2020,215,PE,0,0,0,37.3,36.6,0,0,0,0,06-JUL-2020,
OPTSTK,POWERGRID,24-Sep-2020,217.5,PE,0,0,0,39.4,38.85,0,0,0,0,06-JUL-2020,
OPTSTK,PVR,30-Jul-2020,450,CE,0,0,0,573.85,595.05,0,0,0,0,06-JUL-2020,
OPTSTK,PVR,30-Jul-2020,500,CE,0,0,0,528.65,545.2,0,0,0,0,06-JUL-2020,
OPTSTK,PVR,30-Jul-2020,550,CE,0,0,0,485.25,495.35,0,0,0,0,06-JUL-2020,
OPTSTK,PVR,30-Jul-2020,600,CE,0,0,0,444,445.45,0,0,0,0,06-JUL-2020,
OPTSTK,PVR,30-Jul-2020,650,CE,0,0,0,405.05,395.6,0,0,0,0,06-JUL-2020,
OPTSTK,PVR,30-Jul-2020,660,CE,0,0,0,267.6,385.65,0,0,0,0,06-JUL-2020,
OPTSTK,PVR,30-Jul-2020,680,CE,0,0,0,253.7,365.7,0,0,0,0,06-JUL-2020,
OPTSTK,PVR,30-Jul-2020,700,CE,0,0,0,368.55,345.8,0,0,0,0,06-JUL-2020,
OPTSTK,PVR,30-Jul-2020,720,CE,0,0,0,227.45,325.9,0,0,0,0,06-JUL-2020,
OPTSTK,PVR,30-Jul-2020,740,CE,0,0,0,215.1,306.05,0,0,0,0,06-JUL-2020,
OPTSTK,PVR,30-Jul-2020,750,CE,0,0,0,334.55,296.1,0,0,0,0,06-JUL-2020,
OPTSTK,PVR,30-Jul-2020,760,CE,0,0,0,203.25,286.25,0,0,0,0,06-JUL-2020,
OPTSTK,PVR,30-Jul-2020,780,CE,0,0,0,191.95,266.55,0,0,0,0,06-JUL-2020,
OPTSTK,PVR,30-Jul-2020,800,CE,0,0,0,303.05,247,0,0,0,0,06-JUL-2020,
OPTSTK,PVR,30-Jul-2020,820,CE,0,0,0,170.85,227.65,0,0,0,0,06-JUL-2020,
OPTSTK,PVR,30-Jul-2020,840,CE,0,0,0,161.05,208.65,0,0,0,0,06-JUL-2020,
OPTSTK,PVR,30-Jul-2020,850,CE,0,0,0,273.95,199.3,0,0,0,0,06-JUL-2020,
OPTSTK,PVR,30-Jul-2020,860,CE,0,0,0,151.75,190.05,0,0,0,0,06-JUL-2020,
OPTSTK,PVR,30-Jul-2020,880,CE,0,0,0,142.9,171.95,0,0,0,0,06-JUL-2020,
OPTSTK,PVR,30-Jul-2020,900,CE,143.65,155.2,141.1,148.1,154.5,7,29.28,5600,400,06-JUL-2020,
OPTSTK,PVR,30-Jul-2020,920,CE,0,0,0,130,137.75,0,0,1200,0,06-JUL-2020,
OPTSTK,PVR,30-Jul-2020,940,CE,0,0,0,118.95,121.9,0,0,0,0,06-JUL-2020,
OPTSTK,PVR,30-Jul-2020,950,CE,108.15,108.15,108.15,108.15,114.35,1,4.23,4000,-400,06-JUL-2020,
OPTSTK,PVR,30-Jul-2020,960,CE,0,0,0,106,107,0,0,1600,0,06-JUL-2020,
OPTSTK,PVR,30-Jul-2020,980,CE,86.9,93.75,86.9,93.75,93.75,5,21.38,6800,-800,06-JUL-2020,
OPTSTK,PVR,30-Jul-2020,1000,CE,78,87,73.95,82.8,82.8,38,164.38,62000,-800,06-JUL-2020,
OPTSTK,PVR,30-Jul-2020,1020,CE,70.9,76.85,66,71.9,71.9,18,78.56,4800,1200,06-JUL-2020,
OPTSTK,PVR,30-Jul-2020,1040,CE,61.25,67.3,55,63.2,63.2,32,141.03,11200,2400,06-JUL-2020,
OPTSTK,PVR,30-Jul-2020,1050,CE,58.05,64.95,49.75,57.45,57.45,72,318.86,16000,1200,06-JUL-2020,
OPTSTK,PVR,30-Jul-2020,1060,CE,53.1,61.75,45.5,53.55,53.55,720,3209.69,30400,22800,06-JUL-2020,
OPTSTK,PVR,30-Jul-2020,1080,CE,45.5,48.5,40.55,48.5,41.05,5,22.51,4400,-400,06-JUL-2020,
OPTSTK,PVR,30-Jul-2020,1100,CE,40.35,44.95,33.55,39.5,39.5,389,1773.33,99600,-1200,06-JUL-2020,
OPTSTK,PVR,30-Jul-2020,1120,CE,30.2,37.45,30.2,33,27.9,6,27.68,6000,1200,06-JUL-2020,
OPTSTK,PVR,30-Jul-2020,1140,CE,25,28,25,28,22.7,2,9.33,800,0,06-JUL-2020,
OPTSTK,PVR,30-Jul-2020,1150,CE,23.8,28.05,23.8,28.05,28.05,4,18.82,15600,400,06-JUL-2020,
OPTSTK,PVR,30-Jul-2020,1160,CE,30,30,20,24.55,24.55,10,47.36,3200,2400,06-JUL-2020,
OPTSTK,PVR,30-Jul-2020,1180,CE,0,0,0,55.55,14.7,0,0,0,0,06-JUL-2020,
OPTSTK,PVR,30-Jul-2020,1200,CE,17.6,21,14.5,17.1,17.1,188,915.77,105200,2000,06-JUL-2020,
OPTSTK,PVR,30-Jul-2020,1220,CE,15,15,14.5,14.5,9.2,4,19.75,1600,1200,06-JUL-2020,
OPTSTK,PVR,30-Jul-2020,1240,CE,14,14,14,14,7.2,2,10.03,400,400,06-JUL-2020,
OPTSTK,PVR,30-Jul-2020,1250,CE,11,11,11,11,6.35,2,10.08,5200,800,06-JUL-2020,
OPTSTK,PVR,30-Jul-2020,1260,CE,0,0,0,42.1,5.6,0,0,0,0,06-JUL-2020,
OPTSTK,PVR,30-Jul-2020,1280,CE,0,0,0,24,4.3,0,0,400,0,06-JUL-2020,
OPTSTK,PVR,30-Jul-2020,1300,CE,8.5,10.05,6.45,7.25,7.25,58,303.42,86400,4000,06-JUL-2020,
OPTSTK,PVR,30-Jul-2020,1320,CE,0,0,0,25,2.55,0,0,400,0,06-JUL-2020,
OPTSTK,PVR,30-Jul-2020,1340,CE,0,0,0,13.7,1.9,0,0,0,0,06-JUL-2020,
OPTSTK,PVR,30-Jul-2020,1350,CE,5,5,4.7,4.7,1.65,4,21.67,1600,800,06-JUL-2020,
OPTSTK,PVR,30-Jul-2020,1360,CE,0,0,0,15.6,1.45,0,0,0,0,06-JUL-2020,
OPTSTK,PVR,30-Jul-2020,1380,CE,0,0,0,17,1.1,0,0,400,0,06-JUL-2020,
OPTSTK,PVR,30-Jul-2020,1400,CE,4,5,3,3.2,3.2,16,89.83,14400,-400,06-JUL-2020,
OPTSTK,PVR,30-Jul-2020,1420,CE,0,0,0,19.4,0.6,0,0,0,0,06-JUL-2020,
OPTSTK,PVR,30-Jul-2020,1450,CE,0,0,0,76.9,0.35,0,0,0,0,06-JUL-2020,
OPTSTK,PVR,30-Jul-2020,1500,CE,2,2.2,2,2,0.15,6,36.04,24000,0,06-JUL-2020,
OPTSTK,PVR,30-Jul-2020,1550,CE,0,0,0,3.5,0.05,0,0,400,0,06-JUL-2020,
OPTSTK,PVR,30-Jul-2020,1600,CE,1.9,1.9,1.9,1.9,0.05,10,64.07,13200,4000,06-JUL-2020,
OPTSTK,PVR,30-Jul-2020,450,PE,0,0,0,5.3,0.05,0,0,0,0,06-JUL-2020,
OPTSTK,PVR,30-Jul-2020,500,PE,0,0,0,0.35,0.05,0,0,1600,0,06-JUL-2020,
OPTSTK,PVR,30-Jul-2020,550,PE,0,0,0,1.5,0.05,0,0,400,0,06-JUL-2020,
OPTSTK,PVR,30-Jul-2020,600,PE,0,0,0,3,0.05,0,0,5200,0,06-JUL-2020,
OPTSTK,PVR,30-Jul-2020,650,PE,0,0,0,33.95,0.05,0,0,0,0,06-JUL-2020,
OPTSTK,PVR,30-Jul-2020,660,PE,0,0,0,38,0.05,0,0,0,0,06-JUL-2020,
OPTSTK,PVR,30-Jul-2020,680,PE,0,0,0,43.9,0.05,0,0,0,0,06-JUL-2020,
OPTSTK,PVR,30-Jul-2020,700,PE,2.4,2.4,2.4,2.4,0.05,1,2.8,3600,400,06-JUL-2020,
OPTSTK,PVR,30-Jul-2020,720,PE,0,0,0,4.2,0.1,0,0,400,0,06-JUL-2020,
OPTSTK,PVR,30-Jul-2020,740,PE,0,0,0,64.8,0.15,0,0,0,0,06-JUL-2020,
OPTSTK,PVR,30-Jul-2020,750,PE,6,7.95,5.5,5.7,0.25,12,36.28,21600,0,06-JUL-2020,
OPTSTK,PVR,30-Jul-2020,760,PE,0,0,0,8.65,0.3,0,0,400,0,06-JUL-2020,
OPTSTK,PVR,30-Jul-2020,780,PE,0,0,0,11.85,0.55,0,0,2400,0,06-JUL-2020,
OPTSTK,PVR,30-Jul-2020,800,PE,7.95,12.65,7.85,9.5,9.5,64,207.27,124800,8000,06-JUL-2020,
OPTSTK,PVR,30-Jul-2020,820,PE,0,0,0,99.9,1.6,0,0,0,0,06-JUL-2020,
OPTSTK,PVR,30-Jul-2020,840,PE,0,0,0,17.5,2.5,0,0,2000,0,06-JUL-2020,
OPTSTK,PVR,30-Jul-2020,850,PE,7.5,19.85,7.5,15.5,15.5,22,76.2,30000,1600,06-JUL-2020,
OPTSTK,PVR,30-Jul-2020,860,PE,0,0,0,120.45,3.85,0,0,0,0,06-JUL-2020,
OPTSTK,PVR,30-Jul-2020,880,PE,0,0,0,131.4,5.7,0,0,0,0,06-JUL-2020,
OPTSTK,PVR,30-Jul-2020,900,PE,26.75,28.8,21.8,24.2,24.2,257,951.75,94000,-1200,06-JUL-2020,
OPTSTK,PVR,30-Jul-2020,920,PE,0,0,0,35,11.4,0,0,1600,0,06-JUL-2020,
OPTSTK,PVR,30-Jul-2020,940,PE,33,33,33,33,15.5,2,7.78,1600,800,06-JUL-2020,
OPTSTK,PVR,30-Jul-2020,950,PE,41.35,43.2,35.15,37.15,37.15,132,522.2,45200,-1600,06-JUL-2020,
OPTSTK,PVR,30-Jul-2020,960,PE,42.55,42.55,42.1,42.1,20.55,2,8.01,5200,-400,06-JUL-2020,
OPTSTK,PVR,30-Jul-2020,980,PE,48.85,54.15,45.7,49,49,23,94.79,16800,-1200,06-JUL-2020,
OPTSTK,PVR,30-Jul-2020,1000,PE,60,65.9,54.5,56.8,56.8,278,1178.84,88400,10000,06-JUL-2020,
OPTSTK,PVR,30-Jul-2020,1020,PE,74.4,74.4,64.3,66.95,66.95,23,100.34,3200,1600,06-JUL-2020,
OPTSTK,PVR,30-Jul-2020,1040,PE,82,85.75,75.55,77.1,77.1,20,89.56,4400,2000,06-JUL-2020,
OPTSTK,PVR,30-Jul-2020,1050,PE,91.7,91.7,91.7,91.7,56.95,2,9.13,2400,400,06-JUL-2020,
OPTSTK,PVR,30-Jul-2020,1060,PE,86.65,86.65,86.65,86.65,86.65,1,4.58,800,-400,06-JUL-2020,
OPTSTK,PVR,30-Jul-2020,1080,PE,0,0,0,263.5,74.25,0,0,0,0,06-JUL-2020,
OPTSTK,PVR,30-Jul-2020,1100,PE,113,121.95,113,116.25,87.1,5,24.32,22400,800,06-JUL-2020,
OPTSTK,PVR,30-Jul-2020,1120,PE,0,0,0,187.6,100.95,0,0,400,0,06-JUL-2020,
OPTSTK,PVR,30-Jul-2020,1140,PE,0,0,0,167.4,115.7,0,0,800,0,06-JUL-2020,
OPTSTK,PVR,30-Jul-2020,1150,PE,0,0,0,148.75,123.4,0,0,1200,0,06-JUL-2020,
OPTSTK,PVR,30-Jul-2020,1160,PE,0,0,0,325.45,131.3,0,0,0,0,06-JUL-2020,
OPTSTK,PVR,30-Jul-2020,1180,PE,0,0,0,341.55,147.6,0,0,0,0,06-JUL-2020,
OPTSTK,PVR,30-Jul-2020,1200,PE,196.6,196.6,196.6,196.6,164.5,1,5.58,1200,400,06-JUL-2020,
OPTSTK,PVR,30-Jul-2020,1220,PE,0,0,0,374.45,182,0,0,0,0,06-JUL-2020,
OPTSTK,PVR,30-Jul-2020,1240,PE,0,0,0,391.25,199.95,0,0,0,0,06-JUL-2020,
OPTSTK,PVR,30-Jul-2020,1250,PE,0,0,0,339.35,209.05,0,0,0,0,06-JUL-2020,
OPTSTK,PVR,30-Jul-2020,1260,PE,0,0,0,390.1,218.3,0,0,0,0,06-JUL-2020,
OPTSTK,PVR,30-Jul-2020,1280,PE,0,0,0,359.4,236.95,0,0,0,0,06-JUL-2020,
OPTSTK,PVR,30-Jul-2020,1300,PE,0,0,0,376.75,255.9,0,0,0,0,06-JUL-2020,
OPTSTK,PVR,30-Jul-2020,1320,PE,0,0,0,392.7,275.05,0,0,0,0,06-JUL-2020,
OPTSTK,PVR,30-Jul-2020,1340,PE,0,0,0,372.05,294.35,0,0,0,0,06-JUL-2020,
OPTSTK,PVR,30-Jul-2020,1350,PE,0,0,0,376,304.1,0,0,0,0,06-JUL-2020,
OPTSTK,PVR,30-Jul-2020,1360,PE,0,0,0,362.4,313.85,0,0,0,0,06-JUL-2020,
OPTSTK,PVR,30-Jul-2020,1380,PE,0,0,0,324.65,333.45,0,0,0,0,06-JUL-2020,
OPTSTK,PVR,30-Jul-2020,1400,PE,0,0,0,455,353.1,0,0,0,0,06-JUL-2020,
OPTSTK,PVR,30-Jul-2020,1420,PE,0,0,0,359.7,372.85,0,0,0,0,06-JUL-2020,
OPTSTK,PVR,30-Jul-2020,1450,PE,0,0,0,495.7,402.55,0,0,0,0,06-JUL-2020,
OPTSTK,PVR,30-Jul-2020,1500,PE,0,0,0,537.25,452.2,0,0,0,0,06-JUL-2020,
OPTSTK,PVR,30-Jul-2020,1550,PE,0,0,0,579.6,501.95,0,0,0,0,06-JUL-2020,
OPTSTK,PVR,30-Jul-2020,1600,PE,0,0,0,622.65,551.75,0,0,0,0,06-JUL-2020,
OPTSTK,PVR,27-Aug-2020,520,CE,0,0,0,390,526.95,0,0,0,0,06-JUL-2020,
OPTSTK,PVR,27-Aug-2020,540,CE,0,0,0,374,507.05,0,0,0,0,06-JUL-2020,
OPTSTK,PVR,27-Aug-2020,560,CE,0,0,0,358.5,487.2,0,0,0,0,06-JUL-2020,
OPTSTK,PVR,27-Aug-2020,580,CE,0,0,0,343.4,467.35,0,0,0,0,06-JUL-2020,
OPTSTK,PVR,27-Aug-2020,600,CE,0,0,0,328.8,447.5,0,0,0,0,06-JUL-2020,
OPTSTK,PVR,27-Aug-2020,620,CE,0,0,0,314.65,427.7,0,0,0,0,06-JUL-2020,
OPTSTK,PVR,27-Aug-2020,640,CE,0,0,0,300.95,407.95,0,0,0,0,06-JUL-2020,
OPTSTK,PVR,27-Aug-2020,660,CE,0,0,0,287.7,388.25,0,0,0,0,06-JUL-2020,
OPTSTK,PVR,27-Aug-2020,680,CE,0,0,0,274.95,368.65,0,0,0,0,06-JUL-2020,
OPTSTK,PVR,27-Aug-2020,700,CE,0,0,0,262.6,349.15,0,0,0,0,06-JUL-2020,
OPTSTK,PVR,27-Aug-2020,720,CE,0,0,0,250.75,329.85,0,0,0,0,06-JUL-2020,
OPTSTK,PVR,27-Aug-2020,740,CE,0,0,0,239.3,310.75,0,0,0,0,06-JUL-2020,
OPTSTK,PVR,27-Aug-2020,760,CE,0,0,0,228.35,291.9,0,0,0,0,06-JUL-2020,
OPTSTK,PVR,27-Aug-2020,780,CE,0,0,0,217.85,273.4,0,0,0,0,06-JUL-2020,
OPTSTK,PVR,27-Aug-2020,800,CE,0,0,0,207.75,255.25,0,0,0,0,06-JUL-2020,
OPTSTK,PVR,27-Aug-2020,820,CE,0,0,0,198.1,237.55,0,0,0,0,06-JUL-2020,
OPTSTK,PVR,27-Aug-2020,840,CE,0,0,0,188.8,220.35,0,0,0,0,06-JUL-2020,
OPTSTK,PVR,27-Aug-2020,860,CE,0,0,0,179.95,203.7,0,0,0,0,06-JUL-2020,
OPTSTK,PVR,27-Aug-2020,880,CE,0,0,0,171.45,187.65,0,0,0,0,06-JUL-2020,
OPTSTK,PVR,27-Aug-2020,900,CE,0,0,0,163.3,172.3,0,0,0,0,06-JUL-2020,
OPTSTK,PVR,27-Aug-2020,920,CE,0,0,0,155.55,157.6,0,0,0,0,06-JUL-2020,
OPTSTK,PVR,27-Aug-2020,940,CE,0,0,0,148.15,143.7,0,0,0,0,06-JUL-2020,
OPTSTK,PVR,27-Aug-2020,960,CE,0,0,0,103,130.55,0,0,800,0,06-JUL-2020,
OPTSTK,PVR,27-Aug-2020,980,CE,0,0,0,134.3,118.2,0,0,0,0,06-JUL-2020,
OPTSTK,PVR,27-Aug-2020,1000,CE,93.4,93.4,93.4,93.4,106.65,2,8.74,2400,800,06-JUL-2020,
OPTSTK,PVR,27-Aug-2020,1020,CE,0,0,0,121.7,95.95,0,0,0,0,06-JUL-2020,
OPTSTK,PVR,27-Aug-2020,1040,CE,0,0,0,115.85,86,0,0,0,0,06-JUL-2020,
OPTSTK,PVR,27-Aug-2020,1060,CE,0,0,0,110.25,76.8,0,0,0,0,06-JUL-2020,
OPTSTK,PVR,27-Aug-2020,1080,CE,0,0,0,104.95,68.4,0,0,0,0,06-JUL-2020,
OPTSTK,PVR,27-Aug-2020,1100,CE,0,0,0,63.25,60.7,0,0,400,0,06-JUL-2020,
OPTSTK,PVR,27-Aug-2020,1120,CE,0,0,0,95.05,53.7,0,0,0,0,06-JUL-2020,
OPTSTK,PVR,27-Aug-2020,1140,CE,0,0,0,90.5,47.4,0,0,0,0,06-JUL-2020,
OPTSTK,PVR,27-Aug-2020,1160,CE,0,0,0,86.1,41.7,0,0,0,0,06-JUL-2020,
OPTSTK,PVR,27-Aug-2020,1180,CE,0,0,0,81.95,36.55,0,0,0,0,06-JUL-2020,
OPTSTK,PVR,27-Aug-2020,1200,CE,0,0,0,78,32,0,0,0,0,06-JUL-2020,
OPTSTK,PVR,27-Aug-2020,1220,CE,0,0,0,74.2,27.9,0,0,0,0,06-JUL-2020,
OPTSTK,PVR,27-Aug-2020,1240,CE,0,0,0,70.65,24.3,0,0,0,0,06-JUL-2020,
OPTSTK,PVR,27-Aug-2020,1260,CE,0,0,0,67.05,21.05,0,0,0,0,06-JUL-2020,
OPTSTK,PVR,27-Aug-2020,1280,CE,0,0,0,78.15,18.25,0,0,0,0,06-JUL-2020,
OPTSTK,PVR,27-Aug-2020,1300,CE,0,0,0,74.3,15.75,0,0,0,0,06-JUL-2020,
OPTSTK,PVR,27-Aug-2020,1320,CE,0,0,0,70.65,13.6,0,0,0,0,06-JUL-2020,
OPTSTK,PVR,27-Aug-2020,1340,CE,0,0,0,26.9,11.7,0,0,0,0,06-JUL-2020,
OPTSTK,PVR,27-Aug-2020,1360,CE,0,0,0,29.95,10,0,0,0,0,06-JUL-2020,
OPTSTK,PVR,27-Aug-2020,1380,CE,0,0,0,42.2,8.6,0,0,0,0,06-JUL-2020,
OPTSTK,PVR,27-Aug-2020,1400,CE,22.3,22.3,22.3,22.3,7.35,1,5.68,400,400,06-JUL-2020,
OPTSTK,PVR,27-Aug-2020,1420,CE,0,0,0,36.05,6.25,0,0,0,0,06-JUL-2020,
OPTSTK,PVR,27-Aug-2020,520,PE,0,0,0,19.6,0.05,0,0,0,0,06-JUL-2020,
OPTSTK,PVR,27-Aug-2020,540,PE,0,0,0,23.4,0.05,0,0,0,0,06-JUL-2020,
OPTSTK,PVR,27-Aug-2020,560,PE,0,0,0,27.65,0.05,0,0,0,0,06-JUL-2020,
OPTSTK,PVR,27-Aug-2020,580,PE,0,0,0,32.35,0.05,0,0,0,0,06-JUL-2020,
OPTSTK,PVR,27-Aug-2020,600,PE,0,0,0,37.5,0.1,0,0,0,0,06-JUL-2020,
OPTSTK,PVR,27-Aug-2020,620,PE,0,0,0,43.05,0.15,0,0,0,0,06-JUL-2020,
OPTSTK,PVR,27-Aug-2020,640,PE,0,0,0,49.1,0.3,0,0,0,0,06-JUL-2020,
OPTSTK,PVR,27-Aug-2020,660,PE,0,0,0,55.65,0.45,0,0,0,0,06-JUL-2020,
OPTSTK,PVR,27-Aug-2020,680,PE,0,0,0,62.6,0.75,0,0,0,0,06-JUL-2020,
OPTSTK,PVR,27-Aug-2020,700,PE,0,0,0,11.5,1.15,0,0,400,0,06-JUL-2020,
OPTSTK,PVR,27-Aug-2020,720,PE,0,0,0,77.95,1.7,0,0,0,0,06-JUL-2020,
OPTSTK,PVR,27-Aug-2020,740,PE,0,0,0,18.5,2.5,0,0,400,0,06-JUL-2020,
OPTSTK,PVR,27-Aug-2020,760,PE,19.3,19.3,19.3,19.3,3.55,1,3.11,1200,400,06-JUL-2020,
OPTSTK,PVR,27-Aug-2020,780,PE,0,0,0,31.65,4.9,0,0,800,0,06-JUL-2020,
OPTSTK,PVR,27-Aug-2020,800,PE,0,0,0,32,6.6,0,0,400,0,06-JUL-2020,
OPTSTK,PVR,27-Aug-2020,820,PE,0,0,0,124.05,8.8,0,0,0,0,06-JUL-2020,
OPTSTK,PVR,27-Aug-2020,840,PE,0,0,0,134.55,11.45,0,0,0,0,06-JUL-2020,
OPTSTK,PVR,27-Aug-2020,860,PE,0,0,0,145.45,14.7,0,0,0,0,06-JUL-2020,
OPTSTK,PVR,27-Aug-2020,880,PE,0,0,0,156.7,18.55,0,0,0,0,06-JUL-2020,
OPTSTK,PVR,27-Aug-2020,900,PE,0,0,0,168.35,23.05,0,0,0,0,06-JUL-2020,
OPTSTK,PVR,27-Aug-2020,920,PE,0,0,0,180.35,28.25,0,0,0,0,06-JUL-2020,
OPTSTK,PVR,27-Aug-2020,940,PE,0,0,0,192.7,34.25,0,0,0,0,06-JUL-2020,
OPTSTK,PVR,27-Aug-2020,960,PE,0,0,0,112,41,0,0,800,0,06-JUL-2020,
OPTSTK,PVR,27-Aug-2020,980,PE,0,0,0,218.35,48.5,0,0,0,0,06-JUL-2020,
OPTSTK,PVR,27-Aug-2020,1000,PE,0,0,0,231.65,56.85,0,0,0,0,06-JUL-2020,
OPTSTK,PVR,27-Aug-2020,1020,PE,0,0,0,245.25,65.95,0,0,0,0,06-JUL-2020,
OPTSTK,PVR,27-Aug-2020,1040,PE,0,0,0,259.15,75.9,0,0,0,0,06-JUL-2020,
OPTSTK,PVR,27-Aug-2020,1060,PE,0,0,0,273.35,86.6,0,0,0,0,06-JUL-2020,
OPTSTK,PVR,27-Aug-2020,1080,PE,0,0,0,287.75,98.05,0,0,0,0,06-JUL-2020,
OPTSTK,PVR,27-Aug-2020,1100,PE,0,0,0,302.5,110.25,0,0,0,0,06-JUL-2020,
OPTSTK,PVR,27-Aug-2020,1120,PE,0,0,0,317.4,123.15,0,0,0,0,06-JUL-2020,
OPTSTK,PVR,27-Aug-2020,1140,PE,0,0,0,332.6,136.7,0,0,0,0,06-JUL-2020,
OPTSTK,PVR,27-Aug-2020,1160,PE,0,0,0,347.95,150.9,0,0,0,0,06-JUL-2020,
OPTSTK,PVR,27-Aug-2020,1180,PE,0,0,0,363.55,165.65,0,0,0,0,06-JUL-2020,
OPTSTK,PVR,27-Aug-2020,1200,PE,0,0,0,379.35,180.95,0,0,0,0,06-JUL-2020,
OPTSTK,PVR,27-Aug-2020,1220,PE,0,0,0,395.35,196.75,0,0,0,0,06-JUL-2020,
OPTSTK,PVR,27-Aug-2020,1240,PE,0,0,0,411.55,213,0,0,0,0,06-JUL-2020,
OPTSTK,PVR,27-Aug-2020,1260,PE,0,0,0,410.35,229.65,0,0,0,0,06-JUL-2020,
OPTSTK,PVR,27-Aug-2020,1280,PE,0,0,0,382,246.7,0,0,0,0,06-JUL-2020,
OPTSTK,PVR,27-Aug-2020,1300,PE,0,0,0,397.95,264.1,0,0,0,0,06-JUL-2020,
OPTSTK,PVR,27-Aug-2020,1320,PE,0,0,0,414.05,281.8,0,0,0,0,06-JUL-2020,
OPTSTK,PVR,27-Aug-2020,1340,PE,0,0,0,380.25,299.8,0,0,0,0,06-JUL-2020,
OPTSTK,PVR,27-Aug-2020,1360,PE,0,0,0,371.75,318,0,0,0,0,06-JUL-2020,
OPTSTK,PVR,27-Aug-2020,1380,PE,0,0,0,337.7,336.45,0,0,0,0,06-JUL-2020,
OPTSTK,PVR,27-Aug-2020,1400,PE,0,0,0,354.3,355.1,0,0,0,0,06-JUL-2020,
OPTSTK,PVR,27-Aug-2020,1420,PE,0,0,0,371.1,373.9,0,0,0,0,06-JUL-2020,
OPTSTK,PVR,24-Sep-2020,620,CE,0,0,0,455.3,430.5,0,0,0,0,06-JUL-2020,
OPTSTK,PVR,24-Sep-2020,640,CE,0,0,0,437,411.15,0,0,0,0,06-JUL-2020,
OPTSTK,PVR,24-Sep-2020,660,CE,0,0,0,418.95,391.95,0,0,0,0,06-JUL-2020,
OPTSTK,PVR,24-Sep-2020,680,CE,0,0,0,401.2,372.95,0,0,0,0,06-JUL-2020,
OPTSTK,PVR,24-Sep-2020,700,CE,0,0,0,383.8,354.15,0,0,0,0,06-JUL-2020,
OPTSTK,PVR,24-Sep-2020,720,CE,0,0,0,366.75,335.65,0,0,0,0,06-JUL-2020,
OPTSTK,PVR,24-Sep-2020,740,CE,0,0,0,350.1,317.45,0,0,0,0,06-JUL-2020,
OPTSTK,PVR,24-Sep-2020,760,CE,0,0,0,333.85,299.65,0,0,0,0,06-JUL-2020,
OPTSTK,PVR,24-Sep-2020,780,CE,0,0,0,318,282.2,0,0,0,0,06-JUL-2020,
OPTSTK,PVR,24-Sep-2020,800,CE,0,0,0,302.6,265.25,0,0,0,0,06-JUL-2020,
OPTSTK,PVR,24-Sep-2020,820,CE,0,0,0,287.7,248.75,0,0,0,0,06-JUL-2020,
OPTSTK,PVR,24-Sep-2020,840,CE,0,0,0,273.2,232.75,0,0,0,0,06-JUL-2020,
OPTSTK,PVR,24-Sep-2020,860,CE,0,0,0,259.2,217.35,0,0,0,0,06-JUL-2020,
OPTSTK,PVR,24-Sep-2020,880,CE,0,0,0,245.7,202.55,0,0,0,0,06-JUL-2020,
OPTSTK,PVR,24-Sep-2020,900,CE,0,0,0,232.7,188.3,0,0,0,0,06-JUL-2020,
OPTSTK,PVR,24-Sep-2020,920,CE,0,0,0,220.1,174.75,0,0,0,0,06-JUL-2020,
OPTSTK,PVR,24-Sep-2020,940,CE,0,0,0,208.1,161.8,0,0,0,0,06-JUL-2020,
OPTSTK,PVR,24-Sep-2020,960,CE,0,0,0,196.55,149.5,0,0,0,0,06-JUL-2020,
OPTSTK,PVR,24-Sep-2020,980,CE,0,0,0,185.5,137.9,0,0,0,0,06-JUL-2020,
OPTSTK,PVR,24-Sep-2020,1000,CE,0,0,0,174.95,126.9,0,0,0,0,06-JUL-2020,
OPTSTK,PVR,24-Sep-2020,1020,CE,0,0,0,164.9,116.55,0,0,0,0,06-JUL-2020,
OPTSTK,PVR,24-Sep-2020,1040,CE,0,0,0,155.3,106.9,0,0,0,0,06-JUL-2020,
OPTSTK,PVR,24-Sep-2020,1060,CE,0,0,0,146.1,97.8,0,0,0,0,06-JUL-2020,
OPTSTK,PVR,24-Sep-2020,1080,CE,0,0,0,137.4,89.35,0,0,0,0,06-JUL-2020,
OPTSTK,PVR,24-Sep-2020,1100,CE,0,0,0,129.15,81.5,0,0,0,0,06-JUL-2020,
OPTSTK,PVR,24-Sep-2020,1120,CE,0,0,0,121.3,74.2,0,0,0,0,06-JUL-2020,
OPTSTK,PVR,24-Sep-2020,1140,CE,0,0,0,113.85,67.45,0,0,0,0,06-JUL-2020,
OPTSTK,PVR,24-Sep-2020,1160,CE,0,0,0,106.8,61.2,0,0,0,0,06-JUL-2020,
OPTSTK,PVR,24-Sep-2020,1180,CE,0,0,0,100.15,55.45,0,0,0,0,06-JUL-2020,
OPTSTK,PVR,24-Sep-2020,1200,CE,0,0,0,93.85,50.2,0,0,0,0,06-JUL-2020,
OPTSTK,PVR,24-Sep-2020,1220,CE,0,0,0,87.9,45.35,0,0,0,0,06-JUL-2020,
OPTSTK,PVR,24-Sep-2020,1240,CE,0,0,0,82.3,40.9,0,0,0,0,06-JUL-2020,
OPTSTK,PVR,24-Sep-2020,1260,CE,0,0,0,77,36.85,0,0,0,0,06-JUL-2020,
OPTSTK,PVR,24-Sep-2020,1280,CE,0,0,0,72.1,33.2,0,0,0,0,06-JUL-2020,
OPTSTK,PVR,24-Sep-2020,1300,CE,0,0,0,67.45,29.8,0,0,0,0,06-JUL-2020,
OPTSTK,PVR,24-Sep-2020,1320,CE,0,0,0,63.05,26.75,0,0,0,0,06-JUL-2020,
OPTSTK,PVR,24-Sep-2020,1340,CE,0,0,0,58.9,24,0,0,0,0,06-JUL-2020,
OPTSTK,PVR,24-Sep-2020,1360,CE,0,0,0,55.05,21.5,0,0,0,0,06-JUL-2020,
OPTSTK,PVR,24-Sep-2020,1380,CE,0,0,0,51.4,19.25,0,0,0,0,06-JUL-2020,
OPTSTK,PVR,24-Sep-2020,1400,CE,0,0,0,48,17.2,0,0,0,0,06-JUL-2020,
OPTSTK,PVR,24-Sep-2020,1420,CE,0,0,0,44.75,15.35,0,0,0,0,06-JUL-2020,
OPTSTK,PVR,24-Sep-2020,620,PE,0,0,0,5.25,1,0,0,0,0,06-JUL-2020,
OPTSTK,PVR,24-Sep-2020,640,PE,0,0,0,6.7,1.45,0,0,0,0,06-JUL-2020,
OPTSTK,PVR,24-Sep-2020,660,PE,0,0,0,8.45,2.05,0,0,0,0,06-JUL-2020,
OPTSTK,PVR,24-Sep-2020,680,PE,0,0,0,10.5,2.85,0,0,0,0,06-JUL-2020,
OPTSTK,PVR,24-Sep-2020,700,PE,0,0,0,12.85,3.85,0,0,0,0,06-JUL-2020,
OPTSTK,PVR,24-Sep-2020,720,PE,0,0,0,15.55,5.2,0,0,0,0,06-JUL-2020,
OPTSTK,PVR,24-Sep-2020,740,PE,0,0,0,18.65,6.8,0,0,0,0,06-JUL-2020,
OPTSTK,PVR,24-Sep-2020,760,PE,0,0,0,22.2,8.8,0,0,0,0,06-JUL-2020,
OPTSTK,PVR,24-Sep-2020,780,PE,0,0,0,26.1,11.15,0,0,0,0,06-JUL-2020,
OPTSTK,PVR,24-Sep-2020,800,PE,0,0,0,30.5,14,0,0,0,0,06-JUL-2020,
OPTSTK,PVR,24-Sep-2020,820,PE,0,0,0,35.35,17.35,0,0,0,0,06-JUL-2020,
OPTSTK,PVR,24-Sep-2020,840,PE,0,0,0,40.65,21.2,0,0,0,0,06-JUL-2020,
OPTSTK,PVR,24-Sep-2020,860,PE,0,0,0,46.4,25.6,0,0,0,0,06-JUL-2020,
OPTSTK,PVR,24-Sep-2020,880,PE,0,0,0,52.65,30.55,0,0,0,0,06-JUL-2020,
OPTSTK,PVR,24-Sep-2020,900,PE,0,0,0,59.4,36.15,0,0,0,0,06-JUL-2020,
OPTSTK,PVR,24-Sep-2020,920,PE,0,0,0,66.6,42.4,0,0,0,0,06-JUL-2020,
OPTSTK,PVR,24-Sep-2020,940,PE,0,0,0,74.35,49.3,0,0,0,0,06-JUL-2020,
OPTSTK,PVR,24-Sep-2020,960,PE,0,0,0,82.6,56.8,0,0,0,0,06-JUL-2020,
OPTSTK,PVR,24-Sep-2020,980,PE,0,0,0,91.3,65,0,0,0,0,06-JUL-2020,
OPTSTK,PVR,24-Sep-2020,1000,PE,0,0,0,100.5,73.85,0,0,0,0,06-JUL-2020,
OPTSTK,PVR,24-Sep-2020,1020,PE,0,0,0,110.2,83.3,0,0,0,0,06-JUL-2020,
OPTSTK,PVR,24-Sep-2020,1040,PE,0,0,0,120.35,93.45,0,0,0,0,06-JUL-2020,
OPTSTK,PVR,24-Sep-2020,1060,PE,0,0,0,131,104.2,0,0,0,0,06-JUL-2020,
OPTSTK,PVR,24-Sep-2020,1080,PE,0,0,0,142.05,115.55,0,0,0,0,06-JUL-2020,
OPTSTK,PVR,24-Sep-2020,1100,PE,0,0,0,153.55,127.5,0,0,0,0,06-JUL-2020,
OPTSTK,PVR,24-Sep-2020,1120,PE,0,0,0,165.45,140,0,0,0,0,06-JUL-2020,
OPTSTK,PVR,24-Sep-2020,1140,PE,0,0,0,177.8,153.1,0,0,0,0,06-JUL-2020,
OPTSTK,PVR,24-Sep-2020,1160,PE,0,0,0,190.5,166.65,0,0,0,0,06-JUL-2020,
OPTSTK,PVR,24-Sep-2020,1180,PE,0,0,0,203.6,180.75,0,0,0,0,06-JUL-2020,
OPTSTK,PVR,24-Sep-2020,1200,PE,0,0,0,217.1,195.25,0,0,0,0,06-JUL-2020,
OPTSTK,PVR,24-Sep-2020,1220,PE,0,0,0,230.9,210.25,0,0,0,0,06-JUL-2020,
OPTSTK,PVR,24-Sep-2020,1240,PE,0,0,0,245.05,225.6,0,0,0,0,06-JUL-2020,
OPTSTK,PVR,24-Sep-2020,1260,PE,0,0,0,259.55,241.4,0,0,0,0,06-JUL-2020,
OPTSTK,PVR,24-Sep-2020,1280,PE,0,0,0,274.4,257.5,0,0,0,0,06-JUL-2020,
OPTSTK,PVR,24-Sep-2020,1300,PE,0,0,0,289.5,273.95,0,0,0,0,06-JUL-2020,
OPTSTK,PVR,24-Sep-2020,1320,PE,0,0,0,304.85,290.75,0,0,0,0,06-JUL-2020,
OPTSTK,PVR,24-Sep-2020,1340,PE,0,0,0,320.5,307.8,0,0,0,0,06-JUL-2020,
OPTSTK,PVR,24-Sep-2020,1360,PE,0,0,0,336.4,325.1,0,0,0,0,06-JUL-2020,
OPTSTK,PVR,24-Sep-2020,1380,PE,0,0,0,352.55,342.65,0,0,0,0,06-JUL-2020,
OPTSTK,PVR,24-Sep-2020,1400,PE,0,0,0,368.9,360.4,0,0,0,0,06-JUL-2020,
OPTSTK,PVR,24-Sep-2020,1420,PE,0,0,0,385.4,378.4,0,0,0,0,06-JUL-2020,
OPTSTK,RAMCOCEM,30-Jul-2020,360,CE,0,0,0,203.5,297.2,0,0,0,0,06-JUL-2020,
OPTSTK,RAMCOCEM,30-Jul-2020,370,CE,0,0,0,194.95,287.25,0,0,0,0,06-JUL-2020,
OPTSTK,RAMCOCEM,30-Jul-2020,380,CE,0,0,0,186.55,277.25,0,0,0,0,06-JUL-2020,
OPTSTK,RAMCOCEM,30-Jul-2020,390,CE,0,0,0,178.3,267.3,0,0,0,0,06-JUL-2020,
OPTSTK,RAMCOCEM,30-Jul-2020,400,CE,0,0,0,170.3,257.3,0,0,0,0,06-JUL-2020,
OPTSTK,RAMCOCEM,30-Jul-2020,410,CE,0,0,0,162.5,247.35,0,0,0,0,06-JUL-2020,
OPTSTK,RAMCOCEM,30-Jul-2020,420,CE,0,0,0,154.9,237.35,0,0,0,0,06-JUL-2020,
OPTSTK,RAMCOCEM,30-Jul-2020,430,CE,0,0,0,147.55,227.4,0,0,0,0,06-JUL-2020,
OPTSTK,RAMCOCEM,30-Jul-2020,440,CE,0,0,0,140.4,217.45,0,0,0,0,06-JUL-2020,
OPTSTK,RAMCOCEM,30-Jul-2020,450,CE,0,0,0,133.45,207.45,0,0,0,0,06-JUL-2020,
OPTSTK,RAMCOCEM,30-Jul-2020,460,CE,0,0,0,126.75,197.5,0,0,0,0,06-JUL-2020,
OPTSTK,RAMCOCEM,30-Jul-2020,470,CE,0,0,0,120.3,187.5,0,0,0,0,06-JUL-2020,
OPTSTK,RAMCOCEM,30-Jul-2020,480,CE,0,0,0,114.1,177.55,0,0,0,0,06-JUL-2020,
OPTSTK,RAMCOCEM,30-Jul-2020,490,CE,0,0,0,108.1,167.6,0,0,0,0,06-JUL-2020,
OPTSTK,RAMCOCEM,30-Jul-2020,500,CE,0,0,0,102.35,157.65,0,0,0,0,06-JUL-2020,
OPTSTK,RAMCOCEM,30-Jul-2020,510,CE,0,0,0,96.85,147.7,0,0,0,0,06-JUL-2020,
OPTSTK,RAMCOCEM,30-Jul-2020,520,CE,0,0,0,91.6,137.8,0,0,0,0,06-JUL-2020,
OPTSTK,RAMCOCEM,30-Jul-2020,530,CE,0,0,0,86.55,127.9,0,0,0,0,06-JUL-2020,
OPTSTK,RAMCOCEM,30-Jul-2020,540,CE,0,0,0,81.7,118.1,0,0,0,0,06-JUL-2020,
OPTSTK,RAMCOCEM,30-Jul-2020,550,CE,0,0,0,77.1,108.4,0,0,0,0,06-JUL-2020,
OPTSTK,RAMCOCEM,30-Jul-2020,560,CE,88.6,88.6,88.6,88.6,98.85,2,11.02,1700,1700,06-JUL-2020,
OPTSTK,RAMCOCEM,30-Jul-2020,570,CE,0,0,0,68.55,89.5,0,0,0,0,06-JUL-2020,
OPTSTK,RAMCOCEM,30-Jul-2020,580,CE,0,0,0,64.6,80.4,0,0,0,0,06-JUL-2020,
OPTSTK,RAMCOCEM,30-Jul-2020,590,CE,0,0,0,60.8,71.65,0,0,0,0,06-JUL-2020,
OPTSTK,RAMCOCEM,30-Jul-2020,600,CE,0,0,0,62,63.25,0,0,0,0,06-JUL-2020,
OPTSTK,RAMCOCEM,30-Jul-2020,610,CE,0,0,0,53.8,55.3,0,0,0,0,06-JUL-2020,
OPTSTK,RAMCOCEM,30-Jul-2020,620,CE,0,0,0,44,47.9,0,0,850,0,06-JUL-2020,
OPTSTK,RAMCOCEM,30-Jul-2020,630,CE,0,0,0,47.55,41.05,0,0,0,0,06-JUL-2020,
OPTSTK,RAMCOCEM,30-Jul-2020,640,CE,0,0,0,44.65,34.75,0,0,0,0,06-JUL-2020,
OPTSTK,RAMCOCEM,30-Jul-2020,650,CE,27.25,34.6,24.7,33.3,33.3,31,179.18,22100,-850,06-JUL-2020,
OPTSTK,RAMCOCEM,30-Jul-2020,660,CE,22.8,28.7,22,27.6,27.6,41,238.55,27200,850,06-JUL-2020,
OPTSTK,RAMCOCEM,30-Jul-2020,670,CE,26.55,26.55,26.55,26.55,26.55,1,5.92,850,0,06-JUL-2020,
OPTSTK,RAMCOCEM,30-Jul-2020,680,CE,0,0,0,34.65,16.05,0,0,0,0,06-JUL-2020,
OPTSTK,RAMCOCEM,30-Jul-2020,690,CE,0,0,0,13,12.85,0,0,1700,0,06-JUL-2020,
OPTSTK,RAMCOCEM,30-Jul-2020,700,CE,14,16.55,13.05,14.6,14.6,8,48.59,5100,0,06-JUL-2020,
OPTSTK,RAMCOCEM,30-Jul-2020,710,CE,0,0,0,10,7.95,0,0,850,0,06-JUL-2020,
OPTSTK,RAMCOCEM,30-Jul-2020,720,CE,0,0,0,26.7,6.15,0,0,0,0,06-JUL-2020,
OPTSTK,RAMCOCEM,30-Jul-2020,730,CE,0,0,0,9.6,4.7,0,0,1700,0,06-JUL-2020,
OPTSTK,RAMCOCEM,30-Jul-2020,740,CE,0,0,0,23.4,3.55,0,0,0,0,06-JUL-2020,
OPTSTK,RAMCOCEM,30-Jul-2020,750,CE,0,0,0,5.5,2.65,0,0,5100,0,06-JUL-2020,
OPTSTK,RAMCOCEM,30-Jul-2020,760,CE,2,2,2,2,1.95,1,6.47,0,-850,06-JUL-2020,
OPTSTK,RAMCOCEM,30-Jul-2020,770,CE,0,0,0,6,1.45,0,0,850,0,06-JUL-2020,
OPTSTK,RAMCOCEM,30-Jul-2020,360,PE,0,0,0,6.25,0.05,0,0,0,0,06-JUL-2020,
OPTSTK,RAMCOCEM,30-Jul-2020,370,PE,0,0,0,7.55,0.05,0,0,0,0,06-JUL-2020,
OPTSTK,RAMCOCEM,30-Jul-2020,380,PE,0,0,0,9,0.05,0,0,0,0,06-JUL-2020,
OPTSTK,RAMCOCEM,30-Jul-2020,390,PE,0,0,0,10.65,0.05,0,0,0,0,06-JUL-2020,
OPTSTK,RAMCOCEM,30-Jul-2020,400,PE,0,0,0,12.55,0.05,0,0,0,0,06-JUL-2020,
OPTSTK,RAMCOCEM,30-Jul-2020,410,PE,0,0,0,14.6,0.05,0,0,0,0,06-JUL-2020,
OPTSTK,RAMCOCEM,30-Jul-2020,420,PE,0,0,0,16.85,0.05,0,0,0,0,06-JUL-2020,
OPTSTK,RAMCOCEM,30-Jul-2020,430,PE,0,0,0,19.4,0.05,0,0,0,0,06-JUL-2020,
OPTSTK,RAMCOCEM,30-Jul-2020,440,PE,0,0,0,0.25,0.05,0,0,850,0,06-JUL-2020,
OPTSTK,RAMCOCEM,30-Jul-2020,450,PE,0,0,0,25.05,0.05,0,0,0,0,06-JUL-2020,
OPTSTK,RAMCOCEM,30-Jul-2020,460,PE,0,0,0,28.25,0.05,0,0,0,0,06-JUL-2020,
OPTSTK,RAMCOCEM,30-Jul-2020,470,PE,0,0,0,31.65,0.05,0,0,0,0,06-JUL-2020,
OPTSTK,RAMCOCEM,30-Jul-2020,480,PE,0,0,0,35.3,0.05,0,0,0,0,06-JUL-2020,
OPTSTK,RAMCOCEM,30-Jul-2020,490,PE,0,0,0,39.2,0.05,0,0,0,0,06-JUL-2020,
OPTSTK,RAMCOCEM,30-Jul-2020,500,PE,0,0,0,0.25,0.05,0,0,1700,0,06-JUL-2020,
OPTSTK,RAMCOCEM,30-Jul-2020,510,PE,0,0,0,47.7,0.05,0,0,0,0,06-JUL-2020,
OPTSTK,RAMCOCEM,30-Jul-2020,520,PE,0,0,0,52.3,0.15,0,0,0,0,06-JUL-2020,
OPTSTK,RAMCOCEM,30-Jul-2020,530,PE,0,0,0,57.15,0.25,0,0,0,0,06-JUL-2020,
OPTSTK,RAMCOCEM,30-Jul-2020,540,PE,0,0,0,7.85,0.4,0,0,2550,0,06-JUL-2020,
OPTSTK,RAMCOCEM,30-Jul-2020,550,PE,0,0,0,67.45,0.7,0,0,0,0,06-JUL-2020,
OPTSTK,RAMCOCEM,30-Jul-2020,560,PE,0,0,0,4.65,1.1,0,0,7650,0,06-JUL-2020,
OPTSTK,RAMCOCEM,30-Jul-2020,570,PE,0,0,0,78.65,1.7,0,0,0,0,06-JUL-2020,
OPTSTK,RAMCOCEM,30-Jul-2020,580,PE,0,0,0,84.55,2.6,0,0,0,0,06-JUL-2020,
OPTSTK,RAMCOCEM,30-Jul-2020,590,PE,0,0,0,90.6,3.8,0,0,0,0,06-JUL-2020,
OPTSTK,RAMCOCEM,30-Jul-2020,600,PE,0,0,0,17.95,5.35,0,0,2550,0,06-JUL-2020,
OPTSTK,RAMCOCEM,30-Jul-2020,610,PE,0,0,0,103.4,7.4,0,0,0,0,06-JUL-2020,
OPTSTK,RAMCOCEM,30-Jul-2020,620,PE,18.05,18.05,18.05,18.05,18.05,1,5.42,17850,0,06-JUL-2020,
OPTSTK,RAMCOCEM,30-Jul-2020,630,PE,0,0,0,116.85,13.05,0,0,0,0,06-JUL-2020,
OPTSTK,RAMCOCEM,30-Jul-2020,640,PE,0,0,0,123.85,16.8,0,0,0,0,06-JUL-2020,
OPTSTK,RAMCOCEM,30-Jul-2020,650,PE,34.55,34.55,31,31.15,31.15,8,46.39,12750,5100,06-JUL-2020,
OPTSTK,RAMCOCEM,30-Jul-2020,660,PE,0,0,0,138.25,26.1,0,0,0,0,06-JUL-2020,
OPTSTK,RAMCOCEM,30-Jul-2020,670,PE,0,0,0,145.75,31.75,0,0,0,0,06-JUL-2020,
OPTSTK,RAMCOCEM,30-Jul-2020,680,PE,0,0,0,153.3,37.95,0,0,0,0,06-JUL-2020,
OPTSTK,RAMCOCEM,30-Jul-2020,690,PE,0,0,0,161.05,44.7,0,0,0,0,06-JUL-2020,
OPTSTK,RAMCOCEM,30-Jul-2020,700,PE,0,0,0,67.95,52,0,0,850,0,06-JUL-2020,
OPTSTK,RAMCOCEM,30-Jul-2020,710,PE,0,0,0,176.85,59.75,0,0,0,0,06-JUL-2020,
OPTSTK,RAMCOCEM,30-Jul-2020,720,PE,0,0,0,184.9,67.95,0,0,0,0,06-JUL-2020,
OPTSTK,RAMCOCEM,30-Jul-2020,730,PE,0,0,0,193.05,76.45,0,0,0,0,06-JUL-2020,
OPTSTK,RAMCOCEM,30-Jul-2020,740,PE,0,0,0,201.35,85.3,0,0,0,0,06-JUL-2020,
OPTSTK,RAMCOCEM,30-Jul-2020,750,PE,0,0,0,209.7,94.35,0,0,0,0,06-JUL-2020,
OPTSTK,RAMCOCEM,30-Jul-2020,760,PE,0,0,0,213.2,103.65,0,0,0,0,06-JUL-2020,
OPTSTK,RAMCOCEM,30-Jul-2020,770,PE,0,0,0,206.9,113.1,0,0,0,0,06-JUL-2020,
OPTSTK,RAMCOCEM,27-Aug-2020,380,CE,0,0,0,247.95,278.5,0,0,0,0,06-JUL-2020,
OPTSTK,RAMCOCEM,27-Aug-2020,390,CE,0,0,0,239.25,268.55,0,0,0,0,06-JUL-2020,
OPTSTK,RAMCOCEM,27-Aug-2020,400,CE,0,0,0,230.75,258.6,0,0,0,0,06-JUL-2020,
OPTSTK,RAMCOCEM,27-Aug-2020,410,CE,0,0,0,222.4,248.7,0,0,0,0,06-JUL-2020,
OPTSTK,RAMCOCEM,27-Aug-2020,420,CE,0,0,0,214.15,238.75,0,0,0,0,06-JUL-2020,
OPTSTK,RAMCOCEM,27-Aug-2020,430,CE,0,0,0,206.15,228.8,0,0,0,0,06-JUL-2020,
OPTSTK,RAMCOCEM,27-Aug-2020,440,CE,0,0,0,198.25,218.9,0,0,0,0,06-JUL-2020,
OPTSTK,RAMCOCEM,27-Aug-2020,450,CE,0,0,0,190.6,209,0,0,0,0,06-JUL-2020,
OPTSTK,RAMCOCEM,27-Aug-2020,460,CE,0,0,0,183.1,199.1,0,0,0,0,06-JUL-2020,
OPTSTK,RAMCOCEM,27-Aug-2020,470,CE,0,0,0,175.8,189.25,0,0,0,0,06-JUL-2020,
OPTSTK,RAMCOCEM,27-Aug-2020,480,CE,0,0,0,168.7,179.4,0,0,0,0,06-JUL-2020,
OPTSTK,RAMCOCEM,27-Aug-2020,490,CE,0,0,0,161.75,169.65,0,0,0,0,06-JUL-2020,
OPTSTK,RAMCOCEM,27-Aug-2020,500,CE,0,0,0,155.05,159.95,0,0,0,0,06-JUL-2020,
OPTSTK,RAMCOCEM,27-Aug-2020,510,CE,0,0,0,148.5,150.35,0,0,0,0,06-JUL-2020,
OPTSTK,RAMCOCEM,27-Aug-2020,520,CE,0,0,0,142.2,140.85,0,0,0,0,06-JUL-2020,
OPTSTK,RAMCOCEM,27-Aug-2020,530,CE,0,0,0,136.05,131.55,0,0,0,0,06-JUL-2020,
OPTSTK,RAMCOCEM,27-Aug-2020,540,CE,0,0,0,130.15,122.35,0,0,0,0,06-JUL-2020,
OPTSTK,RAMCOCEM,27-Aug-2020,550,CE,0,0,0,124.4,113.4,0,0,0,0,06-JUL-2020,
OPTSTK,RAMCOCEM,27-Aug-2020,560,CE,0,0,0,118.9,104.7,0,0,0,0,06-JUL-2020,
OPTSTK,RAMCOCEM,27-Aug-2020,570,CE,0,0,0,113.55,96.25,0,0,0,0,06-JUL-2020,
OPTSTK,RAMCOCEM,27-Aug-2020,580,CE,0,0,0,108.45,88.15,0,0,0,0,06-JUL-2020,
OPTSTK,RAMCOCEM,27-Aug-2020,590,CE,0,0,0,103.5,80.35,0,0,0,0,06-JUL-2020,
OPTSTK,RAMCOCEM,27-Aug-2020,600,CE,0,0,0,98.7,72.9,0,0,0,0,06-JUL-2020,
OPTSTK,RAMCOCEM,27-Aug-2020,610,CE,0,0,0,94.15,65.9,0,0,0,0,06-JUL-2020,
OPTSTK,RAMCOCEM,27-Aug-2020,620,CE,0,0,0,89.75,59.25,0,0,0,0,06-JUL-2020,
OPTSTK,RAMCOCEM,27-Aug-2020,630,CE,0,0,0,85.5,53.05,0,0,0,0,06-JUL-2020,
OPTSTK,RAMCOCEM,27-Aug-2020,640,CE,0,0,0,81.45,47.25,0,0,0,0,06-JUL-2020,
OPTSTK,RAMCOCEM,27-Aug-2020,650,CE,0,0,0,77.55,41.9,0,0,0,0,06-JUL-2020,
OPTSTK,RAMCOCEM,27-Aug-2020,660,CE,0,0,0,73.85,37,0,0,0,0,06-JUL-2020,
OPTSTK,RAMCOCEM,27-Aug-2020,670,CE,0,0,0,70.25,32.5,0,0,0,0,06-JUL-2020,
OPTSTK,RAMCOCEM,27-Aug-2020,680,CE,0,0,0,66.85,28.45,0,0,0,0,06-JUL-2020,
OPTSTK,RAMCOCEM,27-Aug-2020,690,CE,0,0,0,63.6,24.75,0,0,0,0,06-JUL-2020,
OPTSTK,RAMCOCEM,27-Aug-2020,700,CE,0,0,0,60.45,21.45,0,0,0,0,06-JUL-2020,
OPTSTK,RAMCOCEM,27-Aug-2020,710,CE,0,0,0,57.45,18.5,0,0,0,0,06-JUL-2020,
OPTSTK,RAMCOCEM,27-Aug-2020,720,CE,0,0,0,54.6,15.9,0,0,0,0,06-JUL-2020,
OPTSTK,RAMCOCEM,27-Aug-2020,730,CE,0,0,0,51.9,13.6,0,0,0,0,06-JUL-2020,
OPTSTK,RAMCOCEM,27-Aug-2020,740,CE,0,0,0,49.3,11.6,0,0,0,0,06-JUL-2020,
OPTSTK,RAMCOCEM,27-Aug-2020,750,CE,0,0,0,46.85,9.85,0,0,0,0,06-JUL-2020,
OPTSTK,RAMCOCEM,27-Aug-2020,760,CE,0,0,0,44.5,8.3,0,0,0,0,06-JUL-2020,
OPTSTK,RAMCOCEM,27-Aug-2020,770,CE,0,0,0,42.25,7,0,0,0,0,06-JUL-2020,
OPTSTK,RAMCOCEM,27-Aug-2020,380,PE,0,0,0,6.55,0.05,0,0,0,0,06-JUL-2020,
OPTSTK,RAMCOCEM,27-Aug-2020,390,PE,0,0,0,7.75,0.05,0,0,0,0,06-JUL-2020,
OPTSTK,RAMCOCEM,27-Aug-2020,400,PE,0,0,0,9.1,0.05,0,0,0,0,06-JUL-2020,
OPTSTK,RAMCOCEM,27-Aug-2020,410,PE,0,0,0,10.6,0.05,0,0,0,0,06-JUL-2020,
OPTSTK,RAMCOCEM,27-Aug-2020,420,PE,0,0,0,12.25,0.05,0,0,0,0,06-JUL-2020,
OPTSTK,RAMCOCEM,27-Aug-2020,430,PE,0,0,0,14.1,0.05,0,0,0,0,06-JUL-2020,
OPTSTK,RAMCOCEM,27-Aug-2020,440,PE,0,0,0,16.15,0.05,0,0,0,0,06-JUL-2020,
OPTSTK,RAMCOCEM,27-Aug-2020,450,PE,0,0,0,18.3,0.1,0,0,0,0,06-JUL-2020,
OPTSTK,RAMCOCEM,27-Aug-2020,460,PE,0,0,0,20.7,0.15,0,0,0,0,06-JUL-2020,
OPTSTK,RAMCOCEM,27-Aug-2020,470,PE,0,0,0,23.3,0.2,0,0,0,0,06-JUL-2020,
OPTSTK,RAMCOCEM,27-Aug-2020,480,PE,0,0,0,26.05,0.35,0,0,0,0,06-JUL-2020,
OPTSTK,RAMCOCEM,27-Aug-2020,490,PE,0,0,0,29,0.5,0,0,0,0,06-JUL-2020,
OPTSTK,RAMCOCEM,27-Aug-2020,500,PE,0,0,0,32.15,0.75,0,0,0,0,06-JUL-2020,
OPTSTK,RAMCOCEM,27-Aug-2020,510,PE,0,0,0,35.55,1.1,0,0,0,0,06-JUL-2020,
OPTSTK,RAMCOCEM,27-Aug-2020,520,PE,0,0,0,39.1,1.55,0,0,0,0,06-JUL-2020,
OPTSTK,RAMCOCEM,27-Aug-2020,530,PE,0,0,0,42.8,2.15,0,0,0,0,06-JUL-2020,
OPTSTK,RAMCOCEM,27-Aug-2020,540,PE,0,0,0,46.8,2.9,0,0,0,0,06-JUL-2020,
OPTSTK,RAMCOCEM,27-Aug-2020,550,PE,0,0,0,50.95,3.9,0,0,0,0,06-JUL-2020,
OPTSTK,RAMCOCEM,27-Aug-2020,560,PE,0,0,0,55.3,5.1,0,0,0,0,06-JUL-2020,
OPTSTK,RAMCOCEM,27-Aug-2020,570,PE,0,0,0,59.85,6.6,0,0,0,0,06-JUL-2020,
OPTSTK,RAMCOCEM,27-Aug-2020,580,PE,0,0,0,64.6,8.45,0,0,0,0,06-JUL-2020,
OPTSTK,RAMCOCEM,27-Aug-2020,590,PE,0,0,0,69.5,10.6,0,0,0,0,06-JUL-2020,
OPTSTK,RAMCOCEM,27-Aug-2020,600,PE,0,0,0,74.65,13.1,0,0,0,0,06-JUL-2020,
OPTSTK,RAMCOCEM,27-Aug-2020,610,PE,0,0,0,79.95,16,0,0,0,0,06-JUL-2020,
OPTSTK,RAMCOCEM,27-Aug-2020,620,PE,0,0,0,85.4,19.3,0,0,0,0,06-JUL-2020,
OPTSTK,RAMCOCEM,27-Aug-2020,630,PE,0,0,0,91.05,23.05,0,0,0,0,06-JUL-2020,
OPTSTK,RAMCOCEM,27-Aug-2020,640,PE,0,0,0,96.9,27.2,0,0,0,0,06-JUL-2020,
OPTSTK,RAMCOCEM,27-Aug-2020,650,PE,0,0,0,102.85,31.8,0,0,0,0,06-JUL-2020,
OPTSTK,RAMCOCEM,27-Aug-2020,660,PE,0,0,0,109.05,36.8,0,0,0,0,06-JUL-2020,
OPTSTK,RAMCOCEM,27-Aug-2020,670,PE,0,0,0,115.35,42.3,0,0,0,0,06-JUL-2020,
OPTSTK,RAMCOCEM,27-Aug-2020,680,PE,0,0,0,121.8,48.15,0,0,0,0,06-JUL-2020,
OPTSTK,RAMCOCEM,27-Aug-2020,690,PE,0,0,0,128.4,54.4,0,0,0,0,06-JUL-2020,
OPTSTK,RAMCOCEM,27-Aug-2020,700,PE,0,0,0,135.15,61.05,0,0,0,0,06-JUL-2020,
OPTSTK,RAMCOCEM,27-Aug-2020,710,PE,0,0,0,142.05,68.05,0,0,0,0,06-JUL-2020,
OPTSTK,RAMCOCEM,27-Aug-2020,720,PE,0,0,0,149.1,75.35,0,0,0,0,06-JUL-2020,
OPTSTK,RAMCOCEM,27-Aug-2020,730,PE,0,0,0,156.25,83,0,0,0,0,06-JUL-2020,
OPTSTK,RAMCOCEM,27-Aug-2020,740,PE,0,0,0,163.5,90.95,0,0,0,0,06-JUL-2020,
OPTSTK,RAMCOCEM,27-Aug-2020,750,PE,0,0,0,170.95,99.1,0,0,0,0,06-JUL-2020,
OPTSTK,RAMCOCEM,27-Aug-2020,760,PE,0,0,0,178.45,107.5,0,0,0,0,06-JUL-2020,
OPTSTK,RAMCOCEM,27-Aug-2020,770,PE,0,0,0,186.1,116.15,0,0,0,0,06-JUL-2020,
OPTSTK,RAMCOCEM,24-Sep-2020,390,CE,0,0,0,247.5,269.85,0,0,0,0,06-JUL-2020,
OPTSTK,RAMCOCEM,24-Sep-2020,400,CE,0,0,0,237.75,259.95,0,0,0,0,06-JUL-2020,
OPTSTK,RAMCOCEM,24-Sep-2020,410,CE,0,0,0,228.05,250.1,0,0,0,0,06-JUL-2020,
OPTSTK,RAMCOCEM,24-Sep-2020,420,CE,0,0,0,218.4,240.25,0,0,0,0,06-JUL-2020,
OPTSTK,RAMCOCEM,24-Sep-2020,430,CE,0,0,0,208.85,230.4,0,0,0,0,06-JUL-2020,
OPTSTK,RAMCOCEM,24-Sep-2020,440,CE,0,0,0,199.4,220.6,0,0,0,0,06-JUL-2020,
OPTSTK,RAMCOCEM,24-Sep-2020,450,CE,0,0,0,190.05,210.8,0,0,0,0,06-JUL-2020,
OPTSTK,RAMCOCEM,24-Sep-2020,460,CE,0,0,0,180.8,201.1,0,0,0,0,06-JUL-2020,
OPTSTK,RAMCOCEM,24-Sep-2020,470,CE,0,0,0,171.7,191.45,0,0,0,0,06-JUL-2020,
OPTSTK,RAMCOCEM,24-Sep-2020,480,CE,0,0,0,162.8,181.9,0,0,0,0,06-JUL-2020,
OPTSTK,RAMCOCEM,24-Sep-2020,490,CE,0,0,0,154,172.45,0,0,0,0,06-JUL-2020,
OPTSTK,RAMCOCEM,24-Sep-2020,500,CE,0,0,0,145.45,163.1,0,0,0,0,06-JUL-2020,
OPTSTK,RAMCOCEM,24-Sep-2020,510,CE,0,0,0,137.1,153.9,0,0,0,0,06-JUL-2020,
OPTSTK,RAMCOCEM,24-Sep-2020,520,CE,0,0,0,128.95,144.9,0,0,0,0,06-JUL-2020,
OPTSTK,RAMCOCEM,24-Sep-2020,530,CE,0,0,0,121.1,136.05,0,0,0,0,06-JUL-2020,
OPTSTK,RAMCOCEM,24-Sep-2020,540,CE,0,0,0,113.45,127.4,0,0,0,0,06-JUL-2020,
OPTSTK,RAMCOCEM,24-Sep-2020,550,CE,0,0,0,106.15,119.05,0,0,0,0,06-JUL-2020,
OPTSTK,RAMCOCEM,24-Sep-2020,560,CE,0,0,0,99.05,110.9,0,0,0,0,06-JUL-2020,
OPTSTK,RAMCOCEM,24-Sep-2020,570,CE,0,0,0,92.25,103,0,0,0,0,06-JUL-2020,
OPTSTK,RAMCOCEM,24-Sep-2020,580,CE,0,0,0,85.75,95.45,0,0,0,0,06-JUL-2020,
OPTSTK,RAMCOCEM,24-Sep-2020,590,CE,0,0,0,79.55,88.2,0,0,0,0,06-JUL-2020,
OPTSTK,RAMCOCEM,24-Sep-2020,600,CE,0,0,0,73.7,81.25,0,0,0,0,06-JUL-2020,
OPTSTK,RAMCOCEM,24-Sep-2020,610,CE,0,0,0,68.1,74.65,0,0,0,0,06-JUL-2020,
OPTSTK,RAMCOCEM,24-Sep-2020,620,CE,0,0,0,62.85,68.4,0,0,0,0,06-JUL-2020,
OPTSTK,RAMCOCEM,24-Sep-2020,630,CE,0,0,0,57.85,62.5,0,0,0,0,06-JUL-2020,
OPTSTK,RAMCOCEM,24-Sep-2020,640,CE,0,0,0,53.2,56.95,0,0,0,0,06-JUL-2020,
OPTSTK,RAMCOCEM,24-Sep-2020,650,CE,0,0,0,48.8,51.7,0,0,0,0,06-JUL-2020,
OPTSTK,RAMCOCEM,24-Sep-2020,660,CE,0,0,0,44.7,46.85,0,0,0,0,06-JUL-2020,
OPTSTK,RAMCOCEM,24-Sep-2020,670,CE,0,0,0,40.85,42.35,0,0,0,0,06-JUL-2020,
OPTSTK,RAMCOCEM,24-Sep-2020,680,CE,0,0,0,37.3,38.15,0,0,0,0,06-JUL-2020,
OPTSTK,RAMCOCEM,24-Sep-2020,690,CE,0,0,0,34,34.3,0,0,0,0,06-JUL-2020,
OPTSTK,RAMCOCEM,24-Sep-2020,700,CE,0,0,0,30.95,30.75,0,0,0,0,06-JUL-2020,
OPTSTK,RAMCOCEM,24-Sep-2020,710,CE,0,0,0,28.1,27.5,0,0,0,0,06-JUL-2020,
OPTSTK,RAMCOCEM,24-Sep-2020,720,CE,0,0,0,25.55,24.5,0,0,0,0,06-JUL-2020,
OPTSTK,RAMCOCEM,24-Sep-2020,730,CE,0,0,0,23.15,21.8,0,0,0,0,06-JUL-2020,
OPTSTK,RAMCOCEM,24-Sep-2020,740,CE,0,0,0,20.95,19.35,0,0,0,0,06-JUL-2020,
OPTSTK,RAMCOCEM,24-Sep-2020,750,CE,0,0,0,18.9,17.15,0,0,0,0,06-JUL-2020,
OPTSTK,RAMCOCEM,24-Sep-2020,760,CE,0,0,0,17.05,15.15,0,0,0,0,06-JUL-2020,
OPTSTK,RAMCOCEM,24-Sep-2020,770,CE,0,0,0,15.35,13.35,0,0,0,0,06-JUL-2020,
OPTSTK,RAMCOCEM,24-Sep-2020,390,PE,0,0,0,0.35,0.05,0,0,0,0,06-JUL-2020,
OPTSTK,RAMCOCEM,24-Sep-2020,400,PE,0,0,0,0.5,0.05,0,0,0,0,06-JUL-2020,
OPTSTK,RAMCOCEM,24-Sep-2020,410,PE,0,0,0,0.7,0.1,0,0,0,0,06-JUL-2020,
OPTSTK,RAMCOCEM,24-Sep-2020,420,PE,0,0,0,0.95,0.15,0,0,0,0,06-JUL-2020,
OPTSTK,RAMCOCEM,24-Sep-2020,430,PE,0,0,0,1.3,0.2,0,0,0,0,06-JUL-2020,
OPTSTK,RAMCOCEM,24-Sep-2020,440,PE,0,0,0,1.7,0.3,0,0,0,0,06-JUL-2020,
OPTSTK,RAMCOCEM,24-Sep-2020,450,PE,0,0,0,2.25,0.45,0,0,0,0,06-JUL-2020,
OPTSTK,RAMCOCEM,24-Sep-2020,460,PE,0,0,0,2.9,0.65,0,0,0,0,06-JUL-2020,
OPTSTK,RAMCOCEM,24-Sep-2020,470,PE,0,0,0,3.65,0.9,0,0,0,0,06-JUL-2020,
OPTSTK,RAMCOCEM,24-Sep-2020,480,PE,0,0,0,4.6,1.25,0,0,0,0,06-JUL-2020,
OPTSTK,RAMCOCEM,24-Sep-2020,490,PE,0,0,0,5.75,1.7,0,0,0,0,06-JUL-2020,
OPTSTK,RAMCOCEM,24-Sep-2020,500,PE,0,0,0,7.05,2.3,0,0,0,0,06-JUL-2020,
OPTSTK,RAMCOCEM,24-Sep-2020,510,PE,0,0,0,8.6,3,0,0,0,0,06-JUL-2020,
OPTSTK,RAMCOCEM,24-Sep-2020,520,PE,0,0,0,10.35,3.85,0,0,0,0,06-JUL-2020,
OPTSTK,RAMCOCEM,24-Sep-2020,530,PE,0,0,0,12.35,4.95,0,0,0,0,06-JUL-2020,
OPTSTK,RAMCOCEM,24-Sep-2020,540,PE,0,0,0,14.6,6.2,0,0,0,0,06-JUL-2020,
OPTSTK,RAMCOCEM,24-Sep-2020,550,PE,0,0,0,17.15,7.75,0,0,0,0,06-JUL-2020,
OPTSTK,RAMCOCEM,24-Sep-2020,560,PE,0,0,0,19.95,9.5,0,0,0,0,06-JUL-2020,
OPTSTK,RAMCOCEM,24-Sep-2020,570,PE,0,0,0,23,11.55,0,0,0,0,06-JUL-2020,
OPTSTK,RAMCOCEM,24-Sep-2020,580,PE,0,0,0,26.4,13.85,0,0,0,0,06-JUL-2020,
OPTSTK,RAMCOCEM,24-Sep-2020,590,PE,0,0,0,30.1,16.5,0,0,0,0,06-JUL-2020,
OPTSTK,RAMCOCEM,24-Sep-2020,600,PE,0,0,0,34.1,19.5,0,0,0,0,06-JUL-2020,
OPTSTK,RAMCOCEM,24-Sep-2020,610,PE,0,0,0,38.45,22.8,0,0,0,0,06-JUL-2020,
OPTSTK,RAMCOCEM,24-Sep-2020,620,PE,0,0,0,43.05,26.45,0,0,0,0,06-JUL-2020,
OPTSTK,RAMCOCEM,24-Sep-2020,630,PE,0,0,0,47.95,30.45,0,0,0,0,06-JUL-2020,
OPTSTK,RAMCOCEM,24-Sep-2020,640,PE,0,0,0,53.15,34.8,0,0,0,0,06-JUL-2020,
OPTSTK,RAMCOCEM,24-Sep-2020,650,PE,0,0,0,58.65,39.5,0,0,0,0,06-JUL-2020,
OPTSTK,RAMCOCEM,24-Sep-2020,660,PE,0,0,0,64.45,44.55,0,0,0,0,06-JUL-2020,
OPTSTK,RAMCOCEM,24-Sep-2020,670,PE,0,0,0,70.5,49.95,0,0,0,0,06-JUL-2020,
OPTSTK,RAMCOCEM,24-Sep-2020,680,PE,0,0,0,76.85,55.65,0,0,0,0,06-JUL-2020,
OPTSTK,RAMCOCEM,24-Sep-2020,690,PE,0,0,0,83.4,61.7,0,0,0,0,06-JUL-2020,
OPTSTK,RAMCOCEM,24-Sep-2020,700,PE,0,0,0,90.2,68.05,0,0,0,0,06-JUL-2020,
OPTSTK,RAMCOCEM,24-Sep-2020,710,PE,0,0,0,97.25,74.7,0,0,0,0,06-JUL-2020,
OPTSTK,RAMCOCEM,24-Sep-2020,720,PE,0,0,0,104.6,81.65,0,0,0,0,06-JUL-2020,
OPTSTK,RAMCOCEM,24-Sep-2020,730,PE,0,0,0,112.05,88.85,0,0,0,0,06-JUL-2020,
OPTSTK,RAMCOCEM,24-Sep-2020,740,PE,0,0,0,119.75,96.3,0,0,0,0,06-JUL-2020,
OPTSTK,RAMCOCEM,24-Sep-2020,750,PE,0,0,0,127.6,104,0,0,0,0,06-JUL-2020,
OPTSTK,RAMCOCEM,24-Sep-2020,760,PE,0,0,0,135.65,111.9,0,0,0,0,06-JUL-2020,
OPTSTK,RAMCOCEM,24-Sep-2020,770,PE,0,0,0,143.8,120,0,0,0,0,06-JUL-2020,
OPTSTK,RBLBANK,30-Jul-2020,60,CE,0,0,0,75.6,118.2,0,0,0,0,06-JUL-2020,
OPTSTK,RBLBANK,30-Jul-2020,70,CE,0,0,0,67.75,108.25,0,0,0,0,06-JUL-2020,
OPTSTK,RBLBANK,30-Jul-2020,80,CE,0,0,0,60.6,98.25,0,0,0,0,06-JUL-2020,
OPTSTK,RBLBANK,30-Jul-2020,90,CE,0,0,0,54.1,88.3,0,0,0,0,06-JUL-2020,
OPTSTK,RBLBANK,30-Jul-2020,95,CE,0,0,0,31.65,83.3,0,0,0,0,06-JUL-2020,
OPTSTK,RBLBANK,30-Jul-2020,100,CE,0,0,0,48.3,78.35,0,0,0,0,06-JUL-2020,
OPTSTK,RBLBANK,30-Jul-2020,105,CE,0,0,0,26.1,73.35,0,0,0,0,06-JUL-2020,
OPTSTK,RBLBANK,30-Jul-2020,110,CE,0,0,0,60,68.4,0,0,2600,0,06-JUL-2020,
OPTSTK,RBLBANK,30-Jul-2020,115,CE,0,0,0,21.4,63.45,0,0,0,0,06-JUL-2020,
OPTSTK,RBLBANK,30-Jul-2020,120,CE,0,0,0,55.15,58.55,0,0,13000,0,06-JUL-2020,
OPTSTK,RBLBANK,30-Jul-2020,125,CE,0,0,0,31.95,53.7,0,0,2600,0,06-JUL-2020,
OPTSTK,RBLBANK,30-Jul-2020,130,CE,0,0,0,45.7,48.9,0,0,28600,0,06-JUL-2020,
OPTSTK,RBLBANK,30-Jul-2020,135,CE,0,0,0,29.2,44.25,0,0,5200,0,06-JUL-2020,
OPTSTK,RBLBANK,30-Jul-2020,140,CE,0,0,0,43.4,39.75,0,0,41600,0,06-JUL-2020,
OPTSTK,RBLBANK,30-Jul-2020,145,CE,0,0,0,60.1,35.4,0,0,5200,0,06-JUL-2020,
OPTSTK,RBLBANK,30-Jul-2020,150,CE,31.4,34.05,31,32.15,32.15,9,42.66,88400,0,06-JUL-2020,
OPTSTK,RBLBANK,30-Jul-2020,155,CE,0,0,0,23.9,27.4,0,0,2600,0,06-JUL-2020,
OPTSTK,RBLBANK,30-Jul-2020,160,CE,24,26.55,24,25.35,25.35,22,105.84,143000,-5200,06-JUL-2020,
OPTSTK,RBLBANK,30-Jul-2020,165,CE,21.5,21.5,21.5,21.5,20.55,1,4.84,10400,-2600,06-JUL-2020,
OPTSTK,RBLBANK,30-Jul-2020,170,CE,18.5,21.3,18.2,19.6,19.6,99,488.06,340600,-31200,06-JUL-2020,
OPTSTK,RBLBANK,30-Jul-2020,175,CE,16.8,18.75,16.2,17.1,17.1,190,949.04,239200,10400,06-JUL-2020,
OPTSTK,RBLBANK,30-Jul-2020,180,CE,14.3,16.35,13.5,14.8,14.8,1074,5446.87,1112800,-132600,06-JUL-2020,
OPTSTK,RBLBANK,30-Jul-2020,185,CE,12,14.35,12,12.85,12.85,353,1818.27,317200,0,06-JUL-2020,
OPTSTK,RBLBANK,30-Jul-2020,190,CE,10.45,12.3,10.3,11.05,11.05,387,2025.23,780000,-96200,06-JUL-2020,
OPTSTK,RBLBANK,30-Jul-2020,195,CE,8.9,10.65,8.9,9.45,9.45,98,521.44,249600,2600,06-JUL-2020,
OPTSTK,RBLBANK,30-Jul-2020,200,CE,8.2,9.15,7.45,8.15,8.15,604,3272.68,1643200,-33800,06-JUL-2020,
OPTSTK,RBLBANK,30-Jul-2020,205,CE,7.2,7.5,6.75,6.85,4.65,16,88.22,132600,7800,06-JUL-2020,
OPTSTK,RBLBANK,30-Jul-2020,210,CE,6,6.75,5.75,5.9,5.9,201,1129.57,1053000,10400,06-JUL-2020,
OPTSTK,RBLBANK,30-Jul-2020,215,CE,5,5.2,4.95,5.2,3,5,28.61,85800,0,06-JUL-2020,
OPTSTK,RBLBANK,30-Jul-2020,220,CE,4.45,4.8,4.15,4.25,4.25,163,951.12,1203800,2600,06-JUL-2020,
OPTSTK,RBLBANK,30-Jul-2020,225,CE,0,0,0,9.3,1.9,0,0,0,0,06-JUL-2020,
OPTSTK,RBLBANK,30-Jul-2020,230,CE,3.6,3.7,2.9,3.05,3.05,103,624.7,1053000,-7800,06-JUL-2020,
OPTSTK,RBLBANK,30-Jul-2020,60,PE,0,0,0,3.5,0.05,0,0,2600,0,06-JUL-2020,
OPTSTK,RBLBANK,30-Jul-2020,70,PE,0,0,0,4.7,0.05,0,0,0,0,06-JUL-2020,
OPTSTK,RBLBANK,30-Jul-2020,80,PE,0,0,0,7.4,0.05,0,0,0,0,06-JUL-2020,
OPTSTK,RBLBANK,30-Jul-2020,90,PE,0,0,0,10.8,0.05,0,0,0,0,06-JUL-2020,
OPTSTK,RBLBANK,30-Jul-2020,95,PE,0,0,0,9.2,0.05,0,0,0,0,06-JUL-2020,
OPTSTK,RBLBANK,30-Jul-2020,100,PE,0,0,0,0.4,0.05,0,0,93600,0,06-JUL-2020,
OPTSTK,RBLBANK,30-Jul-2020,105,PE,0.25,0.25,0.2,0.2,0.05,2,5.47,169000,0,06-JUL-2020,
OPTSTK,RBLBANK,30-Jul-2020,110,PE,0,0,0,0.45,0.05,0,0,7800,0,06-JUL-2020,
OPTSTK,RBLBANK,30-Jul-2020,115,PE,0,0,0,3,0.1,0,0,2600,0,06-JUL-2020,
OPTSTK,RBLBANK,30-Jul-2020,120,PE,0.7,0.9,0.7,0.9,0.15,7,21.98,114400,0,06-JUL-2020,
OPTSTK,RBLBANK,30-Jul-2020,125,PE,0,0,0,24.75,0.3,0,0,0,0,06-JUL-2020,
OPTSTK,RBLBANK,30-Jul-2020,130,PE,1.8,1.8,1.2,1.3,1.3,27,92.26,327600,-28600,06-JUL-2020,
OPTSTK,RBLBANK,30-Jul-2020,135,PE,0,0,0,2.45,0.85,0,0,5200,0,06-JUL-2020,
OPTSTK,RBLBANK,30-Jul-2020,140,PE,3.3,3.3,2.25,2.4,2.4,73,270.86,826800,-18200,06-JUL-2020,
OPTSTK,RBLBANK,30-Jul-2020,145,PE,0,0,0,5.4,1.95,0,0,10400,0,06-JUL-2020,
OPTSTK,RBLBANK,30-Jul-2020,150,PE,6.1,6.1,4.2,4.3,4.3,205,825.1,954200,31200,06-JUL-2020,
OPTSTK,RBLBANK,30-Jul-2020,155,PE,6.5,6.9,5.6,5.6,5.6,16,67.13,109200,2600,06-JUL-2020,
OPTSTK,RBLBANK,30-Jul-2020,160,PE,8.45,9,7,7.3,7.3,253,1104.56,673400,-36400,06-JUL-2020,
OPTSTK,RBLBANK,30-Jul-2020,165,PE,10.85,10.95,8.85,9.2,9.2,73,331.88,106600,-28600,06-JUL-2020,
OPTSTK,RBLBANK,30-Jul-2020,170,PE,12.25,13.45,10.85,11.35,11.35,370,1752.07,579800,-39000,06-JUL-2020,
OPTSTK,RBLBANK,30-Jul-2020,175,PE,14.35,16.05,13.35,13.8,13.8,102,503.09,169000,31200,06-JUL-2020,
OPTSTK,RBLBANK,30-Jul-2020,180,PE,17.95,18.85,15.6,16.45,16.45,162,831.24,559000,18200,06-JUL-2020,
OPTSTK,RBLBANK,30-Jul-2020,185,PE,21.15,21.95,18.55,19.4,19.4,45,240.39,88400,-31200,06-JUL-2020,
OPTSTK,RBLBANK,30-Jul-2020,190,PE,24.45,25,22.55,22.85,22.85,43,238.86,260000,-18200,06-JUL-2020,
OPTSTK,RBLBANK,30-Jul-2020,195,PE,26.65,26.65,26.05,26.05,26.05,7,40.3,39000,-2600,06-JUL-2020,
OPTSTK,RBLBANK,30-Jul-2020,200,PE,30.05,32.25,29,30,27.15,19,113.86,145600,2600,06-JUL-2020,
OPTSTK,RBLBANK,30-Jul-2020,205,PE,0,0,0,36.5,31.05,0,0,23400,0,06-JUL-2020,
OPTSTK,RBLBANK,30-Jul-2020,210,PE,0,0,0,42.4,35.1,0,0,54600,0,06-JUL-2020,
OPTSTK,RBLBANK,30-Jul-2020,215,PE,43.9,43.9,43.9,43.9,39.35,1,6.73,23400,-2600,06-JUL-2020,
OPTSTK,RBLBANK,30-Jul-2020,220,PE,46.6,46.6,46.6,46.6,43.7,1,6.93,33800,-2600,06-JUL-2020,
OPTSTK,RBLBANK,30-Jul-2020,225,PE,0,0,0,50.9,48.2,0,0,0,0,06-JUL-2020,
OPTSTK,RBLBANK,30-Jul-2020,230,PE,0,0,0,56.6,52.8,0,0,31200,0,06-JUL-2020,
OPTSTK,RBLBANK,27-Aug-2020,65,CE,0,0,0,55.35,113.45,0,0,0,0,06-JUL-2020,
OPTSTK,RBLBANK,27-Aug-2020,70,CE,0,0,0,51.45,108.45,0,0,0,0,06-JUL-2020,
OPTSTK,RBLBANK,27-Aug-2020,75,CE,0,0,0,47.8,103.5,0,0,0,0,06-JUL-2020,
OPTSTK,RBLBANK,27-Aug-2020,80,CE,0,0,0,44.3,98.55,0,0,0,0,06-JUL-2020,
OPTSTK,RBLBANK,27-Aug-2020,85,CE,0,0,0,41.05,93.6,0,0,0,0,06-JUL-2020,
OPTSTK,RBLBANK,27-Aug-2020,90,CE,0,0,0,37.95,88.65,0,0,0,0,06-JUL-2020,
OPTSTK,RBLBANK,27-Aug-2020,95,CE,0,0,0,35.1,83.75,0,0,0,0,06-JUL-2020,
OPTSTK,RBLBANK,27-Aug-2020,100,CE,0,0,0,32.45,78.85,0,0,0,0,06-JUL-2020,
OPTSTK,RBLBANK,27-Aug-2020,105,CE,0,0,0,29.95,74.05,0,0,0,0,06-JUL-2020,
OPTSTK,RBLBANK,27-Aug-2020,110,CE,0,0,0,27.65,69.25,0,0,0,0,06-JUL-2020,
OPTSTK,RBLBANK,27-Aug-2020,115,CE,0,0,0,25.55,64.6,0,0,0,0,06-JUL-2020,
OPTSTK,RBLBANK,27-Aug-2020,120,CE,0,0,0,23.55,60,0,0,0,0,06-JUL-2020,
OPTSTK,RBLBANK,27-Aug-2020,125,CE,0,0,0,21.75,55.55,0,0,0,0,06-JUL-2020,
OPTSTK,RBLBANK,27-Aug-2020,130,CE,0,0,0,20.05,51.25,0,0,0,0,06-JUL-2020,
OPTSTK,RBLBANK,27-Aug-2020,135,CE,0,0,0,18.5,47.15,0,0,0,0,06-JUL-2020,
OPTSTK,RBLBANK,27-Aug-2020,140,CE,0,0,0,17.05,43.15,0,0,0,0,06-JUL-2020,
OPTSTK,RBLBANK,27-Aug-2020,145,CE,0,0,0,15.75,39.4,0,0,0,0,06-JUL-2020,
OPTSTK,RBLBANK,27-Aug-2020,150,CE,0,0,0,14.5,35.85,0,0,0,0,06-JUL-2020,
OPTSTK,RBLBANK,27-Aug-2020,155,CE,0,0,0,13.4,32.5,0,0,0,0,06-JUL-2020,
OPTSTK,RBLBANK,27-Aug-2020,160,CE,0,0,0,12.35,29.35,0,0,0,0,06-JUL-2020,
OPTSTK,RBLBANK,27-Aug-2020,165,CE,0,0,0,11.4,26.4,0,0,0,0,06-JUL-2020,
OPTSTK,RBLBANK,27-Aug-2020,170,CE,0,0,0,10.8,23.7,0,0,0,0,06-JUL-2020,
OPTSTK,RBLBANK,27-Aug-2020,175,CE,0,0,0,12.6,21.25,0,0,0,0,06-JUL-2020,
OPTSTK,RBLBANK,27-Aug-2020,180,CE,0,0,0,11.6,18.95,0,0,0,0,06-JUL-2020,
OPTSTK,RBLBANK,27-Aug-2020,185,CE,0,0,0,15.3,16.85,0,0,5200,0,06-JUL-2020,
OPTSTK,RBLBANK,27-Aug-2020,190,CE,0,0,0,10.7,15,0,0,0,0,06-JUL-2020,
OPTSTK,RBLBANK,27-Aug-2020,195,CE,0,0,0,18.5,13.25,0,0,0,0,06-JUL-2020,
OPTSTK,RBLBANK,27-Aug-2020,200,CE,13.1,13.1,13.1,13.1,11.7,1,5.54,13000,2600,06-JUL-2020,
OPTSTK,RBLBANK,27-Aug-2020,205,CE,0,0,0,15.95,10.35,0,0,0,0,06-JUL-2020,
OPTSTK,RBLBANK,27-Aug-2020,210,CE,0,0,0,14.8,9.1,0,0,0,0,06-JUL-2020,
OPTSTK,RBLBANK,27-Aug-2020,215,CE,0,0,0,13.7,8,0,0,0,0,06-JUL-2020,
OPTSTK,RBLBANK,27-Aug-2020,220,CE,0,0,0,14.05,7,0,0,0,0,06-JUL-2020,
OPTSTK,RBLBANK,27-Aug-2020,225,CE,0,0,0,16.05,6.1,0,0,0,0,06-JUL-2020,
OPTSTK,RBLBANK,27-Aug-2020,65,PE,0,0,0,2.9,0.05,0,0,0,0,06-JUL-2020,
OPTSTK,RBLBANK,27-Aug-2020,70,PE,0,0,0,3.95,0.05,0,0,0,0,06-JUL-2020,
OPTSTK,RBLBANK,27-Aug-2020,75,PE,0,0,0,5.2,0.05,0,0,0,0,06-JUL-2020,
OPTSTK,RBLBANK,27-Aug-2020,80,PE,0,0,0,6.7,0.05,0,0,0,0,06-JUL-2020,
OPTSTK,RBLBANK,27-Aug-2020,85,PE,0,0,0,8.35,0.05,0,0,0,0,06-JUL-2020,
OPTSTK,RBLBANK,27-Aug-2020,90,PE,0,0,0,10.25,0.05,0,0,0,0,06-JUL-2020,
OPTSTK,RBLBANK,27-Aug-2020,95,PE,0,0,0,12.3,0.1,0,0,0,0,06-JUL-2020,
OPTSTK,RBLBANK,27-Aug-2020,100,PE,0,0,0,14.55,0.2,0,0,0,0,06-JUL-2020,
OPTSTK,RBLBANK,27-Aug-2020,105,PE,0,0,0,9,0.35,0,0,2600,0,06-JUL-2020,
OPTSTK,RBLBANK,27-Aug-2020,110,PE,0,0,0,19.65,0.55,0,0,0,0,06-JUL-2020,
OPTSTK,RBLBANK,27-Aug-2020,115,PE,0,0,0,22.5,0.85,0,0,0,0,06-JUL-2020,
OPTSTK,RBLBANK,27-Aug-2020,120,PE,0,0,0,25.45,1.25,0,0,0,0,06-JUL-2020,
OPTSTK,RBLBANK,27-Aug-2020,125,PE,0,0,0,28.55,1.75,0,0,0,0,06-JUL-2020,
OPTSTK,RBLBANK,27-Aug-2020,130,PE,0,0,0,31.8,2.45,0,0,0,0,06-JUL-2020,
OPTSTK,RBLBANK,27-Aug-2020,135,PE,7.8,7.8,7.8,7.8,3.25,19,70.54,101400,49400,06-JUL-2020,
OPTSTK,RBLBANK,27-Aug-2020,140,PE,0,0,0,38.7,4.25,0,0,0,0,06-JUL-2020,
OPTSTK,RBLBANK,27-Aug-2020,145,PE,0,0,0,42.3,5.45,0,0,0,0,06-JUL-2020,
OPTSTK,RBLBANK,27-Aug-2020,150,PE,0,0,0,46.05,6.9,0,0,0,0,06-JUL-2020,
OPTSTK,RBLBANK,27-Aug-2020,155,PE,0,0,0,49.85,8.5,0,0,0,0,06-JUL-2020,
OPTSTK,RBLBANK,27-Aug-2020,160,PE,0,0,0,53.75,10.35,0,0,0,0,06-JUL-2020,
OPTSTK,RBLBANK,27-Aug-2020,165,PE,0,0,0,57.75,12.4,0,0,0,0,06-JUL-2020,
OPTSTK,RBLBANK,27-Aug-2020,170,PE,0,0,0,20.5,14.65,0,0,49400,0,06-JUL-2020,
OPTSTK,RBLBANK,27-Aug-2020,175,PE,0,0,0,55.7,17.15,0,0,0,0,06-JUL-2020,
OPTSTK,RBLBANK,27-Aug-2020,180,PE,0,0,0,25,19.8,0,0,49400,0,06-JUL-2020,
OPTSTK,RBLBANK,27-Aug-2020,185,PE,0,0,0,30.7,22.7,0,0,5200,0,06-JUL-2020,
OPTSTK,RBLBANK,27-Aug-2020,190,PE,0,0,0,58.2,25.8,0,0,0,0,06-JUL-2020,
OPTSTK,RBLBANK,27-Aug-2020,195,PE,0,0,0,47.3,29.05,0,0,0,0,06-JUL-2020,
OPTSTK,RBLBANK,27-Aug-2020,200,PE,0,0,0,50.9,32.45,0,0,0,0,06-JUL-2020,
OPTSTK,RBLBANK,27-Aug-2020,205,PE,0,0,0,54.65,36.05,0,0,0,0,06-JUL-2020,
OPTSTK,RBLBANK,27-Aug-2020,210,PE,0,0,0,58.45,39.75,0,0,0,0,06-JUL-2020,
OPTSTK,RBLBANK,27-Aug-2020,215,PE,0,0,0,62.3,43.65,0,0,0,0,06-JUL-2020,
OPTSTK,RBLBANK,27-Aug-2020,220,PE,0,0,0,63.3,47.6,0,0,0,0,06-JUL-2020,
OPTSTK,RBLBANK,27-Aug-2020,225,PE,0,0,0,56.85,51.7,0,0,0,0,06-JUL-2020,
OPTSTK,RBLBANK,24-Sep-2020,120,CE,0,0,0,77.25,61.95,0,0,0,0,06-JUL-2020,
OPTSTK,RBLBANK,24-Sep-2020,125,CE,0,0,0,73.5,57.8,0,0,0,0,06-JUL-2020,
OPTSTK,RBLBANK,24-Sep-2020,130,CE,0,0,0,69.85,53.85,0,0,0,0,06-JUL-2020,
OPTSTK,RBLBANK,24-Sep-2020,135,CE,0,0,0,66.4,50.05,0,0,0,0,06-JUL-2020,
OPTSTK,RBLBANK,24-Sep-2020,140,CE,0,0,0,63,46.4,0,0,0,0,06-JUL-2020,
OPTSTK,RBLBANK,24-Sep-2020,145,CE,0,0,0,59.8,42.95,0,0,0,0,06-JUL-2020,
OPTSTK,RBLBANK,24-Sep-2020,150,CE,0,0,0,56.7,39.7,0,0,0,0,06-JUL-2020,
OPTSTK,RBLBANK,24-Sep-2020,155,CE,0,0,0,53.75,36.6,0,0,0,0,06-JUL-2020,
OPTSTK,RBLBANK,24-Sep-2020,160,CE,0,0,0,50.9,33.7,0,0,0,0,06-JUL-2020,
OPTSTK,RBLBANK,24-Sep-2020,165,CE,0,0,0,48.2,30.95,0,0,0,0,06-JUL-2020,
OPTSTK,RBLBANK,24-Sep-2020,170,CE,0,0,0,45.65,28.4,0,0,0,0,06-JUL-2020,
OPTSTK,RBLBANK,24-Sep-2020,175,CE,0,0,0,43.2,26.05,0,0,0,0,06-JUL-2020,
OPTSTK,RBLBANK,24-Sep-2020,180,CE,0,0,0,40.85,23.8,0,0,0,0,06-JUL-2020,
OPTSTK,RBLBANK,24-Sep-2020,185,CE,0,0,0,38.65,21.75,0,0,0,0,06-JUL-2020,
OPTSTK,RBLBANK,24-Sep-2020,190,CE,0,0,0,36.55,19.85,0,0,0,0,06-JUL-2020,
OPTSTK,RBLBANK,24-Sep-2020,195,CE,0,0,0,34.55,18.1,0,0,0,0,06-JUL-2020,
OPTSTK,RBLBANK,24-Sep-2020,200,CE,0,0,0,32.65,16.5,0,0,0,0,06-JUL-2020,
OPTSTK,RBLBANK,24-Sep-2020,205,CE,0,0,0,30.85,15,0,0,0,0,06-JUL-2020,
OPTSTK,RBLBANK,24-Sep-2020,210,CE,0,0,0,29.15,13.6,0,0,0,0,06-JUL-2020,
OPTSTK,RBLBANK,24-Sep-2020,215,CE,0,0,0,27.5,12.35,0,0,0,0,06-JUL-2020,
OPTSTK,RBLBANK,24-Sep-2020,220,CE,0,0,0,26,11.2,0,0,0,0,06-JUL-2020,
OPTSTK,RBLBANK,24-Sep-2020,225,CE,0,0,0,24.55,10.15,0,0,0,0,06-JUL-2020,
OPTSTK,RBLBANK,24-Sep-2020,120,PE,0,0,0,5.95,2.8,0,0,0,0,06-JUL-2020,
OPTSTK,RBLBANK,24-Sep-2020,125,PE,0,0,0,7.15,3.6,0,0,0,0,06-JUL-2020,
OPTSTK,RBLBANK,24-Sep-2020,130,PE,0,0,0,8.45,4.6,0,0,0,0,06-JUL-2020,
OPTSTK,RBLBANK,24-Sep-2020,135,PE,0,0,0,9.9,5.75,0,0,0,0,06-JUL-2020,
OPTSTK,RBLBANK,24-Sep-2020,140,PE,0,0,0,11.5,7.1,0,0,0,0,06-JUL-2020,
OPTSTK,RBLBANK,24-Sep-2020,145,PE,0,0,0,13.2,8.6,0,0,0,0,06-JUL-2020,
OPTSTK,RBLBANK,24-Sep-2020,150,PE,0,0,0,15.05,10.25,0,0,0,0,06-JUL-2020,
OPTSTK,RBLBANK,24-Sep-2020,155,PE,0,0,0,17.05,12.1,0,0,0,0,06-JUL-2020,
OPTSTK,RBLBANK,24-Sep-2020,160,PE,0,0,0,19.15,14.15,0,0,0,0,06-JUL-2020,
OPTSTK,RBLBANK,24-Sep-2020,165,PE,0,0,0,21.4,16.4,0,0,0,0,06-JUL-2020,
OPTSTK,RBLBANK,24-Sep-2020,170,PE,0,0,0,23.75,18.8,0,0,0,0,06-JUL-2020,
OPTSTK,RBLBANK,24-Sep-2020,175,PE,0,0,0,26.25,21.35,0,0,0,0,06-JUL-2020,
OPTSTK,RBLBANK,24-Sep-2020,180,PE,0,0,0,28.85,24.1,0,0,0,0,06-JUL-2020,
OPTSTK,RBLBANK,24-Sep-2020,185,PE,0,0,0,31.6,27,0,0,0,0,06-JUL-2020,
OPTSTK,RBLBANK,24-Sep-2020,190,PE,0,0,0,34.45,30.05,0,0,0,0,06-JUL-2020,
OPTSTK,RBLBANK,24-Sep-2020,195,PE,0,0,0,37.35,33.25,0,0,0,0,06-JUL-2020,
OPTSTK,RBLBANK,24-Sep-2020,200,PE,0,0,0,40.4,36.6,0,0,0,0,06-JUL-2020,
OPTSTK,RBLBANK,24-Sep-2020,205,PE,0,0,0,43.55,40.05,0,0,0,0,06-JUL-2020,
OPTSTK,RBLBANK,24-Sep-2020,210,PE,0,0,0,46.8,43.65,0,0,0,0,06-JUL-2020,
OPTSTK,RBLBANK,24-Sep-2020,215,PE,0,0,0,50.1,47.3,0,0,0,0,06-JUL-2020,
OPTSTK,RBLBANK,24-Sep-2020,220,PE,0,0,0,53.55,51.15,0,0,0,0,06-JUL-2020,
OPTSTK,RBLBANK,24-Sep-2020,225,PE,0,0,0,57.05,55.05,0,0,0,0,06-JUL-2020,
OPTSTK,RECLTD,30-Jul-2020,55,CE,0,0,0,41.6,56.75,0,0,0,0,06-JUL-2020,
OPTSTK,RECLTD,30-Jul-2020,57.5,CE,0,0,0,39.25,54.25,0,0,0,0,06-JUL-2020,
OPTSTK,RECLTD,30-Jul-2020,60,CE,0,0,0,37,51.75,0,0,0,0,06-JUL-2020,
OPTSTK,RECLTD,30-Jul-2020,62.5,CE,0,0,0,34.75,49.25,0,0,0,0,06-JUL-2020,
OPTSTK,RECLTD,30-Jul-2020,65,CE,0,0,0,32.6,46.8,0,0,0,0,06-JUL-2020,
OPTSTK,RECLTD,30-Jul-2020,67.5,CE,0,0,0,30.5,44.3,0,0,0,0,06-JUL-2020,
OPTSTK,RECLTD,30-Jul-2020,70,CE,0,0,0,28.45,41.8,0,0,0,0,06-JUL-2020,
OPTSTK,RECLTD,30-Jul-2020,72.5,CE,0,0,0,26.5,39.3,0,0,0,0,06-JUL-2020,
OPTSTK,RECLTD,30-Jul-2020,75,CE,0,0,0,24.65,36.8,0,0,0,0,06-JUL-2020,
OPTSTK,RECLTD,30-Jul-2020,77.5,CE,0,0,0,22.85,34.3,0,0,0,0,06-JUL-2020,
OPTSTK,RECLTD,30-Jul-2020,80,CE,0,0,0,21.15,31.85,0,0,0,0,06-JUL-2020,
OPTSTK,RECLTD,30-Jul-2020,82.5,CE,0,0,0,19.55,29.35,0,0,0,0,06-JUL-2020,
OPTSTK,RECLTD,30-Jul-2020,85,CE,0,0,0,18,26.9,0,0,0,0,06-JUL-2020,
OPTSTK,RECLTD,30-Jul-2020,87.5,CE,0,0,0,16.55,24.45,0,0,0,0,06-JUL-2020,
OPTSTK,RECLTD,30-Jul-2020,90,CE,0,0,0,19,22,0,0,12000,0,06-JUL-2020,
OPTSTK,RECLTD,30-Jul-2020,92.5,CE,0,0,0,13.95,19.65,0,0,0,0,06-JUL-2020,
OPTSTK,RECLTD,30-Jul-2020,95,CE,0,0,0,14,17.35,0,0,30000,0,06-JUL-2020,
OPTSTK,RECLTD,30-Jul-2020,97.5,CE,0,0,0,13.85,15.15,0,0,6000,0,06-JUL-2020,
OPTSTK,RECLTD,30-Jul-2020,100,CE,12.6,12.6,12.6,12.6,13.05,1,6.75,48000,0,06-JUL-2020,
OPTSTK,RECLTD,30-Jul-2020,102.5,CE,0,0,0,9.3,11.1,0,0,18000,0,06-JUL-2020,
OPTSTK,RECLTD,30-Jul-2020,105,CE,0,0,0,7.05,9.35,0,0,156000,0,06-JUL-2020,
OPTSTK,RECLTD,30-Jul-2020,107.5,CE,7.4,7.4,6.45,7.25,7.25,9,61.77,90000,-12000,06-JUL-2020,
OPTSTK,RECLTD,30-Jul-2020,110,CE,5,6.65,4.8,6.3,6.3,347,2409.2,618000,-252000,06-JUL-2020,
OPTSTK,RECLTD,30-Jul-2020,112.5,CE,4.3,5.4,4.15,5.1,5.1,77,542.28,252000,102000,06-JUL-2020,
OPTSTK,RECLTD,30-Jul-2020,115,CE,3.5,4.3,3,4.05,4.05,632,4502.76,1092000,-120000,06-JUL-2020,
OPTSTK,RECLTD,30-Jul-2020,117.5,CE,3.1,3.25,2.55,3.1,3.1,43,310.75,192000,12000,06-JUL-2020,
OPTSTK,RECLTD,30-Jul-2020,120,CE,1.85,2.55,1.8,2.45,2.45,235,1723.2,906000,24000,06-JUL-2020,
OPTSTK,RECLTD,30-Jul-2020,122.5,CE,1.65,1.95,1.4,1.85,1.85,23,171.37,174000,30000,06-JUL-2020,
OPTSTK,RECLTD,30-Jul-2020,125,CE,1.1,1.5,1.05,1.4,1.4,95,719.63,636000,-114000,06-JUL-2020,
OPTSTK,RECLTD,30-Jul-2020,127.5,CE,0.65,1,0.65,0.95,0.95,7,53.9,72000,0,06-JUL-2020,
OPTSTK,RECLTD,30-Jul-2020,130,CE,0.65,0.8,0.6,0.8,0.8,99,776.38,774000,48000,06-JUL-2020,
OPTSTK,RECLTD,30-Jul-2020,132.5,CE,0.5,0.55,0.5,0.55,0.55,4,31.92,12000,12000,06-JUL-2020,
OPTSTK,RECLTD,30-Jul-2020,135,CE,0.35,0.45,0.35,0.45,0.45,15,121.85,198000,6000,06-JUL-2020,
OPTSTK,RECLTD,30-Jul-2020,137.5,CE,0.3,0.3,0.3,0.3,0.25,1,8.26,6000,0,06-JUL-2020,
OPTSTK,RECLTD,30-Jul-2020,55,PE,0,0,0,0.1,0.05,0,0,24000,0,06-JUL-2020,
OPTSTK,RECLTD,30-Jul-2020,57.5,PE,0,0,0,0.5,0.05,0,0,0,0,06-JUL-2020,
OPTSTK,RECLTD,30-Jul-2020,60,PE,0,0,0,0.7,0.05,0,0,0,0,06-JUL-2020,
OPTSTK,RECLTD,30-Jul-2020,62.5,PE,0,0,0,0.05,0.05,0,0,6000,0,06-JUL-2020,
OPTSTK,RECLTD,30-Jul-2020,65,PE,0,0,0,0.1,0.05,0,0,0,0,06-JUL-2020,
OPTSTK,RECLTD,30-Jul-2020,67.5,PE,0,0,0,0.15,0.05,0,0,0,0,06-JUL-2020,
OPTSTK,RECLTD,30-Jul-2020,70,PE,0.05,0.05,0.05,0.05,0.05,1,4.2,30000,0,06-JUL-2020,
OPTSTK,RECLTD,30-Jul-2020,72.5,PE,0,0,0,0.85,0.05,0,0,6000,0,06-JUL-2020,
OPTSTK,RECLTD,30-Jul-2020,75,PE,0,0,0,0.5,0.05,0,0,0,0,06-JUL-2020,
OPTSTK,RECLTD,30-Jul-2020,77.5,PE,0,0,0,3.8,0.05,0,0,0,0,06-JUL-2020,
OPTSTK,RECLTD,30-Jul-2020,80,PE,0.15,0.15,0.15,0.15,0.05,1,4.8,102000,-6000,06-JUL-2020,
OPTSTK,RECLTD,30-Jul-2020,82.5,PE,0,0,0,5.45,0.05,0,0,0,0,06-JUL-2020,
OPTSTK,RECLTD,30-Jul-2020,85,PE,0.15,0.15,0.15,0.15,0.15,2,10.21,168000,0,06-JUL-2020,
OPTSTK,RECLTD,30-Jul-2020,87.5,PE,0,0,0,0.4,0.1,0,0,0,0,06-JUL-2020,
OPTSTK,RECLTD,30-Jul-2020,90,PE,0.4,0.4,0.3,0.35,0.35,7,37.94,378000,12000,06-JUL-2020,
OPTSTK,RECLTD,30-Jul-2020,92.5,PE,0,0,0,2.45,0.3,0,0,6000,0,06-JUL-2020,
OPTSTK,RECLTD,30-Jul-2020,95,PE,0.75,0.8,0.6,0.6,0.6,25,143.57,306000,-12000,06-JUL-2020,
OPTSTK,RECLTD,30-Jul-2020,97.5,PE,1.15,1.15,0.95,0.95,0.8,9,53.19,240000,0,06-JUL-2020,
OPTSTK,RECLTD,30-Jul-2020,100,PE,1.7,1.75,1.2,1.25,1.25,88,535.46,918000,-24000,06-JUL-2020,
OPTSTK,RECLTD,30-Jul-2020,102.5,PE,2,2.05,1.7,1.75,1.75,6,37.57,90000,-12000,06-JUL-2020,
OPTSTK,RECLTD,30-Jul-2020,105,PE,3.35,3.35,2.35,2.45,2.45,56,361.87,420000,66000,06-JUL-2020,
OPTSTK,RECLTD,30-Jul-2020,107.5,PE,3.55,4,3.55,3.6,3.35,9,60.1,150000,18000,06-JUL-2020,
OPTSTK,RECLTD,30-Jul-2020,110,PE,5.15,5.2,4.05,4.3,4.3,52,357.62,390000,-48000,06-JUL-2020,
OPTSTK,RECLTD,30-Jul-2020,112.5,PE,5.95,6.3,5.95,5.95,5.65,4,28.47,54000,-24000,06-JUL-2020,
OPTSTK,RECLTD,30-Jul-2020,115,PE,7.25,7.75,7.15,7.15,7.1,4,29.38,78000,-6000,06-JUL-2020,
OPTSTK,RECLTD,30-Jul-2020,117.5,PE,9.25,10.1,8.85,8.85,8.7,6,45.63,48000,-12000,06-JUL-2020,
OPTSTK,RECLTD,30-Jul-2020,120,PE,10.6,10.6,10.25,10.25,10.5,3,23.46,30000,-6000,06-JUL-2020,
OPTSTK,RECLTD,30-Jul-2020,122.5,PE,0,0,0,16,12.4,0,0,42000,0,06-JUL-2020,
OPTSTK,RECLTD,30-Jul-2020,125,PE,15.65,15.65,15.65,15.65,14.4,1,8.43,48000,0,06-JUL-2020,
OPTSTK,RECLTD,30-Jul-2020,127.5,PE,0,0,0,19.4,16.55,0,0,36000,0,06-JUL-2020,
OPTSTK,RECLTD,30-Jul-2020,130,PE,0,0,0,36.1,18.75,0,0,0,0,06-JUL-2020,
OPTSTK,RECLTD,30-Jul-2020,132.5,PE,0,0,0,38.25,21.05,0,0,0,0,06-JUL-2020,
OPTSTK,RECLTD,30-Jul-2020,135,PE,0,0,0,22.9,23.4,0,0,6000,0,06-JUL-2020,
OPTSTK,RECLTD,30-Jul-2020,137.5,PE,0,0,0,37.8,25.8,0,0,0,0,06-JUL-2020,
OPTSTK,RECLTD,27-Aug-2020,55,CE,0,0,0,34.7,56.95,0,0,0,0,06-JUL-2020,
OPTSTK,RECLTD,27-Aug-2020,57.5,CE,0,0,0,32.6,54.45,0,0,0,0,06-JUL-2020,
OPTSTK,RECLTD,27-Aug-2020,60,CE,0,0,0,30.55,51.95,0,0,0,0,06-JUL-2020,
OPTSTK,RECLTD,27-Aug-2020,62.5,CE,0,0,0,28.55,49.5,0,0,0,0,06-JUL-2020,
OPTSTK,RECLTD,27-Aug-2020,65,CE,0,0,0,26.65,47,0,0,0,0,06-JUL-2020,
OPTSTK,RECLTD,27-Aug-2020,67.5,CE,0,0,0,24.85,44.5,0,0,0,0,06-JUL-2020,
OPTSTK,RECLTD,27-Aug-2020,70,CE,0,0,0,23.1,42.05,0,0,0,0,06-JUL-2020,
OPTSTK,RECLTD,27-Aug-2020,72.5,CE,0,0,0,21.5,39.55,0,0,0,0,06-JUL-2020,
OPTSTK,RECLTD,27-Aug-2020,75,CE,0,0,0,19.9,37.1,0,0,0,0,06-JUL-2020,
OPTSTK,RECLTD,27-Aug-2020,77.5,CE,0,0,0,18.45,34.65,0,0,0,0,06-JUL-2020,
OPTSTK,RECLTD,27-Aug-2020,80,CE,0,0,0,17.05,32.25,0,0,0,0,06-JUL-2020,
OPTSTK,RECLTD,27-Aug-2020,82.5,CE,0,0,0,15.75,29.9,0,0,0,0,06-JUL-2020,
OPTSTK,RECLTD,27-Aug-2020,85,CE,0,0,0,14.55,27.55,0,0,0,0,06-JUL-2020,
OPTSTK,RECLTD,27-Aug-2020,87.5,CE,0,0,0,13.4,25.25,0,0,0,0,06-JUL-2020,
OPTSTK,RECLTD,27-Aug-2020,90,CE,0,0,0,12.35,23.05,0,0,0,0,06-JUL-2020,
OPTSTK,RECLTD,27-Aug-2020,92.5,CE,0,0,0,11.35,20.9,0,0,0,0,06-JUL-2020,
OPTSTK,RECLTD,27-Aug-2020,95,CE,0,0,0,10.45,18.85,0,0,0,0,06-JUL-2020,
OPTSTK,RECLTD,27-Aug-2020,97.5,CE,0,0,0,9.6,16.9,0,0,0,0,06-JUL-2020,
OPTSTK,RECLTD,27-Aug-2020,100,CE,0,0,0,8.8,15.05,0,0,0,0,06-JUL-2020,
OPTSTK,RECLTD,27-Aug-2020,102.5,CE,0,0,0,8.05,13.35,0,0,0,0,06-JUL-2020,
OPTSTK,RECLTD,27-Aug-2020,105,CE,0,0,0,7.4,11.75,0,0,0,0,06-JUL-2020,
OPTSTK,RECLTD,27-Aug-2020,107.5,CE,0,0,0,6.75,10.3,0,0,0,0,06-JUL-2020,
OPTSTK,RECLTD,27-Aug-2020,110,CE,0,0,0,6.2,8.95,0,0,0,0,06-JUL-2020,
OPTSTK,RECLTD,27-Aug-2020,112.5,CE,0,0,0,5.7,7.75,0,0,0,0,06-JUL-2020,
OPTSTK,RECLTD,27-Aug-2020,115,CE,0,0,0,5.2,6.7,0,0,0,0,06-JUL-2020,
OPTSTK,RECLTD,27-Aug-2020,117.5,CE,0,0,0,4.75,5.7,0,0,0,0,06-JUL-2020,
OPTSTK,RECLTD,27-Aug-2020,120,CE,0,0,0,4.35,4.85,0,0,0,0,06-JUL-2020,
OPTSTK,RECLTD,27-Aug-2020,122.5,CE,0,0,0,3.95,4.1,0,0,0,0,06-JUL-2020,
OPTSTK,RECLTD,27-Aug-2020,125,CE,0,0,0,3.6,3.45,0,0,0,0,06-JUL-2020,
OPTSTK,RECLTD,27-Aug-2020,127.5,CE,0,0,0,3.3,2.9,0,0,0,0,06-JUL-2020,
OPTSTK,RECLTD,27-Aug-2020,130,CE,0,0,0,3.55,2.4,0,0,0,0,06-JUL-2020,
OPTSTK,RECLTD,27-Aug-2020,132.5,CE,0,0,0,3.25,2,0,0,0,0,06-JUL-2020,
OPTSTK,RECLTD,27-Aug-2020,135,CE,0,0,0,2.95,1.65,0,0,0,0,06-JUL-2020,
OPTSTK,RECLTD,27-Aug-2020,137.5,CE,0,0,0,1.7,1.35,0,0,0,0,06-JUL-2020,
OPTSTK,RECLTD,27-Aug-2020,55,PE,0,0,0,1.15,0.05,0,0,0,0,06-JUL-2020,
OPTSTK,RECLTD,27-Aug-2020,57.5,PE,0,0,0,1.5,0.05,0,0,0,0,06-JUL-2020,
OPTSTK,RECLTD,27-Aug-2020,60,PE,0,0,0,0.2,0.05,0,0,0,0,06-JUL-2020,
OPTSTK,RECLTD,27-Aug-2020,62.5,PE,0,0,0,0.1,0.05,0,0,0,0,06-JUL-2020,
OPTSTK,RECLTD,27-Aug-2020,65,PE,0,0,0,0.1,0.05,0,0,0,0,06-JUL-2020,
OPTSTK,RECLTD,27-Aug-2020,67.5,PE,0,0,0,0.2,0.05,0,0,0,0,06-JUL-2020,
OPTSTK,RECLTD,27-Aug-2020,70,PE,0,0,0,4.35,0.05,0,0,0,0,06-JUL-2020,
OPTSTK,RECLTD,27-Aug-2020,72.5,PE,0,0,0,5.2,0.05,0,0,0,0,06-JUL-2020,
OPTSTK,RECLTD,27-Aug-2020,75,PE,0,0,0,6.1,0.05,0,0,0,0,06-JUL-2020,
OPTSTK,RECLTD,27-Aug-2020,77.5,PE,0,0,0,7.1,0.1,0,0,0,0,06-JUL-2020,
OPTSTK,RECLTD,27-Aug-2020,80,PE,0,0,0,8.2,0.2,0,0,0,0,06-JUL-2020,
OPTSTK,RECLTD,27-Aug-2020,82.5,PE,0,0,0,9.35,0.3,0,0,0,0,06-JUL-2020,
OPTSTK,RECLTD,27-Aug-2020,85,PE,0,0,0,10.6,0.4,0,0,0,0,06-JUL-2020,
OPTSTK,RECLTD,27-Aug-2020,87.5,PE,0,0,0,11.95,0.6,0,0,0,0,06-JUL-2020,
OPTSTK,RECLTD,27-Aug-2020,90,PE,0,0,0,13.35,0.9,0,0,0,0,06-JUL-2020,
OPTSTK,RECLTD,27-Aug-2020,92.5,PE,0,0,0,14.85,1.25,0,0,0,0,06-JUL-2020,
OPTSTK,RECLTD,27-Aug-2020,95,PE,0,0,0,16.4,1.7,0,0,0,0,06-JUL-2020,
OPTSTK,RECLTD,27-Aug-2020,97.5,PE,0,0,0,18,2.2,0,0,0,0,06-JUL-2020,
OPTSTK,RECLTD,27-Aug-2020,100,PE,0,0,0,3.5,2.85,0,0,6000,0,06-JUL-2020,
OPTSTK,RECLTD,27-Aug-2020,102.5,PE,0,0,0,21.4,3.65,0,0,0,0,06-JUL-2020,
OPTSTK,RECLTD,27-Aug-2020,105,PE,0,0,0,23.2,4.55,0,0,0,0,06-JUL-2020,
OPTSTK,RECLTD,27-Aug-2020,107.5,PE,0,0,0,25.05,5.55,0,0,0,0,06-JUL-2020,
OPTSTK,RECLTD,27-Aug-2020,110,PE,0,0,0,26.95,6.7,0,0,0,0,06-JUL-2020,
OPTSTK,RECLTD,27-Aug-2020,112.5,PE,0,0,0,28.9,8,0,0,0,0,06-JUL-2020,
OPTSTK,RECLTD,27-Aug-2020,115,PE,0,0,0,30.9,9.4,0,0,0,0,06-JUL-2020,
OPTSTK,RECLTD,27-Aug-2020,117.5,PE,0,0,0,32.9,10.9,0,0,0,0,06-JUL-2020,
OPTSTK,RECLTD,27-Aug-2020,120,PE,0,0,0,35,12.55,0,0,0,0,06-JUL-2020,
OPTSTK,RECLTD,27-Aug-2020,122.5,PE,0,0,0,37.05,14.3,0,0,0,0,06-JUL-2020,
OPTSTK,RECLTD,27-Aug-2020,125,PE,0,0,0,39.2,16.1,0,0,0,0,06-JUL-2020,
OPTSTK,RECLTD,27-Aug-2020,127.5,PE,0,0,0,41.35,18.05,0,0,0,0,06-JUL-2020,
OPTSTK,RECLTD,27-Aug-2020,130,PE,0,0,0,38.2,20.05,0,0,0,0,06-JUL-2020,
OPTSTK,RECLTD,27-Aug-2020,132.5,PE,0,0,0,40.35,22.1,0,0,0,0,06-JUL-2020,
OPTSTK,RECLTD,27-Aug-2020,135,PE,0,0,0,42.55,24.25,0,0,0,0,06-JUL-2020,
OPTSTK,RECLTD,27-Aug-2020,137.5,PE,0,0,0,37.95,26.45,0,0,0,0,06-JUL-2020,
OPTSTK,RECLTD,24-Sep-2020,70,CE,0,0,0,45.7,42.35,0,0,0,0,06-JUL-2020,
OPTSTK,RECLTD,24-Sep-2020,72.5,CE,0,0,0,43.4,39.95,0,0,0,0,06-JUL-2020,
OPTSTK,RECLTD,24-Sep-2020,75,CE,0,0,0,41.1,37.55,0,0,0,0,06-JUL-2020,
OPTSTK,RECLTD,24-Sep-2020,77.5,CE,0,0,0,38.8,35.2,0,0,0,0,06-JUL-2020,
OPTSTK,RECLTD,24-Sep-2020,80,CE,0,0,0,36.6,32.85,0,0,0,0,06-JUL-2020,
OPTSTK,RECLTD,24-Sep-2020,82.5,CE,0,0,0,34.45,30.6,0,0,0,0,06-JUL-2020,
OPTSTK,RECLTD,24-Sep-2020,85,CE,0,0,0,32.35,28.4,0,0,0,0,06-JUL-2020,
OPTSTK,RECLTD,24-Sep-2020,87.5,CE,0,0,0,30.35,26.25,0,0,0,0,06-JUL-2020,
OPTSTK,RECLTD,24-Sep-2020,90,CE,0,0,0,28.35,24.15,0,0,0,0,06-JUL-2020,
OPTSTK,RECLTD,24-Sep-2020,92.5,CE,0,0,0,26.5,22.2,0,0,0,0,06-JUL-2020,
OPTSTK,RECLTD,24-Sep-2020,95,CE,0,0,0,24.65,20.3,0,0,0,0,06-JUL-2020,
OPTSTK,RECLTD,24-Sep-2020,97.5,CE,0,0,0,22.95,18.5,0,0,0,0,06-JUL-2020,
OPTSTK,RECLTD,24-Sep-2020,100,CE,0,0,0,21.3,16.8,0,0,0,0,06-JUL-2020,
OPTSTK,RECLTD,24-Sep-2020,102.5,CE,0,0,0,19.7,15.2,0,0,0,0,06-JUL-2020,
OPTSTK,RECLTD,24-Sep-2020,105,CE,0,0,0,18.2,13.7,0,0,0,0,06-JUL-2020,
OPTSTK,RECLTD,24-Sep-2020,107.5,CE,0,0,0,16.8,12.3,0,0,0,0,06-JUL-2020,
OPTSTK,RECLTD,24-Sep-2020,110,CE,0,0,0,15.5,11,0,0,0,0,06-JUL-2020,
OPTSTK,RECLTD,24-Sep-2020,112.5,CE,0,0,0,14.25,9.8,0,0,0,0,06-JUL-2020,
OPTSTK,RECLTD,24-Sep-2020,115,CE,0,0,0,13.05,8.75,0,0,0,0,06-JUL-2020,
OPTSTK,RECLTD,24-Sep-2020,117.5,CE,0,0,0,12,7.75,0,0,0,0,06-JUL-2020,
OPTSTK,RECLTD,24-Sep-2020,120,CE,0,0,0,10.95,6.85,0,0,0,0,06-JUL-2020,
OPTSTK,RECLTD,24-Sep-2020,122.5,CE,0,0,0,10.05,6.05,0,0,0,0,06-JUL-2020,
OPTSTK,RECLTD,24-Sep-2020,125,CE,0,0,0,9.15,5.3,0,0,0,0,06-JUL-2020,
OPTSTK,RECLTD,24-Sep-2020,127.5,CE,0,0,0,8.35,4.65,0,0,0,0,06-JUL-2020,
OPTSTK,RECLTD,24-Sep-2020,130,CE,0,0,0,7.6,4.05,0,0,0,0,06-JUL-2020,
OPTSTK,RECLTD,24-Sep-2020,132.5,CE,0,0,0,6.9,3.55,0,0,0,0,06-JUL-2020,
OPTSTK,RECLTD,24-Sep-2020,135,CE,0,0,0,6.3,3.05,0,0,0,0,06-JUL-2020,
OPTSTK,RECLTD,24-Sep-2020,137.5,CE,0,0,0,5.7,2.65,0,0,0,0,06-JUL-2020,
OPTSTK,RECLTD,24-Sep-2020,70,PE,0,0,0,0.35,0.1,0,0,0,0,06-JUL-2020,
OPTSTK,RECLTD,24-Sep-2020,72.5,PE,0,0,0,0.5,0.15,0,0,0,0,06-JUL-2020,
OPTSTK,RECLTD,24-Sep-2020,75,PE,0,0,0,0.65,0.25,0,0,0,0,06-JUL-2020,
OPTSTK,RECLTD,24-Sep-2020,77.5,PE,0,0,0,0.85,0.35,0,0,0,0,06-JUL-2020,
OPTSTK,RECLTD,24-Sep-2020,80,PE,0,0,0,1.15,0.5,0,0,0,0,06-JUL-2020,
OPTSTK,RECLTD,24-Sep-2020,82.5,PE,0,0,0,1.45,0.75,0,0,0,0,06-JUL-2020,
OPTSTK,RECLTD,24-Sep-2020,85,PE,0,0,0,1.85,1,0,0,0,0,06-JUL-2020,
OPTSTK,RECLTD,24-Sep-2020,87.5,PE,0,0,0,2.25,1.35,0,0,0,0,06-JUL-2020,
OPTSTK,RECLTD,24-Sep-2020,90,PE,0,0,0,2.75,1.75,0,0,0,0,06-JUL-2020,
OPTSTK,RECLTD,24-Sep-2020,92.5,PE,0,0,0,3.35,2.25,0,0,0,0,06-JUL-2020,
OPTSTK,RECLTD,24-Sep-2020,95,PE,0,0,0,4,2.8,0,0,0,0,06-JUL-2020,
OPTSTK,RECLTD,24-Sep-2020,97.5,PE,0,0,0,4.75,3.5,0,0,0,0,06-JUL-2020,
OPTSTK,RECLTD,24-Sep-2020,100,PE,0,0,0,5.55,4.25,0,0,0,0,06-JUL-2020,
OPTSTK,RECLTD,24-Sep-2020,102.5,PE,0,0,0,6.45,5.15,0,0,0,0,06-JUL-2020,
OPTSTK,RECLTD,24-Sep-2020,105,PE,0,0,0,7.45,6.1,0,0,0,0,06-JUL-2020,
OPTSTK,RECLTD,24-Sep-2020,107.5,PE,0,0,0,8.5,7.2,0,0,0,0,06-JUL-2020,
OPTSTK,RECLTD,24-Sep-2020,110,PE,0,0,0,9.65,8.4,0,0,0,0,06-JUL-2020,
OPTSTK,RECLTD,24-Sep-2020,112.5,PE,0,0,0,10.9,9.65,0,0,0,0,06-JUL-2020,
OPTSTK,RECLTD,24-Sep-2020,115,PE,0,0,0,12.2,11.05,0,0,0,0,06-JUL-2020,
OPTSTK,RECLTD,24-Sep-2020,117.5,PE,0,0,0,13.55,12.55,0,0,0,0,06-JUL-2020,
OPTSTK,RECLTD,24-Sep-2020,120,PE,0,0,0,8,14.15,0,0,6000,0,06-JUL-2020,
OPTSTK,RECLTD,24-Sep-2020,122.5,PE,0,0,0,16.55,15.8,0,0,0,0,06-JUL-2020,
OPTSTK,RECLTD,24-Sep-2020,125,PE,0,0,0,18.15,17.55,0,0,0,0,06-JUL-2020,
OPTSTK,RECLTD,24-Sep-2020,127.5,PE,0,0,0,19.8,19.35,0,0,0,0,06-JUL-2020,
OPTSTK,RECLTD,24-Sep-2020,130,PE,0,0,0,21.55,21.25,0,0,0,0,06-JUL-2020,
OPTSTK,RECLTD,24-Sep-2020,132.5,PE,0,0,0,23.3,23.2,0,0,0,0,06-JUL-2020,
OPTSTK,RECLTD,24-Sep-2020,135,PE,0,0,0,25.15,25.2,0,0,0,0,06-JUL-2020,
OPTSTK,RECLTD,24-Sep-2020,137.5,PE,0,0,0,27.05,27.3,0,0,0,0,06-JUL-2020,
OPTSTK,RELIANCE,30-Jul-2020,1050.05,CE,0,0,0,689,804.7,0,0,18180,0,06-JUL-2020,
OPTSTK,RELIANCE,30-Jul-2020,1069.85,CE,0,0,0,476.75,784.95,0,0,0,0,06-JUL-2020,
OPTSTK,RELIANCE,30-Jul-2020,1089.65,CE,0,0,0,522,765.2,0,0,1010,0,06-JUL-2020,
OPTSTK,RELIANCE,30-Jul-2020,1109.5,CE,0,0,0,450.15,745.4,0,0,0,0,06-JUL-2020,
OPTSTK,RELIANCE,30-Jul-2020,1129.3,CE,0,0,0,437.3,725.65,0,0,0,0,06-JUL-2020,
OPTSTK,RELIANCE,30-Jul-2020,1149.1,CE,0,0,0,595,705.9,0,0,505,0,06-JUL-2020,
OPTSTK,RELIANCE,30-Jul-2020,1168.9,CE,0,0,0,412.45,686.15,0,0,0,0,06-JUL-2020,
OPTSTK,RELIANCE,30-Jul-2020,1188.75,CE,0,0,0,574.1,666.35,0,0,2020,0,06-JUL-2020,
OPTSTK,RELIANCE,30-Jul-2020,1200,CE,608,644,608,644,655.15,5,46.37,17675,-1515,06-JUL-2020,
OPTSTK,RELIANCE,30-Jul-2020,1208.55,CE,0,0,0,388.7,646.6,0,0,0,0,06-JUL-2020,
OPTSTK,RELIANCE,30-Jul-2020,1220,CE,0,0,0,380.8,635.2,0,0,0,0,06-JUL-2020,
OPTSTK,RELIANCE,30-Jul-2020,1228.35,CE,0,0,0,495,626.9,0,0,2020,0,06-JUL-2020,
OPTSTK,RELIANCE,30-Jul-2020,1240,CE,0,0,0,535,615.25,0,0,3030,0,06-JUL-2020,
OPTSTK,RELIANCE,30-Jul-2020,1248.15,CE,0,0,0,516,607.15,0,0,505,0,06-JUL-2020,
OPTSTK,RELIANCE,30-Jul-2020,1260,CE,0,0,0,355.85,595.3,0,0,0,0,06-JUL-2020,
OPTSTK,RELIANCE,30-Jul-2020,1268,CE,0,0,0,266.65,587.35,0,0,6060,0,06-JUL-2020,
OPTSTK,RELIANCE,30-Jul-2020,1280,CE,0,0,0,262.4,575.4,0,0,11615,0,06-JUL-2020,
OPTSTK,RELIANCE,30-Jul-2020,1287.8,CE,547.35,547.35,547.35,547.35,567.6,3,27.8,7070,0,06-JUL-2020,
OPTSTK,RELIANCE,30-Jul-2020,1300,CE,540,544,540,544,555.45,4,37.21,28785,-1010,06-JUL-2020,
OPTSTK,RELIANCE,30-Jul-2020,1307.6,CE,0,0,0,255.55,547.9,0,0,3030,0,06-JUL-2020,
OPTSTK,RELIANCE,30-Jul-2020,1320,CE,0,0,0,410,535.55,0,0,4040,0,06-JUL-2020,
OPTSTK,RELIANCE,30-Jul-2020,1327.4,CE,0,0,0,324.25,528.15,0,0,0,0,06-JUL-2020,
OPTSTK,RELIANCE,30-Jul-2020,1340,CE,485,485,485,485,515.6,1,9.21,1515,505,06-JUL-2020,
OPTSTK,RELIANCE,30-Jul-2020,1347.25,CE,0,0,0,314.45,508.4,0,0,0,0,06-JUL-2020,
OPTSTK,RELIANCE,30-Jul-2020,1360,CE,0,0,0,374.5,495.7,0,0,11110,0,06-JUL-2020,
OPTSTK,RELIANCE,30-Jul-2020,1367.05,CE,0,0,0,176.5,488.7,0,0,1515,0,06-JUL-2020,
OPTSTK,RELIANCE,30-Jul-2020,1380,CE,0,0,0,343,475.85,0,0,3030,0,06-JUL-2020,
OPTSTK,RELIANCE,30-Jul-2020,1386.85,CE,0,0,0,235,469.05,0,0,4040,0,06-JUL-2020,
OPTSTK,RELIANCE,30-Jul-2020,1400,CE,425,440,425,440,456,19,175.59,54540,-9090,06-JUL-2020,
OPTSTK,RELIANCE,30-Jul-2020,1406.65,CE,0,0,0,286.6,449.4,0,0,0,0,06-JUL-2020,
OPTSTK,RELIANCE,30-Jul-2020,1420,CE,0,0,0,312,436.2,0,0,1010,0,06-JUL-2020,
OPTSTK,RELIANCE,30-Jul-2020,1426.5,CE,0,0,0,302,429.75,0,0,4545,0,06-JUL-2020,
OPTSTK,RELIANCE,30-Jul-2020,1440,CE,389,389,389,389,416.45,1,9.23,7575,-505,06-JUL-2020,
OPTSTK,RELIANCE,30-Jul-2020,1446.3,CE,0,0,0,273,410.25,0,0,505,0,06-JUL-2020,
OPTSTK,RELIANCE,30-Jul-2020,1460,CE,0,0,0,245.9,396.75,0,0,28280,0,06-JUL-2020,
OPTSTK,RELIANCE,30-Jul-2020,1466.1,CE,368,368,368,368,390.8,1,9.26,505,0,06-JUL-2020,
OPTSTK,RELIANCE,30-Jul-2020,1480,CE,0,0,0,249.9,377.2,0,0,2020,0,06-JUL-2020,
OPTSTK,RELIANCE,30-Jul-2020,1485.9,CE,0,0,0,304,371.45,0,0,3030,0,06-JUL-2020,
OPTSTK,RELIANCE,30-Jul-2020,1500,CE,297,354,297,354,354,30,277.5,122210,-3030,06-JUL-2020,
OPTSTK,RELIANCE,30-Jul-2020,1505.75,CE,0,0,0,233,352.2,0,0,1515,0,06-JUL-2020,
OPTSTK,RELIANCE,30-Jul-2020,1520,CE,320,320,320,320,338.5,1,9.29,19190,-505,06-JUL-2020,
OPTSTK,RELIANCE,30-Jul-2020,1525.55,CE,0,0,0,250,333.15,0,0,2020,0,06-JUL-2020,
OPTSTK,RELIANCE,30-Jul-2020,1540,CE,270,270,270,270,319.4,1,9.14,46965,-505,06-JUL-2020,
OPTSTK,RELIANCE,30-Jul-2020,1545.35,CE,0,0,0,196.85,314.35,0,0,6060,0,06-JUL-2020,
OPTSTK,RELIANCE,30-Jul-2020,1560,CE,0,0,0,233.05,300.6,0,0,30805,0,06-JUL-2020,
OPTSTK,RELIANCE,30-Jul-2020,1565.15,CE,0,0,0,189,295.75,0,0,0,0,06-JUL-2020,
OPTSTK,RELIANCE,30-Jul-2020,1580,CE,220.1,266.4,220.1,266.4,282.05,6,55.32,13635,-1515,06-JUL-2020,
OPTSTK,RELIANCE,30-Jul-2020,1585,CE,270,270,270,270,270,1,9.36,7070,0,06-JUL-2020,
OPTSTK,RELIANCE,30-Jul-2020,1600,CE,203,261,203,255.95,255.95,188,1747.21,615595,-15150,06-JUL-2020,
OPTSTK,RELIANCE,30-Jul-2020,1604.8,CE,236.1,249.1,236.1,249.1,249.1,4,37.3,5555,-1010,06-JUL-2020,
OPTSTK,RELIANCE,30-Jul-2020,1620,CE,185.9,233.3,185.9,233,246,16,148.25,22725,-2525,06-JUL-2020,
OPTSTK,RELIANCE,30-Jul-2020,1624.6,CE,0,0,0,139.95,241.95,0,0,5555,0,06-JUL-2020,
OPTSTK,RELIANCE,30-Jul-2020,1640,CE,189.5,220.7,189.5,220.7,220.7,22,204.75,59590,-6565,06-JUL-2020,
OPTSTK,RELIANCE,30-Jul-2020,1644.4,CE,215.4,215.4,215.4,215.4,215.4,1,9.39,3535,0,06-JUL-2020,
OPTSTK,RELIANCE,30-Jul-2020,1660,CE,152.55,204,152.55,203.75,203.75,113,1049.11,90395,-29290,06-JUL-2020,
OPTSTK,RELIANCE,30-Jul-2020,1664.2,CE,169.55,202,169.55,201.5,201.5,4,37.36,19190,-1010,06-JUL-2020,
OPTSTK,RELIANCE,30-Jul-2020,1680,CE,137.4,185.35,134.55,173.85,195.35,40,371.18,131300,-6565,06-JUL-2020,
OPTSTK,RELIANCE,30-Jul-2020,1684.05,CE,182.25,184.5,182.25,183.4,183.4,2,18.86,21210,-1010,06-JUL-2020,
OPTSTK,RELIANCE,30-Jul-2020,1700,CE,126,170,119,167.8,167.8,1004,9360.82,1221595,-158570,06-JUL-2020,
OPTSTK,RELIANCE,30-Jul-2020,1703.85,CE,116.6,150.55,116.5,149.35,176.65,9,83.84,22725,-1010,06-JUL-2020,
OPTSTK,RELIANCE,30-Jul-2020,1720,CE,110,153,104.8,148.35,148.35,278,2596.68,216645,-68175,06-JUL-2020,
OPTSTK,RELIANCE,30-Jul-2020,1723.65,CE,102.35,145.3,102.35,145.3,161.85,18,168.51,23735,-4545,06-JUL-2020,
OPTSTK,RELIANCE,30-Jul-2020,1740,CE,98,139.1,92,134.35,134.35,780,7308.09,259570,-92415,06-JUL-2020,
OPTSTK,RELIANCE,30-Jul-2020,1743.45,CE,90,133.7,90,131.65,131.65,37,347.65,35855,-9090,06-JUL-2020,
OPTSTK,RELIANCE,30-Jul-2020,1760,CE,85.95,123.25,80.35,119.35,119.35,1322,12443.25,280780,-195940,06-JUL-2020,
OPTSTK,RELIANCE,30-Jul-2020,1763.3,CE,80.8,118.85,79.55,118.25,118.25,96,904.16,48985,-14645,06-JUL-2020,
OPTSTK,RELIANCE,30-Jul-2020,1780,CE,76,109,69.5,105.85,105.85,2210,20878.06,259570,-228765,06-JUL-2020,
OPTSTK,RELIANCE,30-Jul-2020,1800,CE,65,96.5,60,93.2,93.2,11946,113304.59,2153320,-787295,06-JUL-2020,
OPTSTK,RELIANCE,30-Jul-2020,1820,CE,58.95,84.05,51.45,81.05,81.05,6032,57521.07,290375,-92920,06-JUL-2020,
OPTSTK,RELIANCE,30-Jul-2020,1840,CE,47.7,73,44,70.25,70.25,8293,79622.09,519140,90395,06-JUL-2020,
OPTSTK,RELIANCE,30-Jul-2020,1860,CE,44.35,63,37.05,60.55,60.55,8469,81868.81,931725,504495,06-JUL-2020,
OPTSTK,RELIANCE,30-Jul-2020,1880,CE,34.55,53.8,31.5,52.05,52.05,5115,49735.29,300475,161600,06-JUL-2020,
OPTSTK,RELIANCE,30-Jul-2020,1900,CE,31.45,45.75,26.35,44.1,44.1,16216,158743.61,2011920,157560,06-JUL-2020,
OPTSTK,RELIANCE,30-Jul-2020,1920,CE,22.8,38.3,21.85,36.8,36.8,2801,27631.17,288860,95445,06-JUL-2020,
OPTSTK,RELIANCE,30-Jul-2020,1940,CE,20.4,31.95,18.4,30.65,30.65,3700,36757.22,418645,248965,06-JUL-2020,
OPTSTK,RELIANCE,30-Jul-2020,1960,CE,19.85,26.5,15.3,25.65,25.65,2416,24188.42,285830,77265,06-JUL-2020,
OPTSTK,RELIANCE,30-Jul-2020,1980,CE,14.75,21.7,12.85,20.8,20.8,2377,23985.27,230785,53530,06-JUL-2020,
OPTSTK,RELIANCE,30-Jul-2020,2000,CE,12.5,17.95,11,17,17,12271,124883.52,2825475,122715,06-JUL-2020,
OPTSTK,RELIANCE,30-Jul-2020,2020,CE,9,15,8.15,14.15,14.15,1369,14055.67,191395,191395,06-JUL-2020,
OPTSTK,RELIANCE,30-Jul-2020,1050.05,PE,0.45,0.5,0.45,0.5,0.05,2,10.61,90900,505,06-JUL-2020,
OPTSTK,RELIANCE,30-Jul-2020,1069.85,PE,0,0,0,77.1,0.05,0,0,0,0,06-JUL-2020,
OPTSTK,RELIANCE,30-Jul-2020,1089.65,PE,0,0,0,1,0.05,0,0,1515,0,06-JUL-2020,
OPTSTK,RELIANCE,30-Jul-2020,1109.5,PE,0,0,0,2.95,0.05,0,0,505,0,06-JUL-2020,
OPTSTK,RELIANCE,30-Jul-2020,1129.3,PE,0,0,0,96.85,0.05,0,0,0,0,06-JUL-2020,
OPTSTK,RELIANCE,30-Jul-2020,1149.1,PE,0,0,0,2.75,0.05,0,0,7070,0,06-JUL-2020,
OPTSTK,RELIANCE,30-Jul-2020,1168.9,PE,0,0,0,111.5,0.05,0,0,0,0,06-JUL-2020,
OPTSTK,RELIANCE,30-Jul-2020,1188.75,PE,0,0,0,0.6,0.05,0,0,505,0,06-JUL-2020,
OPTSTK,RELIANCE,30-Jul-2020,1200,PE,0.8,0.8,0.6,0.7,0.7,86,521.44,286335,-18685,06-JUL-2020,
OPTSTK,RELIANCE,30-Jul-2020,1208.55,PE,0,0,0,1.5,0.05,0,0,2020,0,06-JUL-2020,
OPTSTK,RELIANCE,30-Jul-2020,1220,PE,0,0,0,1.35,0.05,0,0,10100,0,06-JUL-2020,
OPTSTK,RELIANCE,30-Jul-2020,1228.35,PE,0,0,0,1.3,0.05,0,0,2020,0,06-JUL-2020,
OPTSTK,RELIANCE,30-Jul-2020,1240,PE,0,0,0,98.05,0.05,0,0,0,0,06-JUL-2020,
OPTSTK,RELIANCE,30-Jul-2020,1248.15,PE,0,0,0,144.1,0.05,0,0,0,0,06-JUL-2020,
OPTSTK,RELIANCE,30-Jul-2020,1260,PE,1,1,1,1,0.05,4,25.47,11615,-2020,06-JUL-2020,
OPTSTK,RELIANCE,30-Jul-2020,1268,PE,0,0,0,153,0.05,0,0,0,0,06-JUL-2020,
OPTSTK,RELIANCE,30-Jul-2020,1280,PE,0,0,0,1,0.05,0,0,2020,0,06-JUL-2020,
OPTSTK,RELIANCE,30-Jul-2020,1287.8,PE,0,0,0,162.15,0.05,0,0,0,0,06-JUL-2020,
OPTSTK,RELIANCE,30-Jul-2020,1300,PE,1.2,1.2,0.8,1,1,122,801.57,378750,-21210,06-JUL-2020,
OPTSTK,RELIANCE,30-Jul-2020,1307.6,PE,0.5,0.7,0.5,0.65,0.65,3,19.81,1010,0,06-JUL-2020,
OPTSTK,RELIANCE,30-Jul-2020,1320,PE,0,0,0,129.8,0.05,0,0,0,0,06-JUL-2020,
OPTSTK,RELIANCE,30-Jul-2020,1327.4,PE,0,0,0,181.25,0.05,0,0,0,0,06-JUL-2020,
OPTSTK,RELIANCE,30-Jul-2020,1340,PE,0.3,0.3,0.3,0.3,0.05,1,6.76,1010,505,06-JUL-2020,
OPTSTK,RELIANCE,30-Jul-2020,1347.25,PE,0,0,0,191.2,0.1,0,0,0,0,06-JUL-2020,
OPTSTK,RELIANCE,30-Jul-2020,1360,PE,1.15,1.4,1.15,1.4,0.1,2,13.74,8585,-505,06-JUL-2020,
OPTSTK,RELIANCE,30-Jul-2020,1367.05,PE,0,0,0,201.4,0.15,0,0,0,0,06-JUL-2020,
OPTSTK,RELIANCE,30-Jul-2020,1380,PE,0,0,0,156.9,0.2,0,0,0,0,06-JUL-2020,
OPTSTK,RELIANCE,30-Jul-2020,1386.85,PE,0,0,0,211.9,0.2,0,0,0,0,06-JUL-2020,
OPTSTK,RELIANCE,30-Jul-2020,1400,PE,2.1,2.2,1.6,1.7,1.7,300,2123.71,881730,-11615,06-JUL-2020,
OPTSTK,RELIANCE,30-Jul-2020,1406.65,PE,0,0,0,222.6,0.3,0,0,0,0,06-JUL-2020,
OPTSTK,RELIANCE,30-Jul-2020,1420,PE,1.85,2,1.8,2,0.4,11,78.98,11615,-3030,06-JUL-2020,
OPTSTK,RELIANCE,30-Jul-2020,1426.5,PE,2.5,2.5,2.5,2.5,0.45,1,7.21,2020,0,06-JUL-2020,
OPTSTK,RELIANCE,30-Jul-2020,1440,PE,2,2.25,1.8,1.8,1.8,16,116.51,40905,1515,06-JUL-2020,
OPTSTK,RELIANCE,30-Jul-2020,1446.3,PE,0,0,0,244.8,0.7,0,0,0,0,06-JUL-2020,
OPTSTK,RELIANCE,30-Jul-2020,1460,PE,3.05,3.05,2,2.05,2.05,55,406.13,65145,505,06-JUL-2020,
OPTSTK,RELIANCE,30-Jul-2020,1466.1,PE,1.05,1.05,1.05,1.05,1,1,7.4,1010,505,06-JUL-2020,
OPTSTK,RELIANCE,30-Jul-2020,1480,PE,3.25,3.25,2.05,2.2,2.2,136,1018.18,82315,-10605,06-JUL-2020,
OPTSTK,RELIANCE,30-Jul-2020,1485.9,PE,5,5,2.2,2.2,2.2,10,75.2,20200,505,06-JUL-2020,
OPTSTK,RELIANCE,30-Jul-2020,1500,PE,4,4.15,2.5,2.7,2.7,1861,14125.97,1167560,136350,06-JUL-2020,
OPTSTK,RELIANCE,30-Jul-2020,1505.75,PE,0.3,2.95,0.3,2.65,2.65,5,38.07,10100,505,06-JUL-2020,
OPTSTK,RELIANCE,30-Jul-2020,1520,PE,4.7,4.7,2.7,3,3,263,2023.24,47470,-14645,06-JUL-2020,
OPTSTK,RELIANCE,30-Jul-2020,1525.55,PE,3.75,3.75,2.45,2.45,2.45,15,115.81,7070,0,06-JUL-2020,
OPTSTK,RELIANCE,30-Jul-2020,1540,PE,5.25,5.25,3.05,3.2,3.2,367,2861,333805,-25755,06-JUL-2020,
OPTSTK,RELIANCE,30-Jul-2020,1545.35,PE,6,6,3.25,3.3,3.3,31,242.49,11615,-1010,06-JUL-2020,
OPTSTK,RELIANCE,30-Jul-2020,1560,PE,5.8,6.25,3.4,3.7,3.7,1702,13445.59,216140,-250985,06-JUL-2020,
OPTSTK,RELIANCE,30-Jul-2020,1565.15,PE,4.1,4.1,4.1,4.1,4.1,5,39.62,15655,505,06-JUL-2020,
OPTSTK,RELIANCE,30-Jul-2020,1580,PE,7,8,4.25,4.6,4.6,878,7029.9,136855,-69185,06-JUL-2020,
OPTSTK,RELIANCE,30-Jul-2020,1585,PE,8.5,8.5,3.7,3.7,3.7,30,240.89,16665,-1515,06-JUL-2020,
OPTSTK,RELIANCE,30-Jul-2020,1600,PE,9,10,5,5.4,5.4,3936,31937.65,1646300,35350,06-JUL-2020,
OPTSTK,RELIANCE,30-Jul-2020,1604.8,PE,7,8.1,6.6,7.85,8,15,122.1,21210,-6565,06-JUL-2020,
OPTSTK,RELIANCE,30-Jul-2020,1620,PE,12.05,12.1,6.2,6.55,6.55,946,7780.92,159580,-51005,06-JUL-2020,
OPTSTK,RELIANCE,30-Jul-2020,1624.6,PE,9,10.9,6.5,7.5,7.5,68,560.41,15655,-13635,06-JUL-2020,
OPTSTK,RELIANCE,30-Jul-2020,1640,PE,14.4,15.05,7.5,8.1,8.1,2563,21360.38,301485,-65145,06-JUL-2020,
OPTSTK,RELIANCE,30-Jul-2020,1644.4,PE,15.35,15.35,8,8.05,8.05,43,359.19,65145,-1515,06-JUL-2020,
OPTSTK,RELIANCE,30-Jul-2020,1660,PE,16.65,18.6,9.15,10,10,2288,19328.74,283305,-43430,06-JUL-2020,
OPTSTK,RELIANCE,30-Jul-2020,1664.2,PE,16.9,16.9,10,10.6,10.6,81,686.06,34845,-1515,06-JUL-2020,
OPTSTK,RELIANCE,30-Jul-2020,1680,PE,23.5,23.5,11.6,12.45,12.45,2205,18881.13,365620,86355,06-JUL-2020,
OPTSTK,RELIANCE,30-Jul-2020,1684.05,PE,20.6,22.1,12.7,13.35,13.35,267,2290.43,42420,5050,06-JUL-2020,
OPTSTK,RELIANCE,30-Jul-2020,1700,PE,27,28.5,14.5,15.5,15.5,7093,61587.27,1162005,34340,06-JUL-2020,
OPTSTK,RELIANCE,30-Jul-2020,1703.85,PE,27.25,27.25,15.75,16.4,16.4,184,1600.69,53025,2020,06-JUL-2020,
OPTSTK,RELIANCE,30-Jul-2020,1720,PE,37.65,37.65,18.1,18.95,18.95,2709,23860.98,309565,118170,06-JUL-2020,
OPTSTK,RELIANCE,30-Jul-2020,1723.65,PE,34.05,34.05,19,19.85,19.85,180,1588.78,47470,9595,06-JUL-2020,
OPTSTK,RELIANCE,30-Jul-2020,1740,PE,45.4,45.4,22.2,23.3,23.3,3649,32594.46,418645,107060,06-JUL-2020,
OPTSTK,RELIANCE,30-Jul-2020,1743.45,PE,41.2,42.15,22.95,24.3,24.3,361,3230.78,49995,6565,06-JUL-2020,
OPTSTK,RELIANCE,30-Jul-2020,1760,PE,45.6,49.4,26,28.55,28.55,3417,30973.48,302495,30300,06-JUL-2020,
OPTSTK,RELIANCE,30-Jul-2020,1763.3,PE,55.15,55.15,28,29.25,29.25,538,4888.64,34845,-16160,06-JUL-2020,
OPTSTK,RELIANCE,30-Jul-2020,1780,PE,67.55,67.55,32.75,34.55,34.55,3374,31050.05,238865,117160,06-JUL-2020,
OPTSTK,RELIANCE,30-Jul-2020,1800,PE,64.05,69,39.5,41.55,41.55,8023,74919.51,1020100,666095,06-JUL-2020,
OPTSTK,RELIANCE,30-Jul-2020,1820,PE,76.9,79.8,47.65,49.6,49.6,2554,24205.15,237350,218160,06-JUL-2020,
OPTSTK,RELIANCE,30-Jul-2020,1840,PE,90,90,56.05,58.75,58.75,1595,15328.5,233815,220180,06-JUL-2020,
OPTSTK,RELIANCE,30-Jul-2020,1860,PE,92.5,92.5,66,68.55,68.55,459,4478.09,85345,83830,06-JUL-2020,
OPTSTK,RELIANCE,30-Jul-2020,1880,PE,96,96,76.8,77.85,77.85,22,218.05,4545,3535,06-JUL-2020,
OPTSTK,RELIANCE,30-Jul-2020,1900,PE,131.35,134,88.5,91.4,91.4,563,5681.44,210585,171195,06-JUL-2020,
OPTSTK,RELIANCE,30-Jul-2020,1920,PE,0,0,0,472.6,117.5,0,0,0,0,06-JUL-2020,
OPTSTK,RELIANCE,30-Jul-2020,1940,PE,138,138,138,138,130.6,1,10.49,505,505,06-JUL-2020,
OPTSTK,RELIANCE,30-Jul-2020,1960,PE,0,0,0,507.1,144.4,0,0,0,0,06-JUL-2020,
OPTSTK,RELIANCE,30-Jul-2020,1980,PE,0,0,0,477.45,158.85,0,0,0,0,06-JUL-2020,
OPTSTK,RELIANCE,30-Jul-2020,2000,PE,197,197,162,163.6,163.6,18,197.94,8080,6060,06-JUL-2020,
OPTSTK,RELIANCE,30-Jul-2020,2020,PE,0,0,0,490.05,189.45,0,0,0,0,06-JUL-2020,
OPTSTK,RELIANCE,27-Aug-2020,1060,CE,0,0,0,455.4,798.2,0,0,0,0,06-JUL-2020,
OPTSTK,RELIANCE,27-Aug-2020,1080,CE,0,0,0,439.5,778.35,0,0,0,0,06-JUL-2020,
OPTSTK,RELIANCE,27-Aug-2020,1100,CE,0,0,0,423.9,758.45,0,0,0,0,06-JUL-2020,
OPTSTK,RELIANCE,27-Aug-2020,1120,CE,0,0,0,408.65,738.6,0,0,0,0,06-JUL-2020,
OPTSTK,RELIANCE,27-Aug-2020,1140,CE,0,0,0,393.7,718.75,0,0,0,0,06-JUL-2020,
OPTSTK,RELIANCE,27-Aug-2020,1160,CE,0,0,0,379.15,698.9,0,0,0,0,06-JUL-2020,
OPTSTK,RELIANCE,27-Aug-2020,1180,CE,0,0,0,364.95,679.1,0,0,0,0,06-JUL-2020,
OPTSTK,RELIANCE,27-Aug-2020,1200,CE,0,0,0,351.05,659.3,0,0,0,0,06-JUL-2020,
OPTSTK,RELIANCE,27-Aug-2020,1220,CE,0,0,0,337.5,639.5,0,0,0,0,06-JUL-2020,
OPTSTK,RELIANCE,27-Aug-2020,1240,CE,0,0,0,324.3,619.75,0,0,0,0,06-JUL-2020,
OPTSTK,RELIANCE,27-Aug-2020,1260,CE,0,0,0,311.5,600.05,0,0,0,0,06-JUL-2020,
OPTSTK,RELIANCE,27-Aug-2020,1280,CE,535,535,535,535,580.35,2,18.33,4040,1010,06-JUL-2020,
OPTSTK,RELIANCE,27-Aug-2020,1300,CE,0,0,0,286.9,560.75,0,0,0,0,06-JUL-2020,
OPTSTK,RELIANCE,27-Aug-2020,1320,CE,0,0,0,275.2,541.25,0,0,0,0,06-JUL-2020,
OPTSTK,RELIANCE,27-Aug-2020,1340,CE,0,0,0,263.85,521.8,0,0,0,0,06-JUL-2020,
OPTSTK,RELIANCE,27-Aug-2020,1360,CE,0,0,0,252.85,502.45,0,0,0,0,06-JUL-2020,
OPTSTK,RELIANCE,27-Aug-2020,1380,CE,0,0,0,242.2,483.25,0,0,0,0,06-JUL-2020,
OPTSTK,RELIANCE,27-Aug-2020,1400,CE,0,0,0,231.9,464.2,0,0,0,0,06-JUL-2020,
OPTSTK,RELIANCE,27-Aug-2020,1420,CE,0,0,0,221.95,445.35,0,0,0,0,06-JUL-2020,
OPTSTK,RELIANCE,27-Aug-2020,1440,CE,0,0,0,212.35,426.65,0,0,0,0,06-JUL-2020,
OPTSTK,RELIANCE,27-Aug-2020,1460,CE,0,0,0,135,408.15,0,0,505,0,06-JUL-2020,
OPTSTK,RELIANCE,27-Aug-2020,1480,CE,0,0,0,194.15,389.9,0,0,0,0,06-JUL-2020,
OPTSTK,RELIANCE,27-Aug-2020,1500,CE,315,315,315,315,371.95,1,9.16,1010,505,06-JUL-2020,
OPTSTK,RELIANCE,27-Aug-2020,1520,CE,0,0,0,177.2,354.25,0,0,0,0,06-JUL-2020,
OPTSTK,RELIANCE,27-Aug-2020,1540,CE,0,0,0,169.25,336.9,0,0,0,0,06-JUL-2020,
OPTSTK,RELIANCE,27-Aug-2020,1560,CE,0,0,0,161.55,319.9,0,0,0,0,06-JUL-2020,
OPTSTK,RELIANCE,27-Aug-2020,1580,CE,281.25,281.25,281.25,281.25,303.3,2,18.79,1010,505,06-JUL-2020,
OPTSTK,RELIANCE,27-Aug-2020,1600,CE,239.7,270,235,266.1,287.05,43,400.88,23230,11110,06-JUL-2020,
OPTSTK,RELIANCE,27-Aug-2020,1620,CE,0,0,0,140.3,271.25,0,0,0,0,06-JUL-2020,
OPTSTK,RELIANCE,27-Aug-2020,1640,CE,0,0,0,158.9,255.9,0,0,5050,0,06-JUL-2020,
OPTSTK,RELIANCE,27-Aug-2020,1660,CE,0,0,0,127.5,241,0,0,0,0,06-JUL-2020,
OPTSTK,RELIANCE,27-Aug-2020,1680,CE,0,0,0,121.5,226.6,0,0,0,0,06-JUL-2020,
OPTSTK,RELIANCE,27-Aug-2020,1700,CE,162,190,162,188.1,188.1,10,94.89,26765,0,06-JUL-2020,
OPTSTK,RELIANCE,27-Aug-2020,1720,CE,147.4,159.05,147.4,159.05,199.3,2,18.91,5555,0,06-JUL-2020,
OPTSTK,RELIANCE,27-Aug-2020,1740,CE,128.05,135,128.05,135,186.4,2,18.9,5050,-505,06-JUL-2020,
OPTSTK,RELIANCE,27-Aug-2020,1760,CE,148,148,148,148,148,1,9.63,12625,0,06-JUL-2020,
OPTSTK,RELIANCE,27-Aug-2020,1780,CE,108,121.05,107.9,121.05,162.3,3,28.66,2525,-505,06-JUL-2020,
OPTSTK,RELIANCE,27-Aug-2020,1800,CE,94.05,124.15,92.55,120.45,120.45,313,3022.23,245935,19695,06-JUL-2020,
OPTSTK,RELIANCE,27-Aug-2020,1820,CE,97.2,113.5,94.5,113.3,113.3,36,349.53,8080,6060,06-JUL-2020,
OPTSTK,RELIANCE,27-Aug-2020,1840,CE,93.35,103,89,101.2,101.2,33,322.58,10100,5050,06-JUL-2020,
OPTSTK,RELIANCE,27-Aug-2020,1860,CE,91.45,91.45,88.45,88.45,120.5,3,29.54,4040,-505,06-JUL-2020,
OPTSTK,RELIANCE,27-Aug-2020,1880,CE,62.7,81.3,62.7,80.8,111.35,6,59.26,4040,2020,06-JUL-2020,
OPTSTK,RELIANCE,27-Aug-2020,1900,CE,54.4,74.9,52.65,73.85,73.85,221,2195.4,113120,39390,06-JUL-2020,
OPTSTK,RELIANCE,27-Aug-2020,1920,CE,57.9,63,57.9,63,94.65,4,39.99,1010,505,06-JUL-2020,
OPTSTK,RELIANCE,27-Aug-2020,1940,CE,0,0,0,63.65,87.05,0,0,0,0,06-JUL-2020,
OPTSTK,RELIANCE,27-Aug-2020,1960,CE,0,0,0,60.4,79.95,0,0,0,0,06-JUL-2020,
OPTSTK,RELIANCE,27-Aug-2020,1980,CE,0,0,0,36,73.3,0,0,505,0,06-JUL-2020,
OPTSTK,RELIANCE,27-Aug-2020,2000,CE,30,42.5,30,41.7,41.7,298,3068.01,121200,49490,06-JUL-2020,
OPTSTK,RELIANCE,27-Aug-2020,2020,CE,32,36.25,32,36.25,36.25,53,549.35,26765,26765,06-JUL-2020,
OPTSTK,RELIANCE,27-Aug-2020,1060,PE,0,0,0,5.35,0.05,0,0,1515,0,06-JUL-2020,
OPTSTK,RELIANCE,27-Aug-2020,1080,PE,0,0,0,34.1,0.05,0,0,0,0,06-JUL-2020,
OPTSTK,RELIANCE,27-Aug-2020,1100,PE,0,0,0,4.55,0.05,0,0,1515,0,06-JUL-2020,
OPTSTK,RELIANCE,27-Aug-2020,1120,PE,0,0,0,42.8,0.05,0,0,0,0,06-JUL-2020,
OPTSTK,RELIANCE,27-Aug-2020,1140,PE,0,0,0,47.6,0.1,0,0,0,0,06-JUL-2020,
OPTSTK,RELIANCE,27-Aug-2020,1160,PE,0,0,0,52.85,0.1,0,0,0,0,06-JUL-2020,
OPTSTK,RELIANCE,27-Aug-2020,1180,PE,0,0,0,58.35,0.15,0,0,0,0,06-JUL-2020,
OPTSTK,RELIANCE,27-Aug-2020,1200,PE,0,0,0,5.1,0.25,0,0,2020,0,06-JUL-2020,
OPTSTK,RELIANCE,27-Aug-2020,1220,PE,0,0,0,70.45,0.35,0,0,0,0,06-JUL-2020,
OPTSTK,RELIANCE,27-Aug-2020,1240,PE,0,0,0,77,0.45,0,0,0,0,06-JUL-2020,
OPTSTK,RELIANCE,27-Aug-2020,1260,PE,0,0,0,83.95,0.6,0,0,0,0,06-JUL-2020,
OPTSTK,RELIANCE,27-Aug-2020,1280,PE,0,0,0,91.2,0.85,0,0,0,0,06-JUL-2020,
OPTSTK,RELIANCE,27-Aug-2020,1300,PE,2.85,2.95,2,2.15,2.15,25,164.44,27270,2525,06-JUL-2020,
OPTSTK,RELIANCE,27-Aug-2020,1320,PE,0,0,0,106.9,1.45,0,0,0,0,06-JUL-2020,
OPTSTK,RELIANCE,27-Aug-2020,1340,PE,0,0,0,115.3,1.9,0,0,0,0,06-JUL-2020,
OPTSTK,RELIANCE,27-Aug-2020,1360,PE,0,0,0,124.05,2.45,0,0,0,0,06-JUL-2020,
OPTSTK,RELIANCE,27-Aug-2020,1380,PE,0,0,0,133.2,3.15,0,0,0,0,06-JUL-2020,
OPTSTK,RELIANCE,27-Aug-2020,1400,PE,5.3,5.3,3.1,3.15,3.15,42,297.81,34340,14645,06-JUL-2020,
OPTSTK,RELIANCE,27-Aug-2020,1420,PE,0,0,0,152.45,4.95,0,0,0,0,06-JUL-2020,
OPTSTK,RELIANCE,27-Aug-2020,1440,PE,0,0,0,20.05,6.15,0,0,1010,0,06-JUL-2020,
OPTSTK,RELIANCE,27-Aug-2020,1460,PE,0,0,0,173.1,7.55,0,0,0,0,06-JUL-2020,
OPTSTK,RELIANCE,27-Aug-2020,1480,PE,0,0,0,183.9,9.2,0,0,0,0,06-JUL-2020,
OPTSTK,RELIANCE,27-Aug-2020,1500,PE,12.9,12.9,6.6,7,7,126,959.59,112110,33835,06-JUL-2020,
OPTSTK,RELIANCE,27-Aug-2020,1520,PE,0,0,0,16.65,13.3,0,0,12120,0,06-JUL-2020,
OPTSTK,RELIANCE,27-Aug-2020,1540,PE,0,0,0,218.3,15.85,0,0,0,0,06-JUL-2020,
OPTSTK,RELIANCE,27-Aug-2020,1560,PE,0,0,0,27.75,18.7,0,0,505,0,06-JUL-2020,
OPTSTK,RELIANCE,27-Aug-2020,1580,PE,0,0,0,242.75,21.95,0,0,0,0,06-JUL-2020,
OPTSTK,RELIANCE,27-Aug-2020,1600,PE,26.05,26.05,13.7,16.4,16.4,368,3008.08,191395,108575,06-JUL-2020,
OPTSTK,RELIANCE,27-Aug-2020,1620,PE,22.5,22.5,18.35,18.45,18.45,17,140.78,15150,5555,06-JUL-2020,
OPTSTK,RELIANCE,27-Aug-2020,1640,PE,43.7,43.7,21,22.1,22.1,30,251.93,20705,13130,06-JUL-2020,
OPTSTK,RELIANCE,27-Aug-2020,1660,PE,30,31.2,30,31.2,39.2,3,25.61,2020,505,06-JUL-2020,
OPTSTK,RELIANCE,27-Aug-2020,1680,PE,31.95,36.45,29.55,30.5,30.5,7,60.55,1010,505,06-JUL-2020,
OPTSTK,RELIANCE,27-Aug-2020,1700,PE,52.05,52.8,33.2,34.7,34.7,328,2882.26,175235,39895,06-JUL-2020,
OPTSTK,RELIANCE,27-Aug-2020,1720,PE,51,51,43.6,43.6,57.1,2,17.84,1515,505,06-JUL-2020,
OPTSTK,RELIANCE,27-Aug-2020,1740,PE,62,62,46.5,46.5,64.1,3,27.19,1010,1010,06-JUL-2020,
OPTSTK,RELIANCE,27-Aug-2020,1760,PE,63,63,51,52.75,52.75,8,73.4,14140,1515,06-JUL-2020,
OPTSTK,RELIANCE,27-Aug-2020,1780,PE,63.25,63.25,63.25,63.25,79.75,3,27.92,1515,1515,06-JUL-2020,
OPTSTK,RELIANCE,27-Aug-2020,1800,PE,95.3,95.3,65.65,67.05,67.05,315,2976.95,125240,118675,06-JUL-2020,
OPTSTK,RELIANCE,27-Aug-2020,1820,PE,97.85,97.85,74.5,75.1,75.1,10,96.29,6565,3030,06-JUL-2020,
OPTSTK,RELIANCE,27-Aug-2020,1840,PE,0,0,0,427.35,107.2,0,0,0,0,06-JUL-2020,
OPTSTK,RELIANCE,27-Aug-2020,1860,PE,0,0,0,443.1,117.45,0,0,0,0,06-JUL-2020,
OPTSTK,RELIANCE,27-Aug-2020,1880,PE,0,0,0,459.05,128.2,0,0,0,0,06-JUL-2020,
OPTSTK,RELIANCE,27-Aug-2020,1900,PE,112,112,112,112,112,2,20.32,1515,1010,06-JUL-2020,
OPTSTK,RELIANCE,27-Aug-2020,1920,PE,0,0,0,491.4,151.25,0,0,0,0,06-JUL-2020,
OPTSTK,RELIANCE,27-Aug-2020,1940,PE,0,0,0,507.85,163.55,0,0,0,0,06-JUL-2020,
OPTSTK,RELIANCE,27-Aug-2020,1960,PE,0,0,0,524.35,176.3,0,0,0,0,06-JUL-2020,
OPTSTK,RELIANCE,27-Aug-2020,1980,PE,0,0,0,494.7,189.55,0,0,0,0,06-JUL-2020,
OPTSTK,RELIANCE,27-Aug-2020,2000,PE,220,220,220,220,203.2,1,11.21,1010,505,06-JUL-2020,
OPTSTK,RELIANCE,27-Aug-2020,2020,PE,0,0,0,501.9,217.3,0,0,0,0,06-JUL-2020,
OPTSTK,RELIANCE,24-Sep-2020,1240,CE,0,0,0,512.4,625.5,0,0,0,0,06-JUL-2020,
OPTSTK,RELIANCE,24-Sep-2020,1260,CE,0,0,0,495.4,606.25,0,0,0,0,06-JUL-2020,
OPTSTK,RELIANCE,24-Sep-2020,1280,CE,0,0,0,478.7,587.1,0,0,0,0,06-JUL-2020,
OPTSTK,RELIANCE,24-Sep-2020,1300,CE,0,0,0,462.25,568.1,0,0,0,0,06-JUL-2020,
OPTSTK,RELIANCE,24-Sep-2020,1320,CE,0,0,0,446.05,549.2,0,0,0,0,06-JUL-2020,
OPTSTK,RELIANCE,24-Sep-2020,1340,CE,0,0,0,430.2,530.45,0,0,0,0,06-JUL-2020,
OPTSTK,RELIANCE,24-Sep-2020,1360,CE,0,0,0,414.65,511.9,0,0,0,0,06-JUL-2020,
OPTSTK,RELIANCE,24-Sep-2020,1380,CE,0,0,0,399.4,493.55,0,0,0,0,06-JUL-2020,
OPTSTK,RELIANCE,24-Sep-2020,1400,CE,0,0,0,384.55,475.4,0,0,0,0,06-JUL-2020,
OPTSTK,RELIANCE,24-Sep-2020,1420,CE,0,0,0,370,457.5,0,0,0,0,06-JUL-2020,
OPTSTK,RELIANCE,24-Sep-2020,1440,CE,0,0,0,355.75,439.8,0,0,0,0,06-JUL-2020,
OPTSTK,RELIANCE,24-Sep-2020,1460,CE,0,0,0,341.8,422.4,0,0,0,0,06-JUL-2020,
OPTSTK,RELIANCE,24-Sep-2020,1480,CE,0,0,0,328.25,405.25,0,0,0,0,06-JUL-2020,
OPTSTK,RELIANCE,24-Sep-2020,1500,CE,0,0,0,315.05,388.45,0,0,0,0,06-JUL-2020,
OPTSTK,RELIANCE,24-Sep-2020,1520,CE,0,0,0,302.15,371.95,0,0,0,0,06-JUL-2020,
OPTSTK,RELIANCE,24-Sep-2020,1540,CE,0,0,0,289.7,355.75,0,0,0,0,06-JUL-2020,
OPTSTK,RELIANCE,24-Sep-2020,1560,CE,0,0,0,277.6,339.95,0,0,0,0,06-JUL-2020,
OPTSTK,RELIANCE,24-Sep-2020,1580,CE,0,0,0,265.85,324.5,0,0,0,0,06-JUL-2020,
OPTSTK,RELIANCE,24-Sep-2020,1600,CE,0,0,0,180,309.4,0,0,505,0,06-JUL-2020,
OPTSTK,RELIANCE,24-Sep-2020,1620,CE,0,0,0,243.4,294.75,0,0,0,0,06-JUL-2020,
OPTSTK,RELIANCE,24-Sep-2020,1640,CE,0,0,0,232.7,280.45,0,0,0,0,06-JUL-2020,
OPTSTK,RELIANCE,24-Sep-2020,1660,CE,0,0,0,222.4,266.6,0,0,0,0,06-JUL-2020,
OPTSTK,RELIANCE,24-Sep-2020,1680,CE,0,0,0,212.4,253.15,0,0,0,0,06-JUL-2020,
OPTSTK,RELIANCE,24-Sep-2020,1700,CE,0,0,0,137,240.15,0,0,505,0,06-JUL-2020,
OPTSTK,RELIANCE,24-Sep-2020,1720,CE,0,0,0,193.5,227.6,0,0,0,0,06-JUL-2020,
OPTSTK,RELIANCE,24-Sep-2020,1740,CE,0,0,0,184.55,215.45,0,0,0,0,06-JUL-2020,
OPTSTK,RELIANCE,24-Sep-2020,1760,CE,0,0,0,175.9,203.75,0,0,0,0,06-JUL-2020,
OPTSTK,RELIANCE,24-Sep-2020,1780,CE,0,0,0,167.65,192.45,0,0,0,0,06-JUL-2020,
OPTSTK,RELIANCE,24-Sep-2020,1800,CE,0,0,0,159.65,181.65,0,0,0,0,06-JUL-2020,
OPTSTK,RELIANCE,24-Sep-2020,1820,CE,0,0,0,152,171.25,0,0,0,0,06-JUL-2020,
OPTSTK,RELIANCE,24-Sep-2020,1840,CE,0,0,0,144.6,161.3,0,0,0,0,06-JUL-2020,
OPTSTK,RELIANCE,24-Sep-2020,1860,CE,0,0,0,137.55,151.8,0,0,0,0,06-JUL-2020,
OPTSTK,RELIANCE,24-Sep-2020,1880,CE,0,0,0,130.8,142.7,0,0,0,0,06-JUL-2020,
OPTSTK,RELIANCE,24-Sep-2020,1900,CE,85,89,85,86.25,134,61,611.56,30805,30805,06-JUL-2020,
OPTSTK,RELIANCE,24-Sep-2020,1920,CE,0,0,0,118.1,125.75,0,0,0,0,06-JUL-2020,
OPTSTK,RELIANCE,24-Sep-2020,1940,CE,0,0,0,112.15,117.85,0,0,0,0,06-JUL-2020,
OPTSTK,RELIANCE,24-Sep-2020,1960,CE,0,0,0,106.45,110.4,0,0,0,0,06-JUL-2020,
OPTSTK,RELIANCE,24-Sep-2020,1980,CE,0,0,0,101,103.25,0,0,0,0,06-JUL-2020,
OPTSTK,RELIANCE,24-Sep-2020,2000,CE,65,68.95,60,63,96.55,6,62.54,2525,2525,06-JUL-2020,
OPTSTK,RELIANCE,24-Sep-2020,2020,CE,0,0,0,90.95,90.15,0,0,0,0,06-JUL-2020,
OPTSTK,RELIANCE,24-Sep-2020,1240,PE,0,0,0,20.1,2.25,0,0,0,0,06-JUL-2020,
OPTSTK,RELIANCE,24-Sep-2020,1260,PE,0,0,0,22.9,2.8,0,0,0,0,06-JUL-2020,
OPTSTK,RELIANCE,24-Sep-2020,1280,PE,0,0,0,25.95,3.45,0,0,0,0,06-JUL-2020,
OPTSTK,RELIANCE,24-Sep-2020,1300,PE,0,0,0,29.25,4.25,0,0,0,0,06-JUL-2020,
OPTSTK,RELIANCE,24-Sep-2020,1320,PE,0,0,0,32.85,5.15,0,0,0,0,06-JUL-2020,
OPTSTK,RELIANCE,24-Sep-2020,1340,PE,0,0,0,36.75,6.25,0,0,0,0,06-JUL-2020,
OPTSTK,RELIANCE,24-Sep-2020,1360,PE,0,0,0,41,7.5,0,0,0,0,06-JUL-2020,
OPTSTK,RELIANCE,24-Sep-2020,1380,PE,0,0,0,45.5,8.95,0,0,0,0,06-JUL-2020,
OPTSTK,RELIANCE,24-Sep-2020,1400,PE,0,0,0,50.45,10.6,0,0,0,0,06-JUL-2020,
OPTSTK,RELIANCE,24-Sep-2020,1420,PE,0,0,0,55.6,12.5,0,0,0,0,06-JUL-2020,
OPTSTK,RELIANCE,24-Sep-2020,1440,PE,0,0,0,61.1,14.65,0,0,0,0,06-JUL-2020,
OPTSTK,RELIANCE,24-Sep-2020,1460,PE,0,0,0,67,17.05,0,0,0,0,06-JUL-2020,
OPTSTK,RELIANCE,24-Sep-2020,1480,PE,0,0,0,73.2,19.75,0,0,0,0,06-JUL-2020,
OPTSTK,RELIANCE,24-Sep-2020,1500,PE,19.7,19.7,18,18,18,4,30.67,2020,2020,06-JUL-2020,
OPTSTK,RELIANCE,24-Sep-2020,1520,PE,0,0,0,86.65,26.05,0,0,0,0,06-JUL-2020,
OPTSTK,RELIANCE,24-Sep-2020,1540,PE,0,0,0,93.95,29.7,0,0,0,0,06-JUL-2020,
OPTSTK,RELIANCE,24-Sep-2020,1560,PE,0,0,0,101.6,33.7,0,0,0,0,06-JUL-2020,
OPTSTK,RELIANCE,24-Sep-2020,1580,PE,0,0,0,109.6,38.05,0,0,0,0,06-JUL-2020,
OPTSTK,RELIANCE,24-Sep-2020,1600,PE,0,0,0,117.95,42.8,0,0,0,0,06-JUL-2020,
OPTSTK,RELIANCE,24-Sep-2020,1620,PE,0,0,0,126.7,47.9,0,0,0,0,06-JUL-2020,
OPTSTK,RELIANCE,24-Sep-2020,1640,PE,0,0,0,135.8,53.45,0,0,0,0,06-JUL-2020,
OPTSTK,RELIANCE,24-Sep-2020,1660,PE,0,0,0,145.25,59.4,0,0,0,0,06-JUL-2020,
OPTSTK,RELIANCE,24-Sep-2020,1680,PE,0,0,0,155.05,65.8,0,0,0,0,06-JUL-2020,
OPTSTK,RELIANCE,24-Sep-2020,1700,PE,0,0,0,165.15,72.6,0,0,0,0,06-JUL-2020,
OPTSTK,RELIANCE,24-Sep-2020,1720,PE,0,0,0,175.65,79.85,0,0,0,0,06-JUL-2020,
OPTSTK,RELIANCE,24-Sep-2020,1740,PE,0,0,0,186.45,87.5,0,0,0,0,06-JUL-2020,
OPTSTK,RELIANCE,24-Sep-2020,1760,PE,0,0,0,197.6,95.6,0,0,0,0,06-JUL-2020,
OPTSTK,RELIANCE,24-Sep-2020,1780,PE,0,0,0,209.1,104.15,0,0,0,0,06-JUL-2020,
OPTSTK,RELIANCE,24-Sep-2020,1800,PE,0,0,0,220.85,113.15,0,0,0,0,06-JUL-2020,
OPTSTK,RELIANCE,24-Sep-2020,1820,PE,0,0,0,232.95,122.6,0,0,0,0,06-JUL-2020,
OPTSTK,RELIANCE,24-Sep-2020,1840,PE,0,0,0,245.4,132.45,0,0,0,0,06-JUL-2020,
OPTSTK,RELIANCE,24-Sep-2020,1860,PE,0,0,0,258.1,142.75,0,0,0,0,06-JUL-2020,
OPTSTK,RELIANCE,24-Sep-2020,1880,PE,0,0,0,271.1,153.45,0,0,0,0,06-JUL-2020,
OPTSTK,RELIANCE,24-Sep-2020,1900,PE,0,0,0,284.35,164.6,0,0,0,0,06-JUL-2020,
OPTSTK,RELIANCE,24-Sep-2020,1920,PE,0,0,0,297.9,176.15,0,0,0,0,06-JUL-2020,
OPTSTK,RELIANCE,24-Sep-2020,1940,PE,0,0,0,311.75,188.05,0,0,0,0,06-JUL-2020,
OPTSTK,RELIANCE,24-Sep-2020,1960,PE,0,0,0,325.8,200.4,0,0,0,0,06-JUL-2020,
OPTSTK,RELIANCE,24-Sep-2020,1980,PE,0,0,0,340.15,213.1,0,0,0,0,06-JUL-2020,
OPTSTK,RELIANCE,24-Sep-2020,2000,PE,0,0,0,354.7,226.2,0,0,0,0,06-JUL-2020,
OPTSTK,RELIANCE,24-Sep-2020,2020,PE,0,0,0,369.6,239.65,0,0,0,0,06-JUL-2020,
OPTSTK,SAIL,30-Jul-2020,20,CE,0,0,0,13.35,11.9,0,0,0,0,06-JUL-2020,
OPTSTK,SAIL,30-Jul-2020,21,CE,0,0,0,12.65,10.9,0,0,0,0,06-JUL-2020,
OPTSTK,SAIL,30-Jul-2020,22,CE,0,0,0,11.95,9.9,0,0,0,0,06-JUL-2020,
OPTSTK,SAIL,30-Jul-2020,23,CE,0,0,0,11.3,8.95,0,0,0,0,06-JUL-2020,
OPTSTK,SAIL,30-Jul-2020,24,CE,0,0,0,10.65,7.95,0,0,0,0,06-JUL-2020,
OPTSTK,SAIL,30-Jul-2020,25,CE,0,0,0,6.15,7,0,0,152000,0,06-JUL-2020,
OPTSTK,SAIL,30-Jul-2020,26,CE,0,0,0,7.5,6.1,0,0,19000,0,06-JUL-2020,
OPTSTK,SAIL,30-Jul-2020,27,CE,0,0,0,4.75,5.2,0,0,57000,0,06-JUL-2020,
OPTSTK,SAIL,30-Jul-2020,28,CE,0,0,0,3.5,4.4,0,0,38000,0,06-JUL-2020,
OPTSTK,SAIL,30-Jul-2020,29,CE,0,0,0,3.35,3.65,0,0,171000,0,06-JUL-2020,
OPTSTK,SAIL,30-Jul-2020,30,CE,2.8,3.05,2.5,3,3,15,93.67,1938000,-266000,06-JUL-2020,
OPTSTK,SAIL,30-Jul-2020,31,CE,1.85,2.45,1.85,2,2.4,12,75.66,1710000,-228000,06-JUL-2020,
OPTSTK,SAIL,30-Jul-2020,32,CE,1.3,1.9,1.25,1.8,1.9,51,326.82,4199000,-969000,06-JUL-2020,
OPTSTK,SAIL,30-Jul-2020,33,CE,1.15,1.5,1.15,1.15,1.45,10,65.28,2622000,-190000,06-JUL-2020,
OPTSTK,SAIL,30-Jul-2020,34,CE,1.1,1.1,0.95,1.1,1.1,4,26.64,1197000,-76000,06-JUL-2020,
OPTSTK,SAIL,30-Jul-2020,35,CE,0.6,0.95,0.6,0.95,0.95,18,122.56,4636000,-323000,06-JUL-2020,
OPTSTK,SAIL,30-Jul-2020,36,CE,0.45,0.7,0.45,0.7,0.7,4,27.75,1748000,-76000,06-JUL-2020,
OPTSTK,SAIL,30-Jul-2020,37,CE,0.35,0.4,0.3,0.3,0.45,3,21.28,684000,-57000,06-JUL-2020,
OPTSTK,SAIL,30-Jul-2020,38,CE,0.3,0.3,0.3,0.3,0.35,1,7.27,1121000,-19000,06-JUL-2020,
OPTSTK,SAIL,30-Jul-2020,39,CE,0,0,0,0.2,0.25,0,0,2090000,0,06-JUL-2020,
OPTSTK,SAIL,30-Jul-2020,20,PE,0,0,0,1.25,0.05,0,0,0,0,06-JUL-2020,
OPTSTK,SAIL,30-Jul-2020,21,PE,0,0,0,0.15,0.05,0,0,38000,0,06-JUL-2020,
OPTSTK,SAIL,30-Jul-2020,22,PE,0,0,0,0.1,0.05,0,0,228000,0,06-JUL-2020,
OPTSTK,SAIL,30-Jul-2020,23,PE,0.05,0.05,0.05,0.05,0.05,1,4.37,380000,-19000,06-JUL-2020,
OPTSTK,SAIL,30-Jul-2020,24,PE,0,0,0,0.2,0.05,0,0,95000,0,06-JUL-2020,
OPTSTK,SAIL,30-Jul-2020,25,PE,0.2,0.2,0.15,0.15,0.1,13,62.13,1957000,-247000,06-JUL-2020,
OPTSTK,SAIL,30-Jul-2020,26,PE,0.3,0.3,0.3,0.3,0.15,1,4.99,456000,-19000,06-JUL-2020,
OPTSTK,SAIL,30-Jul-2020,27,PE,0,0,0,0.65,0.3,0,0,722000,0,06-JUL-2020,
OPTSTK,SAIL,30-Jul-2020,28,PE,0.85,0.85,0.55,0.55,0.5,7,38.12,1634000,-133000,06-JUL-2020,
OPTSTK,SAIL,30-Jul-2020,29,PE,0.9,0.9,0.9,0.9,0.9,1,5.68,893000,-19000,06-JUL-2020,
OPTSTK,SAIL,30-Jul-2020,30,PE,1.45,1.45,1.05,1.45,1.45,22,130.57,2603000,-418000,06-JUL-2020,
OPTSTK,SAIL,30-Jul-2020,31,PE,2,2,1.55,1.55,1.45,4,24.85,950000,-76000,06-JUL-2020,
OPTSTK,SAIL,30-Jul-2020,32,PE,2.6,2.6,2.25,2.25,1.95,2,13.08,399000,-38000,06-JUL-2020,
OPTSTK,SAIL,30-Jul-2020,33,PE,0,0,0,3.35,2.55,0,0,190000,0,06-JUL-2020,
OPTSTK,SAIL,30-Jul-2020,34,PE,0,0,0,3.65,3.2,0,0,133000,0,06-JUL-2020,
OPTSTK,SAIL,30-Jul-2020,35,PE,0,0,0,4.4,3.9,0,0,57000,0,06-JUL-2020,
OPTSTK,SAIL,30-Jul-2020,36,PE,0,0,0,5.2,4.65,0,0,19000,0,06-JUL-2020,
OPTSTK,SAIL,30-Jul-2020,37,PE,0,0,0,9.6,5.5,0,0,0,0,06-JUL-2020,
OPTSTK,SAIL,30-Jul-2020,38,PE,0,0,0,6.85,6.35,0,0,19000,0,06-JUL-2020,
OPTSTK,SAIL,30-Jul-2020,39,PE,0,0,0,8.4,7.25,0,0,19000,0,06-JUL-2020,
OPTSTK,SAIL,27-Aug-2020,20,CE,0,0,0,11.3,12,0,0,0,0,06-JUL-2020,
OPTSTK,SAIL,27-Aug-2020,21,CE,0,0,0,10.55,11.05,0,0,0,0,06-JUL-2020,
OPTSTK,SAIL,27-Aug-2020,22,CE,0,0,0,9.8,10.1,0,0,0,0,06-JUL-2020,
OPTSTK,SAIL,27-Aug-2020,23,CE,0,0,0,9.1,9.15,0,0,0,0,06-JUL-2020,
OPTSTK,SAIL,27-Aug-2020,24,CE,0,0,0,8.45,8.25,0,0,0,0,06-JUL-2020,
OPTSTK,SAIL,27-Aug-2020,25,CE,0,0,0,7.85,7.4,0,0,0,0,06-JUL-2020,
OPTSTK,SAIL,27-Aug-2020,26,CE,0,0,0,7.25,6.6,0,0,0,0,06-JUL-2020,
OPTSTK,SAIL,27-Aug-2020,27,CE,0,0,0,6.7,5.85,0,0,0,0,06-JUL-2020,
OPTSTK,SAIL,27-Aug-2020,28,CE,0,0,0,6.2,5.1,0,0,0,0,06-JUL-2020,
OPTSTK,SAIL,27-Aug-2020,29,CE,0,0,0,5.75,4.45,0,0,0,0,06-JUL-2020,
OPTSTK,SAIL,27-Aug-2020,30,CE,0,0,0,5.3,3.85,0,0,0,0,06-JUL-2020,
OPTSTK,SAIL,27-Aug-2020,31,CE,0,0,0,4.9,3.35,0,0,0,0,06-JUL-2020,
OPTSTK,SAIL,27-Aug-2020,32,CE,0,0,0,4.5,2.85,0,0,0,0,06-JUL-2020,
OPTSTK,SAIL,27-Aug-2020,33,CE,0,0,0,4.15,2.4,0,0,0,0,06-JUL-2020,
OPTSTK,SAIL,27-Aug-2020,34,CE,0,0,0,3.8,2.05,0,0,0,0,06-JUL-2020,
OPTSTK,SAIL,27-Aug-2020,35,CE,0,0,0,3.5,1.7,0,0,0,0,06-JUL-2020,
OPTSTK,SAIL,27-Aug-2020,36,CE,0,0,0,1.3,1.45,0,0,19000,0,06-JUL-2020,
OPTSTK,SAIL,27-Aug-2020,37,CE,0,0,0,2.95,1.2,0,0,0,0,06-JUL-2020,
OPTSTK,SAIL,27-Aug-2020,38,CE,0,0,0,1.3,1,0,0,19000,0,06-JUL-2020,
OPTSTK,SAIL,27-Aug-2020,39,CE,0,0,0,0.75,0.8,0,0,19000,0,06-JUL-2020,
OPTSTK,SAIL,27-Aug-2020,20,PE,0,0,0,0.85,0.05,0,0,0,0,06-JUL-2020,
OPTSTK,SAIL,27-Aug-2020,21,PE,0,0,0,1.1,0.05,0,0,0,0,06-JUL-2020,
OPTSTK,SAIL,27-Aug-2020,22,PE,0,0,0,1.35,0.1,0,0,0,0,06-JUL-2020,
OPTSTK,SAIL,27-Aug-2020,23,PE,0,0,0,1.65,0.2,0,0,0,0,06-JUL-2020,
OPTSTK,SAIL,27-Aug-2020,24,PE,0,0,0,1.95,0.3,0,0,0,0,06-JUL-2020,
OPTSTK,SAIL,27-Aug-2020,25,PE,0,0,0,2.35,0.4,0,0,0,0,06-JUL-2020,
OPTSTK,SAIL,27-Aug-2020,26,PE,0,0,0,2.75,0.6,0,0,0,0,06-JUL-2020,
OPTSTK,SAIL,27-Aug-2020,27,PE,0,0,0,1.7,0.8,0,0,19000,0,06-JUL-2020,
OPTSTK,SAIL,27-Aug-2020,28,PE,0,0,0,3.65,1.1,0,0,0,0,06-JUL-2020,
OPTSTK,SAIL,27-Aug-2020,29,PE,0,0,0,4.2,1.45,0,0,0,0,06-JUL-2020,
OPTSTK,SAIL,27-Aug-2020,30,PE,0,0,0,4.75,1.85,0,0,0,0,06-JUL-2020,
OPTSTK,SAIL,27-Aug-2020,31,PE,0,0,0,5.3,2.3,0,0,0,0,06-JUL-2020,
OPTSTK,SAIL,27-Aug-2020,32,PE,0,0,0,5.9,2.8,0,0,0,0,06-JUL-2020,
OPTSTK,SAIL,27-Aug-2020,33,PE,0,0,0,6.55,3.35,0,0,0,0,06-JUL-2020,
OPTSTK,SAIL,27-Aug-2020,34,PE,0,0,0,7.2,4,0,0,0,0,06-JUL-2020,
OPTSTK,SAIL,27-Aug-2020,35,PE,0,0,0,7.85,4.65,0,0,0,0,06-JUL-2020,
OPTSTK,SAIL,27-Aug-2020,36,PE,0,0,0,8.6,5.35,0,0,0,0,06-JUL-2020,
OPTSTK,SAIL,27-Aug-2020,37,PE,0,0,0,9.3,6.1,0,0,0,0,06-JUL-2020,
OPTSTK,SAIL,27-Aug-2020,38,PE,0,0,0,10.05,6.9,0,0,0,0,06-JUL-2020,
OPTSTK,SAIL,27-Aug-2020,39,PE,0,0,0,10.8,7.7,0,0,0,0,06-JUL-2020,
OPTSTK,SAIL,24-Sep-2020,20,CE,0,0,0,11.5,12.15,0,0,0,0,06-JUL-2020,
OPTSTK,SAIL,24-Sep-2020,21,CE,0,0,0,10.7,11.25,0,0,0,0,06-JUL-2020,
OPTSTK,SAIL,24-Sep-2020,22,CE,0,0,0,9.9,10.35,0,0,0,0,06-JUL-2020,
OPTSTK,SAIL,24-Sep-2020,23,CE,0,0,0,9.1,9.45,0,0,0,0,06-JUL-2020,
OPTSTK,SAIL,24-Sep-2020,24,CE,0,0,0,8.4,8.65,0,0,0,0,06-JUL-2020,
OPTSTK,SAIL,24-Sep-2020,25,CE,0,0,0,7.7,7.85,0,0,0,0,06-JUL-2020,
OPTSTK,SAIL,24-Sep-2020,26,CE,0,0,0,7.05,7.1,0,0,0,0,06-JUL-2020,
OPTSTK,SAIL,24-Sep-2020,27,CE,0,0,0,6.45,6.4,0,0,0,0,06-JUL-2020,
OPTSTK,SAIL,24-Sep-2020,28,CE,0,0,0,5.9,5.7,0,0,0,0,06-JUL-2020,
OPTSTK,SAIL,24-Sep-2020,29,CE,0,0,0,5.35,5.1,0,0,0,0,06-JUL-2020,
OPTSTK,SAIL,24-Sep-2020,30,CE,0,0,0,4.85,4.55,0,0,0,0,06-JUL-2020,
OPTSTK,SAIL,24-Sep-2020,31,CE,0,0,0,4.4,4.05,0,0,0,0,06-JUL-2020,
OPTSTK,SAIL,24-Sep-2020,32,CE,0,0,0,4,3.55,0,0,0,0,06-JUL-2020,
OPTSTK,SAIL,24-Sep-2020,33,CE,0,0,0,3.6,3.15,0,0,0,0,06-JUL-2020,
OPTSTK,SAIL,24-Sep-2020,34,CE,0,0,0,3.25,2.75,0,0,0,0,06-JUL-2020,
OPTSTK,SAIL,24-Sep-2020,35,CE,0,0,0,2.95,2.4,0,0,0,0,06-JUL-2020,
OPTSTK,SAIL,24-Sep-2020,36,CE,0,0,0,2.65,2.1,0,0,0,0,06-JUL-2020,
OPTSTK,SAIL,24-Sep-2020,37,CE,0,0,0,2.4,1.85,0,0,0,0,06-JUL-2020,
OPTSTK,SAIL,24-Sep-2020,38,CE,0,0,0,2.15,1.6,0,0,0,0,06-JUL-2020,
OPTSTK,SAIL,24-Sep-2020,39,CE,0,0,0,1.95,1.4,0,0,0,0,06-JUL-2020,
OPTSTK,SAIL,24-Sep-2020,20,PE,0,0,0,0.45,0.1,0,0,0,0,06-JUL-2020,
OPTSTK,SAIL,24-Sep-2020,21,PE,0,0,0,0.6,0.2,0,0,0,0,06-JUL-2020,
OPTSTK,SAIL,24-Sep-2020,22,PE,0,0,0,0.8,0.3,0,0,0,0,06-JUL-2020,
OPTSTK,SAIL,24-Sep-2020,23,PE,0,0,0,1,0.4,0,0,0,0,06-JUL-2020,
OPTSTK,SAIL,24-Sep-2020,24,PE,0,0,0,1.25,0.55,0,0,0,0,06-JUL-2020,
OPTSTK,SAIL,24-Sep-2020,25,PE,0,0,0,1.55,0.75,0,0,0,0,06-JUL-2020,
OPTSTK,SAIL,24-Sep-2020,26,PE,0,0,0,1.9,1,0,0,0,0,06-JUL-2020,
OPTSTK,SAIL,24-Sep-2020,27,PE,0,0,0,2.3,1.3,0,0,0,0,06-JUL-2020,
OPTSTK,SAIL,24-Sep-2020,28,PE,0,0,0,2.7,1.6,0,0,0,0,06-JUL-2020,
OPTSTK,SAIL,24-Sep-2020,29,PE,0,0,0,3.15,2,0,0,0,0,06-JUL-2020,
OPTSTK,SAIL,24-Sep-2020,30,PE,0,0,0,3.65,2.4,0,0,0,0,06-JUL-2020,
OPTSTK,SAIL,24-Sep-2020,31,PE,0,0,0,4.2,2.9,0,0,0,0,06-JUL-2020,
OPTSTK,SAIL,24-Sep-2020,32,PE,0,0,0,4.8,3.4,0,0,0,0,06-JUL-2020,
OPTSTK,SAIL,24-Sep-2020,33,PE,0,0,0,5.4,4,0,0,0,0,06-JUL-2020,
OPTSTK,SAIL,24-Sep-2020,34,PE,0,0,0,6.05,4.6,0,0,0,0,06-JUL-2020,
OPTSTK,SAIL,24-Sep-2020,35,PE,0,0,0,6.7,5.25,0,0,0,0,06-JUL-2020,
OPTSTK,SAIL,24-Sep-2020,36,PE,0,0,0,7.4,5.9,0,0,0,0,06-JUL-2020,
OPTSTK,SAIL,24-Sep-2020,37,PE,0,0,0,8.1,6.65,0,0,0,0,06-JUL-2020,
OPTSTK,SAIL,24-Sep-2020,38,PE,0,0,0,8.85,7.4,0,0,0,0,06-JUL-2020,
OPTSTK,SAIL,24-Sep-2020,39,PE,0,0,0,9.65,8.15,0,0,0,0,06-JUL-2020,
OPTSTK,SBILIFE,30-Jul-2020,450,CE,0,0,0,296.5,414.75,0,0,0,0,06-JUL-2020,
OPTSTK,SBILIFE,30-Jul-2020,500,CE,0,0,0,257.15,364.9,0,0,0,0,06-JUL-2020,
OPTSTK,SBILIFE,30-Jul-2020,540,CE,0,0,0,221.7,325,0,0,0,0,06-JUL-2020,
OPTSTK,SBILIFE,30-Jul-2020,550,CE,0,0,0,221.35,315.05,0,0,0,0,06-JUL-2020,
OPTSTK,SBILIFE,30-Jul-2020,560,CE,0,0,0,204.9,305.05,0,0,0,0,06-JUL-2020,
OPTSTK,SBILIFE,30-Jul-2020,570,CE,0,0,0,196.7,295.1,0,0,0,0,06-JUL-2020,
OPTSTK,SBILIFE,30-Jul-2020,580,CE,0,0,0,188.75,285.1,0,0,0,0,06-JUL-2020,
OPTSTK,SBILIFE,30-Jul-2020,590,CE,0,0,0,180.9,275.15,0,0,0,0,06-JUL-2020,
OPTSTK,SBILIFE,30-Jul-2020,600,CE,0,0,0,189.35,265.15,0,0,0,0,06-JUL-2020,
OPTSTK,SBILIFE,30-Jul-2020,610,CE,0,0,0,165.85,255.2,0,0,0,0,06-JUL-2020,
OPTSTK,SBILIFE,30-Jul-2020,620,CE,0,0,0,158.6,245.25,0,0,0,0,06-JUL-2020,
OPTSTK,SBILIFE,30-Jul-2020,630,CE,0,0,0,151.55,235.25,0,0,0,0,06-JUL-2020,
OPTSTK,SBILIFE,30-Jul-2020,640,CE,0,0,0,144.7,225.3,0,0,0,0,06-JUL-2020,
OPTSTK,SBILIFE,30-Jul-2020,650,CE,0,0,0,161.1,215.3,0,0,0,0,06-JUL-2020,
OPTSTK,SBILIFE,30-Jul-2020,660,CE,0,0,0,131.55,205.35,0,0,0,0,06-JUL-2020,
OPTSTK,SBILIFE,30-Jul-2020,670,CE,0,0,0,125.35,195.35,0,0,0,0,06-JUL-2020,
OPTSTK,SBILIFE,30-Jul-2020,680,CE,0,0,0,119.3,185.4,0,0,0,0,06-JUL-2020,
OPTSTK,SBILIFE,30-Jul-2020,690,CE,0,0,0,113.5,175.45,0,0,0,0,06-JUL-2020,
OPTSTK,SBILIFE,30-Jul-2020,700,CE,0,0,0,139.9,165.45,0,0,0,0,06-JUL-2020,
OPTSTK,SBILIFE,30-Jul-2020,710,CE,0,0,0,102.45,155.5,0,0,0,0,06-JUL-2020,
OPTSTK,SBILIFE,30-Jul-2020,720,CE,0,0,0,97.25,145.5,0,0,0,0,06-JUL-2020,
OPTSTK,SBILIFE,30-Jul-2020,730,CE,0,0,0,92.25,135.55,0,0,0,0,06-JUL-2020,
OPTSTK,SBILIFE,30-Jul-2020,740,CE,0,0,0,87.45,125.55,0,0,0,0,06-JUL-2020,
OPTSTK,SBILIFE,30-Jul-2020,750,CE,0,0,0,67.2,115.6,0,0,750,0,06-JUL-2020,
OPTSTK,SBILIFE,30-Jul-2020,760,CE,0,0,0,87.1,105.6,0,0,750,0,06-JUL-2020,
OPTSTK,SBILIFE,30-Jul-2020,770,CE,0,0,0,74.2,95.65,0,0,0,0,06-JUL-2020,
OPTSTK,SBILIFE,30-Jul-2020,780,CE,0,0,0,50,85.7,0,0,2250,0,06-JUL-2020,
OPTSTK,SBILIFE,30-Jul-2020,790,CE,0,0,0,28.3,75.8,0,0,2250,0,06-JUL-2020,
OPTSTK,SBILIFE,30-Jul-2020,800,CE,63.55,77,63.55,69.65,69.65,14,91.44,42000,-2250,06-JUL-2020,
OPTSTK,SBILIFE,30-Jul-2020,810,CE,60.35,60.35,60.35,60.35,56.3,1,6.52,21750,750,06-JUL-2020,
OPTSTK,SBILIFE,30-Jul-2020,820,CE,51.25,62,50.3,54.15,54.15,13,85.35,57750,-2250,06-JUL-2020,
OPTSTK,SBILIFE,30-Jul-2020,830,CE,43.4,55.4,42.6,54.15,38.05,15,98.71,9000,-4500,06-JUL-2020,
OPTSTK,SBILIFE,30-Jul-2020,840,CE,39.75,49.05,35.95,42.15,42.15,97,642.9,24750,-16500,06-JUL-2020,
OPTSTK,SBILIFE,30-Jul-2020,850,CE,34.85,42.05,30.4,35.4,35.4,220,1462.03,87750,-20250,06-JUL-2020,
OPTSTK,SBILIFE,30-Jul-2020,860,CE,28,36.5,27,30.05,30.05,239,1597.04,33750,-1500,06-JUL-2020,
OPTSTK,SBILIFE,30-Jul-2020,870,CE,23.35,31.5,23.35,25.75,25.75,66,445.07,20250,10500,06-JUL-2020,
OPTSTK,SBILIFE,30-Jul-2020,880,CE,20.05,27.45,18.5,21.2,21.2,89,603.04,19500,12750,06-JUL-2020,
OPTSTK,SBILIFE,30-Jul-2020,890,CE,16.8,22,16.75,17.5,17.5,17,115.89,3750,2250,06-JUL-2020,
OPTSTK,SBILIFE,30-Jul-2020,900,CE,14.8,19.45,12.8,14.7,14.7,717,4927.98,137250,43500,06-JUL-2020,
OPTSTK,SBILIFE,30-Jul-2020,910,CE,11.5,11.5,11.5,11.5,1.6,1,6.91,750,750,06-JUL-2020,
OPTSTK,SBILIFE,30-Jul-2020,920,CE,12,12.8,9,9.4,0.85,20,139.76,12750,12000,06-JUL-2020,
OPTSTK,SBILIFE,30-Jul-2020,930,CE,10,10,10,10,0.45,1,7.05,750,750,06-JUL-2020,
OPTSTK,SBILIFE,30-Jul-2020,940,CE,0,0,0,26.75,0.2,0,0,0,0,06-JUL-2020,
OPTSTK,SBILIFE,30-Jul-2020,950,CE,8.75,8.75,5,5,0.1,5,35.88,3000,3000,06-JUL-2020,
OPTSTK,SBILIFE,30-Jul-2020,960,CE,0,0,0,23.55,0.05,0,0,0,0,06-JUL-2020,
OPTSTK,SBILIFE,30-Jul-2020,970,CE,0,0,0,0.25,0.05,0,0,750,0,06-JUL-2020,
OPTSTK,SBILIFE,30-Jul-2020,980,CE,0,0,0,0.25,0.05,0,0,750,0,06-JUL-2020,
OPTSTK,SBILIFE,30-Jul-2020,990,CE,0,0,0,19.35,0.05,0,0,0,0,06-JUL-2020,
OPTSTK,SBILIFE,30-Jul-2020,1000,CE,2.3,3.35,1.6,2.5,2.5,99,744.42,51750,18750,06-JUL-2020,
OPTSTK,SBILIFE,30-Jul-2020,450,PE,0,0,0,13.95,0.05,0,0,0,0,06-JUL-2020,
OPTSTK,SBILIFE,30-Jul-2020,500,PE,0,0,0,1,0.05,0,0,3750,0,06-JUL-2020,
OPTSTK,SBILIFE,30-Jul-2020,540,PE,0,0,0,9.05,0.05,0,0,0,0,06-JUL-2020,
OPTSTK,SBILIFE,30-Jul-2020,550,PE,0,0,0,37.55,0.05,0,0,0,0,06-JUL-2020,
OPTSTK,SBILIFE,30-Jul-2020,560,PE,0,0,0,12.05,0.05,0,0,0,0,06-JUL-2020,
OPTSTK,SBILIFE,30-Jul-2020,570,PE,0,0,0,13.8,0.05,0,0,0,0,06-JUL-2020,
OPTSTK,SBILIFE,30-Jul-2020,580,PE,0,0,0,15.75,0.05,0,0,0,0,06-JUL-2020,
OPTSTK,SBILIFE,30-Jul-2020,590,PE,0,0,0,17.85,0.05,0,0,0,0,06-JUL-2020,
OPTSTK,SBILIFE,30-Jul-2020,600,PE,0,0,0,54.9,0.05,0,0,0,0,06-JUL-2020,
OPTSTK,SBILIFE,30-Jul-2020,610,PE,0,0,0,22.65,0.05,0,0,0,0,06-JUL-2020,
OPTSTK,SBILIFE,30-Jul-2020,620,PE,0,0,0,7,0.05,0,0,750,0,06-JUL-2020,
OPTSTK,SBILIFE,30-Jul-2020,630,PE,0,0,0,2,0.05,0,0,6000,0,06-JUL-2020,
OPTSTK,SBILIFE,30-Jul-2020,640,PE,0,0,0,31.2,0.05,0,0,0,0,06-JUL-2020,
OPTSTK,SBILIFE,30-Jul-2020,650,PE,0,0,0,76,0.05,0,0,0,0,06-JUL-2020,
OPTSTK,SBILIFE,30-Jul-2020,660,PE,0,0,0,37.9,0.05,0,0,0,0,06-JUL-2020,
OPTSTK,SBILIFE,30-Jul-2020,670,PE,0,0,0,0.25,0.05,0,0,750,0,06-JUL-2020,
OPTSTK,SBILIFE,30-Jul-2020,680,PE,0,0,0,0.25,0.05,0,0,750,0,06-JUL-2020,
OPTSTK,SBILIFE,30-Jul-2020,690,PE,0,0,0,49.55,0.05,0,0,0,0,06-JUL-2020,
OPTSTK,SBILIFE,30-Jul-2020,700,PE,1.1,1.15,0.65,1,1,25,131.41,24000,-6000,06-JUL-2020,
OPTSTK,SBILIFE,30-Jul-2020,710,PE,0,0,0,58.4,0.05,0,0,0,0,06-JUL-2020,
OPTSTK,SBILIFE,30-Jul-2020,720,PE,1.4,1.4,0.75,0.75,0.05,6,32.44,4500,-1500,06-JUL-2020,
OPTSTK,SBILIFE,30-Jul-2020,730,PE,0,0,0,68,0.05,0,0,0,0,06-JUL-2020,
OPTSTK,SBILIFE,30-Jul-2020,740,PE,1.85,1.85,1.45,1.5,1.5,5,27.8,6750,0,06-JUL-2020,
OPTSTK,SBILIFE,30-Jul-2020,750,PE,1.9,2.5,1.8,2.2,2.2,22,124.1,22500,-9000,06-JUL-2020,
OPTSTK,SBILIFE,30-Jul-2020,760,PE,2.45,2.45,1.8,1.8,1.8,7,40.01,17250,-1500,06-JUL-2020,
OPTSTK,SBILIFE,30-Jul-2020,770,PE,3.05,3.05,2.9,2.95,0.05,4,23.18,9750,-750,06-JUL-2020,
OPTSTK,SBILIFE,30-Jul-2020,780,PE,0,0,0,95.5,0.05,0,0,0,0,06-JUL-2020,
OPTSTK,SBILIFE,30-Jul-2020,790,PE,0,0,0,9,0.1,0,0,6750,0,06-JUL-2020,
OPTSTK,SBILIFE,30-Jul-2020,800,PE,9.2,10.2,4.95,7.15,7.15,106,641.91,60000,12000,06-JUL-2020,
OPTSTK,SBILIFE,30-Jul-2020,810,PE,8,9,7.75,9,0.55,6,36.81,5250,3750,06-JUL-2020,
OPTSTK,SBILIFE,30-Jul-2020,820,PE,14.85,14.85,9.5,12.5,1.15,14,87.25,8250,5250,06-JUL-2020,
OPTSTK,SBILIFE,30-Jul-2020,830,PE,16.1,16.1,12.5,12.5,12.5,7,44.32,6750,750,06-JUL-2020,
OPTSTK,SBILIFE,30-Jul-2020,840,PE,23.8,24,14.9,18.15,4.05,64,411.98,18000,10500,06-JUL-2020,
OPTSTK,SBILIFE,30-Jul-2020,850,PE,20.5,24,19,22,22,41,267.76,21000,21000,06-JUL-2020,
OPTSTK,SBILIFE,30-Jul-2020,860,PE,32.5,32.6,23,28.9,10.5,34,225.99,8250,8250,06-JUL-2020,
OPTSTK,SBILIFE,30-Jul-2020,870,PE,0,0,0,155.95,15.45,0,0,0,0,06-JUL-2020,
OPTSTK,SBILIFE,30-Jul-2020,880,PE,0,0,0,163.45,21.6,0,0,0,0,06-JUL-2020,
OPTSTK,SBILIFE,30-Jul-2020,890,PE,0,0,0,171.05,28.75,0,0,0,0,06-JUL-2020,
OPTSTK,SBILIFE,30-Jul-2020,900,PE,0,0,0,229.9,36.8,0,0,0,0,06-JUL-2020,
OPTSTK,SBILIFE,30-Jul-2020,910,PE,0,0,0,186.6,45.55,0,0,0,0,06-JUL-2020,
OPTSTK,SBILIFE,30-Jul-2020,920,PE,0,0,0,194.55,54.8,0,0,0,0,06-JUL-2020,
OPTSTK,SBILIFE,30-Jul-2020,930,PE,0,0,0,202.6,64.35,0,0,0,0,06-JUL-2020,
OPTSTK,SBILIFE,30-Jul-2020,940,PE,0,0,0,210.75,74.1,0,0,0,0,06-JUL-2020,
OPTSTK,SBILIFE,30-Jul-2020,950,PE,0,0,0,268.15,83.95,0,0,0,0,06-JUL-2020,
OPTSTK,SBILIFE,30-Jul-2020,960,PE,0,0,0,227.35,93.85,0,0,0,0,06-JUL-2020,
OPTSTK,SBILIFE,30-Jul-2020,970,PE,0,0,0,235.8,103.8,0,0,0,0,06-JUL-2020,
OPTSTK,SBILIFE,30-Jul-2020,980,PE,0,0,0,244.3,113.75,0,0,0,0,06-JUL-2020,
OPTSTK,SBILIFE,30-Jul-2020,990,PE,0,0,0,252.9,123.75,0,0,0,0,06-JUL-2020,
OPTSTK,SBILIFE,30-Jul-2020,1000,PE,0,0,0,308.15,133.7,0,0,0,0,06-JUL-2020,
OPTSTK,SBILIFE,27-Aug-2020,510,CE,0,0,0,255.25,356.6,0,0,0,0,06-JUL-2020,
OPTSTK,SBILIFE,27-Aug-2020,520,CE,0,0,0,246.9,346.65,0,0,0,0,06-JUL-2020,
OPTSTK,SBILIFE,27-Aug-2020,530,CE,0,0,0,238.7,336.7,0,0,0,0,06-JUL-2020,
OPTSTK,SBILIFE,27-Aug-2020,540,CE,0,0,0,230.65,326.75,0,0,0,0,06-JUL-2020,
OPTSTK,SBILIFE,27-Aug-2020,550,CE,0,0,0,222.75,316.8,0,0,0,0,06-JUL-2020,
OPTSTK,SBILIFE,27-Aug-2020,560,CE,0,0,0,215,306.9,0,0,0,0,06-JUL-2020,
OPTSTK,SBILIFE,27-Aug-2020,570,CE,0,0,0,207.4,296.95,0,0,0,0,06-JUL-2020,
OPTSTK,SBILIFE,27-Aug-2020,580,CE,0,0,0,200,287,0,0,0,0,06-JUL-2020,
OPTSTK,SBILIFE,27-Aug-2020,590,CE,0,0,0,192.7,277.05,0,0,0,0,06-JUL-2020,
OPTSTK,SBILIFE,27-Aug-2020,600,CE,0,0,0,185.6,267.1,0,0,0,0,06-JUL-2020,
OPTSTK,SBILIFE,27-Aug-2020,610,CE,0,0,0,178.7,257.2,0,0,0,0,06-JUL-2020,
OPTSTK,SBILIFE,27-Aug-2020,620,CE,0,0,0,171.95,247.25,0,0,0,0,06-JUL-2020,
OPTSTK,SBILIFE,27-Aug-2020,630,CE,0,0,0,165.4,237.3,0,0,0,0,06-JUL-2020,
OPTSTK,SBILIFE,27-Aug-2020,640,CE,0,0,0,159,227.35,0,0,0,0,06-JUL-2020,
OPTSTK,SBILIFE,27-Aug-2020,650,CE,0,0,0,152.75,217.4,0,0,0,0,06-JUL-2020,
OPTSTK,SBILIFE,27-Aug-2020,660,CE,0,0,0,146.7,207.5,0,0,0,0,06-JUL-2020,
OPTSTK,SBILIFE,27-Aug-2020,670,CE,0,0,0,140.85,197.55,0,0,0,0,06-JUL-2020,
OPTSTK,SBILIFE,27-Aug-2020,680,CE,0,0,0,135.2,187.6,0,0,0,0,06-JUL-2020,
OPTSTK,SBILIFE,27-Aug-2020,690,CE,0,0,0,129.7,177.65,0,0,0,0,06-JUL-2020,
OPTSTK,SBILIFE,27-Aug-2020,700,CE,0,0,0,124.35,167.75,0,0,0,0,06-JUL-2020,
OPTSTK,SBILIFE,27-Aug-2020,710,CE,0,0,0,119.2,157.8,0,0,0,0,06-JUL-2020,
OPTSTK,SBILIFE,27-Aug-2020,720,CE,0,0,0,114.2,147.85,0,0,0,0,06-JUL-2020,
OPTSTK,SBILIFE,27-Aug-2020,730,CE,0,0,0,109.4,137.9,0,0,0,0,06-JUL-2020,
OPTSTK,SBILIFE,27-Aug-2020,740,CE,0,0,0,104.7,128,0,0,0,0,06-JUL-2020,
OPTSTK,SBILIFE,27-Aug-2020,750,CE,0,0,0,100.25,118.1,0,0,0,0,06-JUL-2020,
OPTSTK,SBILIFE,27-Aug-2020,760,CE,0,0,0,95.9,108.25,0,0,0,0,06-JUL-2020,
OPTSTK,SBILIFE,27-Aug-2020,770,CE,0,0,0,91.7,98.45,0,0,0,0,06-JUL-2020,
OPTSTK,SBILIFE,27-Aug-2020,780,CE,0,0,0,87.7,88.75,0,0,0,0,06-JUL-2020,
OPTSTK,SBILIFE,27-Aug-2020,790,CE,0,0,0,83.8,79.2,0,0,0,0,06-JUL-2020,
OPTSTK,SBILIFE,27-Aug-2020,800,CE,0,0,0,80.1,69.85,0,0,0,0,06-JUL-2020,
OPTSTK,SBILIFE,27-Aug-2020,810,CE,0,0,0,76.5,60.9,0,0,0,0,06-JUL-2020,
OPTSTK,SBILIFE,27-Aug-2020,820,CE,0,0,0,73.05,52.3,0,0,0,0,06-JUL-2020,
OPTSTK,SBILIFE,27-Aug-2020,830,CE,0,0,0,69.75,44.25,0,0,0,0,06-JUL-2020,
OPTSTK,SBILIFE,27-Aug-2020,840,CE,0,0,0,66.55,36.8,0,0,0,0,06-JUL-2020,
OPTSTK,SBILIFE,27-Aug-2020,850,CE,0,0,0,63.5,30.1,0,0,0,0,06-JUL-2020,
OPTSTK,SBILIFE,27-Aug-2020,860,CE,0,0,0,60.6,24.15,0,0,0,0,06-JUL-2020,
OPTSTK,SBILIFE,27-Aug-2020,870,CE,0,0,0,57.75,18.95,0,0,0,0,06-JUL-2020,
OPTSTK,SBILIFE,27-Aug-2020,880,CE,0,0,0,55.1,14.6,0,0,0,0,06-JUL-2020,
OPTSTK,SBILIFE,27-Aug-2020,890,CE,0,0,0,52.5,11,0,0,0,0,06-JUL-2020,
OPTSTK,SBILIFE,27-Aug-2020,900,CE,0,0,0,50.05,8.15,0,0,0,0,06-JUL-2020,
OPTSTK,SBILIFE,27-Aug-2020,910,CE,0,0,0,47.7,5.85,0,0,0,0,06-JUL-2020,
OPTSTK,SBILIFE,27-Aug-2020,920,CE,0,0,0,45.45,4.15,0,0,0,0,06-JUL-2020,
OPTSTK,SBILIFE,27-Aug-2020,930,CE,0,0,0,43.3,2.85,0,0,0,0,06-JUL-2020,
OPTSTK,SBILIFE,27-Aug-2020,940,CE,0,0,0,41.25,1.95,0,0,0,0,06-JUL-2020,
OPTSTK,SBILIFE,27-Aug-2020,950,CE,0,0,0,39.25,1.25,0,0,0,0,06-JUL-2020,
OPTSTK,SBILIFE,27-Aug-2020,960,CE,0,0,0,37.4,0.8,0,0,0,0,06-JUL-2020,
OPTSTK,SBILIFE,27-Aug-2020,970,CE,0,0,0,35.6,0.5,0,0,0,0,06-JUL-2020,
OPTSTK,SBILIFE,27-Aug-2020,980,CE,0,0,0,33.85,0.3,0,0,0,0,06-JUL-2020,
OPTSTK,SBILIFE,27-Aug-2020,990,CE,0,0,0,32.25,0.2,0,0,0,0,06-JUL-2020,
OPTSTK,SBILIFE,27-Aug-2020,510,PE,0,0,0,10.95,0.05,0,0,0,0,06-JUL-2020,
OPTSTK,SBILIFE,27-Aug-2020,520,PE,0,0,0,12.5,0.05,0,0,0,0,06-JUL-2020,
OPTSTK,SBILIFE,27-Aug-2020,530,PE,0,0,0,14.15,0.05,0,0,0,0,06-JUL-2020,
OPTSTK,SBILIFE,27-Aug-2020,540,PE,0,0,0,16,0.05,0,0,0,0,06-JUL-2020,
OPTSTK,SBILIFE,27-Aug-2020,550,PE,0,0,0,17.95,0.05,0,0,0,0,06-JUL-2020,
OPTSTK,SBILIFE,27-Aug-2020,560,PE,0,0,0,20.1,0.05,0,0,0,0,06-JUL-2020,
OPTSTK,SBILIFE,27-Aug-2020,570,PE,0,0,0,22.35,0.05,0,0,0,0,06-JUL-2020,
OPTSTK,SBILIFE,27-Aug-2020,580,PE,0,0,0,24.85,0.05,0,0,0,0,06-JUL-2020,
OPTSTK,SBILIFE,27-Aug-2020,590,PE,0,0,0,27.45,0.05,0,0,0,0,06-JUL-2020,
OPTSTK,SBILIFE,27-Aug-2020,600,PE,0,0,0,30.25,0.05,0,0,0,0,06-JUL-2020,
OPTSTK,SBILIFE,27-Aug-2020,610,PE,0,0,0,33.2,0.05,0,0,0,0,06-JUL-2020,
OPTSTK,SBILIFE,27-Aug-2020,620,PE,0,0,0,36.35,0.05,0,0,0,0,06-JUL-2020,
OPTSTK,SBILIFE,27-Aug-2020,630,PE,0,0,0,39.65,0.05,0,0,0,0,06-JUL-2020,
OPTSTK,SBILIFE,27-Aug-2020,640,PE,0,0,0,43.15,0.05,0,0,0,0,06-JUL-2020,
OPTSTK,SBILIFE,27-Aug-2020,650,PE,0,0,0,46.75,0.05,0,0,0,0,06-JUL-2020,
OPTSTK,SBILIFE,27-Aug-2020,660,PE,0,0,0,50.6,0.05,0,0,0,0,06-JUL-2020,
OPTSTK,SBILIFE,27-Aug-2020,670,PE,0,0,0,54.65,0.05,0,0,0,0,06-JUL-2020,
OPTSTK,SBILIFE,27-Aug-2020,680,PE,0,0,0,58.85,0.05,0,0,0,0,06-JUL-2020,
OPTSTK,SBILIFE,27-Aug-2020,690,PE,0,0,0,63.2,0.05,0,0,0,0,06-JUL-2020,
OPTSTK,SBILIFE,27-Aug-2020,700,PE,0,0,0,67.75,0.05,0,0,0,0,06-JUL-2020,
OPTSTK,SBILIFE,27-Aug-2020,710,PE,0,0,0,72.45,0.05,0,0,0,0,06-JUL-2020,
OPTSTK,SBILIFE,27-Aug-2020,720,PE,0,0,0,77.35,0.05,0,0,0,0,06-JUL-2020,
OPTSTK,SBILIFE,27-Aug-2020,730,PE,0,0,0,82.4,0.05,0,0,0,0,06-JUL-2020,
OPTSTK,SBILIFE,27-Aug-2020,740,PE,0,0,0,87.65,0.05,0,0,0,0,06-JUL-2020,
OPTSTK,SBILIFE,27-Aug-2020,750,PE,0,0,0,93,0.05,0,0,0,0,06-JUL-2020,
OPTSTK,SBILIFE,27-Aug-2020,760,PE,0,0,0,98.55,0.15,0,0,0,0,06-JUL-2020,
OPTSTK,SBILIFE,27-Aug-2020,770,PE,0,0,0,104.25,0.3,0,0,0,0,06-JUL-2020,
OPTSTK,SBILIFE,27-Aug-2020,780,PE,0,0,0,110.1,0.5,0,0,0,0,06-JUL-2020,
OPTSTK,SBILIFE,27-Aug-2020,790,PE,0,0,0,116.1,0.9,0,0,0,0,06-JUL-2020,
OPTSTK,SBILIFE,27-Aug-2020,800,PE,0,0,0,122.25,1.55,0,0,0,0,06-JUL-2020,
OPTSTK,SBILIFE,27-Aug-2020,810,PE,0,0,0,128.55,2.5,0,0,0,0,06-JUL-2020,
OPTSTK,SBILIFE,27-Aug-2020,820,PE,0,0,0,135,3.85,0,0,0,0,06-JUL-2020,
OPTSTK,SBILIFE,27-Aug-2020,830,PE,0,0,0,141.55,5.75,0,0,0,0,06-JUL-2020,
OPTSTK,SBILIFE,27-Aug-2020,840,PE,0,0,0,148.25,8.25,0,0,0,0,06-JUL-2020,
OPTSTK,SBILIFE,27-Aug-2020,850,PE,0,0,0,155.1,11.45,0,0,0,0,06-JUL-2020,
OPTSTK,SBILIFE,27-Aug-2020,860,PE,0,0,0,162.05,15.45,0,0,0,0,06-JUL-2020,
OPTSTK,SBILIFE,27-Aug-2020,870,PE,0,0,0,169.1,20.2,0,0,0,0,06-JUL-2020,
OPTSTK,SBILIFE,27-Aug-2020,880,PE,0,0,0,176.3,25.8,0,0,0,0,06-JUL-2020,
OPTSTK,SBILIFE,27-Aug-2020,890,PE,0,0,0,183.6,32.15,0,0,0,0,06-JUL-2020,
OPTSTK,SBILIFE,27-Aug-2020,900,PE,0,0,0,191.05,39.2,0,0,0,0,06-JUL-2020,
OPTSTK,SBILIFE,27-Aug-2020,910,PE,0,0,0,198.55,46.85,0,0,0,0,06-JUL-2020,
OPTSTK,SBILIFE,27-Aug-2020,920,PE,0,0,0,206.2,55.1,0,0,0,0,06-JUL-2020,
OPTSTK,SBILIFE,27-Aug-2020,930,PE,0,0,0,213.9,63.75,0,0,0,0,06-JUL-2020,
OPTSTK,SBILIFE,27-Aug-2020,940,PE,0,0,0,221.7,72.75,0,0,0,0,06-JUL-2020,
OPTSTK,SBILIFE,27-Aug-2020,950,PE,0,0,0,229.65,82.05,0,0,0,0,06-JUL-2020,
OPTSTK,SBILIFE,27-Aug-2020,960,PE,0,0,0,237.65,91.5,0,0,0,0,06-JUL-2020,
OPTSTK,SBILIFE,27-Aug-2020,970,PE,0,0,0,245.7,101.15,0,0,0,0,06-JUL-2020,
OPTSTK,SBILIFE,27-Aug-2020,980,PE,0,0,0,253.85,110.9,0,0,0,0,06-JUL-2020,
OPTSTK,SBILIFE,27-Aug-2020,990,PE,0,0,0,262.1,120.7,0,0,0,0,06-JUL-2020,
OPTSTK,SBILIFE,24-Sep-2020,550,CE,0,0,0,251.1,318.6,0,0,0,0,06-JUL-2020,
OPTSTK,SBILIFE,24-Sep-2020,560,CE,0,0,0,242.5,308.7,0,0,0,0,06-JUL-2020,
OPTSTK,SBILIFE,24-Sep-2020,570,CE,0,0,0,234.05,298.8,0,0,0,0,06-JUL-2020,
OPTSTK,SBILIFE,24-Sep-2020,580,CE,0,0,0,225.7,288.9,0,0,0,0,06-JUL-2020,
OPTSTK,SBILIFE,24-Sep-2020,590,CE,0,0,0,217.55,278.95,0,0,0,0,06-JUL-2020,
OPTSTK,SBILIFE,24-Sep-2020,600,CE,0,0,0,209.55,269.05,0,0,0,0,06-JUL-2020,
OPTSTK,SBILIFE,24-Sep-2020,610,CE,0,0,0,201.7,259.15,0,0,0,0,06-JUL-2020,
OPTSTK,SBILIFE,24-Sep-2020,620,CE,0,0,0,194,249.25,0,0,0,0,06-JUL-2020,
OPTSTK,SBILIFE,24-Sep-2020,630,CE,0,0,0,186.5,239.35,0,0,0,0,06-JUL-2020,
OPTSTK,SBILIFE,24-Sep-2020,640,CE,0,0,0,179.15,229.45,0,0,0,0,06-JUL-2020,
OPTSTK,SBILIFE,24-Sep-2020,650,CE,0,0,0,172,219.55,0,0,0,0,06-JUL-2020,
OPTSTK,SBILIFE,24-Sep-2020,660,CE,0,0,0,165,209.6,0,0,0,0,06-JUL-2020,
OPTSTK,SBILIFE,24-Sep-2020,670,CE,0,0,0,158.2,199.7,0,0,0,0,06-JUL-2020,
OPTSTK,SBILIFE,24-Sep-2020,680,CE,0,0,0,151.6,189.8,0,0,0,0,06-JUL-2020,
OPTSTK,SBILIFE,24-Sep-2020,690,CE,0,0,0,145.15,179.9,0,0,0,0,06-JUL-2020,
OPTSTK,SBILIFE,24-Sep-2020,700,CE,0,0,0,138.9,170,0,0,0,0,06-JUL-2020,
OPTSTK,SBILIFE,24-Sep-2020,710,CE,0,0,0,132.85,160.1,0,0,0,0,06-JUL-2020,
OPTSTK,SBILIFE,24-Sep-2020,720,CE,0,0,0,127,150.25,0,0,0,0,06-JUL-2020,
OPTSTK,SBILIFE,24-Sep-2020,730,CE,0,0,0,121.35,140.4,0,0,0,0,06-JUL-2020,
OPTSTK,SBILIFE,24-Sep-2020,740,CE,0,0,0,115.85,130.55,0,0,0,0,06-JUL-2020,
OPTSTK,SBILIFE,24-Sep-2020,750,CE,0,0,0,110.55,120.8,0,0,0,0,06-JUL-2020,
OPTSTK,SBILIFE,24-Sep-2020,760,CE,0,0,0,105.45,111.1,0,0,0,0,06-JUL-2020,
OPTSTK,SBILIFE,24-Sep-2020,770,CE,0,0,0,100.55,101.55,0,0,0,0,06-JUL-2020,
OPTSTK,SBILIFE,24-Sep-2020,780,CE,0,0,0,95.8,92.15,0,0,0,0,06-JUL-2020,
OPTSTK,SBILIFE,24-Sep-2020,790,CE,0,0,0,91.2,83,0,0,0,0,06-JUL-2020,
OPTSTK,SBILIFE,24-Sep-2020,800,CE,0,0,0,86.85,74.1,0,0,0,0,06-JUL-2020,
OPTSTK,SBILIFE,24-Sep-2020,810,CE,0,0,0,82.6,65.55,0,0,0,0,06-JUL-2020,
OPTSTK,SBILIFE,24-Sep-2020,820,CE,0,0,0,78.55,57.4,0,0,0,0,06-JUL-2020,
OPTSTK,SBILIFE,24-Sep-2020,830,CE,0,0,0,74.65,49.8,0,0,0,0,06-JUL-2020,
OPTSTK,SBILIFE,24-Sep-2020,840,CE,0,0,0,70.95,42.7,0,0,0,0,06-JUL-2020,
OPTSTK,SBILIFE,24-Sep-2020,850,CE,0,0,0,67.35,36.15,0,0,0,0,06-JUL-2020,
OPTSTK,SBILIFE,24-Sep-2020,860,CE,0,0,0,63.95,30.3,0,0,0,0,06-JUL-2020,
OPTSTK,SBILIFE,24-Sep-2020,870,CE,0,0,0,60.65,25.05,0,0,0,0,06-JUL-2020,
OPTSTK,SBILIFE,24-Sep-2020,880,CE,0,0,0,57.55,20.45,0,0,0,0,06-JUL-2020,
OPTSTK,SBILIFE,24-Sep-2020,890,CE,0,0,0,54.55,16.5,0,0,0,0,06-JUL-2020,
OPTSTK,SBILIFE,24-Sep-2020,900,CE,0,0,0,51.7,13.1,0,0,0,0,06-JUL-2020,
OPTSTK,SBILIFE,24-Sep-2020,910,CE,0,0,0,48.95,10.3,0,0,0,0,06-JUL-2020,
OPTSTK,SBILIFE,24-Sep-2020,920,CE,0,0,0,46.4,7.95,0,0,0,0,06-JUL-2020,
OPTSTK,SBILIFE,24-Sep-2020,930,CE,0,0,0,43.95,6.1,0,0,0,0,06-JUL-2020,
OPTSTK,SBILIFE,24-Sep-2020,940,CE,0,0,0,41.6,4.6,0,0,0,0,06-JUL-2020,
OPTSTK,SBILIFE,24-Sep-2020,950,CE,0,0,0,39.35,3.4,0,0,0,0,06-JUL-2020,
OPTSTK,SBILIFE,24-Sep-2020,960,CE,0,0,0,37.2,2.5,0,0,0,0,06-JUL-2020,
OPTSTK,SBILIFE,24-Sep-2020,970,CE,0,0,0,35.2,1.8,0,0,0,0,06-JUL-2020,
OPTSTK,SBILIFE,24-Sep-2020,980,CE,0,0,0,33.25,1.3,0,0,0,0,06-JUL-2020,
OPTSTK,SBILIFE,24-Sep-2020,990,CE,0,0,0,31.45,0.9,0,0,0,0,06-JUL-2020,
OPTSTK,SBILIFE,24-Sep-2020,550,PE,0,0,0,8.45,0.05,0,0,0,0,06-JUL-2020,
OPTSTK,SBILIFE,24-Sep-2020,560,PE,0,0,0,9.75,0.05,0,0,0,0,06-JUL-2020,
OPTSTK,SBILIFE,24-Sep-2020,570,PE,0,0,0,11.15,0.05,0,0,0,0,06-JUL-2020,
OPTSTK,SBILIFE,24-Sep-2020,580,PE,0,0,0,12.75,0.05,0,0,0,0,06-JUL-2020,
OPTSTK,SBILIFE,24-Sep-2020,590,PE,0,0,0,14.45,0.05,0,0,0,0,06-JUL-2020,
OPTSTK,SBILIFE,24-Sep-2020,600,PE,0,0,0,16.35,0.05,0,0,0,0,06-JUL-2020,
OPTSTK,SBILIFE,24-Sep-2020,610,PE,0,0,0,18.35,0.05,0,0,0,0,06-JUL-2020,
OPTSTK,SBILIFE,24-Sep-2020,620,PE,0,0,0,20.55,0.05,0,0,0,0,06-JUL-2020,
OPTSTK,SBILIFE,24-Sep-2020,630,PE,0,0,0,22.9,0.05,0,0,0,0,06-JUL-2020,
OPTSTK,SBILIFE,24-Sep-2020,640,PE,0,0,0,25.5,0.05,0,0,0,0,06-JUL-2020,
OPTSTK,SBILIFE,24-Sep-2020,650,PE,0,0,0,28.2,0.05,0,0,0,0,06-JUL-2020,
OPTSTK,SBILIFE,24-Sep-2020,660,PE,0,0,0,31.1,0.05,0,0,0,0,06-JUL-2020,
OPTSTK,SBILIFE,24-Sep-2020,670,PE,0,0,0,34.2,0.05,0,0,0,0,06-JUL-2020,
OPTSTK,SBILIFE,24-Sep-2020,680,PE,0,0,0,37.45,0.05,0,0,0,0,06-JUL-2020,
OPTSTK,SBILIFE,24-Sep-2020,690,PE,0,0,0,40.9,0.05,0,0,0,0,06-JUL-2020,
OPTSTK,SBILIFE,24-Sep-2020,700,PE,0,0,0,44.55,0.05,0,0,0,0,06-JUL-2020,
OPTSTK,SBILIFE,24-Sep-2020,710,PE,0,0,0,48.35,0.05,0,0,0,0,06-JUL-2020,
OPTSTK,SBILIFE,24-Sep-2020,720,PE,0,0,0,52.4,0.05,0,0,0,0,06-JUL-2020,
OPTSTK,SBILIFE,24-Sep-2020,730,PE,0,0,0,56.6,0.1,0,0,0,0,06-JUL-2020,
OPTSTK,SBILIFE,24-Sep-2020,740,PE,0,0,0,61,0.2,0,0,0,0,06-JUL-2020,
OPTSTK,SBILIFE,24-Sep-2020,750,PE,0,0,0,65.6,0.35,0,0,0,0,06-JUL-2020,
OPTSTK,SBILIFE,24-Sep-2020,760,PE,0,0,0,70.4,0.55,0,0,0,0,06-JUL-2020,
OPTSTK,SBILIFE,24-Sep-2020,770,PE,0,0,0,75.35,0.9,0,0,0,0,06-JUL-2020,
OPTSTK,SBILIFE,24-Sep-2020,780,PE,0,0,0,80.5,1.4,0,0,0,0,06-JUL-2020,
OPTSTK,SBILIFE,24-Sep-2020,790,PE,0,0,0,85.8,2.15,0,0,0,0,06-JUL-2020,
OPTSTK,SBILIFE,24-Sep-2020,800,PE,0,0,0,91.3,3.15,0,0,0,0,06-JUL-2020,
OPTSTK,SBILIFE,24-Sep-2020,810,PE,0,0,0,96.95,4.55,0,0,0,0,06-JUL-2020,
OPTSTK,SBILIFE,24-Sep-2020,820,PE,0,0,0,102.8,6.3,0,0,0,0,06-JUL-2020,
OPTSTK,SBILIFE,24-Sep-2020,830,PE,0,0,0,108.8,8.6,0,0,0,0,06-JUL-2020,
OPTSTK,SBILIFE,24-Sep-2020,840,PE,0,0,0,114.95,11.4,0,0,0,0,06-JUL-2020,
OPTSTK,SBILIFE,24-Sep-2020,850,PE,0,0,0,121.25,14.8,0,0,0,0,06-JUL-2020,
OPTSTK,SBILIFE,24-Sep-2020,860,PE,0,0,0,127.7,18.8,0,0,0,0,06-JUL-2020,
OPTSTK,SBILIFE,24-Sep-2020,870,PE,0,0,0,134.35,23.5,0,0,0,0,06-JUL-2020,
OPTSTK,SBILIFE,24-Sep-2020,880,PE,0,0,0,141.1,28.8,0,0,0,0,06-JUL-2020,
OPTSTK,SBILIFE,24-Sep-2020,890,PE,0,0,0,148,34.75,0,0,0,0,06-JUL-2020,
OPTSTK,SBILIFE,24-Sep-2020,900,PE,0,0,0,155,41.25,0,0,0,0,06-JUL-2020,
OPTSTK,SBILIFE,24-Sep-2020,910,PE,0,0,0,162.15,48.35,0,0,0,0,06-JUL-2020,
OPTSTK,SBILIFE,24-Sep-2020,920,PE,0,0,0,169.45,55.95,0,0,0,0,06-JUL-2020,
OPTSTK,SBILIFE,24-Sep-2020,930,PE,0,0,0,176.9,63.95,0,0,0,0,06-JUL-2020,
OPTSTK,SBILIFE,24-Sep-2020,940,PE,0,0,0,184.45,72.35,0,0,0,0,06-JUL-2020,
OPTSTK,SBILIFE,24-Sep-2020,950,PE,0,0,0,192.1,81.1,0,0,0,0,06-JUL-2020,
OPTSTK,SBILIFE,24-Sep-2020,960,PE,0,0,0,199.85,90.1,0,0,0,0,06-JUL-2020,
OPTSTK,SBILIFE,24-Sep-2020,970,PE,0,0,0,207.7,99.3,0,0,0,0,06-JUL-2020,
OPTSTK,SBILIFE,24-Sep-2020,980,PE,0,0,0,215.65,108.7,0,0,0,0,06-JUL-2020,
OPTSTK,SBILIFE,24-Sep-2020,990,PE,0,0,0,223.7,118.25,0,0,0,0,06-JUL-2020,
OPTSTK,SBIN,30-Jul-2020,100,CE,0,0,0,92.55,88.35,0,0,0,0,06-JUL-2020,
OPTSTK,SBIN,30-Jul-2020,110,CE,0,0,0,83.45,78.35,0,0,0,0,06-JUL-2020,
OPTSTK,SBIN,30-Jul-2020,120,CE,0,0,0,74.7,68.4,0,0,0,0,06-JUL-2020,
OPTSTK,SBIN,30-Jul-2020,125,CE,0,0,0,38.1,63.4,0,0,0,0,06-JUL-2020,
OPTSTK,SBIN,30-Jul-2020,127.5,CE,0,0,0,36.2,60.9,0,0,0,0,06-JUL-2020,
OPTSTK,SBIN,30-Jul-2020,130,CE,0,0,0,66.45,58.4,0,0,0,0,06-JUL-2020,
OPTSTK,SBIN,30-Jul-2020,132.5,CE,0,0,0,32.6,55.95,0,0,0,0,06-JUL-2020,
OPTSTK,SBIN,30-Jul-2020,135,CE,0,0,0,30.85,53.45,0,0,0,0,06-JUL-2020,
OPTSTK,SBIN,30-Jul-2020,137.5,CE,0,0,0,29.2,50.95,0,0,0,0,06-JUL-2020,
OPTSTK,SBIN,30-Jul-2020,140,CE,0,0,0,47.75,48.5,0,0,30000,0,06-JUL-2020,
OPTSTK,SBIN,30-Jul-2020,142.5,CE,0,0,0,26.05,46,0,0,0,0,06-JUL-2020,
OPTSTK,SBIN,30-Jul-2020,145,CE,0,0,0,38.05,43.55,0,0,6000,0,06-JUL-2020,
OPTSTK,SBIN,30-Jul-2020,147.5,CE,0,0,0,23.15,41.1,0,0,0,0,06-JUL-2020,
OPTSTK,SBIN,30-Jul-2020,150,CE,38.5,40.7,38.5,39.15,39.15,33,187.9,183000,15000,06-JUL-2020,
OPTSTK,SBIN,30-Jul-2020,152.5,CE,0,0,0,20.45,36.3,0,0,0,0,06-JUL-2020,
OPTSTK,SBIN,30-Jul-2020,155,CE,0,0,0,32.05,33.95,0,0,3000,0,06-JUL-2020,
OPTSTK,SBIN,30-Jul-2020,157.5,CE,0,0,0,18.05,31.6,0,0,0,0,06-JUL-2020,
OPTSTK,SBIN,30-Jul-2020,160,CE,30.4,30.65,29.55,29.55,29.55,11,62.72,210000,-3000,06-JUL-2020,
OPTSTK,SBIN,30-Jul-2020,162.5,CE,0,0,0,15.85,27.1,0,0,0,0,06-JUL-2020,
OPTSTK,SBIN,30-Jul-2020,165,CE,25.7,25.7,25,25.55,25.55,4,22.84,30000,0,06-JUL-2020,
OPTSTK,SBIN,30-Jul-2020,167.5,CE,0,0,0,19.45,22.85,0,0,12000,0,06-JUL-2020,
OPTSTK,SBIN,30-Jul-2020,170,CE,20,22.75,19.6,21.15,21.15,136,779.88,744000,-54000,06-JUL-2020,
OPTSTK,SBIN,30-Jul-2020,172.5,CE,20.5,20.5,20,20,18.9,2,11.56,66000,0,06-JUL-2020,
OPTSTK,SBIN,30-Jul-2020,175,CE,16,18.5,15.75,17.4,17.4,58,334.36,324000,-36000,06-JUL-2020,
OPTSTK,SBIN,30-Jul-2020,177.5,CE,14.9,16.5,14.9,15.4,15.35,17,98.45,138000,0,06-JUL-2020,
OPTSTK,SBIN,30-Jul-2020,180,CE,12.9,15.45,12.6,13.9,13.9,1227,7149.92,3150000,-114000,06-JUL-2020,
OPTSTK,SBIN,30-Jul-2020,182.5,CE,10.55,13.45,10.55,12.5,12.5,96,561.83,270000,9000,06-JUL-2020,
OPTSTK,SBIN,30-Jul-2020,185,CE,9.9,12.25,9.9,10.95,10.95,1051,6184.9,1959000,-243000,06-JUL-2020,
OPTSTK,SBIN,30-Jul-2020,187.5,CE,9.45,10.85,9,9.65,9.65,496,2937.29,696000,-63000,06-JUL-2020,
OPTSTK,SBIN,30-Jul-2020,190,CE,7.65,9.7,7.65,8.6,8.6,4854,28959.03,8601000,702000,06-JUL-2020,
OPTSTK,SBIN,30-Jul-2020,192.5,CE,8.85,8.85,6.9,7.45,7.45,413,2480.94,678000,54000,06-JUL-2020,
OPTSTK,SBIN,30-Jul-2020,195,CE,7.15,7.55,5.95,6.55,6.55,1272,7702.29,2070000,249000,06-JUL-2020,
OPTSTK,SBIN,30-Jul-2020,197.5,CE,5.75,6.6,5.4,5.7,5.7,155,946.21,420000,57000,06-JUL-2020,
OPTSTK,SBIN,30-Jul-2020,200,CE,5.1,5.9,4.6,4.95,4.95,4821,29683.71,11535000,90000,06-JUL-2020,
OPTSTK,SBIN,30-Jul-2020,202.5,CE,3.8,5.1,3.8,4.35,4.35,60,372.61,240000,39000,06-JUL-2020,
OPTSTK,SBIN,30-Jul-2020,205,CE,3.45,4.45,3.45,3.7,3.7,672,4212.34,1212000,153000,06-JUL-2020,
OPTSTK,SBIN,30-Jul-2020,207.5,CE,3.45,3.8,3.1,3.25,3.25,25,158.23,126000,18000,06-JUL-2020,
OPTSTK,SBIN,30-Jul-2020,210,CE,2.75,3.45,2.65,2.8,2.8,2033,12990.34,5490000,333000,06-JUL-2020,
OPTSTK,SBIN,30-Jul-2020,212.5,CE,3.35,3.35,2.6,2.65,2,24,154.98,60000,51000,06-JUL-2020,
OPTSTK,SBIN,30-Jul-2020,215,CE,2.15,2.65,2,2.1,2.1,330,2150.8,900000,-15000,06-JUL-2020,
OPTSTK,SBIN,30-Jul-2020,217.5,CE,0,0,0,3.2,1.4,0,0,0,0,06-JUL-2020,
OPTSTK,SBIN,30-Jul-2020,220,CE,1.55,1.95,1.5,1.6,1.6,2333,15516.01,4773000,12000,06-JUL-2020,
OPTSTK,SBIN,30-Jul-2020,222.5,CE,0,0,0,2.65,0.95,0,0,0,0,06-JUL-2020,
OPTSTK,SBIN,30-Jul-2020,225,CE,1.15,1.5,1.15,1.2,1.2,150,1018.26,501000,6000,06-JUL-2020,
OPTSTK,SBIN,30-Jul-2020,227.5,CE,0,0,0,3.15,0.65,0,0,0,0,06-JUL-2020,
OPTSTK,SBIN,30-Jul-2020,230,CE,0.85,1.15,0.85,0.9,0.9,1659,11496.4,3036000,297000,06-JUL-2020,
OPTSTK,SBIN,30-Jul-2020,232.5,CE,0,0,0,2.5,0.4,0,0,0,0,06-JUL-2020,
OPTSTK,SBIN,30-Jul-2020,235,CE,0.75,0.8,0.65,0.65,0.65,16,113.14,255000,6000,06-JUL-2020,
OPTSTK,SBIN,30-Jul-2020,237.5,CE,0,0,0,3.6,0.25,0,0,0,0,06-JUL-2020,
OPTSTK,SBIN,30-Jul-2020,240,CE,0.6,0.7,0.5,0.55,0.55,705,5088.24,2079000,243000,06-JUL-2020,
OPTSTK,SBIN,30-Jul-2020,242.5,CE,0,0,0,3,0.15,0,0,0,0,06-JUL-2020,
OPTSTK,SBIN,30-Jul-2020,245,CE,0.4,0.4,0.4,0.4,0.15,1,7.36,15000,-3000,06-JUL-2020,
OPTSTK,SBIN,30-Jul-2020,250,CE,0.45,0.5,0.35,0.4,0.4,394,2959.87,5532000,45000,06-JUL-2020,
OPTSTK,SBIN,30-Jul-2020,260,CE,0.25,0.3,0.2,0.25,0.25,38,296.67,921000,-15000,06-JUL-2020,
OPTSTK,SBIN,30-Jul-2020,270,CE,0.2,0.25,0.2,0.25,0.25,26,210.78,291000,-60000,06-JUL-2020,
OPTSTK,SBIN,30-Jul-2020,280,CE,0.2,0.2,0.15,0.2,0.2,22,184.92,1437000,30000,06-JUL-2020,
OPTSTK,SBIN,30-Jul-2020,290,CE,0.2,0.2,0.15,0.15,0.15,30,261.15,1104000,63000,06-JUL-2020,
OPTSTK,SBIN,30-Jul-2020,100,PE,0.1,0.15,0.1,0.1,0.1,4,12.01,513000,6000,06-JUL-2020,
OPTSTK,SBIN,30-Jul-2020,110,PE,0.1,0.1,0.1,0.1,0.05,7,23.12,126000,-15000,06-JUL-2020,
OPTSTK,SBIN,30-Jul-2020,120,PE,0.2,0.25,0.15,0.2,0.2,20,72.12,246000,15000,06-JUL-2020,
OPTSTK,SBIN,30-Jul-2020,125,PE,0,0,0,3.85,0.05,0,0,0,0,06-JUL-2020,
OPTSTK,SBIN,30-Jul-2020,127.5,PE,0,0,0,4.45,0.05,0,0,0,0,06-JUL-2020,
OPTSTK,SBIN,30-Jul-2020,130,PE,0.25,0.3,0.2,0.3,0.3,70,273.54,603000,-3000,06-JUL-2020,
OPTSTK,SBIN,30-Jul-2020,132.5,PE,0,0,0,2,0.05,0,0,0,0,06-JUL-2020,
OPTSTK,SBIN,30-Jul-2020,135,PE,0,0,0,0.3,0.05,0,0,30000,0,06-JUL-2020,
OPTSTK,SBIN,30-Jul-2020,137.5,PE,0,0,0,7.35,0.05,0,0,0,0,06-JUL-2020,
OPTSTK,SBIN,30-Jul-2020,140,PE,0.35,0.4,0.3,0.4,0.4,46,193.67,1302000,-18000,06-JUL-2020,
OPTSTK,SBIN,30-Jul-2020,142.5,PE,0,0,0,9.15,0.05,0,0,0,0,06-JUL-2020,
OPTSTK,SBIN,30-Jul-2020,145,PE,0.45,0.5,0.35,0.45,0.45,12,52.36,147000,-3000,06-JUL-2020,
OPTSTK,SBIN,30-Jul-2020,147.5,PE,0,0,0,1.75,0.15,0,0,3000,0,06-JUL-2020,
OPTSTK,SBIN,30-Jul-2020,150,PE,0.7,0.75,0.55,0.6,0.6,490,2214.18,3417000,-87000,06-JUL-2020,
OPTSTK,SBIN,30-Jul-2020,152.5,PE,0,0,0,0.8,0.3,0,0,12000,0,06-JUL-2020,
OPTSTK,SBIN,30-Jul-2020,155,PE,1.05,1.05,0.65,0.7,0.7,120,560.64,1155000,6000,06-JUL-2020,
OPTSTK,SBIN,30-Jul-2020,157.5,PE,0,0,0,16,0.6,0,0,0,0,06-JUL-2020,
OPTSTK,SBIN,30-Jul-2020,160,PE,1.35,1.4,1.05,1.1,1.1,1189,5748.04,3474000,-384000,06-JUL-2020,
OPTSTK,SBIN,30-Jul-2020,162.5,PE,1.35,1.6,1.25,1.6,1.6,32,157.28,96000,-27000,06-JUL-2020,
OPTSTK,SBIN,30-Jul-2020,165,PE,1.9,1.95,1.5,1.6,1.6,351,1754.81,2073000,-78000,06-JUL-2020,
OPTSTK,SBIN,30-Jul-2020,167.5,PE,2.4,2.4,1.8,1.8,1.8,86,437.39,282000,12000,06-JUL-2020,
OPTSTK,SBIN,30-Jul-2020,170,PE,3.05,3.15,2.3,2.45,2.45,1938,10029.11,4293000,459000,06-JUL-2020,
OPTSTK,SBIN,30-Jul-2020,172.5,PE,3.5,3.5,2.85,2.95,2.95,177,932.17,321000,78000,06-JUL-2020,
OPTSTK,SBIN,30-Jul-2020,175,PE,4.05,4.45,3.35,3.6,3.6,799,4282.95,2757000,168000,06-JUL-2020,
OPTSTK,SBIN,30-Jul-2020,177.5,PE,4.95,5.25,4.05,4.35,4.35,310,1692.03,315000,-105000,06-JUL-2020,
OPTSTK,SBIN,30-Jul-2020,180,PE,6.6,6.6,4.9,5.15,5.15,2475,13755.5,4311000,168000,06-JUL-2020,
OPTSTK,SBIN,30-Jul-2020,182.5,PE,7,7.3,5.75,6.15,6.15,517,2927.29,414000,-78000,06-JUL-2020,
OPTSTK,SBIN,30-Jul-2020,185,PE,8.4,8.55,6.7,7.15,7.15,1612,9297.6,2442000,393000,06-JUL-2020,
OPTSTK,SBIN,30-Jul-2020,187.5,PE,9.6,9.8,7.95,8.35,8.35,341,2005.44,537000,126000,06-JUL-2020,
OPTSTK,SBIN,30-Jul-2020,190,PE,11,11.25,9.2,9.7,9.7,1309,7845.12,2316000,813000,06-JUL-2020,
OPTSTK,SBIN,30-Jul-2020,192.5,PE,12.4,12.4,10.85,11.2,11.2,19,116.16,171000,21000,06-JUL-2020,
OPTSTK,SBIN,30-Jul-2020,195,PE,14.75,14.75,12.2,12.65,12.65,76,473.64,285000,12000,06-JUL-2020,
OPTSTK,SBIN,30-Jul-2020,197.5,PE,15.05,15.05,13.8,14.3,14.35,9,57.19,96000,-12000,06-JUL-2020,
OPTSTK,SBIN,30-Jul-2020,200,PE,19.2,19.2,15.55,16.15,16.15,142,921.26,900000,45000,06-JUL-2020,
OPTSTK,SBIN,30-Jul-2020,202.5,PE,0,0,0,47.65,17.9,0,0,0,0,06-JUL-2020,
OPTSTK,SBIN,30-Jul-2020,205,PE,21.3,21.3,19.8,19.95,19.75,3,20.28,15000,6000,06-JUL-2020,
OPTSTK,SBIN,30-Jul-2020,207.5,PE,0,0,0,51.9,21.75,0,0,0,0,06-JUL-2020,
OPTSTK,SBIN,30-Jul-2020,210,PE,23.8,24.4,23.8,24.4,23.8,3,21.06,282000,-6000,06-JUL-2020,
OPTSTK,SBIN,30-Jul-2020,212.5,PE,0,0,0,56.25,25.9,0,0,0,0,06-JUL-2020,
OPTSTK,SBIN,30-Jul-2020,215,PE,0,0,0,58.45,28.05,0,0,0,0,06-JUL-2020,
OPTSTK,SBIN,30-Jul-2020,217.5,PE,0,0,0,60.65,30.25,0,0,0,0,06-JUL-2020,
OPTSTK,SBIN,30-Jul-2020,220,PE,34,34,31.8,32.65,32.5,7,53.1,264000,6000,06-JUL-2020,
OPTSTK,SBIN,30-Jul-2020,222.5,PE,0,0,0,62.05,34.8,0,0,0,0,06-JUL-2020,
OPTSTK,SBIN,30-Jul-2020,225,PE,37,37,37,37,37,1,7.86,3000,3000,06-JUL-2020,
OPTSTK,SBIN,30-Jul-2020,227.5,PE,0,0,0,58.8,39.45,0,0,0,0,06-JUL-2020,
OPTSTK,SBIN,30-Jul-2020,230,PE,40.7,40.7,40.7,40.7,41.8,1,8.12,48000,0,06-JUL-2020,
OPTSTK,SBIN,30-Jul-2020,232.5,PE,44.55,44.55,44.55,44.55,44.2,1,8.31,3000,0,06-JUL-2020,
OPTSTK,SBIN,30-Jul-2020,235,PE,0,0,0,60.6,46.65,0,0,0,0,06-JUL-2020,
OPTSTK,SBIN,30-Jul-2020,237.5,PE,0,0,0,51.6,49.05,0,0,0,0,06-JUL-2020,
OPTSTK,SBIN,30-Jul-2020,240,PE,0,0,0,59.65,51.5,0,0,108000,0,06-JUL-2020,
OPTSTK,SBIN,30-Jul-2020,242.5,PE,0,0,0,56,53.95,0,0,0,0,06-JUL-2020,
OPTSTK,SBIN,30-Jul-2020,245,PE,0,0,0,58.25,56.4,0,0,0,0,06-JUL-2020,
OPTSTK,SBIN,30-Jul-2020,250,PE,61.4,61.4,61,61,61,4,37.34,258000,6000,06-JUL-2020,
OPTSTK,SBIN,30-Jul-2020,260,PE,0,0,0,75.25,71.25,0,0,39000,0,06-JUL-2020,
OPTSTK,SBIN,30-Jul-2020,270,PE,0,0,0,82.5,81.2,0,0,21000,0,06-JUL-2020,
OPTSTK,SBIN,30-Jul-2020,280,PE,0,0,0,92.5,91.15,0,0,45000,0,06-JUL-2020,
OPTSTK,SBIN,30-Jul-2020,290,PE,0,0,0,103.5,101.15,0,0,216000,0,06-JUL-2020,
OPTSTK,SBIN,27-Aug-2020,100,CE,0,0,0,60.8,88.65,0,0,0,0,06-JUL-2020,
OPTSTK,SBIN,27-Aug-2020,102.5,CE,0,0,0,58.6,86.15,0,0,0,0,06-JUL-2020,
OPTSTK,SBIN,27-Aug-2020,105,CE,0,0,0,56.4,83.7,0,0,0,0,06-JUL-2020,
OPTSTK,SBIN,27-Aug-2020,107.5,CE,0,0,0,54.3,81.2,0,0,0,0,06-JUL-2020,
OPTSTK,SBIN,27-Aug-2020,110,CE,0,0,0,52.2,78.7,0,0,0,0,06-JUL-2020,
OPTSTK,SBIN,27-Aug-2020,112.5,CE,0,0,0,50.15,76.25,0,0,0,0,06-JUL-2020,
OPTSTK,SBIN,27-Aug-2020,115,CE,0,0,0,48.15,73.75,0,0,0,0,06-JUL-2020,
OPTSTK,SBIN,27-Aug-2020,117.5,CE,0,0,0,46.2,71.3,0,0,0,0,06-JUL-2020,
OPTSTK,SBIN,27-Aug-2020,120,CE,0,0,0,44.3,68.8,0,0,0,0,06-JUL-2020,
OPTSTK,SBIN,27-Aug-2020,122.5,CE,0,0,0,42.45,66.35,0,0,0,0,06-JUL-2020,
OPTSTK,SBIN,27-Aug-2020,125,CE,0,0,0,40.6,63.9,0,0,0,0,06-JUL-2020,
OPTSTK,SBIN,27-Aug-2020,127.5,CE,0,0,0,38.85,61.45,0,0,0,0,06-JUL-2020,
OPTSTK,SBIN,27-Aug-2020,130,CE,0,0,0,37.15,59,0,0,0,0,06-JUL-2020,
OPTSTK,SBIN,27-Aug-2020,132.5,CE,0,0,0,35.45,56.6,0,0,0,0,06-JUL-2020,
OPTSTK,SBIN,27-Aug-2020,135,CE,0,0,0,48.95,54.15,0,0,0,0,06-JUL-2020,
OPTSTK,SBIN,27-Aug-2020,137.5,CE,0,0,0,48.5,51.8,0,0,0,0,06-JUL-2020,
OPTSTK,SBIN,27-Aug-2020,140,CE,0,0,0,47.5,49.4,0,0,3000,0,06-JUL-2020,
OPTSTK,SBIN,27-Aug-2020,142.5,CE,0,0,0,29.35,47.1,0,0,0,0,06-JUL-2020,
OPTSTK,SBIN,27-Aug-2020,145,CE,0,0,0,27.95,44.75,0,0,0,0,06-JUL-2020,
OPTSTK,SBIN,27-Aug-2020,147.5,CE,0,0,0,26.6,42.5,0,0,0,0,06-JUL-2020,
OPTSTK,SBIN,27-Aug-2020,150,CE,41.5,41.5,41.5,41.5,40.25,1,5.74,24000,3000,06-JUL-2020,
OPTSTK,SBIN,27-Aug-2020,152.5,CE,0,0,0,24.05,38.1,0,0,0,0,06-JUL-2020,
OPTSTK,SBIN,27-Aug-2020,155,CE,0,0,0,22.85,35.95,0,0,0,0,06-JUL-2020,
OPTSTK,SBIN,27-Aug-2020,157.5,CE,0,0,0,21.7,33.85,0,0,0,0,06-JUL-2020,
OPTSTK,SBIN,27-Aug-2020,160,CE,32.55,32.55,32.55,32.55,31.85,1,5.77,3000,0,06-JUL-2020,
OPTSTK,SBIN,27-Aug-2020,162.5,CE,0,0,0,19.55,29.85,0,0,0,0,06-JUL-2020,
OPTSTK,SBIN,27-Aug-2020,165,CE,0,0,0,18.55,27.95,0,0,0,0,06-JUL-2020,
OPTSTK,SBIN,27-Aug-2020,167.5,CE,0,0,0,17.6,26.1,0,0,0,0,06-JUL-2020,
OPTSTK,SBIN,27-Aug-2020,170,CE,24.4,24.4,24.3,24.3,24.35,2,11.66,42000,3000,06-JUL-2020,
OPTSTK,SBIN,27-Aug-2020,172.5,CE,0,0,0,15.8,22.65,0,0,0,0,06-JUL-2020,
OPTSTK,SBIN,27-Aug-2020,175,CE,0,0,0,14.95,21.05,0,0,0,0,06-JUL-2020,
OPTSTK,SBIN,27-Aug-2020,177.5,CE,0,0,0,14.15,19.5,0,0,0,0,06-JUL-2020,
OPTSTK,SBIN,27-Aug-2020,180,CE,17.5,19.25,17.5,18.35,18,10,59.55,75000,-15000,06-JUL-2020,
OPTSTK,SBIN,27-Aug-2020,182.5,CE,0,0,0,12.65,16.6,0,0,0,0,06-JUL-2020,
OPTSTK,SBIN,27-Aug-2020,185,CE,16.05,16.05,15.6,15.6,15.3,13,78.39,21000,-12000,06-JUL-2020,
OPTSTK,SBIN,27-Aug-2020,187.5,CE,0,0,0,13.15,14.05,0,0,9000,0,06-JUL-2020,
OPTSTK,SBIN,27-Aug-2020,190,CE,12.85,14.4,12.85,13.3,12.9,58,354.37,243000,54000,06-JUL-2020,
OPTSTK,SBIN,27-Aug-2020,192.5,CE,0,0,0,10.55,11.8,0,0,9000,0,06-JUL-2020,
OPTSTK,SBIN,27-Aug-2020,195,CE,11.45,11.45,11.35,11.35,10.75,3,18.57,90000,0,06-JUL-2020,
OPTSTK,SBIN,27-Aug-2020,197.5,CE,0,0,0,8.8,9.8,0,0,60000,0,06-JUL-2020,
OPTSTK,SBIN,27-Aug-2020,200,CE,9.15,10.25,9.1,9.25,9.25,164,1030.8,360000,-81000,06-JUL-2020,
OPTSTK,SBIN,27-Aug-2020,202.5,CE,0,0,0,8.1,8.1,0,0,30000,0,06-JUL-2020,
OPTSTK,SBIN,27-Aug-2020,205,CE,8,8,7.6,7.8,7.35,5,31.91,12000,12000,06-JUL-2020,
OPTSTK,SBIN,27-Aug-2020,207.5,CE,0,0,0,7.15,6.65,0,0,0,0,06-JUL-2020,
OPTSTK,SBIN,27-Aug-2020,210,CE,6.7,7.1,6.4,6.4,6,15,97.51,273000,-3000,06-JUL-2020,
OPTSTK,SBIN,27-Aug-2020,212.5,CE,0,0,0,6.35,5.4,0,0,0,0,06-JUL-2020,
OPTSTK,SBIN,27-Aug-2020,215,CE,5.25,5.25,5.25,5.25,4.85,1,6.6,21000,0,06-JUL-2020,
OPTSTK,SBIN,27-Aug-2020,217.5,CE,0,0,0,5.65,4.35,0,0,0,0,06-JUL-2020,
OPTSTK,SBIN,27-Aug-2020,220,CE,4.5,4.85,4.25,4.55,4.55,42,282.96,249000,48000,06-JUL-2020,
OPTSTK,SBIN,27-Aug-2020,222.5,CE,0,0,0,4.95,3.5,0,0,0,0,06-JUL-2020,
OPTSTK,SBIN,27-Aug-2020,100,PE,0,0,0,1.4,0.05,0,0,0,0,06-JUL-2020,
OPTSTK,SBIN,27-Aug-2020,102.5,PE,0,0,0,1.65,0.05,0,0,0,0,06-JUL-2020,
OPTSTK,SBIN,27-Aug-2020,105,PE,0,0,0,1.95,0.05,0,0,0,0,06-JUL-2020,
OPTSTK,SBIN,27-Aug-2020,107.5,PE,0,0,0,2.3,0.05,0,0,0,0,06-JUL-2020,
OPTSTK,SBIN,27-Aug-2020,110,PE,0,0,0,2.65,0.05,0,0,0,0,06-JUL-2020,
OPTSTK,SBIN,27-Aug-2020,112.5,PE,0,0,0,3.1,0.05,0,0,0,0,06-JUL-2020,
OPTSTK,SBIN,27-Aug-2020,115,PE,0,0,0,0.65,0.05,0,0,15000,0,06-JUL-2020,
OPTSTK,SBIN,27-Aug-2020,117.5,PE,0,0,0,4.05,0.05,0,0,0,0,06-JUL-2020,
OPTSTK,SBIN,27-Aug-2020,120,PE,0,0,0,4.65,0.05,0,0,0,0,06-JUL-2020,
OPTSTK,SBIN,27-Aug-2020,122.5,PE,0,0,0,5.25,0.05,0,0,0,0,06-JUL-2020,
OPTSTK,SBIN,27-Aug-2020,125,PE,0,0,0,5.9,0.1,0,0,0,0,06-JUL-2020,
OPTSTK,SBIN,27-Aug-2020,127.5,PE,0,0,0,6.6,0.1,0,0,0,0,06-JUL-2020,
OPTSTK,SBIN,27-Aug-2020,130,PE,0.55,0.55,0.5,0.5,0.15,3,11.74,21000,6000,06-JUL-2020,
OPTSTK,SBIN,27-Aug-2020,132.5,PE,0,0,0,8.15,0.25,0,0,0,0,06-JUL-2020,
OPTSTK,SBIN,27-Aug-2020,135,PE,0,0,0,9.05,0.3,0,0,0,0,06-JUL-2020,
OPTSTK,SBIN,27-Aug-2020,137.5,PE,0,0,0,9.95,0.4,0,0,0,0,06-JUL-2020,
OPTSTK,SBIN,27-Aug-2020,140,PE,0,0,0,10.9,0.5,0,0,0,0,06-JUL-2020,
OPTSTK,SBIN,27-Aug-2020,142.5,PE,0,0,0,11.9,0.65,0,0,0,0,06-JUL-2020,
OPTSTK,SBIN,27-Aug-2020,145,PE,0,0,0,2.2,0.85,0,0,6000,0,06-JUL-2020,
OPTSTK,SBIN,27-Aug-2020,147.5,PE,0,0,0,14.1,1.05,0,0,0,0,06-JUL-2020,
OPTSTK,SBIN,27-Aug-2020,150,PE,2.45,2.45,1.9,1.9,1.9,32,145.95,279000,-12000,06-JUL-2020,
OPTSTK,SBIN,27-Aug-2020,152.5,PE,0,0,0,16.5,1.6,0,0,0,0,06-JUL-2020,
OPTSTK,SBIN,27-Aug-2020,155,PE,2.55,2.9,2.55,2.6,2.6,8,37.84,12000,9000,06-JUL-2020,
OPTSTK,SBIN,27-Aug-2020,157.5,PE,0,0,0,19.1,2.35,0,0,0,0,06-JUL-2020,
OPTSTK,SBIN,27-Aug-2020,160,PE,3.3,3.9,3.3,3.55,3.55,41,201.14,333000,39000,06-JUL-2020,
OPTSTK,SBIN,27-Aug-2020,162.5,PE,0,0,0,21.9,3.35,0,0,0,0,06-JUL-2020,
OPTSTK,SBIN,27-Aug-2020,165,PE,4.5,4.5,4.5,4.5,3.9,1,5.08,3000,3000,06-JUL-2020,
OPTSTK,SBIN,27-Aug-2020,167.5,PE,0,0,0,24.85,4.55,0,0,0,0,06-JUL-2020,
OPTSTK,SBIN,27-Aug-2020,170,PE,6.6,6.6,5.75,6,5.25,43,226.93,174000,-9000,06-JUL-2020,
OPTSTK,SBIN,27-Aug-2020,172.5,PE,0,0,0,28,6.05,0,0,0,0,06-JUL-2020,
OPTSTK,SBIN,27-Aug-2020,175,PE,7.5,7.55,7.35,7.45,7.45,6,32.84,24000,6000,06-JUL-2020,
OPTSTK,SBIN,27-Aug-2020,177.5,PE,0,0,0,31.3,7.85,0,0,0,0,06-JUL-2020,
OPTSTK,SBIN,27-Aug-2020,180,PE,10.05,10.05,9.2,9.35,9.35,26,147.81,78000,-12000,06-JUL-2020,
OPTSTK,SBIN,27-Aug-2020,182.5,PE,0,0,0,34.75,9.95,0,0,0,0,06-JUL-2020,
OPTSTK,SBIN,27-Aug-2020,185,PE,11.5,11.55,11.5,11.5,11.15,3,17.68,15000,3000,06-JUL-2020,
OPTSTK,SBIN,27-Aug-2020,187.5,PE,0,0,0,38.35,12.4,0,0,0,0,06-JUL-2020,
OPTSTK,SBIN,27-Aug-2020,190,PE,14.1,14.1,14,14.1,13.7,3,18.36,33000,3000,06-JUL-2020,
OPTSTK,SBIN,27-Aug-2020,192.5,PE,0,0,0,42.05,15.1,0,0,0,0,06-JUL-2020,
OPTSTK,SBIN,27-Aug-2020,195,PE,0,0,0,44,16.55,0,0,0,0,06-JUL-2020,
OPTSTK,SBIN,27-Aug-2020,197.5,PE,0,0,0,45.9,18.1,0,0,0,0,06-JUL-2020,
OPTSTK,SBIN,27-Aug-2020,200,PE,20.35,20.4,19.6,19.6,19.7,4,26.41,39000,6000,06-JUL-2020,
OPTSTK,SBIN,27-Aug-2020,202.5,PE,0,0,0,49.85,21.35,0,0,0,0,06-JUL-2020,
OPTSTK,SBIN,27-Aug-2020,205,PE,0,0,0,51.9,23.05,0,0,0,0,06-JUL-2020,
OPTSTK,SBIN,27-Aug-2020,207.5,PE,0,0,0,53.95,24.85,0,0,0,0,06-JUL-2020,
OPTSTK,SBIN,27-Aug-2020,210,PE,0,0,0,29.2,26.7,0,0,6000,0,06-JUL-2020,
OPTSTK,SBIN,27-Aug-2020,212.5,PE,0,0,0,58.05,28.6,0,0,0,0,06-JUL-2020,
OPTSTK,SBIN,27-Aug-2020,215,PE,0,0,0,60.15,30.5,0,0,0,0,06-JUL-2020,
OPTSTK,SBIN,27-Aug-2020,217.5,PE,0,0,0,62.3,32.5,0,0,0,0,06-JUL-2020,
OPTSTK,SBIN,27-Aug-2020,220,PE,0,0,0,61.4,34.55,0,0,0,0,06-JUL-2020,
OPTSTK,SBIN,27-Aug-2020,222.5,PE,0,0,0,63.55,36.6,0,0,0,0,06-JUL-2020,
OPTSTK,SBIN,24-Sep-2020,115,CE,0,0,0,72.4,74.25,0,0,0,0,06-JUL-2020,
OPTSTK,SBIN,24-Sep-2020,120,CE,0,0,0,67.8,69.4,0,0,0,0,06-JUL-2020,
OPTSTK,SBIN,24-Sep-2020,125,CE,0,0,0,63.3,64.6,0,0,0,0,06-JUL-2020,
OPTSTK,SBIN,24-Sep-2020,130,CE,0,0,0,58.95,59.85,0,0,0,0,06-JUL-2020,
OPTSTK,SBIN,24-Sep-2020,135,CE,0,0,0,54.75,55.2,0,0,0,0,06-JUL-2020,
OPTSTK,SBIN,24-Sep-2020,140,CE,0,0,0,50.65,50.7,0,0,0,0,06-JUL-2020,
OPTSTK,SBIN,24-Sep-2020,145,CE,0,0,0,46.8,46.3,0,0,0,0,06-JUL-2020,
OPTSTK,SBIN,24-Sep-2020,150,CE,0,0,0,43.05,42.1,0,0,0,0,06-JUL-2020,
OPTSTK,SBIN,24-Sep-2020,155,CE,0,0,0,39.5,38.05,0,0,0,0,06-JUL-2020,
OPTSTK,SBIN,24-Sep-2020,160,CE,0,0,0,36.2,34.25,0,0,0,0,06-JUL-2020,
OPTSTK,SBIN,24-Sep-2020,165,CE,0,0,0,33.05,30.65,0,0,0,0,06-JUL-2020,
OPTSTK,SBIN,24-Sep-2020,170,CE,0,0,0,30.1,27.3,0,0,0,0,06-JUL-2020,
OPTSTK,SBIN,24-Sep-2020,175,CE,0,0,0,27.35,24.2,0,0,0,0,06-JUL-2020,
OPTSTK,SBIN,24-Sep-2020,180,CE,0,0,0,21.5,21.35,0,0,3000,0,06-JUL-2020,
OPTSTK,SBIN,24-Sep-2020,185,CE,0,0,0,22.4,18.7,0,0,0,0,06-JUL-2020,
OPTSTK,SBIN,24-Sep-2020,190,CE,0,0,0,15.1,16.35,0,0,3000,0,06-JUL-2020,
OPTSTK,SBIN,24-Sep-2020,195,CE,0,0,0,18.2,14.2,0,0,0,0,06-JUL-2020,
OPTSTK,SBIN,24-Sep-2020,200,CE,13.8,13.8,12.75,12.75,12.75,2,12.79,24000,3000,06-JUL-2020,
OPTSTK,SBIN,24-Sep-2020,205,CE,0,0,0,14.7,10.6,0,0,0,0,06-JUL-2020,
OPTSTK,SBIN,24-Sep-2020,210,CE,8.5,8.5,8.5,8.5,9.1,1,6.55,6000,0,06-JUL-2020,
OPTSTK,SBIN,24-Sep-2020,215,CE,0,0,0,11.75,7.8,0,0,0,0,06-JUL-2020,
OPTSTK,SBIN,24-Sep-2020,220,CE,7.5,7.5,7.5,7.5,6.65,1,6.82,3000,3000,06-JUL-2020,
OPTSTK,SBIN,24-Sep-2020,115,PE,0,0,0,0.8,0.1,0,0,0,0,06-JUL-2020,
OPTSTK,SBIN,24-Sep-2020,120,PE,0,0,0,1.15,0.2,0,0,0,0,06-JUL-2020,
OPTSTK,SBIN,24-Sep-2020,125,PE,0,0,0,1.6,0.35,0,0,0,0,06-JUL-2020,
OPTSTK,SBIN,24-Sep-2020,130,PE,0,0,0,2.2,0.6,0,0,0,0,06-JUL-2020,
OPTSTK,SBIN,24-Sep-2020,135,PE,0,0,0,2.9,0.9,0,0,0,0,06-JUL-2020,
OPTSTK,SBIN,24-Sep-2020,140,PE,1.2,1.2,1.2,1.2,1.35,1,4.23,6000,3000,06-JUL-2020,
OPTSTK,SBIN,24-Sep-2020,145,PE,0,0,0,4.85,1.9,0,0,0,0,06-JUL-2020,
OPTSTK,SBIN,24-Sep-2020,150,PE,3.8,3.8,3.15,3.7,2.65,5,23.04,36000,3000,06-JUL-2020,
OPTSTK,SBIN,24-Sep-2020,155,PE,0,0,0,7.5,3.6,0,0,0,0,06-JUL-2020,
OPTSTK,SBIN,24-Sep-2020,160,PE,0,0,0,9.05,4.7,0,0,0,0,06-JUL-2020,
OPTSTK,SBIN,24-Sep-2020,165,PE,0,0,0,10.85,6.1,0,0,0,0,06-JUL-2020,
OPTSTK,SBIN,24-Sep-2020,170,PE,7.5,7.5,7.5,7.5,7.7,1,5.32,3000,3000,06-JUL-2020,
OPTSTK,SBIN,24-Sep-2020,175,PE,0,0,0,15.05,9.5,0,0,0,0,06-JUL-2020,
OPTSTK,SBIN,24-Sep-2020,180,PE,0,0,0,17.45,11.6,0,0,0,0,06-JUL-2020,
OPTSTK,SBIN,24-Sep-2020,185,PE,0,0,0,20,13.95,0,0,0,0,06-JUL-2020,
OPTSTK,SBIN,24-Sep-2020,190,PE,0,0,0,24.8,16.55,0,0,3000,0,06-JUL-2020,
OPTSTK,SBIN,24-Sep-2020,195,PE,0,0,0,25.7,19.35,0,0,0,0,06-JUL-2020,
OPTSTK,SBIN,24-Sep-2020,200,PE,0,0,0,28.8,22.4,0,0,0,0,06-JUL-2020,
OPTSTK,SBIN,24-Sep-2020,205,PE,0,0,0,32.05,25.65,0,0,0,0,06-JUL-2020,
OPTSTK,SBIN,24-Sep-2020,210,PE,0,0,0,35.45,29.1,0,0,0,0,06-JUL-2020,
OPTSTK,SBIN,24-Sep-2020,215,PE,0,0,0,39,32.75,0,0,0,0,06-JUL-2020,
OPTSTK,SBIN,24-Sep-2020,220,PE,0,0,0,42.7,36.55,0,0,0,0,06-JUL-2020,
OPTSTK,SHREECEM,30-Jul-2020,11500,CE,0,0,0,8490.8,11643.15,0,0,0,0,06-JUL-2020,
OPTSTK,SHREECEM,30-Jul-2020,12000,CE,0,0,0,8029,11144.55,0,0,0,0,06-JUL-2020,
OPTSTK,SHREECEM,30-Jul-2020,12500,CE,0,0,0,7576.2,10645.95,0,0,0,0,06-JUL-2020,
OPTSTK,SHREECEM,30-Jul-2020,13000,CE,0,0,0,7133.75,10147.35,0,0,0,0,06-JUL-2020,
OPTSTK,SHREECEM,30-Jul-2020,13500,CE,0,0,0,6702.8,9648.7,0,0,0,0,06-JUL-2020,
OPTSTK,SHREECEM,30-Jul-2020,14000,CE,0,0,0,6284.65,9150.1,0,0,0,0,06-JUL-2020,
OPTSTK,SHREECEM,30-Jul-2020,14500,CE,0,0,0,5880.3,8651.5,0,0,0,0,06-JUL-2020,
OPTSTK,SHREECEM,30-Jul-2020,15000,CE,0,0,0,5490.75,8152.9,0,0,0,0,06-JUL-2020,
OPTSTK,SHREECEM,30-Jul-2020,15500,CE,0,0,0,5117.25,7654.3,0,0,0,0,06-JUL-2020,
OPTSTK,SHREECEM,30-Jul-2020,15750,CE,0,0,0,5472.4,7405,0,0,0,0,06-JUL-2020,
OPTSTK,SHREECEM,30-Jul-2020,16000,CE,0,0,0,4759.15,7155.7,0,0,0,0,06-JUL-2020,
OPTSTK,SHREECEM,30-Jul-2020,16250,CE,0,0,0,5060.4,6906.4,0,0,0,0,06-JUL-2020,
OPTSTK,SHREECEM,30-Jul-2020,16500,CE,0,0,0,4417.75,6657.15,0,0,0,0,06-JUL-2020,
OPTSTK,SHREECEM,30-Jul-2020,16750,CE,0,0,0,4664.55,6407.85,0,0,0,0,06-JUL-2020,
OPTSTK,SHREECEM,30-Jul-2020,17000,CE,0,0,0,4093.25,6158.6,0,0,0,0,06-JUL-2020,
OPTSTK,SHREECEM,30-Jul-2020,17250,CE,0,0,0,4286.8,5909.45,0,0,0,0,06-JUL-2020,
OPTSTK,SHREECEM,30-Jul-2020,17500,CE,0,0,0,3785.35,5660.35,0,0,0,0,06-JUL-2020,
OPTSTK,SHREECEM,30-Jul-2020,17750,CE,0,0,0,3926.45,5411.4,0,0,0,0,06-JUL-2020,
OPTSTK,SHREECEM,30-Jul-2020,18000,CE,0,0,0,3495.4,5162.65,0,0,0,0,06-JUL-2020,
OPTSTK,SHREECEM,30-Jul-2020,18250,CE,0,0,0,3585.3,4914.3,0,0,0,0,06-JUL-2020,
OPTSTK,SHREECEM,30-Jul-2020,18500,CE,0,0,0,3222.4,4666.45,0,0,0,0,06-JUL-2020,
OPTSTK,SHREECEM,30-Jul-2020,18750,CE,0,0,0,3263.3,4419.3,0,0,0,0,06-JUL-2020,
OPTSTK,SHREECEM,30-Jul-2020,19000,CE,0,0,0,2966.1,4173.25,0,0,0,0,06-JUL-2020,
OPTSTK,SHREECEM,30-Jul-2020,19250,CE,0,0,0,2962.2,3928.55,0,0,0,0,06-JUL-2020,
OPTSTK,SHREECEM,30-Jul-2020,19500,CE,0,0,0,2726.05,3685.8,0,0,0,0,06-JUL-2020,
OPTSTK,SHREECEM,30-Jul-2020,19750,CE,0,0,0,2681.1,3445.55,0,0,0,0,06-JUL-2020,
OPTSTK,SHREECEM,30-Jul-2020,20000,CE,0,0,0,2501.9,3208.4,0,0,0,0,06-JUL-2020,
OPTSTK,SHREECEM,30-Jul-2020,20250,CE,0,0,0,2419.9,2975.15,0,0,0,0,06-JUL-2020,
OPTSTK,SHREECEM,30-Jul-2020,20500,CE,0,0,0,2293.1,2746.7,0,0,0,0,06-JUL-2020,
OPTSTK,SHREECEM,30-Jul-2020,20750,CE,0,0,0,2178.15,2523.85,0,0,0,0,06-JUL-2020,
OPTSTK,SHREECEM,30-Jul-2020,21000,CE,0,0,0,1661.1,2307.7,0,0,50,0,06-JUL-2020,
OPTSTK,SHREECEM,30-Jul-2020,21250,CE,0,0,0,1955.4,2099.05,0,0,0,0,06-JUL-2020,
OPTSTK,SHREECEM,30-Jul-2020,21500,CE,0,0,0,1919.05,1898.95,0,0,0,0,06-JUL-2020,
OPTSTK,SHREECEM,30-Jul-2020,21750,CE,0,0,0,1751,1708.3,0,0,0,0,06-JUL-2020,
OPTSTK,SHREECEM,30-Jul-2020,22000,CE,1408,1408,1408,1408,1527.75,1,11.7,200,50,06-JUL-2020,
OPTSTK,SHREECEM,30-Jul-2020,22250,CE,0,0,0,1340,1358.15,0,0,50,0,06-JUL-2020,
OPTSTK,SHREECEM,30-Jul-2020,22500,CE,0,0,0,848.05,1199.9,0,0,250,0,06-JUL-2020,
OPTSTK,SHREECEM,30-Jul-2020,22750,CE,0,0,0,757.95,1053.4,0,0,50,0,06-JUL-2020,
OPTSTK,SHREECEM,30-Jul-2020,23000,CE,747.65,860,745.1,780.7,780.7,70,832.4,1450,0,06-JUL-2020,
OPTSTK,SHREECEM,30-Jul-2020,23250,CE,736.55,755.55,736.55,755.55,796.25,2,23.99,100,50,06-JUL-2020,
OPTSTK,SHREECEM,30-Jul-2020,23500,CE,0,0,0,1327.05,685.45,0,0,0,0,06-JUL-2020,
OPTSTK,SHREECEM,30-Jul-2020,23750,CE,0,0,0,1099.7,586.15,0,0,0,0,06-JUL-2020,
OPTSTK,SHREECEM,30-Jul-2020,24000,CE,399,425,399,425,497.9,3,36.61,1300,150,06-JUL-2020,
OPTSTK,SHREECEM,30-Jul-2020,24250,CE,325,325,325,325,420.1,1,12.28,150,-50,06-JUL-2020,
OPTSTK,SHREECEM,30-Jul-2020,24500,CE,0,0,0,1097.55,352.05,0,0,0,0,06-JUL-2020,
OPTSTK,SHREECEM,30-Jul-2020,24750,CE,0,0,0,861.85,293.05,0,0,0,0,06-JUL-2020,
OPTSTK,SHREECEM,30-Jul-2020,25000,CE,0,0,0,165.6,242.3,0,0,1050,0,06-JUL-2020,
OPTSTK,SHREECEM,30-Jul-2020,25250,CE,0,0,0,760.65,199,0,0,0,0,06-JUL-2020,
OPTSTK,SHREECEM,30-Jul-2020,25500,CE,0,0,0,905,162.35,0,0,0,0,06-JUL-2020,
OPTSTK,SHREECEM,30-Jul-2020,25750,CE,0,0,0,669.3,131.6,0,0,0,0,06-JUL-2020,
OPTSTK,SHREECEM,30-Jul-2020,26000,CE,105.3,105.3,105.3,105.3,105.3,2,26.1,350,100,06-JUL-2020,
OPTSTK,SHREECEM,30-Jul-2020,26250,CE,0,0,0,588.4,84.8,0,0,0,0,06-JUL-2020,
OPTSTK,SHREECEM,30-Jul-2020,26500,CE,60,60,60,60,67.4,1,13.28,150,0,06-JUL-2020,
OPTSTK,SHREECEM,30-Jul-2020,27000,CE,0,0,0,673.2,41.8,0,0,0,0,06-JUL-2020,
OPTSTK,SHREECEM,30-Jul-2020,27500,CE,0,0,0,609.35,25.3,0,0,0,0,06-JUL-2020,
OPTSTK,SHREECEM,30-Jul-2020,11500,PE,0,0,0,77.15,0.05,0,0,0,0,06-JUL-2020,
OPTSTK,SHREECEM,30-Jul-2020,12000,PE,0,0,0,109.05,0.05,0,0,0,0,06-JUL-2020,
OPTSTK,SHREECEM,30-Jul-2020,12500,PE,0,0,0,149.9,0.05,0,0,0,0,06-JUL-2020,
OPTSTK,SHREECEM,30-Jul-2020,13000,PE,0,0,0,201.1,0.05,0,0,0,0,06-JUL-2020,
OPTSTK,SHREECEM,30-Jul-2020,13500,PE,0,0,0,263.85,0.05,0,0,0,0,06-JUL-2020,
OPTSTK,SHREECEM,30-Jul-2020,14000,PE,0,0,0,339.35,0.05,0,0,0,0,06-JUL-2020,
OPTSTK,SHREECEM,30-Jul-2020,14500,PE,0,0,0,428.65,0.05,0,0,0,0,06-JUL-2020,
OPTSTK,SHREECEM,30-Jul-2020,15000,PE,0,0,0,532.75,0.05,0,0,0,0,06-JUL-2020,
OPTSTK,SHREECEM,30-Jul-2020,15500,PE,0,0,0,652.95,0.05,0,0,0,0,06-JUL-2020,
OPTSTK,SHREECEM,30-Jul-2020,15750,PE,0,0,0,280.85,0.05,0,0,0,0,06-JUL-2020,
OPTSTK,SHREECEM,30-Jul-2020,16000,PE,0,0,0,788.5,0.05,0,0,0,0,06-JUL-2020,
OPTSTK,SHREECEM,30-Jul-2020,16250,PE,0,0,0,364.65,0.05,0,0,0,0,06-JUL-2020,
OPTSTK,SHREECEM,30-Jul-2020,16500,PE,0,0,0,940.75,0.05,0,0,0,0,06-JUL-2020,
OPTSTK,SHREECEM,30-Jul-2020,16750,PE,0,0,0,464.6,0.05,0,0,0,0,06-JUL-2020,
OPTSTK,SHREECEM,30-Jul-2020,17000,PE,0,0,0,1109.95,0.15,0,0,0,0,06-JUL-2020,
OPTSTK,SHREECEM,30-Jul-2020,17250,PE,0,0,0,582.6,0.25,0,0,0,0,06-JUL-2020,
OPTSTK,SHREECEM,30-Jul-2020,17500,PE,0,0,0,1295.7,0.45,0,0,0,0,06-JUL-2020,
OPTSTK,SHREECEM,30-Jul-2020,17750,PE,0,0,0,718.05,0.8,0,0,0,0,06-JUL-2020,
OPTSTK,SHREECEM,30-Jul-2020,18000,PE,0,0,0,1499.4,1.4,0,0,0,0,06-JUL-2020,
OPTSTK,SHREECEM,30-Jul-2020,18250,PE,0,0,0,872.7,2.3,0,0,0,0,06-JUL-2020,
OPTSTK,SHREECEM,30-Jul-2020,18500,PE,0,0,0,1720.05,3.75,0,0,0,0,06-JUL-2020,
OPTSTK,SHREECEM,30-Jul-2020,18750,PE,0,0,0,1046.5,5.95,0,0,0,0,06-JUL-2020,
OPTSTK,SHREECEM,30-Jul-2020,19000,PE,0,0,0,1957.4,9.15,0,0,0,0,06-JUL-2020,
OPTSTK,SHREECEM,30-Jul-2020,19250,PE,0,0,0,1241.15,13.8,0,0,0,0,06-JUL-2020,
OPTSTK,SHREECEM,30-Jul-2020,19500,PE,0,0,0,2211,20.35,0,0,0,0,06-JUL-2020,
OPTSTK,SHREECEM,30-Jul-2020,19750,PE,0,0,0,1455.9,29.35,0,0,0,0,06-JUL-2020,
OPTSTK,SHREECEM,30-Jul-2020,20000,PE,0,0,0,2480.55,41.5,0,0,0,0,06-JUL-2020,
OPTSTK,SHREECEM,30-Jul-2020,20250,PE,0,0,0,1690.45,57.6,0,0,0,0,06-JUL-2020,
OPTSTK,SHREECEM,30-Jul-2020,20500,PE,0,0,0,2765.4,78.4,0,0,0,0,06-JUL-2020,
OPTSTK,SHREECEM,30-Jul-2020,20750,PE,0,0,0,1944.45,104.9,0,0,0,0,06-JUL-2020,
OPTSTK,SHREECEM,30-Jul-2020,21000,PE,0,0,0,3065,138,0,0,0,0,06-JUL-2020,
OPTSTK,SHREECEM,30-Jul-2020,21250,PE,0,0,0,2217.55,178.7,0,0,0,0,06-JUL-2020,
OPTSTK,SHREECEM,30-Jul-2020,21500,PE,200,200,200,200,227.9,1,10.85,50,-50,06-JUL-2020,
OPTSTK,SHREECEM,30-Jul-2020,21750,PE,0,0,0,2508.95,286.55,0,0,0,0,06-JUL-2020,
OPTSTK,SHREECEM,30-Jul-2020,22000,PE,473.95,473.95,473.95,473.95,355.35,1,11.23,700,0,06-JUL-2020,
OPTSTK,SHREECEM,30-Jul-2020,22250,PE,0,0,0,2817.85,435,0,0,0,0,06-JUL-2020,
OPTSTK,SHREECEM,30-Jul-2020,22500,PE,500.35,525,500.35,525,526.05,2,23.01,550,0,06-JUL-2020,
OPTSTK,SHREECEM,30-Jul-2020,22750,PE,0,0,0,3143.45,628.85,0,0,0,0,06-JUL-2020,
OPTSTK,SHREECEM,30-Jul-2020,23000,PE,797,864.2,530.35,648.6,648.6,12,142.2,500,0,06-JUL-2020,
OPTSTK,SHREECEM,30-Jul-2020,23250,PE,0,0,0,3484.75,870.3,0,0,0,0,06-JUL-2020,
OPTSTK,SHREECEM,30-Jul-2020,23500,PE,0,0,0,1250,1008.85,0,0,50,0,06-JUL-2020,
OPTSTK,SHREECEM,30-Jul-2020,23750,PE,0,0,0,3840.75,1158.85,0,0,0,0,06-JUL-2020,
OPTSTK,SHREECEM,30-Jul-2020,24000,PE,1434,1434,1434,1434,1319.9,1,12.71,50,50,06-JUL-2020,
OPTSTK,SHREECEM,30-Jul-2020,24250,PE,0,0,0,4211.7,1491.35,0,0,0,0,06-JUL-2020,
OPTSTK,SHREECEM,30-Jul-2020,24500,PE,0,0,0,5519.15,1672.65,0,0,0,0,06-JUL-2020,
OPTSTK,SHREECEM,30-Jul-2020,24750,PE,0,0,0,4594.5,1862.95,0,0,0,0,06-JUL-2020,
OPTSTK,SHREECEM,30-Jul-2020,25000,PE,0,0,0,2855.35,2061.5,0,0,100,0,06-JUL-2020,
OPTSTK,SHREECEM,30-Jul-2020,25250,PE,0,0,0,3065.85,2267.5,0,0,100,0,06-JUL-2020,
OPTSTK,SHREECEM,30-Jul-2020,25500,PE,0,0,0,3281.6,2480.15,0,0,100,0,06-JUL-2020,
OPTSTK,SHREECEM,30-Jul-2020,25750,PE,0,0,0,5393.5,2698.7,0,0,0,0,06-JUL-2020,
OPTSTK,SHREECEM,30-Jul-2020,26000,PE,0,0,0,6722.75,2922.4,0,0,0,0,06-JUL-2020,
OPTSTK,SHREECEM,30-Jul-2020,26250,PE,0,0,0,5808.45,3150.5,0,0,0,0,06-JUL-2020,
OPTSTK,SHREECEM,30-Jul-2020,26500,PE,0,0,0,7139.55,3382.4,0,0,0,0,06-JUL-2020,
OPTSTK,SHREECEM,30-Jul-2020,27000,PE,0,0,0,7563.1,3855.4,0,0,0,0,06-JUL-2020,
OPTSTK,SHREECEM,30-Jul-2020,27500,PE,0,0,0,7992.95,4337.5,0,0,0,0,06-JUL-2020,
OPTSTK,SHREECEM,27-Aug-2020,14750,CE,0,0,0,6539.2,8450.3,0,0,0,0,06-JUL-2020,
OPTSTK,SHREECEM,27-Aug-2020,15000,CE,0,0,0,6331.05,8201.9,0,0,0,0,06-JUL-2020,
OPTSTK,SHREECEM,27-Aug-2020,15250,CE,0,0,0,6126.25,7953.6,0,0,0,0,06-JUL-2020,
OPTSTK,SHREECEM,27-Aug-2020,15500,CE,0,0,0,5925,7705.4,0,0,0,0,06-JUL-2020,
OPTSTK,SHREECEM,27-Aug-2020,15750,CE,0,0,0,5727.3,7457.35,0,0,0,0,06-JUL-2020,
OPTSTK,SHREECEM,27-Aug-2020,16000,CE,0,0,0,5533.35,7209.45,0,0,0,0,06-JUL-2020,
OPTSTK,SHREECEM,27-Aug-2020,16250,CE,0,0,0,5343.2,6961.85,0,0,0,0,06-JUL-2020,
OPTSTK,SHREECEM,27-Aug-2020,16500,CE,0,0,0,5157.6,6714.65,0,0,0,0,06-JUL-2020,
OPTSTK,SHREECEM,27-Aug-2020,16750,CE,0,0,0,4975.2,6467.9,0,0,0,0,06-JUL-2020,
OPTSTK,SHREECEM,27-Aug-2020,17000,CE,0,0,0,4796.85,6221.75,0,0,0,0,06-JUL-2020,
OPTSTK,SHREECEM,27-Aug-2020,17250,CE,0,0,0,4622.65,5976.4,0,0,0,0,06-JUL-2020,
OPTSTK,SHREECEM,27-Aug-2020,17500,CE,0,0,0,4452.55,5732.05,0,0,0,0,06-JUL-2020,
OPTSTK,SHREECEM,27-Aug-2020,17750,CE,0,0,0,4286.7,5489,0,0,0,0,06-JUL-2020,
OPTSTK,SHREECEM,27-Aug-2020,18000,CE,0,0,0,4125.05,5247.4,0,0,0,0,06-JUL-2020,
OPTSTK,SHREECEM,27-Aug-2020,18250,CE,0,0,0,3966.9,5007.7,0,0,0,0,06-JUL-2020,
OPTSTK,SHREECEM,27-Aug-2020,18500,CE,0,0,0,3813.9,4770.15,0,0,0,0,06-JUL-2020,
OPTSTK,SHREECEM,27-Aug-2020,18750,CE,0,0,0,3665.15,4535.15,0,0,0,0,06-JUL-2020,
OPTSTK,SHREECEM,27-Aug-2020,19000,CE,0,0,0,3520.65,4303.15,0,0,0,0,06-JUL-2020,
OPTSTK,SHREECEM,27-Aug-2020,19250,CE,0,0,0,3380.4,4074.55,0,0,0,0,06-JUL-2020,
OPTSTK,SHREECEM,27-Aug-2020,19500,CE,0,0,0,3244.35,3849.85,0,0,0,0,06-JUL-2020,
OPTSTK,SHREECEM,27-Aug-2020,19750,CE,0,0,0,3112.5,3629.45,0,0,0,0,06-JUL-2020,
OPTSTK,SHREECEM,27-Aug-2020,20000,CE,0,0,0,2984.75,3413.9,0,0,0,0,06-JUL-2020,
OPTSTK,SHREECEM,27-Aug-2020,20250,CE,0,0,0,2861.05,3203.55,0,0,0,0,06-JUL-2020,
OPTSTK,SHREECEM,27-Aug-2020,20500,CE,0,0,0,2741.45,2999,0,0,0,0,06-JUL-2020,
OPTSTK,SHREECEM,27-Aug-2020,20750,CE,0,0,0,2625.85,2800.6,0,0,0,0,06-JUL-2020,
OPTSTK,SHREECEM,27-Aug-2020,21000,CE,0,0,0,2514.2,2608.75,0,0,0,0,06-JUL-2020,
OPTSTK,SHREECEM,27-Aug-2020,21250,CE,0,0,0,2406.4,2423.9,0,0,0,0,06-JUL-2020,
OPTSTK,SHREECEM,27-Aug-2020,21500,CE,0,0,0,2302.35,2246.3,0,0,0,0,06-JUL-2020,
OPTSTK,SHREECEM,27-Aug-2020,21750,CE,0,0,0,2202.1,2076.25,0,0,0,0,06-JUL-2020,
OPTSTK,SHREECEM,27-Aug-2020,22000,CE,0,0,0,2105.45,1914.05,0,0,0,0,06-JUL-2020,
OPTSTK,SHREECEM,27-Aug-2020,22250,CE,0,0,0,2012.35,1759.75,0,0,0,0,06-JUL-2020,
OPTSTK,SHREECEM,27-Aug-2020,22500,CE,0,0,0,1922.75,1613.6,0,0,0,0,06-JUL-2020,
OPTSTK,SHREECEM,27-Aug-2020,22750,CE,0,0,0,1836.55,1475.6,0,0,0,0,06-JUL-2020,
OPTSTK,SHREECEM,27-Aug-2020,23000,CE,0,0,0,1753.7,1345.75,0,0,0,0,06-JUL-2020,
OPTSTK,SHREECEM,27-Aug-2020,23250,CE,0,0,0,1674.05,1224,0,0,0,0,06-JUL-2020,
OPTSTK,SHREECEM,27-Aug-2020,23500,CE,0,0,0,1597.55,1110.3,0,0,0,0,06-JUL-2020,
OPTSTK,SHREECEM,27-Aug-2020,23750,CE,0,0,0,1524.1,1004.4,0,0,0,0,06-JUL-2020,
OPTSTK,SHREECEM,27-Aug-2020,24000,CE,0,0,0,1453.6,906.2,0,0,0,0,06-JUL-2020,
OPTSTK,SHREECEM,27-Aug-2020,24250,CE,0,0,0,1386,815.4,0,0,0,0,06-JUL-2020,
OPTSTK,SHREECEM,27-Aug-2020,24500,CE,0,0,0,1321.2,731.75,0,0,0,0,06-JUL-2020,
OPTSTK,SHREECEM,27-Aug-2020,24750,CE,0,0,0,1260.15,654.95,0,0,0,0,06-JUL-2020,
OPTSTK,SHREECEM,27-Aug-2020,25000,CE,0,0,0,1200.8,584.65,0,0,0,0,06-JUL-2020,
OPTSTK,SHREECEM,27-Aug-2020,25250,CE,0,0,0,1144,520.55,0,0,0,0,06-JUL-2020,
OPTSTK,SHREECEM,27-Aug-2020,25500,CE,0,0,0,1089.6,462.35,0,0,0,0,06-JUL-2020,
OPTSTK,SHREECEM,27-Aug-2020,25750,CE,0,0,0,1037.6,409.55,0,0,0,0,06-JUL-2020,
OPTSTK,SHREECEM,27-Aug-2020,26000,CE,0,0,0,987.85,361.9,0,0,0,0,06-JUL-2020,
OPTSTK,SHREECEM,27-Aug-2020,26250,CE,0,0,0,940.3,319,0,0,0,0,06-JUL-2020,
OPTSTK,SHREECEM,27-Aug-2020,26500,CE,0,0,0,894.85,280.5,0,0,0,0,06-JUL-2020,
OPTSTK,SHREECEM,27-Aug-2020,27000,CE,0,0,0,725.9,215.3,0,0,0,0,06-JUL-2020,
OPTSTK,SHREECEM,27-Aug-2020,27500,CE,0,0,0,481.7,163.75,0,0,0,0,06-JUL-2020,
OPTSTK,SHREECEM,27-Aug-2020,14750,PE,0,0,0,301.2,0.2,0,0,0,0,06-JUL-2020,
OPTSTK,SHREECEM,27-Aug-2020,15000,PE,0,0,0,340,0.3,0,0,0,0,06-JUL-2020,
OPTSTK,SHREECEM,27-Aug-2020,15250,PE,0,0,0,382.2,0.5,0,0,0,0,06-JUL-2020,
OPTSTK,SHREECEM,27-Aug-2020,15500,PE,0,0,0,427.9,0.8,0,0,0,0,06-JUL-2020,
OPTSTK,SHREECEM,27-Aug-2020,15750,PE,0,0,0,477.15,1.2,0,0,0,0,06-JUL-2020,
OPTSTK,SHREECEM,27-Aug-2020,16000,PE,0,0,0,530.15,1.85,0,0,0,0,06-JUL-2020,
OPTSTK,SHREECEM,27-Aug-2020,16250,PE,0,0,0,587,2.75,0,0,0,0,06-JUL-2020,
OPTSTK,SHREECEM,27-Aug-2020,16500,PE,0,0,0,648.35,4,0,0,0,0,06-JUL-2020,
OPTSTK,SHREECEM,27-Aug-2020,16750,PE,0,0,0,712.95,5.7,0,0,0,0,06-JUL-2020,
OPTSTK,SHREECEM,27-Aug-2020,17000,PE,0,0,0,781.55,8.05,0,0,0,0,06-JUL-2020,
OPTSTK,SHREECEM,27-Aug-2020,17250,PE,0,0,0,854.3,11.2,0,0,0,0,06-JUL-2020,
OPTSTK,SHREECEM,27-Aug-2020,17500,PE,0,0,0,931.15,15.4,0,0,0,0,06-JUL-2020,
OPTSTK,SHREECEM,27-Aug-2020,17750,PE,0,0,0,1012.25,20.8,0,0,0,0,06-JUL-2020,
OPTSTK,SHREECEM,27-Aug-2020,18000,PE,0,0,0,1097.55,27.7,0,0,0,0,06-JUL-2020,
OPTSTK,SHREECEM,27-Aug-2020,18250,PE,0,0,0,1186.4,36.45,0,0,0,0,06-JUL-2020,
OPTSTK,SHREECEM,27-Aug-2020,18500,PE,0,0,0,1280.35,47.4,0,0,0,0,06-JUL-2020,
OPTSTK,SHREECEM,27-Aug-2020,18750,PE,0,0,0,1378.6,60.9,0,0,0,0,06-JUL-2020,
OPTSTK,SHREECEM,27-Aug-2020,19000,PE,0,0,0,1481.05,77.4,0,0,0,0,06-JUL-2020,
OPTSTK,SHREECEM,27-Aug-2020,19250,PE,0,0,0,1587.8,97.3,0,0,0,0,06-JUL-2020,
OPTSTK,SHREECEM,27-Aug-2020,19500,PE,0,0,0,1698.7,121.1,0,0,0,0,06-JUL-2020,
OPTSTK,SHREECEM,27-Aug-2020,19750,PE,0,0,0,1813.8,149.2,0,0,0,0,06-JUL-2020,
OPTSTK,SHREECEM,27-Aug-2020,20000,PE,0,0,0,1933.05,182.1,0,0,0,0,06-JUL-2020,
OPTSTK,SHREECEM,27-Aug-2020,20250,PE,0,0,0,2056.3,220.3,0,0,0,0,06-JUL-2020,
OPTSTK,SHREECEM,27-Aug-2020,20500,PE,0,0,0,2183.65,264.2,0,0,0,0,06-JUL-2020,
OPTSTK,SHREECEM,27-Aug-2020,20750,PE,0,0,0,2315,314.3,0,0,0,0,06-JUL-2020,
OPTSTK,SHREECEM,27-Aug-2020,21000,PE,0,0,0,2450.3,370.95,0,0,0,0,06-JUL-2020,
OPTSTK,SHREECEM,27-Aug-2020,21250,PE,0,0,0,2589.45,434.55,0,0,0,0,06-JUL-2020,
OPTSTK,SHREECEM,27-Aug-2020,21500,PE,0,0,0,2732.4,505.45,0,0,0,0,06-JUL-2020,
OPTSTK,SHREECEM,27-Aug-2020,21750,PE,0,0,0,2879.1,583.9,0,0,0,0,06-JUL-2020,
OPTSTK,SHREECEM,27-Aug-2020,22000,PE,0,0,0,3029.4,670.2,0,0,0,0,06-JUL-2020,
OPTSTK,SHREECEM,27-Aug-2020,22250,PE,0,0,0,3183.3,764.4,0,0,0,0,06-JUL-2020,
OPTSTK,SHREECEM,27-Aug-2020,22500,PE,0,0,0,3340.65,866.75,0,0,0,0,06-JUL-2020,
OPTSTK,SHREECEM,27-Aug-2020,22750,PE,0,0,0,3501.45,977.2,0,0,0,0,06-JUL-2020,
OPTSTK,SHREECEM,27-Aug-2020,23000,PE,0,0,0,3665.5,1095.85,0,0,0,0,06-JUL-2020,
OPTSTK,SHREECEM,27-Aug-2020,23250,PE,0,0,0,3832.85,1222.6,0,0,0,0,06-JUL-2020,
OPTSTK,SHREECEM,27-Aug-2020,23500,PE,0,0,0,4003.3,1357.35,0,0,0,0,06-JUL-2020,
OPTSTK,SHREECEM,27-Aug-2020,23750,PE,0,0,0,4176.8,1500,0,0,0,0,06-JUL-2020,
OPTSTK,SHREECEM,27-Aug-2020,24000,PE,0,0,0,4353.3,1650.25,0,0,0,0,06-JUL-2020,
OPTSTK,SHREECEM,27-Aug-2020,24250,PE,0,0,0,4532.65,1807.95,0,0,0,0,06-JUL-2020,
OPTSTK,SHREECEM,27-Aug-2020,24500,PE,0,0,0,4714.8,1972.8,0,0,0,0,06-JUL-2020,
OPTSTK,SHREECEM,27-Aug-2020,24750,PE,0,0,0,4900.75,2144.5,0,0,0,0,06-JUL-2020,
OPTSTK,SHREECEM,27-Aug-2020,25000,PE,0,0,0,5088.35,2322.7,0,0,0,0,06-JUL-2020,
OPTSTK,SHREECEM,27-Aug-2020,25250,PE,0,0,0,5278.5,2507.1,0,0,0,0,06-JUL-2020,
OPTSTK,SHREECEM,27-Aug-2020,25500,PE,0,0,0,5471.1,2697.35,0,0,0,0,06-JUL-2020,
OPTSTK,SHREECEM,27-Aug-2020,25750,PE,0,0,0,5666.05,2893.05,0,0,0,0,06-JUL-2020,
OPTSTK,SHREECEM,27-Aug-2020,26000,PE,0,0,0,5863.25,3093.9,0,0,0,0,06-JUL-2020,
OPTSTK,SHREECEM,27-Aug-2020,26250,PE,0,0,0,6062.65,3299.5,0,0,0,0,06-JUL-2020,
OPTSTK,SHREECEM,27-Aug-2020,26500,PE,0,0,0,6264.2,3509.45,0,0,0,0,06-JUL-2020,
OPTSTK,SHREECEM,27-Aug-2020,27000,PE,0,0,0,6343.65,3941.3,0,0,0,0,06-JUL-2020,
OPTSTK,SHREECEM,27-Aug-2020,27500,PE,0,0,0,6042.1,4386.7,0,0,0,0,06-JUL-2020,
OPTSTK,SHREECEM,24-Sep-2020,15000,CE,0,0,0,7329.25,8253.55,0,0,0,0,06-JUL-2020,
OPTSTK,SHREECEM,24-Sep-2020,15500,CE,0,0,0,6869.95,7761.3,0,0,0,0,06-JUL-2020,
OPTSTK,SHREECEM,24-Sep-2020,16000,CE,0,0,0,6420.55,7271.3,0,0,0,0,06-JUL-2020,
OPTSTK,SHREECEM,24-Sep-2020,16500,CE,0,0,0,5982.55,6784.55,0,0,0,0,06-JUL-2020,
OPTSTK,SHREECEM,24-Sep-2020,17000,CE,0,0,0,5557.5,6302.55,0,0,0,0,06-JUL-2020,
OPTSTK,SHREECEM,24-Sep-2020,17500,CE,0,0,0,5146.8,5827.15,0,0,0,0,06-JUL-2020,
OPTSTK,SHREECEM,24-Sep-2020,18000,CE,0,0,0,4751.8,5360.3,0,0,0,0,06-JUL-2020,
OPTSTK,SHREECEM,24-Sep-2020,18500,CE,0,0,0,4373.55,4904.45,0,0,0,0,06-JUL-2020,
OPTSTK,SHREECEM,24-Sep-2020,19000,CE,0,0,0,4013.6,4462.1,0,0,0,0,06-JUL-2020,
OPTSTK,SHREECEM,24-Sep-2020,19500,CE,0,0,0,3671.45,4035.75,0,0,0,0,06-JUL-2020,
OPTSTK,SHREECEM,24-Sep-2020,20000,CE,0,0,0,3347.75,3628,0,0,0,0,06-JUL-2020,
OPTSTK,SHREECEM,24-Sep-2020,20500,CE,0,0,0,3044.5,3241.05,0,0,0,0,06-JUL-2020,
OPTSTK,SHREECEM,24-Sep-2020,21000,CE,0,0,0,2760.8,2876.9,0,0,0,0,06-JUL-2020,
OPTSTK,SHREECEM,24-Sep-2020,21500,CE,0,0,0,2496.5,2537.25,0,0,0,0,06-JUL-2020,
OPTSTK,SHREECEM,24-Sep-2020,22000,CE,0,0,0,2251.25,2223.15,0,0,0,0,06-JUL-2020,
OPTSTK,SHREECEM,24-Sep-2020,22500,CE,0,0,0,2024.8,1935.3,0,0,0,0,06-JUL-2020,
OPTSTK,SHREECEM,24-Sep-2020,23000,CE,0,0,0,1816.45,1673.8,0,0,0,0,06-JUL-2020,
OPTSTK,SHREECEM,24-Sep-2020,23500,CE,0,0,0,1625.45,1438.4,0,0,0,0,06-JUL-2020,
OPTSTK,SHREECEM,24-Sep-2020,24000,CE,0,0,0,1451.05,1228.25,0,0,0,0,06-JUL-2020,
OPTSTK,SHREECEM,24-Sep-2020,24500,CE,0,0,0,1292.4,1042.3,0,0,0,0,06-JUL-2020,
OPTSTK,SHREECEM,24-Sep-2020,25000,CE,0,0,0,1148.5,879.1,0,0,0,0,06-JUL-2020,
OPTSTK,SHREECEM,24-Sep-2020,25500,CE,0,0,0,1019.5,737,0,0,0,0,06-JUL-2020,
OPTSTK,SHREECEM,24-Sep-2020,26000,CE,0,0,0,902.65,614.35,0,0,0,0,06-JUL-2020,
OPTSTK,SHREECEM,24-Sep-2020,26500,CE,0,0,0,797.75,509.15,0,0,0,0,06-JUL-2020,
OPTSTK,SHREECEM,24-Sep-2020,27000,CE,0,0,0,702.8,419.7,0,0,0,0,06-JUL-2020,
OPTSTK,SHREECEM,24-Sep-2020,27500,CE,0,0,0,618.6,344.1,0,0,0,0,06-JUL-2020,
OPTSTK,SHREECEM,24-Sep-2020,15000,PE,0,0,0,86.45,3.45,0,0,0,0,06-JUL-2020,
OPTSTK,SHREECEM,24-Sep-2020,15500,PE,0,0,0,121.35,6.55,0,0,0,0,06-JUL-2020,
OPTSTK,SHREECEM,24-Sep-2020,16000,PE,0,0,0,166.15,11.9,0,0,0,0,06-JUL-2020,
OPTSTK,SHREECEM,24-Sep-2020,16500,PE,0,0,0,222.35,20.5,0,0,0,0,06-JUL-2020,
OPTSTK,SHREECEM,24-Sep-2020,17000,PE,0,0,0,291.5,33.9,0,0,0,0,06-JUL-2020,
OPTSTK,SHREECEM,24-Sep-2020,17500,PE,0,0,0,375,53.8,0,0,0,0,06-JUL-2020,
OPTSTK,SHREECEM,24-Sep-2020,18000,PE,0,0,0,474.2,82.35,0,0,0,0,06-JUL-2020,
OPTSTK,SHREECEM,24-Sep-2020,18500,PE,0,0,0,590.15,121.9,0,0,0,0,06-JUL-2020,
OPTSTK,SHREECEM,24-Sep-2020,19000,PE,0,0,0,724.4,174.9,0,0,0,0,06-JUL-2020,
OPTSTK,SHREECEM,24-Sep-2020,19500,PE,0,0,0,876.45,243.9,0,0,0,0,06-JUL-2020,
OPTSTK,SHREECEM,24-Sep-2020,20000,PE,0,0,0,1046.95,331.5,0,0,0,0,06-JUL-2020,
OPTSTK,SHREECEM,24-Sep-2020,20500,PE,0,0,0,1237.9,439.9,0,0,0,0,06-JUL-2020,
OPTSTK,SHREECEM,24-Sep-2020,21000,PE,0,0,0,1448.4,571.15,0,0,0,0,06-JUL-2020,
OPTSTK,SHREECEM,24-Sep-2020,21500,PE,0,0,0,1678.3,726.85,0,0,0,0,06-JUL-2020,
OPTSTK,SHREECEM,24-Sep-2020,22000,PE,0,0,0,1927.25,908.15,0,0,0,0,06-JUL-2020,
OPTSTK,SHREECEM,24-Sep-2020,22500,PE,0,0,0,2195,1115.65,0,0,0,0,06-JUL-2020,
OPTSTK,SHREECEM,24-Sep-2020,23000,PE,0,0,0,2480.8,1349.5,0,0,0,0,06-JUL-2020,
OPTSTK,SHREECEM,24-Sep-2020,23500,PE,0,0,0,2784.05,1609.45,0,0,0,0,06-JUL-2020,
OPTSTK,SHREECEM,24-Sep-2020,24000,PE,0,0,0,3103.85,1894.65,0,0,0,0,06-JUL-2020,
OPTSTK,SHREECEM,24-Sep-2020,24500,PE,0,0,0,3439.4,2204.1,0,0,0,0,06-JUL-2020,
OPTSTK,SHREECEM,24-Sep-2020,25000,PE,0,0,0,3789.7,2536.25,0,0,0,0,06-JUL-2020,
OPTSTK,SHREECEM,24-Sep-2020,25500,PE,0,0,0,4154.9,2889.55,0,0,0,0,06-JUL-2020,
OPTSTK,SHREECEM,24-Sep-2020,26000,PE,0,0,0,4532.25,3262.2,0,0,0,0,06-JUL-2020,
OPTSTK,SHREECEM,24-Sep-2020,26500,PE,0,0,0,4921.5,3652.4,0,0,0,0,06-JUL-2020,
OPTSTK,SHREECEM,24-Sep-2020,27000,PE,0,0,0,5320.8,4058.3,0,0,0,0,06-JUL-2020,
OPTSTK,SHREECEM,24-Sep-2020,27500,PE,0,0,0,5730.8,4478.1,0,0,0,0,06-JUL-2020,
OPTSTK,SIEMENS,30-Jul-2020,800,CE,0,0,0,364.3,364.55,0,0,0,0,06-JUL-2020,
OPTSTK,SIEMENS,30-Jul-2020,820,CE,0,0,0,347.45,344.6,0,0,0,0,06-JUL-2020,
OPTSTK,SIEMENS,30-Jul-2020,840,CE,0,0,0,331,324.65,0,0,0,0,06-JUL-2020,
OPTSTK,SIEMENS,30-Jul-2020,860,CE,0,0,0,314.95,304.7,0,0,0,0,06-JUL-2020,
OPTSTK,SIEMENS,30-Jul-2020,880,CE,0,0,0,299.35,284.8,0,0,0,0,06-JUL-2020,
OPTSTK,SIEMENS,30-Jul-2020,900,CE,0,0,0,211.55,264.9,0,0,1100,0,06-JUL-2020,
OPTSTK,SIEMENS,30-Jul-2020,920,CE,0,0,0,269.5,245.1,0,0,0,0,06-JUL-2020,
OPTSTK,SIEMENS,30-Jul-2020,940,CE,0,0,0,255.25,225.35,0,0,0,0,06-JUL-2020,
OPTSTK,SIEMENS,30-Jul-2020,960,CE,0,0,0,159.25,205.8,0,0,1650,0,06-JUL-2020,
OPTSTK,SIEMENS,30-Jul-2020,980,CE,0,0,0,228.25,186.5,0,0,0,0,06-JUL-2020,
OPTSTK,SIEMENS,30-Jul-2020,1000,CE,181.85,184.85,170,170.1,170.1,15,96.76,4950,-4400,06-JUL-2020,
OPTSTK,SIEMENS,30-Jul-2020,1020,CE,0,0,0,109.95,149.1,0,0,1650,0,06-JUL-2020,
OPTSTK,SIEMENS,30-Jul-2020,1040,CE,156.55,156.55,137.4,137.4,131.3,2,13.05,3850,550,06-JUL-2020,
OPTSTK,SIEMENS,30-Jul-2020,1060,CE,133.5,133.5,133.5,133.5,114.4,2,13.12,1100,-550,06-JUL-2020,
OPTSTK,SIEMENS,30-Jul-2020,1080,CE,117.45,117.45,113,113,98.45,3,19.73,6600,-1100,06-JUL-2020,
OPTSTK,SIEMENS,30-Jul-2020,1100,CE,85.05,109,83.9,87.8,87.8,54,354.98,29150,-3300,06-JUL-2020,
OPTSTK,SIEMENS,30-Jul-2020,1120,CE,76.95,93.4,76.35,76.35,76.35,32,211.97,15950,-3850,06-JUL-2020,
OPTSTK,SIEMENS,30-Jul-2020,1140,CE,60.7,80.45,60.7,65.6,65.6,269,1792.19,46200,-16500,06-JUL-2020,
OPTSTK,SIEMENS,30-Jul-2020,1160,CE,54,70,50.75,55.85,55.85,579,3884.35,62150,-7700,06-JUL-2020,
OPTSTK,SIEMENS,30-Jul-2020,1180,CE,47.5,59.45,42.05,46.8,46.8,1101,7456.57,111650,43450,06-JUL-2020,
OPTSTK,SIEMENS,30-Jul-2020,1200,CE,40,49.7,35.05,39.05,39.05,3203,21906.15,448250,193050,06-JUL-2020,
OPTSTK,SIEMENS,30-Jul-2020,1220,CE,41.95,41.95,26.65,31.95,31.95,604,4173.29,41250,36850,06-JUL-2020,
OPTSTK,SIEMENS,30-Jul-2020,1240,CE,25,34.55,23.3,26,26,878,6131.81,122650,114950,06-JUL-2020,
OPTSTK,SIEMENS,30-Jul-2020,1260,CE,21,28.15,20.25,20.95,20.95,294,2077.23,45100,36300,06-JUL-2020,
OPTSTK,SIEMENS,30-Jul-2020,1280,CE,20.95,25.9,17.65,17.65,10.25,38,271.97,8250,4950,06-JUL-2020,
OPTSTK,SIEMENS,30-Jul-2020,1300,CE,13,19.4,12.35,13.85,13.85,1085,7854.99,106700,63250,06-JUL-2020,
OPTSTK,SIEMENS,30-Jul-2020,1320,CE,0,0,0,76.1,5.5,0,0,0,0,06-JUL-2020,
OPTSTK,SIEMENS,30-Jul-2020,1340,CE,0,0,0,8.75,3.95,0,0,1100,0,06-JUL-2020,
OPTSTK,SIEMENS,30-Jul-2020,1360,CE,0,0,0,6.8,2.8,0,0,550,0,06-JUL-2020,
OPTSTK,SIEMENS,30-Jul-2020,1380,CE,0,0,0,5.15,1.95,0,0,550,0,06-JUL-2020,
OPTSTK,SIEMENS,30-Jul-2020,1400,CE,3.65,7.7,3.65,5.15,5.15,128,990.01,28050,22000,06-JUL-2020,
OPTSTK,SIEMENS,30-Jul-2020,1420,CE,0,0,0,53.05,0.9,0,0,0,0,06-JUL-2020,
OPTSTK,SIEMENS,30-Jul-2020,1440,CE,0,0,0,49.3,0.6,0,0,0,0,06-JUL-2020,
OPTSTK,SIEMENS,30-Jul-2020,1460,CE,0,0,0,45.75,0.4,0,0,0,0,06-JUL-2020,
OPTSTK,SIEMENS,30-Jul-2020,1480,CE,0,0,0,42.45,0.25,0,0,0,0,06-JUL-2020,
OPTSTK,SIEMENS,30-Jul-2020,1500,CE,0,0,0,39.35,0.15,0,0,0,0,06-JUL-2020,
OPTSTK,SIEMENS,30-Jul-2020,800,PE,0,0,0,14.4,0.05,0,0,0,0,06-JUL-2020,
OPTSTK,SIEMENS,30-Jul-2020,820,PE,0,0,0,17.3,0.05,0,0,0,0,06-JUL-2020,
OPTSTK,SIEMENS,30-Jul-2020,840,PE,0,0,0,20.6,0.05,0,0,0,0,06-JUL-2020,
OPTSTK,SIEMENS,30-Jul-2020,860,PE,0,0,0,24.3,0.05,0,0,0,0,06-JUL-2020,
OPTSTK,SIEMENS,30-Jul-2020,880,PE,0,0,0,28.45,0.05,0,0,0,0,06-JUL-2020,
OPTSTK,SIEMENS,30-Jul-2020,900,PE,0,0,0,1,0.1,0,0,2200,0,06-JUL-2020,
OPTSTK,SIEMENS,30-Jul-2020,920,PE,0,0,0,4.15,0.25,0,0,3300,0,06-JUL-2020,
OPTSTK,SIEMENS,30-Jul-2020,940,PE,0,0,0,43.6,0.45,0,0,0,0,06-JUL-2020,
OPTSTK,SIEMENS,30-Jul-2020,960,PE,3.5,3.5,3.5,3.5,0.85,1,5.29,6050,0,06-JUL-2020,
OPTSTK,SIEMENS,30-Jul-2020,980,PE,0,0,0,56.1,1.45,0,0,0,0,06-JUL-2020,
OPTSTK,SIEMENS,30-Jul-2020,1000,PE,6,7.05,4.05,6.4,6.4,27,149.32,45650,1650,06-JUL-2020,
OPTSTK,SIEMENS,30-Jul-2020,1020,PE,10.05,10.05,7.2,7.2,7.2,3,16.97,11000,-550,06-JUL-2020,
OPTSTK,SIEMENS,30-Jul-2020,1040,PE,10.2,11.55,8.9,11,11,33,190.62,20900,9900,06-JUL-2020,
OPTSTK,SIEMENS,30-Jul-2020,1060,PE,12.5,16.2,12,15.85,15.85,16,94.53,23100,2750,06-JUL-2020,
OPTSTK,SIEMENS,30-Jul-2020,1080,PE,18,21.25,17,21.25,21.25,26,157.11,27500,6050,06-JUL-2020,
OPTSTK,SIEMENS,30-Jul-2020,1100,PE,28,28.55,20.2,27.55,27.55,417,2578.59,77000,23100,06-JUL-2020,
OPTSTK,SIEMENS,30-Jul-2020,1120,PE,34.35,36.5,29.35,35,35,15,95.1,14850,1650,06-JUL-2020,
OPTSTK,SIEMENS,30-Jul-2020,1140,PE,40,45,33.15,42.15,42.15,236,1529.23,22000,14300,06-JUL-2020,
OPTSTK,SIEMENS,30-Jul-2020,1160,PE,48.5,56.05,41.5,54.45,54.45,37,245.74,9350,6600,06-JUL-2020,
OPTSTK,SIEMENS,30-Jul-2020,1180,PE,55.2,62.2,52,61.65,61.65,25,170.12,7150,5500,06-JUL-2020,
OPTSTK,SIEMENS,30-Jul-2020,1200,PE,70.2,76.05,63,74.55,74.55,19,132.67,8250,4950,06-JUL-2020,
OPTSTK,SIEMENS,30-Jul-2020,1220,PE,81.2,81.25,81.2,81.25,77.85,5,35.78,4400,2750,06-JUL-2020,
OPTSTK,SIEMENS,30-Jul-2020,1240,PE,0,0,0,185.1,92.35,0,0,0,0,06-JUL-2020,
OPTSTK,SIEMENS,30-Jul-2020,1260,PE,0,0,0,172.25,107.95,0,0,0,0,06-JUL-2020,
OPTSTK,SIEMENS,30-Jul-2020,1280,PE,0,0,0,211.65,124.4,0,0,0,0,06-JUL-2020,
OPTSTK,SIEMENS,30-Jul-2020,1300,PE,0,0,0,209.2,141.65,0,0,1100,0,06-JUL-2020,
OPTSTK,SIEMENS,30-Jul-2020,1320,PE,0,0,0,239.6,159.5,0,0,0,0,06-JUL-2020,
OPTSTK,SIEMENS,30-Jul-2020,1340,PE,0,0,0,254.15,177.9,0,0,0,0,06-JUL-2020,
OPTSTK,SIEMENS,30-Jul-2020,1360,PE,0,0,0,250,196.7,0,0,550,0,06-JUL-2020,
OPTSTK,SIEMENS,30-Jul-2020,1380,PE,0,0,0,284.15,215.8,0,0,0,0,06-JUL-2020,
OPTSTK,SIEMENS,30-Jul-2020,1400,PE,0,0,0,294.55,235.15,0,0,1100,0,06-JUL-2020,
OPTSTK,SIEMENS,30-Jul-2020,1420,PE,0,0,0,315.3,254.65,0,0,0,0,06-JUL-2020,
OPTSTK,SIEMENS,30-Jul-2020,1440,PE,0,0,0,331.3,274.3,0,0,0,0,06-JUL-2020,
OPTSTK,SIEMENS,30-Jul-2020,1460,PE,0,0,0,347.5,294.05,0,0,0,0,06-JUL-2020,
OPTSTK,SIEMENS,30-Jul-2020,1480,PE,0,0,0,363.9,313.85,0,0,0,0,06-JUL-2020,
OPTSTK,SIEMENS,30-Jul-2020,1500,PE,0,0,0,390,333.7,0,0,4400,0,06-JUL-2020,
OPTSTK,SIEMENS,27-Aug-2020,800,CE,0,0,0,297.25,367.3,0,0,0,0,06-JUL-2020,
OPTSTK,SIEMENS,27-Aug-2020,820,CE,0,0,0,280.85,347.5,0,0,0,0,06-JUL-2020,
OPTSTK,SIEMENS,27-Aug-2020,840,CE,0,0,0,265,327.85,0,0,0,0,06-JUL-2020,
OPTSTK,SIEMENS,27-Aug-2020,860,CE,0,0,0,249.6,308.25,0,0,0,0,06-JUL-2020,
OPTSTK,SIEMENS,27-Aug-2020,880,CE,0,0,0,234.75,288.8,0,0,0,0,06-JUL-2020,
OPTSTK,SIEMENS,27-Aug-2020,900,CE,0,0,0,220.4,269.55,0,0,0,0,06-JUL-2020,
OPTSTK,SIEMENS,27-Aug-2020,920,CE,0,0,0,206.6,250.55,0,0,0,0,06-JUL-2020,
OPTSTK,SIEMENS,27-Aug-2020,940,CE,0,0,0,193.4,231.9,0,0,0,0,06-JUL-2020,
OPTSTK,SIEMENS,27-Aug-2020,960,CE,0,0,0,180.7,213.65,0,0,0,0,06-JUL-2020,
OPTSTK,SIEMENS,27-Aug-2020,980,CE,0,0,0,168.65,195.9,0,0,0,0,06-JUL-2020,
OPTSTK,SIEMENS,27-Aug-2020,1000,CE,0,0,0,157.2,178.7,0,0,0,0,06-JUL-2020,
OPTSTK,SIEMENS,27-Aug-2020,1020,CE,0,0,0,146.3,162.15,0,0,0,0,06-JUL-2020,
OPTSTK,SIEMENS,27-Aug-2020,1040,CE,0,0,0,135.95,146.35,0,0,0,0,06-JUL-2020,
OPTSTK,SIEMENS,27-Aug-2020,1060,CE,0,0,0,126.2,131.35,0,0,0,0,06-JUL-2020,
OPTSTK,SIEMENS,27-Aug-2020,1080,CE,0,0,0,116.95,117.2,0,0,0,0,06-JUL-2020,
OPTSTK,SIEMENS,27-Aug-2020,1100,CE,0,0,0,108.3,104,0,0,0,0,06-JUL-2020,
OPTSTK,SIEMENS,27-Aug-2020,1120,CE,0,0,0,100.15,91.75,0,0,0,0,06-JUL-2020,
OPTSTK,SIEMENS,27-Aug-2020,1140,CE,0,0,0,92.5,80.45,0,0,0,0,06-JUL-2020,
OPTSTK,SIEMENS,27-Aug-2020,1160,CE,0,0,0,85.3,70.15,0,0,0,0,06-JUL-2020,
OPTSTK,SIEMENS,27-Aug-2020,1180,CE,0,0,0,78.6,60.8,0,0,0,0,06-JUL-2020,
OPTSTK,SIEMENS,27-Aug-2020,1200,CE,0,0,0,72.35,52.4,0,0,0,0,06-JUL-2020,
OPTSTK,SIEMENS,27-Aug-2020,1220,CE,0,0,0,24.8,44.9,0,0,550,0,06-JUL-2020,
OPTSTK,SIEMENS,27-Aug-2020,1240,CE,0,0,0,61.15,38.25,0,0,0,0,06-JUL-2020,
OPTSTK,SIEMENS,27-Aug-2020,1260,CE,0,0,0,56.2,32.4,0,0,0,0,06-JUL-2020,
OPTSTK,SIEMENS,27-Aug-2020,1280,CE,0,0,0,51.55,27.25,0,0,0,0,06-JUL-2020,
OPTSTK,SIEMENS,27-Aug-2020,1300,CE,0,0,0,47.25,22.85,0,0,0,0,06-JUL-2020,
OPTSTK,SIEMENS,27-Aug-2020,1320,CE,0,0,0,43.25,19.05,0,0,0,0,06-JUL-2020,
OPTSTK,SIEMENS,27-Aug-2020,1340,CE,0,0,0,39.6,15.8,0,0,0,0,06-JUL-2020,
OPTSTK,SIEMENS,27-Aug-2020,1360,CE,0,0,0,36.15,13,0,0,0,0,06-JUL-2020,
OPTSTK,SIEMENS,27-Aug-2020,1380,CE,0,0,0,33,10.7,0,0,0,0,06-JUL-2020,
OPTSTK,SIEMENS,27-Aug-2020,1400,CE,0,0,0,30.15,8.7,0,0,0,0,06-JUL-2020,
OPTSTK,SIEMENS,27-Aug-2020,1420,CE,0,0,0,27.5,7.1,0,0,0,0,06-JUL-2020,
OPTSTK,SIEMENS,27-Aug-2020,1440,CE,0,0,0,25.05,5.75,0,0,0,0,06-JUL-2020,
OPTSTK,SIEMENS,27-Aug-2020,1460,CE,0,0,0,22.85,4.6,0,0,0,0,06-JUL-2020,
OPTSTK,SIEMENS,27-Aug-2020,1480,CE,0,0,0,20.8,3.7,0,0,0,0,06-JUL-2020,
OPTSTK,SIEMENS,27-Aug-2020,1500,CE,0,0,0,18.9,2.95,0,0,0,0,06-JUL-2020,
OPTSTK,SIEMENS,27-Aug-2020,800,PE,0,0,0,16.05,0.15,0,0,0,0,06-JUL-2020,
OPTSTK,SIEMENS,27-Aug-2020,820,PE,0,0,0,19.4,0.25,0,0,0,0,06-JUL-2020,
OPTSTK,SIEMENS,27-Aug-2020,840,PE,0,0,0,23.3,0.45,0,0,0,0,06-JUL-2020,
OPTSTK,SIEMENS,27-Aug-2020,860,PE,0,0,0,27.65,0.75,0,0,0,0,06-JUL-2020,
OPTSTK,SIEMENS,27-Aug-2020,880,PE,0,0,0,32.55,1.2,0,0,0,0,06-JUL-2020,
OPTSTK,SIEMENS,27-Aug-2020,900,PE,0,0,0,37.95,1.8,0,0,0,0,06-JUL-2020,
OPTSTK,SIEMENS,27-Aug-2020,920,PE,0,0,0,43.95,2.7,0,0,0,0,06-JUL-2020,
OPTSTK,SIEMENS,27-Aug-2020,940,PE,0,0,0,50.45,3.95,0,0,0,0,06-JUL-2020,
OPTSTK,SIEMENS,27-Aug-2020,960,PE,0,0,0,57.55,5.55,0,0,0,0,06-JUL-2020,
OPTSTK,SIEMENS,27-Aug-2020,980,PE,0,0,0,65.25,7.65,0,0,0,0,06-JUL-2020,
OPTSTK,SIEMENS,27-Aug-2020,1000,PE,0,0,0,73.55,10.35,0,0,0,0,06-JUL-2020,
OPTSTK,SIEMENS,27-Aug-2020,1020,PE,0,0,0,82.4,13.7,0,0,0,0,06-JUL-2020,
OPTSTK,SIEMENS,27-Aug-2020,1040,PE,0,0,0,91.8,17.75,0,0,0,0,06-JUL-2020,
OPTSTK,SIEMENS,27-Aug-2020,1060,PE,0,0,0,101.8,22.65,0,0,0,0,06-JUL-2020,
OPTSTK,SIEMENS,27-Aug-2020,1080,PE,0,0,0,112.35,28.4,0,0,0,0,06-JUL-2020,
OPTSTK,SIEMENS,27-Aug-2020,1100,PE,0,0,0,123.45,35.05,0,0,0,0,06-JUL-2020,
OPTSTK,SIEMENS,27-Aug-2020,1120,PE,0,0,0,135.05,42.7,0,0,0,0,06-JUL-2020,
OPTSTK,SIEMENS,27-Aug-2020,1140,PE,0,0,0,147.15,51.25,0,0,0,0,06-JUL-2020,
OPTSTK,SIEMENS,27-Aug-2020,1160,PE,0,0,0,159.75,60.85,0,0,0,0,06-JUL-2020,
OPTSTK,SIEMENS,27-Aug-2020,1180,PE,0,0,0,172.8,71.35,0,0,0,0,06-JUL-2020,
OPTSTK,SIEMENS,27-Aug-2020,1200,PE,0,0,0,186.3,82.85,0,0,0,0,06-JUL-2020,
OPTSTK,SIEMENS,27-Aug-2020,1220,PE,0,0,0,200.25,95.2,0,0,0,0,06-JUL-2020,
OPTSTK,SIEMENS,27-Aug-2020,1240,PE,0,0,0,214.6,108.45,0,0,0,0,06-JUL-2020,
OPTSTK,SIEMENS,27-Aug-2020,1260,PE,0,0,0,229.4,122.45,0,0,0,0,06-JUL-2020,
OPTSTK,SIEMENS,27-Aug-2020,1280,PE,0,0,0,244.5,137.25,0,0,0,0,06-JUL-2020,
OPTSTK,SIEMENS,27-Aug-2020,1300,PE,0,0,0,259.95,152.7,0,0,0,0,06-JUL-2020,
OPTSTK,SIEMENS,27-Aug-2020,1320,PE,0,0,0,275.7,168.75,0,0,0,0,06-JUL-2020,
OPTSTK,SIEMENS,27-Aug-2020,1340,PE,0,0,0,291.8,185.4,0,0,0,0,06-JUL-2020,
OPTSTK,SIEMENS,27-Aug-2020,1360,PE,0,0,0,260,202.5,0,0,550,0,06-JUL-2020,
OPTSTK,SIEMENS,27-Aug-2020,1380,PE,0,0,0,324.75,220.05,0,0,0,0,06-JUL-2020,
OPTSTK,SIEMENS,27-Aug-2020,1400,PE,0,0,0,341.65,237.95,0,0,0,0,06-JUL-2020,
OPTSTK,SIEMENS,27-Aug-2020,1420,PE,0,0,0,358.75,256.2,0,0,0,0,06-JUL-2020,
OPTSTK,SIEMENS,27-Aug-2020,1440,PE,0,0,0,376.1,274.75,0,0,0,0,06-JUL-2020,
OPTSTK,SIEMENS,27-Aug-2020,1460,PE,0,0,0,393.6,293.5,0,0,0,0,06-JUL-2020,
OPTSTK,SIEMENS,27-Aug-2020,1480,PE,0,0,0,411.3,312.45,0,0,0,0,06-JUL-2020,
OPTSTK,SIEMENS,27-Aug-2020,1500,PE,0,0,0,429.2,331.6,0,0,0,0,06-JUL-2020,
OPTSTK,SIEMENS,24-Sep-2020,800,CE,0,0,0,325.35,370.6,0,0,0,0,06-JUL-2020,
OPTSTK,SIEMENS,24-Sep-2020,820,CE,0,0,0,307.35,351.2,0,0,0,0,06-JUL-2020,
OPTSTK,SIEMENS,24-Sep-2020,840,CE,0,0,0,289.75,332,0,0,0,0,06-JUL-2020,
OPTSTK,SIEMENS,24-Sep-2020,860,CE,0,0,0,272.5,313,0,0,0,0,06-JUL-2020,
OPTSTK,SIEMENS,24-Sep-2020,880,CE,0,0,0,255.75,294.2,0,0,0,0,06-JUL-2020,
OPTSTK,SIEMENS,24-Sep-2020,900,CE,0,0,0,239.5,275.8,0,0,0,0,06-JUL-2020,
OPTSTK,SIEMENS,24-Sep-2020,920,CE,0,0,0,223.75,257.7,0,0,0,0,06-JUL-2020,
OPTSTK,SIEMENS,24-Sep-2020,940,CE,0,0,0,208.6,240.05,0,0,0,0,06-JUL-2020,
OPTSTK,SIEMENS,24-Sep-2020,960,CE,0,0,0,194.05,222.85,0,0,0,0,06-JUL-2020,
OPTSTK,SIEMENS,24-Sep-2020,980,CE,0,0,0,180.1,206.2,0,0,0,0,06-JUL-2020,
OPTSTK,SIEMENS,24-Sep-2020,1000,CE,0,0,0,166.7,190.15,0,0,0,0,06-JUL-2020,
OPTSTK,SIEMENS,24-Sep-2020,1020,CE,0,0,0,154.05,174.75,0,0,0,0,06-JUL-2020,
OPTSTK,SIEMENS,24-Sep-2020,1040,CE,0,0,0,142,160.05,0,0,0,0,06-JUL-2020,
OPTSTK,SIEMENS,24-Sep-2020,1060,CE,0,0,0,130.65,146.05,0,0,0,0,06-JUL-2020,
OPTSTK,SIEMENS,24-Sep-2020,1080,CE,0,0,0,119.95,132.8,0,0,0,0,06-JUL-2020,
OPTSTK,SIEMENS,24-Sep-2020,1100,CE,0,0,0,109.9,120.3,0,0,0,0,06-JUL-2020,
OPTSTK,SIEMENS,24-Sep-2020,1120,CE,0,0,0,100.45,108.65,0,0,0,0,06-JUL-2020,
OPTSTK,SIEMENS,24-Sep-2020,1140,CE,0,0,0,91.7,97.75,0,0,0,0,06-JUL-2020,
OPTSTK,SIEMENS,24-Sep-2020,1160,CE,0,0,0,83.5,87.65,0,0,0,0,06-JUL-2020,
OPTSTK,SIEMENS,24-Sep-2020,1180,CE,0,0,0,75.9,78.3,0,0,0,0,06-JUL-2020,
OPTSTK,SIEMENS,24-Sep-2020,1200,CE,0,0,0,68.85,69.7,0,0,0,0,06-JUL-2020,
OPTSTK,SIEMENS,24-Sep-2020,1220,CE,0,0,0,62.4,61.85,0,0,0,0,06-JUL-2020,
OPTSTK,SIEMENS,24-Sep-2020,1240,CE,0,0,0,56.4,54.7,0,0,0,0,06-JUL-2020,
OPTSTK,SIEMENS,24-Sep-2020,1260,CE,0,0,0,50.9,48.25,0,0,0,0,06-JUL-2020,
OPTSTK,SIEMENS,24-Sep-2020,1280,CE,0,0,0,45.95,42.4,0,0,0,0,06-JUL-2020,
OPTSTK,SIEMENS,24-Sep-2020,1300,CE,0,0,0,41.35,37.15,0,0,0,0,06-JUL-2020,
OPTSTK,SIEMENS,24-Sep-2020,1320,CE,0,0,0,37.15,32.45,0,0,0,0,06-JUL-2020,
OPTSTK,SIEMENS,24-Sep-2020,1340,CE,0,0,0,33.3,28.25,0,0,0,0,06-JUL-2020,
OPTSTK,SIEMENS,24-Sep-2020,1360,CE,0,0,0,29.85,24.55,0,0,0,0,06-JUL-2020,
OPTSTK,SIEMENS,24-Sep-2020,1380,CE,0,0,0,26.7,21.25,0,0,0,0,06-JUL-2020,
OPTSTK,SIEMENS,24-Sep-2020,1400,CE,0,0,0,23.85,18.35,0,0,0,0,06-JUL-2020,
OPTSTK,SIEMENS,24-Sep-2020,1420,CE,0,0,0,21.3,15.8,0,0,0,0,06-JUL-2020,
OPTSTK,SIEMENS,24-Sep-2020,1440,CE,0,0,0,19,13.55,0,0,0,0,06-JUL-2020,
OPTSTK,SIEMENS,24-Sep-2020,1460,CE,0,0,0,16.9,11.65,0,0,0,0,06-JUL-2020,
OPTSTK,SIEMENS,24-Sep-2020,1480,CE,0,0,0,15.05,9.95,0,0,0,0,06-JUL-2020,
OPTSTK,SIEMENS,24-Sep-2020,1500,CE,0,0,0,13.35,8.5,0,0,0,0,06-JUL-2020,
OPTSTK,SIEMENS,24-Sep-2020,800,PE,0,0,0,6,0.85,0,0,0,0,06-JUL-2020,
OPTSTK,SIEMENS,24-Sep-2020,820,PE,0,0,0,7.75,1.3,0,0,0,0,06-JUL-2020,
OPTSTK,SIEMENS,24-Sep-2020,840,PE,0,0,0,9.9,1.9,0,0,0,0,06-JUL-2020,
OPTSTK,SIEMENS,24-Sep-2020,860,PE,0,0,0,12.45,2.7,0,0,0,0,06-JUL-2020,
OPTSTK,SIEMENS,24-Sep-2020,880,PE,0,0,0,15.45,3.75,0,0,0,0,06-JUL-2020,
OPTSTK,SIEMENS,24-Sep-2020,900,PE,0,0,0,18.95,5.15,0,0,0,0,06-JUL-2020,
OPTSTK,SIEMENS,24-Sep-2020,920,PE,0,0,0,23,6.85,0,0,0,0,06-JUL-2020,
OPTSTK,SIEMENS,24-Sep-2020,940,PE,0,0,0,27.6,9,0,0,0,0,06-JUL-2020,
OPTSTK,SIEMENS,24-Sep-2020,960,PE,0,0,0,32.8,11.65,0,0,0,0,06-JUL-2020,
OPTSTK,SIEMENS,24-Sep-2020,980,PE,0,0,0,38.6,14.85,0,0,0,0,06-JUL-2020,
OPTSTK,SIEMENS,24-Sep-2020,1000,PE,0,0,0,45,18.6,0,0,0,0,06-JUL-2020,
OPTSTK,SIEMENS,24-Sep-2020,1020,PE,0,0,0,52.1,23,0,0,0,0,06-JUL-2020,
OPTSTK,SIEMENS,24-Sep-2020,1040,PE,0,0,0,59.85,28.1,0,0,0,0,06-JUL-2020,
OPTSTK,SIEMENS,24-Sep-2020,1060,PE,0,0,0,68.25,33.9,0,0,0,0,06-JUL-2020,
OPTSTK,SIEMENS,24-Sep-2020,1080,PE,0,0,0,77.3,40.5,0,0,0,0,06-JUL-2020,
OPTSTK,SIEMENS,24-Sep-2020,1100,PE,0,0,0,87.05,47.8,0,0,0,0,06-JUL-2020,
OPTSTK,SIEMENS,24-Sep-2020,1120,PE,0,0,0,97.4,55.95,0,0,0,0,06-JUL-2020,
OPTSTK,SIEMENS,24-Sep-2020,1140,PE,0,0,0,108.35,64.85,0,0,0,0,06-JUL-2020,
OPTSTK,SIEMENS,24-Sep-2020,1160,PE,0,0,0,119.95,74.55,0,0,0,0,06-JUL-2020,
OPTSTK,SIEMENS,24-Sep-2020,1180,PE,0,0,0,132.1,85.05,0,0,0,0,06-JUL-2020,
OPTSTK,SIEMENS,24-Sep-2020,1200,PE,0,0,0,144.85,96.3,0,0,0,0,06-JUL-2020,
OPTSTK,SIEMENS,24-Sep-2020,1220,PE,0,0,0,158.15,108.25,0,0,0,0,06-JUL-2020,
OPTSTK,SIEMENS,24-Sep-2020,1240,PE,0,0,0,171.9,120.9,0,0,0,0,06-JUL-2020,
OPTSTK,SIEMENS,24-Sep-2020,1260,PE,0,0,0,186.2,134.25,0,0,0,0,06-JUL-2020,
OPTSTK,SIEMENS,24-Sep-2020,1280,PE,0,0,0,201,148.25,0,0,0,0,06-JUL-2020,
OPTSTK,SIEMENS,24-Sep-2020,1300,PE,0,0,0,216.15,162.8,0,0,0,0,06-JUL-2020,
OPTSTK,SIEMENS,24-Sep-2020,1320,PE,0,0,0,231.75,177.9,0,0,0,0,06-JUL-2020,
OPTSTK,SIEMENS,24-Sep-2020,1340,PE,0,0,0,247.7,193.55,0,0,0,0,06-JUL-2020,
OPTSTK,SIEMENS,24-Sep-2020,1360,PE,0,0,0,264,209.6,0,0,0,0,06-JUL-2020,
OPTSTK,SIEMENS,24-Sep-2020,1380,PE,0,0,0,280.6,226.15,0,0,0,0,06-JUL-2020,
OPTSTK,SIEMENS,24-Sep-2020,1400,PE,0,0,0,297.55,243.05,0,0,0,0,06-JUL-2020,
OPTSTK,SIEMENS,24-Sep-2020,1420,PE,0,0,0,314.75,260.35,0,0,0,0,06-JUL-2020,
OPTSTK,SIEMENS,24-Sep-2020,1440,PE,0,0,0,332.2,277.9,0,0,0,0,06-JUL-2020,
OPTSTK,SIEMENS,24-Sep-2020,1460,PE,0,0,0,349.85,295.8,0,0,0,0,06-JUL-2020,
OPTSTK,SIEMENS,24-Sep-2020,1480,PE,0,0,0,367.75,313.9,0,0,0,0,06-JUL-2020,
OPTSTK,SIEMENS,24-Sep-2020,1500,PE,0,0,0,385.85,332.25,0,0,0,0,06-JUL-2020,
OPTSTK,SRF,30-Jul-2020,2100,CE,0,0,0,1683,1756.25,0,0,0,0,06-JUL-2020,
OPTSTK,SRF,30-Jul-2020,2200,CE,0,0,0,1596.1,1656.55,0,0,0,0,06-JUL-2020,
OPTSTK,SRF,30-Jul-2020,2300,CE,0,0,0,1511.6,1556.8,0,0,0,0,06-JUL-2020,
OPTSTK,SRF,30-Jul-2020,2400,CE,0,0,0,1429.55,1457.1,0,0,0,0,06-JUL-2020,
OPTSTK,SRF,30-Jul-2020,2450,CE,0,0,0,1003.05,1407.25,0,0,0,0,06-JUL-2020,
OPTSTK,SRF,30-Jul-2020,2500,CE,0,0,0,1350.25,1357.4,0,0,0,0,06-JUL-2020,
OPTSTK,SRF,30-Jul-2020,2550,CE,0,0,0,914.75,1307.55,0,0,0,0,06-JUL-2020,
OPTSTK,SRF,30-Jul-2020,2600,CE,0,0,0,1273.7,1257.7,0,0,0,0,06-JUL-2020,
OPTSTK,SRF,30-Jul-2020,2650,CE,0,0,0,829.85,1207.85,0,0,0,0,06-JUL-2020,
OPTSTK,SRF,30-Jul-2020,2700,CE,0,0,0,1200.1,1158.05,0,0,0,0,06-JUL-2020,
OPTSTK,SRF,30-Jul-2020,2750,CE,0,0,0,748.85,1108.25,0,0,0,0,06-JUL-2020,
OPTSTK,SRF,30-Jul-2020,2800,CE,0,0,0,1129.35,1058.5,0,0,0,0,06-JUL-2020,
OPTSTK,SRF,30-Jul-2020,2850,CE,0,0,0,672.1,1008.85,0,0,0,0,06-JUL-2020,
OPTSTK,SRF,30-Jul-2020,2900,CE,0,0,0,1061.65,959.3,0,0,0,0,06-JUL-2020,
OPTSTK,SRF,30-Jul-2020,2950,CE,0,0,0,600.1,909.9,0,0,0,0,06-JUL-2020,
OPTSTK,SRF,30-Jul-2020,3000,CE,0,0,0,996.95,860.75,0,0,0,0,06-JUL-2020,
OPTSTK,SRF,30-Jul-2020,3050,CE,0,0,0,532.75,811.9,0,0,0,0,06-JUL-2020,
OPTSTK,SRF,30-Jul-2020,3100,CE,0,0,0,935.3,763.4,0,0,0,0,06-JUL-2020,
OPTSTK,SRF,30-Jul-2020,3150,CE,0,0,0,470.7,715.45,0,0,0,0,06-JUL-2020,
OPTSTK,SRF,30-Jul-2020,3200,CE,0,0,0,876.5,668.1,0,0,0,0,06-JUL-2020,
OPTSTK,SRF,30-Jul-2020,3250,CE,0,0,0,413.8,621.6,0,0,0,0,06-JUL-2020,
OPTSTK,SRF,30-Jul-2020,3300,CE,0,0,0,820.85,576,0,0,0,0,06-JUL-2020,
OPTSTK,SRF,30-Jul-2020,3350,CE,0,0,0,362,531.5,0,0,0,0,06-JUL-2020,
OPTSTK,SRF,30-Jul-2020,3400,CE,0,0,0,768.15,488.35,0,0,0,0,06-JUL-2020,
OPTSTK,SRF,30-Jul-2020,3450,CE,0,0,0,315.2,446.6,0,0,0,0,06-JUL-2020,
OPTSTK,SRF,30-Jul-2020,3500,CE,0,0,0,718.25,406.55,0,0,0,0,06-JUL-2020,
OPTSTK,SRF,30-Jul-2020,3550,CE,0,0,0,171.65,368.25,0,0,750,0,06-JUL-2020,
OPTSTK,SRF,30-Jul-2020,3600,CE,148.75,331.75,148.75,317.95,317.95,28,270.3,3750,-1500,06-JUL-2020,
OPTSTK,SRF,30-Jul-2020,3650,CE,161.85,289.1,155.15,289.1,297.65,27,259.2,2750,-2250,06-JUL-2020,
OPTSTK,SRF,30-Jul-2020,3700,CE,132,268.6,130.6,250.5,250.5,253,2460.43,6250,-12750,06-JUL-2020,
OPTSTK,SRF,30-Jul-2020,3750,CE,116.65,235,114,224.65,224.65,184,1803.59,6750,2500,06-JUL-2020,
OPTSTK,SRF,30-Jul-2020,3800,CE,85,209.3,85,184.45,184.45,1224,12086.52,21750,6000,06-JUL-2020,
OPTSTK,SRF,30-Jul-2020,3850,CE,102.65,184.55,102.65,163.15,163.15,183,1830.04,6250,5250,06-JUL-2020,
OPTSTK,SRF,30-Jul-2020,3900,CE,62.7,161.85,62,139.8,139.8,863,8678.84,30250,18500,06-JUL-2020,
OPTSTK,SRF,30-Jul-2020,3950,CE,58.65,137.95,58.65,117.05,117.05,60,609.41,2750,750,06-JUL-2020,
OPTSTK,SRF,30-Jul-2020,4000,CE,40.5,121,40.15,99.4,99.4,2008,20585.93,74750,66000,06-JUL-2020,
OPTSTK,SRF,30-Jul-2020,4050,CE,80,100.5,80,86.05,102.65,7,72.46,250,250,06-JUL-2020,
OPTSTK,SRF,30-Jul-2020,4100,CE,45,87.7,45,68.6,68.6,39,406.7,3750,3750,06-JUL-2020,
OPTSTK,SRF,30-Jul-2020,4150,CE,0,0,0,106.65,74.5,0,0,0,0,06-JUL-2020,
OPTSTK,SRF,30-Jul-2020,4200,CE,21.95,66,21.95,45.45,45.45,534,5671.45,33000,29500,06-JUL-2020,
OPTSTK,SRF,30-Jul-2020,4250,CE,0,0,0,90.1,52.95,0,0,0,0,06-JUL-2020,
OPTSTK,SRF,30-Jul-2020,4300,CE,20,50,20,28,28,26,281.8,3000,2500,06-JUL-2020,
OPTSTK,SRF,30-Jul-2020,4350,CE,0,0,0,75.85,36.85,0,0,0,0,06-JUL-2020,
OPTSTK,SRF,30-Jul-2020,4400,CE,23.5,23.5,23.5,23.5,30.5,2,22.11,500,500,06-JUL-2020,
OPTSTK,SRF,30-Jul-2020,4450,CE,20,20.05,20,20.05,25.1,2,22.35,250,250,06-JUL-2020,
OPTSTK,SRF,30-Jul-2020,4500,CE,8.7,22.5,8.7,15.1,15.1,164,1852.22,17750,14750,06-JUL-2020,
OPTSTK,SRF,30-Jul-2020,2100,PE,0,0,0,37.65,0.05,0,0,0,0,06-JUL-2020,
OPTSTK,SRF,30-Jul-2020,2200,PE,0,0,0,49.5,0.05,0,0,0,0,06-JUL-2020,
OPTSTK,SRF,30-Jul-2020,2300,PE,0,0,0,63.7,0.05,0,0,0,0,06-JUL-2020,
OPTSTK,SRF,30-Jul-2020,2400,PE,0,0,0,0.25,0.05,0,0,250,0,06-JUL-2020,
OPTSTK,SRF,30-Jul-2020,2450,PE,0,0,0,23.05,0.05,0,0,0,0,06-JUL-2020,
OPTSTK,SRF,30-Jul-2020,2500,PE,0,0,0,99.8,0.05,0,0,0,0,06-JUL-2020,
OPTSTK,SRF,30-Jul-2020,2550,PE,0,0,0,33.9,0.05,0,0,0,0,06-JUL-2020,
OPTSTK,SRF,30-Jul-2020,2600,PE,0,0,0,122,0.05,0,0,0,0,06-JUL-2020,
OPTSTK,SRF,30-Jul-2020,2650,PE,0,0,0,48.15,0.05,0,0,0,0,06-JUL-2020,
OPTSTK,SRF,30-Jul-2020,2700,PE,0,0,0,147.15,0.1,0,0,0,0,06-JUL-2020,
OPTSTK,SRF,30-Jul-2020,2750,PE,0,0,0,66.25,0.2,0,0,0,0,06-JUL-2020,
OPTSTK,SRF,30-Jul-2020,2800,PE,0,0,0,175.15,0.3,0,0,0,0,06-JUL-2020,
OPTSTK,SRF,30-Jul-2020,2850,PE,0,0,0,88.7,0.5,0,0,0,0,06-JUL-2020,
OPTSTK,SRF,30-Jul-2020,2900,PE,0,0,0,206.15,0.8,0,0,0,0,06-JUL-2020,
OPTSTK,SRF,30-Jul-2020,2950,PE,0,0,0,115.85,1.3,0,0,0,0,06-JUL-2020,
OPTSTK,SRF,30-Jul-2020,3000,PE,4,4,2.5,3,3,4,30.03,1000,250,06-JUL-2020,
OPTSTK,SRF,30-Jul-2020,3050,PE,0,0,0,11.85,2.95,0,0,500,0,06-JUL-2020,
OPTSTK,SRF,30-Jul-2020,3100,PE,0,0,0,13.05,4.35,0,0,1000,0,06-JUL-2020,
OPTSTK,SRF,30-Jul-2020,3150,PE,0,0,0,184.8,6.25,0,0,0,0,06-JUL-2020,
OPTSTK,SRF,30-Jul-2020,3200,PE,0,0,0,26.5,8.8,0,0,750,0,06-JUL-2020,
OPTSTK,SRF,30-Jul-2020,3250,PE,0,0,0,38,12.1,0,0,250,0,06-JUL-2020,
OPTSTK,SRF,30-Jul-2020,3300,PE,0,0,0,28,16.4,0,0,7500,0,06-JUL-2020,
OPTSTK,SRF,30-Jul-2020,3350,PE,0,0,0,274.4,21.75,0,0,0,0,06-JUL-2020,
OPTSTK,SRF,30-Jul-2020,3400,PE,30,30,18.2,18.5,18.5,14,119.8,7000,0,06-JUL-2020,
OPTSTK,SRF,30-Jul-2020,3450,PE,0,0,0,62,36.6,0,0,2750,0,06-JUL-2020,
OPTSTK,SRF,30-Jul-2020,3500,PE,56,56,32,33.3,33.3,173,1530.78,12250,2500,06-JUL-2020,
OPTSTK,SRF,30-Jul-2020,3550,PE,46.8,50,43,43,43,4,35.97,2500,-250,06-JUL-2020,
OPTSTK,SRF,30-Jul-2020,3600,PE,93,93,47.6,53.45,53.45,165,1511.82,21750,11000,06-JUL-2020,
OPTSTK,SRF,30-Jul-2020,3650,PE,115.95,115.95,67.6,67.6,67.6,8,74.59,1750,250,06-JUL-2020,
OPTSTK,SRF,30-Jul-2020,3700,PE,127.85,132.3,75.95,82.25,82.25,324,3071.36,26750,22500,06-JUL-2020,
OPTSTK,SRF,30-Jul-2020,3750,PE,140,153.65,95.7,98.4,98.4,17,164.52,2250,2250,06-JUL-2020,
OPTSTK,SRF,30-Jul-2020,3800,PE,146.15,146.15,110.05,121.85,121.85,349,3427.95,12500,12000,06-JUL-2020,
OPTSTK,SRF,30-Jul-2020,3850,PE,155,177,149.4,160,171.35,15,150.18,1000,1000,06-JUL-2020,
OPTSTK,SRF,30-Jul-2020,3900,PE,172.55,172.55,172.55,172.55,198.05,1,10.18,250,250,06-JUL-2020,
OPTSTK,SRF,30-Jul-2020,3950,PE,0,0,0,655.5,226.95,0,0,0,0,06-JUL-2020,
OPTSTK,SRF,30-Jul-2020,4000,PE,0,0,0,739.1,257.9,0,0,0,0,06-JUL-2020,
OPTSTK,SRF,30-Jul-2020,4050,PE,0,0,0,732.5,290.9,0,0,0,0,06-JUL-2020,
OPTSTK,SRF,30-Jul-2020,4100,PE,0,0,0,803.15,325.85,0,0,0,0,06-JUL-2020,
OPTSTK,SRF,30-Jul-2020,4150,PE,0,0,0,812.3,362.5,0,0,0,0,06-JUL-2020,
OPTSTK,SRF,30-Jul-2020,4200,PE,0,0,0,869.35,400.85,0,0,0,0,06-JUL-2020,
OPTSTK,SRF,30-Jul-2020,4250,PE,0,0,0,894.9,440.65,0,0,0,0,06-JUL-2020,
OPTSTK,SRF,30-Jul-2020,4300,PE,0,0,0,937.65,481.85,0,0,0,0,06-JUL-2020,
OPTSTK,SRF,30-Jul-2020,4350,PE,0,0,0,979.85,524.3,0,0,0,0,06-JUL-2020,
OPTSTK,SRF,30-Jul-2020,4400,PE,0,0,0,1007.9,567.8,0,0,0,0,06-JUL-2020,
OPTSTK,SRF,30-Jul-2020,4450,PE,0,0,0,1066.85,612.3,0,0,0,0,06-JUL-2020,
OPTSTK,SRF,30-Jul-2020,4500,PE,0,0,0,1080,657.65,0,0,0,0,06-JUL-2020,
OPTSTK,SRF,27-Aug-2020,2200,CE,0,0,0,1254.6,1663.75,0,0,0,0,06-JUL-2020,
OPTSTK,SRF,27-Aug-2020,2250,CE,0,0,0,1209.15,1614.05,0,0,0,0,06-JUL-2020,
OPTSTK,SRF,27-Aug-2020,2300,CE,0,0,0,1164.35,1564.45,0,0,0,0,06-JUL-2020,
OPTSTK,SRF,27-Aug-2020,2350,CE,0,0,0,1120.2,1514.8,0,0,0,0,06-JUL-2020,
OPTSTK,SRF,27-Aug-2020,2400,CE,0,0,0,1076.75,1465.25,0,0,0,0,06-JUL-2020,
OPTSTK,SRF,27-Aug-2020,2450,CE,0,0,0,1034.05,1415.75,0,0,0,0,06-JUL-2020,
OPTSTK,SRF,27-Aug-2020,2500,CE,0,0,0,992.15,1366.3,0,0,0,0,06-JUL-2020,
OPTSTK,SRF,27-Aug-2020,2550,CE,0,0,0,951.1,1317,0,0,0,0,06-JUL-2020,
OPTSTK,SRF,27-Aug-2020,2600,CE,0,0,0,910.95,1267.8,0,0,0,0,06-JUL-2020,
OPTSTK,SRF,27-Aug-2020,2650,CE,0,0,0,871.7,1218.8,0,0,0,0,06-JUL-2020,
OPTSTK,SRF,27-Aug-2020,2700,CE,0,0,0,833.4,1170,0,0,0,0,06-JUL-2020,
OPTSTK,SRF,27-Aug-2020,2750,CE,0,0,0,796.2,1121.45,0,0,0,0,06-JUL-2020,
OPTSTK,SRF,27-Aug-2020,2800,CE,0,0,0,759.9,1073.25,0,0,0,0,06-JUL-2020,
OPTSTK,SRF,27-Aug-2020,2850,CE,0,0,0,724.6,1025.45,0,0,0,0,06-JUL-2020,
OPTSTK,SRF,27-Aug-2020,2900,CE,0,0,0,690.4,978.1,0,0,0,0,06-JUL-2020,
OPTSTK,SRF,27-Aug-2020,2950,CE,0,0,0,657.25,931.3,0,0,0,0,06-JUL-2020,
OPTSTK,SRF,27-Aug-2020,3000,CE,0,0,0,625.05,885.15,0,0,0,0,06-JUL-2020,
OPTSTK,SRF,27-Aug-2020,3050,CE,0,0,0,594.1,839.7,0,0,0,0,06-JUL-2020,
OPTSTK,SRF,27-Aug-2020,3100,CE,0,0,0,564.25,795,0,0,0,0,06-JUL-2020,
OPTSTK,SRF,27-Aug-2020,3150,CE,0,0,0,535.5,751.25,0,0,0,0,06-JUL-2020,
OPTSTK,SRF,27-Aug-2020,3200,CE,0,0,0,507.8,708.45,0,0,0,0,06-JUL-2020,
OPTSTK,SRF,27-Aug-2020,3250,CE,0,0,0,481.2,666.7,0,0,0,0,06-JUL-2020,
OPTSTK,SRF,27-Aug-2020,3300,CE,0,0,0,455.65,626.1,0,0,0,0,06-JUL-2020,
OPTSTK,SRF,27-Aug-2020,3350,CE,0,0,0,431.15,586.7,0,0,0,0,06-JUL-2020,
OPTSTK,SRF,27-Aug-2020,3400,CE,0,0,0,407.7,548.65,0,0,0,0,06-JUL-2020,
OPTSTK,SRF,27-Aug-2020,3450,CE,0,0,0,385.25,511.9,0,0,0,0,06-JUL-2020,
OPTSTK,SRF,27-Aug-2020,3500,CE,0,0,0,363.8,476.6,0,0,0,0,06-JUL-2020,
OPTSTK,SRF,27-Aug-2020,3550,CE,0,0,0,343.35,442.75,0,0,0,0,06-JUL-2020,
OPTSTK,SRF,27-Aug-2020,3600,CE,0,0,0,323.85,410.4,0,0,0,0,06-JUL-2020,
OPTSTK,SRF,27-Aug-2020,3650,CE,0,0,0,305.25,379.6,0,0,0,0,06-JUL-2020,
OPTSTK,SRF,27-Aug-2020,3700,CE,0,0,0,287.55,350.35,0,0,0,0,06-JUL-2020,
OPTSTK,SRF,27-Aug-2020,3750,CE,0,0,0,270.7,322.6,0,0,0,0,06-JUL-2020,
OPTSTK,SRF,27-Aug-2020,3800,CE,0,0,0,254.75,296.4,0,0,0,0,06-JUL-2020,
OPTSTK,SRF,27-Aug-2020,3850,CE,0,0,0,239.55,271.75,0,0,0,0,06-JUL-2020,
OPTSTK,SRF,27-Aug-2020,3900,CE,0,0,0,225.2,248.65,0,0,0,0,06-JUL-2020,
OPTSTK,SRF,27-Aug-2020,3950,CE,0,0,0,211.55,227,0,0,0,0,06-JUL-2020,
OPTSTK,SRF,27-Aug-2020,4000,CE,0,0,0,198.65,206.8,0,0,0,0,06-JUL-2020,
OPTSTK,SRF,27-Aug-2020,4050,CE,0,0,0,186.65,188,0,0,0,0,06-JUL-2020,
OPTSTK,SRF,27-Aug-2020,4100,CE,0,0,0,175.15,170.55,0,0,0,0,06-JUL-2020,
OPTSTK,SRF,27-Aug-2020,4150,CE,0,0,0,164.25,154.45,0,0,0,0,06-JUL-2020,
OPTSTK,SRF,27-Aug-2020,4200,CE,0,0,0,154,139.55,0,0,0,0,06-JUL-2020,
OPTSTK,SRF,27-Aug-2020,4250,CE,0,0,0,144.35,125.85,0,0,0,0,06-JUL-2020,
OPTSTK,SRF,27-Aug-2020,4300,CE,0,0,0,135.25,113.25,0,0,0,0,06-JUL-2020,
OPTSTK,SRF,27-Aug-2020,4350,CE,0,0,0,126.5,101.75,0,0,0,0,06-JUL-2020,
OPTSTK,SRF,27-Aug-2020,4400,CE,0,0,0,118.4,91.25,0,0,0,0,06-JUL-2020,
OPTSTK,SRF,27-Aug-2020,4450,CE,0,0,0,110.8,81.65,0,0,0,0,06-JUL-2020,
OPTSTK,SRF,27-Aug-2020,4500,CE,0,0,0,103.6,72.95,0,0,0,0,06-JUL-2020,
OPTSTK,SRF,27-Aug-2020,2200,PE,0,0,0,18.5,0.05,0,0,0,0,06-JUL-2020,
OPTSTK,SRF,27-Aug-2020,2250,PE,0,0,0,22.45,0.1,0,0,0,0,06-JUL-2020,
OPTSTK,SRF,27-Aug-2020,2300,PE,0,0,0,27,0.15,0,0,0,0,06-JUL-2020,
OPTSTK,SRF,27-Aug-2020,2350,PE,0,0,0,32.25,0.25,0,0,0,0,06-JUL-2020,
OPTSTK,SRF,27-Aug-2020,2400,PE,0,0,0,38.2,0.35,0,0,0,0,06-JUL-2020,
OPTSTK,SRF,27-Aug-2020,2450,PE,0,0,0,44.9,0.55,0,0,0,0,06-JUL-2020,
OPTSTK,SRF,27-Aug-2020,2500,PE,0,0,0,52.4,0.8,0,0,0,0,06-JUL-2020,
OPTSTK,SRF,27-Aug-2020,2550,PE,0,0,0,60.75,1.2,0,0,0,0,06-JUL-2020,
OPTSTK,SRF,27-Aug-2020,2600,PE,0,0,0,69.95,1.7,0,0,0,0,06-JUL-2020,
OPTSTK,SRF,27-Aug-2020,2650,PE,0,0,0,80.1,2.4,0,0,0,0,06-JUL-2020,
OPTSTK,SRF,27-Aug-2020,2700,PE,0,0,0,91.2,3.3,0,0,0,0,06-JUL-2020,
OPTSTK,SRF,27-Aug-2020,2750,PE,0,0,0,103.4,4.45,0,0,0,0,06-JUL-2020,
OPTSTK,SRF,27-Aug-2020,2800,PE,0,0,0,116.5,5.95,0,0,0,0,06-JUL-2020,
OPTSTK,SRF,27-Aug-2020,2850,PE,0,0,0,130.6,7.85,0,0,0,0,06-JUL-2020,
OPTSTK,SRF,27-Aug-2020,2900,PE,0,0,0,145.8,10.2,0,0,0,0,06-JUL-2020,
OPTSTK,SRF,27-Aug-2020,2950,PE,0,0,0,162.05,13.1,0,0,0,0,06-JUL-2020,
OPTSTK,SRF,27-Aug-2020,3000,PE,0,0,0,179.25,16.65,0,0,0,0,06-JUL-2020,
OPTSTK,SRF,27-Aug-2020,3050,PE,0,0,0,197.7,20.85,0,0,0,0,06-JUL-2020,
OPTSTK,SRF,27-Aug-2020,3100,PE,0,0,0,217.2,25.9,0,0,0,0,06-JUL-2020,
OPTSTK,SRF,27-Aug-2020,3150,PE,0,0,0,237.85,31.8,0,0,0,0,06-JUL-2020,
OPTSTK,SRF,27-Aug-2020,3200,PE,0,0,0,259.55,38.7,0,0,0,0,06-JUL-2020,
OPTSTK,SRF,27-Aug-2020,3250,PE,0,0,0,282.35,46.65,0,0,0,0,06-JUL-2020,
OPTSTK,SRF,27-Aug-2020,3300,PE,0,0,0,306.2,55.75,0,0,0,0,06-JUL-2020,
OPTSTK,SRF,27-Aug-2020,3350,PE,0,0,0,331.1,66.1,0,0,0,0,06-JUL-2020,
OPTSTK,SRF,27-Aug-2020,3400,PE,0,0,0,357,77.7,0,0,0,0,06-JUL-2020,
OPTSTK,SRF,27-Aug-2020,3450,PE,0,0,0,383.95,90.7,0,0,0,0,06-JUL-2020,
OPTSTK,SRF,27-Aug-2020,3500,PE,0,0,0,411.9,105.1,0,0,0,0,06-JUL-2020,
OPTSTK,SRF,27-Aug-2020,3550,PE,0,0,0,440.85,120.95,0,0,0,0,06-JUL-2020,
OPTSTK,SRF,27-Aug-2020,3600,PE,0,0,0,470.7,138.3,0,0,0,0,06-JUL-2020,
OPTSTK,SRF,27-Aug-2020,3650,PE,0,0,0,501.5,157.15,0,0,0,0,06-JUL-2020,
OPTSTK,SRF,27-Aug-2020,3700,PE,0,0,0,533.2,177.6,0,0,0,0,06-JUL-2020,
OPTSTK,SRF,27-Aug-2020,3750,PE,0,0,0,565.8,199.55,0,0,0,0,06-JUL-2020,
OPTSTK,SRF,27-Aug-2020,3800,PE,0,0,0,599.2,223.1,0,0,0,0,06-JUL-2020,
OPTSTK,SRF,27-Aug-2020,3850,PE,0,0,0,633.4,248.15,0,0,0,0,06-JUL-2020,
OPTSTK,SRF,27-Aug-2020,3900,PE,0,0,0,668.45,274.7,0,0,0,0,06-JUL-2020,
OPTSTK,SRF,27-Aug-2020,3950,PE,0,0,0,704.2,302.75,0,0,0,0,06-JUL-2020,
OPTSTK,SRF,27-Aug-2020,4000,PE,0,0,0,740.7,332.25,0,0,0,0,06-JUL-2020,
OPTSTK,SRF,27-Aug-2020,4050,PE,0,0,0,778.05,363.15,0,0,0,0,06-JUL-2020,
OPTSTK,SRF,27-Aug-2020,4100,PE,0,0,0,815.95,395.4,0,0,0,0,06-JUL-2020,
OPTSTK,SRF,27-Aug-2020,4150,PE,0,0,0,854.5,429,0,0,0,0,06-JUL-2020,
OPTSTK,SRF,27-Aug-2020,4200,PE,0,0,0,893.6,463.8,0,0,0,0,06-JUL-2020,
OPTSTK,SRF,27-Aug-2020,4250,PE,0,0,0,933.35,499.8,0,0,0,0,06-JUL-2020,
OPTSTK,SRF,27-Aug-2020,4300,PE,0,0,0,973.6,536.9,0,0,0,0,06-JUL-2020,
OPTSTK,SRF,27-Aug-2020,4350,PE,0,0,0,1014.3,575.1,0,0,0,0,06-JUL-2020,
OPTSTK,SRF,27-Aug-2020,4400,PE,0,0,0,1055.6,614.3,0,0,0,0,06-JUL-2020,
OPTSTK,SRF,27-Aug-2020,4450,PE,0,0,0,1097.35,654.4,0,0,0,0,06-JUL-2020,
OPTSTK,SRF,27-Aug-2020,4500,PE,0,0,0,1139.55,695.4,0,0,0,0,06-JUL-2020,
OPTSTK,SRF,24-Sep-2020,2400,CE,0,0,0,1272.75,1475.05,0,0,0,0,06-JUL-2020,
OPTSTK,SRF,24-Sep-2020,2450,CE,0,0,0,1228.6,1426.35,0,0,0,0,06-JUL-2020,
OPTSTK,SRF,24-Sep-2020,2500,CE,0,0,0,1185.15,1377.85,0,0,0,0,06-JUL-2020,
OPTSTK,SRF,24-Sep-2020,2550,CE,0,0,0,1142.35,1329.6,0,0,0,0,06-JUL-2020,
OPTSTK,SRF,24-Sep-2020,2600,CE,0,0,0,1100.3,1281.65,0,0,0,0,06-JUL-2020,
OPTSTK,SRF,24-Sep-2020,2650,CE,0,0,0,1059,1234.1,0,0,0,0,06-JUL-2020,
OPTSTK,SRF,24-Sep-2020,2700,CE,0,0,0,1018.55,1186.9,0,0,0,0,06-JUL-2020,
OPTSTK,SRF,24-Sep-2020,2750,CE,0,0,0,978.9,1140.2,0,0,0,0,06-JUL-2020,
OPTSTK,SRF,24-Sep-2020,2800,CE,0,0,0,940.15,1094,0,0,0,0,06-JUL-2020,
OPTSTK,SRF,24-Sep-2020,2850,CE,0,0,0,902.25,1048.4,0,0,0,0,06-JUL-2020,
OPTSTK,SRF,24-Sep-2020,2900,CE,0,0,0,865.4,1003.45,0,0,0,0,06-JUL-2020,
OPTSTK,SRF,24-Sep-2020,2950,CE,0,0,0,829.35,959.2,0,0,0,0,06-JUL-2020,
OPTSTK,SRF,24-Sep-2020,3000,CE,0,0,0,794.25,915.75,0,0,0,0,06-JUL-2020,
OPTSTK,SRF,24-Sep-2020,3050,CE,0,0,0,760.1,873.1,0,0,0,0,06-JUL-2020,
OPTSTK,SRF,24-Sep-2020,3100,CE,0,0,0,726.95,831.35,0,0,0,0,06-JUL-2020,
OPTSTK,SRF,24-Sep-2020,3150,CE,0,0,0,694.65,790.55,0,0,0,0,06-JUL-2020,
OPTSTK,SRF,24-Sep-2020,3200,CE,0,0,0,663.55,750.75,0,0,0,0,06-JUL-2020,
OPTSTK,SRF,24-Sep-2020,3250,CE,0,0,0,633.4,712,0,0,0,0,06-JUL-2020,
OPTSTK,SRF,24-Sep-2020,3300,CE,0,0,0,604.25,674.35,0,0,0,0,06-JUL-2020,
OPTSTK,SRF,24-Sep-2020,3350,CE,0,0,0,576.1,637.8,0,0,0,0,06-JUL-2020,
OPTSTK,SRF,24-Sep-2020,3400,CE,0,0,0,548.95,602.45,0,0,0,0,06-JUL-2020,
OPTSTK,SRF,24-Sep-2020,3450,CE,0,0,0,522.75,568.3,0,0,0,0,06-JUL-2020,
OPTSTK,SRF,24-Sep-2020,3500,CE,0,0,0,497.55,535.35,0,0,0,0,06-JUL-2020,
OPTSTK,SRF,24-Sep-2020,3550,CE,0,0,0,473.25,503.65,0,0,0,0,06-JUL-2020,
OPTSTK,SRF,24-Sep-2020,3600,CE,0,0,0,449.95,473.2,0,0,0,0,06-JUL-2020,
OPTSTK,SRF,24-Sep-2020,3650,CE,0,0,0,427.55,444.05,0,0,0,0,06-JUL-2020,
OPTSTK,SRF,24-Sep-2020,3700,CE,0,0,0,406.05,416.1,0,0,0,0,06-JUL-2020,
OPTSTK,SRF,24-Sep-2020,3750,CE,0,0,0,385.4,389.45,0,0,0,0,06-JUL-2020,
OPTSTK,SRF,24-Sep-2020,3800,CE,0,0,0,365.7,364.05,0,0,0,0,06-JUL-2020,
OPTSTK,SRF,24-Sep-2020,3850,CE,0,0,0,346.8,339.85,0,0,0,0,06-JUL-2020,
OPTSTK,SRF,24-Sep-2020,3900,CE,0,0,0,328.7,316.9,0,0,0,0,06-JUL-2020,
OPTSTK,SRF,24-Sep-2020,3950,CE,0,0,0,311.45,295.1,0,0,0,0,06-JUL-2020,
OPTSTK,SRF,24-Sep-2020,4000,CE,0,0,0,294.95,274.5,0,0,0,0,06-JUL-2020,
OPTSTK,SRF,24-Sep-2020,4050,CE,0,0,0,279.2,255.05,0,0,0,0,06-JUL-2020,
OPTSTK,SRF,24-Sep-2020,4100,CE,0,0,0,264.2,236.7,0,0,0,0,06-JUL-2020,
OPTSTK,SRF,24-Sep-2020,4150,CE,0,0,0,249.9,219.4,0,0,0,0,06-JUL-2020,
OPTSTK,SRF,24-Sep-2020,4200,CE,0,0,0,236.25,203.15,0,0,0,0,06-JUL-2020,
OPTSTK,SRF,24-Sep-2020,4250,CE,0,0,0,223.3,187.9,0,0,0,0,06-JUL-2020,
OPTSTK,SRF,24-Sep-2020,4300,CE,0,0,0,211.15,173.6,0,0,0,0,06-JUL-2020,
OPTSTK,SRF,24-Sep-2020,4350,CE,0,0,0,199.45,160.2,0,0,0,0,06-JUL-2020,
OPTSTK,SRF,24-Sep-2020,4400,CE,0,0,0,188.35,147.75,0,0,0,0,06-JUL-2020,
OPTSTK,SRF,24-Sep-2020,4450,CE,0,0,0,177.8,136.05,0,0,0,0,06-JUL-2020,
OPTSTK,SRF,24-Sep-2020,4500,CE,0,0,0,167.8,125.2,0,0,0,0,06-JUL-2020,
OPTSTK,SRF,24-Sep-2020,2400,PE,0,0,0,29.75,2.4,0,0,0,0,06-JUL-2020,
OPTSTK,SRF,24-Sep-2020,2450,PE,0,0,0,35.05,3.2,0,0,0,0,06-JUL-2020,
OPTSTK,SRF,24-Sep-2020,2500,PE,0,0,0,41,4.25,0,0,0,0,06-JUL-2020,
OPTSTK,SRF,24-Sep-2020,2550,PE,0,0,0,47.6,5.55,0,0,0,0,06-JUL-2020,
OPTSTK,SRF,24-Sep-2020,2600,PE,0,0,0,55,7.15,0,0,0,0,06-JUL-2020,
OPTSTK,SRF,24-Sep-2020,2650,PE,0,0,0,63.15,9.1,0,0,0,0,06-JUL-2020,
OPTSTK,SRF,24-Sep-2020,2700,PE,0,0,0,72.05,11.45,0,0,0,0,06-JUL-2020,
OPTSTK,SRF,24-Sep-2020,2750,PE,0,0,0,81.85,14.3,0,0,0,0,06-JUL-2020,
OPTSTK,SRF,24-Sep-2020,2800,PE,0,0,0,92.5,17.65,0,0,0,0,06-JUL-2020,
OPTSTK,SRF,24-Sep-2020,2850,PE,0,0,0,104.05,21.6,0,0,0,0,06-JUL-2020,
OPTSTK,SRF,24-Sep-2020,2900,PE,0,0,0,116.6,26.15,0,0,0,0,06-JUL-2020,
OPTSTK,SRF,24-Sep-2020,2950,PE,0,0,0,129.95,31.45,0,0,0,0,06-JUL-2020,
OPTSTK,SRF,24-Sep-2020,3000,PE,0,0,0,144.3,37.55,0,0,0,0,06-JUL-2020,
OPTSTK,SRF,24-Sep-2020,3050,PE,0,0,0,159.6,44.45,0,0,0,0,06-JUL-2020,
OPTSTK,SRF,24-Sep-2020,3100,PE,0,0,0,175.85,52.2,0,0,0,0,06-JUL-2020,
OPTSTK,SRF,24-Sep-2020,3150,PE,0,0,0,193,60.95,0,0,0,0,06-JUL-2020,
OPTSTK,SRF,24-Sep-2020,3200,PE,0,0,0,211.25,70.7,0,0,0,0,06-JUL-2020,
OPTSTK,SRF,24-Sep-2020,3250,PE,0,0,0,230.55,81.45,0,0,0,0,06-JUL-2020,
OPTSTK,SRF,24-Sep-2020,3300,PE,0,0,0,250.85,93.35,0,0,0,0,06-JUL-2020,
OPTSTK,SRF,24-Sep-2020,3350,PE,0,0,0,272.1,106.35,0,0,0,0,06-JUL-2020,
OPTSTK,SRF,24-Sep-2020,3400,PE,0,0,0,294.35,120.55,0,0,0,0,06-JUL-2020,
OPTSTK,SRF,24-Sep-2020,3450,PE,0,0,0,317.6,135.9,0,0,0,0,06-JUL-2020,
OPTSTK,SRF,24-Sep-2020,3500,PE,0,0,0,341.8,152.5,0,0,0,0,06-JUL-2020,
OPTSTK,SRF,24-Sep-2020,3550,PE,0,0,0,366.95,170.35,0,0,0,0,06-JUL-2020,
OPTSTK,SRF,24-Sep-2020,3600,PE,0,0,0,393,189.45,0,0,0,0,06-JUL-2020,
OPTSTK,SRF,24-Sep-2020,3650,PE,0,0,0,420.05,209.8,0,0,0,0,06-JUL-2020,
OPTSTK,SRF,24-Sep-2020,3700,PE,0,0,0,447.95,231.4,0,0,0,0,06-JUL-2020,
OPTSTK,SRF,24-Sep-2020,3750,PE,0,0,0,476.75,254.3,0,0,0,0,06-JUL-2020,
OPTSTK,SRF,24-Sep-2020,3800,PE,0,0,0,506.45,278.4,0,0,0,0,06-JUL-2020,
OPTSTK,SRF,24-Sep-2020,3850,PE,0,0,0,536.95,303.75,0,0,0,0,06-JUL-2020,
OPTSTK,SRF,24-Sep-2020,3900,PE,0,0,0,568.3,330.35,0,0,0,0,06-JUL-2020,
OPTSTK,SRF,24-Sep-2020,3950,PE,0,0,0,600.45,358.1,0,0,0,0,06-JUL-2020,
OPTSTK,SRF,24-Sep-2020,4000,PE,0,0,0,633.4,387.05,0,0,0,0,06-JUL-2020,
OPTSTK,SRF,24-Sep-2020,4050,PE,0,0,0,667.05,417.1,0,0,0,0,06-JUL-2020,
OPTSTK,SRF,24-Sep-2020,4100,PE,0,0,0,701.45,448.25,0,0,0,0,06-JUL-2020,
OPTSTK,SRF,24-Sep-2020,4150,PE,0,0,0,736.6,480.5,0,0,0,0,06-JUL-2020,
OPTSTK,SRF,24-Sep-2020,4200,PE,0,0,0,772.4,513.8,0,0,0,0,06-JUL-2020,
OPTSTK,SRF,24-Sep-2020,4250,PE,0,0,0,808.85,548.1,0,0,0,0,06-JUL-2020,
OPTSTK,SRF,24-Sep-2020,4300,PE,0,0,0,846.1,583.35,0,0,0,0,06-JUL-2020,
OPTSTK,SRF,24-Sep-2020,4350,PE,0,0,0,883.85,619.5,0,0,0,0,06-JUL-2020,
OPTSTK,SRF,24-Sep-2020,4400,PE,0,0,0,922.15,656.55,0,0,0,0,06-JUL-2020,
OPTSTK,SRF,24-Sep-2020,4450,PE,0,0,0,961.05,694.4,0,0,0,0,06-JUL-2020,
OPTSTK,SRF,24-Sep-2020,4500,PE,0,0,0,1000.45,733.1,0,0,0,0,06-JUL-2020,
OPTSTK,SRTRANSFIN,30-Jul-2020,360,CE,0,0,0,350.25,338.6,0,0,0,0,06-JUL-2020,
OPTSTK,SRTRANSFIN,30-Jul-2020,380,CE,0,0,0,428.9,318.65,0,0,0,0,06-JUL-2020,
OPTSTK,SRTRANSFIN,30-Jul-2020,400,CE,0,0,0,416.7,298.75,0,0,0,0,06-JUL-2020,
OPTSTK,SRTRANSFIN,30-Jul-2020,420,CE,0,0,0,435.1,278.85,0,0,0,0,06-JUL-2020,
OPTSTK,SRTRANSFIN,30-Jul-2020,440,CE,0,0,0,423.45,258.95,0,0,0,0,06-JUL-2020,
OPTSTK,SRTRANSFIN,30-Jul-2020,460,CE,0,0,0,412.2,239.2,0,0,0,0,06-JUL-2020,
OPTSTK,SRTRANSFIN,30-Jul-2020,480,CE,0,0,0,401.3,219.55,0,0,0,0,06-JUL-2020,
OPTSTK,SRTRANSFIN,30-Jul-2020,500,CE,0,0,0,193.75,200.15,0,0,1300,0,06-JUL-2020,
OPTSTK,SRTRANSFIN,30-Jul-2020,520,CE,0,0,0,380.6,181.15,0,0,0,0,06-JUL-2020,
OPTSTK,SRTRANSFIN,30-Jul-2020,540,CE,0,0,0,370.75,162.6,0,0,0,0,06-JUL-2020,
OPTSTK,SRTRANSFIN,30-Jul-2020,560,CE,0,0,0,361.25,144.7,0,0,0,0,06-JUL-2020,
OPTSTK,SRTRANSFIN,30-Jul-2020,580,CE,0,0,0,115,127.6,0,0,650,0,06-JUL-2020,
OPTSTK,SRTRANSFIN,30-Jul-2020,600,CE,0,0,0,114,111.5,0,0,3250,0,06-JUL-2020,
OPTSTK,SRTRANSFIN,30-Jul-2020,620,CE,0,0,0,95.85,96.5,0,0,1950,0,06-JUL-2020,
OPTSTK,SRTRANSFIN,30-Jul-2020,640,CE,90.7,90.7,78,82.5,82.5,16,75.13,15600,7150,06-JUL-2020,
OPTSTK,SRTRANSFIN,30-Jul-2020,660,CE,0,0,0,74.5,70.2,0,0,3900,0,06-JUL-2020,
OPTSTK,SRTRANSFIN,30-Jul-2020,680,CE,62,66,55,57.4,57.4,15,72.17,26000,0,06-JUL-2020,
OPTSTK,SRTRANSFIN,30-Jul-2020,700,CE,49.35,55.6,44.1,47.8,47.8,208,1012.59,224250,26000,06-JUL-2020,
OPTSTK,SRTRANSFIN,30-Jul-2020,720,CE,41.45,46,36.6,39.45,39.45,293,1448.19,126750,27300,06-JUL-2020,
OPTSTK,SRTRANSFIN,30-Jul-2020,740,CE,34.3,38.4,30,32.5,32.5,171,859.38,123500,5200,06-JUL-2020,
OPTSTK,SRTRANSFIN,30-Jul-2020,760,CE,29.4,30.65,24,26.55,26.55,58,296.55,66950,3250,06-JUL-2020,
OPTSTK,SRTRANSFIN,30-Jul-2020,780,CE,20.8,24.9,19.35,21.4,21.4,35,182.34,50050,1300,06-JUL-2020,
OPTSTK,SRTRANSFIN,30-Jul-2020,800,CE,21.95,21.95,15.75,17.45,17.45,372,1977.24,386100,-29900,06-JUL-2020,
OPTSTK,SRTRANSFIN,30-Jul-2020,820,CE,14.3,14.5,13.4,14.1,14.1,22,119.23,39650,3250,06-JUL-2020,
OPTSTK,SRTRANSFIN,30-Jul-2020,840,CE,11.1,13.1,10.1,11.05,11.05,34,188.11,68900,1300,06-JUL-2020,
OPTSTK,SRTRANSFIN,30-Jul-2020,860,CE,9,9,9,9,8.25,2,11.29,14300,0,06-JUL-2020,
OPTSTK,SRTRANSFIN,30-Jul-2020,880,CE,0,0,0,10,6.4,0,0,1300,0,06-JUL-2020,
OPTSTK,SRTRANSFIN,30-Jul-2020,900,CE,6.9,6.9,4.95,6.3,6.3,55,323.82,101400,-1950,06-JUL-2020,
OPTSTK,SRTRANSFIN,30-Jul-2020,920,CE,0,0,0,233.45,3.75,0,0,0,0,06-JUL-2020,
OPTSTK,SRTRANSFIN,30-Jul-2020,940,CE,0,0,0,3.9,2.85,0,0,1300,0,06-JUL-2020,
OPTSTK,SRTRANSFIN,30-Jul-2020,960,CE,0,0,0,2.4,2.15,0,0,1300,0,06-JUL-2020,
OPTSTK,SRTRANSFIN,30-Jul-2020,980,CE,0,0,0,2.5,1.6,0,0,8450,0,06-JUL-2020,
OPTSTK,SRTRANSFIN,30-Jul-2020,1000,CE,1.65,2.15,1.65,2,2,19,123.72,62400,-1300,06-JUL-2020,
OPTSTK,SRTRANSFIN,30-Jul-2020,1020,CE,0,0,0,2.05,0.9,0,0,650,0,06-JUL-2020,
OPTSTK,SRTRANSFIN,30-Jul-2020,360,PE,0,0,0,36.1,0.05,0,0,0,0,06-JUL-2020,
OPTSTK,SRTRANSFIN,30-Jul-2020,380,PE,0,0,0,56.7,0.05,0,0,0,0,06-JUL-2020,
OPTSTK,SRTRANSFIN,30-Jul-2020,400,PE,0,0,0,0.35,0.05,0,0,1950,0,06-JUL-2020,
OPTSTK,SRTRANSFIN,30-Jul-2020,420,PE,0,0,0,68.8,0.05,0,0,0,0,06-JUL-2020,
OPTSTK,SRTRANSFIN,30-Jul-2020,440,PE,0,0,0,8.85,0.15,0,0,650,0,06-JUL-2020,
OPTSTK,SRTRANSFIN,30-Jul-2020,460,PE,0,0,0,85.35,0.3,0,0,0,0,06-JUL-2020,
OPTSTK,SRTRANSFIN,30-Jul-2020,480,PE,0,0,0,3.5,0.6,0,0,3250,0,06-JUL-2020,
OPTSTK,SRTRANSFIN,30-Jul-2020,500,PE,1.5,1.8,1.4,1.75,1.75,17,55.42,112450,-650,06-JUL-2020,
OPTSTK,SRTRANSFIN,30-Jul-2020,520,PE,0,0,0,6,2.1,0,0,650,0,06-JUL-2020,
OPTSTK,SRTRANSFIN,30-Jul-2020,540,PE,0,0,0,4.95,3.5,0,0,14300,0,06-JUL-2020,
OPTSTK,SRTRANSFIN,30-Jul-2020,560,PE,0,0,0,8,5.55,0,0,27950,0,06-JUL-2020,
OPTSTK,SRTRANSFIN,30-Jul-2020,580,PE,10.5,10.5,8,8,8.4,2,7.66,5200,0,06-JUL-2020,
OPTSTK,SRTRANSFIN,30-Jul-2020,600,PE,11.5,13.85,10.95,13.05,13.05,115,457.71,110500,-7150,06-JUL-2020,
OPTSTK,SRTRANSFIN,30-Jul-2020,620,PE,15.5,19.6,15.2,17.65,17.65,35,145.04,37050,-3900,06-JUL-2020,
OPTSTK,SRTRANSFIN,30-Jul-2020,640,PE,20.7,26,19.9,23.6,23.6,73,314.42,46800,3900,06-JUL-2020,
OPTSTK,SRTRANSFIN,30-Jul-2020,660,PE,28.05,33.05,26.45,30.8,30.8,49,219.75,57850,9100,06-JUL-2020,
OPTSTK,SRTRANSFIN,30-Jul-2020,680,PE,37.35,43,33.75,39.55,39.55,157,732.93,57850,1950,06-JUL-2020,
OPTSTK,SRTRANSFIN,30-Jul-2020,700,PE,45,54,41.5,48.85,48.85,68,331.03,79950,5850,06-JUL-2020,
OPTSTK,SRTRANSFIN,30-Jul-2020,720,PE,57.1,64,57.1,64,60.85,5,25.35,6500,650,06-JUL-2020,
OPTSTK,SRTRANSFIN,30-Jul-2020,740,PE,0,0,0,76,73.4,0,0,2600,0,06-JUL-2020,
OPTSTK,SRTRANSFIN,30-Jul-2020,760,PE,0,0,0,95.05,87.05,0,0,650,0,06-JUL-2020,
OPTSTK,SRTRANSFIN,30-Jul-2020,780,PE,0,0,0,97.9,101.75,0,0,1300,0,06-JUL-2020,
OPTSTK,SRTRANSFIN,30-Jul-2020,800,PE,110.5,110.5,109.7,109.7,117.3,2,11.83,4550,0,06-JUL-2020,
OPTSTK,SRTRANSFIN,30-Jul-2020,820,PE,0,0,0,290.65,133.65,0,0,0,0,06-JUL-2020,
OPTSTK,SRTRANSFIN,30-Jul-2020,840,PE,0,0,0,304.3,150.65,0,0,0,0,06-JUL-2020,
OPTSTK,SRTRANSFIN,30-Jul-2020,860,PE,0,0,0,318.2,168.25,0,0,0,0,06-JUL-2020,
OPTSTK,SRTRANSFIN,30-Jul-2020,880,PE,0,0,0,332.2,186.35,0,0,0,0,06-JUL-2020,
OPTSTK,SRTRANSFIN,30-Jul-2020,900,PE,0,0,0,193.2,204.8,0,0,650,0,06-JUL-2020,
OPTSTK,SRTRANSFIN,30-Jul-2020,920,PE,0,0,0,360.8,223.6,0,0,0,0,06-JUL-2020,
OPTSTK,SRTRANSFIN,30-Jul-2020,940,PE,0,0,0,375.3,242.6,0,0,0,0,06-JUL-2020,
OPTSTK,SRTRANSFIN,30-Jul-2020,960,PE,0,0,0,390,261.85,0,0,0,0,06-JUL-2020,
OPTSTK,SRTRANSFIN,30-Jul-2020,980,PE,0,0,0,404.85,281.3,0,0,0,0,06-JUL-2020,
OPTSTK,SRTRANSFIN,30-Jul-2020,1000,PE,0,0,0,419.8,300.8,0,0,0,0,06-JUL-2020,
OPTSTK,SRTRANSFIN,30-Jul-2020,1020,PE,0,0,0,334,320.45,0,0,1300,0,06-JUL-2020,
OPTSTK,SRTRANSFIN,27-Aug-2020,360,CE,0,0,0,249.55,340,0,0,0,0,06-JUL-2020,
OPTSTK,SRTRANSFIN,27-Aug-2020,380,CE,0,0,0,236.8,320.3,0,0,0,0,06-JUL-2020,
OPTSTK,SRTRANSFIN,27-Aug-2020,400,CE,0,0,0,224.65,300.8,0,0,0,0,06-JUL-2020,
OPTSTK,SRTRANSFIN,27-Aug-2020,420,CE,0,0,0,213.15,281.45,0,0,0,0,06-JUL-2020,
OPTSTK,SRTRANSFIN,27-Aug-2020,440,CE,0,0,0,202.2,262.35,0,0,0,0,06-JUL-2020,
OPTSTK,SRTRANSFIN,27-Aug-2020,460,CE,0,0,0,191.8,243.65,0,0,0,0,06-JUL-2020,
OPTSTK,SRTRANSFIN,27-Aug-2020,480,CE,0,0,0,181.95,225.35,0,0,0,0,06-JUL-2020,
OPTSTK,SRTRANSFIN,27-Aug-2020,500,CE,0,0,0,172.6,207.6,0,0,0,0,06-JUL-2020,
OPTSTK,SRTRANSFIN,27-Aug-2020,520,CE,0,0,0,163.75,190.45,0,0,0,0,06-JUL-2020,
OPTSTK,SRTRANSFIN,27-Aug-2020,540,CE,0,0,0,155.4,174,0,0,0,0,06-JUL-2020,
OPTSTK,SRTRANSFIN,27-Aug-2020,560,CE,0,0,0,147.45,158.3,0,0,0,0,06-JUL-2020,
OPTSTK,SRTRANSFIN,27-Aug-2020,580,CE,0,0,0,139.95,143.45,0,0,0,0,06-JUL-2020,
OPTSTK,SRTRANSFIN,27-Aug-2020,600,CE,0,0,0,132.85,129.5,0,0,0,0,06-JUL-2020,
OPTSTK,SRTRANSFIN,27-Aug-2020,620,CE,0,0,0,126.15,116.4,0,0,0,0,06-JUL-2020,
OPTSTK,SRTRANSFIN,27-Aug-2020,640,CE,0,0,0,119.8,104.25,0,0,0,0,06-JUL-2020,
OPTSTK,SRTRANSFIN,27-Aug-2020,660,CE,0,0,0,113.8,93,0,0,0,0,06-JUL-2020,
OPTSTK,SRTRANSFIN,27-Aug-2020,680,CE,0,0,0,108.1,82.7,0,0,0,0,06-JUL-2020,
OPTSTK,SRTRANSFIN,27-Aug-2020,700,CE,0,0,0,102.7,73.3,0,0,0,0,06-JUL-2020,
OPTSTK,SRTRANSFIN,27-Aug-2020,720,CE,0,0,0,97.65,64.7,0,0,0,0,06-JUL-2020,
OPTSTK,SRTRANSFIN,27-Aug-2020,740,CE,0,0,0,92.85,57,0,0,0,0,06-JUL-2020,
OPTSTK,SRTRANSFIN,27-Aug-2020,760,CE,0,0,0,88.3,50,0,0,0,0,06-JUL-2020,
OPTSTK,SRTRANSFIN,27-Aug-2020,780,CE,0,0,0,84,43.8,0,0,0,0,06-JUL-2020,
OPTSTK,SRTRANSFIN,27-Aug-2020,800,CE,0,0,0,55,38.2,0,0,650,0,06-JUL-2020,
OPTSTK,SRTRANSFIN,27-Aug-2020,820,CE,0,0,0,76.05,33.25,0,0,0,0,06-JUL-2020,
OPTSTK,SRTRANSFIN,27-Aug-2020,840,CE,0,0,0,72.4,28.9,0,0,0,0,06-JUL-2020,
OPTSTK,SRTRANSFIN,27-Aug-2020,360,PE,0,0,0,37.65,0.2,0,0,0,0,06-JUL-2020,
OPTSTK,SRTRANSFIN,27-Aug-2020,380,PE,0,0,0,44.7,0.4,0,0,0,0,06-JUL-2020,
OPTSTK,SRTRANSFIN,27-Aug-2020,400,PE,0,0,0,52.3,0.75,0,0,0,0,06-JUL-2020,
OPTSTK,SRTRANSFIN,27-Aug-2020,420,PE,0,0,0,60.55,1.3,0,0,0,0,06-JUL-2020,
OPTSTK,SRTRANSFIN,27-Aug-2020,440,PE,0,0,0,69.35,2.1,0,0,0,0,06-JUL-2020,
OPTSTK,SRTRANSFIN,27-Aug-2020,460,PE,0,0,0,78.7,3.25,0,0,0,0,06-JUL-2020,
OPTSTK,SRTRANSFIN,27-Aug-2020,480,PE,0,0,0,88.6,4.85,0,0,0,0,06-JUL-2020,
OPTSTK,SRTRANSFIN,27-Aug-2020,500,PE,0,0,0,4.65,7,0,0,650,0,06-JUL-2020,
OPTSTK,SRTRANSFIN,27-Aug-2020,520,PE,0,0,0,109.95,9.7,0,0,0,0,06-JUL-2020,
OPTSTK,SRTRANSFIN,27-Aug-2020,540,PE,0,0,0,121.35,13.15,0,0,0,0,06-JUL-2020,
OPTSTK,SRTRANSFIN,27-Aug-2020,560,PE,0,0,0,25,17.35,0,0,650,0,06-JUL-2020,
OPTSTK,SRTRANSFIN,27-Aug-2020,580,PE,0,0,0,145.4,22.35,0,0,0,0,06-JUL-2020,
OPTSTK,SRTRANSFIN,27-Aug-2020,600,PE,0,0,0,158.1,28.25,0,0,0,0,06-JUL-2020,
OPTSTK,SRTRANSFIN,27-Aug-2020,620,PE,0,0,0,171.1,35.05,0,0,0,0,06-JUL-2020,
OPTSTK,SRTRANSFIN,27-Aug-2020,640,PE,0,0,0,184.5,42.8,0,0,0,0,06-JUL-2020,
OPTSTK,SRTRANSFIN,27-Aug-2020,660,PE,0,0,0,198.25,51.45,0,0,0,0,06-JUL-2020,
OPTSTK,SRTRANSFIN,27-Aug-2020,680,PE,0,0,0,212.35,61,0,0,0,0,06-JUL-2020,
OPTSTK,SRTRANSFIN,27-Aug-2020,700,PE,0,0,0,226.7,71.45,0,0,0,0,06-JUL-2020,
OPTSTK,SRTRANSFIN,27-Aug-2020,720,PE,0,0,0,241.4,82.75,0,0,0,0,06-JUL-2020,
OPTSTK,SRTRANSFIN,27-Aug-2020,740,PE,0,0,0,256.35,94.9,0,0,0,0,06-JUL-2020,
OPTSTK,SRTRANSFIN,27-Aug-2020,760,PE,0,0,0,271.6,107.85,0,0,0,0,06-JUL-2020,
OPTSTK,SRTRANSFIN,27-Aug-2020,780,PE,0,0,0,287.05,121.45,0,0,0,0,06-JUL-2020,
OPTSTK,SRTRANSFIN,27-Aug-2020,800,PE,146.85,146.85,141.05,141.05,141.05,3,18.38,1950,1950,06-JUL-2020,
OPTSTK,SRTRANSFIN,27-Aug-2020,820,PE,0,0,0,318.6,150.7,0,0,0,0,06-JUL-2020,
OPTSTK,SRTRANSFIN,27-Aug-2020,840,PE,0,0,0,334.7,166.25,0,0,0,0,06-JUL-2020,
OPTSTK,SRTRANSFIN,24-Sep-2020,420,CE,0,0,0,288.75,285.55,0,0,0,0,06-JUL-2020,
OPTSTK,SRTRANSFIN,24-Sep-2020,440,CE,0,0,0,272.6,267.45,0,0,0,0,06-JUL-2020,
OPTSTK,SRTRANSFIN,24-Sep-2020,460,CE,0,0,0,257,249.85,0,0,0,0,06-JUL-2020,
OPTSTK,SRTRANSFIN,24-Sep-2020,480,CE,0,0,0,242.05,232.8,0,0,0,0,06-JUL-2020,
OPTSTK,SRTRANSFIN,24-Sep-2020,500,CE,0,0,0,227.65,216.35,0,0,0,0,06-JUL-2020,
OPTSTK,SRTRANSFIN,24-Sep-2020,520,CE,0,0,0,213.9,200.5,0,0,0,0,06-JUL-2020,
OPTSTK,SRTRANSFIN,24-Sep-2020,540,CE,0,0,0,200.75,185.4,0,0,0,0,06-JUL-2020,
OPTSTK,SRTRANSFIN,24-Sep-2020,560,CE,0,0,0,188.25,171,0,0,0,0,06-JUL-2020,
OPTSTK,SRTRANSFIN,24-Sep-2020,580,CE,0,0,0,176.35,157.4,0,0,0,0,06-JUL-2020,
OPTSTK,SRTRANSFIN,24-Sep-2020,600,CE,0,0,0,165.1,144.5,0,0,0,0,06-JUL-2020,
OPTSTK,SRTRANSFIN,24-Sep-2020,620,CE,0,0,0,154.45,132.4,0,0,0,0,06-JUL-2020,
OPTSTK,SRTRANSFIN,24-Sep-2020,640,CE,0,0,0,144.4,121.1,0,0,0,0,06-JUL-2020,
OPTSTK,SRTRANSFIN,24-Sep-2020,660,CE,0,0,0,134.9,110.5,0,0,0,0,06-JUL-2020,
OPTSTK,SRTRANSFIN,24-Sep-2020,680,CE,0,0,0,125.95,100.65,0,0,0,0,06-JUL-2020,
OPTSTK,SRTRANSFIN,24-Sep-2020,700,CE,0,0,0,117.55,91.55,0,0,0,0,06-JUL-2020,
OPTSTK,SRTRANSFIN,24-Sep-2020,720,CE,0,0,0,109.65,83.1,0,0,0,0,06-JUL-2020,
OPTSTK,SRTRANSFIN,24-Sep-2020,740,CE,0,0,0,102.2,75.3,0,0,0,0,06-JUL-2020,
OPTSTK,SRTRANSFIN,24-Sep-2020,760,CE,0,0,0,95.25,68.2,0,0,0,0,06-JUL-2020,
OPTSTK,SRTRANSFIN,24-Sep-2020,780,CE,0,0,0,88.75,61.6,0,0,0,0,06-JUL-2020,
OPTSTK,SRTRANSFIN,24-Sep-2020,800,CE,0,0,0,82.65,55.65,0,0,0,0,06-JUL-2020,
OPTSTK,SRTRANSFIN,24-Sep-2020,820,CE,0,0,0,76.95,50.15,0,0,0,0,06-JUL-2020,
OPTSTK,SRTRANSFIN,24-Sep-2020,840,CE,0,0,0,71.6,45.15,0,0,0,0,06-JUL-2020,
OPTSTK,SRTRANSFIN,24-Sep-2020,420,PE,0,0,0,13.45,4.05,0,0,0,0,06-JUL-2020,
OPTSTK,SRTRANSFIN,24-Sep-2020,440,PE,0,0,0,17.05,5.8,0,0,0,0,06-JUL-2020,
OPTSTK,SRTRANSFIN,24-Sep-2020,460,PE,0,0,0,21.25,8,0,0,0,0,06-JUL-2020,
OPTSTK,SRTRANSFIN,24-Sep-2020,480,PE,0,0,0,26.05,10.75,0,0,0,0,06-JUL-2020,
OPTSTK,SRTRANSFIN,24-Sep-2020,500,PE,0,0,0,31.4,14.1,0,0,0,0,06-JUL-2020,
OPTSTK,SRTRANSFIN,24-Sep-2020,520,PE,0,0,0,37.4,18.1,0,0,0,0,06-JUL-2020,
OPTSTK,SRTRANSFIN,24-Sep-2020,540,PE,0,0,0,44.05,22.8,0,0,0,0,06-JUL-2020,
OPTSTK,SRTRANSFIN,24-Sep-2020,560,PE,0,0,0,51.3,28.25,0,0,0,0,06-JUL-2020,
OPTSTK,SRTRANSFIN,24-Sep-2020,580,PE,0,0,0,59.2,34.4,0,0,0,0,06-JUL-2020,
OPTSTK,SRTRANSFIN,24-Sep-2020,600,PE,0,0,0,67.7,41.35,0,0,0,0,06-JUL-2020,
OPTSTK,SRTRANSFIN,24-Sep-2020,620,PE,0,0,0,76.8,49.05,0,0,0,0,06-JUL-2020,
OPTSTK,SRTRANSFIN,24-Sep-2020,640,PE,0,0,0,86.5,57.55,0,0,0,0,06-JUL-2020,
OPTSTK,SRTRANSFIN,24-Sep-2020,660,PE,0,0,0,96.8,66.8,0,0,0,0,06-JUL-2020,
OPTSTK,SRTRANSFIN,24-Sep-2020,680,PE,0,0,0,107.6,76.75,0,0,0,0,06-JUL-2020,
OPTSTK,SRTRANSFIN,24-Sep-2020,700,PE,0,0,0,118.95,87.45,0,0,0,0,06-JUL-2020,
OPTSTK,SRTRANSFIN,24-Sep-2020,720,PE,0,0,0,130.8,98.8,0,0,0,0,06-JUL-2020,
OPTSTK,SRTRANSFIN,24-Sep-2020,740,PE,0,0,0,143.15,110.85,0,0,0,0,06-JUL-2020,
OPTSTK,SRTRANSFIN,24-Sep-2020,760,PE,0,0,0,156,123.55,0,0,0,0,06-JUL-2020,
OPTSTK,SRTRANSFIN,24-Sep-2020,780,PE,0,0,0,169.25,136.8,0,0,0,0,06-JUL-2020,
OPTSTK,SRTRANSFIN,24-Sep-2020,800,PE,0,0,0,182.9,150.6,0,0,0,0,06-JUL-2020,
OPTSTK,SRTRANSFIN,24-Sep-2020,820,PE,0,0,0,197,164.95,0,0,0,0,06-JUL-2020,
OPTSTK,SRTRANSFIN,24-Sep-2020,840,PE,0,0,0,211.45,179.8,0,0,0,0,06-JUL-2020,
OPTSTK,SUNPHARMA,30-Jul-2020,300,CE,0,0,0,173.75,181.05,0,0,0,0,06-JUL-2020,
OPTSTK,SUNPHARMA,30-Jul-2020,310,CE,0,0,0,165.25,171.05,0,0,0,0,06-JUL-2020,
OPTSTK,SUNPHARMA,30-Jul-2020,320,CE,0,0,0,156.9,161.1,0,0,0,0,06-JUL-2020,
OPTSTK,SUNPHARMA,30-Jul-2020,330,CE,0,0,0,148.8,151.1,0,0,0,0,06-JUL-2020,
OPTSTK,SUNPHARMA,30-Jul-2020,340,CE,0,0,0,140.95,141.15,0,0,0,0,06-JUL-2020,
OPTSTK,SUNPHARMA,30-Jul-2020,350,CE,122.5,130,121.5,129,129,111,740.01,508200,155400,06-JUL-2020,
OPTSTK,SUNPHARMA,30-Jul-2020,360,CE,0,0,0,126.05,121.2,0,0,0,0,06-JUL-2020,
OPTSTK,SUNPHARMA,30-Jul-2020,370,CE,0,0,0,118.95,111.25,0,0,0,0,06-JUL-2020,
OPTSTK,SUNPHARMA,30-Jul-2020,380,CE,0,0,0,112.15,101.35,0,0,0,0,06-JUL-2020,
OPTSTK,SUNPHARMA,30-Jul-2020,390,CE,0,0,0,105.6,91.45,0,0,0,0,06-JUL-2020,
OPTSTK,SUNPHARMA,30-Jul-2020,400,CE,74.5,82.25,73.5,81.8,81.8,184,1233.02,331800,-235200,06-JUL-2020,
OPTSTK,SUNPHARMA,30-Jul-2020,410,CE,0,0,0,93.35,72,0,0,0,0,06-JUL-2020,
OPTSTK,SUNPHARMA,30-Jul-2020,420,CE,0,0,0,55,62.65,0,0,7000,0,06-JUL-2020,
OPTSTK,SUNPHARMA,30-Jul-2020,430,CE,0,0,0,47.05,53.65,0,0,5600,0,06-JUL-2020,
OPTSTK,SUNPHARMA,30-Jul-2020,440,CE,0,0,0,41.75,45.15,0,0,25200,0,06-JUL-2020,
OPTSTK,SUNPHARMA,30-Jul-2020,450,CE,33.8,36,32.5,36,37.25,23,155.94,84000,4200,06-JUL-2020,
OPTSTK,SUNPHARMA,30-Jul-2020,460,CE,29.75,31.4,26,31.1,31.1,41,280.43,119000,14000,06-JUL-2020,
OPTSTK,SUNPHARMA,30-Jul-2020,470,CE,24.35,25.4,20.5,25.05,25.05,297,2048.52,282800,70000,06-JUL-2020,
OPTSTK,SUNPHARMA,30-Jul-2020,480,CE,18.95,20.2,16.25,19.9,19.9,1002,6991.21,700000,138600,06-JUL-2020,
OPTSTK,SUNPHARMA,30-Jul-2020,490,CE,15.5,15.95,12.65,15.65,15.65,421,2973.51,425600,74200,06-JUL-2020,
OPTSTK,SUNPHARMA,30-Jul-2020,500,CE,12,12.9,9.8,12.35,12.35,885,6334.9,1563800,102200,06-JUL-2020,
OPTSTK,SUNPHARMA,30-Jul-2020,510,CE,9.05,9.6,7.65,9.45,9.45,181,1314.22,277200,8400,06-JUL-2020,
OPTSTK,SUNPHARMA,30-Jul-2020,520,CE,7.05,7.5,5.9,7.35,7.35,498,3671.75,786800,149800,06-JUL-2020,
OPTSTK,SUNPHARMA,30-Jul-2020,530,CE,4.8,6,4.75,5.8,5.8,119,891.67,341600,22400,06-JUL-2020,
OPTSTK,SUNPHARMA,30-Jul-2020,540,CE,3.95,4.9,3.65,4.8,4.8,247,1882.09,372400,114800,06-JUL-2020,
OPTSTK,SUNPHARMA,30-Jul-2020,550,CE,3.65,3.9,3,3.8,3.8,397,3075.97,1477000,105000,06-JUL-2020,
OPTSTK,SUNPHARMA,30-Jul-2020,560,CE,2.5,2.95,2.35,2.9,2.9,63,496.26,190400,18200,06-JUL-2020,
OPTSTK,SUNPHARMA,30-Jul-2020,570,CE,1.7,2.3,1.7,2.15,2.15,12,96.09,138600,1400,06-JUL-2020,
OPTSTK,SUNPHARMA,30-Jul-2020,580,CE,1.45,1.7,1.2,1.65,1.65,51,415.16,302400,15400,06-JUL-2020,
OPTSTK,SUNPHARMA,30-Jul-2020,590,CE,1.15,1.25,1,1.15,1.15,26,215.16,260400,12600,06-JUL-2020,
OPTSTK,SUNPHARMA,30-Jul-2020,300,PE,0,0,0,5.5,0.05,0,0,0,0,06-JUL-2020,
OPTSTK,SUNPHARMA,30-Jul-2020,310,PE,0,0,0,6.85,0.05,0,0,0,0,06-JUL-2020,
OPTSTK,SUNPHARMA,30-Jul-2020,320,PE,0,0,0,2.1,0.05,0,0,1400,0,06-JUL-2020,
OPTSTK,SUNPHARMA,30-Jul-2020,330,PE,0,0,0,10.2,0.05,0,0,0,0,06-JUL-2020,
OPTSTK,SUNPHARMA,30-Jul-2020,340,PE,0,0,0,12.2,0.05,0,0,0,0,06-JUL-2020,
OPTSTK,SUNPHARMA,30-Jul-2020,350,PE,0.3,0.3,0.15,0.15,0.15,106,519.65,299600,141400,06-JUL-2020,
OPTSTK,SUNPHARMA,30-Jul-2020,360,PE,0,0,0,0.95,0.05,0,0,2800,0,06-JUL-2020,
OPTSTK,SUNPHARMA,30-Jul-2020,370,PE,0,0,0,0.8,0.05,0,0,1400,0,06-JUL-2020,
OPTSTK,SUNPHARMA,30-Jul-2020,380,PE,0,0,0,2,0.05,0,0,1400,0,06-JUL-2020,
OPTSTK,SUNPHARMA,30-Jul-2020,390,PE,1,1,1,1,0.15,1,5.47,1400,0,06-JUL-2020,
OPTSTK,SUNPHARMA,30-Jul-2020,400,PE,1.6,1.85,1.4,1.65,1.65,202,1135.67,732200,-56000,06-JUL-2020,
OPTSTK,SUNPHARMA,30-Jul-2020,410,PE,2,2.5,1.9,1.95,1.95,95,548.22,238000,44800,06-JUL-2020,
OPTSTK,SUNPHARMA,30-Jul-2020,420,PE,2.95,3.45,2.65,2.75,2.75,189,1119.34,222600,50400,06-JUL-2020,
OPTSTK,SUNPHARMA,30-Jul-2020,430,PE,3.9,5.1,3.85,3.95,3.95,403,2452.03,537600,176400,06-JUL-2020,
OPTSTK,SUNPHARMA,30-Jul-2020,440,PE,6.2,7.15,5.25,5.45,5.45,433,2705.91,677600,141400,06-JUL-2020,
OPTSTK,SUNPHARMA,30-Jul-2020,450,PE,8.25,10.3,7.4,7.75,7.75,531,3410.73,550200,26600,06-JUL-2020,
OPTSTK,SUNPHARMA,30-Jul-2020,460,PE,12.5,14.3,10.65,10.85,10.85,235,1553.96,284200,40600,06-JUL-2020,
OPTSTK,SUNPHARMA,30-Jul-2020,470,PE,16,18.95,14.4,14.7,14.7,370,2521.77,443800,93800,06-JUL-2020,
OPTSTK,SUNPHARMA,30-Jul-2020,480,PE,21,24.4,19.15,19.6,19.6,226,1586.2,324800,100800,06-JUL-2020,
OPTSTK,SUNPHARMA,30-Jul-2020,490,PE,29.8,30.9,25.2,25.4,25.4,47,340.47,158200,26600,06-JUL-2020,
OPTSTK,SUNPHARMA,30-Jul-2020,500,PE,35.8,37.45,31.8,31.95,31.95,23,172.01,165200,-4200,06-JUL-2020,
OPTSTK,SUNPHARMA,30-Jul-2020,510,PE,41.55,41.55,41.45,41.45,35.8,2,15.44,8400,-2800,06-JUL-2020,
OPTSTK,SUNPHARMA,30-Jul-2020,520,PE,0,0,0,49.5,43.6,0,0,9800,0,06-JUL-2020,
OPTSTK,SUNPHARMA,30-Jul-2020,530,PE,58.95,58.95,55.65,55.65,51.95,3,24.68,631400,0,06-JUL-2020,
OPTSTK,SUNPHARMA,30-Jul-2020,540,PE,0,0,0,62.85,60.7,0,0,4200,0,06-JUL-2020,
OPTSTK,SUNPHARMA,30-Jul-2020,550,PE,78.75,79.5,78.75,79.5,69.85,2,17.61,567000,-2800,06-JUL-2020,
OPTSTK,SUNPHARMA,30-Jul-2020,560,PE,0,0,0,72,79.25,0,0,1400,0,06-JUL-2020,
OPTSTK,SUNPHARMA,30-Jul-2020,570,PE,0,0,0,129.35,88.85,0,0,0,0,06-JUL-2020,
OPTSTK,SUNPHARMA,30-Jul-2020,580,PE,0,0,0,86,98.6,0,0,1400,0,06-JUL-2020,
OPTSTK,SUNPHARMA,30-Jul-2020,590,PE,112,112,112,112,108.4,1,9.82,15400,-1400,06-JUL-2020,
OPTSTK,SUNPHARMA,27-Aug-2020,300,CE,0,0,0,164.25,182,0,0,0,0,06-JUL-2020,
OPTSTK,SUNPHARMA,27-Aug-2020,310,CE,0,0,0,154.95,172.1,0,0,0,0,06-JUL-2020,
OPTSTK,SUNPHARMA,27-Aug-2020,320,CE,0,0,0,145.8,162.15,0,0,0,0,06-JUL-2020,
OPTSTK,SUNPHARMA,27-Aug-2020,330,CE,0,0,0,136.85,152.25,0,0,0,0,06-JUL-2020,
OPTSTK,SUNPHARMA,27-Aug-2020,340,CE,0,0,0,128.15,142.35,0,0,0,0,06-JUL-2020,
OPTSTK,SUNPHARMA,27-Aug-2020,350,CE,0,0,0,119.7,132.5,0,0,0,0,06-JUL-2020,
OPTSTK,SUNPHARMA,27-Aug-2020,360,CE,0,0,0,111.5,122.7,0,0,0,0,06-JUL-2020,
OPTSTK,SUNPHARMA,27-Aug-2020,370,CE,0,0,0,103.6,112.95,0,0,0,0,06-JUL-2020,
OPTSTK,SUNPHARMA,27-Aug-2020,380,CE,0,0,0,96,103.4,0,0,0,0,06-JUL-2020,
OPTSTK,SUNPHARMA,27-Aug-2020,390,CE,0,0,0,88.7,94,0,0,0,0,06-JUL-2020,
OPTSTK,SUNPHARMA,27-Aug-2020,400,CE,0,0,0,81.8,84.85,0,0,0,0,06-JUL-2020,
OPTSTK,SUNPHARMA,27-Aug-2020,410,CE,0,0,0,75.2,76,0,0,0,0,06-JUL-2020,
OPTSTK,SUNPHARMA,27-Aug-2020,420,CE,0,0,0,69,67.55,0,0,0,0,06-JUL-2020,
OPTSTK,SUNPHARMA,27-Aug-2020,430,CE,0,0,0,63.15,59.5,0,0,0,0,06-JUL-2020,
OPTSTK,SUNPHARMA,27-Aug-2020,440,CE,0,0,0,57.65,51.95,0,0,0,0,06-JUL-2020,
OPTSTK,SUNPHARMA,27-Aug-2020,450,CE,0,0,0,52.5,44.95,0,0,0,0,06-JUL-2020,
OPTSTK,SUNPHARMA,27-Aug-2020,460,CE,0,0,0,47.7,38.55,0,0,0,0,06-JUL-2020,
OPTSTK,SUNPHARMA,27-Aug-2020,470,CE,0,0,0,43.3,32.75,0,0,0,0,06-JUL-2020,
OPTSTK,SUNPHARMA,27-Aug-2020,480,CE,0,0,0,39.15,27.55,0,0,0,0,06-JUL-2020,
OPTSTK,SUNPHARMA,27-Aug-2020,490,CE,0,0,0,35.4,22.95,0,0,0,0,06-JUL-2020,
OPTSTK,SUNPHARMA,27-Aug-2020,500,CE,0,0,0,31.9,18.95,0,0,0,0,06-JUL-2020,
OPTSTK,SUNPHARMA,27-Aug-2020,510,CE,0,0,0,28.7,15.5,0,0,0,0,06-JUL-2020,
OPTSTK,SUNPHARMA,27-Aug-2020,520,CE,0,0,0,14.4,12.55,0,0,7000,0,06-JUL-2020,
OPTSTK,SUNPHARMA,27-Aug-2020,530,CE,0,0,0,12.05,10.1,0,0,7000,0,06-JUL-2020,
OPTSTK,SUNPHARMA,27-Aug-2020,540,CE,11,11,10,10,10,2,15.41,18200,0,06-JUL-2020,
OPTSTK,SUNPHARMA,27-Aug-2020,550,CE,0,0,0,18.5,6.35,0,0,0,0,06-JUL-2020,
OPTSTK,SUNPHARMA,27-Aug-2020,560,CE,0,0,0,16.55,4.95,0,0,0,0,06-JUL-2020,
OPTSTK,SUNPHARMA,27-Aug-2020,570,CE,0,0,0,14.7,3.85,0,0,0,0,06-JUL-2020,
OPTSTK,SUNPHARMA,27-Aug-2020,580,CE,0,0,0,13.1,2.95,0,0,0,0,06-JUL-2020,
OPTSTK,SUNPHARMA,27-Aug-2020,590,CE,0,0,0,11.65,2.25,0,0,0,0,06-JUL-2020,
OPTSTK,SUNPHARMA,27-Aug-2020,300,PE,0,0,0,1.5,0.05,0,0,0,0,06-JUL-2020,
OPTSTK,SUNPHARMA,27-Aug-2020,310,PE,0,0,0,2.05,0.05,0,0,0,0,06-JUL-2020,
OPTSTK,SUNPHARMA,27-Aug-2020,320,PE,0,0,0,2.8,0.05,0,0,0,0,06-JUL-2020,
OPTSTK,SUNPHARMA,27-Aug-2020,330,PE,0,0,0,3.75,0.05,0,0,0,0,06-JUL-2020,
OPTSTK,SUNPHARMA,27-Aug-2020,340,PE,0,0,0,4.95,0.1,0,0,0,0,06-JUL-2020,
OPTSTK,SUNPHARMA,27-Aug-2020,350,PE,0,0,0,6.35,0.15,0,0,0,0,06-JUL-2020,
OPTSTK,SUNPHARMA,27-Aug-2020,360,PE,0,0,0,8,0.3,0,0,0,0,06-JUL-2020,
OPTSTK,SUNPHARMA,27-Aug-2020,370,PE,0,0,0,10,0.55,0,0,0,0,06-JUL-2020,
OPTSTK,SUNPHARMA,27-Aug-2020,380,PE,0,0,0,12.25,0.9,0,0,0,0,06-JUL-2020,
OPTSTK,SUNPHARMA,27-Aug-2020,390,PE,0,0,0,14.9,1.45,0,0,0,0,06-JUL-2020,
OPTSTK,SUNPHARMA,27-Aug-2020,400,PE,0,0,0,17.85,2.25,0,0,0,0,06-JUL-2020,
OPTSTK,SUNPHARMA,27-Aug-2020,410,PE,0,0,0,21.1,3.35,0,0,0,0,06-JUL-2020,
OPTSTK,SUNPHARMA,27-Aug-2020,420,PE,0,0,0,24.8,4.8,0,0,0,0,06-JUL-2020,
OPTSTK,SUNPHARMA,27-Aug-2020,430,PE,0,0,0,28.8,6.7,0,0,0,0,06-JUL-2020,
OPTSTK,SUNPHARMA,27-Aug-2020,440,PE,0,0,0,33.2,9.1,0,0,0,0,06-JUL-2020,
OPTSTK,SUNPHARMA,27-Aug-2020,450,PE,0,0,0,37.95,12.05,0,0,0,0,06-JUL-2020,
OPTSTK,SUNPHARMA,27-Aug-2020,460,PE,0,0,0,43.05,15.55,0,0,0,0,06-JUL-2020,
OPTSTK,SUNPHARMA,27-Aug-2020,470,PE,0,0,0,27,19.7,0,0,1400,0,06-JUL-2020,
OPTSTK,SUNPHARMA,27-Aug-2020,480,PE,0,0,0,54.25,24.45,0,0,0,0,06-JUL-2020,
OPTSTK,SUNPHARMA,27-Aug-2020,490,PE,0,0,0,60.35,29.8,0,0,0,0,06-JUL-2020,
OPTSTK,SUNPHARMA,27-Aug-2020,500,PE,0,0,0,66.7,35.75,0,0,0,0,06-JUL-2020,
OPTSTK,SUNPHARMA,27-Aug-2020,510,PE,0,0,0,73.4,42.2,0,0,0,0,06-JUL-2020,
OPTSTK,SUNPHARMA,27-Aug-2020,520,PE,0,0,0,80.35,49.25,0,0,0,0,06-JUL-2020,
OPTSTK,SUNPHARMA,27-Aug-2020,530,PE,0,0,0,87.55,56.7,0,0,0,0,06-JUL-2020,
OPTSTK,SUNPHARMA,27-Aug-2020,540,PE,0,0,0,95.05,64.55,0,0,0,0,06-JUL-2020,
OPTSTK,SUNPHARMA,27-Aug-2020,550,PE,79.8,79.8,79.8,79.8,72.8,2,17.63,4200,2800,06-JUL-2020,
OPTSTK,SUNPHARMA,27-Aug-2020,560,PE,0,0,0,110.65,81.4,0,0,0,0,06-JUL-2020,
OPTSTK,SUNPHARMA,27-Aug-2020,570,PE,0,0,0,118.7,90.2,0,0,0,0,06-JUL-2020,
OPTSTK,SUNPHARMA,27-Aug-2020,580,PE,0,0,0,126.95,99.25,0,0,0,0,06-JUL-2020,
OPTSTK,SUNPHARMA,27-Aug-2020,590,PE,0,0,0,135.4,108.5,0,0,0,0,06-JUL-2020,
OPTSTK,SUNPHARMA,24-Sep-2020,300,CE,0,0,0,191.8,183,0,0,0,0,06-JUL-2020,
OPTSTK,SUNPHARMA,24-Sep-2020,310,CE,0,0,0,182.2,173.15,0,0,0,0,06-JUL-2020,
OPTSTK,SUNPHARMA,24-Sep-2020,320,CE,0,0,0,172.75,163.3,0,0,0,0,06-JUL-2020,
OPTSTK,SUNPHARMA,24-Sep-2020,330,CE,0,0,0,163.4,153.5,0,0,0,0,06-JUL-2020,
OPTSTK,SUNPHARMA,24-Sep-2020,340,CE,0,0,0,154.2,143.8,0,0,0,0,06-JUL-2020,
OPTSTK,SUNPHARMA,24-Sep-2020,350,CE,0,0,0,145.15,134.15,0,0,0,0,06-JUL-2020,
OPTSTK,SUNPHARMA,24-Sep-2020,360,CE,0,0,0,136.35,124.65,0,0,0,0,06-JUL-2020,
OPTSTK,SUNPHARMA,24-Sep-2020,370,CE,0,0,0,127.75,115.25,0,0,0,0,06-JUL-2020,
OPTSTK,SUNPHARMA,24-Sep-2020,380,CE,0,0,0,119.4,106.1,0,0,0,0,06-JUL-2020,
OPTSTK,SUNPHARMA,24-Sep-2020,390,CE,0,0,0,111.3,97.2,0,0,0,0,06-JUL-2020,
OPTSTK,SUNPHARMA,24-Sep-2020,400,CE,0,0,0,103.5,88.6,0,0,0,0,06-JUL-2020,
OPTSTK,SUNPHARMA,24-Sep-2020,410,CE,0,0,0,96.05,80.3,0,0,0,0,06-JUL-2020,
OPTSTK,SUNPHARMA,24-Sep-2020,420,CE,0,0,0,88.85,72.4,0,0,0,0,06-JUL-2020,
OPTSTK,SUNPHARMA,24-Sep-2020,430,CE,0,0,0,82.05,64.9,0,0,0,0,06-JUL-2020,
OPTSTK,SUNPHARMA,24-Sep-2020,440,CE,0,0,0,75.55,57.85,0,0,0,0,06-JUL-2020,
OPTSTK,SUNPHARMA,24-Sep-2020,450,CE,0,0,0,69.4,51.3,0,0,0,0,06-JUL-2020,
OPTSTK,SUNPHARMA,24-Sep-2020,460,CE,0,0,0,63.6,45.2,0,0,0,0,06-JUL-2020,
OPTSTK,SUNPHARMA,24-Sep-2020,470,CE,0,0,0,58.2,39.6,0,0,0,0,06-JUL-2020,
OPTSTK,SUNPHARMA,24-Sep-2020,480,CE,0,0,0,53.1,34.5,0,0,0,0,06-JUL-2020,
OPTSTK,SUNPHARMA,24-Sep-2020,490,CE,0,0,0,48.35,29.9,0,0,0,0,06-JUL-2020,
OPTSTK,SUNPHARMA,24-Sep-2020,500,CE,0,0,0,43.9,25.8,0,0,0,0,06-JUL-2020,
OPTSTK,SUNPHARMA,24-Sep-2020,510,CE,0,0,0,39.85,22.1,0,0,0,0,06-JUL-2020,
OPTSTK,SUNPHARMA,24-Sep-2020,520,CE,0,0,0,36.05,18.85,0,0,0,0,06-JUL-2020,
OPTSTK,SUNPHARMA,24-Sep-2020,530,CE,0,0,0,32.55,16,0,0,0,0,06-JUL-2020,
OPTSTK,SUNPHARMA,24-Sep-2020,540,CE,0,0,0,29.35,13.5,0,0,0,0,06-JUL-2020,
OPTSTK,SUNPHARMA,24-Sep-2020,550,CE,0,0,0,26.4,11.3,0,0,0,0,06-JUL-2020,
OPTSTK,SUNPHARMA,24-Sep-2020,560,CE,0,0,0,23.75,9.45,0,0,0,0,06-JUL-2020,
OPTSTK,SUNPHARMA,24-Sep-2020,570,CE,0,0,0,21.3,7.85,0,0,0,0,06-JUL-2020,
OPTSTK,SUNPHARMA,24-Sep-2020,580,CE,0,0,0,19.1,6.5,0,0,0,0,06-JUL-2020,
OPTSTK,SUNPHARMA,24-Sep-2020,590,CE,0,0,0,17.1,5.4,0,0,0,0,06-JUL-2020,
OPTSTK,SUNPHARMA,24-Sep-2020,300,PE,0,0,0,0.7,0.05,0,0,0,0,06-JUL-2020,
OPTSTK,SUNPHARMA,24-Sep-2020,310,PE,0,0,0,1,0.1,0,0,0,0,06-JUL-2020,
OPTSTK,SUNPHARMA,24-Sep-2020,320,PE,0,0,0,1.4,0.15,0,0,0,0,06-JUL-2020,
OPTSTK,SUNPHARMA,24-Sep-2020,330,PE,0,0,0,1.9,0.25,0,0,0,0,06-JUL-2020,
OPTSTK,SUNPHARMA,24-Sep-2020,340,PE,0,0,0,2.6,0.45,0,0,0,0,06-JUL-2020,
OPTSTK,SUNPHARMA,24-Sep-2020,350,PE,0,0,0,3.45,0.7,0,0,0,0,06-JUL-2020,
OPTSTK,SUNPHARMA,24-Sep-2020,360,PE,0,0,0,4.5,1.1,0,0,0,0,06-JUL-2020,
OPTSTK,SUNPHARMA,24-Sep-2020,370,PE,0,0,0,5.8,1.65,0,0,0,0,06-JUL-2020,
OPTSTK,SUNPHARMA,24-Sep-2020,380,PE,0,0,0,7.35,2.4,0,0,0,0,06-JUL-2020,
OPTSTK,SUNPHARMA,24-Sep-2020,390,PE,0,0,0,9.15,3.4,0,0,0,0,06-JUL-2020,
OPTSTK,SUNPHARMA,24-Sep-2020,400,PE,0,0,0,11.2,4.7,0,0,0,0,06-JUL-2020,
OPTSTK,SUNPHARMA,24-Sep-2020,410,PE,0,0,0,13.65,6.3,0,0,0,0,06-JUL-2020,
OPTSTK,SUNPHARMA,24-Sep-2020,420,PE,0,0,0,16.35,8.3,0,0,0,0,06-JUL-2020,
OPTSTK,SUNPHARMA,24-Sep-2020,430,PE,0,0,0,19.4,10.7,0,0,0,0,06-JUL-2020,
OPTSTK,SUNPHARMA,24-Sep-2020,440,PE,0,0,0,22.75,13.6,0,0,0,0,06-JUL-2020,
OPTSTK,SUNPHARMA,24-Sep-2020,450,PE,0,0,0,26.5,16.9,0,0,0,0,06-JUL-2020,
OPTSTK,SUNPHARMA,24-Sep-2020,460,PE,0,0,0,30.6,20.75,0,0,0,0,06-JUL-2020,
OPTSTK,SUNPHARMA,24-Sep-2020,470,PE,0,0,0,35.05,25.05,0,0,0,0,06-JUL-2020,
OPTSTK,SUNPHARMA,24-Sep-2020,480,PE,0,0,0,39.85,29.85,0,0,0,0,06-JUL-2020,
OPTSTK,SUNPHARMA,24-Sep-2020,490,PE,0,0,0,45,35.15,0,0,0,0,06-JUL-2020,
OPTSTK,SUNPHARMA,24-Sep-2020,500,PE,0,0,0,50.45,40.95,0,0,0,0,06-JUL-2020,
OPTSTK,SUNPHARMA,24-Sep-2020,510,PE,0,0,0,56.25,47.15,0,0,0,0,06-JUL-2020,
OPTSTK,SUNPHARMA,24-Sep-2020,520,PE,0,0,0,62.35,53.8,0,0,0,0,06-JUL-2020,
OPTSTK,SUNPHARMA,24-Sep-2020,530,PE,0,0,0,68.75,60.85,0,0,0,0,06-JUL-2020,
OPTSTK,SUNPHARMA,24-Sep-2020,540,PE,0,0,0,75.45,68.3,0,0,0,0,06-JUL-2020,
OPTSTK,SUNPHARMA,24-Sep-2020,550,PE,0,0,0,82.4,76.05,0,0,0,0,06-JUL-2020,
OPTSTK,SUNPHARMA,24-Sep-2020,560,PE,0,0,0,89.6,84.05,0,0,0,0,06-JUL-2020,
OPTSTK,SUNPHARMA,24-Sep-2020,570,PE,0,0,0,97.05,92.4,0,0,0,0,06-JUL-2020,
OPTSTK,SUNPHARMA,24-Sep-2020,580,PE,0,0,0,104.75,100.95,0,0,0,0,06-JUL-2020,
OPTSTK,SUNPHARMA,24-Sep-2020,590,PE,0,0,0,112.6,109.7,0,0,0,0,06-JUL-2020,
OPTSTK,SUNTV,30-Jul-2020,220,CE,0,0,0,171.05,179.6,0,0,0,0,06-JUL-2020,
OPTSTK,SUNTV,30-Jul-2020,230,CE,0,0,0,162.45,169.65,0,0,0,0,06-JUL-2020,
OPTSTK,SUNTV,30-Jul-2020,240,CE,0,0,0,154.05,159.65,0,0,0,0,06-JUL-2020,
OPTSTK,SUNTV,30-Jul-2020,250,CE,0,0,0,145.85,149.7,0,0,0,0,06-JUL-2020,
OPTSTK,SUNTV,30-Jul-2020,260,CE,0,0,0,137.95,139.75,0,0,0,0,06-JUL-2020,
OPTSTK,SUNTV,30-Jul-2020,270,CE,0,0,0,130.35,129.75,0,0,0,0,06-JUL-2020,
OPTSTK,SUNTV,30-Jul-2020,280,CE,0,0,0,123,119.8,0,0,0,0,06-JUL-2020,
OPTSTK,SUNTV,30-Jul-2020,290,CE,0,0,0,115.95,109.85,0,0,0,0,06-JUL-2020,
OPTSTK,SUNTV,30-Jul-2020,300,CE,0,0,0,109.2,99.95,0,0,0,0,06-JUL-2020,
OPTSTK,SUNTV,30-Jul-2020,310,CE,0,0,0,102.7,90.1,0,0,0,0,06-JUL-2020,
OPTSTK,SUNTV,30-Jul-2020,320,CE,0,0,0,96.55,80.35,0,0,0,0,06-JUL-2020,
OPTSTK,SUNTV,30-Jul-2020,330,CE,0,0,0,90.65,70.8,0,0,0,0,06-JUL-2020,
OPTSTK,SUNTV,30-Jul-2020,340,CE,0,0,0,85.05,61.6,0,0,0,0,06-JUL-2020,
OPTSTK,SUNTV,30-Jul-2020,350,CE,0,0,0,58.55,52.75,0,0,3000,0,06-JUL-2020,
OPTSTK,SUNTV,30-Jul-2020,360,CE,0,0,0,51.05,44.45,0,0,1500,0,06-JUL-2020,
OPTSTK,SUNTV,30-Jul-2020,370,CE,0,0,0,60.5,36.85,0,0,1500,0,06-JUL-2020,
OPTSTK,SUNTV,30-Jul-2020,380,CE,29,29,29,29,30,1,6.13,7500,1500,06-JUL-2020,
OPTSTK,SUNTV,30-Jul-2020,390,CE,0,0,0,30.55,23.95,0,0,6000,0,06-JUL-2020,
OPTSTK,SUNTV,30-Jul-2020,400,CE,22,22,18.1,19.7,19.7,62,390.01,136500,16500,06-JUL-2020,
OPTSTK,SUNTV,30-Jul-2020,410,CE,16.35,17.05,14.1,15,15,66,421.07,130500,7500,06-JUL-2020,
OPTSTK,SUNTV,30-Jul-2020,420,CE,13.4,13.4,10.9,11.8,11.8,119,770.79,204000,39000,06-JUL-2020,
OPTSTK,SUNTV,30-Jul-2020,430,CE,9.4,10,7.95,8.45,8,32,210.65,93000,10500,06-JUL-2020,
OPTSTK,SUNTV,30-Jul-2020,440,CE,7.3,7.3,6.2,6.6,6.6,36,241.14,186000,12000,06-JUL-2020,
OPTSTK,SUNTV,30-Jul-2020,450,CE,5.2,5.3,4.4,4.8,4.15,22,150.12,127500,3000,06-JUL-2020,
OPTSTK,SUNTV,30-Jul-2020,460,CE,4.1,4.1,3.4,3.5,2.9,9,62.58,109500,0,06-JUL-2020,
OPTSTK,SUNTV,30-Jul-2020,470,CE,3,3,2.4,2.4,2,10,70.91,234000,-6000,06-JUL-2020,
OPTSTK,SUNTV,30-Jul-2020,480,CE,1.25,2.15,1.25,1.85,1.85,61,441.12,147000,-9000,06-JUL-2020,
OPTSTK,SUNTV,30-Jul-2020,490,CE,1.35,1.35,1.25,1.25,0.9,4,29.47,78000,-1500,06-JUL-2020,
OPTSTK,SUNTV,30-Jul-2020,500,CE,1,1.25,1,1.25,0.6,4,30.07,88500,3000,06-JUL-2020,
OPTSTK,SUNTV,30-Jul-2020,220,PE,0,0,0,4.2,0.05,0,0,0,0,06-JUL-2020,
OPTSTK,SUNTV,30-Jul-2020,230,PE,0,0,0,5.4,0.05,0,0,0,0,06-JUL-2020,
OPTSTK,SUNTV,30-Jul-2020,240,PE,0,0,0,0.25,0.05,0,0,1500,0,06-JUL-2020,
OPTSTK,SUNTV,30-Jul-2020,250,PE,0,0,0,8.6,0.05,0,0,0,0,06-JUL-2020,
OPTSTK,SUNTV,30-Jul-2020,260,PE,0,0,0,10.6,0.05,0,0,0,0,06-JUL-2020,
OPTSTK,SUNTV,30-Jul-2020,270,PE,0,0,0,12.85,0.05,0,0,0,0,06-JUL-2020,
OPTSTK,SUNTV,30-Jul-2020,280,PE,0,0,0,15.35,0.05,0,0,0,0,06-JUL-2020,
OPTSTK,SUNTV,30-Jul-2020,290,PE,0,0,0,18.2,0.05,0,0,0,0,06-JUL-2020,
OPTSTK,SUNTV,30-Jul-2020,300,PE,0,0,0,21.3,0.1,0,0,0,0,06-JUL-2020,
OPTSTK,SUNTV,30-Jul-2020,310,PE,0,0,0,24.7,0.2,0,0,0,0,06-JUL-2020,
OPTSTK,SUNTV,30-Jul-2020,320,PE,0.75,1.05,0.75,1.05,0.45,4,19.25,61500,-1500,06-JUL-2020,
OPTSTK,SUNTV,30-Jul-2020,330,PE,1.75,1.75,1.75,1.75,0.9,1,4.97,12000,-1500,06-JUL-2020,
OPTSTK,SUNTV,30-Jul-2020,340,PE,1.8,2.45,1.8,2.3,2.3,11,56.47,33000,1500,06-JUL-2020,
OPTSTK,SUNTV,30-Jul-2020,350,PE,2.9,3.5,2.9,3.5,3.5,11,58.29,69000,1500,06-JUL-2020,
OPTSTK,SUNTV,30-Jul-2020,360,PE,4.8,5.5,4.3,5,5,21,114.9,78000,1500,06-JUL-2020,
OPTSTK,SUNTV,30-Jul-2020,370,PE,6.75,7.55,6.25,7.2,7.2,18,101.81,100500,13500,06-JUL-2020,
OPTSTK,SUNTV,30-Jul-2020,380,PE,8.95,10.8,8.95,10.1,10.1,34,198.87,96000,16500,06-JUL-2020,
OPTSTK,SUNTV,30-Jul-2020,390,PE,14.7,14.95,12.95,13.8,13.8,11,66.7,58500,0,06-JUL-2020,
OPTSTK,SUNTV,30-Jul-2020,400,PE,18.4,20.65,16.9,18.4,18.4,76,477.76,127500,3000,06-JUL-2020,
OPTSTK,SUNTV,30-Jul-2020,410,PE,23.65,26,23.4,23.4,23.4,6,39.05,66000,-1500,06-JUL-2020,
OPTSTK,SUNTV,30-Jul-2020,420,PE,31.9,31.9,31.9,31.9,30.65,1,6.77,16500,0,06-JUL-2020,
OPTSTK,SUNTV,30-Jul-2020,430,PE,0,0,0,38.3,37.8,0,0,4500,0,06-JUL-2020,
OPTSTK,SUNTV,30-Jul-2020,440,PE,0,0,0,53.6,45.6,0,0,3000,0,06-JUL-2020,
OPTSTK,SUNTV,30-Jul-2020,450,PE,0,0,0,50.5,53.9,0,0,0,0,06-JUL-2020,
OPTSTK,SUNTV,30-Jul-2020,460,PE,0,0,0,61.75,62.6,0,0,6000,0,06-JUL-2020,
OPTSTK,SUNTV,30-Jul-2020,470,PE,0,0,0,66.65,71.65,0,0,7500,0,06-JUL-2020,
OPTSTK,SUNTV,30-Jul-2020,480,PE,0,0,0,69,81,0,0,1500,0,06-JUL-2020,
OPTSTK,SUNTV,30-Jul-2020,490,PE,0,0,0,130.3,90.5,0,0,0,0,06-JUL-2020,
OPTSTK,SUNTV,30-Jul-2020,500,PE,0,0,0,138.05,100.2,0,0,0,0,06-JUL-2020,
OPTSTK,SUNTV,27-Aug-2020,230,CE,0,0,0,164.7,170.4,0,0,0,0,06-JUL-2020,
OPTSTK,SUNTV,27-Aug-2020,240,CE,0,0,0,155.6,160.45,0,0,0,0,06-JUL-2020,
OPTSTK,SUNTV,27-Aug-2020,250,CE,0,0,0,146.7,150.55,0,0,0,0,06-JUL-2020,
OPTSTK,SUNTV,27-Aug-2020,260,CE,0,0,0,138,140.7,0,0,0,0,06-JUL-2020,
OPTSTK,SUNTV,27-Aug-2020,270,CE,0,0,0,129.55,130.85,0,0,0,0,06-JUL-2020,
OPTSTK,SUNTV,27-Aug-2020,280,CE,0,0,0,121.4,121.1,0,0,0,0,06-JUL-2020,
OPTSTK,SUNTV,27-Aug-2020,290,CE,0,0,0,113.5,111.45,0,0,0,0,06-JUL-2020,
OPTSTK,SUNTV,27-Aug-2020,300,CE,0,0,0,105.95,101.95,0,0,0,0,06-JUL-2020,
OPTSTK,SUNTV,27-Aug-2020,310,CE,0,0,0,98.7,92.65,0,0,0,0,06-JUL-2020,
OPTSTK,SUNTV,27-Aug-2020,320,CE,0,0,0,91.75,83.65,0,0,0,0,06-JUL-2020,
OPTSTK,SUNTV,27-Aug-2020,330,CE,0,0,0,85.15,75,0,0,0,0,06-JUL-2020,
OPTSTK,SUNTV,27-Aug-2020,340,CE,0,0,0,78.9,66.75,0,0,0,0,06-JUL-2020,
OPTSTK,SUNTV,27-Aug-2020,350,CE,0,0,0,73,58.95,0,0,0,0,06-JUL-2020,
OPTSTK,SUNTV,27-Aug-2020,360,CE,0,0,0,67.45,51.65,0,0,0,0,06-JUL-2020,
OPTSTK,SUNTV,27-Aug-2020,370,CE,0,0,0,62.2,44.9,0,0,0,0,06-JUL-2020,
OPTSTK,SUNTV,27-Aug-2020,380,CE,0,0,0,57.25,38.75,0,0,0,0,06-JUL-2020,
OPTSTK,SUNTV,27-Aug-2020,390,CE,0,0,0,52.7,33.15,0,0,0,0,06-JUL-2020,
OPTSTK,SUNTV,27-Aug-2020,400,CE,0,0,0,31,28.15,0,0,1500,0,06-JUL-2020,
OPTSTK,SUNTV,27-Aug-2020,410,CE,23,23,23,23,23.75,1,6.49,1500,1500,06-JUL-2020,
OPTSTK,SUNTV,27-Aug-2020,420,CE,0,0,0,40.7,19.85,0,0,0,0,06-JUL-2020,
OPTSTK,SUNTV,27-Aug-2020,430,CE,0,0,0,37.25,16.5,0,0,0,0,06-JUL-2020,
OPTSTK,SUNTV,27-Aug-2020,440,CE,0,0,0,34.05,13.6,0,0,0,0,06-JUL-2020,
OPTSTK,SUNTV,27-Aug-2020,450,CE,11.25,12.05,11.25,12.05,12.05,3,20.76,6000,4500,06-JUL-2020,
OPTSTK,SUNTV,27-Aug-2020,460,CE,0,0,0,28.4,9.05,0,0,0,0,06-JUL-2020,
OPTSTK,SUNTV,27-Aug-2020,470,CE,0,0,0,25.9,7.3,0,0,0,0,06-JUL-2020,
OPTSTK,SUNTV,27-Aug-2020,480,CE,0,0,0,23.65,5.9,0,0,0,0,06-JUL-2020,
OPTSTK,SUNTV,27-Aug-2020,490,CE,0,0,0,21.5,4.7,0,0,0,0,06-JUL-2020,
OPTSTK,SUNTV,27-Aug-2020,500,CE,0,0,0,19.6,3.75,0,0,0,0,06-JUL-2020,
OPTSTK,SUNTV,27-Aug-2020,230,PE,0,0,0,2,0.05,0,0,0,0,06-JUL-2020,
OPTSTK,SUNTV,27-Aug-2020,240,PE,0,0,0,2.75,0.05,0,0,0,0,06-JUL-2020,
OPTSTK,SUNTV,27-Aug-2020,250,PE,0,0,0,3.75,0.05,0,0,0,0,06-JUL-2020,
OPTSTK,SUNTV,27-Aug-2020,260,PE,0,0,0,4.95,0.1,0,0,0,0,06-JUL-2020,
OPTSTK,SUNTV,27-Aug-2020,270,PE,0,0,0,6.35,0.2,0,0,0,0,06-JUL-2020,
OPTSTK,SUNTV,27-Aug-2020,280,PE,0,0,0,8.1,0.4,0,0,0,0,06-JUL-2020,
OPTSTK,SUNTV,27-Aug-2020,290,PE,0,0,0,10.1,0.7,0,0,0,0,06-JUL-2020,
OPTSTK,SUNTV,27-Aug-2020,300,PE,0,0,0,12.4,1.15,0,0,0,0,06-JUL-2020,
OPTSTK,SUNTV,27-Aug-2020,310,PE,0,0,0,15.05,1.8,0,0,0,0,06-JUL-2020,
OPTSTK,SUNTV,27-Aug-2020,320,PE,0,0,0,18,2.75,0,0,0,0,06-JUL-2020,
OPTSTK,SUNTV,27-Aug-2020,330,PE,0,0,0,21.25,4,0,0,0,0,06-JUL-2020,
OPTSTK,SUNTV,27-Aug-2020,340,PE,0,0,0,24.9,5.7,0,0,0,0,06-JUL-2020,
OPTSTK,SUNTV,27-Aug-2020,350,PE,0,0,0,28.85,7.85,0,0,0,0,06-JUL-2020,
OPTSTK,SUNTV,27-Aug-2020,360,PE,0,0,0,33.15,10.45,0,0,0,0,06-JUL-2020,
OPTSTK,SUNTV,27-Aug-2020,370,PE,0,0,0,37.8,13.65,0,0,0,0,06-JUL-2020,
OPTSTK,SUNTV,27-Aug-2020,380,PE,0,0,0,42.75,17.45,0,0,0,0,06-JUL-2020,
OPTSTK,SUNTV,27-Aug-2020,390,PE,0,0,0,48.05,21.8,0,0,0,0,06-JUL-2020,
OPTSTK,SUNTV,27-Aug-2020,400,PE,29.8,29.8,29,29,26.75,11,70.79,18000,16500,06-JUL-2020,
OPTSTK,SUNTV,27-Aug-2020,410,PE,0,0,0,59.5,32.25,0,0,0,0,06-JUL-2020,
OPTSTK,SUNTV,27-Aug-2020,420,PE,0,0,0,65.7,38.3,0,0,0,0,06-JUL-2020,
OPTSTK,SUNTV,27-Aug-2020,430,PE,0,0,0,72.1,44.9,0,0,0,0,06-JUL-2020,
OPTSTK,SUNTV,27-Aug-2020,440,PE,0,0,0,78.8,51.95,0,0,0,0,06-JUL-2020,
OPTSTK,SUNTV,27-Aug-2020,450,PE,0,0,0,85.75,59.4,0,0,0,0,06-JUL-2020,
OPTSTK,SUNTV,27-Aug-2020,460,PE,0,0,0,92.9,67.3,0,0,0,0,06-JUL-2020,
OPTSTK,SUNTV,27-Aug-2020,470,PE,0,0,0,100.3,75.5,0,0,0,0,06-JUL-2020,
OPTSTK,SUNTV,27-Aug-2020,480,PE,0,0,0,107.9,84,0,0,0,0,06-JUL-2020,
OPTSTK,SUNTV,27-Aug-2020,490,PE,0,0,0,115.65,92.75,0,0,0,0,06-JUL-2020,
OPTSTK,SUNTV,27-Aug-2020,500,PE,0,0,0,123.6,101.7,0,0,0,0,06-JUL-2020,
OPTSTK,SUNTV,24-Sep-2020,250,CE,0,0,0,167.95,151.65,0,0,0,0,06-JUL-2020,
OPTSTK,SUNTV,24-Sep-2020,260,CE,0,0,0,158.6,141.95,0,0,0,0,06-JUL-2020,
OPTSTK,SUNTV,24-Sep-2020,270,CE,0,0,0,149.45,132.35,0,0,0,0,06-JUL-2020,
OPTSTK,SUNTV,24-Sep-2020,280,CE,0,0,0,140.5,122.9,0,0,0,0,06-JUL-2020,
OPTSTK,SUNTV,24-Sep-2020,290,CE,0,0,0,131.75,113.65,0,0,0,0,06-JUL-2020,
OPTSTK,SUNTV,24-Sep-2020,300,CE,0,0,0,123.3,104.65,0,0,0,0,06-JUL-2020,
OPTSTK,SUNTV,24-Sep-2020,310,CE,0,0,0,115.05,95.9,0,0,0,0,06-JUL-2020,
OPTSTK,SUNTV,24-Sep-2020,320,CE,0,0,0,107.15,87.5,0,0,0,0,06-JUL-2020,
OPTSTK,SUNTV,24-Sep-2020,330,CE,0,0,0,99.55,79.4,0,0,0,0,06-JUL-2020,
OPTSTK,SUNTV,24-Sep-2020,340,CE,0,0,0,92.25,71.75,0,0,0,0,06-JUL-2020,
OPTSTK,SUNTV,24-Sep-2020,350,CE,0,0,0,85.3,64.5,0,0,0,0,06-JUL-2020,
OPTSTK,SUNTV,24-Sep-2020,360,CE,0,0,0,78.7,57.75,0,0,0,0,06-JUL-2020,
OPTSTK,SUNTV,24-Sep-2020,370,CE,0,0,0,72.45,51.4,0,0,0,0,06-JUL-2020,
OPTSTK,SUNTV,24-Sep-2020,380,CE,0,0,0,66.6,45.6,0,0,0,0,06-JUL-2020,
OPTSTK,SUNTV,24-Sep-2020,390,CE,0,0,0,61.05,40.2,0,0,0,0,06-JUL-2020,
OPTSTK,SUNTV,24-Sep-2020,400,CE,0,0,0,55.9,35.35,0,0,0,0,06-JUL-2020,
OPTSTK,SUNTV,24-Sep-2020,410,CE,0,0,0,51.05,30.9,0,0,0,0,06-JUL-2020,
OPTSTK,SUNTV,24-Sep-2020,420,CE,0,0,0,46.55,26.9,0,0,0,0,06-JUL-2020,
OPTSTK,SUNTV,24-Sep-2020,430,CE,0,0,0,42.4,23.35,0,0,0,0,06-JUL-2020,
OPTSTK,SUNTV,24-Sep-2020,440,CE,0,0,0,38.55,20.15,0,0,0,0,06-JUL-2020,
OPTSTK,SUNTV,24-Sep-2020,450,CE,0,0,0,34.95,17.35,0,0,0,0,06-JUL-2020,
OPTSTK,SUNTV,24-Sep-2020,460,CE,0,0,0,31.7,14.9,0,0,0,0,06-JUL-2020,
OPTSTK,SUNTV,24-Sep-2020,470,CE,0,0,0,28.65,12.7,0,0,0,0,06-JUL-2020,
OPTSTK,SUNTV,24-Sep-2020,480,CE,0,0,0,25.9,10.85,0,0,0,0,06-JUL-2020,
OPTSTK,SUNTV,24-Sep-2020,490,CE,0,0,0,23.4,9.2,0,0,0,0,06-JUL-2020,
OPTSTK,SUNTV,24-Sep-2020,500,CE,0,0,0,21.1,7.8,0,0,0,0,06-JUL-2020,
OPTSTK,SUNTV,24-Sep-2020,250,PE,0,0,0,1.35,0.3,0,0,0,0,06-JUL-2020,
OPTSTK,SUNTV,24-Sep-2020,260,PE,0,0,0,1.9,0.5,0,0,0,0,06-JUL-2020,
OPTSTK,SUNTV,24-Sep-2020,270,PE,0,0,0,2.65,0.85,0,0,0,0,06-JUL-2020,
OPTSTK,SUNTV,24-Sep-2020,280,PE,0,0,0,3.55,1.3,0,0,0,0,06-JUL-2020,
OPTSTK,SUNTV,24-Sep-2020,290,PE,0,0,0,4.7,1.95,0,0,0,0,06-JUL-2020,
OPTSTK,SUNTV,24-Sep-2020,300,PE,0,0,0,6.1,2.85,0,0,0,0,06-JUL-2020,
OPTSTK,SUNTV,24-Sep-2020,310,PE,0,0,0,7.75,4.05,0,0,0,0,06-JUL-2020,
OPTSTK,SUNTV,24-Sep-2020,320,PE,0,0,0,9.75,5.5,0,0,0,0,06-JUL-2020,
OPTSTK,SUNTV,24-Sep-2020,330,PE,0,0,0,12,7.35,0,0,0,0,06-JUL-2020,
OPTSTK,SUNTV,24-Sep-2020,340,PE,0,0,0,14.6,9.6,0,0,0,0,06-JUL-2020,
OPTSTK,SUNTV,24-Sep-2020,350,PE,0,0,0,17.55,12.25,0,0,0,0,06-JUL-2020,
OPTSTK,SUNTV,24-Sep-2020,360,PE,0,0,0,20.85,15.4,0,0,0,0,06-JUL-2020,
OPTSTK,SUNTV,24-Sep-2020,370,PE,0,0,0,24.45,19,0,0,0,0,06-JUL-2020,
OPTSTK,SUNTV,24-Sep-2020,380,PE,0,0,0,28.5,23.05,0,0,0,0,06-JUL-2020,
OPTSTK,SUNTV,24-Sep-2020,390,PE,0,0,0,32.85,27.6,0,0,0,0,06-JUL-2020,
OPTSTK,SUNTV,24-Sep-2020,400,PE,0,0,0,37.55,32.6,0,0,0,0,06-JUL-2020,
OPTSTK,SUNTV,24-Sep-2020,410,PE,0,0,0,42.6,38.1,0,0,0,0,06-JUL-2020,
OPTSTK,SUNTV,24-Sep-2020,420,PE,0,0,0,48,44,0,0,0,0,06-JUL-2020,
OPTSTK,SUNTV,24-Sep-2020,430,PE,0,0,0,53.7,50.35,0,0,0,0,06-JUL-2020,
OPTSTK,SUNTV,24-Sep-2020,440,PE,0,0,0,59.75,57.1,0,0,0,0,06-JUL-2020,
OPTSTK,SUNTV,24-Sep-2020,450,PE,0,0,0,66.05,64.2,0,0,0,0,06-JUL-2020,
OPTSTK,SUNTV,24-Sep-2020,460,PE,0,0,0,72.65,71.6,0,0,0,0,06-JUL-2020,
OPTSTK,SUNTV,24-Sep-2020,470,PE,0,0,0,79.5,79.35,0,0,0,0,06-JUL-2020,
OPTSTK,SUNTV,24-Sep-2020,480,PE,0,0,0,86.65,87.4,0,0,0,0,06-JUL-2020,
OPTSTK,SUNTV,24-Sep-2020,490,PE,0,0,0,94,95.65,0,0,0,0,06-JUL-2020,
OPTSTK,SUNTV,24-Sep-2020,500,PE,0,0,0,101.6,104.15,0,0,0,0,06-JUL-2020,
OPTSTK,TATACHEM,30-Jul-2020,185,CE,0,0,0,102.7,125.4,0,0,0,0,06-JUL-2020,
OPTSTK,TATACHEM,30-Jul-2020,190,CE,0,0,0,98.35,120.45,0,0,0,0,06-JUL-2020,
OPTSTK,TATACHEM,30-Jul-2020,195,CE,0,0,0,94.05,115.45,0,0,0,0,06-JUL-2020,
OPTSTK,TATACHEM,30-Jul-2020,200,CE,0,0,0,89.9,110.45,0,0,0,0,06-JUL-2020,
OPTSTK,TATACHEM,30-Jul-2020,205,CE,0,0,0,85.8,105.45,0,0,0,0,06-JUL-2020,
OPTSTK,TATACHEM,30-Jul-2020,210,CE,0,0,0,81.8,100.5,0,0,0,0,06-JUL-2020,
OPTSTK,TATACHEM,30-Jul-2020,215,CE,0,0,0,77.9,95.5,0,0,0,0,06-JUL-2020,
OPTSTK,TATACHEM,30-Jul-2020,220,CE,0,0,0,74.15,90.5,0,0,0,0,06-JUL-2020,
OPTSTK,TATACHEM,30-Jul-2020,225,CE,0,0,0,70.5,85.55,0,0,0,0,06-JUL-2020,
OPTSTK,TATACHEM,30-Jul-2020,230,CE,0,0,0,66.95,80.55,0,0,0,0,06-JUL-2020,
OPTSTK,TATACHEM,30-Jul-2020,235,CE,0,0,0,63.5,75.55,0,0,0,0,06-JUL-2020,
OPTSTK,TATACHEM,30-Jul-2020,240,CE,0,0,0,60.2,70.6,0,0,0,0,06-JUL-2020,
OPTSTK,TATACHEM,30-Jul-2020,245,CE,0,0,0,57,65.6,0,0,0,0,06-JUL-2020,
OPTSTK,TATACHEM,30-Jul-2020,250,CE,0,0,0,53.95,60.65,0,0,0,0,06-JUL-2020,
OPTSTK,TATACHEM,30-Jul-2020,255,CE,0,0,0,51,55.7,0,0,0,0,06-JUL-2020,
OPTSTK,TATACHEM,30-Jul-2020,260,CE,0,0,0,48.15,50.8,0,0,0,0,06-JUL-2020,
OPTSTK,TATACHEM,30-Jul-2020,265,CE,0,0,0,45.45,45.9,0,0,0,0,06-JUL-2020,
OPTSTK,TATACHEM,30-Jul-2020,270,CE,0,0,0,42.85,41.15,0,0,0,0,06-JUL-2020,
OPTSTK,TATACHEM,30-Jul-2020,275,CE,0,0,0,40.4,36.5,0,0,0,0,06-JUL-2020,
OPTSTK,TATACHEM,30-Jul-2020,280,CE,0,0,0,38.05,32,0,0,0,0,06-JUL-2020,
OPTSTK,TATACHEM,30-Jul-2020,285,CE,0,0,0,35.8,27.7,0,0,0,0,06-JUL-2020,
OPTSTK,TATACHEM,30-Jul-2020,290,CE,0,0,0,33.65,23.65,0,0,0,0,06-JUL-2020,
OPTSTK,TATACHEM,30-Jul-2020,295,CE,0,0,0,32,19.9,0,0,0,0,06-JUL-2020,
OPTSTK,TATACHEM,30-Jul-2020,300,CE,16.85,19.5,16.85,17.2,17.2,22,139.98,68000,10000,06-JUL-2020,
OPTSTK,TATACHEM,30-Jul-2020,305,CE,0,0,0,27.9,13.5,0,0,0,0,06-JUL-2020,
OPTSTK,TATACHEM,30-Jul-2020,310,CE,11.8,13.75,11.65,13.75,10.8,6,38.66,24000,2000,06-JUL-2020,
OPTSTK,TATACHEM,30-Jul-2020,315,CE,9.4,11,9.4,10.1,10.1,12,78.08,34000,4000,06-JUL-2020,
OPTSTK,TATACHEM,30-Jul-2020,320,CE,7,9.2,7,7.85,7.85,98,643.46,202000,68000,06-JUL-2020,
OPTSTK,TATACHEM,30-Jul-2020,325,CE,6,6.9,6,6.3,6.3,5,33.13,20000,2000,06-JUL-2020,
OPTSTK,TATACHEM,30-Jul-2020,330,CE,4,5.5,4,5,3.8,31,207.52,114000,4000,06-JUL-2020,
OPTSTK,TATACHEM,30-Jul-2020,335,CE,0,0,0,4.1,2.8,0,0,10000,0,06-JUL-2020,
OPTSTK,TATACHEM,30-Jul-2020,340,CE,2.75,3.1,2.65,3,3,13,89.14,110000,6000,06-JUL-2020,
OPTSTK,TATACHEM,30-Jul-2020,345,CE,0,0,0,2.7,1.45,0,0,4000,0,06-JUL-2020,
OPTSTK,TATACHEM,30-Jul-2020,350,CE,1.25,1.7,1.25,1.5,1.5,24,168.74,166000,14000,06-JUL-2020,
OPTSTK,TATACHEM,30-Jul-2020,355,CE,0.6,0.6,0.6,0.6,0.7,4,28.44,8000,0,06-JUL-2020,
OPTSTK,TATACHEM,30-Jul-2020,360,CE,0,0,0,1.05,0.45,0,0,26000,0,06-JUL-2020,
OPTSTK,TATACHEM,30-Jul-2020,365,CE,0,0,0,12.55,0.3,0,0,0,0,06-JUL-2020,
OPTSTK,TATACHEM,30-Jul-2020,370,CE,0,0,0,11.7,0.2,0,0,0,0,06-JUL-2020,
OPTSTK,TATACHEM,30-Jul-2020,375,CE,0,0,0,10.9,0.15,0,0,0,0,06-JUL-2020,
OPTSTK,TATACHEM,30-Jul-2020,380,CE,0.4,0.4,0.2,0.2,0.1,2,15.21,16000,0,06-JUL-2020,
OPTSTK,TATACHEM,30-Jul-2020,185,PE,0,0,0,2.65,0.05,0,0,0,0,06-JUL-2020,
OPTSTK,TATACHEM,30-Jul-2020,190,PE,0,0,0,0.1,0.05,0,0,2000,0,06-JUL-2020,
OPTSTK,TATACHEM,30-Jul-2020,195,PE,0,0,0,3.9,0.05,0,0,0,0,06-JUL-2020,
OPTSTK,TATACHEM,30-Jul-2020,200,PE,0,0,0,0.6,0.05,0,0,2000,0,06-JUL-2020,
OPTSTK,TATACHEM,30-Jul-2020,205,PE,0,0,0,5.5,0.05,0,0,0,0,06-JUL-2020,
OPTSTK,TATACHEM,30-Jul-2020,210,PE,0,0,0,6.45,0.05,0,0,0,0,06-JUL-2020,
OPTSTK,TATACHEM,30-Jul-2020,215,PE,0,0,0,7.5,0.05,0,0,0,0,06-JUL-2020,
OPTSTK,TATACHEM,30-Jul-2020,220,PE,0,0,0,8.65,0.05,0,0,0,0,06-JUL-2020,
OPTSTK,TATACHEM,30-Jul-2020,225,PE,0,0,0,9.95,0.05,0,0,0,0,06-JUL-2020,
OPTSTK,TATACHEM,30-Jul-2020,230,PE,0,0,0,11.35,0.05,0,0,0,0,06-JUL-2020,
OPTSTK,TATACHEM,30-Jul-2020,235,PE,0,0,0,12.85,0.05,0,0,0,0,06-JUL-2020,
OPTSTK,TATACHEM,30-Jul-2020,240,PE,0,0,0,14.45,0.05,0,0,0,0,06-JUL-2020,
OPTSTK,TATACHEM,30-Jul-2020,245,PE,0,0,0,16.2,0.05,0,0,0,0,06-JUL-2020,
OPTSTK,TATACHEM,30-Jul-2020,250,PE,0,0,0,18.05,0.05,0,0,0,0,06-JUL-2020,
OPTSTK,TATACHEM,30-Jul-2020,255,PE,0,0,0,20.05,0.1,0,0,0,0,06-JUL-2020,
OPTSTK,TATACHEM,30-Jul-2020,260,PE,0,0,0,22.15,0.15,0,0,0,0,06-JUL-2020,
OPTSTK,TATACHEM,30-Jul-2020,265,PE,0,0,0,24.4,0.3,0,0,0,0,06-JUL-2020,
OPTSTK,TATACHEM,30-Jul-2020,270,PE,0,0,0,2.15,0.5,0,0,58000,0,06-JUL-2020,
OPTSTK,TATACHEM,30-Jul-2020,275,PE,0,0,0,3,0.8,0,0,10000,0,06-JUL-2020,
OPTSTK,TATACHEM,30-Jul-2020,280,PE,0,0,0,2.35,1.3,0,0,4000,0,06-JUL-2020,
OPTSTK,TATACHEM,30-Jul-2020,285,PE,0,0,0,3.2,2,0,0,66000,0,06-JUL-2020,
OPTSTK,TATACHEM,30-Jul-2020,290,PE,3.5,3.5,3.45,3.45,2.95,2,11.73,78000,-4000,06-JUL-2020,
OPTSTK,TATACHEM,30-Jul-2020,295,PE,4.3,4.65,4.25,4.65,4.2,3,17.96,10000,-2000,06-JUL-2020,
OPTSTK,TATACHEM,30-Jul-2020,300,PE,6.1,6.4,5.7,6.2,6.2,16,97.95,86000,8000,06-JUL-2020,
OPTSTK,TATACHEM,30-Jul-2020,305,PE,0,0,0,11,7.7,0,0,12000,0,06-JUL-2020,
OPTSTK,TATACHEM,30-Jul-2020,310,PE,0,0,0,11.8,10.05,0,0,30000,0,06-JUL-2020,
OPTSTK,TATACHEM,30-Jul-2020,315,PE,11.8,11.8,11.8,11.8,12.75,1,6.53,8000,0,06-JUL-2020,
OPTSTK,TATACHEM,30-Jul-2020,320,PE,0,0,0,18.2,15.85,0,0,8000,0,06-JUL-2020,
OPTSTK,TATACHEM,30-Jul-2020,325,PE,0,0,0,21.4,19.25,0,0,4000,0,06-JUL-2020,
OPTSTK,TATACHEM,30-Jul-2020,330,PE,0,0,0,23.05,22.95,0,0,4000,0,06-JUL-2020,
OPTSTK,TATACHEM,30-Jul-2020,335,PE,0,0,0,66.9,26.95,0,0,0,0,06-JUL-2020,
OPTSTK,TATACHEM,30-Jul-2020,340,PE,0,0,0,37,31.15,0,0,2000,0,06-JUL-2020,
OPTSTK,TATACHEM,30-Jul-2020,345,PE,0,0,0,74.4,35.55,0,0,0,0,06-JUL-2020,
OPTSTK,TATACHEM,30-Jul-2020,350,PE,0,0,0,34.25,40.15,0,0,2000,0,06-JUL-2020,
OPTSTK,TATACHEM,30-Jul-2020,355,PE,0,0,0,82.2,44.8,0,0,0,0,06-JUL-2020,
OPTSTK,TATACHEM,30-Jul-2020,360,PE,0,0,0,49.45,49.55,0,0,4000,0,06-JUL-2020,
OPTSTK,TATACHEM,30-Jul-2020,365,PE,0,0,0,90.2,54.4,0,0,0,0,06-JUL-2020,
OPTSTK,TATACHEM,30-Jul-2020,370,PE,0,0,0,94.3,59.25,0,0,0,0,06-JUL-2020,
OPTSTK,TATACHEM,30-Jul-2020,375,PE,0,0,0,98.45,64.2,0,0,0,0,06-JUL-2020,
OPTSTK,TATACHEM,30-Jul-2020,380,PE,0,0,0,71.35,69.1,0,0,4000,0,06-JUL-2020,
OPTSTK,TATACHEM,27-Aug-2020,185,CE,0,0,0,122.5,126,0,0,0,0,06-JUL-2020,
OPTSTK,TATACHEM,27-Aug-2020,190,CE,0,0,0,117.9,121.05,0,0,0,0,06-JUL-2020,
OPTSTK,TATACHEM,27-Aug-2020,195,CE,0,0,0,113.3,116.1,0,0,0,0,06-JUL-2020,
OPTSTK,TATACHEM,27-Aug-2020,200,CE,0,0,0,108.8,111.1,0,0,0,0,06-JUL-2020,
OPTSTK,TATACHEM,27-Aug-2020,205,CE,0,0,0,104.35,106.15,0,0,0,0,06-JUL-2020,
OPTSTK,TATACHEM,27-Aug-2020,210,CE,0,0,0,100,101.15,0,0,0,0,06-JUL-2020,
OPTSTK,TATACHEM,27-Aug-2020,215,CE,0,0,0,95.7,96.2,0,0,0,0,06-JUL-2020,
OPTSTK,TATACHEM,27-Aug-2020,220,CE,0,0,0,91.5,91.25,0,0,0,0,06-JUL-2020,
OPTSTK,TATACHEM,27-Aug-2020,225,CE,0,0,0,87.4,86.3,0,0,0,0,06-JUL-2020,
OPTSTK,TATACHEM,27-Aug-2020,230,CE,0,0,0,83.4,81.35,0,0,0,0,06-JUL-2020,
OPTSTK,TATACHEM,27-Aug-2020,235,CE,0,0,0,79.5,76.45,0,0,0,0,06-JUL-2020,
OPTSTK,TATACHEM,27-Aug-2020,240,CE,0,0,0,75.7,71.55,0,0,0,0,06-JUL-2020,
OPTSTK,TATACHEM,27-Aug-2020,245,CE,0,0,0,72,66.7,0,0,0,0,06-JUL-2020,
OPTSTK,TATACHEM,27-Aug-2020,250,CE,0,0,0,68.4,61.95,0,0,0,0,06-JUL-2020,
OPTSTK,TATACHEM,27-Aug-2020,255,CE,0,0,0,64.95,57.2,0,0,0,0,06-JUL-2020,
OPTSTK,TATACHEM,27-Aug-2020,260,CE,0,0,0,61.6,52.6,0,0,0,0,06-JUL-2020,
OPTSTK,TATACHEM,27-Aug-2020,265,CE,0,0,0,58.35,48.1,0,0,0,0,06-JUL-2020,
OPTSTK,TATACHEM,27-Aug-2020,270,CE,0,0,0,55.25,43.7,0,0,0,0,06-JUL-2020,
OPTSTK,TATACHEM,27-Aug-2020,275,CE,0,0,0,52.25,39.5,0,0,0,0,06-JUL-2020,
OPTSTK,TATACHEM,27-Aug-2020,280,CE,0,0,0,49.4,35.5,0,0,0,0,06-JUL-2020,
OPTSTK,TATACHEM,27-Aug-2020,285,CE,0,0,0,46.65,31.7,0,0,0,0,06-JUL-2020,
OPTSTK,TATACHEM,27-Aug-2020,290,CE,0,0,0,44,28.1,0,0,0,0,06-JUL-2020,
OPTSTK,TATACHEM,27-Aug-2020,295,CE,0,0,0,41.45,24.75,0,0,0,0,06-JUL-2020,
OPTSTK,TATACHEM,27-Aug-2020,300,CE,0,0,0,39.05,21.65,0,0,0,0,06-JUL-2020,
OPTSTK,TATACHEM,27-Aug-2020,305,CE,0,0,0,36.75,18.8,0,0,0,0,06-JUL-2020,
OPTSTK,TATACHEM,27-Aug-2020,310,CE,0,0,0,34.55,16.25,0,0,0,0,06-JUL-2020,
OPTSTK,TATACHEM,27-Aug-2020,315,CE,0,0,0,32.5,13.9,0,0,0,0,06-JUL-2020,
OPTSTK,TATACHEM,27-Aug-2020,320,CE,0,0,0,12.5,11.8,0,0,2000,0,06-JUL-2020,
OPTSTK,TATACHEM,27-Aug-2020,325,CE,0,0,0,28.65,10,0,0,0,0,06-JUL-2020,
OPTSTK,TATACHEM,27-Aug-2020,330,CE,0,0,0,26.85,8.4,0,0,0,0,06-JUL-2020,
OPTSTK,TATACHEM,27-Aug-2020,335,CE,0,0,0,25.15,7,0,0,0,0,06-JUL-2020,
OPTSTK,TATACHEM,27-Aug-2020,340,CE,0,0,0,23.55,5.8,0,0,0,0,06-JUL-2020,
OPTSTK,TATACHEM,27-Aug-2020,345,CE,0,0,0,22.05,4.75,0,0,0,0,06-JUL-2020,
OPTSTK,TATACHEM,27-Aug-2020,350,CE,0,0,0,20.65,3.9,0,0,0,0,06-JUL-2020,
OPTSTK,TATACHEM,27-Aug-2020,355,CE,0,0,0,19.3,3.15,0,0,0,0,06-JUL-2020,
OPTSTK,TATACHEM,27-Aug-2020,360,CE,0,0,0,18.05,2.55,0,0,0,0,06-JUL-2020,
OPTSTK,TATACHEM,27-Aug-2020,365,CE,0,0,0,16.85,2.05,0,0,0,0,06-JUL-2020,
OPTSTK,TATACHEM,27-Aug-2020,370,CE,0,0,0,15.75,1.6,0,0,0,0,06-JUL-2020,
OPTSTK,TATACHEM,27-Aug-2020,375,CE,0,0,0,14.7,1.3,0,0,0,0,06-JUL-2020,
OPTSTK,TATACHEM,27-Aug-2020,380,CE,0,0,0,13.7,1,0,0,0,0,06-JUL-2020,
OPTSTK,TATACHEM,27-Aug-2020,185,PE,0,0,0,1.2,0.05,0,0,0,0,06-JUL-2020,
OPTSTK,TATACHEM,27-Aug-2020,190,PE,0,0,0,1.5,0.05,0,0,0,0,06-JUL-2020,
OPTSTK,TATACHEM,27-Aug-2020,195,PE,0,0,0,1.85,0.05,0,0,0,0,06-JUL-2020,
OPTSTK,TATACHEM,27-Aug-2020,200,PE,0,0,0,2.25,0.05,0,0,0,0,06-JUL-2020,
OPTSTK,TATACHEM,27-Aug-2020,205,PE,0,0,0,2.75,0.05,0,0,0,0,06-JUL-2020,
OPTSTK,TATACHEM,27-Aug-2020,210,PE,0,0,0,3.35,0.05,0,0,0,0,06-JUL-2020,
OPTSTK,TATACHEM,27-Aug-2020,215,PE,0,0,0,4,0.05,0,0,0,0,06-JUL-2020,
OPTSTK,TATACHEM,27-Aug-2020,220,PE,0,0,0,4.75,0.05,0,0,0,0,06-JUL-2020,
OPTSTK,TATACHEM,27-Aug-2020,225,PE,0,0,0,5.55,0.05,0,0,0,0,06-JUL-2020,
OPTSTK,TATACHEM,27-Aug-2020,230,PE,0,0,0,6.5,0.1,0,0,0,0,06-JUL-2020,
OPTSTK,TATACHEM,27-Aug-2020,235,PE,0,0,0,7.55,0.15,0,0,0,0,06-JUL-2020,
OPTSTK,TATACHEM,27-Aug-2020,240,PE,0,0,0,8.7,0.2,0,0,0,0,06-JUL-2020,
OPTSTK,TATACHEM,27-Aug-2020,245,PE,0,0,0,9.95,0.35,0,0,0,0,06-JUL-2020,
OPTSTK,TATACHEM,27-Aug-2020,250,PE,0,0,0,11.3,0.5,0,0,0,0,06-JUL-2020,
OPTSTK,TATACHEM,27-Aug-2020,255,PE,0,0,0,12.75,0.8,0,0,0,0,06-JUL-2020,
OPTSTK,TATACHEM,27-Aug-2020,260,PE,0,0,0,14.35,1.15,0,0,0,0,06-JUL-2020,
OPTSTK,TATACHEM,27-Aug-2020,265,PE,0,0,0,16.05,1.6,0,0,0,0,06-JUL-2020,
OPTSTK,TATACHEM,27-Aug-2020,270,PE,0,0,0,17.85,2.2,0,0,0,0,06-JUL-2020,
OPTSTK,TATACHEM,27-Aug-2020,275,PE,0,0,0,19.8,2.95,0,0,0,0,06-JUL-2020,
OPTSTK,TATACHEM,27-Aug-2020,280,PE,0,0,0,21.9,3.9,0,0,0,0,06-JUL-2020,
OPTSTK,TATACHEM,27-Aug-2020,285,PE,0,0,0,24.05,5.05,0,0,0,0,06-JUL-2020,
OPTSTK,TATACHEM,27-Aug-2020,290,PE,0,0,0,26.35,6.45,0,0,0,0,06-JUL-2020,
OPTSTK,TATACHEM,27-Aug-2020,295,PE,0,0,0,28.8,8.05,0,0,0,0,06-JUL-2020,
OPTSTK,TATACHEM,27-Aug-2020,300,PE,0,0,0,31.3,9.95,0,0,0,0,06-JUL-2020,
OPTSTK,TATACHEM,27-Aug-2020,305,PE,0,0,0,33.95,12.05,0,0,0,0,06-JUL-2020,
OPTSTK,TATACHEM,27-Aug-2020,310,PE,0,0,0,36.7,14.45,0,0,0,0,06-JUL-2020,
OPTSTK,TATACHEM,27-Aug-2020,315,PE,0,0,0,39.55,17.1,0,0,0,0,06-JUL-2020,
OPTSTK,TATACHEM,27-Aug-2020,320,PE,0,0,0,42.5,20,0,0,0,0,06-JUL-2020,
OPTSTK,TATACHEM,27-Aug-2020,325,PE,0,0,0,45.6,23.15,0,0,0,0,06-JUL-2020,
OPTSTK,TATACHEM,27-Aug-2020,330,PE,0,0,0,48.75,26.5,0,0,0,0,06-JUL-2020,
OPTSTK,TATACHEM,27-Aug-2020,335,PE,0,0,0,52,30.05,0,0,0,0,06-JUL-2020,
OPTSTK,TATACHEM,27-Aug-2020,340,PE,0,0,0,55.35,33.85,0,0,0,0,06-JUL-2020,
OPTSTK,TATACHEM,27-Aug-2020,345,PE,0,0,0,58.75,37.75,0,0,0,0,06-JUL-2020,
OPTSTK,TATACHEM,27-Aug-2020,350,PE,0,0,0,62.3,41.85,0,0,0,0,06-JUL-2020,
OPTSTK,TATACHEM,27-Aug-2020,355,PE,0,0,0,65.9,46.1,0,0,0,0,06-JUL-2020,
OPTSTK,TATACHEM,27-Aug-2020,360,PE,0,0,0,69.6,50.45,0,0,0,0,06-JUL-2020,
OPTSTK,TATACHEM,27-Aug-2020,365,PE,0,0,0,73.35,54.95,0,0,0,0,06-JUL-2020,
OPTSTK,TATACHEM,27-Aug-2020,370,PE,0,0,0,77.15,59.5,0,0,0,0,06-JUL-2020,
OPTSTK,TATACHEM,27-Aug-2020,375,PE,0,0,0,81.05,64.1,0,0,0,0,06-JUL-2020,
OPTSTK,TATACHEM,27-Aug-2020,380,PE,0,0,0,85,68.8,0,0,0,0,06-JUL-2020,
OPTSTK,TATACHEM,24-Sep-2020,195,CE,0,0,0,124.9,116.7,0,0,0,0,06-JUL-2020,
OPTSTK,TATACHEM,24-Sep-2020,200,CE,0,0,0,120.05,111.8,0,0,0,0,06-JUL-2020,
OPTSTK,TATACHEM,24-Sep-2020,205,CE,0,0,0,115.3,106.85,0,0,0,0,06-JUL-2020,
OPTSTK,TATACHEM,24-Sep-2020,210,CE,0,0,0,110.5,101.9,0,0,0,0,06-JUL-2020,
OPTSTK,TATACHEM,24-Sep-2020,215,CE,0,0,0,105.8,97,0,0,0,0,06-JUL-2020,
OPTSTK,TATACHEM,24-Sep-2020,220,CE,0,0,0,101.15,92.1,0,0,0,0,06-JUL-2020,
OPTSTK,TATACHEM,24-Sep-2020,225,CE,0,0,0,96.55,87.2,0,0,0,0,06-JUL-2020,
OPTSTK,TATACHEM,24-Sep-2020,230,CE,0,0,0,92.05,82.4,0,0,0,0,06-JUL-2020,
OPTSTK,TATACHEM,24-Sep-2020,235,CE,0,0,0,87.6,77.6,0,0,0,0,06-JUL-2020,
OPTSTK,TATACHEM,24-Sep-2020,240,CE,0,0,0,83.25,72.85,0,0,0,0,06-JUL-2020,
OPTSTK,TATACHEM,24-Sep-2020,245,CE,0,0,0,78.95,68.2,0,0,0,0,06-JUL-2020,
OPTSTK,TATACHEM,24-Sep-2020,250,CE,0,0,0,74.8,63.6,0,0,0,0,06-JUL-2020,
OPTSTK,TATACHEM,24-Sep-2020,255,CE,0,0,0,70.75,59.15,0,0,0,0,06-JUL-2020,
OPTSTK,TATACHEM,24-Sep-2020,260,CE,0,0,0,66.8,54.75,0,0,0,0,06-JUL-2020,
OPTSTK,TATACHEM,24-Sep-2020,265,CE,0,0,0,62.95,50.5,0,0,0,0,06-JUL-2020,
OPTSTK,TATACHEM,24-Sep-2020,270,CE,0,0,0,59.25,46.45,0,0,0,0,06-JUL-2020,
OPTSTK,TATACHEM,24-Sep-2020,275,CE,0,0,0,55.65,42.5,0,0,0,0,06-JUL-2020,
OPTSTK,TATACHEM,24-Sep-2020,280,CE,0,0,0,52.2,38.75,0,0,0,0,06-JUL-2020,
OPTSTK,TATACHEM,24-Sep-2020,285,CE,0,0,0,48.9,35.2,0,0,0,0,06-JUL-2020,
OPTSTK,TATACHEM,24-Sep-2020,290,CE,0,0,0,45.75,31.8,0,0,0,0,06-JUL-2020,
OPTSTK,TATACHEM,24-Sep-2020,295,CE,0,0,0,42.7,28.65,0,0,0,0,06-JUL-2020,
OPTSTK,TATACHEM,24-Sep-2020,300,CE,0,0,0,39.8,25.7,0,0,0,0,06-JUL-2020,
OPTSTK,TATACHEM,24-Sep-2020,305,CE,0,0,0,37.05,22.95,0,0,0,0,06-JUL-2020,
OPTSTK,TATACHEM,24-Sep-2020,310,CE,0,0,0,34.45,20.4,0,0,0,0,06-JUL-2020,
OPTSTK,TATACHEM,24-Sep-2020,315,CE,0,0,0,31.95,18.05,0,0,0,0,06-JUL-2020,
OPTSTK,TATACHEM,24-Sep-2020,320,CE,0,0,0,29.65,15.9,0,0,0,0,06-JUL-2020,
OPTSTK,TATACHEM,24-Sep-2020,325,CE,0,0,0,27.45,14,0,0,0,0,06-JUL-2020,
OPTSTK,TATACHEM,24-Sep-2020,330,CE,0,0,0,25.35,12.2,0,0,0,0,06-JUL-2020,
OPTSTK,TATACHEM,24-Sep-2020,335,CE,0,0,0,23.4,10.65,0,0,0,0,06-JUL-2020,
OPTSTK,TATACHEM,24-Sep-2020,340,CE,0,0,0,21.55,9.25,0,0,0,0,06-JUL-2020,
OPTSTK,TATACHEM,24-Sep-2020,345,CE,0,0,0,19.85,8,0,0,0,0,06-JUL-2020,
OPTSTK,TATACHEM,24-Sep-2020,350,CE,0,0,0,18.25,6.85,0,0,0,0,06-JUL-2020,
OPTSTK,TATACHEM,24-Sep-2020,355,CE,0,0,0,16.8,5.9,0,0,0,0,06-JUL-2020,
OPTSTK,TATACHEM,24-Sep-2020,360,CE,0,0,0,15.4,5.05,0,0,0,0,06-JUL-2020,
OPTSTK,TATACHEM,24-Sep-2020,365,CE,0,0,0,14.1,4.3,0,0,0,0,06-JUL-2020,
OPTSTK,TATACHEM,24-Sep-2020,370,CE,0,0,0,12.95,3.65,0,0,0,0,06-JUL-2020,
OPTSTK,TATACHEM,24-Sep-2020,375,CE,0,0,0,11.8,3.1,0,0,0,0,06-JUL-2020,
OPTSTK,TATACHEM,24-Sep-2020,380,CE,0,0,0,10.8,2.6,0,0,0,0,06-JUL-2020,
OPTSTK,TATACHEM,24-Sep-2020,195,PE,0,0,0,0.35,0.05,0,0,0,0,06-JUL-2020,
OPTSTK,TATACHEM,24-Sep-2020,200,PE,0,0,0,0.45,0.05,0,0,0,0,06-JUL-2020,
OPTSTK,TATACHEM,24-Sep-2020,205,PE,0,0,0,0.6,0.05,0,0,0,0,06-JUL-2020,
OPTSTK,TATACHEM,24-Sep-2020,210,PE,0,0,0,0.8,0.05,0,0,0,0,06-JUL-2020,
OPTSTK,TATACHEM,24-Sep-2020,215,PE,0,0,0,1,0.1,0,0,0,0,06-JUL-2020,
OPTSTK,TATACHEM,24-Sep-2020,220,PE,0,0,0,1.3,0.15,0,0,0,0,06-JUL-2020,
OPTSTK,TATACHEM,24-Sep-2020,225,PE,0,0,0,1.65,0.25,0,0,0,0,06-JUL-2020,
OPTSTK,TATACHEM,24-Sep-2020,230,PE,0,0,0,2.1,0.35,0,0,0,0,06-JUL-2020,
OPTSTK,TATACHEM,24-Sep-2020,235,PE,0,0,0,2.55,0.5,0,0,0,0,06-JUL-2020,
OPTSTK,TATACHEM,24-Sep-2020,240,PE,0,0,0,3.15,0.75,0,0,0,0,06-JUL-2020,
OPTSTK,TATACHEM,24-Sep-2020,245,PE,0,0,0,3.8,1,0,0,0,0,06-JUL-2020,
OPTSTK,TATACHEM,24-Sep-2020,250,PE,0,0,0,4.6,1.4,0,0,0,0,06-JUL-2020,
OPTSTK,TATACHEM,24-Sep-2020,255,PE,0,0,0,5.45,1.85,0,0,0,0,06-JUL-2020,
OPTSTK,TATACHEM,24-Sep-2020,260,PE,0,0,0,6.45,2.45,0,0,0,0,06-JUL-2020,
OPTSTK,TATACHEM,24-Sep-2020,265,PE,0,0,0,7.55,3.15,0,0,0,0,06-JUL-2020,
OPTSTK,TATACHEM,24-Sep-2020,270,PE,0,0,0,8.8,4.05,0,0,0,0,06-JUL-2020,
OPTSTK,TATACHEM,24-Sep-2020,275,PE,0,0,0,10.2,5.05,0,0,0,0,06-JUL-2020,
OPTSTK,TATACHEM,24-Sep-2020,280,PE,0,0,0,11.65,6.25,0,0,0,0,06-JUL-2020,
OPTSTK,TATACHEM,24-Sep-2020,285,PE,0,0,0,13.3,7.65,0,0,0,0,06-JUL-2020,
OPTSTK,TATACHEM,24-Sep-2020,290,PE,0,0,0,15.05,9.25,0,0,0,0,06-JUL-2020,
OPTSTK,TATACHEM,24-Sep-2020,295,PE,0,0,0,16.95,11,0,0,0,0,06-JUL-2020,
OPTSTK,TATACHEM,24-Sep-2020,300,PE,0,0,0,19,13,0,0,0,0,06-JUL-2020,
OPTSTK,TATACHEM,24-Sep-2020,305,PE,0,0,0,21.2,15.2,0,0,0,0,06-JUL-2020,
OPTSTK,TATACHEM,24-Sep-2020,310,PE,0,0,0,23.55,17.6,0,0,0,0,06-JUL-2020,
OPTSTK,TATACHEM,24-Sep-2020,315,PE,0,0,0,26,20.25,0,0,0,0,06-JUL-2020,
OPTSTK,TATACHEM,24-Sep-2020,320,PE,0,0,0,28.6,23.05,0,0,0,0,06-JUL-2020,
OPTSTK,TATACHEM,24-Sep-2020,325,PE,0,0,0,31.35,26.05,0,0,0,0,06-JUL-2020,
OPTSTK,TATACHEM,24-Sep-2020,330,PE,0,0,0,34.2,29.25,0,0,0,0,06-JUL-2020,
OPTSTK,TATACHEM,24-Sep-2020,335,PE,0,0,0,37.2,32.65,0,0,0,0,06-JUL-2020,
OPTSTK,TATACHEM,24-Sep-2020,340,PE,0,0,0,40.35,36.2,0,0,0,0,06-JUL-2020,
OPTSTK,TATACHEM,24-Sep-2020,345,PE,0,0,0,43.55,39.9,0,0,0,0,06-JUL-2020,
OPTSTK,TATACHEM,24-Sep-2020,350,PE,0,0,0,46.9,43.75,0,0,0,0,06-JUL-2020,
OPTSTK,TATACHEM,24-Sep-2020,355,PE,0,0,0,50.35,47.7,0,0,0,0,06-JUL-2020,
OPTSTK,TATACHEM,24-Sep-2020,360,PE,0,0,0,53.9,51.8,0,0,0,0,06-JUL-2020,
OPTSTK,TATACHEM,24-Sep-2020,365,PE,0,0,0,57.6,56,0,0,0,0,06-JUL-2020,
OPTSTK,TATACHEM,24-Sep-2020,370,PE,0,0,0,61.35,60.3,0,0,0,0,06-JUL-2020,
OPTSTK,TATACHEM,24-Sep-2020,375,PE,0,0,0,65.15,64.7,0,0,0,0,06-JUL-2020,
OPTSTK,TATACHEM,24-Sep-2020,380,PE,0,0,0,69.1,69.15,0,0,0,0,06-JUL-2020,
OPTSTK,TATACONSUM,30-Jul-2020,210,CE,0,0,0,149.5,196.3,0,0,0,0,06-JUL-2020,
OPTSTK,TATACONSUM,30-Jul-2020,220,CE,0,0,0,141.15,186.3,0,0,0,0,06-JUL-2020,
OPTSTK,TATACONSUM,30-Jul-2020,230,CE,0,0,0,133.05,176.35,0,0,0,0,06-JUL-2020,
OPTSTK,TATACONSUM,30-Jul-2020,240,CE,0,0,0,125.3,166.35,0,0,0,0,06-JUL-2020,
OPTSTK,TATACONSUM,30-Jul-2020,250,CE,0,0,0,117.8,156.4,0,0,0,0,06-JUL-2020,
OPTSTK,TATACONSUM,30-Jul-2020,260,CE,0,0,0,110.6,146.45,0,0,0,0,06-JUL-2020,
OPTSTK,TATACONSUM,30-Jul-2020,270,CE,0,0,0,103.75,136.45,0,0,0,0,06-JUL-2020,
OPTSTK,TATACONSUM,30-Jul-2020,280,CE,0,0,0,97.2,126.5,0,0,0,0,06-JUL-2020,
OPTSTK,TATACONSUM,30-Jul-2020,290,CE,0,0,0,90.95,116.5,0,0,0,0,06-JUL-2020,
OPTSTK,TATACONSUM,30-Jul-2020,300,CE,0,0,0,84,106.55,0,0,2700,0,06-JUL-2020,
OPTSTK,TATACONSUM,30-Jul-2020,310,CE,0,0,0,79.4,96.65,0,0,0,0,06-JUL-2020,
OPTSTK,TATACONSUM,30-Jul-2020,320,CE,0,0,0,74.1,86.75,0,0,0,0,06-JUL-2020,
OPTSTK,TATACONSUM,30-Jul-2020,330,CE,0,0,0,69.1,77,0,0,0,0,06-JUL-2020,
OPTSTK,TATACONSUM,30-Jul-2020,340,CE,0,0,0,47.95,67.45,0,0,32400,0,06-JUL-2020,
OPTSTK,TATACONSUM,30-Jul-2020,350,CE,52.6,52.65,52.6,52.65,58.2,5,54.35,18900,8100,06-JUL-2020,
OPTSTK,TATACONSUM,30-Jul-2020,360,CE,43.45,50.35,43.45,50.35,49.35,5,54.73,35100,8100,06-JUL-2020,
OPTSTK,TATACONSUM,30-Jul-2020,370,CE,35.05,35.05,35.05,35.05,41.05,1,10.93,8100,2700,06-JUL-2020,
OPTSTK,TATACONSUM,30-Jul-2020,380,CE,27,32.75,26.9,32.75,33.5,32,352.64,105300,5400,06-JUL-2020,
OPTSTK,TATACONSUM,30-Jul-2020,390,CE,19.75,26.3,19.75,23.75,26.75,47,523.53,78300,-24300,06-JUL-2020,
OPTSTK,TATACONSUM,30-Jul-2020,400,CE,14.6,19.45,13.95,17.95,17.95,369,4149.36,453600,-70200,06-JUL-2020,
OPTSTK,TATACONSUM,30-Jul-2020,410,CE,9.75,14.35,9.5,13.2,13.2,390,4444.12,774900,59400,06-JUL-2020,
OPTSTK,TATACONSUM,30-Jul-2020,420,CE,6.9,10.25,6.25,9.45,9.45,740,8571.41,818100,440100,06-JUL-2020,
OPTSTK,TATACONSUM,30-Jul-2020,430,CE,5.45,6.95,4.35,6.45,6.45,199,2340.73,213300,59400,06-JUL-2020,
OPTSTK,TATACONSUM,30-Jul-2020,440,CE,3,4.65,2.75,4.3,4.3,164,1965.03,189000,16200,06-JUL-2020,
OPTSTK,TATACONSUM,30-Jul-2020,450,CE,1.8,3.05,1.65,2.85,2.85,314,3834.62,326700,-29700,06-JUL-2020,
OPTSTK,TATACONSUM,30-Jul-2020,460,CE,1.3,2.2,1.1,2,2,16,199.44,89100,8100,06-JUL-2020,
OPTSTK,TATACONSUM,30-Jul-2020,470,CE,0.9,1.4,0.8,1.35,1.35,40,508.87,83700,59400,06-JUL-2020,
OPTSTK,TATACONSUM,30-Jul-2020,480,CE,0.85,1.05,0.8,0.95,0.95,10,129.84,24300,24300,06-JUL-2020,
OPTSTK,TATACONSUM,30-Jul-2020,210,PE,0,0,0,5.25,0.05,0,0,0,0,06-JUL-2020,
OPTSTK,TATACONSUM,30-Jul-2020,220,PE,0,0,0,6.75,0.05,0,0,0,0,06-JUL-2020,
OPTSTK,TATACONSUM,30-Jul-2020,230,PE,0,0,0,8.55,0.05,0,0,0,0,06-JUL-2020,
OPTSTK,TATACONSUM,30-Jul-2020,240,PE,0,0,0,10.65,0.05,0,0,0,0,06-JUL-2020,
OPTSTK,TATACONSUM,30-Jul-2020,250,PE,0,0,0,13.05,0.05,0,0,0,0,06-JUL-2020,
OPTSTK,TATACONSUM,30-Jul-2020,260,PE,0,0,0,15.7,0.05,0,0,0,0,06-JUL-2020,
OPTSTK,TATACONSUM,30-Jul-2020,270,PE,0,0,0,18.7,0.05,0,0,0,0,06-JUL-2020,
OPTSTK,TATACONSUM,30-Jul-2020,280,PE,0,0,0,22.05,0.05,0,0,0,0,06-JUL-2020,
OPTSTK,TATACONSUM,30-Jul-2020,290,PE,0,0,0,25.7,0.05,0,0,0,0,06-JUL-2020,
OPTSTK,TATACONSUM,30-Jul-2020,300,PE,3,3,0.2,0.5,0.05,4,32.52,97200,5400,06-JUL-2020,
OPTSTK,TATACONSUM,30-Jul-2020,310,PE,0,0,0,33.9,0.05,0,0,0,0,06-JUL-2020,
OPTSTK,TATACONSUM,30-Jul-2020,320,PE,0.45,0.45,0.45,0.45,0.2,1,8.65,10800,2700,06-JUL-2020,
OPTSTK,TATACONSUM,30-Jul-2020,330,PE,0.5,0.5,0.5,0.5,0.4,1,8.92,37800,-2700,06-JUL-2020,
OPTSTK,TATACONSUM,30-Jul-2020,340,PE,0.75,0.75,0.5,0.5,0.8,23,211.5,132300,-18900,06-JUL-2020,
OPTSTK,TATACONSUM,30-Jul-2020,350,PE,1.25,1.25,0.8,0.85,0.85,30,284.31,207900,18900,06-JUL-2020,
OPTSTK,TATACONSUM,30-Jul-2020,360,PE,2.25,2.25,1.3,1.35,1.35,40,390.58,105300,-2700,06-JUL-2020,
OPTSTK,TATACONSUM,30-Jul-2020,370,PE,4,4,2.3,2.55,2.55,78,785.12,162000,32400,06-JUL-2020,
OPTSTK,TATACONSUM,30-Jul-2020,380,PE,6.4,6.4,4,4.1,4.1,128,1329.26,218700,78300,06-JUL-2020,
OPTSTK,TATACONSUM,30-Jul-2020,390,PE,9.55,9.55,6.45,6.95,6.95,150,1609.43,113400,37800,06-JUL-2020,
OPTSTK,TATACONSUM,30-Jul-2020,400,PE,13.55,13.55,9.7,10.4,10.4,97,1076.45,97200,56700,06-JUL-2020,
OPTSTK,TATACONSUM,30-Jul-2020,410,PE,19,19,14.55,15.4,15.4,27,310.47,27000,13500,06-JUL-2020,
OPTSTK,TATACONSUM,30-Jul-2020,420,PE,25.65,25.65,23.4,23.4,25.05,4,48.01,8100,8100,06-JUL-2020,
OPTSTK,TATACONSUM,30-Jul-2020,430,PE,33.3,33.3,33.1,33.1,31.8,6,75.03,16200,16200,06-JUL-2020,
OPTSTK,TATACONSUM,30-Jul-2020,440,PE,41.55,41.55,41.55,41.55,39.3,2,26,5400,5400,06-JUL-2020,
OPTSTK,TATACONSUM,30-Jul-2020,450,PE,50.5,50.5,50.5,50.5,47.35,1,13.51,2700,-2700,06-JUL-2020,
OPTSTK,TATACONSUM,30-Jul-2020,460,PE,0,0,0,129.15,55.95,0,0,0,0,06-JUL-2020,
OPTSTK,TATACONSUM,30-Jul-2020,470,PE,0,0,0,137.05,64.95,0,0,0,0,06-JUL-2020,
OPTSTK,TATACONSUM,30-Jul-2020,480,PE,0,0,0,145.15,74.25,0,0,0,0,06-JUL-2020,
OPTSTK,TATACONSUM,27-Aug-2020,230,CE,0,0,0,145.5,177.1,0,0,0,0,06-JUL-2020,
OPTSTK,TATACONSUM,27-Aug-2020,240,CE,0,0,0,136.35,167.15,0,0,0,0,06-JUL-2020,
OPTSTK,TATACONSUM,27-Aug-2020,250,CE,0,0,0,127.35,157.2,0,0,0,0,06-JUL-2020,
OPTSTK,TATACONSUM,27-Aug-2020,260,CE,0,0,0,118.65,147.3,0,0,0,0,06-JUL-2020,
OPTSTK,TATACONSUM,27-Aug-2020,270,CE,0,0,0,110.2,137.4,0,0,0,0,06-JUL-2020,
OPTSTK,TATACONSUM,27-Aug-2020,280,CE,0,0,0,102.05,127.55,0,0,0,0,06-JUL-2020,
OPTSTK,TATACONSUM,27-Aug-2020,290,CE,0,0,0,94.25,117.75,0,0,0,0,06-JUL-2020,
OPTSTK,TATACONSUM,27-Aug-2020,300,CE,0,0,0,86.8,108.05,0,0,0,0,06-JUL-2020,
OPTSTK,TATACONSUM,27-Aug-2020,310,CE,0,0,0,79.7,98.5,0,0,0,0,06-JUL-2020,
OPTSTK,TATACONSUM,27-Aug-2020,320,CE,0,0,0,73,89.2,0,0,0,0,06-JUL-2020,
OPTSTK,TATACONSUM,27-Aug-2020,330,CE,0,0,0,66.65,80.1,0,0,0,0,06-JUL-2020,
OPTSTK,TATACONSUM,27-Aug-2020,340,CE,0,0,0,60.75,71.4,0,0,0,0,06-JUL-2020,
OPTSTK,TATACONSUM,27-Aug-2020,350,CE,0,0,0,55.2,63.05,0,0,0,0,06-JUL-2020,
OPTSTK,TATACONSUM,27-Aug-2020,360,CE,0,0,0,50.05,55.25,0,0,0,0,06-JUL-2020,
OPTSTK,TATACONSUM,27-Aug-2020,370,CE,0,0,0,45.3,47.95,0,0,0,0,06-JUL-2020,
OPTSTK,TATACONSUM,27-Aug-2020,380,CE,0,0,0,40.9,41.25,0,0,0,0,06-JUL-2020,
OPTSTK,TATACONSUM,27-Aug-2020,390,CE,0,0,0,36.85,35.15,0,0,0,0,06-JUL-2020,
OPTSTK,TATACONSUM,27-Aug-2020,400,CE,25.4,25.4,25.4,25.4,29.65,1,11.48,2700,2700,06-JUL-2020,
OPTSTK,TATACONSUM,27-Aug-2020,410,CE,0,0,0,29.75,24.8,0,0,0,0,06-JUL-2020,
OPTSTK,TATACONSUM,27-Aug-2020,420,CE,0,0,0,26.65,20.55,0,0,0,0,06-JUL-2020,
OPTSTK,TATACONSUM,27-Aug-2020,430,CE,0,0,0,23.85,16.9,0,0,0,0,06-JUL-2020,
OPTSTK,TATACONSUM,27-Aug-2020,440,CE,0,0,0,21.35,13.75,0,0,0,0,06-JUL-2020,
OPTSTK,TATACONSUM,27-Aug-2020,450,CE,0,0,0,19.05,11.1,0,0,0,0,06-JUL-2020,
OPTSTK,TATACONSUM,27-Aug-2020,460,CE,0,0,0,16.95,8.9,0,0,0,0,06-JUL-2020,
OPTSTK,TATACONSUM,27-Aug-2020,470,CE,0,0,0,15.1,7.05,0,0,0,0,06-JUL-2020,
OPTSTK,TATACONSUM,27-Aug-2020,480,CE,0,0,0,13.4,5.55,0,0,0,0,06-JUL-2020,
OPTSTK,TATACONSUM,27-Aug-2020,230,PE,0,0,0,1.55,0.05,0,0,0,0,06-JUL-2020,
OPTSTK,TATACONSUM,27-Aug-2020,240,PE,0,0,0,2.25,0.05,0,0,0,0,06-JUL-2020,
OPTSTK,TATACONSUM,27-Aug-2020,250,PE,0,0,0,3.2,0.05,0,0,0,0,06-JUL-2020,
OPTSTK,TATACONSUM,27-Aug-2020,260,PE,0,0,0,4.35,0.05,0,0,0,0,06-JUL-2020,
OPTSTK,TATACONSUM,27-Aug-2020,270,PE,0,0,0,5.75,0.1,0,0,0,0,06-JUL-2020,
OPTSTK,TATACONSUM,27-Aug-2020,280,PE,0,0,0,7.5,0.15,0,0,0,0,06-JUL-2020,
OPTSTK,TATACONSUM,27-Aug-2020,290,PE,0,0,0,9.55,0.3,0,0,0,0,06-JUL-2020,
OPTSTK,TATACONSUM,27-Aug-2020,300,PE,0,0,0,12,0.55,0,0,0,0,06-JUL-2020,
OPTSTK,TATACONSUM,27-Aug-2020,310,PE,0,0,0,14.8,0.95,0,0,0,0,06-JUL-2020,
OPTSTK,TATACONSUM,27-Aug-2020,320,PE,0,0,0,17.95,1.55,0,0,0,0,06-JUL-2020,
OPTSTK,TATACONSUM,27-Aug-2020,330,PE,0,0,0,21.5,2.4,0,0,0,0,06-JUL-2020,
OPTSTK,TATACONSUM,27-Aug-2020,340,PE,0,0,0,25.45,3.65,0,0,0,0,06-JUL-2020,
OPTSTK,TATACONSUM,27-Aug-2020,350,PE,0,0,0,29.8,5.25,0,0,0,0,06-JUL-2020,
OPTSTK,TATACONSUM,27-Aug-2020,360,PE,0,0,0,34.55,7.35,0,0,0,0,06-JUL-2020,
OPTSTK,TATACONSUM,27-Aug-2020,370,PE,0,0,0,39.65,10,0,0,0,0,06-JUL-2020,
OPTSTK,TATACONSUM,27-Aug-2020,380,PE,0,0,0,45.15,13.25,0,0,0,0,06-JUL-2020,
OPTSTK,TATACONSUM,27-Aug-2020,390,PE,0,0,0,50.95,17.1,0,0,0,0,06-JUL-2020,
OPTSTK,TATACONSUM,27-Aug-2020,400,PE,0,0,0,57.15,21.55,0,0,0,0,06-JUL-2020,
OPTSTK,TATACONSUM,27-Aug-2020,410,PE,0,0,0,63.65,26.65,0,0,0,0,06-JUL-2020,
OPTSTK,TATACONSUM,27-Aug-2020,420,PE,0,0,0,70.4,32.35,0,0,0,0,06-JUL-2020,
OPTSTK,TATACONSUM,27-Aug-2020,430,PE,0,0,0,77.5,38.6,0,0,0,0,06-JUL-2020,
OPTSTK,TATACONSUM,27-Aug-2020,440,PE,0,0,0,84.85,45.4,0,0,0,0,06-JUL-2020,
OPTSTK,TATACONSUM,27-Aug-2020,450,PE,0,0,0,92.45,52.7,0,0,0,0,06-JUL-2020,
OPTSTK,TATACONSUM,27-Aug-2020,460,PE,0,0,0,100.25,60.4,0,0,0,0,06-JUL-2020,
OPTSTK,TATACONSUM,27-Aug-2020,470,PE,0,0,0,108.25,68.55,0,0,0,0,06-JUL-2020,
OPTSTK,TATACONSUM,27-Aug-2020,480,PE,0,0,0,116.45,76.95,0,0,0,0,06-JUL-2020,
OPTSTK,TATACONSUM,24-Sep-2020,230,CE,0,0,0,158.15,177.85,0,0,0,0,06-JUL-2020,
OPTSTK,TATACONSUM,24-Sep-2020,240,CE,0,0,0,148.9,168,0,0,0,0,06-JUL-2020,
OPTSTK,TATACONSUM,24-Sep-2020,250,CE,0,0,0,139.85,158.15,0,0,0,0,06-JUL-2020,
OPTSTK,TATACONSUM,24-Sep-2020,260,CE,0,0,0,131.05,148.35,0,0,0,0,06-JUL-2020,
OPTSTK,TATACONSUM,24-Sep-2020,270,CE,0,0,0,122.45,138.6,0,0,0,0,06-JUL-2020,
OPTSTK,TATACONSUM,24-Sep-2020,280,CE,0,0,0,114.15,128.95,0,0,0,0,06-JUL-2020,
OPTSTK,TATACONSUM,24-Sep-2020,290,CE,0,0,0,106.15,119.45,0,0,0,0,06-JUL-2020,
OPTSTK,TATACONSUM,24-Sep-2020,300,CE,0,0,0,98.45,110.15,0,0,0,0,06-JUL-2020,
OPTSTK,TATACONSUM,24-Sep-2020,310,CE,0,0,0,91.15,101.05,0,0,0,0,06-JUL-2020,
OPTSTK,TATACONSUM,24-Sep-2020,320,CE,0,0,0,84.15,92.2,0,0,0,0,06-JUL-2020,
OPTSTK,TATACONSUM,24-Sep-2020,330,CE,0,0,0,77.5,83.7,0,0,0,0,06-JUL-2020,
OPTSTK,TATACONSUM,24-Sep-2020,340,CE,0,0,0,71.2,75.55,0,0,0,0,06-JUL-2020,
OPTSTK,TATACONSUM,24-Sep-2020,350,CE,0,0,0,65.35,67.85,0,0,0,0,06-JUL-2020,
OPTSTK,TATACONSUM,24-Sep-2020,360,CE,0,0,0,59.8,60.55,0,0,0,0,06-JUL-2020,
OPTSTK,TATACONSUM,24-Sep-2020,370,CE,0,0,0,54.65,53.75,0,0,0,0,06-JUL-2020,
OPTSTK,TATACONSUM,24-Sep-2020,380,CE,0,0,0,49.8,47.45,0,0,0,0,06-JUL-2020,
OPTSTK,TATACONSUM,24-Sep-2020,390,CE,0,0,0,45.35,41.65,0,0,0,0,06-JUL-2020,
OPTSTK,TATACONSUM,24-Sep-2020,400,CE,0,0,0,41.2,36.35,0,0,0,0,06-JUL-2020,
OPTSTK,TATACONSUM,24-Sep-2020,410,CE,0,0,0,37.4,31.6,0,0,0,0,06-JUL-2020,
OPTSTK,TATACONSUM,24-Sep-2020,420,CE,0,0,0,33.9,27.3,0,0,0,0,06-JUL-2020,
OPTSTK,TATACONSUM,24-Sep-2020,430,CE,0,0,0,30.65,23.45,0,0,0,0,06-JUL-2020,
OPTSTK,TATACONSUM,24-Sep-2020,440,CE,0,0,0,27.7,20.05,0,0,0,0,06-JUL-2020,
OPTSTK,TATACONSUM,24-Sep-2020,450,CE,0,0,0,25,17.05,0,0,0,0,06-JUL-2020,
OPTSTK,TATACONSUM,24-Sep-2020,460,CE,0,0,0,22.55,14.45,0,0,0,0,06-JUL-2020,
OPTSTK,TATACONSUM,24-Sep-2020,470,CE,0,0,0,20.3,12.2,0,0,0,0,06-JUL-2020,
OPTSTK,TATACONSUM,24-Sep-2020,480,CE,0,0,0,18.25,10.25,0,0,0,0,06-JUL-2020,
OPTSTK,TATACONSUM,24-Sep-2020,230,PE,0,0,0,1.5,0.05,0,0,0,0,06-JUL-2020,
OPTSTK,TATACONSUM,24-Sep-2020,240,PE,0,0,0,2.15,0.05,0,0,0,0,06-JUL-2020,
OPTSTK,TATACONSUM,24-Sep-2020,250,PE,0,0,0,2.95,0.1,0,0,0,0,06-JUL-2020,
OPTSTK,TATACONSUM,24-Sep-2020,260,PE,0,0,0,4,0.25,0,0,0,0,06-JUL-2020,
OPTSTK,TATACONSUM,24-Sep-2020,270,PE,0,0,0,5.3,0.4,0,0,0,0,06-JUL-2020,
OPTSTK,TATACONSUM,24-Sep-2020,280,PE,0,0,0,6.9,0.65,0,0,0,0,06-JUL-2020,
OPTSTK,TATACONSUM,24-Sep-2020,290,PE,0,0,0,8.8,1.1,0,0,0,0,06-JUL-2020,
OPTSTK,TATACONSUM,24-Sep-2020,300,PE,0,0,0,11,1.65,0,0,0,0,06-JUL-2020,
OPTSTK,TATACONSUM,24-Sep-2020,310,PE,0,0,0,13.55,2.45,0,0,0,0,06-JUL-2020,
OPTSTK,TATACONSUM,24-Sep-2020,320,PE,0,0,0,16.4,3.55,0,0,0,0,06-JUL-2020,
OPTSTK,TATACONSUM,24-Sep-2020,330,PE,0,0,0,19.65,4.95,0,0,0,0,06-JUL-2020,
OPTSTK,TATACONSUM,24-Sep-2020,340,PE,0,0,0,23.3,6.7,0,0,0,0,06-JUL-2020,
OPTSTK,TATACONSUM,24-Sep-2020,350,PE,0,0,0,27.25,8.9,0,0,0,0,06-JUL-2020,
OPTSTK,TATACONSUM,24-Sep-2020,360,PE,0,0,0,31.6,11.5,0,0,0,0,06-JUL-2020,
OPTSTK,TATACONSUM,24-Sep-2020,370,PE,0,0,0,36.35,14.6,0,0,0,0,06-JUL-2020,
OPTSTK,TATACONSUM,24-Sep-2020,380,PE,0,0,0,41.4,18.25,0,0,0,0,06-JUL-2020,
OPTSTK,TATACONSUM,24-Sep-2020,390,PE,0,0,0,46.85,22.35,0,0,0,0,06-JUL-2020,
OPTSTK,TATACONSUM,24-Sep-2020,400,PE,0,0,0,52.6,26.95,0,0,0,0,06-JUL-2020,
OPTSTK,TATACONSUM,24-Sep-2020,410,PE,0,0,0,58.65,32.1,0,0,0,0,06-JUL-2020,
OPTSTK,TATACONSUM,24-Sep-2020,420,PE,0,0,0,65,37.7,0,0,0,0,06-JUL-2020,
OPTSTK,TATACONSUM,24-Sep-2020,430,PE,0,0,0,71.65,43.75,0,0,0,0,06-JUL-2020,
OPTSTK,TATACONSUM,24-Sep-2020,440,PE,0,0,0,78.6,50.25,0,0,0,0,06-JUL-2020,
OPTSTK,TATACONSUM,24-Sep-2020,450,PE,0,0,0,85.75,57.2,0,0,0,0,06-JUL-2020,
OPTSTK,TATACONSUM,24-Sep-2020,460,PE,0,0,0,93.2,64.5,0,0,0,0,06-JUL-2020,
OPTSTK,TATACONSUM,24-Sep-2020,470,PE,0,0,0,100.85,72.15,0,0,0,0,06-JUL-2020,
OPTSTK,TATACONSUM,24-Sep-2020,480,PE,0,0,0,108.7,80.1,0,0,0,0,06-JUL-2020,
OPTSTK,TATAMOTORS,30-Jul-2020,52.5,CE,0,0,0,44.5,56.65,0,0,0,0,06-JUL-2020,
OPTSTK,TATAMOTORS,30-Jul-2020,55,CE,0,0,0,42.6,54.15,0,0,0,0,06-JUL-2020,
OPTSTK,TATAMOTORS,30-Jul-2020,57.5,CE,0,0,0,40.8,51.65,0,0,0,0,06-JUL-2020,
OPTSTK,TATAMOTORS,30-Jul-2020,60,CE,0,0,0,39.05,49.15,0,0,0,0,06-JUL-2020,
OPTSTK,TATAMOTORS,30-Jul-2020,62.5,CE,0,0,0,37.4,46.7,0,0,0,0,06-JUL-2020,
OPTSTK,TATAMOTORS,30-Jul-2020,65,CE,0,0,0,35.75,44.2,0,0,0,0,06-JUL-2020,
OPTSTK,TATAMOTORS,30-Jul-2020,67.5,CE,0,0,0,34.2,41.7,0,0,0,0,06-JUL-2020,
OPTSTK,TATAMOTORS,30-Jul-2020,70,CE,0,0,0,32.7,39.2,0,0,0,0,06-JUL-2020,
OPTSTK,TATAMOTORS,30-Jul-2020,72.5,CE,0,0,0,31.25,36.7,0,0,0,0,06-JUL-2020,
OPTSTK,TATAMOTORS,30-Jul-2020,75,CE,0,0,0,29.9,34.25,0,0,0,0,06-JUL-2020,
OPTSTK,TATAMOTORS,30-Jul-2020,77.5,CE,0,0,0,28.55,31.8,0,0,0,0,06-JUL-2020,
OPTSTK,TATAMOTORS,30-Jul-2020,80,CE,0,0,0,19.65,29.35,0,0,22800,0,06-JUL-2020,
OPTSTK,TATAMOTORS,30-Jul-2020,82.5,CE,0,0,0,26.05,26.95,0,0,0,0,06-JUL-2020,
OPTSTK,TATAMOTORS,30-Jul-2020,85,CE,0,0,0,23.05,24.6,0,0,22800,0,06-JUL-2020,
OPTSTK,TATAMOTORS,30-Jul-2020,87.5,CE,0,0,0,17.45,22.3,0,0,5700,0,06-JUL-2020,
OPTSTK,TATAMOTORS,30-Jul-2020,90,CE,17.3,21.1,17,20.95,20.95,48,298.06,250800,11400,06-JUL-2020,
OPTSTK,TATAMOTORS,30-Jul-2020,92.5,CE,0,0,0,12.6,17.95,0,0,11400,0,06-JUL-2020,
OPTSTK,TATAMOTORS,30-Jul-2020,95,CE,13.7,16.8,13.25,16.6,16.6,23,144.56,171000,0,06-JUL-2020,
OPTSTK,TATAMOTORS,30-Jul-2020,97.5,CE,12.25,15,12.25,14.7,14.7,13,82.18,79800,-34200,06-JUL-2020,
OPTSTK,TATAMOTORS,30-Jul-2020,100,CE,10,13.2,9.55,12.75,12.75,458,2908.1,1596000,-347700,06-JUL-2020,
OPTSTK,TATAMOTORS,30-Jul-2020,102.5,CE,8.15,11.45,8.15,11,11,113,723.99,347700,-45600,06-JUL-2020,
OPTSTK,TATAMOTORS,30-Jul-2020,105,CE,7.85,9.9,7.1,9.55,9.55,976,6306.93,2416800,-473100,06-JUL-2020,
OPTSTK,TATAMOTORS,30-Jul-2020,107.5,CE,6.4,8.55,6.15,8.15,8.15,434,2839.09,661200,136800,06-JUL-2020,
OPTSTK,TATAMOTORS,30-Jul-2020,110,CE,5.5,7.25,5.15,6.95,6.95,2911,19296.72,4941900,-250800,06-JUL-2020,
OPTSTK,TATAMOTORS,30-Jul-2020,112.5,CE,4.75,6.2,4.45,5.9,5.9,233,1566.12,552900,79800,06-JUL-2020,
OPTSTK,TATAMOTORS,30-Jul-2020,115,CE,3.75,5.2,3.6,5,5,1156,7871.88,1892400,74100,06-JUL-2020,
OPTSTK,TATAMOTORS,30-Jul-2020,117.5,CE,3.15,4.4,3.05,4.2,4.2,93,642.93,313500,85500,06-JUL-2020,
OPTSTK,TATAMOTORS,30-Jul-2020,120,CE,2.5,3.65,2.5,3.5,3.5,1833,12860.65,4617000,-153900,06-JUL-2020,
OPTSTK,TATAMOTORS,30-Jul-2020,122.5,CE,2.35,3,2.15,2.9,2.9,51,363.5,165300,22800,06-JUL-2020,
OPTSTK,TATAMOTORS,30-Jul-2020,125,CE,1.8,2.5,1.75,2.4,2.4,463,3355.12,1869600,359100,06-JUL-2020,
OPTSTK,TATAMOTORS,30-Jul-2020,127.5,CE,1.5,2.05,1.5,2.05,2.05,20,147.34,273600,22800,06-JUL-2020,
OPTSTK,TATAMOTORS,30-Jul-2020,130,CE,1.3,1.75,1.2,1.65,1.65,1382,10353.61,3864600,324900,06-JUL-2020,
OPTSTK,TATAMOTORS,30-Jul-2020,132.5,CE,1,1.4,0.95,1.35,1.35,218,1660.99,1299600,102600,06-JUL-2020,
OPTSTK,TATAMOTORS,30-Jul-2020,52.5,PE,0.05,0.05,0.05,0.05,0.05,1,2.99,5700,5700,06-JUL-2020,
OPTSTK,TATAMOTORS,30-Jul-2020,55,PE,0,0,0,0.1,0.05,0,0,79800,0,06-JUL-2020,
OPTSTK,TATAMOTORS,30-Jul-2020,57.5,PE,0,0,0,4.35,0.05,0,0,0,0,06-JUL-2020,
OPTSTK,TATAMOTORS,30-Jul-2020,60,PE,0.1,0.1,0.1,0.1,0.05,12,41.1,507300,11400,06-JUL-2020,
OPTSTK,TATAMOTORS,30-Jul-2020,62.5,PE,0,0,0,0.7,0.05,0,0,11400,0,06-JUL-2020,
OPTSTK,TATAMOTORS,30-Jul-2020,65,PE,0,0,0,0.2,0.05,0,0,210900,0,06-JUL-2020,
OPTSTK,TATAMOTORS,30-Jul-2020,67.5,PE,0,0,0,0.2,0.05,0,0,22800,0,06-JUL-2020,
OPTSTK,TATAMOTORS,30-Jul-2020,70,PE,0.25,0.25,0.15,0.2,0.2,85,340.14,1932300,-68400,06-JUL-2020,
OPTSTK,TATAMOTORS,30-Jul-2020,72.5,PE,0,0,0,9.6,0.05,0,0,0,0,06-JUL-2020,
OPTSTK,TATAMOTORS,30-Jul-2020,75,PE,0.25,0.3,0.2,0.25,0.25,104,446.08,894900,-159600,06-JUL-2020,
OPTSTK,TATAMOTORS,30-Jul-2020,77.5,PE,0.35,0.45,0.35,0.45,0.1,2,8.88,51300,0,06-JUL-2020,
OPTSTK,TATAMOTORS,30-Jul-2020,80,PE,0.55,0.55,0.4,0.45,0.45,326,1495.34,1955100,17100,06-JUL-2020,
OPTSTK,TATAMOTORS,30-Jul-2020,82.5,PE,0.7,0.75,0.5,0.55,0.55,22,104.21,159600,-62700,06-JUL-2020,
OPTSTK,TATAMOTORS,30-Jul-2020,85,PE,0.95,0.95,0.65,0.7,0.7,459,2245.11,2758800,-79800,06-JUL-2020,
OPTSTK,TATAMOTORS,30-Jul-2020,87.5,PE,1.25,1.25,0.9,0.95,0.95,78,393.89,256500,-68400,06-JUL-2020,
OPTSTK,TATAMOTORS,30-Jul-2020,90,PE,1.55,1.75,1.1,1.2,1.2,881,4591.4,4297800,-28500,06-JUL-2020,
OPTSTK,TATAMOTORS,30-Jul-2020,92.5,PE,2.25,2.35,1.5,1.6,1.6,114,613.57,404700,34200,06-JUL-2020,
OPTSTK,TATAMOTORS,30-Jul-2020,95,PE,2.8,3.1,1.9,2.05,2.05,522,2901.13,1761300,108300,06-JUL-2020,
OPTSTK,TATAMOTORS,30-Jul-2020,97.5,PE,3.6,3.85,2.5,2.6,2.6,270,1547.41,929100,433200,06-JUL-2020,
OPTSTK,TATAMOTORS,30-Jul-2020,100,PE,4.6,4.9,3.15,3.35,3.35,1223,7252.29,2793000,216600,06-JUL-2020,
OPTSTK,TATAMOTORS,30-Jul-2020,102.5,PE,6,6.05,3.95,4.2,4.2,214,1310.1,450300,165300,06-JUL-2020,
OPTSTK,TATAMOTORS,30-Jul-2020,105,PE,7.1,7.35,4.8,5.05,5.05,802,5073.8,1402200,809400,06-JUL-2020,
OPTSTK,TATAMOTORS,30-Jul-2020,107.5,PE,8.35,8.6,6,6.25,6.25,185,1206.39,262200,108300,06-JUL-2020,
OPTSTK,TATAMOTORS,30-Jul-2020,110,PE,9.8,10.25,7.1,7.45,7.45,342,2304.42,1014600,438900,06-JUL-2020,
OPTSTK,TATAMOTORS,30-Jul-2020,112.5,PE,10,10,8.75,8.95,8.95,16,111.2,74100,68400,06-JUL-2020,
OPTSTK,TATAMOTORS,30-Jul-2020,115,PE,13,13,10.05,10.3,10.3,33,237.14,125400,11400,06-JUL-2020,
OPTSTK,TATAMOTORS,30-Jul-2020,117.5,PE,0,0,0,19.1,12,0,0,11400,0,06-JUL-2020,
OPTSTK,TATAMOTORS,30-Jul-2020,120,PE,15.9,15.9,13.9,14,14,13,99.94,136800,11400,06-JUL-2020,
OPTSTK,TATAMOTORS,30-Jul-2020,122.5,PE,0,0,0,40.3,15.7,0,0,0,0,06-JUL-2020,
OPTSTK,TATAMOTORS,30-Jul-2020,125,PE,0,0,0,22.9,17.7,0,0,34200,0,06-JUL-2020,
OPTSTK,TATAMOTORS,30-Jul-2020,127.5,PE,0,0,0,24.8,19.8,0,0,11400,0,06-JUL-2020,
OPTSTK,TATAMOTORS,30-Jul-2020,130,PE,0,0,0,26.95,21.95,0,0,51300,0,06-JUL-2020,
OPTSTK,TATAMOTORS,30-Jul-2020,132.5,PE,26.15,26.15,26.15,26.15,24.2,1,9.04,17100,0,06-JUL-2020,
OPTSTK,TATAMOTORS,27-Aug-2020,52.5,CE,0,0,0,36.6,56.8,0,0,0,0,06-JUL-2020,
OPTSTK,TATAMOTORS,27-Aug-2020,55,CE,0,0,0,34.55,54.35,0,0,0,0,06-JUL-2020,
OPTSTK,TATAMOTORS,27-Aug-2020,57.5,CE,0,0,0,32.55,51.85,0,0,0,0,06-JUL-2020,
OPTSTK,TATAMOTORS,27-Aug-2020,60,CE,0,0,0,30.65,49.4,0,0,0,0,06-JUL-2020,
OPTSTK,TATAMOTORS,27-Aug-2020,62.5,CE,0,0,0,28.8,46.95,0,0,0,0,06-JUL-2020,
OPTSTK,TATAMOTORS,27-Aug-2020,65,CE,0,0,0,27.05,44.5,0,0,0,0,06-JUL-2020,
OPTSTK,TATAMOTORS,27-Aug-2020,67.5,CE,0,0,0,25.35,42.05,0,0,0,0,06-JUL-2020,
OPTSTK,TATAMOTORS,27-Aug-2020,70,CE,0,0,0,23.75,39.65,0,0,0,0,06-JUL-2020,
OPTSTK,TATAMOTORS,27-Aug-2020,72.5,CE,0,0,0,22.25,37.25,0,0,0,0,06-JUL-2020,
OPTSTK,TATAMOTORS,27-Aug-2020,75,CE,0,0,0,20.8,34.9,0,0,0,0,06-JUL-2020,
OPTSTK,TATAMOTORS,27-Aug-2020,77.5,CE,0,0,0,19.4,32.6,0,0,0,0,06-JUL-2020,
OPTSTK,TATAMOTORS,27-Aug-2020,80,CE,0,0,0,18.1,30.4,0,0,0,0,06-JUL-2020,
OPTSTK,TATAMOTORS,27-Aug-2020,82.5,CE,0,0,0,16.9,28.2,0,0,0,0,06-JUL-2020,
OPTSTK,TATAMOTORS,27-Aug-2020,85,CE,0,0,0,15.75,26.1,0,0,0,0,06-JUL-2020,
OPTSTK,TATAMOTORS,27-Aug-2020,87.5,CE,0,0,0,14.65,24.05,0,0,0,0,06-JUL-2020,
OPTSTK,TATAMOTORS,27-Aug-2020,90,CE,0,0,0,13.65,22.1,0,0,0,0,06-JUL-2020,
OPTSTK,TATAMOTORS,27-Aug-2020,92.5,CE,0,0,0,12.7,20.25,0,0,0,0,06-JUL-2020,
OPTSTK,TATAMOTORS,27-Aug-2020,95,CE,0,0,0,13.45,18.5,0,0,5700,0,06-JUL-2020,
OPTSTK,TATAMOTORS,27-Aug-2020,97.5,CE,0,0,0,11,16.85,0,0,0,0,06-JUL-2020,
OPTSTK,TATAMOTORS,27-Aug-2020,100,CE,14.55,16.2,14.3,15.75,15.75,12,78.58,85500,0,06-JUL-2020,
OPTSTK,TATAMOTORS,27-Aug-2020,102.5,CE,12.85,13,12.85,13,13.8,10,65.75,96900,51300,06-JUL-2020,
OPTSTK,TATAMOTORS,27-Aug-2020,105,CE,10.6,12.9,10.6,12.9,12.45,12,79.91,193800,-5700,06-JUL-2020,
OPTSTK,TATAMOTORS,27-Aug-2020,107.5,CE,11,11,11,11,11.2,1,6.75,57000,5700,06-JUL-2020,
OPTSTK,TATAMOTORS,27-Aug-2020,110,CE,9.25,10.6,9.2,10.6,10.6,16,109.33,79800,28500,06-JUL-2020,
OPTSTK,TATAMOTORS,27-Aug-2020,112.5,CE,8,8,8,8,8.95,2,13.73,51300,5700,06-JUL-2020,
OPTSTK,TATAMOTORS,27-Aug-2020,115,CE,7.9,8.1,7.65,7.65,8,3,21.01,85500,0,06-JUL-2020,
OPTSTK,TATAMOTORS,27-Aug-2020,117.5,CE,0,0,0,6.1,7.1,0,0,148200,0,06-JUL-2020,
OPTSTK,TATAMOTORS,27-Aug-2020,120,CE,5.8,6.25,5.7,6.05,6.3,6,43.08,51300,17100,06-JUL-2020,
OPTSTK,TATAMOTORS,27-Aug-2020,122.5,CE,6.05,6.05,6,6,6,2,14.65,102600,5700,06-JUL-2020,
OPTSTK,TATAMOTORS,27-Aug-2020,125,CE,4.75,4.75,4.75,4.75,4.9,1,7.39,5700,5700,06-JUL-2020,
OPTSTK,TATAMOTORS,27-Aug-2020,127.5,CE,0,0,0,5.5,4.3,0,0,0,0,06-JUL-2020,
OPTSTK,TATAMOTORS,27-Aug-2020,130,CE,3.6,4.45,3.6,4.45,4.45,12,91.69,85500,45600,06-JUL-2020,
OPTSTK,TATAMOTORS,27-Aug-2020,132.5,CE,0,0,0,4.7,3.35,0,0,0,0,06-JUL-2020,
OPTSTK,TATAMOTORS,27-Aug-2020,52.5,PE,0,0,0,1.45,0.05,0,0,0,0,06-JUL-2020,
OPTSTK,TATAMOTORS,27-Aug-2020,55,PE,0,0,0,1.9,0.05,0,0,0,0,06-JUL-2020,
OPTSTK,TATAMOTORS,27-Aug-2020,57.5,PE,0,0,0,2.35,0.05,0,0,0,0,06-JUL-2020,
OPTSTK,TATAMOTORS,27-Aug-2020,60,PE,0,0,0,2.9,0.05,0,0,0,0,06-JUL-2020,
OPTSTK,TATAMOTORS,27-Aug-2020,62.5,PE,0,0,0,3.55,0.05,0,0,0,0,06-JUL-2020,
OPTSTK,TATAMOTORS,27-Aug-2020,65,PE,0,0,0,4.25,0.1,0,0,0,0,06-JUL-2020,
OPTSTK,TATAMOTORS,27-Aug-2020,67.5,PE,0,0,0,5.05,0.15,0,0,0,0,06-JUL-2020,
OPTSTK,TATAMOTORS,27-Aug-2020,70,PE,0,0,0,5.9,0.2,0,0,0,0,06-JUL-2020,
OPTSTK,TATAMOTORS,27-Aug-2020,72.5,PE,0,0,0,6.85,0.3,0,0,0,0,06-JUL-2020,
OPTSTK,TATAMOTORS,27-Aug-2020,75,PE,0,0,0,1.5,0.45,0,0,5700,0,06-JUL-2020,
OPTSTK,TATAMOTORS,27-Aug-2020,77.5,PE,0,0,0,8.95,0.65,0,0,0,0,06-JUL-2020,
OPTSTK,TATAMOTORS,27-Aug-2020,80,PE,0,0,0,2,0.9,0,0,5700,0,06-JUL-2020,
OPTSTK,TATAMOTORS,27-Aug-2020,82.5,PE,0,0,0,11.4,1.2,0,0,0,0,06-JUL-2020,
OPTSTK,TATAMOTORS,27-Aug-2020,85,PE,2.55,2.55,2.1,2.1,1.6,4,19.91,205200,0,06-JUL-2020,
OPTSTK,TATAMOTORS,27-Aug-2020,87.5,PE,0,0,0,4.45,2.05,0,0,51300,0,06-JUL-2020,
OPTSTK,TATAMOTORS,27-Aug-2020,90,PE,2.9,2.9,2.9,2.9,2.9,1,5.29,39900,0,06-JUL-2020,
OPTSTK,TATAMOTORS,27-Aug-2020,92.5,PE,0,0,0,6.3,3.2,0,0,28500,0,06-JUL-2020,
OPTSTK,TATAMOTORS,27-Aug-2020,95,PE,4.75,4.75,4.6,4.6,3.9,3,17.04,51300,17100,06-JUL-2020,
OPTSTK,TATAMOTORS,27-Aug-2020,97.5,PE,0,0,0,8.55,4.75,0,0,28500,0,06-JUL-2020,
OPTSTK,TATAMOTORS,27-Aug-2020,100,PE,7.65,7.65,6,6,6,15,91.43,250800,11400,06-JUL-2020,
OPTSTK,TATAMOTORS,27-Aug-2020,102.5,PE,0,0,0,11.1,6.7,0,0,5700,0,06-JUL-2020,
OPTSTK,TATAMOTORS,27-Aug-2020,105,PE,9.65,9.65,8.4,8.4,8.4,4,26.02,17100,11400,06-JUL-2020,
OPTSTK,TATAMOTORS,27-Aug-2020,107.5,PE,0,0,0,27.4,9.05,0,0,0,0,06-JUL-2020,
OPTSTK,TATAMOTORS,27-Aug-2020,110,PE,11.4,11.4,11.4,11.4,11.4,1,6.91,17100,5700,06-JUL-2020,
OPTSTK,TATAMOTORS,27-Aug-2020,112.5,PE,0,0,0,31.2,11.8,0,0,0,0,06-JUL-2020,
OPTSTK,TATAMOTORS,27-Aug-2020,115,PE,14.95,14.95,14.95,14.95,13.3,1,7.4,11400,0,06-JUL-2020,
OPTSTK,TATAMOTORS,27-Aug-2020,117.5,PE,0,0,0,35.15,14.9,0,0,0,0,06-JUL-2020,
OPTSTK,TATAMOTORS,27-Aug-2020,120,PE,0,0,0,20,16.55,0,0,11400,0,06-JUL-2020,
OPTSTK,TATAMOTORS,27-Aug-2020,122.5,PE,0,0,0,39.25,18.3,0,0,0,0,06-JUL-2020,
OPTSTK,TATAMOTORS,27-Aug-2020,125,PE,0,0,0,38.7,20.15,0,0,0,0,06-JUL-2020,
OPTSTK,TATAMOTORS,27-Aug-2020,127.5,PE,0,0,0,35.05,22.05,0,0,0,0,06-JUL-2020,
OPTSTK,TATAMOTORS,27-Aug-2020,130,PE,0,0,0,37.1,24,0,0,0,0,06-JUL-2020,
OPTSTK,TATAMOTORS,27-Aug-2020,132.5,PE,28.4,28.4,28.4,28.4,26.05,1,9.17,11400,5700,06-JUL-2020,
OPTSTK,TATAMOTORS,24-Sep-2020,65,CE,0,0,0,41.15,44.95,0,0,0,0,06-JUL-2020,
OPTSTK,TATAMOTORS,24-Sep-2020,67.5,CE,0,0,0,39.05,42.6,0,0,0,0,06-JUL-2020,
OPTSTK,TATAMOTORS,24-Sep-2020,70,CE,0,0,0,37,40.3,0,0,0,0,06-JUL-2020,
OPTSTK,TATAMOTORS,24-Sep-2020,72.5,CE,0,0,0,35.05,38.05,0,0,0,0,06-JUL-2020,
OPTSTK,TATAMOTORS,24-Sep-2020,75,CE,0,0,0,33.15,35.85,0,0,0,0,06-JUL-2020,
OPTSTK,TATAMOTORS,24-Sep-2020,77.5,CE,0,0,0,31.35,33.7,0,0,0,0,06-JUL-2020,
OPTSTK,TATAMOTORS,24-Sep-2020,80,CE,0,0,0,29.55,31.6,0,0,0,0,06-JUL-2020,
OPTSTK,TATAMOTORS,24-Sep-2020,82.5,CE,0,0,0,27.9,29.6,0,0,0,0,06-JUL-2020,
OPTSTK,TATAMOTORS,24-Sep-2020,85,CE,0,0,0,26.25,27.65,0,0,0,0,06-JUL-2020,
OPTSTK,TATAMOTORS,24-Sep-2020,87.5,CE,0,0,0,24.7,25.75,0,0,0,0,06-JUL-2020,
OPTSTK,TATAMOTORS,24-Sep-2020,90,CE,0,0,0,23.25,23.95,0,0,0,0,06-JUL-2020,
OPTSTK,TATAMOTORS,24-Sep-2020,92.5,CE,0,0,0,21.8,22.25,0,0,0,0,06-JUL-2020,
OPTSTK,TATAMOTORS,24-Sep-2020,95,CE,0,0,0,20.5,20.65,0,0,0,0,06-JUL-2020,
OPTSTK,TATAMOTORS,24-Sep-2020,97.5,CE,0,0,0,19.2,19.1,0,0,0,0,06-JUL-2020,
OPTSTK,TATAMOTORS,24-Sep-2020,100,CE,0,0,0,18,17.65,0,0,0,0,06-JUL-2020,
OPTSTK,TATAMOTORS,24-Sep-2020,102.5,CE,0,0,0,16.85,16.25,0,0,0,0,06-JUL-2020,
OPTSTK,TATAMOTORS,24-Sep-2020,105,CE,0,0,0,15.8,14.95,0,0,0,0,06-JUL-2020,
OPTSTK,TATAMOTORS,24-Sep-2020,107.5,CE,0,0,0,14.75,13.75,0,0,0,0,06-JUL-2020,
OPTSTK,TATAMOTORS,24-Sep-2020,110,CE,0,0,0,13.8,12.6,0,0,0,0,06-JUL-2020,
OPTSTK,TATAMOTORS,24-Sep-2020,112.5,CE,0,0,0,12.9,11.55,0,0,0,0,06-JUL-2020,
OPTSTK,TATAMOTORS,24-Sep-2020,115,CE,0,0,0,12.05,10.55,0,0,0,0,06-JUL-2020,
OPTSTK,TATAMOTORS,24-Sep-2020,117.5,CE,0,0,0,11.25,9.65,0,0,0,0,06-JUL-2020,
OPTSTK,TATAMOTORS,24-Sep-2020,120,CE,0,0,0,10.5,8.8,0,0,0,0,06-JUL-2020,
OPTSTK,TATAMOTORS,24-Sep-2020,122.5,CE,0,0,0,9.8,8.05,0,0,0,0,06-JUL-2020,
OPTSTK,TATAMOTORS,24-Sep-2020,125,CE,0,0,0,9.15,7.3,0,0,0,0,06-JUL-2020,
OPTSTK,TATAMOTORS,24-Sep-2020,127.5,CE,0,0,0,8.5,6.65,0,0,0,0,06-JUL-2020,
OPTSTK,TATAMOTORS,24-Sep-2020,130,CE,0,0,0,7.95,6.05,0,0,0,0,06-JUL-2020,
OPTSTK,TATAMOTORS,24-Sep-2020,132.5,CE,0,0,0,7.4,5.45,0,0,0,0,06-JUL-2020,
OPTSTK,TATAMOTORS,24-Sep-2020,65,PE,0,0,0,1.6,0.35,0,0,0,0,06-JUL-2020,
OPTSTK,TATAMOTORS,24-Sep-2020,67.5,PE,0,0,0,1.95,0.45,0,0,0,0,06-JUL-2020,
OPTSTK,TATAMOTORS,24-Sep-2020,70,PE,0,0,0,2.4,0.65,0,0,0,0,06-JUL-2020,
OPTSTK,TATAMOTORS,24-Sep-2020,72.5,PE,0,0,0,2.9,0.85,0,0,0,0,06-JUL-2020,
OPTSTK,TATAMOTORS,24-Sep-2020,75,PE,0,0,0,3.5,1.15,0,0,0,0,06-JUL-2020,
OPTSTK,TATAMOTORS,24-Sep-2020,77.5,PE,0,0,0,4.15,1.45,0,0,0,0,06-JUL-2020,
OPTSTK,TATAMOTORS,24-Sep-2020,80,PE,0,0,0,4.85,1.85,0,0,0,0,06-JUL-2020,
OPTSTK,TATAMOTORS,24-Sep-2020,82.5,PE,0,0,0,5.6,2.3,0,0,0,0,06-JUL-2020,
OPTSTK,TATAMOTORS,24-Sep-2020,85,PE,0,0,0,6.45,2.85,0,0,0,0,06-JUL-2020,
OPTSTK,TATAMOTORS,24-Sep-2020,87.5,PE,0,0,0,7.4,3.45,0,0,0,0,06-JUL-2020,
OPTSTK,TATAMOTORS,24-Sep-2020,90,PE,0,0,0,8.4,4.15,0,0,0,0,06-JUL-2020,
OPTSTK,TATAMOTORS,24-Sep-2020,92.5,PE,0,0,0,9.45,4.9,0,0,0,0,06-JUL-2020,
OPTSTK,TATAMOTORS,24-Sep-2020,95,PE,0,0,0,10.6,5.75,0,0,0,0,06-JUL-2020,
OPTSTK,TATAMOTORS,24-Sep-2020,97.5,PE,0,0,0,11.8,6.7,0,0,0,0,06-JUL-2020,
OPTSTK,TATAMOTORS,24-Sep-2020,100,PE,0,0,0,13.05,7.7,0,0,0,0,06-JUL-2020,
OPTSTK,TATAMOTORS,24-Sep-2020,102.5,PE,0,0,0,14.35,8.8,0,0,0,0,06-JUL-2020,
OPTSTK,TATAMOTORS,24-Sep-2020,105,PE,0,0,0,15.75,10,0,0,0,0,06-JUL-2020,
OPTSTK,TATAMOTORS,24-Sep-2020,107.5,PE,0,0,0,17.2,11.25,0,0,0,0,06-JUL-2020,
OPTSTK,TATAMOTORS,24-Sep-2020,110,PE,0,0,0,18.75,12.6,0,0,0,0,06-JUL-2020,
OPTSTK,TATAMOTORS,24-Sep-2020,112.5,PE,0,0,0,20.3,14,0,0,0,0,06-JUL-2020,
OPTSTK,TATAMOTORS,24-Sep-2020,115,PE,0,0,0,21.9,15.5,0,0,0,0,06-JUL-2020,
OPTSTK,TATAMOTORS,24-Sep-2020,117.5,PE,0,0,0,23.6,17.05,0,0,0,0,06-JUL-2020,
OPTSTK,TATAMOTORS,24-Sep-2020,120,PE,0,0,0,25.3,18.7,0,0,0,0,06-JUL-2020,
OPTSTK,TATAMOTORS,24-Sep-2020,122.5,PE,0,0,0,27.05,20.4,0,0,0,0,06-JUL-2020,
OPTSTK,TATAMOTORS,24-Sep-2020,125,PE,0,0,0,28.9,22.15,0,0,0,0,06-JUL-2020,
OPTSTK,TATAMOTORS,24-Sep-2020,127.5,PE,0,0,0,30.75,23.95,0,0,0,0,06-JUL-2020,
OPTSTK,TATAMOTORS,24-Sep-2020,130,PE,0,0,0,32.65,25.85,0,0,0,0,06-JUL-2020,
OPTSTK,TATAMOTORS,24-Sep-2020,132.5,PE,0,0,0,34.55,27.75,0,0,0,0,06-JUL-2020,
OPTSTK,TATAPOWER,30-Jul-2020,18,CE,0,0,0,14.15,32.4,0,0,0,0,06-JUL-2020,
OPTSTK,TATAPOWER,30-Jul-2020,19,CE,0,0,0,13.2,31.4,0,0,0,0,06-JUL-2020,
OPTSTK,TATAPOWER,30-Jul-2020,20,CE,0,0,0,12.35,30.4,0,0,0,0,06-JUL-2020,
OPTSTK,TATAPOWER,30-Jul-2020,21,CE,0,0,0,11.5,29.4,0,0,0,0,06-JUL-2020,
OPTSTK,TATAPOWER,30-Jul-2020,22,CE,0,0,0,10.7,28.4,0,0,0,0,06-JUL-2020,
OPTSTK,TATAPOWER,30-Jul-2020,23,CE,0,0,0,9.9,27.4,0,0,0,0,06-JUL-2020,
OPTSTK,TATAPOWER,30-Jul-2020,24,CE,0,0,0,9.15,26.4,0,0,0,0,06-JUL-2020,
OPTSTK,TATAPOWER,30-Jul-2020,25,CE,0,0,0,8.45,25.4,0,0,0,0,06-JUL-2020,
OPTSTK,TATAPOWER,30-Jul-2020,26,CE,0,0,0,7.75,24.4,0,0,0,0,06-JUL-2020,
OPTSTK,TATAPOWER,30-Jul-2020,27,CE,0,0,0,7.1,23.45,0,0,0,0,06-JUL-2020,
OPTSTK,TATAPOWER,30-Jul-2020,28,CE,0,0,0,6.55,22.45,0,0,0,0,06-JUL-2020,
OPTSTK,TATAPOWER,30-Jul-2020,29,CE,0,0,0,5.95,21.45,0,0,0,0,06-JUL-2020,
OPTSTK,TATAPOWER,30-Jul-2020,30,CE,0,0,0,9.2,20.45,0,0,0,0,06-JUL-2020,
OPTSTK,TATAPOWER,30-Jul-2020,31,CE,0,0,0,4.95,19.45,0,0,0,0,06-JUL-2020,
OPTSTK,TATAPOWER,30-Jul-2020,32,CE,0,0,0,4.55,18.45,0,0,0,0,06-JUL-2020,
OPTSTK,TATAPOWER,30-Jul-2020,33,CE,0,0,0,4.1,17.45,0,0,0,0,06-JUL-2020,
OPTSTK,TATAPOWER,30-Jul-2020,34,CE,0,0,0,3.75,16.45,0,0,0,0,06-JUL-2020,
OPTSTK,TATAPOWER,30-Jul-2020,35,CE,0,0,0,7.2,15.45,0,0,13500,0,06-JUL-2020,
OPTSTK,TATAPOWER,30-Jul-2020,36,CE,0,0,0,3.05,14.45,0,0,0,0,06-JUL-2020,
OPTSTK,TATAPOWER,30-Jul-2020,37,CE,0,0,0,7.05,13.45,0,0,27000,0,06-JUL-2020,
OPTSTK,TATAPOWER,30-Jul-2020,38,CE,0,0,0,2.5,12.45,0,0,0,0,06-JUL-2020,
OPTSTK,TATAPOWER,30-Jul-2020,39,CE,0,0,0,6,11.5,0,0,81000,0,06-JUL-2020,
OPTSTK,TATAPOWER,30-Jul-2020,40,CE,9.3,9.3,9.1,9.1,9.1,2,13.28,108000,0,06-JUL-2020,
OPTSTK,TATAPOWER,30-Jul-2020,41,CE,0,0,0,8.05,9.55,0,0,94500,0,06-JUL-2020,
OPTSTK,TATAPOWER,30-Jul-2020,42,CE,0,0,0,6.7,8.6,0,0,67500,0,06-JUL-2020,
OPTSTK,TATAPOWER,30-Jul-2020,43,CE,6.5,6.5,6.3,6.3,7.65,3,20.01,162000,-13500,06-JUL-2020,
OPTSTK,TATAPOWER,30-Jul-2020,44,CE,0,0,0,5.45,6.75,0,0,175500,0,06-JUL-2020,
OPTSTK,TATAPOWER,30-Jul-2020,45,CE,4.75,5.25,4.75,4.9,4.9,9,60.69,445500,-27000,06-JUL-2020,
OPTSTK,TATAPOWER,30-Jul-2020,46,CE,4.5,4.5,4.5,4.5,5.1,1,6.81,270000,0,06-JUL-2020,
OPTSTK,TATAPOWER,30-Jul-2020,47,CE,3.8,3.8,3.65,3.65,3.65,6,41.06,405000,-13500,06-JUL-2020,
OPTSTK,TATAPOWER,30-Jul-2020,48,CE,3.15,3.5,3.15,3.3,3.3,29,200.48,540000,-27000,06-JUL-2020,
OPTSTK,TATAPOWER,30-Jul-2020,49,CE,2.8,2.85,2.6,2.75,2.75,25,174.65,675000,67500,06-JUL-2020,
OPTSTK,TATAPOWER,30-Jul-2020,50,CE,2.45,2.45,2.15,2.3,2.3,190,1341.08,4522500,-229500,06-JUL-2020,
OPTSTK,TATAPOWER,30-Jul-2020,51,CE,1.95,2.15,1.8,1.95,1.95,59,421.44,837000,54000,06-JUL-2020,
OPTSTK,TATAPOWER,30-Jul-2020,52,CE,1.65,1.75,1.45,1.65,1.65,49,354.67,729000,-27000,06-JUL-2020,
OPTSTK,TATAPOWER,30-Jul-2020,53,CE,1.35,1.4,1.25,1.35,1.35,22,161.33,823500,40500,06-JUL-2020,
OPTSTK,TATAPOWER,30-Jul-2020,54,CE,1.2,1.2,1,1.1,1.1,36,267.86,364500,0,06-JUL-2020,
OPTSTK,TATAPOWER,30-Jul-2020,55,CE,1,1.05,0.85,0.95,0.95,291,2197.53,3591000,270000,06-JUL-2020,
OPTSTK,TATAPOWER,30-Jul-2020,56,CE,0.8,0.8,0.75,0.8,0.8,13,99.66,121500,81000,06-JUL-2020,
OPTSTK,TATAPOWER,30-Jul-2020,57,CE,0.7,0.7,0.7,0.7,0.45,3,23.36,94500,40500,06-JUL-2020,
OPTSTK,TATAPOWER,30-Jul-2020,58,CE,0,0,0,0.5,0.3,0,0,0,0,06-JUL-2020,
OPTSTK,TATAPOWER,30-Jul-2020,59,CE,0.45,0.5,0.4,0.45,0.45,43,345.03,526500,189000,06-JUL-2020,
OPTSTK,TATAPOWER,30-Jul-2020,18,PE,0,0,0,0.2,0.05,0,0,0,0,06-JUL-2020,
OPTSTK,TATAPOWER,30-Jul-2020,19,PE,0,0,0,0.3,0.05,0,0,0,0,06-JUL-2020,
OPTSTK,TATAPOWER,30-Jul-2020,20,PE,0,0,0,0.4,0.05,0,0,0,0,06-JUL-2020,
OPTSTK,TATAPOWER,30-Jul-2020,21,PE,0,0,0,0.55,0.05,0,0,0,0,06-JUL-2020,
OPTSTK,TATAPOWER,30-Jul-2020,22,PE,0,0,0,0.7,0.05,0,0,0,0,06-JUL-2020,
OPTSTK,TATAPOWER,30-Jul-2020,23,PE,0,0,0,0.9,0.05,0,0,0,0,06-JUL-2020,
OPTSTK,TATAPOWER,30-Jul-2020,24,PE,0,0,0,1.15,0.05,0,0,0,0,06-JUL-2020,
OPTSTK,TATAPOWER,30-Jul-2020,25,PE,0,0,0,1.4,0.05,0,0,0,0,06-JUL-2020,
OPTSTK,TATAPOWER,30-Jul-2020,26,PE,0,0,0,1.75,0.05,0,0,0,0,06-JUL-2020,
OPTSTK,TATAPOWER,30-Jul-2020,27,PE,0,0,0,2.1,0.05,0,0,0,0,06-JUL-2020,
OPTSTK,TATAPOWER,30-Jul-2020,28,PE,0,0,0,1,0.05,0,0,0,0,06-JUL-2020,
OPTSTK,TATAPOWER,30-Jul-2020,29,PE,0,0,0,0.05,0.05,0,0,135000,0,06-JUL-2020,
OPTSTK,TATAPOWER,30-Jul-2020,30,PE,0,0,0,0.05,0.05,0,0,40500,0,06-JUL-2020,
OPTSTK,TATAPOWER,30-Jul-2020,31,PE,0,0,0,0.05,0.05,0,0,40500,0,06-JUL-2020,
OPTSTK,TATAPOWER,30-Jul-2020,32,PE,0.05,0.05,0.05,0.05,0.05,1,4.32,270000,13500,06-JUL-2020,
OPTSTK,TATAPOWER,30-Jul-2020,33,PE,0,0,0,0.1,0.05,0,0,13500,0,06-JUL-2020,
OPTSTK,TATAPOWER,30-Jul-2020,34,PE,0.1,0.1,0.1,0.1,0.1,1,4.6,229500,0,06-JUL-2020,
OPTSTK,TATAPOWER,30-Jul-2020,35,PE,0.05,0.1,0.05,0.1,0.05,2,9.47,135000,-13500,06-JUL-2020,
OPTSTK,TATAPOWER,30-Jul-2020,36,PE,0,0,0,0.1,0.05,0,0,459000,0,06-JUL-2020,
OPTSTK,TATAPOWER,30-Jul-2020,37,PE,0,0,0,0.15,0.05,0,0,40500,0,06-JUL-2020,
OPTSTK,TATAPOWER,30-Jul-2020,38,PE,0,0,0,0.15,0.05,0,0,310500,0,06-JUL-2020,
OPTSTK,TATAPOWER,30-Jul-2020,39,PE,0.15,0.15,0.15,0.15,0.15,3,15.85,418500,-27000,06-JUL-2020,
OPTSTK,TATAPOWER,30-Jul-2020,40,PE,0.25,0.3,0.2,0.25,0.25,22,119.57,1674000,27000,06-JUL-2020,
OPTSTK,TATAPOWER,30-Jul-2020,41,PE,0.3,0.35,0.3,0.3,0.3,4,22.31,243000,-27000,06-JUL-2020,
OPTSTK,TATAPOWER,30-Jul-2020,42,PE,0.5,0.5,0.45,0.45,0.45,6,34.39,540000,13500,06-JUL-2020,
OPTSTK,TATAPOWER,30-Jul-2020,43,PE,0.6,0.65,0.6,0.6,0.2,8,47.11,634500,0,06-JUL-2020,
OPTSTK,TATAPOWER,30-Jul-2020,44,PE,0.5,0.85,0.5,0.8,0.8,12,72.56,742500,27000,06-JUL-2020,
OPTSTK,TATAPOWER,30-Jul-2020,45,PE,1,1.2,1,1.1,1.1,70,435.61,2362500,-27000,06-JUL-2020,
OPTSTK,TATAPOWER,30-Jul-2020,46,PE,1.4,1.5,1.35,1.4,1.4,16,102.4,445500,94500,06-JUL-2020,
OPTSTK,TATAPOWER,30-Jul-2020,47,PE,2.05,2.05,1.7,1.8,0.85,8,52.73,648000,54000,06-JUL-2020,
OPTSTK,TATAPOWER,30-Jul-2020,48,PE,2.55,2.55,2.2,2.3,2.3,25,169.8,486000,40500,06-JUL-2020,
OPTSTK,TATAPOWER,30-Jul-2020,49,PE,2.75,2.9,2.65,2.7,2.7,6,41.91,216000,0,06-JUL-2020,
OPTSTK,TATAPOWER,30-Jul-2020,50,PE,3.35,3.7,3.15,3.25,3.25,109,786.7,702000,283500,06-JUL-2020,
OPTSTK,TATAPOWER,30-Jul-2020,51,PE,4.05,4.4,3.75,3.9,3.9,10,74.29,108000,27000,06-JUL-2020,
OPTSTK,TATAPOWER,30-Jul-2020,52,PE,0,0,0,4.8,3.15,0,0,13500,0,06-JUL-2020,
OPTSTK,TATAPOWER,30-Jul-2020,53,PE,0,0,0,17.25,3.8,0,0,0,0,06-JUL-2020,
OPTSTK,TATAPOWER,30-Jul-2020,54,PE,6.4,6.4,6.4,6.4,4.5,1,8.15,40500,13500,06-JUL-2020,
OPTSTK,TATAPOWER,30-Jul-2020,55,PE,0,0,0,7.55,5.25,0,0,13500,0,06-JUL-2020,
OPTSTK,TATAPOWER,30-Jul-2020,56,PE,0,0,0,13.55,6.05,0,0,0,0,06-JUL-2020,
OPTSTK,TATAPOWER,30-Jul-2020,57,PE,0,0,0,14.45,6.95,0,0,0,0,06-JUL-2020,
OPTSTK,TATAPOWER,30-Jul-2020,58,PE,0,0,0,14.15,7.8,0,0,0,0,06-JUL-2020,
OPTSTK,TATAPOWER,30-Jul-2020,59,PE,0,0,0,14.9,8.7,0,0,0,0,06-JUL-2020,
OPTSTK,TATAPOWER,27-Aug-2020,23,CE,0,0,0,14.5,27.5,0,0,0,0,06-JUL-2020,
OPTSTK,TATAPOWER,27-Aug-2020,24,CE,0,0,0,13.65,26.5,0,0,0,0,06-JUL-2020,
OPTSTK,TATAPOWER,27-Aug-2020,25,CE,0,0,0,12.8,25.5,0,0,0,0,06-JUL-2020,
OPTSTK,TATAPOWER,27-Aug-2020,26,CE,0,0,0,11.95,24.5,0,0,0,0,06-JUL-2020,
OPTSTK,TATAPOWER,27-Aug-2020,27,CE,0,0,0,11.15,23.5,0,0,0,0,06-JUL-2020,
OPTSTK,TATAPOWER,27-Aug-2020,28,CE,0,0,0,10.4,22.5,0,0,0,0,06-JUL-2020,
OPTSTK,TATAPOWER,27-Aug-2020,29,CE,0,0,0,9.65,21.55,0,0,0,0,06-JUL-2020,
OPTSTK,TATAPOWER,27-Aug-2020,30,CE,0,0,0,9,20.55,0,0,0,0,06-JUL-2020,
OPTSTK,TATAPOWER,27-Aug-2020,31,CE,0,0,0,8.3,19.55,0,0,0,0,06-JUL-2020,
OPTSTK,TATAPOWER,27-Aug-2020,32,CE,0,0,0,7.7,18.55,0,0,0,0,06-JUL-2020,
OPTSTK,TATAPOWER,27-Aug-2020,33,CE,0,0,0,7.1,17.55,0,0,0,0,06-JUL-2020,
OPTSTK,TATAPOWER,27-Aug-2020,34,CE,0,0,0,6.55,16.55,0,0,0,0,06-JUL-2020,
OPTSTK,TATAPOWER,27-Aug-2020,35,CE,0,0,0,6,15.6,0,0,0,0,06-JUL-2020,
OPTSTK,TATAPOWER,27-Aug-2020,36,CE,0,0,0,5.55,14.6,0,0,0,0,06-JUL-2020,
OPTSTK,TATAPOWER,27-Aug-2020,37,CE,0,0,0,5.05,13.65,0,0,0,0,06-JUL-2020,
OPTSTK,TATAPOWER,27-Aug-2020,38,CE,0,0,0,4.65,12.7,0,0,0,0,06-JUL-2020,
OPTSTK,TATAPOWER,27-Aug-2020,39,CE,0,0,0,4.25,11.75,0,0,0,0,06-JUL-2020,
OPTSTK,TATAPOWER,27-Aug-2020,40,CE,0,0,0,3.9,10.85,0,0,0,0,06-JUL-2020,
OPTSTK,TATAPOWER,27-Aug-2020,41,CE,0,0,0,3.55,9.95,0,0,0,0,06-JUL-2020,
OPTSTK,TATAPOWER,27-Aug-2020,42,CE,0,0,0,3.25,9.1,0,0,0,0,06-JUL-2020,
OPTSTK,TATAPOWER,27-Aug-2020,43,CE,0,0,0,2.95,8.25,0,0,0,0,06-JUL-2020,
OPTSTK,TATAPOWER,27-Aug-2020,44,CE,0,0,0,2.7,7.45,0,0,0,0,06-JUL-2020,
OPTSTK,TATAPOWER,27-Aug-2020,45,CE,0,0,0,2.45,6.7,0,0,0,0,06-JUL-2020,
OPTSTK,TATAPOWER,27-Aug-2020,46,CE,0,0,0,2.25,6,0,0,0,0,06-JUL-2020,
OPTSTK,TATAPOWER,27-Aug-2020,47,CE,0,0,0,2.05,5.35,0,0,0,0,06-JUL-2020,
OPTSTK,TATAPOWER,27-Aug-2020,48,CE,0,0,0,1.85,4.75,0,0,0,0,06-JUL-2020,
OPTSTK,TATAPOWER,27-Aug-2020,49,CE,0,0,0,1.7,4.15,0,0,0,0,06-JUL-2020,
OPTSTK,TATAPOWER,27-Aug-2020,50,CE,0,0,0,1.5,3.65,0,0,0,0,06-JUL-2020,
OPTSTK,TATAPOWER,27-Aug-2020,51,CE,0,0,0,1.4,3.2,0,0,0,0,06-JUL-2020,
OPTSTK,TATAPOWER,27-Aug-2020,52,CE,0,0,0,1.6,2.75,0,0,0,0,06-JUL-2020,
OPTSTK,TATAPOWER,27-Aug-2020,53,CE,0,0,0,1.45,2.35,0,0,0,0,06-JUL-2020,
OPTSTK,TATAPOWER,27-Aug-2020,54,CE,0,0,0,1.3,2.05,0,0,0,0,06-JUL-2020,
OPTSTK,TATAPOWER,27-Aug-2020,55,CE,1.65,2.1,1.6,1.65,1.75,11,84.32,148500,108000,06-JUL-2020,
OPTSTK,TATAPOWER,27-Aug-2020,56,CE,0,0,0,1.05,1.45,0,0,0,0,06-JUL-2020,
OPTSTK,TATAPOWER,27-Aug-2020,57,CE,0,0,0,0.9,1.25,0,0,0,0,06-JUL-2020,
OPTSTK,TATAPOWER,27-Aug-2020,58,CE,0,0,0,1,1.05,0,0,0,0,06-JUL-2020,
OPTSTK,TATAPOWER,27-Aug-2020,59,CE,0,0,0,0.55,0.9,0,0,0,0,06-JUL-2020,
OPTSTK,TATAPOWER,27-Aug-2020,23,PE,0,0,0,0.35,0.05,0,0,0,0,06-JUL-2020,
OPTSTK,TATAPOWER,27-Aug-2020,24,PE,0,0,0,0.2,0.05,0,0,27000,0,06-JUL-2020,
OPTSTK,TATAPOWER,27-Aug-2020,25,PE,0,0,0,0.6,0.05,0,0,0,0,06-JUL-2020,
OPTSTK,TATAPOWER,27-Aug-2020,26,PE,0,0,0,0.75,0.05,0,0,0,0,06-JUL-2020,
OPTSTK,TATAPOWER,27-Aug-2020,27,PE,0,0,0,0.95,0.05,0,0,0,0,06-JUL-2020,
OPTSTK,TATAPOWER,27-Aug-2020,28,PE,0,0,0,1.15,0.05,0,0,0,0,06-JUL-2020,
OPTSTK,TATAPOWER,27-Aug-2020,29,PE,0,0,0,1.4,0.05,0,0,0,0,06-JUL-2020,
OPTSTK,TATAPOWER,27-Aug-2020,30,PE,0,0,0,1.7,0.05,0,0,0,0,06-JUL-2020,
OPTSTK,TATAPOWER,27-Aug-2020,31,PE,0,0,0,2.05,0.05,0,0,0,0,06-JUL-2020,
OPTSTK,TATAPOWER,27-Aug-2020,32,PE,0,0,0,2.4,0.05,0,0,0,0,06-JUL-2020,
OPTSTK,TATAPOWER,27-Aug-2020,33,PE,0,0,0,2.8,0.05,0,0,0,0,06-JUL-2020,
OPTSTK,TATAPOWER,27-Aug-2020,34,PE,0,0,0,3.25,0.05,0,0,0,0,06-JUL-2020,
OPTSTK,TATAPOWER,27-Aug-2020,35,PE,0,0,0,3.7,0.05,0,0,0,0,06-JUL-2020,
OPTSTK,TATAPOWER,27-Aug-2020,36,PE,0,0,0,4.2,0.05,0,0,0,0,06-JUL-2020,
OPTSTK,TATAPOWER,27-Aug-2020,37,PE,0,0,0,4.75,0.1,0,0,0,0,06-JUL-2020,
OPTSTK,TATAPOWER,27-Aug-2020,38,PE,0,0,0,5.3,0.1,0,0,0,0,06-JUL-2020,
OPTSTK,TATAPOWER,27-Aug-2020,39,PE,0,0,0,5.9,0.2,0,0,0,0,06-JUL-2020,
OPTSTK,TATAPOWER,27-Aug-2020,40,PE,0,0,0,6.5,0.25,0,0,0,0,06-JUL-2020,
OPTSTK,TATAPOWER,27-Aug-2020,41,PE,0,0,0,7.15,0.35,0,0,0,0,06-JUL-2020,
OPTSTK,TATAPOWER,27-Aug-2020,42,PE,0,0,0,7.85,0.5,0,0,0,0,06-JUL-2020,
OPTSTK,TATAPOWER,27-Aug-2020,43,PE,0,0,0,8.55,0.65,0,0,0,0,06-JUL-2020,
OPTSTK,TATAPOWER,27-Aug-2020,44,PE,0,0,0,1.9,0.85,0,0,27000,0,06-JUL-2020,
OPTSTK,TATAPOWER,27-Aug-2020,45,PE,2,2,2,2,1.1,2,12.69,94500,13500,06-JUL-2020,
OPTSTK,TATAPOWER,27-Aug-2020,46,PE,0,0,0,10.75,1.4,0,0,0,0,06-JUL-2020,
OPTSTK,TATAPOWER,27-Aug-2020,47,PE,0,0,0,3.2,1.7,0,0,27000,0,06-JUL-2020,
OPTSTK,TATAPOWER,27-Aug-2020,48,PE,0,0,0,12.35,2.1,0,0,0,0,06-JUL-2020,
OPTSTK,TATAPOWER,27-Aug-2020,49,PE,0,0,0,13.2,2.5,0,0,0,0,06-JUL-2020,
OPTSTK,TATAPOWER,27-Aug-2020,50,PE,4.3,4.4,4.3,4.4,3,41,300.66,540000,540000,06-JUL-2020,
OPTSTK,TATAPOWER,27-Aug-2020,51,PE,0,0,0,14.85,3.5,0,0,0,0,06-JUL-2020,
OPTSTK,TATAPOWER,27-Aug-2020,52,PE,0,0,0,13.55,4.1,0,0,0,0,06-JUL-2020,
OPTSTK,TATAPOWER,27-Aug-2020,53,PE,0,0,0,14.4,4.7,0,0,0,0,06-JUL-2020,
OPTSTK,TATAPOWER,27-Aug-2020,54,PE,0,0,0,12.15,5.35,0,0,0,0,06-JUL-2020,
OPTSTK,TATAPOWER,27-Aug-2020,55,PE,0,0,0,13,6.05,0,0,0,0,06-JUL-2020,
OPTSTK,TATAPOWER,27-Aug-2020,56,PE,0,0,0,13.85,6.8,0,0,0,0,06-JUL-2020,
OPTSTK,TATAPOWER,27-Aug-2020,57,PE,0,0,0,14.7,7.55,0,0,0,0,06-JUL-2020,
OPTSTK,TATAPOWER,27-Aug-2020,58,PE,0,0,0,14.45,8.35,0,0,0,0,06-JUL-2020,
OPTSTK,TATAPOWER,27-Aug-2020,59,PE,0,0,0,15.1,9.15,0,0,0,0,06-JUL-2020,
OPTSTK,TATAPOWER,24-Sep-2020,26,CE,0,0,0,18.4,24.6,0,0,0,0,06-JUL-2020,
OPTSTK,TATAPOWER,24-Sep-2020,27,CE,0,0,0,17.45,23.6,0,0,0,0,06-JUL-2020,
OPTSTK,TATAPOWER,24-Sep-2020,28,CE,0,0,0,16.5,22.6,0,0,0,0,06-JUL-2020,
OPTSTK,TATAPOWER,24-Sep-2020,29,CE,0,0,0,15.55,21.65,0,0,0,0,06-JUL-2020,
OPTSTK,TATAPOWER,24-Sep-2020,30,CE,0,0,0,14.65,20.65,0,0,0,0,06-JUL-2020,
OPTSTK,TATAPOWER,24-Sep-2020,31,CE,0,0,0,13.8,19.65,0,0,0,0,06-JUL-2020,
OPTSTK,TATAPOWER,24-Sep-2020,32,CE,0,0,0,12.9,18.7,0,0,0,0,06-JUL-2020,
OPTSTK,TATAPOWER,24-Sep-2020,33,CE,0,0,0,12.05,17.7,0,0,0,0,06-JUL-2020,
OPTSTK,TATAPOWER,24-Sep-2020,34,CE,0,0,0,11.25,16.75,0,0,0,0,06-JUL-2020,
OPTSTK,TATAPOWER,24-Sep-2020,35,CE,0,0,0,10.45,15.8,0,0,0,0,06-JUL-2020,
OPTSTK,TATAPOWER,24-Sep-2020,36,CE,0,0,0,9.7,14.85,0,0,0,0,06-JUL-2020,
OPTSTK,TATAPOWER,24-Sep-2020,37,CE,0,0,0,9,13.95,0,0,0,0,06-JUL-2020,
OPTSTK,TATAPOWER,24-Sep-2020,38,CE,0,0,0,8.3,13,0,0,0,0,06-JUL-2020,
OPTSTK,TATAPOWER,24-Sep-2020,39,CE,0,0,0,7.65,12.15,0,0,0,0,06-JUL-2020,
OPTSTK,TATAPOWER,24-Sep-2020,40,CE,0,0,0,7.05,11.3,0,0,0,0,06-JUL-2020,
OPTSTK,TATAPOWER,24-Sep-2020,41,CE,0,0,0,6.45,10.45,0,0,0,0,06-JUL-2020,
OPTSTK,TATAPOWER,24-Sep-2020,42,CE,0,0,0,5.9,9.65,0,0,0,0,06-JUL-2020,
OPTSTK,TATAPOWER,24-Sep-2020,43,CE,0,0,0,5.4,8.85,0,0,0,0,06-JUL-2020,
OPTSTK,TATAPOWER,24-Sep-2020,44,CE,0,0,0,4.95,8.15,0,0,0,0,06-JUL-2020,
OPTSTK,TATAPOWER,24-Sep-2020,45,CE,0,0,0,4.5,7.45,0,0,0,0,06-JUL-2020,
OPTSTK,TATAPOWER,24-Sep-2020,46,CE,0,0,0,4.1,6.75,0,0,0,0,06-JUL-2020,
OPTSTK,TATAPOWER,24-Sep-2020,47,CE,0,0,0,3.7,6.15,0,0,0,0,06-JUL-2020,
OPTSTK,TATAPOWER,24-Sep-2020,48,CE,0,0,0,3.35,5.55,0,0,0,0,06-JUL-2020,
OPTSTK,TATAPOWER,24-Sep-2020,49,CE,0,0,0,3.05,5,0,0,0,0,06-JUL-2020,
OPTSTK,TATAPOWER,24-Sep-2020,50,CE,0,0,0,2.75,4.5,0,0,0,0,06-JUL-2020,
OPTSTK,TATAPOWER,24-Sep-2020,51,CE,0,0,0,2.45,4.05,0,0,0,0,06-JUL-2020,
OPTSTK,TATAPOWER,24-Sep-2020,52,CE,0,0,0,2.2,3.6,0,0,0,0,06-JUL-2020,
OPTSTK,TATAPOWER,24-Sep-2020,53,CE,0,0,0,2,3.25,0,0,0,0,06-JUL-2020,
OPTSTK,TATAPOWER,24-Sep-2020,54,CE,0,0,0,1.8,2.85,0,0,0,0,06-JUL-2020,
OPTSTK,TATAPOWER,24-Sep-2020,55,CE,0,0,0,1.6,2.55,0,0,0,0,06-JUL-2020,
OPTSTK,TATAPOWER,24-Sep-2020,56,CE,0,0,0,1.45,2.25,0,0,0,0,06-JUL-2020,
OPTSTK,TATAPOWER,24-Sep-2020,57,CE,0,0,0,1.3,2,0,0,0,0,06-JUL-2020,
OPTSTK,TATAPOWER,24-Sep-2020,58,CE,0,0,0,1.15,1.75,0,0,0,0,06-JUL-2020,
OPTSTK,TATAPOWER,24-Sep-2020,59,CE,0,0,0,1.05,1.55,0,0,0,0,06-JUL-2020,
OPTSTK,TATAPOWER,24-Sep-2020,26,PE,0,0,0,0.1,0.05,0,0,0,0,06-JUL-2020,
OPTSTK,TATAPOWER,24-Sep-2020,27,PE,0,0,0,0.15,0.05,0,0,0,0,06-JUL-2020,
OPTSTK,TATAPOWER,24-Sep-2020,28,PE,0,0,0,0.2,0.05,0,0,0,0,06-JUL-2020,
OPTSTK,TATAPOWER,24-Sep-2020,29,PE,0,0,0,0.25,0.05,0,0,0,0,06-JUL-2020,
OPTSTK,TATAPOWER,24-Sep-2020,30,PE,0,0,0,0.3,0.05,0,0,0,0,06-JUL-2020,
OPTSTK,TATAPOWER,24-Sep-2020,31,PE,0,0,0,0.4,0.05,0,0,0,0,06-JUL-2020,
OPTSTK,TATAPOWER,24-Sep-2020,32,PE,0,0,0,0.55,0.05,0,0,0,0,06-JUL-2020,
OPTSTK,TATAPOWER,24-Sep-2020,33,PE,0,0,0,0.7,0.05,0,0,0,0,06-JUL-2020,
OPTSTK,TATAPOWER,24-Sep-2020,34,PE,0,0,0,0.85,0.1,0,0,0,0,06-JUL-2020,
OPTSTK,TATAPOWER,24-Sep-2020,35,PE,0,0,0,1.05,0.1,0,0,0,0,06-JUL-2020,
OPTSTK,TATAPOWER,24-Sep-2020,36,PE,0,0,0,1.3,0.15,0,0,0,0,06-JUL-2020,
OPTSTK,TATAPOWER,24-Sep-2020,37,PE,0,0,0,1.55,0.25,0,0,0,0,06-JUL-2020,
OPTSTK,TATAPOWER,24-Sep-2020,38,PE,0,0,0,1.85,0.3,0,0,0,0,06-JUL-2020,
OPTSTK,TATAPOWER,24-Sep-2020,39,PE,0,0,0,2.2,0.45,0,0,0,0,06-JUL-2020,
OPTSTK,TATAPOWER,24-Sep-2020,40,PE,0,0,0,2.6,0.55,0,0,0,0,06-JUL-2020,
OPTSTK,TATAPOWER,24-Sep-2020,41,PE,0,0,0,3,0.7,0,0,0,0,06-JUL-2020,
OPTSTK,TATAPOWER,24-Sep-2020,42,PE,0,0,0,3.45,0.9,0,0,0,0,06-JUL-2020,
OPTSTK,TATAPOWER,24-Sep-2020,43,PE,0,0,0,3.9,1.1,0,0,0,0,06-JUL-2020,
OPTSTK,TATAPOWER,24-Sep-2020,44,PE,0,0,0,4.4,1.4,0,0,0,0,06-JUL-2020,
OPTSTK,TATAPOWER,24-Sep-2020,45,PE,0,0,0,4.95,1.65,0,0,0,0,06-JUL-2020,
OPTSTK,TATAPOWER,24-Sep-2020,46,PE,0,0,0,5.55,2,0,0,0,0,06-JUL-2020,
OPTSTK,TATAPOWER,24-Sep-2020,47,PE,0,0,0,6.15,2.35,0,0,0,0,06-JUL-2020,
OPTSTK,TATAPOWER,24-Sep-2020,48,PE,0,0,0,6.8,2.75,0,0,0,0,06-JUL-2020,
OPTSTK,TATAPOWER,24-Sep-2020,49,PE,0,0,0,7.45,3.2,0,0,0,0,06-JUL-2020,
OPTSTK,TATAPOWER,24-Sep-2020,50,PE,0,0,0,8.15,3.7,0,0,0,0,06-JUL-2020,
OPTSTK,TATAPOWER,24-Sep-2020,51,PE,0,0,0,8.85,4.25,0,0,0,0,06-JUL-2020,
OPTSTK,TATAPOWER,24-Sep-2020,52,PE,0,0,0,9.6,4.8,0,0,0,0,06-JUL-2020,
OPTSTK,TATAPOWER,24-Sep-2020,53,PE,0,0,0,10.4,5.4,0,0,0,0,06-JUL-2020,
OPTSTK,TATAPOWER,24-Sep-2020,54,PE,0,0,0,11.15,6,0,0,0,0,06-JUL-2020,
OPTSTK,TATAPOWER,24-Sep-2020,55,PE,0,0,0,11.95,6.7,0,0,0,0,06-JUL-2020,
OPTSTK,TATAPOWER,24-Sep-2020,56,PE,0,0,0,12.8,7.4,0,0,0,0,06-JUL-2020,
OPTSTK,TATAPOWER,24-Sep-2020,57,PE,0,0,0,13.65,8.1,0,0,0,0,06-JUL-2020,
OPTSTK,TATAPOWER,24-Sep-2020,58,PE,0,0,0,14.5,8.85,0,0,0,0,06-JUL-2020,
OPTSTK,TATAPOWER,24-Sep-2020,59,PE,0,0,0,15.35,9.65,0,0,0,0,06-JUL-2020,
OPTSTK,TATASTEEL,30-Jul-2020,180,CE,0,0,0,125,159.4,0,0,0,0,06-JUL-2020,
OPTSTK,TATASTEEL,30-Jul-2020,190,CE,0,0,0,116.65,149.45,0,0,0,0,06-JUL-2020,
OPTSTK,TATASTEEL,30-Jul-2020,200,CE,0,0,0,111,139.45,0,0,1700,0,06-JUL-2020,
OPTSTK,TATASTEEL,30-Jul-2020,210,CE,0,0,0,101,129.5,0,0,0,0,06-JUL-2020,
OPTSTK,TATASTEEL,30-Jul-2020,215,CE,0,0,0,85.9,124.5,0,0,0,0,06-JUL-2020,
OPTSTK,TATASTEEL,30-Jul-2020,220,CE,0,0,0,93.7,119.5,0,0,0,0,06-JUL-2020,
OPTSTK,TATASTEEL,30-Jul-2020,225,CE,0,0,0,77.55,114.55,0,0,0,0,06-JUL-2020,
OPTSTK,TATASTEEL,30-Jul-2020,230,CE,0,0,0,86.8,109.55,0,0,0,0,06-JUL-2020,
OPTSTK,TATASTEEL,30-Jul-2020,235,CE,0,0,0,69.65,104.55,0,0,0,0,06-JUL-2020,
OPTSTK,TATASTEEL,30-Jul-2020,240,CE,0,0,0,80.25,99.6,0,0,0,0,06-JUL-2020,
OPTSTK,TATASTEEL,30-Jul-2020,245,CE,0,0,0,62.2,94.65,0,0,0,0,06-JUL-2020,
OPTSTK,TATASTEEL,30-Jul-2020,250,CE,0,0,0,72,89.65,0,0,1700,0,06-JUL-2020,
OPTSTK,TATASTEEL,30-Jul-2020,255,CE,0,0,0,55.25,84.75,0,0,0,0,06-JUL-2020,
OPTSTK,TATASTEEL,30-Jul-2020,260,CE,0,0,0,73.95,79.8,0,0,20400,0,06-JUL-2020,
OPTSTK,TATASTEEL,30-Jul-2020,265,CE,0,0,0,48.8,74.95,0,0,0,0,06-JUL-2020,
OPTSTK,TATASTEEL,30-Jul-2020,270,CE,0,0,0,62.6,70.1,0,0,20400,0,06-JUL-2020,
OPTSTK,TATASTEEL,30-Jul-2020,275,CE,0,0,0,42.95,65.3,0,0,0,0,06-JUL-2020,
OPTSTK,TATASTEEL,30-Jul-2020,280,CE,54.3,60.5,54.3,56.55,60.6,13,74.63,57800,0,06-JUL-2020,
OPTSTK,TATASTEEL,30-Jul-2020,285,CE,0,0,0,37.6,56,0,0,0,0,06-JUL-2020,
OPTSTK,TATASTEEL,30-Jul-2020,290,CE,0,0,0,37,51.5,0,0,30600,0,06-JUL-2020,
OPTSTK,TATASTEEL,30-Jul-2020,295,CE,0,0,0,33.95,47.1,0,0,6800,0,06-JUL-2020,
OPTSTK,TATASTEEL,30-Jul-2020,300,CE,32,42.3,32,39.75,42.9,64,368.82,187000,-79900,06-JUL-2020,
OPTSTK,TATASTEEL,30-Jul-2020,305,CE,0,0,0,32.8,38.85,0,0,11900,0,06-JUL-2020,
OPTSTK,TATASTEEL,30-Jul-2020,310,CE,25.8,34.1,25,32.1,32.1,81,470.03,192100,-74800,06-JUL-2020,
OPTSTK,TATASTEEL,30-Jul-2020,315,CE,26.55,30.15,26.5,30.15,31.35,17,99.26,181900,-23800,06-JUL-2020,
OPTSTK,TATASTEEL,30-Jul-2020,320,CE,20,27,19,24.7,24.7,330,1924.63,494700,-98600,06-JUL-2020,
OPTSTK,TATASTEEL,30-Jul-2020,325,CE,16.5,23.6,16.3,21.5,21.5,142,833.76,156400,-25500,06-JUL-2020,
OPTSTK,TATASTEEL,30-Jul-2020,330,CE,14,20.8,14,18.75,18.75,2262,13371.57,899300,-657900,06-JUL-2020,
OPTSTK,TATASTEEL,30-Jul-2020,335,CE,12.15,18,11.95,16.1,16.1,837,4987.88,365500,-11900,06-JUL-2020,
OPTSTK,TATASTEEL,30-Jul-2020,340,CE,10.5,15.6,10.1,13.8,13.8,4089,24578.3,1456900,-350200,06-JUL-2020,
OPTSTK,TATASTEEL,30-Jul-2020,345,CE,8.5,13.1,8.5,11.6,11.6,524,3176.33,321300,-28900,06-JUL-2020,
OPTSTK,TATASTEEL,30-Jul-2020,350,CE,8.6,11.2,7.1,9.75,9.75,3206,19603.44,1717000,122400,06-JUL-2020,
OPTSTK,TATASTEEL,30-Jul-2020,355,CE,6.5,9.5,6.15,8.15,8.15,156,963.62,119000,28900,06-JUL-2020,
OPTSTK,TATASTEEL,30-Jul-2020,360,CE,5.15,7.9,5,6.75,6.75,1427,8898.11,1079500,-39100,06-JUL-2020,
OPTSTK,TATASTEEL,30-Jul-2020,365,CE,6.55,6.55,5.5,5.6,5.6,14,88.29,6800,6800,06-JUL-2020,
OPTSTK,TATASTEEL,30-Jul-2020,370,CE,3.5,5.45,3.5,4.65,4.65,592,3770.81,557600,23800,06-JUL-2020,
OPTSTK,TATASTEEL,30-Jul-2020,375,CE,4.5,4.5,3.45,3.45,3.45,2,12.88,3400,0,06-JUL-2020,
OPTSTK,TATASTEEL,30-Jul-2020,380,CE,2.6,3.8,2.45,3.2,3.2,541,3523.59,700400,-30600,06-JUL-2020,
OPTSTK,TATASTEEL,30-Jul-2020,385,CE,0,0,0,2.95,3.6,0,0,0,0,06-JUL-2020,
OPTSTK,TATASTEEL,30-Jul-2020,390,CE,2,2.65,1.75,2.35,2.35,349,2328.12,545700,-1700,06-JUL-2020,
OPTSTK,TATASTEEL,30-Jul-2020,395,CE,0,0,0,6.8,2.4,0,0,0,0,06-JUL-2020,
OPTSTK,TATASTEEL,30-Jul-2020,400,CE,1.3,1.85,1.25,1.55,1.55,779,5318.85,1433100,-163200,06-JUL-2020,
OPTSTK,TATASTEEL,30-Jul-2020,405,CE,0,0,0,5.7,1.55,0,0,0,0,06-JUL-2020,
OPTSTK,TATASTEEL,30-Jul-2020,410,CE,0.85,1.25,0.85,1.05,1.05,99,691.86,119000,5100,06-JUL-2020,
OPTSTK,TATASTEEL,30-Jul-2020,415,CE,0,0,0,6.35,1,0,0,0,0,06-JUL-2020,
OPTSTK,TATASTEEL,30-Jul-2020,420,CE,0.65,0.85,0.5,0.8,0.8,72,514.96,329800,22100,06-JUL-2020,
OPTSTK,TATASTEEL,30-Jul-2020,180,PE,0,0,0,4.4,0.05,0,0,0,0,06-JUL-2020,
OPTSTK,TATASTEEL,30-Jul-2020,190,PE,0,0,0,5.95,0.05,0,0,0,0,06-JUL-2020,
OPTSTK,TATASTEEL,30-Jul-2020,200,PE,0.5,0.5,0.5,0.5,0.05,2,6.81,6800,3400,06-JUL-2020,
OPTSTK,TATASTEEL,30-Jul-2020,210,PE,0,0,0,10.05,0.05,0,0,0,0,06-JUL-2020,
OPTSTK,TATASTEEL,30-Jul-2020,215,PE,0,0,0,3.6,0.05,0,0,0,0,06-JUL-2020,
OPTSTK,TATASTEEL,30-Jul-2020,220,PE,0,0,0,0.35,0.05,0,0,17000,0,06-JUL-2020,
OPTSTK,TATASTEEL,30-Jul-2020,225,PE,0,0,0,5.15,0.05,0,0,0,0,06-JUL-2020,
OPTSTK,TATASTEEL,30-Jul-2020,230,PE,0.35,0.35,0.3,0.35,0.35,2,7.83,22100,0,06-JUL-2020,
OPTSTK,TATASTEEL,30-Jul-2020,235,PE,0,0,0,7.15,0.05,0,0,0,0,06-JUL-2020,
OPTSTK,TATASTEEL,30-Jul-2020,240,PE,0.45,0.55,0.4,0.4,0.4,9,36.79,231200,1700,06-JUL-2020,
OPTSTK,TATASTEEL,30-Jul-2020,245,PE,0,0,0,9.65,0.05,0,0,0,0,06-JUL-2020,
OPTSTK,TATASTEEL,30-Jul-2020,250,PE,0.55,0.7,0.5,0.55,0.55,36,153.35,408000,-5100,06-JUL-2020,
OPTSTK,TATASTEEL,30-Jul-2020,255,PE,0,0,0,12.6,0.1,0,0,0,0,06-JUL-2020,
OPTSTK,TATASTEEL,30-Jul-2020,260,PE,0.9,0.9,0.55,0.6,0.6,120,531.81,506600,-100300,06-JUL-2020,
OPTSTK,TATASTEEL,30-Jul-2020,265,PE,1.2,1.2,1.2,1.2,1.2,1,4.52,1700,0,06-JUL-2020,
OPTSTK,TATASTEEL,30-Jul-2020,270,PE,1.25,1.4,0.9,0.9,0.9,138,636.05,273700,-39100,06-JUL-2020,
OPTSTK,TATASTEEL,30-Jul-2020,275,PE,1.15,1.15,1.15,1.15,0.65,1,4.69,85000,-1700,06-JUL-2020,
OPTSTK,TATASTEEL,30-Jul-2020,280,PE,2.5,2.5,1.4,1.45,1.45,366,1752.72,515100,32300,06-JUL-2020,
OPTSTK,TATASTEEL,30-Jul-2020,285,PE,1.9,2.7,1.7,1.8,1.3,18,87.83,39100,-13600,06-JUL-2020,
OPTSTK,TATASTEEL,30-Jul-2020,290,PE,3.55,3.85,2.1,2.25,2.25,387,1926.04,396100,8500,06-JUL-2020,
OPTSTK,TATASTEEL,30-Jul-2020,295,PE,4.15,4.25,2.7,2.85,2.85,121,613.65,113900,10200,06-JUL-2020,
OPTSTK,TATASTEEL,30-Jul-2020,300,PE,5.25,6,3.35,3.55,3.55,1005,5196.55,1173000,-141100,06-JUL-2020,
OPTSTK,TATASTEEL,30-Jul-2020,305,PE,7.05,7.05,4.25,4.45,4.45,146,769.5,141100,45900,06-JUL-2020,
OPTSTK,TATASTEEL,30-Jul-2020,310,PE,8.6,8.95,5.15,5.5,5.5,542,2914.34,486200,40800,06-JUL-2020,
OPTSTK,TATASTEEL,30-Jul-2020,315,PE,11.3,11.3,6.45,6.85,6.85,251,1377.06,239700,-1700,06-JUL-2020,
OPTSTK,TATASTEEL,30-Jul-2020,320,PE,12.25,13,7.8,8.3,8.3,1004,5623.58,875500,193800,06-JUL-2020,
OPTSTK,TATASTEEL,30-Jul-2020,325,PE,15.4,15.4,9.5,10.1,10.1,398,2273.2,183600,27200,06-JUL-2020,
OPTSTK,TATASTEEL,30-Jul-2020,330,PE,17.6,18.5,11.45,12.2,12.2,915,5338.15,431800,159800,06-JUL-2020,
OPTSTK,TATASTEEL,30-Jul-2020,335,PE,20,20,13.7,14.65,14.65,247,1472.92,74800,-5100,06-JUL-2020,
OPTSTK,TATASTEEL,30-Jul-2020,340,PE,22.65,22.65,16.15,17.1,17.1,300,1825.47,127500,11900,06-JUL-2020,
OPTSTK,TATASTEEL,30-Jul-2020,345,PE,23,23,19.15,20.6,19.4,7,43.46,17000,1700,06-JUL-2020,
OPTSTK,TATASTEEL,30-Jul-2020,350,PE,30,30,21.6,22.95,22.95,70,444.44,86700,-3400,06-JUL-2020,
OPTSTK,TATASTEEL,30-Jul-2020,355,PE,26.9,26.9,26.9,26.9,25.55,1,6.49,1700,1700,06-JUL-2020,
OPTSTK,TATASTEEL,30-Jul-2020,360,PE,31.7,31.7,28.75,30.5,28.95,5,33.15,20400,6800,06-JUL-2020,
OPTSTK,TATASTEEL,30-Jul-2020,365,PE,0,0,0,77.7,32.55,0,0,0,0,06-JUL-2020,
OPTSTK,TATASTEEL,30-Jul-2020,370,PE,36.95,36.95,36.95,36.95,36.35,1,6.91,44200,0,06-JUL-2020,
OPTSTK,TATASTEEL,30-Jul-2020,375,PE,0,0,0,56.6,40.3,0,0,1700,0,06-JUL-2020,
OPTSTK,TATASTEEL,30-Jul-2020,380,PE,0,0,0,100.75,44.4,0,0,0,0,06-JUL-2020,
OPTSTK,TATASTEEL,30-Jul-2020,385,PE,0,0,0,94.3,48.6,0,0,0,0,06-JUL-2020,
OPTSTK,TATASTEEL,30-Jul-2020,390,PE,0,0,0,108.55,52.95,0,0,0,0,06-JUL-2020,
OPTSTK,TATASTEEL,30-Jul-2020,395,PE,0,0,0,102.95,57.4,0,0,0,0,06-JUL-2020,
OPTSTK,TATASTEEL,30-Jul-2020,400,PE,75.4,75.4,75.4,75.4,61.9,2,16.16,10200,0,06-JUL-2020,
OPTSTK,TATASTEEL,30-Jul-2020,405,PE,0,0,0,111.8,66.55,0,0,0,0,06-JUL-2020,
OPTSTK,TATASTEEL,30-Jul-2020,410,PE,0,0,0,124.65,71.2,0,0,0,0,06-JUL-2020,
OPTSTK,TATASTEEL,30-Jul-2020,415,PE,0,0,0,102.9,75.95,0,0,0,0,06-JUL-2020,
OPTSTK,TATASTEEL,30-Jul-2020,420,PE,0,0,0,93,80.7,0,0,23800,0,06-JUL-2020,
OPTSTK,TATASTEEL,27-Aug-2020,185,CE,0,0,0,114.95,155,0,0,0,0,06-JUL-2020,
OPTSTK,TATASTEEL,27-Aug-2020,190,CE,0,0,0,110.5,150.05,0,0,0,0,06-JUL-2020,
OPTSTK,TATASTEEL,27-Aug-2020,195,CE,0,0,0,106.1,145.1,0,0,0,0,06-JUL-2020,
OPTSTK,TATASTEEL,27-Aug-2020,200,CE,0,0,0,101.8,140.15,0,0,0,0,06-JUL-2020,
OPTSTK,TATASTEEL,27-Aug-2020,205,CE,0,0,0,97.6,135.15,0,0,0,0,06-JUL-2020,
OPTSTK,TATASTEEL,27-Aug-2020,210,CE,0,0,0,93.45,130.2,0,0,0,0,06-JUL-2020,
OPTSTK,TATASTEEL,27-Aug-2020,215,CE,0,0,0,89.4,125.3,0,0,0,0,06-JUL-2020,
OPTSTK,TATASTEEL,27-Aug-2020,220,CE,0,0,0,85.5,120.35,0,0,0,0,06-JUL-2020,
OPTSTK,TATASTEEL,27-Aug-2020,225,CE,0,0,0,81.65,115.45,0,0,0,0,06-JUL-2020,
OPTSTK,TATASTEEL,27-Aug-2020,230,CE,0,0,0,77.9,110.55,0,0,0,0,06-JUL-2020,
OPTSTK,TATASTEEL,27-Aug-2020,235,CE,0,0,0,74.3,105.7,0,0,0,0,06-JUL-2020,
OPTSTK,TATASTEEL,27-Aug-2020,240,CE,0,0,0,70.8,100.85,0,0,0,0,06-JUL-2020,
OPTSTK,TATASTEEL,27-Aug-2020,245,CE,0,0,0,67.35,96.05,0,0,0,0,06-JUL-2020,
OPTSTK,TATASTEEL,27-Aug-2020,250,CE,0,0,0,64.05,91.35,0,0,0,0,06-JUL-2020,
OPTSTK,TATASTEEL,27-Aug-2020,255,CE,0,0,0,60.9,86.65,0,0,0,0,06-JUL-2020,
OPTSTK,TATASTEEL,27-Aug-2020,260,CE,0,0,0,57.8,82.05,0,0,0,0,06-JUL-2020,
OPTSTK,TATASTEEL,27-Aug-2020,265,CE,0,0,0,54.85,77.5,0,0,0,0,06-JUL-2020,
OPTSTK,TATASTEEL,27-Aug-2020,270,CE,0,0,0,52.05,73.05,0,0,0,0,06-JUL-2020,
OPTSTK,TATASTEEL,27-Aug-2020,275,CE,0,0,0,49.3,68.7,0,0,0,0,06-JUL-2020,
OPTSTK,TATASTEEL,27-Aug-2020,280,CE,0,0,0,46.7,64.45,0,0,0,0,06-JUL-2020,
OPTSTK,TATASTEEL,27-Aug-2020,285,CE,0,0,0,44.2,60.35,0,0,0,0,06-JUL-2020,
OPTSTK,TATASTEEL,27-Aug-2020,290,CE,0,0,0,41.8,56.35,0,0,0,0,06-JUL-2020,
OPTSTK,TATASTEEL,27-Aug-2020,295,CE,0,0,0,39.5,52.5,0,0,0,0,06-JUL-2020,
OPTSTK,TATASTEEL,27-Aug-2020,300,CE,0,0,0,42.5,48.8,0,0,3400,0,06-JUL-2020,
OPTSTK,TATASTEEL,27-Aug-2020,305,CE,0,0,0,35.2,45.25,0,0,0,0,06-JUL-2020,
OPTSTK,TATASTEEL,27-Aug-2020,310,CE,0,0,0,33.25,41.85,0,0,0,0,06-JUL-2020,
OPTSTK,TATASTEEL,27-Aug-2020,315,CE,0,0,0,31.35,38.6,0,0,0,0,06-JUL-2020,
OPTSTK,TATASTEEL,27-Aug-2020,320,CE,0,0,0,26.8,35.5,0,0,22100,0,06-JUL-2020,
OPTSTK,TATASTEEL,27-Aug-2020,325,CE,0,0,0,27.8,32.6,0,0,0,0,06-JUL-2020,
OPTSTK,TATASTEEL,27-Aug-2020,330,CE,0,0,0,18.75,29.85,0,0,3400,0,06-JUL-2020,
OPTSTK,TATASTEEL,27-Aug-2020,335,CE,0,0,0,24.65,27.25,0,0,0,0,06-JUL-2020,
OPTSTK,TATASTEEL,27-Aug-2020,340,CE,19.5,19.6,19.5,19.6,24.85,2,12.22,5100,3400,06-JUL-2020,
OPTSTK,TATASTEEL,27-Aug-2020,345,CE,0,0,0,14,22.6,0,0,15300,0,06-JUL-2020,
OPTSTK,TATASTEEL,27-Aug-2020,350,CE,13.7,15.5,13.7,14.7,14.7,19,117.87,103700,1700,06-JUL-2020,
OPTSTK,TATASTEEL,27-Aug-2020,355,CE,14.05,14.05,14.05,14.05,18.55,1,6.27,44200,0,06-JUL-2020,
OPTSTK,TATASTEEL,27-Aug-2020,360,CE,10.9,12.45,10.9,11.95,11.95,10,63.24,45900,8500,06-JUL-2020,
OPTSTK,TATASTEEL,27-Aug-2020,365,CE,0,0,0,17,15.1,0,0,0,0,06-JUL-2020,
OPTSTK,TATASTEEL,27-Aug-2020,370,CE,10.7,10.85,10,10,13.55,9,58.2,17000,10200,06-JUL-2020,
OPTSTK,TATASTEEL,27-Aug-2020,375,CE,0,0,0,15,12.15,0,0,0,0,06-JUL-2020,
OPTSTK,TATASTEEL,27-Aug-2020,380,CE,7.95,7.95,7.95,7.95,10.9,1,6.59,1700,1700,06-JUL-2020,
OPTSTK,TATASTEEL,27-Aug-2020,385,CE,0,0,0,13.2,9.75,0,0,0,0,06-JUL-2020,
OPTSTK,TATASTEEL,27-Aug-2020,390,CE,0,0,0,12.35,8.65,0,0,0,0,06-JUL-2020,
OPTSTK,TATASTEEL,27-Aug-2020,395,CE,0,0,0,11.6,7.7,0,0,0,0,06-JUL-2020,
OPTSTK,TATASTEEL,27-Aug-2020,400,CE,3.15,5.45,3.15,4.95,6.85,3,20.63,13600,0,06-JUL-2020,
OPTSTK,TATASTEEL,27-Aug-2020,405,CE,0,0,0,10.15,6.05,0,0,0,0,06-JUL-2020,
OPTSTK,TATASTEEL,27-Aug-2020,185,PE,0,0,0,2.2,0.05,0,0,0,0,06-JUL-2020,
OPTSTK,TATASTEEL,27-Aug-2020,190,PE,0,0,0,2.7,0.05,0,0,0,0,06-JUL-2020,
OPTSTK,TATASTEEL,27-Aug-2020,195,PE,0,0,0,3.25,0.05,0,0,0,0,06-JUL-2020,
OPTSTK,TATASTEEL,27-Aug-2020,200,PE,0,0,0,3.9,0.05,0,0,0,0,06-JUL-2020,
OPTSTK,TATASTEEL,27-Aug-2020,205,PE,0,0,0,4.6,0.05,0,0,0,0,06-JUL-2020,
OPTSTK,TATASTEEL,27-Aug-2020,210,PE,0,0,0,5.4,0.05,0,0,0,0,06-JUL-2020,
OPTSTK,TATASTEEL,27-Aug-2020,215,PE,0,0,0,6.3,0.1,0,0,0,0,06-JUL-2020,
OPTSTK,TATASTEEL,27-Aug-2020,220,PE,0,0,0,7.3,0.1,0,0,0,0,06-JUL-2020,
OPTSTK,TATASTEEL,27-Aug-2020,225,PE,0,0,0,8.4,0.2,0,0,0,0,06-JUL-2020,
OPTSTK,TATASTEEL,27-Aug-2020,230,PE,0,0,0,9.65,0.25,0,0,0,0,06-JUL-2020,
OPTSTK,TATASTEEL,27-Aug-2020,235,PE,0,0,0,10.95,0.35,0,0,0,0,06-JUL-2020,
OPTSTK,TATASTEEL,27-Aug-2020,240,PE,0,0,0,12.35,0.5,0,0,0,0,06-JUL-2020,
OPTSTK,TATASTEEL,27-Aug-2020,245,PE,0,0,0,13.9,0.7,0,0,0,0,06-JUL-2020,
OPTSTK,TATASTEEL,27-Aug-2020,250,PE,0,0,0,15.55,0.9,0,0,0,0,06-JUL-2020,
OPTSTK,TATASTEEL,27-Aug-2020,255,PE,0,0,0,17.3,1.2,0,0,0,0,06-JUL-2020,
OPTSTK,TATASTEEL,27-Aug-2020,260,PE,0,0,0,19.15,1.55,0,0,0,0,06-JUL-2020,
OPTSTK,TATASTEEL,27-Aug-2020,265,PE,0,0,0,21.15,2,0,0,0,0,06-JUL-2020,
OPTSTK,TATASTEEL,27-Aug-2020,270,PE,0,0,0,23.25,2.5,0,0,0,0,06-JUL-2020,
OPTSTK,TATASTEEL,27-Aug-2020,275,PE,0,0,0,25.45,3.15,0,0,0,0,06-JUL-2020,
OPTSTK,TATASTEEL,27-Aug-2020,280,PE,0,0,0,27.8,3.9,0,0,0,0,06-JUL-2020,
OPTSTK,TATASTEEL,27-Aug-2020,285,PE,0,0,0,30.2,4.75,0,0,0,0,06-JUL-2020,
OPTSTK,TATASTEEL,27-Aug-2020,290,PE,0,0,0,17,5.7,0,0,3400,0,06-JUL-2020,
OPTSTK,TATASTEEL,27-Aug-2020,295,PE,0,0,0,35.4,6.8,0,0,0,0,06-JUL-2020,
OPTSTK,TATASTEEL,27-Aug-2020,300,PE,11.55,11.55,8.75,8.75,8.75,13,68.51,42500,8500,06-JUL-2020,
OPTSTK,TATASTEEL,27-Aug-2020,305,PE,11,11,11,11,9.5,2,10.74,3400,3400,06-JUL-2020,
OPTSTK,TATASTEEL,27-Aug-2020,310,PE,0,0,0,21.05,11.05,0,0,5100,0,06-JUL-2020,
OPTSTK,TATASTEEL,27-Aug-2020,315,PE,0,0,0,47,12.8,0,0,0,0,06-JUL-2020,
OPTSTK,TATASTEEL,27-Aug-2020,320,PE,0,0,0,24,14.7,0,0,1700,0,06-JUL-2020,
OPTSTK,TATASTEEL,27-Aug-2020,325,PE,0,0,0,53.4,16.75,0,0,0,0,06-JUL-2020,
OPTSTK,TATASTEEL,27-Aug-2020,330,PE,0,0,0,56.7,18.95,0,0,0,0,06-JUL-2020,
OPTSTK,TATASTEEL,27-Aug-2020,335,PE,0,0,0,60.1,21.35,0,0,0,0,06-JUL-2020,
OPTSTK,TATASTEEL,27-Aug-2020,340,PE,0,0,0,63.55,23.9,0,0,0,0,06-JUL-2020,
OPTSTK,TATASTEEL,27-Aug-2020,345,PE,0,0,0,67.1,26.6,0,0,0,0,06-JUL-2020,
OPTSTK,TATASTEEL,27-Aug-2020,350,PE,0,0,0,70.75,29.5,0,0,0,0,06-JUL-2020,
OPTSTK,TATASTEEL,27-Aug-2020,355,PE,0,0,0,74.45,32.5,0,0,0,0,06-JUL-2020,
OPTSTK,TATASTEEL,27-Aug-2020,360,PE,0,0,0,78.25,35.65,0,0,0,0,06-JUL-2020,
OPTSTK,TATASTEEL,27-Aug-2020,365,PE,0,0,0,82.1,39,0,0,0,0,06-JUL-2020,
OPTSTK,TATASTEEL,27-Aug-2020,370,PE,0,0,0,85.95,42.45,0,0,0,0,06-JUL-2020,
OPTSTK,TATASTEEL,27-Aug-2020,375,PE,0,0,0,89.95,46,0,0,0,0,06-JUL-2020,
OPTSTK,TATASTEEL,27-Aug-2020,380,PE,0,0,0,93.95,49.7,0,0,0,0,06-JUL-2020,
OPTSTK,TATASTEEL,27-Aug-2020,385,PE,0,0,0,98,53.5,0,0,0,0,06-JUL-2020,
OPTSTK,TATASTEEL,27-Aug-2020,390,PE,0,0,0,102.1,57.4,0,0,0,0,06-JUL-2020,
OPTSTK,TATASTEEL,27-Aug-2020,395,PE,0,0,0,106.3,61.45,0,0,0,0,06-JUL-2020,
OPTSTK,TATASTEEL,27-Aug-2020,400,PE,0,0,0,110.5,65.55,0,0,0,0,06-JUL-2020,
OPTSTK,TATASTEEL,27-Aug-2020,405,PE,0,0,0,114.75,69.75,0,0,0,0,06-JUL-2020,
OPTSTK,TATASTEEL,24-Sep-2020,190,CE,0,0,0,136.35,150.75,0,0,0,0,06-JUL-2020,
OPTSTK,TATASTEEL,24-Sep-2020,200,CE,0,0,0,127.05,140.9,0,0,0,0,06-JUL-2020,
OPTSTK,TATASTEEL,24-Sep-2020,210,CE,0,0,0,117.95,131.15,0,0,0,0,06-JUL-2020,
OPTSTK,TATASTEEL,24-Sep-2020,220,CE,0,0,0,109.1,121.5,0,0,0,0,06-JUL-2020,
OPTSTK,TATASTEEL,24-Sep-2020,230,CE,0,0,0,100.6,112,0,0,0,0,06-JUL-2020,
OPTSTK,TATASTEEL,24-Sep-2020,240,CE,0,0,0,92.4,102.65,0,0,0,0,06-JUL-2020,
OPTSTK,TATASTEEL,24-Sep-2020,250,CE,0,0,0,84.6,93.6,0,0,0,0,06-JUL-2020,
OPTSTK,TATASTEEL,24-Sep-2020,260,CE,0,0,0,77.15,84.85,0,0,0,0,06-JUL-2020,
OPTSTK,TATASTEEL,24-Sep-2020,270,CE,0,0,0,70.15,76.45,0,0,0,0,06-JUL-2020,
OPTSTK,TATASTEEL,24-Sep-2020,280,CE,0,0,0,63.55,68.45,0,0,0,0,06-JUL-2020,
OPTSTK,TATASTEEL,24-Sep-2020,290,CE,0,0,0,57.4,60.95,0,0,0,0,06-JUL-2020,
OPTSTK,TATASTEEL,24-Sep-2020,300,CE,0,0,0,51.75,53.95,0,0,0,0,06-JUL-2020,
OPTSTK,TATASTEEL,24-Sep-2020,310,CE,0,0,0,46.45,47.45,0,0,0,0,06-JUL-2020,
OPTSTK,TATASTEEL,24-Sep-2020,320,CE,0,0,0,41.65,41.5,0,0,0,0,06-JUL-2020,
OPTSTK,TATASTEEL,24-Sep-2020,330,CE,0,0,0,37.2,36.05,0,0,0,0,06-JUL-2020,
OPTSTK,TATASTEEL,24-Sep-2020,340,CE,0,0,0,33.15,31.2,0,0,0,0,06-JUL-2020,
OPTSTK,TATASTEEL,24-Sep-2020,350,CE,0,0,0,29.5,26.85,0,0,0,0,06-JUL-2020,
OPTSTK,TATASTEEL,24-Sep-2020,360,CE,0,0,0,26.2,22.95,0,0,0,0,06-JUL-2020,
OPTSTK,TATASTEEL,24-Sep-2020,370,CE,0,0,0,23.2,19.55,0,0,0,0,06-JUL-2020,
OPTSTK,TATASTEEL,24-Sep-2020,380,CE,0,0,0,20.5,16.55,0,0,0,0,06-JUL-2020,
OPTSTK,TATASTEEL,24-Sep-2020,390,CE,0,0,0,18.1,14,0,0,0,0,06-JUL-2020,
OPTSTK,TATASTEEL,24-Sep-2020,400,CE,0,0,0,15.95,11.75,0,0,0,0,06-JUL-2020,
OPTSTK,TATASTEEL,24-Sep-2020,190,PE,0,0,0,1.05,0.1,0,0,0,0,06-JUL-2020,
OPTSTK,TATASTEEL,24-Sep-2020,200,PE,0,0,0,1.6,0.15,0,0,0,0,06-JUL-2020,
OPTSTK,TATASTEEL,24-Sep-2020,210,PE,0,0,0,2.4,0.3,0,0,0,0,06-JUL-2020,
OPTSTK,TATASTEEL,24-Sep-2020,220,PE,0,0,0,3.45,0.55,0,0,0,0,06-JUL-2020,
OPTSTK,TATASTEEL,24-Sep-2020,230,PE,0,0,0,4.8,0.95,0,0,0,0,06-JUL-2020,
OPTSTK,TATASTEEL,24-Sep-2020,240,PE,0,0,0,6.5,1.55,0,0,0,0,06-JUL-2020,
OPTSTK,TATASTEEL,24-Sep-2020,250,PE,0,0,0,8.6,2.4,0,0,0,0,06-JUL-2020,
OPTSTK,TATASTEEL,24-Sep-2020,260,PE,0,0,0,11.05,3.5,0,0,0,0,06-JUL-2020,
OPTSTK,TATASTEEL,24-Sep-2020,270,PE,0,0,0,13.9,5.05,0,0,0,0,06-JUL-2020,
OPTSTK,TATASTEEL,24-Sep-2020,280,PE,0,0,0,17.2,6.95,0,0,0,0,06-JUL-2020,
OPTSTK,TATASTEEL,24-Sep-2020,290,PE,0,0,0,20.95,9.35,0,0,0,0,06-JUL-2020,
OPTSTK,TATASTEEL,24-Sep-2020,300,PE,0,0,0,16,12.25,0,0,1700,0,06-JUL-2020,
OPTSTK,TATASTEEL,24-Sep-2020,310,PE,0,0,0,29.75,15.65,0,0,0,0,06-JUL-2020,
OPTSTK,TATASTEEL,24-Sep-2020,320,PE,0,0,0,34.8,19.6,0,0,0,0,06-JUL-2020,
OPTSTK,TATASTEEL,24-Sep-2020,330,PE,0,0,0,40.25,24.1,0,0,0,0,06-JUL-2020,
OPTSTK,TATASTEEL,24-Sep-2020,340,PE,0,0,0,46.1,29.15,0,0,0,0,06-JUL-2020,
OPTSTK,TATASTEEL,24-Sep-2020,350,PE,0,0,0,52.35,34.7,0,0,0,0,06-JUL-2020,
OPTSTK,TATASTEEL,24-Sep-2020,360,PE,0,0,0,58.9,40.7,0,0,0,0,06-JUL-2020,
OPTSTK,TATASTEEL,24-Sep-2020,370,PE,0,0,0,65.8,47.2,0,0,0,0,06-JUL-2020,
OPTSTK,TATASTEEL,24-Sep-2020,380,PE,0,0,0,73,54.15,0,0,0,0,06-JUL-2020,
OPTSTK,TATASTEEL,24-Sep-2020,390,PE,0,0,0,80.5,61.45,0,0,0,0,06-JUL-2020,
OPTSTK,TATASTEEL,24-Sep-2020,400,PE,0,0,0,88.25,69.15,0,0,0,0,06-JUL-2020,
OPTSTK,TCS,30-Jul-2020,1250,CE,0,0,0,800.65,1016.7,0,0,0,0,06-JUL-2020,
OPTSTK,TCS,30-Jul-2020,1300,CE,0,0,0,757.35,966.85,0,0,0,0,06-JUL-2020,
OPTSTK,TCS,30-Jul-2020,1350,CE,0,0,0,715.2,916.95,0,0,0,0,06-JUL-2020,
OPTSTK,TCS,30-Jul-2020,1400,CE,0,0,0,674.3,867.1,0,0,0,0,06-JUL-2020,
OPTSTK,TCS,30-Jul-2020,1450,CE,0,0,0,634.7,817.25,0,0,0,0,06-JUL-2020,
OPTSTK,TCS,30-Jul-2020,1500,CE,0,0,0,596.55,767.4,0,0,0,0,06-JUL-2020,
OPTSTK,TCS,30-Jul-2020,1550,CE,0,0,0,559.9,717.55,0,0,0,0,06-JUL-2020,
OPTSTK,TCS,30-Jul-2020,1560,CE,0,0,0,480.9,707.55,0,0,0,0,06-JUL-2020,
OPTSTK,TCS,30-Jul-2020,1580,CE,0,0,0,464.1,687.6,0,0,0,0,06-JUL-2020,
OPTSTK,TCS,30-Jul-2020,1600,CE,0,0,0,524.7,667.65,0,0,0,0,06-JUL-2020,
OPTSTK,TCS,30-Jul-2020,1620,CE,0,0,0,431.3,647.7,0,0,0,0,06-JUL-2020,
OPTSTK,TCS,30-Jul-2020,1640,CE,0,0,0,415.35,627.8,0,0,0,0,06-JUL-2020,
OPTSTK,TCS,30-Jul-2020,1650,CE,0,0,0,491,617.8,0,0,0,0,06-JUL-2020,
OPTSTK,TCS,30-Jul-2020,1660,CE,0,0,0,399.7,607.85,0,0,0,0,06-JUL-2020,
OPTSTK,TCS,30-Jul-2020,1680,CE,0,0,0,384.35,587.9,0,0,0,0,06-JUL-2020,
OPTSTK,TCS,30-Jul-2020,1700,CE,0,0,0,458.85,567.95,0,0,0,0,06-JUL-2020,
OPTSTK,TCS,30-Jul-2020,1720,CE,0,0,0,354.75,548,0,0,0,0,06-JUL-2020,
OPTSTK,TCS,30-Jul-2020,1740,CE,0,0,0,340.4,528.1,0,0,0,0,06-JUL-2020,
OPTSTK,TCS,30-Jul-2020,1750,CE,0,0,0,400,518.1,0,0,600,0,06-JUL-2020,
OPTSTK,TCS,30-Jul-2020,1760,CE,0,0,0,307.05,508.15,0,0,0,0,06-JUL-2020,
OPTSTK,TCS,30-Jul-2020,1780,CE,0,0,0,312.75,488.25,0,0,0,0,06-JUL-2020,
OPTSTK,TCS,30-Jul-2020,1800,CE,0,0,0,244,468.35,0,0,1200,0,06-JUL-2020,
OPTSTK,TCS,30-Jul-2020,1820,CE,0,0,0,286.5,448.5,0,0,0,0,06-JUL-2020,
OPTSTK,TCS,30-Jul-2020,1840,CE,0,0,0,273.95,428.65,0,0,0,0,06-JUL-2020,
OPTSTK,TCS,30-Jul-2020,1850,CE,0,0,0,371.75,418.75,0,0,0,0,06-JUL-2020,
OPTSTK,TCS,30-Jul-2020,1860,CE,0,0,0,261.8,408.85,0,0,0,0,06-JUL-2020,
OPTSTK,TCS,30-Jul-2020,1880,CE,0,0,0,250,389.15,0,0,0,0,06-JUL-2020,
OPTSTK,TCS,30-Jul-2020,1900,CE,313,355,313,346.1,369.5,6,40.18,3300,-600,06-JUL-2020,
OPTSTK,TCS,30-Jul-2020,1920,CE,0,0,0,169.15,350,0,0,600,0,06-JUL-2020,
OPTSTK,TCS,30-Jul-2020,1940,CE,0,0,0,150,330.6,0,0,300,0,06-JUL-2020,
OPTSTK,TCS,30-Jul-2020,1950,CE,285.35,285.35,285.35,285.35,321,1,6.7,11400,0,06-JUL-2020,
OPTSTK,TCS,30-Jul-2020,1960,CE,0,0,0,206.55,311.45,0,0,0,0,06-JUL-2020,
OPTSTK,TCS,30-Jul-2020,1980,CE,0,0,0,148,292.45,0,0,300,0,06-JUL-2020,
OPTSTK,TCS,30-Jul-2020,2000,CE,202.65,260,202.65,255,273.75,29,194.29,57000,-900,06-JUL-2020,
OPTSTK,TCS,30-Jul-2020,2020,CE,217,217,217,217,255.4,1,6.71,6000,-300,06-JUL-2020,
OPTSTK,TCS,30-Jul-2020,2040,CE,186,203.2,186,203.2,237.4,2,13.4,15600,-300,06-JUL-2020,
OPTSTK,TCS,30-Jul-2020,2050,CE,164.85,215,164.85,213.5,213.5,34,228.81,38700,-4800,06-JUL-2020,
OPTSTK,TCS,30-Jul-2020,2060,CE,170.75,187,170.75,183.4,219.8,13,87.57,21000,-1200,06-JUL-2020,
OPTSTK,TCS,30-Jul-2020,2080,CE,154.15,188,152.75,186.2,202.75,12,81.14,23400,-1500,06-JUL-2020,
OPTSTK,TCS,30-Jul-2020,2100,CE,131,175,131,170.1,170.1,265,1792.42,401700,-10800,06-JUL-2020,
OPTSTK,TCS,30-Jul-2020,2120,CE,126.5,158.5,122.8,151.9,151.9,28,190.08,26100,-4200,06-JUL-2020,
OPTSTK,TCS,30-Jul-2020,2140,CE,103.5,142,103.5,137,137,39,264.93,20400,-1500,06-JUL-2020,
OPTSTK,TCS,30-Jul-2020,2150,CE,92.7,137.45,92.7,135.5,135.5,138,940.28,36600,-7500,06-JUL-2020,
OPTSTK,TCS,30-Jul-2020,2160,CE,94.6,130,91,127.15,127.15,71,484.22,35400,-900,06-JUL-2020,
OPTSTK,TCS,30-Jul-2020,2180,CE,80.7,116.55,80.2,110.55,110.55,197,1347.41,22200,-5400,06-JUL-2020,
OPTSTK,TCS,30-Jul-2020,2200,CE,73.95,104.6,69,101.8,101.8,2095,14373.98,305100,3600,06-JUL-2020,
OPTSTK,TCS,30-Jul-2020,2220,CE,63.55,92.3,60.5,89.75,89.75,1244,8564.95,27900,9900,06-JUL-2020,
OPTSTK,TCS,30-Jul-2020,2240,CE,55,82,51.55,79,79,1763,12204.75,32100,4200,06-JUL-2020,
OPTSTK,TCS,30-Jul-2020,2250,CE,52.95,77.05,49,74.15,74.15,2213,15364.23,117900,5700,06-JUL-2020,
OPTSTK,TCS,30-Jul-2020,2260,CE,44.7,71.95,44.7,69.3,69.3,1237,8620.84,43200,19200,06-JUL-2020,
OPTSTK,TCS,30-Jul-2020,2280,CE,47.25,62.7,37.65,60.4,60.4,670,4696.1,36300,23700,06-JUL-2020,
OPTSTK,TCS,30-Jul-2020,2300,CE,33,54.35,32.6,51.95,51.95,3382,23799.25,312600,45000,06-JUL-2020,
OPTSTK,TCS,30-Jul-2020,2320,CE,30.75,48.6,30.75,44.6,44.6,205,1451.87,18000,7800,06-JUL-2020,
OPTSTK,TCS,30-Jul-2020,2340,CE,27.35,39.9,26,38.7,38.7,142,1011.4,18900,9900,06-JUL-2020,
OPTSTK,TCS,30-Jul-2020,2350,CE,20.55,37.25,20.55,35.6,35.6,711,5079.23,68700,27900,06-JUL-2020,
OPTSTK,TCS,30-Jul-2020,2360,CE,28,32.85,28,32.65,32.65,6,43.05,1500,1500,06-JUL-2020,
OPTSTK,TCS,30-Jul-2020,2380,CE,27.85,29,25,29,29,11,79.46,2400,2400,06-JUL-2020,
OPTSTK,TCS,30-Jul-2020,2400,CE,13.55,25,13.55,23.65,23.65,1763,12801.85,169800,3300,06-JUL-2020,
OPTSTK,TCS,30-Jul-2020,2420,CE,18,22.65,18,19.2,24.6,12,87.83,2400,1500,06-JUL-2020,
OPTSTK,TCS,30-Jul-2020,2440,CE,12.5,19.15,12.5,15.85,15.85,28,206.21,7800,3900,06-JUL-2020,
OPTSTK,TCS,30-Jul-2020,2450,CE,10,16.3,9.7,15.45,15.45,883,6525.57,167400,35100,06-JUL-2020,
OPTSTK,TCS,30-Jul-2020,1250,PE,0,0,0,20.35,0.05,0,0,0,0,06-JUL-2020,
OPTSTK,TCS,30-Jul-2020,1300,PE,0,0,0,26.4,0.05,0,0,0,0,06-JUL-2020,
OPTSTK,TCS,30-Jul-2020,1350,PE,0,0,0,33.6,0.05,0,0,0,0,06-JUL-2020,
OPTSTK,TCS,30-Jul-2020,1400,PE,0,0,0,42.1,0.05,0,0,0,0,06-JUL-2020,
OPTSTK,TCS,30-Jul-2020,1450,PE,0,0,0,51.9,0.05,0,0,0,0,06-JUL-2020,
OPTSTK,TCS,30-Jul-2020,1500,PE,0,0,0,63.1,0.05,0,0,0,0,06-JUL-2020,
OPTSTK,TCS,30-Jul-2020,1550,PE,0,0,0,75.8,0.05,0,0,0,0,06-JUL-2020,
OPTSTK,TCS,30-Jul-2020,1560,PE,0,0,0,23.45,0.05,0,0,0,0,06-JUL-2020,
OPTSTK,TCS,30-Jul-2020,1580,PE,0,0,0,26.45,0.05,0,0,0,0,06-JUL-2020,
OPTSTK,TCS,30-Jul-2020,1600,PE,0,0,0,0.6,0.05,0,0,10500,0,06-JUL-2020,
OPTSTK,TCS,30-Jul-2020,1620,PE,0,0,0,33.35,0.05,0,0,0,0,06-JUL-2020,
OPTSTK,TCS,30-Jul-2020,1640,PE,0,0,0,37.2,0.05,0,0,0,0,06-JUL-2020,
OPTSTK,TCS,30-Jul-2020,1650,PE,0,0,0,1.1,0.05,0,0,600,0,06-JUL-2020,
OPTSTK,TCS,30-Jul-2020,1660,PE,0,0,0,41.4,0.05,0,0,0,0,06-JUL-2020,
OPTSTK,TCS,30-Jul-2020,1680,PE,0,0,0,45.9,0.05,0,0,0,0,06-JUL-2020,
OPTSTK,TCS,30-Jul-2020,1700,PE,2.9,3.1,2.3,2.5,2.5,57,291.14,51000,300,06-JUL-2020,
OPTSTK,TCS,30-Jul-2020,1720,PE,0,0,0,55.95,0.05,0,0,0,0,06-JUL-2020,
OPTSTK,TCS,30-Jul-2020,1740,PE,0,0,0,61.45,0.05,0,0,0,0,06-JUL-2020,
OPTSTK,TCS,30-Jul-2020,1750,PE,0,0,0,4.8,0.05,0,0,3300,0,06-JUL-2020,
OPTSTK,TCS,30-Jul-2020,1760,PE,0,0,0,67.25,0.05,0,0,0,0,06-JUL-2020,
OPTSTK,TCS,30-Jul-2020,1780,PE,0,0,0,4.1,0.1,0,0,300,0,06-JUL-2020,
OPTSTK,TCS,30-Jul-2020,1800,PE,4.6,4.6,3.4,3.8,3.8,77,416.65,99600,1500,06-JUL-2020,
OPTSTK,TCS,30-Jul-2020,1820,PE,8.05,8.05,8,8,0.2,2,10.96,1200,-300,06-JUL-2020,
OPTSTK,TCS,30-Jul-2020,1840,PE,0,0,0,5.75,0.3,0,0,1200,0,06-JUL-2020,
OPTSTK,TCS,30-Jul-2020,1850,PE,4.5,5.7,4.5,4.5,0.4,12,66.77,15000,-1200,06-JUL-2020,
OPTSTK,TCS,30-Jul-2020,1860,PE,0,0,0,101.85,0.5,0,0,0,0,06-JUL-2020,
OPTSTK,TCS,30-Jul-2020,1880,PE,5,7,5,7,0.7,3,16.97,3600,-900,06-JUL-2020,
OPTSTK,TCS,30-Jul-2020,1900,PE,7.4,7.7,5.15,6.55,6.55,492,2814.55,361500,-2700,06-JUL-2020,
OPTSTK,TCS,30-Jul-2020,1920,PE,0,0,0,9,1.45,0,0,3000,0,06-JUL-2020,
OPTSTK,TCS,30-Jul-2020,1940,PE,10,11,9.25,9.25,2,6,35.09,6900,-900,06-JUL-2020,
OPTSTK,TCS,30-Jul-2020,1950,PE,11,12.2,9.05,9.55,9.55,66,388.12,54000,1800,06-JUL-2020,
OPTSTK,TCS,30-Jul-2020,1960,PE,10.85,11.8,10.4,10.4,10.4,15,88.69,9300,600,06-JUL-2020,
OPTSTK,TCS,30-Jul-2020,1980,PE,11.45,13.75,11,11.65,11.65,45,268.96,31500,1800,06-JUL-2020,
OPTSTK,TCS,30-Jul-2020,2000,PE,16.5,17.95,13.5,13.95,13.95,1164,7036.27,385200,60600,06-JUL-2020,
OPTSTK,TCS,30-Jul-2020,2020,PE,18.05,20,14.9,15.6,15.6,72,439.93,45000,5400,06-JUL-2020,
OPTSTK,TCS,30-Jul-2020,2040,PE,22.5,22.5,17.8,18.9,8.5,33,203.88,18900,-1800,06-JUL-2020,
OPTSTK,TCS,30-Jul-2020,2050,PE,25.15,26.15,19,19.45,19.45,585,3635.65,94500,25200,06-JUL-2020,
OPTSTK,TCS,30-Jul-2020,2060,PE,25.5,27.55,20,21,21,85,531.06,32700,0,06-JUL-2020,
OPTSTK,TCS,30-Jul-2020,2080,PE,31,32.05,23.4,24.2,24.2,409,2585.63,62400,-15300,06-JUL-2020,
OPTSTK,TCS,30-Jul-2020,2100,PE,38.6,38.65,27,28.15,28.15,2480,15857.38,387000,98700,06-JUL-2020,
OPTSTK,TCS,30-Jul-2020,2120,PE,43.45,44.9,31.3,32.45,32.45,512,3310.58,49500,10500,06-JUL-2020,
OPTSTK,TCS,30-Jul-2020,2140,PE,51.05,51.05,36.2,37.5,37.5,428,2800.42,30600,6900,06-JUL-2020,
OPTSTK,TCS,30-Jul-2020,2150,PE,55.05,56,39,40.4,40.4,843,5551.04,73800,37200,06-JUL-2020,
OPTSTK,TCS,30-Jul-2020,2160,PE,56,59.6,41.8,43.4,43.4,618,4092.75,38700,12600,06-JUL-2020,
OPTSTK,TCS,30-Jul-2020,2180,PE,65.05,67.9,48.3,49.95,49.95,915,6132.95,47100,28200,06-JUL-2020,
OPTSTK,TCS,30-Jul-2020,2200,PE,75.85,78.15,55.45,57.75,57.75,2555,17349.37,231900,165300,06-JUL-2020,
OPTSTK,TCS,30-Jul-2020,2220,PE,90.1,90.1,63.6,65.7,65.7,605,4157.37,29100,19800,06-JUL-2020,
OPTSTK,TCS,30-Jul-2020,2240,PE,88,88,72,74.2,74.2,232,1613.23,19500,19500,06-JUL-2020,
OPTSTK,TCS,30-Jul-2020,2250,PE,93,93,77,80,80,200,1398.92,39900,39600,06-JUL-2020,
OPTSTK,TCS,30-Jul-2020,2260,PE,90,90,82.3,84.6,84.6,102,717.71,15000,15000,06-JUL-2020,
OPTSTK,TCS,30-Jul-2020,2280,PE,92,95.75,92,95.75,80.7,31,220.71,8400,8400,06-JUL-2020,
OPTSTK,TCS,30-Jul-2020,2300,PE,138,138,104,107.25,107.25,134,969.83,16500,14400,06-JUL-2020,
OPTSTK,TCS,30-Jul-2020,2320,PE,0,0,0,373.75,103.8,0,0,0,0,06-JUL-2020,
OPTSTK,TCS,30-Jul-2020,2340,PE,0,0,0,389.1,116.55,0,0,0,0,06-JUL-2020,
OPTSTK,TCS,30-Jul-2020,2350,PE,155,155,150,150,123.25,2,15.01,1500,300,06-JUL-2020,
OPTSTK,TCS,30-Jul-2020,2360,PE,0,0,0,404.7,130.1,0,0,0,0,06-JUL-2020,
OPTSTK,TCS,30-Jul-2020,2380,PE,0,0,0,420.5,144.3,0,0,0,0,06-JUL-2020,
OPTSTK,TCS,30-Jul-2020,2400,PE,194,194,175,183,159.15,3,23.25,300,0,06-JUL-2020,
OPTSTK,TCS,30-Jul-2020,2420,PE,0,0,0,452.6,174.65,0,0,0,0,06-JUL-2020,
OPTSTK,TCS,30-Jul-2020,2440,PE,0,0,0,469,190.75,0,0,0,0,06-JUL-2020,
OPTSTK,TCS,30-Jul-2020,2450,PE,0,0,0,551.65,198.95,0,0,0,0,06-JUL-2020,
OPTSTK,TCS,27-Aug-2020,1520,CE,0,0,0,535.55,752.4,0,0,0,0,06-JUL-2020,
OPTSTK,TCS,27-Aug-2020,1540,CE,0,0,0,519.3,732.55,0,0,0,0,06-JUL-2020,
OPTSTK,TCS,27-Aug-2020,1560,CE,0,0,0,503.3,712.7,0,0,0,0,06-JUL-2020,
OPTSTK,TCS,27-Aug-2020,1580,CE,0,0,0,487.6,692.85,0,0,0,0,06-JUL-2020,
OPTSTK,TCS,27-Aug-2020,1600,CE,0,0,0,472.15,673,0,0,0,0,06-JUL-2020,
OPTSTK,TCS,27-Aug-2020,1620,CE,0,0,0,456.95,653.15,0,0,0,0,06-JUL-2020,
OPTSTK,TCS,27-Aug-2020,1640,CE,0,0,0,442.05,633.35,0,0,0,0,06-JUL-2020,
OPTSTK,TCS,27-Aug-2020,1660,CE,0,0,0,427.5,613.6,0,0,0,0,06-JUL-2020,
OPTSTK,TCS,27-Aug-2020,1680,CE,0,0,0,413.15,593.85,0,0,0,0,06-JUL-2020,
OPTSTK,TCS,27-Aug-2020,1700,CE,0,0,0,399.15,574.15,0,0,0,0,06-JUL-2020,
OPTSTK,TCS,27-Aug-2020,1720,CE,0,0,0,385.4,554.5,0,0,0,0,06-JUL-2020,
OPTSTK,TCS,27-Aug-2020,1740,CE,0,0,0,372,534.9,0,0,0,0,06-JUL-2020,
OPTSTK,TCS,27-Aug-2020,1760,CE,0,0,0,395,515.4,0,0,1200,0,06-JUL-2020,
OPTSTK,TCS,27-Aug-2020,1780,CE,0,0,0,346,496,0,0,0,0,06-JUL-2020,
OPTSTK,TCS,27-Aug-2020,1800,CE,420,420,420,420,476.65,2,13.32,2100,600,06-JUL-2020,
OPTSTK,TCS,27-Aug-2020,1820,CE,0,0,0,321.35,457.5,0,0,0,0,06-JUL-2020,
OPTSTK,TCS,27-Aug-2020,1840,CE,0,0,0,309.5,438.45,0,0,0,0,06-JUL-2020,
OPTSTK,TCS,27-Aug-2020,1860,CE,0,0,0,297.95,419.6,0,0,0,0,06-JUL-2020,
OPTSTK,TCS,27-Aug-2020,1880,CE,0,0,0,286.75,400.95,0,0,0,0,06-JUL-2020,
OPTSTK,TCS,27-Aug-2020,1900,CE,0,0,0,275.8,382.5,0,0,0,0,06-JUL-2020,
OPTSTK,TCS,27-Aug-2020,1920,CE,0,0,0,265.2,364.3,0,0,0,0,06-JUL-2020,
OPTSTK,TCS,27-Aug-2020,1940,CE,0,0,0,254.9,346.4,0,0,0,0,06-JUL-2020,
OPTSTK,TCS,27-Aug-2020,1960,CE,0,0,0,244.9,328.8,0,0,0,0,06-JUL-2020,
OPTSTK,TCS,27-Aug-2020,1980,CE,0,0,0,235.2,311.55,0,0,0,0,06-JUL-2020,
OPTSTK,TCS,27-Aug-2020,2000,CE,0,0,0,225.8,294.65,0,0,0,0,06-JUL-2020,
OPTSTK,TCS,27-Aug-2020,2020,CE,0,0,0,216.7,278.15,0,0,0,0,06-JUL-2020,
OPTSTK,TCS,27-Aug-2020,2040,CE,0,0,0,207.85,262.05,0,0,0,0,06-JUL-2020,
OPTSTK,TCS,27-Aug-2020,2060,CE,0,0,0,199.35,246.4,0,0,0,0,06-JUL-2020,
OPTSTK,TCS,27-Aug-2020,2080,CE,0,0,0,191.1,231.25,0,0,0,0,06-JUL-2020,
OPTSTK,TCS,27-Aug-2020,2100,CE,175,202.1,175,200.9,200.9,8,54.87,2400,900,06-JUL-2020,
OPTSTK,TCS,27-Aug-2020,2120,CE,0,0,0,175.4,202.4,0,0,0,0,06-JUL-2020,
OPTSTK,TCS,27-Aug-2020,2140,CE,0,0,0,168,188.8,0,0,0,0,06-JUL-2020,
OPTSTK,TCS,27-Aug-2020,2160,CE,0,0,0,100,175.7,0,0,300,0,06-JUL-2020,
OPTSTK,TCS,27-Aug-2020,2180,CE,0,0,0,153.9,163.2,0,0,0,0,06-JUL-2020,
OPTSTK,TCS,27-Aug-2020,2200,CE,105,130.9,105,130.9,151.25,10,69.75,6000,1500,06-JUL-2020,
OPTSTK,TCS,27-Aug-2020,2220,CE,0,0,0,140.8,139.85,0,0,0,0,06-JUL-2020,
OPTSTK,TCS,27-Aug-2020,2240,CE,108,108,108,108,129.05,2,14.08,600,600,06-JUL-2020,
OPTSTK,TCS,27-Aug-2020,2260,CE,0,0,0,128.7,118.85,0,0,0,0,06-JUL-2020,
OPTSTK,TCS,27-Aug-2020,2280,CE,0,0,0,67.95,109.2,0,0,600,0,06-JUL-2020,
OPTSTK,TCS,27-Aug-2020,2300,CE,80,88.5,76,88.5,88.5,18,128.5,4800,1200,06-JUL-2020,
OPTSTK,TCS,27-Aug-2020,2320,CE,0,0,0,112.15,91.6,0,0,0,0,06-JUL-2020,
OPTSTK,TCS,27-Aug-2020,2340,CE,0,0,0,107.2,83.6,0,0,0,0,06-JUL-2020,
OPTSTK,TCS,27-Aug-2020,2360,CE,50,74.2,50,62.5,76.15,9,65.5,4200,300,06-JUL-2020,
OPTSTK,TCS,27-Aug-2020,2380,CE,0,0,0,97.65,69.2,0,0,0,0,06-JUL-2020,
OPTSTK,TCS,27-Aug-2020,2400,CE,45,56,45,55.35,55.35,20,147.07,25200,-300,06-JUL-2020,
OPTSTK,TCS,27-Aug-2020,2420,CE,0,0,0,88.85,56.8,0,0,0,0,06-JUL-2020,
OPTSTK,TCS,27-Aug-2020,2440,CE,39.35,46.1,38.9,44.75,44.75,29,215.87,16200,6300,06-JUL-2020,
OPTSTK,TCS,27-Aug-2020,1520,PE,0,0,0,32.8,0.05,0,0,0,0,06-JUL-2020,
OPTSTK,TCS,27-Aug-2020,1540,PE,0,0,0,36.3,0.05,0,0,0,0,06-JUL-2020,
OPTSTK,TCS,27-Aug-2020,1560,PE,0,0,0,3.95,0.05,0,0,300,0,06-JUL-2020,
OPTSTK,TCS,27-Aug-2020,1580,PE,0,0,0,44.1,0.1,0,0,0,0,06-JUL-2020,
OPTSTK,TCS,27-Aug-2020,1600,PE,0,0,0,48.4,0.15,0,0,0,0,06-JUL-2020,
OPTSTK,TCS,27-Aug-2020,1620,PE,0,0,0,53,0.2,0,0,0,0,06-JUL-2020,
OPTSTK,TCS,27-Aug-2020,1640,PE,0,0,0,57.85,0.25,0,0,0,0,06-JUL-2020,
OPTSTK,TCS,27-Aug-2020,1660,PE,0,0,0,63.05,0.35,0,0,0,0,06-JUL-2020,
OPTSTK,TCS,27-Aug-2020,1680,PE,0,0,0,68.45,0.5,0,0,0,0,06-JUL-2020,
OPTSTK,TCS,27-Aug-2020,1700,PE,0,0,0,74.2,0.7,0,0,0,0,06-JUL-2020,
OPTSTK,TCS,27-Aug-2020,1720,PE,0,0,0,80.25,0.9,0,0,0,0,06-JUL-2020,
OPTSTK,TCS,27-Aug-2020,1740,PE,0,0,0,86.55,1.2,0,0,0,0,06-JUL-2020,
OPTSTK,TCS,27-Aug-2020,1760,PE,0,0,0,93.2,1.55,0,0,0,0,06-JUL-2020,
OPTSTK,TCS,27-Aug-2020,1780,PE,0,0,0,100.1,2.05,0,0,0,0,06-JUL-2020,
OPTSTK,TCS,27-Aug-2020,1800,PE,4.5,11,4.2,11,11,5,27.09,1500,600,06-JUL-2020,
OPTSTK,TCS,27-Aug-2020,1820,PE,0,0,0,114.95,3.3,0,0,0,0,06-JUL-2020,
OPTSTK,TCS,27-Aug-2020,1840,PE,0,0,0,122.85,4.15,0,0,0,0,06-JUL-2020,
OPTSTK,TCS,27-Aug-2020,1860,PE,0,0,0,131.05,5.15,0,0,0,0,06-JUL-2020,
OPTSTK,TCS,27-Aug-2020,1880,PE,0,0,0,22,6.4,0,0,649500,0,06-JUL-2020,
OPTSTK,TCS,27-Aug-2020,1900,PE,24,24,18,18.05,18.05,5,28.8,3300,600,06-JUL-2020,
OPTSTK,TCS,27-Aug-2020,1920,PE,0,0,0,157.6,9.55,0,0,0,0,06-JUL-2020,
OPTSTK,TCS,27-Aug-2020,1940,PE,0,0,0,167.05,11.5,0,0,0,0,06-JUL-2020,
OPTSTK,TCS,27-Aug-2020,1960,PE,0,0,0,176.8,13.75,0,0,0,0,06-JUL-2020,
OPTSTK,TCS,27-Aug-2020,1980,PE,0,0,0,186.85,16.4,0,0,0,0,06-JUL-2020,
OPTSTK,TCS,27-Aug-2020,2000,PE,32,32,27.5,28.25,28.25,5,30.45,1200,1200,06-JUL-2020,
OPTSTK,TCS,27-Aug-2020,2020,PE,0,0,0,207.85,22.75,0,0,0,0,06-JUL-2020,
OPTSTK,TCS,27-Aug-2020,2040,PE,0,0,0,218.8,26.55,0,0,0,0,06-JUL-2020,
OPTSTK,TCS,27-Aug-2020,2060,PE,0,0,0,230,30.75,0,0,0,0,06-JUL-2020,
OPTSTK,TCS,27-Aug-2020,2080,PE,0,0,0,241.55,35.5,0,0,0,0,06-JUL-2020,
OPTSTK,TCS,27-Aug-2020,2100,PE,60,60.95,50,54.85,54.85,33,213.36,7500,6300,06-JUL-2020,
OPTSTK,TCS,27-Aug-2020,2120,PE,0,0,0,265.4,46.4,0,0,0,0,06-JUL-2020,
OPTSTK,TCS,27-Aug-2020,2140,PE,0,0,0,277.7,52.65,0,0,0,0,06-JUL-2020,
OPTSTK,TCS,27-Aug-2020,2160,PE,0,0,0,290.3,59.5,0,0,0,0,06-JUL-2020,
OPTSTK,TCS,27-Aug-2020,2180,PE,0,0,0,303.15,66.85,0,0,0,0,06-JUL-2020,
OPTSTK,TCS,27-Aug-2020,2200,PE,105,105,89,93,93,3,20.66,900,600,06-JUL-2020,
OPTSTK,TCS,27-Aug-2020,2220,PE,0,0,0,329.55,83.25,0,0,0,0,06-JUL-2020,
OPTSTK,TCS,27-Aug-2020,2240,PE,0,0,0,343.15,92.35,0,0,0,0,06-JUL-2020,
OPTSTK,TCS,27-Aug-2020,2260,PE,0,0,0,356.95,102,0,0,0,0,06-JUL-2020,
OPTSTK,TCS,27-Aug-2020,2280,PE,0,0,0,371,112.25,0,0,0,0,06-JUL-2020,
OPTSTK,TCS,27-Aug-2020,2300,PE,0,0,0,385.25,123.05,0,0,0,0,06-JUL-2020,
OPTSTK,TCS,27-Aug-2020,2320,PE,0,0,0,399.7,134.4,0,0,0,0,06-JUL-2020,
OPTSTK,TCS,27-Aug-2020,2340,PE,0,0,0,414.45,146.25,0,0,0,0,06-JUL-2020,
OPTSTK,TCS,27-Aug-2020,2360,PE,0,0,0,429.35,158.7,0,0,0,0,06-JUL-2020,
OPTSTK,TCS,27-Aug-2020,2380,PE,0,0,0,444.45,171.65,0,0,0,0,06-JUL-2020,
OPTSTK,TCS,27-Aug-2020,2400,PE,192,192,192,192,185.1,1,7.77,300,300,06-JUL-2020,
OPTSTK,TCS,27-Aug-2020,2420,PE,0,0,0,475.2,199,0,0,0,0,06-JUL-2020,
OPTSTK,TCS,27-Aug-2020,2440,PE,0,0,0,490.8,213.35,0,0,0,0,06-JUL-2020,
OPTSTK,TCS,24-Sep-2020,1540,CE,0,0,0,509.8,737.9,0,0,0,0,06-JUL-2020,
OPTSTK,TCS,24-Sep-2020,1560,CE,0,0,0,492.35,718.2,0,0,0,0,06-JUL-2020,
OPTSTK,TCS,24-Sep-2020,1580,CE,0,0,0,475.15,698.55,0,0,0,0,06-JUL-2020,
OPTSTK,TCS,24-Sep-2020,1600,CE,0,0,0,458.2,678.95,0,0,0,0,06-JUL-2020,
OPTSTK,TCS,24-Sep-2020,1620,CE,0,0,0,441.5,659.4,0,0,0,0,06-JUL-2020,
OPTSTK,TCS,24-Sep-2020,1640,CE,0,0,0,425.1,639.9,0,0,0,0,06-JUL-2020,
OPTSTK,TCS,24-Sep-2020,1660,CE,0,0,0,408.95,620.5,0,0,0,0,06-JUL-2020,
OPTSTK,TCS,24-Sep-2020,1680,CE,0,0,0,393.15,601.15,0,0,0,0,06-JUL-2020,
OPTSTK,TCS,24-Sep-2020,1700,CE,0,0,0,377.65,581.9,0,0,0,0,06-JUL-2020,
OPTSTK,TCS,24-Sep-2020,1720,CE,0,0,0,362.5,562.75,0,0,0,0,06-JUL-2020,
OPTSTK,TCS,24-Sep-2020,1740,CE,0,0,0,347.75,543.7,0,0,0,0,06-JUL-2020,
OPTSTK,TCS,24-Sep-2020,1760,CE,0,0,0,333.25,524.85,0,0,0,0,06-JUL-2020,
OPTSTK,TCS,24-Sep-2020,1780,CE,0,0,0,319.15,506.1,0,0,0,0,06-JUL-2020,
OPTSTK,TCS,24-Sep-2020,1800,CE,0,0,0,305.35,487.55,0,0,0,0,06-JUL-2020,
OPTSTK,TCS,24-Sep-2020,1820,CE,0,0,0,291.9,469.2,0,0,0,0,06-JUL-2020,
OPTSTK,TCS,24-Sep-2020,1840,CE,0,0,0,278.85,451,0,0,0,0,06-JUL-2020,
OPTSTK,TCS,24-Sep-2020,1860,CE,0,0,0,266.25,433.1,0,0,0,0,06-JUL-2020,
OPTSTK,TCS,24-Sep-2020,1880,CE,0,0,0,254,415.4,0,0,0,0,06-JUL-2020,
OPTSTK,TCS,24-Sep-2020,1900,CE,0,0,0,242.1,398,0,0,0,0,06-JUL-2020,
OPTSTK,TCS,24-Sep-2020,1920,CE,0,0,0,230.6,380.85,0,0,0,0,06-JUL-2020,
OPTSTK,TCS,24-Sep-2020,1940,CE,0,0,0,219.5,364.05,0,0,0,0,06-JUL-2020,
OPTSTK,TCS,24-Sep-2020,1960,CE,0,0,0,208.8,347.55,0,0,0,0,06-JUL-2020,
OPTSTK,TCS,24-Sep-2020,1980,CE,0,0,0,198.45,331.4,0,0,0,0,06-JUL-2020,
OPTSTK,TCS,24-Sep-2020,2000,CE,0,0,0,188.45,315.6,0,0,0,0,06-JUL-2020,
OPTSTK,TCS,24-Sep-2020,2020,CE,0,0,0,178.85,300.15,0,0,0,0,06-JUL-2020,
OPTSTK,TCS,24-Sep-2020,2040,CE,0,0,0,169.65,285.15,0,0,0,0,06-JUL-2020,
OPTSTK,TCS,24-Sep-2020,2060,CE,0,0,0,160.75,270.55,0,0,0,0,06-JUL-2020,
OPTSTK,TCS,24-Sep-2020,2080,CE,0,0,0,152.25,256.35,0,0,0,0,06-JUL-2020,
OPTSTK,TCS,24-Sep-2020,2100,CE,0,0,0,144.1,242.6,0,0,0,0,06-JUL-2020,
OPTSTK,TCS,24-Sep-2020,2120,CE,0,0,0,136.3,229.25,0,0,0,0,06-JUL-2020,
OPTSTK,TCS,24-Sep-2020,2140,CE,0,0,0,128.8,216.4,0,0,0,0,06-JUL-2020,
OPTSTK,TCS,24-Sep-2020,2160,CE,0,0,0,121.65,204,0,0,0,0,06-JUL-2020,
OPTSTK,TCS,24-Sep-2020,2180,CE,0,0,0,114.85,192.05,0,0,0,0,06-JUL-2020,
OPTSTK,TCS,24-Sep-2020,2200,CE,0,0,0,108.35,180.55,0,0,0,0,06-JUL-2020,
OPTSTK,TCS,24-Sep-2020,2220,CE,0,0,0,102.1,169.5,0,0,0,0,06-JUL-2020,
OPTSTK,TCS,24-Sep-2020,2240,CE,0,0,0,96.2,158.95,0,0,0,0,06-JUL-2020,
OPTSTK,TCS,24-Sep-2020,2260,CE,0,0,0,90.6,148.85,0,0,0,0,06-JUL-2020,
OPTSTK,TCS,24-Sep-2020,2280,CE,0,0,0,85.25,139.25,0,0,0,0,06-JUL-2020,
OPTSTK,TCS,24-Sep-2020,2300,CE,0,0,0,80.25,130.05,0,0,0,0,06-JUL-2020,
OPTSTK,TCS,24-Sep-2020,2320,CE,0,0,0,75.45,121.3,0,0,0,0,06-JUL-2020,
OPTSTK,TCS,24-Sep-2020,2340,CE,0,0,0,70.9,113.05,0,0,0,0,06-JUL-2020,
OPTSTK,TCS,24-Sep-2020,2360,CE,0,0,0,66.6,105.15,0,0,0,0,06-JUL-2020,
OPTSTK,TCS,24-Sep-2020,2380,CE,0,0,0,62.5,97.75,0,0,0,0,06-JUL-2020,
OPTSTK,TCS,24-Sep-2020,2400,CE,0,0,0,58.55,90.7,0,0,0,0,06-JUL-2020,
OPTSTK,TCS,24-Sep-2020,2420,CE,0,0,0,54.9,84.1,0,0,0,0,06-JUL-2020,
OPTSTK,TCS,24-Sep-2020,2440,CE,0,0,0,51.45,77.85,0,0,0,0,06-JUL-2020,
OPTSTK,TCS,24-Sep-2020,1540,PE,0,0,0,15.85,0.4,0,0,0,0,06-JUL-2020,
OPTSTK,TCS,24-Sep-2020,1560,PE,0,0,0,18.15,0.55,0,0,0,0,06-JUL-2020,
OPTSTK,TCS,24-Sep-2020,1580,PE,0,0,0,20.7,0.7,0,0,0,0,06-JUL-2020,
OPTSTK,TCS,24-Sep-2020,1600,PE,0,0,0,23.5,0.95,0,0,0,0,06-JUL-2020,
OPTSTK,TCS,24-Sep-2020,1620,PE,0,0,0,26.6,1.2,0,0,0,0,06-JUL-2020,
OPTSTK,TCS,24-Sep-2020,1640,PE,0,0,0,29.95,1.5,0,0,0,0,06-JUL-2020,
OPTSTK,TCS,24-Sep-2020,1660,PE,0,0,0,33.6,1.9,0,0,0,0,06-JUL-2020,
OPTSTK,TCS,24-Sep-2020,1680,PE,0,0,0,37.55,2.35,0,0,0,0,06-JUL-2020,
OPTSTK,TCS,24-Sep-2020,1700,PE,0,0,0,41.85,2.95,0,0,0,0,06-JUL-2020,
OPTSTK,TCS,24-Sep-2020,1720,PE,0,0,0,46.45,3.6,0,0,0,0,06-JUL-2020,
OPTSTK,TCS,24-Sep-2020,1740,PE,0,0,0,51.45,4.4,0,0,0,0,06-JUL-2020,
OPTSTK,TCS,24-Sep-2020,1760,PE,0,0,0,56.75,5.3,0,0,0,0,06-JUL-2020,
OPTSTK,TCS,24-Sep-2020,1780,PE,0,0,0,62.4,6.4,0,0,0,0,06-JUL-2020,
OPTSTK,TCS,24-Sep-2020,1800,PE,0,0,0,68.4,7.65,0,0,0,0,06-JUL-2020,
OPTSTK,TCS,24-Sep-2020,1820,PE,0,0,0,74.65,9.1,0,0,0,0,06-JUL-2020,
OPTSTK,TCS,24-Sep-2020,1840,PE,0,0,0,81.45,10.75,0,0,0,0,06-JUL-2020,
OPTSTK,TCS,24-Sep-2020,1860,PE,0,0,0,88.55,12.65,0,0,0,0,06-JUL-2020,
OPTSTK,TCS,24-Sep-2020,1880,PE,0,0,0,96.1,14.75,0,0,0,0,06-JUL-2020,
OPTSTK,TCS,24-Sep-2020,1900,PE,0,0,0,103.95,17.15,0,0,0,0,06-JUL-2020,
OPTSTK,TCS,24-Sep-2020,1920,PE,0,0,0,112.25,19.85,0,0,0,0,06-JUL-2020,
OPTSTK,TCS,24-Sep-2020,1940,PE,0,0,0,120.9,22.85,0,0,0,0,06-JUL-2020,
OPTSTK,TCS,24-Sep-2020,1960,PE,0,0,0,129.95,26.15,0,0,0,0,06-JUL-2020,
OPTSTK,TCS,24-Sep-2020,1980,PE,0,0,0,139.35,29.8,0,0,0,0,06-JUL-2020,
OPTSTK,TCS,24-Sep-2020,2000,PE,0,0,0,149.15,33.85,0,0,0,0,06-JUL-2020,
OPTSTK,TCS,24-Sep-2020,2020,PE,0,0,0,159.3,38.25,0,0,0,0,06-JUL-2020,
OPTSTK,TCS,24-Sep-2020,2040,PE,0,0,0,169.85,43.05,0,0,0,0,06-JUL-2020,
OPTSTK,TCS,24-Sep-2020,2060,PE,0,0,0,180.75,48.25,0,0,0,0,06-JUL-2020,
OPTSTK,TCS,24-Sep-2020,2080,PE,0,0,0,192,53.85,0,0,0,0,06-JUL-2020,
OPTSTK,TCS,24-Sep-2020,2100,PE,0,0,0,203.65,59.9,0,0,0,0,06-JUL-2020,
OPTSTK,TCS,24-Sep-2020,2120,PE,0,0,0,215.6,66.4,0,0,0,0,06-JUL-2020,
OPTSTK,TCS,24-Sep-2020,2140,PE,0,0,0,227.9,73.35,0,0,0,0,06-JUL-2020,
OPTSTK,TCS,24-Sep-2020,2160,PE,0,0,0,240.5,80.75,0,0,0,0,06-JUL-2020,
OPTSTK,TCS,24-Sep-2020,2180,PE,0,0,0,253.45,88.6,0,0,0,0,06-JUL-2020,
OPTSTK,TCS,24-Sep-2020,2200,PE,0,0,0,266.7,96.95,0,0,0,0,06-JUL-2020,
OPTSTK,TCS,24-Sep-2020,2220,PE,0,0,0,280.25,105.75,0,0,0,0,06-JUL-2020,
OPTSTK,TCS,24-Sep-2020,2240,PE,0,0,0,294.15,115,0,0,0,0,06-JUL-2020,
OPTSTK,TCS,24-Sep-2020,2260,PE,0,0,0,308.3,124.7,0,0,0,0,06-JUL-2020,
OPTSTK,TCS,24-Sep-2020,2280,PE,0,0,0,322.7,134.9,0,0,0,0,06-JUL-2020,
OPTSTK,TCS,24-Sep-2020,2300,PE,0,0,0,337.5,145.55,0,0,0,0,06-JUL-2020,
OPTSTK,TCS,24-Sep-2020,2320,PE,0,0,0,352.45,156.6,0,0,0,0,06-JUL-2020,
OPTSTK,TCS,24-Sep-2020,2340,PE,0,0,0,367.65,168.15,0,0,0,0,06-JUL-2020,
OPTSTK,TCS,24-Sep-2020,2360,PE,0,0,0,383.1,180.1,0,0,0,0,06-JUL-2020,
OPTSTK,TCS,24-Sep-2020,2380,PE,0,0,0,398.8,192.45,0,0,0,0,06-JUL-2020,
OPTSTK,TCS,24-Sep-2020,2400,PE,0,0,0,414.6,205.25,0,0,0,0,06-JUL-2020,
OPTSTK,TCS,24-Sep-2020,2420,PE,0,0,0,430.75,218.45,0,0,0,0,06-JUL-2020,
OPTSTK,TCS,24-Sep-2020,2440,PE,0,0,0,447.05,232.05,0,0,0,0,06-JUL-2020,
OPTSTK,TECHM,30-Jul-2020,360,CE,0,0,0,201.65,222.55,0,0,0,0,06-JUL-2020,
OPTSTK,TECHM,30-Jul-2020,370,CE,0,0,0,166.25,212.6,0,0,0,0,06-JUL-2020,
OPTSTK,TECHM,30-Jul-2020,380,CE,0,0,0,185.7,202.6,0,0,0,0,06-JUL-2020,
OPTSTK,TECHM,30-Jul-2020,390,CE,0,0,0,148.55,192.65,0,0,0,0,06-JUL-2020,
OPTSTK,TECHM,30-Jul-2020,400,CE,0,0,0,170.6,182.65,0,0,0,0,06-JUL-2020,
OPTSTK,TECHM,30-Jul-2020,410,CE,0,0,0,131.7,172.7,0,0,0,0,06-JUL-2020,
OPTSTK,TECHM,30-Jul-2020,420,CE,0,0,0,156.3,162.75,0,0,0,0,06-JUL-2020,
OPTSTK,TECHM,30-Jul-2020,430,CE,0,0,0,115.85,152.75,0,0,0,0,06-JUL-2020,
OPTSTK,TECHM,30-Jul-2020,440,CE,0,0,0,142.85,142.8,0,0,0,0,06-JUL-2020,
OPTSTK,TECHM,30-Jul-2020,450,CE,0,0,0,106.3,132.85,0,0,1200,0,06-JUL-2020,
OPTSTK,TECHM,30-Jul-2020,460,CE,0,0,0,130.25,122.95,0,0,0,0,06-JUL-2020,
OPTSTK,TECHM,30-Jul-2020,470,CE,0,0,0,87.55,113.1,0,0,0,0,06-JUL-2020,
OPTSTK,TECHM,30-Jul-2020,480,CE,0,0,0,79.25,103.35,0,0,6000,0,06-JUL-2020,
OPTSTK,TECHM,30-Jul-2020,490,CE,0,0,0,75.25,93.7,0,0,0,0,06-JUL-2020,
OPTSTK,TECHM,30-Jul-2020,500,CE,75.25,79,75.25,79,79,8,55.52,10800,1200,06-JUL-2020,
OPTSTK,TECHM,30-Jul-2020,510,CE,0,0,0,47.5,75.05,0,0,0,0,06-JUL-2020,
OPTSTK,TECHM,30-Jul-2020,520,CE,57,57,57,57,66.2,1,6.92,4800,0,06-JUL-2020,
OPTSTK,TECHM,30-Jul-2020,530,CE,49.55,55,49.55,55,57.75,6,42.05,12000,-3600,06-JUL-2020,
OPTSTK,TECHM,30-Jul-2020,540,CE,40,48.15,40,45.85,49.8,29,202.98,51600,0,06-JUL-2020,
OPTSTK,TECHM,30-Jul-2020,550,CE,31.8,41.5,31.8,37.5,37.5,59,415.31,130800,-9600,06-JUL-2020,
OPTSTK,TECHM,30-Jul-2020,560,CE,25.45,34.4,25.45,30.65,30.65,160,1132.71,130800,-38400,06-JUL-2020,
OPTSTK,TECHM,30-Jul-2020,570,CE,18.5,28.1,18.5,25,25,289,2061.96,94800,-75600,06-JUL-2020,
OPTSTK,TECHM,30-Jul-2020,580,CE,15.95,22.6,15.75,19.95,19.95,1212,8724.27,213600,-26400,06-JUL-2020,
OPTSTK,TECHM,30-Jul-2020,590,CE,13,18,12.35,15.6,15.6,846,6154,160800,31200,06-JUL-2020,
OPTSTK,TECHM,30-Jul-2020,600,CE,9.5,14.2,9.5,12.25,12.25,1539,11313.91,434400,74400,06-JUL-2020,
OPTSTK,TECHM,30-Jul-2020,610,CE,7.3,10.95,7.3,9.4,9.4,162,1204.86,54000,26400,06-JUL-2020,
OPTSTK,TECHM,30-Jul-2020,620,CE,5,8.4,5,7.1,7.1,260,1957.21,150000,10800,06-JUL-2020,
OPTSTK,TECHM,30-Jul-2020,630,CE,4,6.2,4,5.2,5.2,13,99.15,18000,2400,06-JUL-2020,
OPTSTK,TECHM,30-Jul-2020,640,CE,4,4.9,3.5,4.2,5.45,19,146.92,19200,9600,06-JUL-2020,
OPTSTK,TECHM,30-Jul-2020,650,CE,3,3.85,2.85,3.15,3.15,103,807.63,58800,40800,06-JUL-2020,
OPTSTK,TECHM,30-Jul-2020,660,CE,2.15,3,2.15,2.65,2.95,30,238.56,34800,20400,06-JUL-2020,
OPTSTK,TECHM,30-Jul-2020,670,CE,2.1,2.15,2.1,2.15,2.15,6,48.39,7200,7200,06-JUL-2020,
OPTSTK,TECHM,30-Jul-2020,680,CE,0,0,0,42.45,1.5,0,0,0,0,06-JUL-2020,
OPTSTK,TECHM,30-Jul-2020,690,CE,0,0,0,11.85,1.05,0,0,0,0,06-JUL-2020,
OPTSTK,TECHM,30-Jul-2020,700,CE,1,1.6,1,1.1,1.1,44,370.26,78000,16800,06-JUL-2020,
OPTSTK,TECHM,30-Jul-2020,710,CE,0,0,0,9.6,0.5,0,0,0,0,06-JUL-2020,
OPTSTK,TECHM,30-Jul-2020,720,CE,0,0,0,0.25,0.35,0,0,1200,0,06-JUL-2020,
OPTSTK,TECHM,30-Jul-2020,730,CE,0,0,0,0.25,0.25,0,0,1200,0,06-JUL-2020,
OPTSTK,TECHM,30-Jul-2020,740,CE,0,0,0,30.6,0.15,0,0,0,0,06-JUL-2020,
OPTSTK,TECHM,30-Jul-2020,750,CE,0,0,0,6.25,0.1,0,0,0,0,06-JUL-2020,
OPTSTK,TECHM,30-Jul-2020,760,CE,0,0,0,27.45,0.05,0,0,0,0,06-JUL-2020,
OPTSTK,TECHM,30-Jul-2020,780,CE,0,0,0,24.55,0.05,0,0,0,0,06-JUL-2020,
OPTSTK,TECHM,30-Jul-2020,800,CE,0,0,0,22,0.05,0,0,0,0,06-JUL-2020,
OPTSTK,TECHM,30-Jul-2020,360,PE,0,0,0,10.85,0.05,0,0,0,0,06-JUL-2020,
OPTSTK,TECHM,30-Jul-2020,370,PE,0,0,0,3.45,0.05,0,0,0,0,06-JUL-2020,
OPTSTK,TECHM,30-Jul-2020,380,PE,0,0,0,14.65,0.05,0,0,0,0,06-JUL-2020,
OPTSTK,TECHM,30-Jul-2020,390,PE,0,0,0,0.95,0.05,0,0,1200,0,06-JUL-2020,
OPTSTK,TECHM,30-Jul-2020,400,PE,0,0,0,0.25,0.05,0,0,1200,0,06-JUL-2020,
OPTSTK,TECHM,30-Jul-2020,410,PE,0,0,0,0.25,0.05,0,0,1200,0,06-JUL-2020,
OPTSTK,TECHM,30-Jul-2020,420,PE,0,0,0,24.7,0.05,0,0,0,0,06-JUL-2020,
OPTSTK,TECHM,30-Jul-2020,430,PE,0,0,0,12.55,0.05,0,0,0,0,06-JUL-2020,
OPTSTK,TECHM,30-Jul-2020,440,PE,0,0,0,0.85,0.05,0,0,9600,0,06-JUL-2020,
OPTSTK,TECHM,30-Jul-2020,450,PE,2.45,2.45,0.5,0.55,0.05,3,16.24,19200,-1200,06-JUL-2020,
OPTSTK,TECHM,30-Jul-2020,460,PE,0,0,0,5,0.15,0,0,2400,0,06-JUL-2020,
OPTSTK,TECHM,30-Jul-2020,470,PE,0,0,0,1.45,0.25,0,0,3600,0,06-JUL-2020,
OPTSTK,TECHM,30-Jul-2020,480,PE,1.4,1.5,1.15,1.25,0.45,19,109.73,96000,-7200,06-JUL-2020,
OPTSTK,TECHM,30-Jul-2020,490,PE,1.35,1.9,1.35,1.9,1.9,8,47.2,33600,-4800,06-JUL-2020,
OPTSTK,TECHM,30-Jul-2020,500,PE,2.25,2.95,2.15,2.45,2.45,132,795.89,176400,-45600,06-JUL-2020,
OPTSTK,TECHM,30-Jul-2020,510,PE,3.65,3.65,2.9,3.35,3.35,15,92.38,33600,-6000,06-JUL-2020,
OPTSTK,TECHM,30-Jul-2020,520,PE,6,6,4.15,4.35,4.35,96,604.48,100800,22800,06-JUL-2020,
OPTSTK,TECHM,30-Jul-2020,530,PE,6.8,7.65,5.55,6,6,98,630.66,70800,-4800,06-JUL-2020,
OPTSTK,TECHM,30-Jul-2020,540,PE,9.15,10.3,7.2,7.95,7.95,153,1006.83,84000,27600,06-JUL-2020,
OPTSTK,TECHM,30-Jul-2020,550,PE,12,13.85,9.5,10.65,10.65,134,902.28,78000,15600,06-JUL-2020,
OPTSTK,TECHM,30-Jul-2020,560,PE,18.5,18.5,12.6,13.9,13.9,246,1694.82,86400,37200,06-JUL-2020,
OPTSTK,TECHM,30-Jul-2020,570,PE,20,22.05,16.05,18.05,18.05,104,733.33,38400,26400,06-JUL-2020,
OPTSTK,TECHM,30-Jul-2020,580,PE,27.2,27.25,21.1,23.05,23.05,31,224.41,10800,7200,06-JUL-2020,
OPTSTK,TECHM,30-Jul-2020,590,PE,0,0,0,87.25,26.35,0,0,0,0,06-JUL-2020,
OPTSTK,TECHM,30-Jul-2020,600,PE,38.5,38.5,34.05,34.75,34.75,8,61.03,7200,1200,06-JUL-2020,
OPTSTK,TECHM,30-Jul-2020,610,PE,0,0,0,101.6,38.95,0,0,0,0,06-JUL-2020,
OPTSTK,TECHM,30-Jul-2020,620,PE,0,0,0,73,46.2,0,0,1200,0,06-JUL-2020,
OPTSTK,TECHM,30-Jul-2020,630,PE,0,0,0,71.05,53.9,0,0,0,0,06-JUL-2020,
OPTSTK,TECHM,30-Jul-2020,640,PE,0,0,0,138.2,62.1,0,0,0,0,06-JUL-2020,
OPTSTK,TECHM,30-Jul-2020,650,PE,79.3,79.3,79.3,79.3,70.65,1,8.75,3600,0,06-JUL-2020,
OPTSTK,TECHM,30-Jul-2020,660,PE,0,0,0,152.6,79.55,0,0,0,0,06-JUL-2020,
OPTSTK,TECHM,30-Jul-2020,670,PE,0,0,0,149.25,88.7,0,0,0,0,06-JUL-2020,
OPTSTK,TECHM,30-Jul-2020,680,PE,0,0,0,123.05,98.1,0,0,8400,0,06-JUL-2020,
OPTSTK,TECHM,30-Jul-2020,690,PE,0,0,0,166.35,107.6,0,0,0,0,06-JUL-2020,
OPTSTK,TECHM,30-Jul-2020,700,PE,0,0,0,182.95,117.25,0,0,0,0,06-JUL-2020,
OPTSTK,TECHM,30-Jul-2020,710,PE,0,0,0,183.95,127,0,0,0,0,06-JUL-2020,
OPTSTK,TECHM,30-Jul-2020,720,PE,0,0,0,198.8,136.8,0,0,0,0,06-JUL-2020,
OPTSTK,TECHM,30-Jul-2020,730,PE,0,0,0,201.9,146.65,0,0,0,0,06-JUL-2020,
OPTSTK,TECHM,30-Jul-2020,740,PE,0,0,0,215,156.55,0,0,0,0,06-JUL-2020,
OPTSTK,TECHM,30-Jul-2020,750,PE,0,0,0,220.25,166.45,0,0,0,0,06-JUL-2020,
OPTSTK,TECHM,30-Jul-2020,760,PE,0,0,0,231.55,176.4,0,0,0,0,06-JUL-2020,
OPTSTK,TECHM,30-Jul-2020,780,PE,0,0,0,248.45,196.3,0,0,0,0,06-JUL-2020,
OPTSTK,TECHM,30-Jul-2020,800,PE,0,0,0,244,216.25,0,0,1200,0,06-JUL-2020,
OPTSTK,TECHM,27-Aug-2020,360,CE,0,0,0,179.6,223.75,0,0,0,0,06-JUL-2020,
OPTSTK,TECHM,27-Aug-2020,370,CE,0,0,0,171,213.8,0,0,0,0,06-JUL-2020,
OPTSTK,TECHM,27-Aug-2020,380,CE,0,0,0,162.6,203.85,0,0,0,0,06-JUL-2020,
OPTSTK,TECHM,27-Aug-2020,390,CE,0,0,0,154.4,193.95,0,0,0,0,06-JUL-2020,
OPTSTK,TECHM,27-Aug-2020,400,CE,0,0,0,146.4,184.05,0,0,0,0,06-JUL-2020,
OPTSTK,TECHM,27-Aug-2020,410,CE,0,0,0,138.65,174.2,0,0,0,0,06-JUL-2020,
OPTSTK,TECHM,27-Aug-2020,420,CE,0,0,0,131.15,164.35,0,0,0,0,06-JUL-2020,
OPTSTK,TECHM,27-Aug-2020,430,CE,0,0,0,123.9,154.55,0,0,0,0,06-JUL-2020,
OPTSTK,TECHM,27-Aug-2020,440,CE,0,0,0,116.9,144.85,0,0,0,0,06-JUL-2020,
OPTSTK,TECHM,27-Aug-2020,450,CE,0,0,0,110.2,135.25,0,0,0,0,06-JUL-2020,
OPTSTK,TECHM,27-Aug-2020,460,CE,0,0,0,103.7,125.8,0,0,0,0,06-JUL-2020,
OPTSTK,TECHM,27-Aug-2020,470,CE,0,0,0,97.5,116.45,0,0,0,0,06-JUL-2020,
OPTSTK,TECHM,27-Aug-2020,480,CE,0,0,0,91.55,107.35,0,0,0,0,06-JUL-2020,
OPTSTK,TECHM,27-Aug-2020,490,CE,0,0,0,85.9,98.5,0,0,0,0,06-JUL-2020,
OPTSTK,TECHM,27-Aug-2020,500,CE,0,0,0,80.5,89.95,0,0,0,0,06-JUL-2020,
OPTSTK,TECHM,27-Aug-2020,510,CE,0,0,0,67,81.7,0,0,2400,0,06-JUL-2020,
OPTSTK,TECHM,27-Aug-2020,520,CE,0,0,0,57,73.85,0,0,1200,0,06-JUL-2020,
OPTSTK,TECHM,27-Aug-2020,530,CE,0,0,0,65.85,66.35,0,0,0,0,06-JUL-2020,
OPTSTK,TECHM,27-Aug-2020,540,CE,0,0,0,61.45,59.3,0,0,0,0,06-JUL-2020,
OPTSTK,TECHM,27-Aug-2020,550,CE,0,0,0,57.3,52.7,0,0,0,0,06-JUL-2020,
OPTSTK,TECHM,27-Aug-2020,560,CE,0,0,0,53.4,46.6,0,0,0,0,06-JUL-2020,
OPTSTK,TECHM,27-Aug-2020,570,CE,0,0,0,49.7,40.95,0,0,0,0,06-JUL-2020,
OPTSTK,TECHM,27-Aug-2020,580,CE,0,0,0,46.25,35.8,0,0,0,0,06-JUL-2020,
OPTSTK,TECHM,27-Aug-2020,590,CE,30.1,30.1,30.1,30.1,31.1,1,7.44,8400,1200,06-JUL-2020,
OPTSTK,TECHM,27-Aug-2020,600,CE,0,0,0,39.95,26.9,0,0,0,0,06-JUL-2020,
OPTSTK,TECHM,27-Aug-2020,610,CE,0,0,0,37.05,23.1,0,0,0,0,06-JUL-2020,
OPTSTK,TECHM,27-Aug-2020,620,CE,0,0,0,34.4,19.75,0,0,0,0,06-JUL-2020,
OPTSTK,TECHM,27-Aug-2020,630,CE,0,0,0,31.9,16.75,0,0,0,0,06-JUL-2020,
OPTSTK,TECHM,27-Aug-2020,640,CE,0,0,0,29.55,14.2,0,0,0,0,06-JUL-2020,
OPTSTK,TECHM,27-Aug-2020,650,CE,0,0,0,27.35,11.95,0,0,0,0,06-JUL-2020,
OPTSTK,TECHM,27-Aug-2020,660,CE,0,0,0,25.35,10,0,0,0,0,06-JUL-2020,
OPTSTK,TECHM,27-Aug-2020,670,CE,0,0,0,23.45,8.3,0,0,0,0,06-JUL-2020,
OPTSTK,TECHM,27-Aug-2020,680,CE,0,0,0,21.65,6.9,0,0,0,0,06-JUL-2020,
OPTSTK,TECHM,27-Aug-2020,690,CE,0,0,0,20,5.65,0,0,0,0,06-JUL-2020,
OPTSTK,TECHM,27-Aug-2020,700,CE,0,0,0,18.5,4.65,0,0,0,0,06-JUL-2020,
OPTSTK,TECHM,27-Aug-2020,710,CE,0,0,0,17.05,3.8,0,0,0,0,06-JUL-2020,
OPTSTK,TECHM,27-Aug-2020,720,CE,0,0,0,15.75,3.1,0,0,0,0,06-JUL-2020,
OPTSTK,TECHM,27-Aug-2020,730,CE,0,0,0,14.5,2.5,0,0,0,0,06-JUL-2020,
OPTSTK,TECHM,27-Aug-2020,740,CE,0,0,0,13.4,2,0,0,0,0,06-JUL-2020,
OPTSTK,TECHM,27-Aug-2020,750,CE,0,0,0,12.35,1.6,0,0,0,0,06-JUL-2020,
OPTSTK,TECHM,27-Aug-2020,360,PE,0,0,0,5.55,0.05,0,0,0,0,06-JUL-2020,
OPTSTK,TECHM,27-Aug-2020,370,PE,0,0,0,6.8,0.05,0,0,0,0,06-JUL-2020,
OPTSTK,TECHM,27-Aug-2020,380,PE,0,0,0,8.3,0.05,0,0,0,0,06-JUL-2020,
OPTSTK,TECHM,27-Aug-2020,390,PE,0,0,0,9.95,0.05,0,0,0,0,06-JUL-2020,
OPTSTK,TECHM,27-Aug-2020,400,PE,0,0,0,11.85,0.1,0,0,0,0,06-JUL-2020,
OPTSTK,TECHM,27-Aug-2020,410,PE,0,0,0,14,0.15,0,0,0,0,06-JUL-2020,
OPTSTK,TECHM,27-Aug-2020,420,PE,0,0,0,16.35,0.25,0,0,0,0,06-JUL-2020,
OPTSTK,TECHM,27-Aug-2020,430,PE,0,0,0,19,0.4,0,0,0,0,06-JUL-2020,
OPTSTK,TECHM,27-Aug-2020,440,PE,0,0,0,21.85,0.65,0,0,0,0,06-JUL-2020,
OPTSTK,TECHM,27-Aug-2020,450,PE,0,0,0,25,1,0,0,0,0,06-JUL-2020,
OPTSTK,TECHM,27-Aug-2020,460,PE,0,0,0,28.4,1.45,0,0,0,0,06-JUL-2020,
OPTSTK,TECHM,27-Aug-2020,470,PE,0,0,0,32.05,2.1,0,0,0,0,06-JUL-2020,
OPTSTK,TECHM,27-Aug-2020,480,PE,0,0,0,36,2.9,0,0,0,0,06-JUL-2020,
OPTSTK,TECHM,27-Aug-2020,490,PE,0,0,0,40.25,4,0,0,0,0,06-JUL-2020,
OPTSTK,TECHM,27-Aug-2020,500,PE,0,0,0,10.5,5.4,0,0,1200,0,06-JUL-2020,
OPTSTK,TECHM,27-Aug-2020,510,PE,0,0,0,12.35,7.1,0,0,4800,0,06-JUL-2020,
OPTSTK,TECHM,27-Aug-2020,520,PE,11,11,11,11,9.15,1,6.37,1200,1200,06-JUL-2020,
OPTSTK,TECHM,27-Aug-2020,530,PE,0,0,0,59.7,11.6,0,0,0,0,06-JUL-2020,
OPTSTK,TECHM,27-Aug-2020,540,PE,16.75,16.75,16.75,16.75,14.5,1,6.68,4800,1200,06-JUL-2020,
OPTSTK,TECHM,27-Aug-2020,550,PE,0,0,0,70.95,17.85,0,0,0,0,06-JUL-2020,
OPTSTK,TECHM,27-Aug-2020,560,PE,0,0,0,76.9,21.65,0,0,0,0,06-JUL-2020,
OPTSTK,TECHM,27-Aug-2020,570,PE,0,0,0,83.1,25.95,0,0,0,0,06-JUL-2020,
OPTSTK,TECHM,27-Aug-2020,580,PE,0,0,0,89.5,30.75,0,0,0,0,06-JUL-2020,
OPTSTK,TECHM,27-Aug-2020,590,PE,0,0,0,96.15,36,0,0,0,0,06-JUL-2020,
OPTSTK,TECHM,27-Aug-2020,600,PE,0,0,0,102.95,41.7,0,0,0,0,06-JUL-2020,
OPTSTK,TECHM,27-Aug-2020,610,PE,0,0,0,109.95,47.85,0,0,0,0,06-JUL-2020,
OPTSTK,TECHM,27-Aug-2020,620,PE,0,0,0,117.15,54.45,0,0,0,0,06-JUL-2020,
OPTSTK,TECHM,27-Aug-2020,630,PE,0,0,0,124.55,61.4,0,0,0,0,06-JUL-2020,
OPTSTK,TECHM,27-Aug-2020,640,PE,0,0,0,132.1,68.75,0,0,0,0,06-JUL-2020,
OPTSTK,TECHM,27-Aug-2020,650,PE,0,0,0,139.8,76.45,0,0,0,0,06-JUL-2020,
OPTSTK,TECHM,27-Aug-2020,660,PE,0,0,0,147.6,84.45,0,0,0,0,06-JUL-2020,
OPTSTK,TECHM,27-Aug-2020,670,PE,0,0,0,155.6,92.7,0,0,0,0,06-JUL-2020,
OPTSTK,TECHM,27-Aug-2020,680,PE,0,0,0,163.7,101.25,0,0,0,0,06-JUL-2020,
OPTSTK,TECHM,27-Aug-2020,690,PE,0,0,0,171.95,109.95,0,0,0,0,06-JUL-2020,
OPTSTK,TECHM,27-Aug-2020,700,PE,0,0,0,140,118.9,0,0,1200,0,06-JUL-2020,
OPTSTK,TECHM,27-Aug-2020,710,PE,0,0,0,188.75,127.95,0,0,0,0,06-JUL-2020,
OPTSTK,TECHM,27-Aug-2020,720,PE,0,0,0,197.3,137.2,0,0,0,0,06-JUL-2020,
OPTSTK,TECHM,27-Aug-2020,730,PE,0,0,0,205.95,146.55,0,0,0,0,06-JUL-2020,
OPTSTK,TECHM,27-Aug-2020,740,PE,0,0,0,214.7,156,0,0,0,0,06-JUL-2020,
OPTSTK,TECHM,27-Aug-2020,750,PE,162.65,171,162.65,171,165.55,2,22,2400,2400,06-JUL-2020,
OPTSTK,TECHM,24-Sep-2020,360,CE,0,0,0,200,224.95,0,0,0,0,06-JUL-2020,
OPTSTK,TECHM,24-Sep-2020,370,CE,0,0,0,190.65,215.1,0,0,0,0,06-JUL-2020,
OPTSTK,TECHM,24-Sep-2020,380,CE,0,0,0,181.45,205.3,0,0,0,0,06-JUL-2020,
OPTSTK,TECHM,24-Sep-2020,390,CE,0,0,0,172.4,195.5,0,0,0,0,06-JUL-2020,
OPTSTK,TECHM,24-Sep-2020,400,CE,0,0,0,163.5,185.75,0,0,0,0,06-JUL-2020,
OPTSTK,TECHM,24-Sep-2020,410,CE,0,0,0,154.8,176.05,0,0,0,0,06-JUL-2020,
OPTSTK,TECHM,24-Sep-2020,420,CE,0,0,0,146.3,166.45,0,0,0,0,06-JUL-2020,
OPTSTK,TECHM,24-Sep-2020,430,CE,0,0,0,138,157,0,0,0,0,06-JUL-2020,
OPTSTK,TECHM,24-Sep-2020,440,CE,0,0,0,129.95,147.65,0,0,0,0,06-JUL-2020,
OPTSTK,TECHM,24-Sep-2020,450,CE,0,0,0,122.15,138.45,0,0,0,0,06-JUL-2020,
OPTSTK,TECHM,24-Sep-2020,460,CE,0,0,0,114.65,129.45,0,0,0,0,06-JUL-2020,
OPTSTK,TECHM,24-Sep-2020,470,CE,0,0,0,107.4,120.65,0,0,0,0,06-JUL-2020,
OPTSTK,TECHM,24-Sep-2020,480,CE,0,0,0,100.4,112.1,0,0,0,0,06-JUL-2020,
OPTSTK,TECHM,24-Sep-2020,490,CE,0,0,0,93.7,103.8,0,0,0,0,06-JUL-2020,
OPTSTK,TECHM,24-Sep-2020,500,CE,0,0,0,87.3,95.8,0,0,0,0,06-JUL-2020,
OPTSTK,TECHM,24-Sep-2020,510,CE,0,0,0,81.2,88.15,0,0,0,0,06-JUL-2020,
OPTSTK,TECHM,24-Sep-2020,520,CE,0,0,0,75.4,80.8,0,0,0,0,06-JUL-2020,
OPTSTK,TECHM,24-Sep-2020,530,CE,0,0,0,69.9,73.8,0,0,0,0,06-JUL-2020,
OPTSTK,TECHM,24-Sep-2020,540,CE,0,0,0,64.75,67.2,0,0,0,0,06-JUL-2020,
OPTSTK,TECHM,24-Sep-2020,550,CE,0,0,0,59.85,61,0,0,0,0,06-JUL-2020,
OPTSTK,TECHM,24-Sep-2020,560,CE,0,0,0,55.2,55.15,0,0,0,0,06-JUL-2020,
OPTSTK,TECHM,24-Sep-2020,570,CE,0,0,0,50.9,49.7,0,0,0,0,06-JUL-2020,
OPTSTK,TECHM,24-Sep-2020,580,CE,0,0,0,46.85,44.65,0,0,0,0,06-JUL-2020,
OPTSTK,TECHM,24-Sep-2020,590,CE,0,0,0,43.05,40,0,0,0,0,06-JUL-2020,
OPTSTK,TECHM,24-Sep-2020,600,CE,0,0,0,39.5,35.65,0,0,0,0,06-JUL-2020,
OPTSTK,TECHM,24-Sep-2020,610,CE,0,0,0,36.2,31.75,0,0,0,0,06-JUL-2020,
OPTSTK,TECHM,24-Sep-2020,620,CE,0,0,0,33.15,28.15,0,0,0,0,06-JUL-2020,
OPTSTK,TECHM,24-Sep-2020,630,CE,0,0,0,30.3,24.85,0,0,0,0,06-JUL-2020,
OPTSTK,TECHM,24-Sep-2020,640,CE,0,0,0,27.65,21.9,0,0,0,0,06-JUL-2020,
OPTSTK,TECHM,24-Sep-2020,650,CE,0,0,0,25.25,19.25,0,0,0,0,06-JUL-2020,
OPTSTK,TECHM,24-Sep-2020,660,CE,0,0,0,23,16.85,0,0,0,0,06-JUL-2020,
OPTSTK,TECHM,24-Sep-2020,670,CE,0,0,0,20.95,14.75,0,0,0,0,06-JUL-2020,
OPTSTK,TECHM,24-Sep-2020,680,CE,0,0,0,19.05,12.85,0,0,0,0,06-JUL-2020,
OPTSTK,TECHM,24-Sep-2020,690,CE,0,0,0,17.3,11.15,0,0,0,0,06-JUL-2020,
OPTSTK,TECHM,24-Sep-2020,700,CE,0,0,0,15.7,9.65,0,0,0,0,06-JUL-2020,
OPTSTK,TECHM,24-Sep-2020,710,CE,0,0,0,14.25,8.35,0,0,0,0,06-JUL-2020,
OPTSTK,TECHM,24-Sep-2020,720,CE,0,0,0,12.9,7.2,0,0,0,0,06-JUL-2020,
OPTSTK,TECHM,24-Sep-2020,730,CE,0,0,0,11.7,6.2,0,0,0,0,06-JUL-2020,
OPTSTK,TECHM,24-Sep-2020,740,CE,0,0,0,10.55,5.3,0,0,0,0,06-JUL-2020,
OPTSTK,TECHM,24-Sep-2020,750,CE,0,0,0,9.55,4.55,0,0,0,0,06-JUL-2020,
OPTSTK,TECHM,24-Sep-2020,360,PE,0,0,0,1.7,0.1,0,0,0,0,06-JUL-2020,
OPTSTK,TECHM,24-Sep-2020,370,PE,0,0,0,2.25,0.15,0,0,0,0,06-JUL-2020,
OPTSTK,TECHM,24-Sep-2020,380,PE,0,0,0,2.9,0.2,0,0,0,0,06-JUL-2020,
OPTSTK,TECHM,24-Sep-2020,390,PE,0,0,0,3.75,0.3,0,0,0,0,06-JUL-2020,
OPTSTK,TECHM,24-Sep-2020,400,PE,0,0,0,4.7,0.5,0,0,0,0,06-JUL-2020,
OPTSTK,TECHM,24-Sep-2020,410,PE,0,0,0,5.9,0.7,0,0,0,0,06-JUL-2020,
OPTSTK,TECHM,24-Sep-2020,420,PE,0,0,0,7.25,1.05,0,0,0,0,06-JUL-2020,
OPTSTK,TECHM,24-Sep-2020,430,PE,0,0,0,8.85,1.45,0,0,0,0,06-JUL-2020,
OPTSTK,TECHM,24-Sep-2020,440,PE,0,0,0,10.7,2,0,0,0,0,06-JUL-2020,
OPTSTK,TECHM,24-Sep-2020,450,PE,0,0,0,12.8,2.7,0,0,0,0,06-JUL-2020,
OPTSTK,TECHM,24-Sep-2020,460,PE,0,0,0,15.15,3.6,0,0,0,0,06-JUL-2020,
OPTSTK,TECHM,24-Sep-2020,470,PE,0,0,0,17.8,4.75,0,0,0,0,06-JUL-2020,
OPTSTK,TECHM,24-Sep-2020,480,PE,0,0,0,20.7,6.1,0,0,0,0,06-JUL-2020,
OPTSTK,TECHM,24-Sep-2020,490,PE,0,0,0,23.85,7.7,0,0,0,0,06-JUL-2020,
OPTSTK,TECHM,24-Sep-2020,500,PE,0,0,0,27.35,9.6,0,0,0,0,06-JUL-2020,
OPTSTK,TECHM,24-Sep-2020,510,PE,0,0,0,31.15,11.85,0,0,0,0,06-JUL-2020,
OPTSTK,TECHM,24-Sep-2020,520,PE,0,0,0,35.25,14.4,0,0,0,0,06-JUL-2020,
OPTSTK,TECHM,24-Sep-2020,530,PE,0,0,0,39.65,17.35,0,0,0,0,06-JUL-2020,
OPTSTK,TECHM,24-Sep-2020,540,PE,0,0,0,44.3,20.65,0,0,0,0,06-JUL-2020,
OPTSTK,TECHM,24-Sep-2020,550,PE,0,0,0,49.3,24.35,0,0,0,0,06-JUL-2020,
OPTSTK,TECHM,24-Sep-2020,560,PE,0,0,0,54.55,28.4,0,0,0,0,06-JUL-2020,
OPTSTK,TECHM,24-Sep-2020,570,PE,0,0,0,60.1,32.9,0,0,0,0,06-JUL-2020,
OPTSTK,TECHM,24-Sep-2020,580,PE,0,0,0,65.95,37.75,0,0,0,0,06-JUL-2020,
OPTSTK,TECHM,24-Sep-2020,590,PE,0,0,0,72.05,42.95,0,0,0,0,06-JUL-2020,
OPTSTK,TECHM,24-Sep-2020,600,PE,0,0,0,78.4,48.55,0,0,0,0,06-JUL-2020,
OPTSTK,TECHM,24-Sep-2020,610,PE,0,0,0,84.95,54.55,0,0,0,0,06-JUL-2020,
OPTSTK,TECHM,24-Sep-2020,620,PE,0,0,0,91.8,60.85,0,0,0,0,06-JUL-2020,
OPTSTK,TECHM,24-Sep-2020,630,PE,0,0,0,98.85,67.5,0,0,0,0,06-JUL-2020,
OPTSTK,TECHM,24-Sep-2020,640,PE,0,0,0,106.1,74.45,0,0,0,0,06-JUL-2020,
OPTSTK,TECHM,24-Sep-2020,650,PE,0,0,0,113.55,81.7,0,0,0,0,06-JUL-2020,
OPTSTK,TECHM,24-Sep-2020,660,PE,0,0,0,121.2,89.2,0,0,0,0,06-JUL-2020,
OPTSTK,TECHM,24-Sep-2020,670,PE,0,0,0,129.05,96.95,0,0,0,0,06-JUL-2020,
OPTSTK,TECHM,24-Sep-2020,680,PE,0,0,0,137.05,105,0,0,0,0,06-JUL-2020,
OPTSTK,TECHM,24-Sep-2020,690,PE,0,0,0,145.15,113.2,0,0,0,0,06-JUL-2020,
OPTSTK,TECHM,24-Sep-2020,700,PE,0,0,0,153.45,121.6,0,0,0,0,06-JUL-2020,
OPTSTK,TECHM,24-Sep-2020,710,PE,0,0,0,161.85,130.2,0,0,0,0,06-JUL-2020,
OPTSTK,TECHM,24-Sep-2020,720,PE,0,0,0,170.4,138.95,0,0,0,0,06-JUL-2020,
OPTSTK,TECHM,24-Sep-2020,730,PE,0,0,0,179.05,147.85,0,0,0,0,06-JUL-2020,
OPTSTK,TECHM,24-Sep-2020,740,PE,0,0,0,187.85,156.9,0,0,0,0,06-JUL-2020,
OPTSTK,TECHM,24-Sep-2020,750,PE,0,0,0,196.7,166.05,0,0,0,0,06-JUL-2020,
OPTSTK,TITAN,30-Jul-2020,600,CE,0,0,0,391.75,415.85,0,0,0,0,06-JUL-2020,
OPTSTK,TITAN,30-Jul-2020,620,CE,0,0,0,374.95,395.95,0,0,0,0,06-JUL-2020,
OPTSTK,TITAN,30-Jul-2020,640,CE,0,0,0,358.55,376,0,0,0,0,06-JUL-2020,
OPTSTK,TITAN,30-Jul-2020,660,CE,0,0,0,342.6,356.05,0,0,0,0,06-JUL-2020,
OPTSTK,TITAN,30-Jul-2020,680,CE,0,0,0,327.1,336.1,0,0,0,0,06-JUL-2020,
OPTSTK,TITAN,30-Jul-2020,700,CE,0,0,0,312,316.15,0,0,0,0,06-JUL-2020,
OPTSTK,TITAN,30-Jul-2020,720,CE,0,0,0,297.4,296.2,0,0,0,0,06-JUL-2020,
OPTSTK,TITAN,30-Jul-2020,740,CE,0,0,0,283.25,276.3,0,0,0,0,06-JUL-2020,
OPTSTK,TITAN,30-Jul-2020,750,CE,0,0,0,184.05,266.3,0,0,0,0,06-JUL-2020,
OPTSTK,TITAN,30-Jul-2020,760,CE,0,0,0,269.55,256.35,0,0,0,0,06-JUL-2020,
OPTSTK,TITAN,30-Jul-2020,770,CE,0,0,0,169.9,246.4,0,0,0,0,06-JUL-2020,
OPTSTK,TITAN,30-Jul-2020,780,CE,0,0,0,256.35,236.45,0,0,0,0,06-JUL-2020,
OPTSTK,TITAN,30-Jul-2020,790,CE,0,0,0,156.5,226.55,0,0,0,0,06-JUL-2020,
OPTSTK,TITAN,30-Jul-2020,800,CE,0,0,0,178.8,216.65,0,0,12750,0,06-JUL-2020,
OPTSTK,TITAN,30-Jul-2020,810,CE,0,0,0,159.4,206.8,0,0,1500,0,06-JUL-2020,
OPTSTK,TITAN,30-Jul-2020,820,CE,0,0,0,151,196.95,0,0,3000,0,06-JUL-2020,
OPTSTK,TITAN,30-Jul-2020,830,CE,0,0,0,131.8,187.15,0,0,0,0,06-JUL-2020,
OPTSTK,TITAN,30-Jul-2020,840,CE,0,0,0,219.6,177.45,0,0,0,0,06-JUL-2020,
OPTSTK,TITAN,30-Jul-2020,850,CE,0,0,0,120.6,167.8,0,0,0,0,06-JUL-2020,
OPTSTK,TITAN,30-Jul-2020,860,CE,0,0,0,208.3,158.3,0,0,0,0,06-JUL-2020,
OPTSTK,TITAN,30-Jul-2020,870,CE,0,0,0,110.05,148.85,0,0,0,0,06-JUL-2020,
OPTSTK,TITAN,30-Jul-2020,880,CE,0,0,0,128.65,139.6,0,0,3750,0,06-JUL-2020,
OPTSTK,TITAN,30-Jul-2020,890,CE,0,0,0,100.2,130.5,0,0,0,0,06-JUL-2020,
OPTSTK,TITAN,30-Jul-2020,900,CE,118.85,118.85,105.65,105.65,121.55,2,15.18,15000,0,06-JUL-2020,
OPTSTK,TITAN,30-Jul-2020,910,CE,0,0,0,91.1,112.9,0,0,0,0,06-JUL-2020,
OPTSTK,TITAN,30-Jul-2020,920,CE,0,0,0,71.95,104.45,0,0,1500,0,06-JUL-2020,
OPTSTK,TITAN,30-Jul-2020,930,CE,0,0,0,77.5,96.25,0,0,17250,0,06-JUL-2020,
OPTSTK,TITAN,30-Jul-2020,940,CE,0,0,0,65,88.4,0,0,6750,0,06-JUL-2020,
OPTSTK,TITAN,30-Jul-2020,950,CE,69.9,80,67,80,80.85,8,61.46,30750,0,06-JUL-2020,
OPTSTK,TITAN,30-Jul-2020,960,CE,68.2,73.1,61,72,73.65,9,69.32,35250,-2250,06-JUL-2020,
OPTSTK,TITAN,30-Jul-2020,970,CE,63,63,63,63,63,1,7.74,35250,-750,06-JUL-2020,
OPTSTK,TITAN,30-Jul-2020,980,CE,54.65,60.05,49.25,57.1,57.1,106,823.03,85500,-8250,06-JUL-2020,
OPTSTK,TITAN,30-Jul-2020,990,CE,44.75,53.05,44.5,51.1,51.1,20,155.72,18750,-3750,06-JUL-2020,
OPTSTK,TITAN,30-Jul-2020,1000,CE,40.3,48,37.5,44.75,44.75,732,5726.24,228000,-56250,06-JUL-2020,
OPTSTK,TITAN,30-Jul-2020,1010,CE,41.1,42.45,33.5,39.7,39.7,158,1241.94,30750,5250,06-JUL-2020,
OPTSTK,TITAN,30-Jul-2020,1020,CE,34.45,37.6,28.65,34.7,34.7,1694,13377.06,148500,74250,06-JUL-2020,
OPTSTK,TITAN,30-Jul-2020,1030,CE,32.15,32.75,25.95,30.35,30.35,124,984.72,21000,6000,06-JUL-2020,
OPTSTK,TITAN,30-Jul-2020,1040,CE,27,28.6,22,26.1,26.1,852,6804.01,127500,45750,06-JUL-2020,
OPTSTK,TITAN,30-Jul-2020,1050,CE,21.95,24.7,17.7,22.8,22.8,566,4547.83,87000,12000,06-JUL-2020,
OPTSTK,TITAN,30-Jul-2020,1060,CE,19.45,21,15.9,19.1,19.1,283,2288.91,85500,21000,06-JUL-2020,
OPTSTK,TITAN,30-Jul-2020,1070,CE,0,0,0,14.5,19.8,0,0,3000,0,06-JUL-2020,
OPTSTK,TITAN,30-Jul-2020,1080,CE,12,14.55,12,14.55,17.1,27,221.44,38250,12000,06-JUL-2020,
OPTSTK,TITAN,30-Jul-2020,1090,CE,13,13,13,13,14.7,1,8.27,750,750,06-JUL-2020,
OPTSTK,TITAN,30-Jul-2020,1100,CE,10.5,11.4,8.15,10,10,496,4128.69,280500,21000,06-JUL-2020,
OPTSTK,TITAN,30-Jul-2020,1110,CE,8,8.05,8,8.05,10.75,3,25.15,6000,0,06-JUL-2020,
OPTSTK,TITAN,30-Jul-2020,1120,CE,6.15,7,6.15,7,9.1,2,16.89,6750,1500,06-JUL-2020,
OPTSTK,TITAN,30-Jul-2020,1130,CE,0,0,0,28.35,7.7,0,0,0,0,06-JUL-2020,
OPTSTK,TITAN,30-Jul-2020,1140,CE,0,0,0,6,6.45,0,0,6750,0,06-JUL-2020,
OPTSTK,TITAN,30-Jul-2020,1150,CE,4.75,5,2.35,4,5.4,11,95.24,8250,1500,06-JUL-2020,
OPTSTK,TITAN,30-Jul-2020,1160,CE,0,0,0,11,4.5,0,0,1500,0,06-JUL-2020,
OPTSTK,TITAN,30-Jul-2020,1170,CE,0,0,0,29.75,3.75,0,0,0,0,06-JUL-2020,
OPTSTK,TITAN,30-Jul-2020,1180,CE,0,0,0,84.3,3.1,0,0,0,0,06-JUL-2020,
OPTSTK,TITAN,30-Jul-2020,1190,CE,0,0,0,20.2,2.55,0,0,1500,0,06-JUL-2020,
OPTSTK,TITAN,30-Jul-2020,1200,CE,2.8,2.9,1.8,2.65,2.65,81,730.48,153000,17250,06-JUL-2020,
OPTSTK,TITAN,30-Jul-2020,1210,CE,0,0,0,21.2,1.7,0,0,0,0,06-JUL-2020,
OPTSTK,TITAN,30-Jul-2020,1220,CE,0,0,0,74.9,1.4,0,0,0,0,06-JUL-2020,
OPTSTK,TITAN,30-Jul-2020,1240,CE,0,0,0,70.55,0.9,0,0,0,0,06-JUL-2020,
OPTSTK,TITAN,30-Jul-2020,1260,CE,0,0,0,66.5,0.6,0,0,0,0,06-JUL-2020,
OPTSTK,TITAN,30-Jul-2020,1280,CE,0,0,0,62.6,0.35,0,0,0,0,06-JUL-2020,
OPTSTK,TITAN,30-Jul-2020,1300,CE,0.75,1.25,0.75,1.05,1.05,10,97.57,47250,1500,06-JUL-2020,
OPTSTK,TITAN,30-Jul-2020,1320,CE,0,0,0,2.95,0.15,0,0,1500,0,06-JUL-2020,
OPTSTK,TITAN,30-Jul-2020,600,PE,0,0,0,14.05,0.05,0,0,0,0,06-JUL-2020,
OPTSTK,TITAN,30-Jul-2020,620,PE,0,0,0,17.05,0.05,0,0,0,0,06-JUL-2020,
OPTSTK,TITAN,30-Jul-2020,640,PE,0,0,0,20.4,0.05,0,0,0,0,06-JUL-2020,
OPTSTK,TITAN,30-Jul-2020,660,PE,0,0,0,24.2,0.05,0,0,0,0,06-JUL-2020,
OPTSTK,TITAN,30-Jul-2020,680,PE,0,0,0,28.4,0.05,0,0,0,0,06-JUL-2020,
OPTSTK,TITAN,30-Jul-2020,700,PE,0,0,0,1.8,0.05,0,0,3750,0,06-JUL-2020,
OPTSTK,TITAN,30-Jul-2020,720,PE,0,0,0,38.25,0.05,0,0,0,0,06-JUL-2020,
OPTSTK,TITAN,30-Jul-2020,740,PE,0,0,0,43.85,0.05,0,0,0,0,06-JUL-2020,
OPTSTK,TITAN,30-Jul-2020,750,PE,0,0,0,2,0.05,0,0,2250,0,06-JUL-2020,
OPTSTK,TITAN,30-Jul-2020,760,PE,0,0,0,49.9,0.05,0,0,0,0,06-JUL-2020,
OPTSTK,TITAN,30-Jul-2020,770,PE,0,0,0,34,0.05,0,0,0,0,06-JUL-2020,
OPTSTK,TITAN,30-Jul-2020,780,PE,0,0,0,56.45,0.1,0,0,0,0,06-JUL-2020,
OPTSTK,TITAN,30-Jul-2020,790,PE,0,0,0,40.4,0.15,0,0,0,0,06-JUL-2020,
OPTSTK,TITAN,30-Jul-2020,800,PE,1.65,1.65,1.05,1.1,1.1,15,90.13,151500,-5250,06-JUL-2020,
OPTSTK,TITAN,30-Jul-2020,810,PE,0,0,0,47.5,0.3,0,0,0,0,06-JUL-2020,
OPTSTK,TITAN,30-Jul-2020,820,PE,0,0,0,70.9,0.45,0,0,0,0,06-JUL-2020,
OPTSTK,TITAN,30-Jul-2020,830,PE,0,0,0,55.4,0.65,0,0,0,0,06-JUL-2020,
OPTSTK,TITAN,30-Jul-2020,840,PE,0,0,0,8.9,0.9,0,0,750,0,06-JUL-2020,
OPTSTK,TITAN,30-Jul-2020,850,PE,3.5,3.5,2.7,2.7,2.7,10,63.97,33750,-3750,06-JUL-2020,
OPTSTK,TITAN,30-Jul-2020,860,PE,5.5,5.5,3,3,3,4,25.9,7500,-3000,06-JUL-2020,
OPTSTK,TITAN,30-Jul-2020,870,PE,0,0,0,73.25,2.25,0,0,0,0,06-JUL-2020,
OPTSTK,TITAN,30-Jul-2020,880,PE,4.65,4.65,3.7,3.7,2.95,3,19.89,42750,750,06-JUL-2020,
OPTSTK,TITAN,30-Jul-2020,890,PE,0,0,0,25.4,3.8,0,0,750,0,06-JUL-2020,
OPTSTK,TITAN,30-Jul-2020,900,PE,7.5,9.25,5.85,6.2,6.2,371,2525.1,230250,19500,06-JUL-2020,
OPTSTK,TITAN,30-Jul-2020,910,PE,0,0,0,10.7,6.15,0,0,9000,0,06-JUL-2020,
OPTSTK,TITAN,30-Jul-2020,920,PE,11.5,12,8,9.25,9.25,24,167.45,32250,3000,06-JUL-2020,
OPTSTK,TITAN,30-Jul-2020,930,PE,14,14,14,14,9.45,1,7.08,14250,0,06-JUL-2020,
OPTSTK,TITAN,30-Jul-2020,940,PE,18.15,18.15,10.9,12.45,12.45,26,185.9,36000,2250,06-JUL-2020,
OPTSTK,TITAN,30-Jul-2020,950,PE,13.45,21.1,13.45,15.05,15.05,232,1682.78,98250,14250,06-JUL-2020,
OPTSTK,TITAN,30-Jul-2020,960,PE,19.95,24.5,16.05,17,17,188,1380.86,63750,3000,06-JUL-2020,
OPTSTK,TITAN,30-Jul-2020,970,PE,25.7,27.95,19.2,19.75,19.75,98,730.26,35250,-3750,06-JUL-2020,
OPTSTK,TITAN,30-Jul-2020,980,PE,27,32.3,22.15,23.15,23.15,333,2517.24,54000,9750,06-JUL-2020,
OPTSTK,TITAN,30-Jul-2020,990,PE,35.05,37,25.8,26.7,26.7,269,2059.64,28500,6750,06-JUL-2020,
OPTSTK,TITAN,30-Jul-2020,1000,PE,33,42,29.4,31.1,31.1,434,3365.88,104250,53250,06-JUL-2020,
OPTSTK,TITAN,30-Jul-2020,1010,PE,43.5,46.8,34,35.85,35.85,39,306.38,10500,9000,06-JUL-2020,
OPTSTK,TITAN,30-Jul-2020,1020,PE,48.6,49.75,39.2,40.75,40.75,36,287.03,12000,6000,06-JUL-2020,
OPTSTK,TITAN,30-Jul-2020,1030,PE,46.35,46.35,46.35,46.35,46.95,1,8.07,750,750,06-JUL-2020,
OPTSTK,TITAN,30-Jul-2020,1040,PE,0,0,0,183.45,52.8,0,0,0,0,06-JUL-2020,
OPTSTK,TITAN,30-Jul-2020,1050,PE,56.75,60.55,56.75,58,59.05,5,41.57,6750,-750,06-JUL-2020,
OPTSTK,TITAN,30-Jul-2020,1060,PE,0,0,0,102,65.7,0,0,1500,0,06-JUL-2020,
OPTSTK,TITAN,30-Jul-2020,1070,PE,0,0,0,201.25,72.65,0,0,0,0,06-JUL-2020,
OPTSTK,TITAN,30-Jul-2020,1080,PE,0,0,0,104.55,79.9,0,0,3000,0,06-JUL-2020,
OPTSTK,TITAN,30-Jul-2020,1090,PE,0,0,0,216.95,87.5,0,0,0,0,06-JUL-2020,
OPTSTK,TITAN,30-Jul-2020,1100,PE,0,0,0,157.7,95.35,0,0,3000,0,06-JUL-2020,
OPTSTK,TITAN,30-Jul-2020,1110,PE,0,0,0,233,103.45,0,0,0,0,06-JUL-2020,
OPTSTK,TITAN,30-Jul-2020,1120,PE,0,0,0,236.3,111.8,0,0,0,0,06-JUL-2020,
OPTSTK,TITAN,30-Jul-2020,1130,PE,0,0,0,249.4,120.35,0,0,0,0,06-JUL-2020,
OPTSTK,TITAN,30-Jul-2020,1140,PE,0,0,0,250.3,129.1,0,0,0,0,06-JUL-2020,
OPTSTK,TITAN,30-Jul-2020,1150,PE,0,0,0,150,138,0,0,1500,0,06-JUL-2020,
OPTSTK,TITAN,30-Jul-2020,1160,PE,0,0,0,264.65,147.1,0,0,0,0,06-JUL-2020,
OPTSTK,TITAN,30-Jul-2020,1170,PE,0,0,0,231.65,156.3,0,0,0,0,06-JUL-2020,
OPTSTK,TITAN,30-Jul-2020,1180,PE,0,0,0,279.3,165.6,0,0,0,0,06-JUL-2020,
OPTSTK,TITAN,30-Jul-2020,1190,PE,0,0,0,248.15,175.05,0,0,0,0,06-JUL-2020,
OPTSTK,TITAN,30-Jul-2020,1200,PE,0,0,0,188,184.55,0,0,3750,0,06-JUL-2020,
OPTSTK,TITAN,30-Jul-2020,1210,PE,0,0,0,245.7,194.15,0,0,0,0,06-JUL-2020,
OPTSTK,TITAN,30-Jul-2020,1220,PE,0,0,0,309.4,203.8,0,0,0,0,06-JUL-2020,
OPTSTK,TITAN,30-Jul-2020,1240,PE,0,0,0,254,223.25,0,0,750,0,06-JUL-2020,
OPTSTK,TITAN,30-Jul-2020,1260,PE,0,0,0,340.45,242.85,0,0,0,0,06-JUL-2020,
OPTSTK,TITAN,30-Jul-2020,1280,PE,0,0,0,295,262.6,0,0,750,0,06-JUL-2020,
OPTSTK,TITAN,30-Jul-2020,1300,PE,0,0,0,300,282.4,0,0,2250,0,06-JUL-2020,
OPTSTK,TITAN,30-Jul-2020,1320,PE,0,0,0,388.75,302.25,0,0,0,0,06-JUL-2020,
OPTSTK,TITAN,27-Aug-2020,660,CE,0,0,0,265.8,358.25,0,0,0,0,06-JUL-2020,
OPTSTK,TITAN,27-Aug-2020,670,CE,0,0,0,257.85,348.3,0,0,0,0,06-JUL-2020,
OPTSTK,TITAN,27-Aug-2020,680,CE,0,0,0,250.05,338.4,0,0,0,0,06-JUL-2020,
OPTSTK,TITAN,27-Aug-2020,690,CE,0,0,0,242.4,328.5,0,0,0,0,06-JUL-2020,
OPTSTK,TITAN,27-Aug-2020,700,CE,0,0,0,234.85,318.6,0,0,0,0,06-JUL-2020,
OPTSTK,TITAN,27-Aug-2020,710,CE,0,0,0,227.45,308.75,0,0,0,0,06-JUL-2020,
OPTSTK,TITAN,27-Aug-2020,720,CE,0,0,0,220.2,298.9,0,0,0,0,06-JUL-2020,
OPTSTK,TITAN,27-Aug-2020,730,CE,0,0,0,213.1,289.05,0,0,0,0,06-JUL-2020,
OPTSTK,TITAN,27-Aug-2020,740,CE,0,0,0,206.15,279.25,0,0,0,0,06-JUL-2020,
OPTSTK,TITAN,27-Aug-2020,750,CE,0,0,0,199.35,269.5,0,0,0,0,06-JUL-2020,
OPTSTK,TITAN,27-Aug-2020,760,CE,0,0,0,192.7,259.8,0,0,0,0,06-JUL-2020,
OPTSTK,TITAN,27-Aug-2020,770,CE,0,0,0,186.2,250.1,0,0,0,0,06-JUL-2020,
OPTSTK,TITAN,27-Aug-2020,780,CE,0,0,0,179.8,240.5,0,0,0,0,06-JUL-2020,
OPTSTK,TITAN,27-Aug-2020,790,CE,0,0,0,173.6,231,0,0,0,0,06-JUL-2020,
OPTSTK,TITAN,27-Aug-2020,800,CE,0,0,0,167.6,221.55,0,0,0,0,06-JUL-2020,
OPTSTK,TITAN,27-Aug-2020,810,CE,0,0,0,161.7,212.2,0,0,0,0,06-JUL-2020,
OPTSTK,TITAN,27-Aug-2020,820,CE,0,0,0,155.95,202.95,0,0,0,0,06-JUL-2020,
OPTSTK,TITAN,27-Aug-2020,830,CE,0,0,0,150.4,193.85,0,0,0,0,06-JUL-2020,
OPTSTK,TITAN,27-Aug-2020,840,CE,0,0,0,151,184.85,0,0,750,0,06-JUL-2020,
OPTSTK,TITAN,27-Aug-2020,850,CE,0,0,0,150,176,0,0,750,0,06-JUL-2020,
OPTSTK,TITAN,27-Aug-2020,860,CE,0,0,0,134.55,167.3,0,0,0,0,06-JUL-2020,
OPTSTK,TITAN,27-Aug-2020,870,CE,0,0,0,129.55,158.8,0,0,0,0,06-JUL-2020,
OPTSTK,TITAN,27-Aug-2020,880,CE,0,0,0,124.75,150.45,0,0,0,0,06-JUL-2020,
OPTSTK,TITAN,27-Aug-2020,890,CE,0,0,0,120.05,142.35,0,0,0,0,06-JUL-2020,
OPTSTK,TITAN,27-Aug-2020,900,CE,0,0,0,115.5,134.4,0,0,0,0,06-JUL-2020,
OPTSTK,TITAN,27-Aug-2020,910,CE,0,0,0,111.1,126.7,0,0,0,0,06-JUL-2020,
OPTSTK,TITAN,27-Aug-2020,920,CE,0,0,0,106.8,119.25,0,0,0,0,06-JUL-2020,
OPTSTK,TITAN,27-Aug-2020,930,CE,0,0,0,102.7,112.05,0,0,0,0,06-JUL-2020,
OPTSTK,TITAN,27-Aug-2020,940,CE,0,0,0,98.7,105.05,0,0,0,0,06-JUL-2020,
OPTSTK,TITAN,27-Aug-2020,950,CE,0,0,0,94.8,98.35,0,0,0,0,06-JUL-2020,
OPTSTK,TITAN,27-Aug-2020,960,CE,0,0,0,91.1,91.9,0,0,0,0,06-JUL-2020,
OPTSTK,TITAN,27-Aug-2020,970,CE,0,0,0,87.45,85.7,0,0,0,0,06-JUL-2020,
OPTSTK,TITAN,27-Aug-2020,980,CE,0,0,0,83.95,79.8,0,0,0,0,06-JUL-2020,
OPTSTK,TITAN,27-Aug-2020,990,CE,0,0,0,80.6,74.15,0,0,0,0,06-JUL-2020,
OPTSTK,TITAN,27-Aug-2020,1000,CE,61,61,61,61,68.75,1,7.95,7500,750,06-JUL-2020,
OPTSTK,TITAN,27-Aug-2020,1010,CE,0,0,0,74.2,63.65,0,0,0,0,06-JUL-2020,
OPTSTK,TITAN,27-Aug-2020,1020,CE,0,0,0,48,58.85,0,0,750,0,06-JUL-2020,
OPTSTK,TITAN,27-Aug-2020,1030,CE,0,0,0,68.25,54.3,0,0,0,0,06-JUL-2020,
OPTSTK,TITAN,27-Aug-2020,1040,CE,0,0,0,65.45,50,0,0,0,0,06-JUL-2020,
OPTSTK,TITAN,27-Aug-2020,1050,CE,0,0,0,39,45.95,0,0,750,0,06-JUL-2020,
OPTSTK,TITAN,27-Aug-2020,1060,CE,37.95,38,37.95,38,42.15,2,16.46,2250,1500,06-JUL-2020,
OPTSTK,TITAN,27-Aug-2020,1070,CE,0,0,0,57.65,38.6,0,0,0,0,06-JUL-2020,
OPTSTK,TITAN,27-Aug-2020,1080,CE,0,0,0,55.25,35.3,0,0,0,0,06-JUL-2020,
OPTSTK,TITAN,27-Aug-2020,1090,CE,0,0,0,52.9,32.25,0,0,0,0,06-JUL-2020,
OPTSTK,TITAN,27-Aug-2020,1100,CE,25,25,25,25,29.35,1,8.43,3000,750,06-JUL-2020,
OPTSTK,TITAN,27-Aug-2020,1110,CE,0,0,0,48.55,26.7,0,0,0,0,06-JUL-2020,
OPTSTK,TITAN,27-Aug-2020,1120,CE,0,0,0,46.45,24.25,0,0,0,0,06-JUL-2020,
OPTSTK,TITAN,27-Aug-2020,1130,CE,0,0,0,44.5,22,0,0,0,0,06-JUL-2020,
OPTSTK,TITAN,27-Aug-2020,1140,CE,0,0,0,42.6,19.9,0,0,0,0,06-JUL-2020,
OPTSTK,TITAN,27-Aug-2020,1150,CE,0,0,0,51.35,18,0,0,0,0,06-JUL-2020,
OPTSTK,TITAN,27-Aug-2020,1160,CE,0,0,0,49.1,16.2,0,0,0,0,06-JUL-2020,
OPTSTK,TITAN,27-Aug-2020,1180,CE,0,0,0,44.9,13.15,0,0,0,0,06-JUL-2020,
OPTSTK,TITAN,27-Aug-2020,1200,CE,0,0,0,41,10.55,0,0,0,0,06-JUL-2020,
OPTSTK,TITAN,27-Aug-2020,660,PE,0,0,0,18.35,0.05,0,0,0,0,06-JUL-2020,
OPTSTK,TITAN,27-Aug-2020,670,PE,0,0,0,20.3,0.05,0,0,0,0,06-JUL-2020,
OPTSTK,TITAN,27-Aug-2020,680,PE,0,0,0,22.35,0.1,0,0,0,0,06-JUL-2020,
OPTSTK,TITAN,27-Aug-2020,690,PE,0,0,0,24.55,0.15,0,0,0,0,06-JUL-2020,
OPTSTK,TITAN,27-Aug-2020,700,PE,0,0,0,26.9,0.2,0,0,0,0,06-JUL-2020,
OPTSTK,TITAN,27-Aug-2020,710,PE,0,0,0,29.4,0.25,0,0,0,0,06-JUL-2020,
OPTSTK,TITAN,27-Aug-2020,720,PE,0,0,0,32.05,0.35,0,0,0,0,06-JUL-2020,
OPTSTK,TITAN,27-Aug-2020,730,PE,0,0,0,34.8,0.45,0,0,0,0,06-JUL-2020,
OPTSTK,TITAN,27-Aug-2020,740,PE,0,0,0,37.7,0.6,0,0,0,0,06-JUL-2020,
OPTSTK,TITAN,27-Aug-2020,750,PE,0,0,0,4,0.75,0,0,750,0,06-JUL-2020,
OPTSTK,TITAN,27-Aug-2020,760,PE,0,0,0,44,1,0,0,0,0,06-JUL-2020,
OPTSTK,TITAN,27-Aug-2020,770,PE,0,0,0,47.4,1.25,0,0,0,0,06-JUL-2020,
OPTSTK,TITAN,27-Aug-2020,780,PE,0,0,0,50.9,1.6,0,0,0,0,06-JUL-2020,
OPTSTK,TITAN,27-Aug-2020,790,PE,0,0,0,54.55,2.05,0,0,0,0,06-JUL-2020,
OPTSTK,TITAN,27-Aug-2020,800,PE,0,0,0,58.4,2.5,0,0,0,0,06-JUL-2020,
OPTSTK,TITAN,27-Aug-2020,810,PE,0,0,0,62.4,3.1,0,0,0,0,06-JUL-2020,
OPTSTK,TITAN,27-Aug-2020,820,PE,0,0,0,66.55,3.8,0,0,0,0,06-JUL-2020,
OPTSTK,TITAN,27-Aug-2020,830,PE,0,0,0,70.85,4.6,0,0,0,0,06-JUL-2020,
OPTSTK,TITAN,27-Aug-2020,840,PE,0,0,0,75.3,5.55,0,0,0,0,06-JUL-2020,
OPTSTK,TITAN,27-Aug-2020,850,PE,0,0,0,79.9,6.65,0,0,0,0,06-JUL-2020,
OPTSTK,TITAN,27-Aug-2020,860,PE,0,0,0,84.65,7.9,0,0,0,0,06-JUL-2020,
OPTSTK,TITAN,27-Aug-2020,870,PE,0,0,0,89.55,9.35,0,0,0,0,06-JUL-2020,
OPTSTK,TITAN,27-Aug-2020,880,PE,0,0,0,94.6,10.95,0,0,0,0,06-JUL-2020,
OPTSTK,TITAN,27-Aug-2020,890,PE,0,0,0,99.8,12.75,0,0,0,0,06-JUL-2020,
OPTSTK,TITAN,27-Aug-2020,900,PE,0,0,0,38,14.8,0,0,3750,0,06-JUL-2020,
OPTSTK,TITAN,27-Aug-2020,910,PE,0,0,0,110.6,17,0,0,0,0,06-JUL-2020,
OPTSTK,TITAN,27-Aug-2020,920,PE,0,0,0,116.2,19.5,0,0,0,0,06-JUL-2020,
OPTSTK,TITAN,27-Aug-2020,930,PE,0,0,0,31.15,22.2,0,0,3750,0,06-JUL-2020,
OPTSTK,TITAN,27-Aug-2020,940,PE,0,0,0,50.05,25.2,0,0,750,0,06-JUL-2020,
OPTSTK,TITAN,27-Aug-2020,950,PE,0,0,0,133.85,28.4,0,0,0,0,06-JUL-2020,
OPTSTK,TITAN,27-Aug-2020,960,PE,0,0,0,139.95,31.9,0,0,0,0,06-JUL-2020,
OPTSTK,TITAN,27-Aug-2020,970,PE,0,0,0,146.25,35.65,0,0,0,0,06-JUL-2020,
OPTSTK,TITAN,27-Aug-2020,980,PE,0,0,0,152.6,39.65,0,0,0,0,06-JUL-2020,
OPTSTK,TITAN,27-Aug-2020,990,PE,0,0,0,159.15,43.95,0,0,0,0,06-JUL-2020,
OPTSTK,TITAN,27-Aug-2020,1000,PE,0,0,0,165.75,48.55,0,0,0,0,06-JUL-2020,
OPTSTK,TITAN,27-Aug-2020,1010,PE,0,0,0,172.5,53.4,0,0,0,0,06-JUL-2020,
OPTSTK,TITAN,27-Aug-2020,1020,PE,0,0,0,179.35,58.5,0,0,0,0,06-JUL-2020,
OPTSTK,TITAN,27-Aug-2020,1030,PE,0,0,0,186.3,63.85,0,0,0,0,06-JUL-2020,
OPTSTK,TITAN,27-Aug-2020,1040,PE,0,0,0,193.35,69.5,0,0,0,0,06-JUL-2020,
OPTSTK,TITAN,27-Aug-2020,1050,PE,0,0,0,200.55,75.4,0,0,0,0,06-JUL-2020,
OPTSTK,TITAN,27-Aug-2020,1060,PE,0,0,0,207.8,81.55,0,0,0,0,06-JUL-2020,
OPTSTK,TITAN,27-Aug-2020,1070,PE,0,0,0,215.2,87.95,0,0,0,0,06-JUL-2020,
OPTSTK,TITAN,27-Aug-2020,1080,PE,0,0,0,222.65,94.6,0,0,0,0,06-JUL-2020,
OPTSTK,TITAN,27-Aug-2020,1090,PE,0,0,0,230.2,101.45,0,0,0,0,06-JUL-2020,
OPTSTK,TITAN,27-Aug-2020,1100,PE,0,0,0,237.85,108.5,0,0,0,0,06-JUL-2020,
OPTSTK,TITAN,27-Aug-2020,1110,PE,0,0,0,245.6,115.8,0,0,0,0,06-JUL-2020,
OPTSTK,TITAN,27-Aug-2020,1120,PE,0,0,0,253.4,123.3,0,0,0,0,06-JUL-2020,
OPTSTK,TITAN,27-Aug-2020,1130,PE,0,0,0,261.3,130.95,0,0,0,0,06-JUL-2020,
OPTSTK,TITAN,27-Aug-2020,1140,PE,0,0,0,269.3,138.8,0,0,0,0,06-JUL-2020,
OPTSTK,TITAN,27-Aug-2020,1150,PE,0,0,0,229.1,146.85,0,0,0,0,06-JUL-2020,
OPTSTK,TITAN,27-Aug-2020,1160,PE,0,0,0,236.75,155,0,0,0,0,06-JUL-2020,
OPTSTK,TITAN,27-Aug-2020,1180,PE,0,0,0,252.3,171.8,0,0,0,0,06-JUL-2020,
OPTSTK,TITAN,27-Aug-2020,1200,PE,0,0,0,268.2,189.1,0,0,0,0,06-JUL-2020,
OPTSTK,TITAN,24-Sep-2020,660,CE,0,0,0,331.1,360.65,0,0,0,0,06-JUL-2020,
OPTSTK,TITAN,24-Sep-2020,680,CE,0,0,0,313.15,341.1,0,0,0,0,06-JUL-2020,
OPTSTK,TITAN,24-Sep-2020,700,CE,0,0,0,295.55,321.65,0,0,0,0,06-JUL-2020,
OPTSTK,TITAN,24-Sep-2020,720,CE,0,0,0,278.4,302.35,0,0,0,0,06-JUL-2020,
OPTSTK,TITAN,24-Sep-2020,740,CE,0,0,0,261.75,283.25,0,0,0,0,06-JUL-2020,
OPTSTK,TITAN,24-Sep-2020,760,CE,0,0,0,245.55,264.45,0,0,0,0,06-JUL-2020,
OPTSTK,TITAN,24-Sep-2020,780,CE,0,0,0,229.9,246,0,0,0,0,06-JUL-2020,
OPTSTK,TITAN,24-Sep-2020,800,CE,0,0,0,214.85,227.95,0,0,0,0,06-JUL-2020,
OPTSTK,TITAN,24-Sep-2020,820,CE,0,0,0,200.35,210.35,0,0,0,0,06-JUL-2020,
OPTSTK,TITAN,24-Sep-2020,840,CE,0,0,0,186.5,193.35,0,0,0,0,06-JUL-2020,
OPTSTK,TITAN,24-Sep-2020,860,CE,0,0,0,173.2,176.95,0,0,0,0,06-JUL-2020,
OPTSTK,TITAN,24-Sep-2020,880,CE,0,0,0,160.6,161.25,0,0,0,0,06-JUL-2020,
OPTSTK,TITAN,24-Sep-2020,900,CE,0,0,0,148.65,146.35,0,0,0,0,06-JUL-2020,
OPTSTK,TITAN,24-Sep-2020,920,CE,0,0,0,137.35,132.2,0,0,0,0,06-JUL-2020,
OPTSTK,TITAN,24-Sep-2020,940,CE,0,0,0,126.65,118.9,0,0,0,0,06-JUL-2020,
OPTSTK,TITAN,24-Sep-2020,960,CE,0,0,0,116.65,106.45,0,0,0,0,06-JUL-2020,
OPTSTK,TITAN,24-Sep-2020,980,CE,0,0,0,107.2,94.9,0,0,0,0,06-JUL-2020,
OPTSTK,TITAN,24-Sep-2020,1000,CE,0,0,0,98.4,84.25,0,0,0,0,06-JUL-2020,
OPTSTK,TITAN,24-Sep-2020,1020,CE,0,0,0,90.15,74.45,0,0,0,0,06-JUL-2020,
OPTSTK,TITAN,24-Sep-2020,1040,CE,0,0,0,82.5,65.55,0,0,0,0,06-JUL-2020,
OPTSTK,TITAN,24-Sep-2020,1060,CE,0,0,0,75.4,57.45,0,0,0,0,06-JUL-2020,
OPTSTK,TITAN,24-Sep-2020,1080,CE,0,0,0,68.8,50.15,0,0,0,0,06-JUL-2020,
OPTSTK,TITAN,24-Sep-2020,1100,CE,0,0,0,62.7,43.6,0,0,0,0,06-JUL-2020,
OPTSTK,TITAN,24-Sep-2020,1120,CE,0,0,0,57.05,37.75,0,0,0,0,06-JUL-2020,
OPTSTK,TITAN,24-Sep-2020,1140,CE,0,0,0,51.9,32.55,0,0,0,0,06-JUL-2020,
OPTSTK,TITAN,24-Sep-2020,1160,CE,0,0,0,47.1,28,0,0,0,0,06-JUL-2020,
OPTSTK,TITAN,24-Sep-2020,1180,CE,0,0,0,42.75,23.95,0,0,0,0,06-JUL-2020,
OPTSTK,TITAN,24-Sep-2020,1200,CE,0,0,0,38.75,20.45,0,0,0,0,06-JUL-2020,
OPTSTK,TITAN,24-Sep-2020,660,PE,0,0,0,5.85,0.35,0,0,0,0,06-JUL-2020,
OPTSTK,TITAN,24-Sep-2020,680,PE,0,0,0,7.65,0.6,0,0,0,0,06-JUL-2020,
OPTSTK,TITAN,24-Sep-2020,700,PE,0,0,0,9.85,0.95,0,0,0,0,06-JUL-2020,
OPTSTK,TITAN,24-Sep-2020,720,PE,0,0,0,12.45,1.45,0,0,0,0,06-JUL-2020,
OPTSTK,TITAN,24-Sep-2020,740,PE,0,0,0,15.55,2.2,0,0,0,0,06-JUL-2020,
OPTSTK,TITAN,24-Sep-2020,760,PE,0,0,0,19.15,3.2,0,0,0,0,06-JUL-2020,
OPTSTK,TITAN,24-Sep-2020,780,PE,0,0,0,23.25,4.55,0,0,0,0,06-JUL-2020,
OPTSTK,TITAN,24-Sep-2020,800,PE,0,0,0,27.95,6.3,0,0,0,0,06-JUL-2020,
OPTSTK,TITAN,24-Sep-2020,820,PE,0,0,0,33.25,8.55,0,0,0,0,06-JUL-2020,
OPTSTK,TITAN,24-Sep-2020,840,PE,0,0,0,39.15,11.35,0,0,0,0,06-JUL-2020,
OPTSTK,TITAN,24-Sep-2020,860,PE,0,0,0,45.6,14.8,0,0,0,0,06-JUL-2020,
OPTSTK,TITAN,24-Sep-2020,880,PE,0,0,0,52.8,18.9,0,0,0,0,06-JUL-2020,
OPTSTK,TITAN,24-Sep-2020,900,PE,0,0,0,60.6,23.8,0,0,0,0,06-JUL-2020,
OPTSTK,TITAN,24-Sep-2020,920,PE,0,0,0,69.05,29.45,0,0,0,0,06-JUL-2020,
OPTSTK,TITAN,24-Sep-2020,940,PE,0,0,0,78.15,35.95,0,0,0,0,06-JUL-2020,
OPTSTK,TITAN,24-Sep-2020,960,PE,0,0,0,87.9,43.35,0,0,0,0,06-JUL-2020,
OPTSTK,TITAN,24-Sep-2020,980,PE,0,0,0,98.25,51.6,0,0,0,0,06-JUL-2020,
OPTSTK,TITAN,24-Sep-2020,1000,PE,0,0,0,109.2,60.75,0,0,0,0,06-JUL-2020,
OPTSTK,TITAN,24-Sep-2020,1020,PE,0,0,0,120.75,70.8,0,0,0,0,06-JUL-2020,
OPTSTK,TITAN,24-Sep-2020,1040,PE,0,0,0,132.85,81.7,0,0,0,0,06-JUL-2020,
OPTSTK,TITAN,24-Sep-2020,1060,PE,0,0,0,145.5,93.4,0,0,0,0,06-JUL-2020,
OPTSTK,TITAN,24-Sep-2020,1080,PE,0,0,0,158.65,105.9,0,0,0,0,06-JUL-2020,
OPTSTK,TITAN,24-Sep-2020,1100,PE,0,0,0,172.3,119.2,0,0,0,0,06-JUL-2020,
OPTSTK,TITAN,24-Sep-2020,1120,PE,0,0,0,186.45,133.15,0,0,0,0,06-JUL-2020,
OPTSTK,TITAN,24-Sep-2020,1140,PE,0,0,0,201.05,147.8,0,0,0,0,06-JUL-2020,
OPTSTK,TITAN,24-Sep-2020,1160,PE,0,0,0,216.05,163,0,0,0,0,06-JUL-2020,
OPTSTK,TITAN,24-Sep-2020,1180,PE,0,0,0,231.45,178.8,0,0,0,0,06-JUL-2020,
OPTSTK,TITAN,24-Sep-2020,1200,PE,0,0,0,247.2,195.1,0,0,0,0,06-JUL-2020,
OPTSTK,TORNTPHARM,30-Jul-2020,1550,CE,0,0,0,853.35,801.65,0,0,0,0,06-JUL-2020,
OPTSTK,TORNTPHARM,30-Jul-2020,1600,CE,0,0,0,812.2,751.75,0,0,0,0,06-JUL-2020,
OPTSTK,TORNTPHARM,30-Jul-2020,1650,CE,0,0,0,772.15,701.9,0,0,0,0,06-JUL-2020,
OPTSTK,TORNTPHARM,30-Jul-2020,1700,CE,0,0,0,733.3,652.05,0,0,0,0,06-JUL-2020,
OPTSTK,TORNTPHARM,30-Jul-2020,1750,CE,0,0,0,695.65,602.2,0,0,0,0,06-JUL-2020,
OPTSTK,TORNTPHARM,30-Jul-2020,1800,CE,0,0,0,659.3,552.35,0,0,0,0,06-JUL-2020,
OPTSTK,TORNTPHARM,30-Jul-2020,1850,CE,0,0,0,624.15,502.55,0,0,0,0,06-JUL-2020,
OPTSTK,TORNTPHARM,30-Jul-2020,1900,CE,0,0,0,590.3,452.85,0,0,0,0,06-JUL-2020,
OPTSTK,TORNTPHARM,30-Jul-2020,1950,CE,0,0,0,557.75,403.45,0,0,0,0,06-JUL-2020,
OPTSTK,TORNTPHARM,30-Jul-2020,2000,CE,0,0,0,526.45,354.5,0,0,0,0,06-JUL-2020,
OPTSTK,TORNTPHARM,30-Jul-2020,2050,CE,0,0,0,496.55,306.55,0,0,0,0,06-JUL-2020,
OPTSTK,TORNTPHARM,30-Jul-2020,2100,CE,0,0,0,468,260.15,0,0,0,0,06-JUL-2020,
OPTSTK,TORNTPHARM,30-Jul-2020,2150,CE,0,0,0,462.05,216.05,0,0,1000,0,06-JUL-2020,
OPTSTK,TORNTPHARM,30-Jul-2020,2200,CE,0,0,0,416.9,175.2,0,0,1000,0,06-JUL-2020,
OPTSTK,TORNTPHARM,30-Jul-2020,2250,CE,0,0,0,373.25,138.4,0,0,3000,0,06-JUL-2020,
OPTSTK,TORNTPHARM,30-Jul-2020,2300,CE,0,0,0,133.35,106.25,0,0,5500,0,06-JUL-2020,
OPTSTK,TORNTPHARM,30-Jul-2020,2350,CE,95.35,95.35,92,93,93,3,36.65,1500,1000,06-JUL-2020,
OPTSTK,TORNTPHARM,30-Jul-2020,2400,CE,100.55,100.85,69.35,70.2,70.2,51,632.19,23500,10000,06-JUL-2020,
OPTSTK,TORNTPHARM,30-Jul-2020,2450,CE,79.2,80.55,53,56,56,20,251.1,10000,3500,06-JUL-2020,
OPTSTK,TORNTPHARM,30-Jul-2020,2500,CE,58.45,58.45,40,41.3,41.3,47,597.85,39000,9000,06-JUL-2020,
OPTSTK,TORNTPHARM,30-Jul-2020,2550,CE,41.65,41.65,31,34.1,17.8,4,51.73,11500,1500,06-JUL-2020,
OPTSTK,TORNTPHARM,30-Jul-2020,2600,CE,30.05,30.05,21.35,24.95,24.95,25,328.05,19000,7000,06-JUL-2020,
OPTSTK,TORNTPHARM,30-Jul-2020,2650,CE,0,0,0,15,6.95,0,0,1000,0,06-JUL-2020,
OPTSTK,TORNTPHARM,30-Jul-2020,2700,CE,8.65,8.65,8.65,8.65,4.15,1,13.54,4000,0,06-JUL-2020,
OPTSTK,TORNTPHARM,30-Jul-2020,2750,CE,0,0,0,42,2.4,0,0,500,0,06-JUL-2020,
OPTSTK,TORNTPHARM,30-Jul-2020,2800,CE,7,7,5.25,5.25,1.35,2,28.06,5500,500,06-JUL-2020,
OPTSTK,TORNTPHARM,30-Jul-2020,2850,CE,0,0,0,178,0.75,0,0,0,0,06-JUL-2020,
OPTSTK,TORNTPHARM,30-Jul-2020,2900,CE,0,0,0,12,0.4,0,0,500,0,06-JUL-2020,
OPTSTK,TORNTPHARM,30-Jul-2020,2950,CE,0,0,0,155.25,0.2,0,0,0,0,06-JUL-2020,
OPTSTK,TORNTPHARM,30-Jul-2020,3000,CE,0,0,0,3.5,0.1,0,0,1000,0,06-JUL-2020,
OPTSTK,TORNTPHARM,30-Jul-2020,3050,CE,0,0,0,1.95,0.05,0,0,500,0,06-JUL-2020,
OPTSTK,TORNTPHARM,30-Jul-2020,3100,CE,2,2,2,2,0.05,1,15.51,7500,-500,06-JUL-2020,
OPTSTK,TORNTPHARM,30-Jul-2020,1550,PE,0,0,0,38.3,0.05,0,0,0,0,06-JUL-2020,
OPTSTK,TORNTPHARM,30-Jul-2020,1600,PE,0,0,0,46.55,0.05,0,0,0,0,06-JUL-2020,
OPTSTK,TORNTPHARM,30-Jul-2020,1650,PE,0,0,0,55.85,0.05,0,0,0,0,06-JUL-2020,
OPTSTK,TORNTPHARM,30-Jul-2020,1700,PE,0,0,0,66.35,0.05,0,0,0,0,06-JUL-2020,
OPTSTK,TORNTPHARM,30-Jul-2020,1750,PE,0,0,0,78.1,0.05,0,0,0,0,06-JUL-2020,
OPTSTK,TORNTPHARM,30-Jul-2020,1800,PE,0,0,0,0.25,0.05,0,0,500,0,06-JUL-2020,
OPTSTK,TORNTPHARM,30-Jul-2020,1850,PE,0,0,0,0.25,0.1,0,0,500,0,06-JUL-2020,
OPTSTK,TORNTPHARM,30-Jul-2020,1900,PE,0,0,0,120.8,0.25,0,0,0,0,06-JUL-2020,
OPTSTK,TORNTPHARM,30-Jul-2020,1950,PE,0,0,0,137.65,0.7,0,0,0,0,06-JUL-2020,
OPTSTK,TORNTPHARM,30-Jul-2020,2000,PE,0,0,0,6,1.65,0,0,1000,0,06-JUL-2020,
OPTSTK,TORNTPHARM,30-Jul-2020,2050,PE,0,0,0,175.2,3.5,0,0,0,0,06-JUL-2020,
OPTSTK,TORNTPHARM,30-Jul-2020,2100,PE,0,0,0,15,6.95,0,0,4500,0,06-JUL-2020,
OPTSTK,TORNTPHARM,30-Jul-2020,2150,PE,0,0,0,218.05,12.75,0,0,0,0,06-JUL-2020,
OPTSTK,TORNTPHARM,30-Jul-2020,2200,PE,33.75,34.5,30.05,32.95,32.95,39,435.22,26000,5000,06-JUL-2020,
OPTSTK,TORNTPHARM,30-Jul-2020,2250,PE,41.9,46,41.8,43.9,34.8,5,57.33,5500,1500,06-JUL-2020,
OPTSTK,TORNTPHARM,30-Jul-2020,2300,PE,50.95,69.75,50.95,67,67,27,319.23,12500,5000,06-JUL-2020,
OPTSTK,TORNTPHARM,30-Jul-2020,2350,PE,81.8,93.05,71.4,90,90,14,170.67,6500,2500,06-JUL-2020,
OPTSTK,TORNTPHARM,30-Jul-2020,2400,PE,121.5,121.5,121.5,121.5,103.2,2,25.21,4500,-500,06-JUL-2020,
OPTSTK,TORNTPHARM,30-Jul-2020,2450,PE,0,0,0,376.3,135.9,0,0,0,0,06-JUL-2020,
OPTSTK,TORNTPHARM,30-Jul-2020,2500,PE,0,0,0,161.5,172.85,0,0,4000,0,06-JUL-2020,
OPTSTK,TORNTPHARM,30-Jul-2020,2550,PE,0,0,0,438.15,213.4,0,0,0,0,06-JUL-2020,
OPTSTK,TORNTPHARM,30-Jul-2020,2600,PE,0,0,0,470.55,256.75,0,0,0,0,06-JUL-2020,
OPTSTK,TORNTPHARM,30-Jul-2020,2650,PE,0,0,0,151.7,302.25,0,0,2000,0,06-JUL-2020,
OPTSTK,TORNTPHARM,30-Jul-2020,2700,PE,0,0,0,538.25,349.35,0,0,0,0,06-JUL-2020,
OPTSTK,TORNTPHARM,30-Jul-2020,2750,PE,0,0,0,573.45,397.45,0,0,0,0,06-JUL-2020,
OPTSTK,TORNTPHARM,30-Jul-2020,2800,PE,0,0,0,370.7,446.25,0,0,500,0,06-JUL-2020,
OPTSTK,TORNTPHARM,30-Jul-2020,2850,PE,0,0,0,646.5,495.5,0,0,0,0,06-JUL-2020,
OPTSTK,TORNTPHARM,30-Jul-2020,2900,PE,0,0,0,684.1,545,0,0,0,0,06-JUL-2020,
OPTSTK,TORNTPHARM,30-Jul-2020,2950,PE,0,0,0,722.5,594.65,0,0,0,0,06-JUL-2020,
OPTSTK,TORNTPHARM,30-Jul-2020,3000,PE,0,0,0,464.55,644.45,0,0,1000,0,06-JUL-2020,
OPTSTK,TORNTPHARM,30-Jul-2020,3050,PE,0,0,0,801.2,694.25,0,0,0,0,06-JUL-2020,
OPTSTK,TORNTPHARM,30-Jul-2020,3100,PE,0,0,0,841.5,744.05,0,0,0,0,06-JUL-2020,
OPTSTK,TORNTPHARM,27-Aug-2020,1550,CE,0,0,0,846.3,806.65,0,0,0,0,06-JUL-2020,
OPTSTK,TORNTPHARM,27-Aug-2020,1600,CE,0,0,0,802.3,757,0,0,0,0,06-JUL-2020,
OPTSTK,TORNTPHARM,27-Aug-2020,1650,CE,0,0,0,759.4,707.35,0,0,0,0,06-JUL-2020,
OPTSTK,TORNTPHARM,27-Aug-2020,1700,CE,0,0,0,717.55,657.8,0,0,0,0,06-JUL-2020,
OPTSTK,TORNTPHARM,27-Aug-2020,1750,CE,0,0,0,676.9,608.4,0,0,0,0,06-JUL-2020,
OPTSTK,TORNTPHARM,27-Aug-2020,1800,CE,0,0,0,637.55,559.25,0,0,0,0,06-JUL-2020,
OPTSTK,TORNTPHARM,27-Aug-2020,1850,CE,0,0,0,599.5,510.55,0,0,0,0,06-JUL-2020,
OPTSTK,TORNTPHARM,27-Aug-2020,1900,CE,0,0,0,562.9,462.5,0,0,0,0,06-JUL-2020,
OPTSTK,TORNTPHARM,27-Aug-2020,1950,CE,0,0,0,527.65,415.45,0,0,0,0,06-JUL-2020,
OPTSTK,TORNTPHARM,27-Aug-2020,2000,CE,0,0,0,493.85,369.7,0,0,0,0,06-JUL-2020,
OPTSTK,TORNTPHARM,27-Aug-2020,2050,CE,0,0,0,461.45,325.7,0,0,0,0,06-JUL-2020,
OPTSTK,TORNTPHARM,27-Aug-2020,2100,CE,0,0,0,430.7,283.85,0,0,0,0,06-JUL-2020,
OPTSTK,TORNTPHARM,27-Aug-2020,2150,CE,0,0,0,401.4,244.6,0,0,0,0,06-JUL-2020,
OPTSTK,TORNTPHARM,27-Aug-2020,2200,CE,0,0,0,373.6,208.25,0,0,0,0,06-JUL-2020,
OPTSTK,TORNTPHARM,27-Aug-2020,2250,CE,0,0,0,347.3,175.15,0,0,0,0,06-JUL-2020,
OPTSTK,TORNTPHARM,27-Aug-2020,2300,CE,0,0,0,322.4,145.45,0,0,0,0,06-JUL-2020,
OPTSTK,TORNTPHARM,27-Aug-2020,2350,CE,0,0,0,299,119.3,0,0,0,0,06-JUL-2020,
OPTSTK,TORNTPHARM,27-Aug-2020,2400,CE,0,0,0,276.9,96.55,0,0,0,0,06-JUL-2020,
OPTSTK,TORNTPHARM,27-Aug-2020,2450,CE,0,0,0,256.2,77.15,0,0,0,0,06-JUL-2020,
OPTSTK,TORNTPHARM,27-Aug-2020,2500,CE,0,0,0,236.75,60.85,0,0,0,0,06-JUL-2020,
OPTSTK,TORNTPHARM,27-Aug-2020,2550,CE,0,0,0,218.6,47.4,0,0,0,0,06-JUL-2020,
OPTSTK,TORNTPHARM,27-Aug-2020,2600,CE,0,0,0,201.6,36.45,0,0,0,0,06-JUL-2020,
OPTSTK,TORNTPHARM,27-Aug-2020,2650,CE,0,0,0,185.75,27.7,0,0,0,0,06-JUL-2020,
OPTSTK,TORNTPHARM,27-Aug-2020,2700,CE,0,0,0,171.05,20.8,0,0,0,0,06-JUL-2020,
OPTSTK,TORNTPHARM,27-Aug-2020,2750,CE,0,0,0,157.3,15.45,0,0,0,0,06-JUL-2020,
OPTSTK,TORNTPHARM,27-Aug-2020,2800,CE,0,0,0,144.7,11.35,0,0,0,0,06-JUL-2020,
OPTSTK,TORNTPHARM,27-Aug-2020,2850,CE,0,0,0,132.95,8.25,0,0,0,0,06-JUL-2020,
OPTSTK,TORNTPHARM,27-Aug-2020,2900,CE,0,0,0,122,5.9,0,0,0,0,06-JUL-2020,
OPTSTK,TORNTPHARM,27-Aug-2020,2950,CE,0,0,0,111.95,4.2,0,0,0,0,06-JUL-2020,
OPTSTK,TORNTPHARM,27-Aug-2020,3000,CE,0,0,0,102.65,2.95,0,0,0,0,06-JUL-2020,
OPTSTK,TORNTPHARM,27-Aug-2020,3050,CE,0,0,0,94.05,2.05,0,0,0,0,06-JUL-2020,
OPTSTK,TORNTPHARM,27-Aug-2020,3100,CE,0,0,0,86,1.45,0,0,0,0,06-JUL-2020,
OPTSTK,TORNTPHARM,27-Aug-2020,1550,PE,0,0,0,19.5,0.05,0,0,0,0,06-JUL-2020,
OPTSTK,TORNTPHARM,27-Aug-2020,1600,PE,0,0,0,24.95,0.05,0,0,0,0,06-JUL-2020,
OPTSTK,TORNTPHARM,27-Aug-2020,1650,PE,0,0,0,31.4,0.1,0,0,0,0,06-JUL-2020,
OPTSTK,TORNTPHARM,27-Aug-2020,1700,PE,0,0,0,38.95,0.25,0,0,0,0,06-JUL-2020,
OPTSTK,TORNTPHARM,27-Aug-2020,1750,PE,0,0,0,47.7,0.55,0,0,0,0,06-JUL-2020,
OPTSTK,TORNTPHARM,27-Aug-2020,1800,PE,0,0,0,57.75,1.1,0,0,0,0,06-JUL-2020,
OPTSTK,TORNTPHARM,27-Aug-2020,1850,PE,0,0,0,69.1,2.1,0,0,0,0,06-JUL-2020,
OPTSTK,TORNTPHARM,27-Aug-2020,1900,PE,0,0,0,81.9,3.75,0,0,0,0,06-JUL-2020,
OPTSTK,TORNTPHARM,27-Aug-2020,1950,PE,0,0,0,96.05,6.35,0,0,0,0,06-JUL-2020,
OPTSTK,TORNTPHARM,27-Aug-2020,2000,PE,0,0,0,111.65,10.3,0,0,0,0,06-JUL-2020,
OPTSTK,TORNTPHARM,27-Aug-2020,2050,PE,0,0,0,128.65,16,0,0,0,0,06-JUL-2020,
OPTSTK,TORNTPHARM,27-Aug-2020,2100,PE,0,0,0,147.25,23.85,0,0,0,0,06-JUL-2020,
OPTSTK,TORNTPHARM,27-Aug-2020,2150,PE,0,0,0,167.35,34.3,0,0,0,0,06-JUL-2020,
OPTSTK,TORNTPHARM,27-Aug-2020,2200,PE,0,0,0,188.95,47.65,0,0,0,0,06-JUL-2020,
OPTSTK,TORNTPHARM,27-Aug-2020,2250,PE,0,0,0,212.05,64.25,0,0,0,0,06-JUL-2020,
OPTSTK,TORNTPHARM,27-Aug-2020,2300,PE,0,0,0,236.55,84.3,0,0,0,0,06-JUL-2020,
OPTSTK,TORNTPHARM,27-Aug-2020,2350,PE,0,0,0,262.5,107.8,0,0,0,0,06-JUL-2020,
OPTSTK,TORNTPHARM,27-Aug-2020,2400,PE,0,0,0,138,134.75,0,0,500,0,06-JUL-2020,
OPTSTK,TORNTPHARM,27-Aug-2020,2450,PE,0,0,0,318.5,165.05,0,0,0,0,06-JUL-2020,
OPTSTK,TORNTPHARM,27-Aug-2020,2500,PE,0,0,0,348.45,198.45,0,0,0,0,06-JUL-2020,
OPTSTK,TORNTPHARM,27-Aug-2020,2550,PE,0,0,0,379.7,234.7,0,0,0,0,06-JUL-2020,
OPTSTK,TORNTPHARM,27-Aug-2020,2600,PE,0,0,0,412.1,273.5,0,0,0,0,06-JUL-2020,
OPTSTK,TORNTPHARM,27-Aug-2020,2650,PE,0,0,0,445.65,314.4,0,0,0,0,06-JUL-2020,
OPTSTK,TORNTPHARM,27-Aug-2020,2700,PE,0,0,0,480.3,357.2,0,0,0,0,06-JUL-2020,
OPTSTK,TORNTPHARM,27-Aug-2020,2750,PE,0,0,0,515.95,401.55,0,0,0,0,06-JUL-2020,
OPTSTK,TORNTPHARM,27-Aug-2020,2800,PE,0,0,0,552.75,447.15,0,0,0,0,06-JUL-2020,
OPTSTK,TORNTPHARM,27-Aug-2020,2850,PE,0,0,0,590.35,493.75,0,0,0,0,06-JUL-2020,
OPTSTK,TORNTPHARM,27-Aug-2020,2900,PE,0,0,0,628.85,541.1,0,0,0,0,06-JUL-2020,
OPTSTK,TORNTPHARM,27-Aug-2020,2950,PE,0,0,0,668.15,589.1,0,0,0,0,06-JUL-2020,
OPTSTK,TORNTPHARM,27-Aug-2020,3000,PE,0,0,0,708.25,637.55,0,0,0,0,06-JUL-2020,
OPTSTK,TORNTPHARM,27-Aug-2020,3050,PE,0,0,0,749.05,686.35,0,0,0,0,06-JUL-2020,
OPTSTK,TORNTPHARM,27-Aug-2020,3100,PE,0,0,0,790.4,735.4,0,0,0,0,06-JUL-2020,
OPTSTK,TORNTPHARM,24-Sep-2020,1550,CE,0,0,0,972,811.9,0,0,0,0,06-JUL-2020,
OPTSTK,TORNTPHARM,24-Sep-2020,1600,CE,0,0,0,924.25,762.55,0,0,0,0,06-JUL-2020,
OPTSTK,TORNTPHARM,24-Sep-2020,1650,CE,0,0,0,877.05,713.4,0,0,0,0,06-JUL-2020,
OPTSTK,TORNTPHARM,24-Sep-2020,1700,CE,0,0,0,830.5,664.5,0,0,0,0,06-JUL-2020,
OPTSTK,TORNTPHARM,24-Sep-2020,1750,CE,0,0,0,784.75,616.05,0,0,0,0,06-JUL-2020,
OPTSTK,TORNTPHARM,24-Sep-2020,1800,CE,0,0,0,739.8,568.15,0,0,0,0,06-JUL-2020,
OPTSTK,TORNTPHARM,24-Sep-2020,1850,CE,0,0,0,695.9,521,0,0,0,0,06-JUL-2020,
OPTSTK,TORNTPHARM,24-Sep-2020,1900,CE,0,0,0,653.1,474.95,0,0,0,0,06-JUL-2020,
OPTSTK,TORNTPHARM,24-Sep-2020,1950,CE,0,0,0,611.5,430.2,0,0,0,0,06-JUL-2020,
OPTSTK,TORNTPHARM,24-Sep-2020,2000,CE,0,0,0,571.25,387.05,0,0,0,0,06-JUL-2020,
OPTSTK,TORNTPHARM,24-Sep-2020,2050,CE,0,0,0,532.4,345.8,0,0,0,0,06-JUL-2020,
OPTSTK,TORNTPHARM,24-Sep-2020,2100,CE,0,0,0,495.15,306.7,0,0,0,0,06-JUL-2020,
OPTSTK,TORNTPHARM,24-Sep-2020,2150,CE,0,0,0,459.3,270,0,0,0,0,06-JUL-2020,
OPTSTK,TORNTPHARM,24-Sep-2020,2200,CE,0,0,0,425.15,235.9,0,0,0,0,06-JUL-2020,
OPTSTK,TORNTPHARM,24-Sep-2020,2250,CE,0,0,0,392.5,204.5,0,0,0,0,06-JUL-2020,
OPTSTK,TORNTPHARM,24-Sep-2020,2300,CE,0,0,0,361.7,175.95,0,0,0,0,06-JUL-2020,
OPTSTK,TORNTPHARM,24-Sep-2020,2350,CE,0,0,0,332.6,150.2,0,0,0,0,06-JUL-2020,
OPTSTK,TORNTPHARM,24-Sep-2020,2400,CE,0,0,0,305.2,127.2,0,0,0,0,06-JUL-2020,
OPTSTK,TORNTPHARM,24-Sep-2020,2450,CE,0,0,0,279.45,106.95,0,0,0,0,06-JUL-2020,
OPTSTK,TORNTPHARM,24-Sep-2020,2500,CE,0,0,0,255.35,89.2,0,0,0,0,06-JUL-2020,
OPTSTK,TORNTPHARM,24-Sep-2020,2550,CE,0,0,0,232.9,73.9,0,0,0,0,06-JUL-2020,
OPTSTK,TORNTPHARM,24-Sep-2020,2600,CE,0,0,0,212,60.75,0,0,0,0,06-JUL-2020,
OPTSTK,TORNTPHARM,24-Sep-2020,2650,CE,0,0,0,192.65,49.6,0,0,0,0,06-JUL-2020,
OPTSTK,TORNTPHARM,24-Sep-2020,2700,CE,0,0,0,174.7,40.2,0,0,0,0,06-JUL-2020,
OPTSTK,TORNTPHARM,24-Sep-2020,2750,CE,0,0,0,158.2,32.4,0,0,0,0,06-JUL-2020,
OPTSTK,TORNTPHARM,24-Sep-2020,2800,CE,0,0,0,143,25.9,0,0,0,0,06-JUL-2020,
OPTSTK,TORNTPHARM,24-Sep-2020,2850,CE,0,0,0,129.05,20.6,0,0,0,0,06-JUL-2020,
OPTSTK,TORNTPHARM,24-Sep-2020,2900,CE,0,0,0,116.4,16.3,0,0,0,0,06-JUL-2020,
OPTSTK,TORNTPHARM,24-Sep-2020,2950,CE,0,0,0,104.75,12.8,0,0,0,0,06-JUL-2020,
OPTSTK,TORNTPHARM,24-Sep-2020,3000,CE,0,0,0,94.15,10,0,0,0,0,06-JUL-2020,
OPTSTK,TORNTPHARM,24-Sep-2020,3050,CE,0,0,0,84.5,7.75,0,0,0,0,06-JUL-2020,
OPTSTK,TORNTPHARM,24-Sep-2020,3100,CE,0,0,0,75.65,6,0,0,0,0,06-JUL-2020,
OPTSTK,TORNTPHARM,24-Sep-2020,1550,PE,0,0,0,3.9,0.2,0,0,0,0,06-JUL-2020,
OPTSTK,TORNTPHARM,24-Sep-2020,1600,PE,0,0,0,5.6,0.4,0,0,0,0,06-JUL-2020,
OPTSTK,TORNTPHARM,24-Sep-2020,1650,PE,0,0,0,7.8,0.8,0,0,0,0,06-JUL-2020,
OPTSTK,TORNTPHARM,24-Sep-2020,1700,PE,0,0,0,10.7,1.45,0,0,0,0,06-JUL-2020,
OPTSTK,TORNTPHARM,24-Sep-2020,1750,PE,0,0,0,14.35,2.5,0,0,0,0,06-JUL-2020,
OPTSTK,TORNTPHARM,24-Sep-2020,1800,PE,0,0,0,18.85,4.15,0,0,0,0,06-JUL-2020,
OPTSTK,TORNTPHARM,24-Sep-2020,1850,PE,0,0,0,24.35,6.55,0,0,0,0,06-JUL-2020,
OPTSTK,TORNTPHARM,24-Sep-2020,1900,PE,0,0,0,30.95,10.05,0,0,0,0,06-JUL-2020,
OPTSTK,TORNTPHARM,24-Sep-2020,1950,PE,0,0,0,38.8,14.85,0,0,0,0,06-JUL-2020,
OPTSTK,TORNTPHARM,24-Sep-2020,2000,PE,0,0,0,47.95,21.2,0,0,0,0,06-JUL-2020,
OPTSTK,TORNTPHARM,24-Sep-2020,2050,PE,0,0,0,58.55,29.5,0,0,0,0,06-JUL-2020,
OPTSTK,TORNTPHARM,24-Sep-2020,2100,PE,0,0,0,70.7,39.95,0,0,0,0,06-JUL-2020,
OPTSTK,TORNTPHARM,24-Sep-2020,2150,PE,0,0,0,84.3,52.75,0,0,0,0,06-JUL-2020,
OPTSTK,TORNTPHARM,24-Sep-2020,2200,PE,0,0,0,99.5,68.2,0,0,0,0,06-JUL-2020,
OPTSTK,TORNTPHARM,24-Sep-2020,2250,PE,0,0,0,116.3,86.35,0,0,0,0,06-JUL-2020,
OPTSTK,TORNTPHARM,24-Sep-2020,2300,PE,0,0,0,134.95,107.3,0,0,0,0,06-JUL-2020,
OPTSTK,TORNTPHARM,24-Sep-2020,2350,PE,0,0,0,155.25,131.1,0,0,0,0,06-JUL-2020,
OPTSTK,TORNTPHARM,24-Sep-2020,2400,PE,0,0,0,177.25,157.65,0,0,0,0,06-JUL-2020,
OPTSTK,TORNTPHARM,24-Sep-2020,2450,PE,0,0,0,200.95,186.9,0,0,0,0,06-JUL-2020,
OPTSTK,TORNTPHARM,24-Sep-2020,2500,PE,0,0,0,226.25,218.75,0,0,0,0,06-JUL-2020,
OPTSTK,TORNTPHARM,24-Sep-2020,2550,PE,0,0,0,253.25,252.95,0,0,0,0,06-JUL-2020,
OPTSTK,TORNTPHARM,24-Sep-2020,2600,PE,0,0,0,281.75,289.35,0,0,0,0,06-JUL-2020,
OPTSTK,TORNTPHARM,24-Sep-2020,2650,PE,0,0,0,311.8,327.7,0,0,0,0,06-JUL-2020,
OPTSTK,TORNTPHARM,24-Sep-2020,2700,PE,0,0,0,343.3,367.9,0,0,0,0,06-JUL-2020,
OPTSTK,TORNTPHARM,24-Sep-2020,2750,PE,0,0,0,376.2,409.6,0,0,0,0,06-JUL-2020,
OPTSTK,TORNTPHARM,24-Sep-2020,2800,PE,0,0,0,410.4,452.65,0,0,0,0,06-JUL-2020,
OPTSTK,TORNTPHARM,24-Sep-2020,2850,PE,0,0,0,445.85,496.9,0,0,0,0,06-JUL-2020,
OPTSTK,TORNTPHARM,24-Sep-2020,2900,PE,0,0,0,482.65,542.1,0,0,0,0,06-JUL-2020,
OPTSTK,TORNTPHARM,24-Sep-2020,2950,PE,0,0,0,520.45,588.15,0,0,0,0,06-JUL-2020,
OPTSTK,TORNTPHARM,24-Sep-2020,3000,PE,0,0,0,559.25,634.9,0,0,0,0,06-JUL-2020,
OPTSTK,TORNTPHARM,24-Sep-2020,3050,PE,0,0,0,599.05,682.2,0,0,0,0,06-JUL-2020,
OPTSTK,TORNTPHARM,24-Sep-2020,3100,PE,0,0,0,639.6,729.95,0,0,0,0,06-JUL-2020,
OPTSTK,TORNTPOWER,30-Jul-2020,210,CE,0,0,0,124.2,122.6,0,0,0,0,06-JUL-2020,
OPTSTK,TORNTPOWER,30-Jul-2020,215,CE,0,0,0,92.75,117.6,0,0,0,0,06-JUL-2020,
OPTSTK,TORNTPOWER,30-Jul-2020,220,CE,0,0,0,114.95,112.6,0,0,0,0,06-JUL-2020,
OPTSTK,TORNTPOWER,30-Jul-2020,225,CE,0,0,0,83.35,107.65,0,0,0,0,06-JUL-2020,
OPTSTK,TORNTPOWER,30-Jul-2020,230,CE,0,0,0,106,102.65,0,0,0,0,06-JUL-2020,
OPTSTK,TORNTPOWER,30-Jul-2020,235,CE,0,0,0,74.2,97.65,0,0,0,0,06-JUL-2020,
OPTSTK,TORNTPOWER,30-Jul-2020,240,CE,0,0,0,97.3,92.65,0,0,0,0,06-JUL-2020,
OPTSTK,TORNTPOWER,30-Jul-2020,245,CE,0,0,0,65.45,87.7,0,0,0,0,06-JUL-2020,
OPTSTK,TORNTPOWER,30-Jul-2020,250,CE,0,0,0,88.95,82.7,0,0,0,0,06-JUL-2020,
OPTSTK,TORNTPOWER,30-Jul-2020,255,CE,0,0,0,57.1,77.7,0,0,0,0,06-JUL-2020,
OPTSTK,TORNTPOWER,30-Jul-2020,260,CE,0,0,0,80.95,72.75,0,0,0,0,06-JUL-2020,
OPTSTK,TORNTPOWER,30-Jul-2020,265,CE,0,0,0,49.35,67.8,0,0,0,0,06-JUL-2020,
OPTSTK,TORNTPOWER,30-Jul-2020,270,CE,0,0,0,73.4,62.85,0,0,0,0,06-JUL-2020,
OPTSTK,TORNTPOWER,30-Jul-2020,275,CE,0,0,0,42.2,57.95,0,0,0,0,06-JUL-2020,
OPTSTK,TORNTPOWER,30-Jul-2020,280,CE,0,0,0,66.25,53.1,0,0,0,0,06-JUL-2020,
OPTSTK,TORNTPOWER,30-Jul-2020,285,CE,0,0,0,35.7,48.3,0,0,0,0,06-JUL-2020,
OPTSTK,TORNTPOWER,30-Jul-2020,290,CE,0,0,0,59.55,43.6,0,0,0,0,06-JUL-2020,
OPTSTK,TORNTPOWER,30-Jul-2020,295,CE,0,0,0,29.9,39.05,0,0,0,0,06-JUL-2020,
OPTSTK,TORNTPOWER,30-Jul-2020,300,CE,0,0,0,53.3,34.65,0,0,0,0,06-JUL-2020,
OPTSTK,TORNTPOWER,30-Jul-2020,305,CE,0,0,0,24.75,30.45,0,0,0,0,06-JUL-2020,
OPTSTK,TORNTPOWER,30-Jul-2020,310,CE,0,0,0,26,26.5,0,0,3000,0,06-JUL-2020,
OPTSTK,TORNTPOWER,30-Jul-2020,315,CE,0,0,0,20.35,22.8,0,0,0,0,06-JUL-2020,
OPTSTK,TORNTPOWER,30-Jul-2020,320,CE,21.4,21.4,21,21,19.4,2,20.47,27000,-3000,06-JUL-2020,
OPTSTK,TORNTPOWER,30-Jul-2020,325,CE,17.15,17.15,17.15,17.15,16.3,1,10.26,27000,-3000,06-JUL-2020,
OPTSTK,TORNTPOWER,30-Jul-2020,330,CE,12.75,15.8,11.9,14.15,14.15,31,320.38,66000,-12000,06-JUL-2020,
OPTSTK,TORNTPOWER,30-Jul-2020,335,CE,11.4,13.7,11.05,11.15,11.15,15,156.32,21000,12000,06-JUL-2020,
OPTSTK,TORNTPOWER,30-Jul-2020,340,CE,8.85,11,8.55,9.6,9.6,35,367.59,63000,6000,06-JUL-2020,
OPTSTK,TORNTPOWER,30-Jul-2020,345,CE,0,0,0,6.5,7.2,0,0,3000,0,06-JUL-2020,
OPTSTK,TORNTPOWER,30-Jul-2020,350,CE,5.8,7.8,5.8,6.65,6.65,32,342.58,84000,-21000,06-JUL-2020,
OPTSTK,TORNTPOWER,30-Jul-2020,355,CE,0,0,0,8.45,4.45,0,0,0,0,06-JUL-2020,
OPTSTK,TORNTPOWER,30-Jul-2020,360,CE,3.75,5.1,3.65,4.05,4.05,28,305.96,51000,3000,06-JUL-2020,
OPTSTK,TORNTPOWER,30-Jul-2020,365,CE,0,0,0,6.6,2.6,0,0,0,0,06-JUL-2020,
OPTSTK,TORNTPOWER,30-Jul-2020,370,CE,0,0,0,2.5,1.95,0,0,6000,0,06-JUL-2020,
OPTSTK,TORNTPOWER,30-Jul-2020,375,CE,0,0,0,5.15,1.45,0,0,0,0,06-JUL-2020,
OPTSTK,TORNTPOWER,30-Jul-2020,380,CE,0,0,0,19.5,1.05,0,0,0,0,06-JUL-2020,
OPTSTK,TORNTPOWER,30-Jul-2020,385,CE,0,0,0,4,0.75,0,0,0,0,06-JUL-2020,
OPTSTK,TORNTPOWER,30-Jul-2020,390,CE,0,0,0,1,0.55,0,0,9000,0,06-JUL-2020,
OPTSTK,TORNTPOWER,30-Jul-2020,395,CE,0,0,0,3.1,0.4,0,0,0,0,06-JUL-2020,
OPTSTK,TORNTPOWER,30-Jul-2020,400,CE,0.65,0.9,0.6,0.75,0.75,17,204.39,216000,33000,06-JUL-2020,
OPTSTK,TORNTPOWER,30-Jul-2020,405,CE,0,0,0,1,0.2,0,0,0,0,06-JUL-2020,
OPTSTK,TORNTPOWER,30-Jul-2020,210,PE,0,0,0,1.2,0.05,0,0,0,0,06-JUL-2020,
OPTSTK,TORNTPOWER,30-Jul-2020,215,PE,0,0,0,0.6,0.05,0,0,0,0,06-JUL-2020,
OPTSTK,TORNTPOWER,30-Jul-2020,220,PE,0,0,0,1.9,0.05,0,0,0,0,06-JUL-2020,
OPTSTK,TORNTPOWER,30-Jul-2020,225,PE,0,0,0,1.1,0.05,0,0,0,0,06-JUL-2020,
OPTSTK,TORNTPOWER,30-Jul-2020,230,PE,0,0,0,2.75,0.05,0,0,0,0,06-JUL-2020,
OPTSTK,TORNTPOWER,30-Jul-2020,235,PE,0,0,0,1.85,0.05,0,0,0,0,06-JUL-2020,
OPTSTK,TORNTPOWER,30-Jul-2020,240,PE,0,0,0,3.95,0.05,0,0,0,0,06-JUL-2020,
OPTSTK,TORNTPOWER,30-Jul-2020,245,PE,0,0,0,3,0.05,0,0,0,0,06-JUL-2020,
OPTSTK,TORNTPOWER,30-Jul-2020,250,PE,0,0,0,5.5,0.05,0,0,0,0,06-JUL-2020,
OPTSTK,TORNTPOWER,30-Jul-2020,255,PE,0,0,0,4.65,0.05,0,0,0,0,06-JUL-2020,
OPTSTK,TORNTPOWER,30-Jul-2020,260,PE,0,0,0,7.35,0.05,0,0,0,0,06-JUL-2020,
OPTSTK,TORNTPOWER,30-Jul-2020,265,PE,0,0,0,6.75,0.05,0,0,0,0,06-JUL-2020,
OPTSTK,TORNTPOWER,30-Jul-2020,270,PE,0,0,0,9.7,0.1,0,0,0,0,06-JUL-2020,
OPTSTK,TORNTPOWER,30-Jul-2020,275,PE,0,0,0,9.55,0.2,0,0,0,0,06-JUL-2020,
OPTSTK,TORNTPOWER,30-Jul-2020,280,PE,0,0,0,1,0.3,0,0,9000,0,06-JUL-2020,
OPTSTK,TORNTPOWER,30-Jul-2020,285,PE,0,0,0,12.95,0.5,0,0,0,0,06-JUL-2020,
OPTSTK,TORNTPOWER,30-Jul-2020,290,PE,0,0,0,1.95,0.8,0,0,9000,0,06-JUL-2020,
OPTSTK,TORNTPOWER,30-Jul-2020,295,PE,0,0,0,17.05,1.2,0,0,0,0,06-JUL-2020,
OPTSTK,TORNTPOWER,30-Jul-2020,300,PE,2.85,2.85,2.85,2.85,1.8,1,9.08,27000,-3000,06-JUL-2020,
OPTSTK,TORNTPOWER,30-Jul-2020,305,PE,0,0,0,6.8,2.6,0,0,9000,0,06-JUL-2020,
OPTSTK,TORNTPOWER,30-Jul-2020,310,PE,0,0,0,5.35,3.6,0,0,36000,0,06-JUL-2020,
OPTSTK,TORNTPOWER,30-Jul-2020,315,PE,5.95,5.95,5.9,5.9,4.9,3,28.88,9000,6000,06-JUL-2020,
OPTSTK,TORNTPOWER,30-Jul-2020,320,PE,8.75,8.75,7.1,7.15,6.5,11,108.18,33000,6000,06-JUL-2020,
OPTSTK,TORNTPOWER,30-Jul-2020,325,PE,0,0,0,10.2,8.4,0,0,36000,0,06-JUL-2020,
OPTSTK,TORNTPOWER,30-Jul-2020,330,PE,13.3,13.95,11.05,11.35,11.35,15,153.97,33000,-3000,06-JUL-2020,
OPTSTK,TORNTPOWER,30-Jul-2020,335,PE,0,0,0,40.15,13.15,0,0,0,0,06-JUL-2020,
OPTSTK,TORNTPOWER,30-Jul-2020,340,PE,0,0,0,27.05,16.05,0,0,0,0,06-JUL-2020,
OPTSTK,TORNTPOWER,30-Jul-2020,345,PE,0,0,0,30.2,19.25,0,0,3000,0,06-JUL-2020,
OPTSTK,TORNTPOWER,30-Jul-2020,350,PE,0,0,0,44.35,22.7,0,0,0,0,06-JUL-2020,
OPTSTK,TORNTPOWER,30-Jul-2020,355,PE,0,0,0,55.1,26.45,0,0,0,0,06-JUL-2020,
OPTSTK,TORNTPOWER,30-Jul-2020,360,PE,0,0,0,50.65,30.4,0,0,0,0,06-JUL-2020,
OPTSTK,TORNTPOWER,30-Jul-2020,365,PE,0,0,0,63.2,34.55,0,0,0,0,06-JUL-2020,
OPTSTK,TORNTPOWER,30-Jul-2020,370,PE,0,0,0,57.35,38.9,0,0,0,0,06-JUL-2020,
OPTSTK,TORNTPOWER,30-Jul-2020,375,PE,0,0,0,71.65,43.4,0,0,0,0,06-JUL-2020,
OPTSTK,TORNTPOWER,30-Jul-2020,380,PE,0,0,0,64.35,48,0,0,0,0,06-JUL-2020,
OPTSTK,TORNTPOWER,30-Jul-2020,385,PE,0,0,0,80.4,52.7,0,0,0,0,06-JUL-2020,
OPTSTK,TORNTPOWER,30-Jul-2020,390,PE,0,0,0,71.75,57.45,0,0,0,0,06-JUL-2020,
OPTSTK,TORNTPOWER,30-Jul-2020,395,PE,0,0,0,89.4,62.3,0,0,0,0,06-JUL-2020,
OPTSTK,TORNTPOWER,30-Jul-2020,400,PE,0,0,0,79.4,67.15,0,0,0,0,06-JUL-2020,
OPTSTK,TORNTPOWER,30-Jul-2020,405,PE,0,0,0,98.6,72.05,0,0,0,0,06-JUL-2020,
OPTSTK,TORNTPOWER,27-Aug-2020,210,CE,0,0,0,99.05,123.25,0,0,0,0,06-JUL-2020,
OPTSTK,TORNTPOWER,27-Aug-2020,215,CE,0,0,0,94.45,118.3,0,0,0,0,06-JUL-2020,
OPTSTK,TORNTPOWER,27-Aug-2020,220,CE,0,0,0,89.9,113.35,0,0,0,0,06-JUL-2020,
OPTSTK,TORNTPOWER,27-Aug-2020,225,CE,0,0,0,85.45,108.4,0,0,0,0,06-JUL-2020,
OPTSTK,TORNTPOWER,27-Aug-2020,230,CE,0,0,0,81.05,103.4,0,0,0,0,06-JUL-2020,
OPTSTK,TORNTPOWER,27-Aug-2020,235,CE,0,0,0,76.75,98.45,0,0,0,0,06-JUL-2020,
OPTSTK,TORNTPOWER,27-Aug-2020,240,CE,0,0,0,72.6,93.55,0,0,0,0,06-JUL-2020,
OPTSTK,TORNTPOWER,27-Aug-2020,245,CE,0,0,0,68.5,88.6,0,0,0,0,06-JUL-2020,
OPTSTK,TORNTPOWER,27-Aug-2020,250,CE,0,0,0,64.55,83.7,0,0,0,0,06-JUL-2020,
OPTSTK,TORNTPOWER,27-Aug-2020,255,CE,0,0,0,60.7,78.85,0,0,0,0,06-JUL-2020,
OPTSTK,TORNTPOWER,27-Aug-2020,260,CE,0,0,0,57,74.05,0,0,0,0,06-JUL-2020,
OPTSTK,TORNTPOWER,27-Aug-2020,265,CE,0,0,0,53.45,69.3,0,0,0,0,06-JUL-2020,
OPTSTK,TORNTPOWER,27-Aug-2020,270,CE,0,0,0,50,64.6,0,0,0,0,06-JUL-2020,
OPTSTK,TORNTPOWER,27-Aug-2020,275,CE,0,0,0,46.7,60,0,0,0,0,06-JUL-2020,
OPTSTK,TORNTPOWER,27-Aug-2020,280,CE,0,0,0,43.55,55.5,0,0,0,0,06-JUL-2020,
OPTSTK,TORNTPOWER,27-Aug-2020,285,CE,0,0,0,40.55,51.1,0,0,0,0,06-JUL-2020,
OPTSTK,TORNTPOWER,27-Aug-2020,290,CE,0,0,0,37.7,46.85,0,0,0,0,06-JUL-2020,
OPTSTK,TORNTPOWER,27-Aug-2020,295,CE,0,0,0,35,42.8,0,0,0,0,06-JUL-2020,
OPTSTK,TORNTPOWER,27-Aug-2020,300,CE,0,0,0,32.4,38.85,0,0,0,0,06-JUL-2020,
OPTSTK,TORNTPOWER,27-Aug-2020,305,CE,0,0,0,30,35.15,0,0,0,0,06-JUL-2020,
OPTSTK,TORNTPOWER,27-Aug-2020,310,CE,0,0,0,27.7,31.65,0,0,0,0,06-JUL-2020,
OPTSTK,TORNTPOWER,27-Aug-2020,315,CE,0,0,0,25.55,28.3,0,0,0,0,06-JUL-2020,
OPTSTK,TORNTPOWER,27-Aug-2020,320,CE,0,0,0,23.55,25.25,0,0,0,0,06-JUL-2020,
OPTSTK,TORNTPOWER,27-Aug-2020,325,CE,0,0,0,21.65,22.35,0,0,0,0,06-JUL-2020,
OPTSTK,TORNTPOWER,27-Aug-2020,330,CE,0,0,0,19.85,19.7,0,0,0,0,06-JUL-2020,
OPTSTK,TORNTPOWER,27-Aug-2020,335,CE,0,0,0,18.25,17.3,0,0,0,0,06-JUL-2020,
OPTSTK,TORNTPOWER,27-Aug-2020,340,CE,0,0,0,16.7,15.1,0,0,0,0,06-JUL-2020,
OPTSTK,TORNTPOWER,27-Aug-2020,345,CE,0,0,0,15.25,13.1,0,0,0,0,06-JUL-2020,
OPTSTK,TORNTPOWER,27-Aug-2020,350,CE,0,0,0,13.95,11.35,0,0,0,0,06-JUL-2020,
OPTSTK,TORNTPOWER,27-Aug-2020,355,CE,0,0,0,12.75,9.75,0,0,0,0,06-JUL-2020,
OPTSTK,TORNTPOWER,27-Aug-2020,360,CE,0,0,0,11.65,8.35,0,0,0,0,06-JUL-2020,
OPTSTK,TORNTPOWER,27-Aug-2020,365,CE,0,0,0,10.6,7.1,0,0,0,0,06-JUL-2020,
OPTSTK,TORNTPOWER,27-Aug-2020,370,CE,0,0,0,9.65,6,0,0,0,0,06-JUL-2020,
OPTSTK,TORNTPOWER,27-Aug-2020,375,CE,0,0,0,8.75,5.05,0,0,0,0,06-JUL-2020,
OPTSTK,TORNTPOWER,27-Aug-2020,380,CE,0,0,0,7.95,4.25,0,0,0,0,06-JUL-2020,
OPTSTK,TORNTPOWER,27-Aug-2020,385,CE,0,0,0,7.2,3.55,0,0,0,0,06-JUL-2020,
OPTSTK,TORNTPOWER,27-Aug-2020,390,CE,0,0,0,6.55,2.95,0,0,0,0,06-JUL-2020,
OPTSTK,TORNTPOWER,27-Aug-2020,395,CE,0,0,0,5.9,2.45,0,0,0,0,06-JUL-2020,
OPTSTK,TORNTPOWER,27-Aug-2020,400,CE,0,0,0,5.35,2,0,0,0,0,06-JUL-2020,
OPTSTK,TORNTPOWER,27-Aug-2020,405,CE,0,0,0,4.85,1.65,0,0,0,0,06-JUL-2020,
OPTSTK,TORNTPOWER,27-Aug-2020,210,PE,0,0,0,1.15,0.05,0,0,0,0,06-JUL-2020,
OPTSTK,TORNTPOWER,27-Aug-2020,215,PE,0,0,0,1.5,0.05,0,0,0,0,06-JUL-2020,
OPTSTK,TORNTPOWER,27-Aug-2020,220,PE,0,0,0,1.9,0.05,0,0,0,0,06-JUL-2020,
OPTSTK,TORNTPOWER,27-Aug-2020,225,PE,0,0,0,2.35,0.05,0,0,0,0,06-JUL-2020,
OPTSTK,TORNTPOWER,27-Aug-2020,230,PE,0,0,0,2.9,0.05,0,0,0,0,06-JUL-2020,
OPTSTK,TORNTPOWER,27-Aug-2020,235,PE,0,0,0,3.55,0.05,0,0,0,0,06-JUL-2020,
OPTSTK,TORNTPOWER,27-Aug-2020,240,PE,0,0,0,4.3,0.1,0,0,0,0,06-JUL-2020,
OPTSTK,TORNTPOWER,27-Aug-2020,245,PE,0,0,0,5.2,0.15,0,0,0,0,06-JUL-2020,
OPTSTK,TORNTPOWER,27-Aug-2020,250,PE,0,0,0,6.15,0.2,0,0,0,0,06-JUL-2020,
OPTSTK,TORNTPOWER,27-Aug-2020,255,PE,0,0,0,7.25,0.3,0,0,0,0,06-JUL-2020,
OPTSTK,TORNTPOWER,27-Aug-2020,260,PE,0,0,0,8.5,0.45,0,0,0,0,06-JUL-2020,
OPTSTK,TORNTPOWER,27-Aug-2020,265,PE,0,0,0,9.85,0.7,0,0,0,0,06-JUL-2020,
OPTSTK,TORNTPOWER,27-Aug-2020,270,PE,0,0,0,11.4,0.95,0,0,0,0,06-JUL-2020,
OPTSTK,TORNTPOWER,27-Aug-2020,275,PE,0,0,0,13,1.35,0,0,0,0,06-JUL-2020,
OPTSTK,TORNTPOWER,27-Aug-2020,280,PE,0,0,0,14.8,1.8,0,0,0,0,06-JUL-2020,
OPTSTK,TORNTPOWER,27-Aug-2020,285,PE,0,0,0,16.75,2.4,0,0,0,0,06-JUL-2020,
OPTSTK,TORNTPOWER,27-Aug-2020,290,PE,0,0,0,18.8,3.1,0,0,0,0,06-JUL-2020,
OPTSTK,TORNTPOWER,27-Aug-2020,295,PE,0,0,0,21.05,4,0,0,0,0,06-JUL-2020,
OPTSTK,TORNTPOWER,27-Aug-2020,300,PE,0,0,0,23.4,5.05,0,0,0,0,06-JUL-2020,
OPTSTK,TORNTPOWER,27-Aug-2020,305,PE,0,0,0,25.95,6.3,0,0,0,0,06-JUL-2020,
OPTSTK,TORNTPOWER,27-Aug-2020,310,PE,0,0,0,28.6,7.75,0,0,0,0,06-JUL-2020,
OPTSTK,TORNTPOWER,27-Aug-2020,315,PE,0,0,0,31.35,9.4,0,0,0,0,06-JUL-2020,
OPTSTK,TORNTPOWER,27-Aug-2020,320,PE,0,0,0,34.3,11.3,0,0,0,0,06-JUL-2020,
OPTSTK,TORNTPOWER,27-Aug-2020,325,PE,0,0,0,37.35,13.4,0,0,0,0,06-JUL-2020,
OPTSTK,TORNTPOWER,27-Aug-2020,330,PE,0,0,0,40.5,15.7,0,0,0,0,06-JUL-2020,
OPTSTK,TORNTPOWER,27-Aug-2020,335,PE,0,0,0,43.8,18.25,0,0,0,0,06-JUL-2020,
OPTSTK,TORNTPOWER,27-Aug-2020,340,PE,0,0,0,47.2,21.05,0,0,0,0,06-JUL-2020,
OPTSTK,TORNTPOWER,27-Aug-2020,345,PE,0,0,0,50.75,24.05,0,0,0,0,06-JUL-2020,
OPTSTK,TORNTPOWER,27-Aug-2020,350,PE,0,0,0,54.35,27.2,0,0,0,0,06-JUL-2020,
OPTSTK,TORNTPOWER,27-Aug-2020,355,PE,0,0,0,58.1,30.6,0,0,0,0,06-JUL-2020,
OPTSTK,TORNTPOWER,27-Aug-2020,360,PE,0,0,0,61.9,34.15,0,0,0,0,06-JUL-2020,
OPTSTK,TORNTPOWER,27-Aug-2020,365,PE,0,0,0,65.8,37.9,0,0,0,0,06-JUL-2020,
OPTSTK,TORNTPOWER,27-Aug-2020,370,PE,0,0,0,69.8,41.75,0,0,0,0,06-JUL-2020,
OPTSTK,TORNTPOWER,27-Aug-2020,375,PE,0,0,0,73.85,45.8,0,0,0,0,06-JUL-2020,
OPTSTK,TORNTPOWER,27-Aug-2020,380,PE,0,0,0,78,49.95,0,0,0,0,06-JUL-2020,
OPTSTK,TORNTPOWER,27-Aug-2020,385,PE,0,0,0,82.2,54.25,0,0,0,0,06-JUL-2020,
OPTSTK,TORNTPOWER,27-Aug-2020,390,PE,0,0,0,86.45,58.6,0,0,0,0,06-JUL-2020,
OPTSTK,TORNTPOWER,27-Aug-2020,395,PE,0,0,0,90.75,63.05,0,0,0,0,06-JUL-2020,
OPTSTK,TORNTPOWER,27-Aug-2020,400,PE,0,0,0,95.15,67.6,0,0,0,0,06-JUL-2020,
OPTSTK,TORNTPOWER,27-Aug-2020,405,PE,0,0,0,99.55,72.2,0,0,0,0,06-JUL-2020,
OPTSTK,TORNTPOWER,24-Sep-2020,210,CE,0,0,0,119,124,0,0,0,0,06-JUL-2020,
OPTSTK,TORNTPOWER,24-Sep-2020,215,CE,0,0,0,114.2,119.05,0,0,0,0,06-JUL-2020,
OPTSTK,TORNTPOWER,24-Sep-2020,220,CE,0,0,0,109.45,114.1,0,0,0,0,06-JUL-2020,
OPTSTK,TORNTPOWER,24-Sep-2020,225,CE,0,0,0,104.75,109.2,0,0,0,0,06-JUL-2020,
OPTSTK,TORNTPOWER,24-Sep-2020,230,CE,0,0,0,100.1,104.3,0,0,0,0,06-JUL-2020,
OPTSTK,TORNTPOWER,24-Sep-2020,235,CE,0,0,0,95.5,99.45,0,0,0,0,06-JUL-2020,
OPTSTK,TORNTPOWER,24-Sep-2020,240,CE,0,0,0,90.95,94.6,0,0,0,0,06-JUL-2020,
OPTSTK,TORNTPOWER,24-Sep-2020,245,CE,0,0,0,86.5,89.8,0,0,0,0,06-JUL-2020,
OPTSTK,TORNTPOWER,24-Sep-2020,250,CE,0,0,0,82.1,85.05,0,0,0,0,06-JUL-2020,
OPTSTK,TORNTPOWER,24-Sep-2020,255,CE,0,0,0,77.85,80.4,0,0,0,0,06-JUL-2020,
OPTSTK,TORNTPOWER,24-Sep-2020,260,CE,0,0,0,73.65,75.75,0,0,0,0,06-JUL-2020,
OPTSTK,TORNTPOWER,24-Sep-2020,265,CE,0,0,0,69.6,71.2,0,0,0,0,06-JUL-2020,
OPTSTK,TORNTPOWER,24-Sep-2020,270,CE,0,0,0,65.6,66.75,0,0,0,0,06-JUL-2020,
OPTSTK,TORNTPOWER,24-Sep-2020,275,CE,0,0,0,61.8,62.4,0,0,0,0,06-JUL-2020,
OPTSTK,TORNTPOWER,24-Sep-2020,280,CE,0,0,0,58.1,58.2,0,0,0,0,06-JUL-2020,
OPTSTK,TORNTPOWER,24-Sep-2020,285,CE,0,0,0,54.5,54.1,0,0,0,0,06-JUL-2020,
OPTSTK,TORNTPOWER,24-Sep-2020,290,CE,0,0,0,51.05,50.15,0,0,0,0,06-JUL-2020,
OPTSTK,TORNTPOWER,24-Sep-2020,295,CE,0,0,0,47.7,46.35,0,0,0,0,06-JUL-2020,
OPTSTK,TORNTPOWER,24-Sep-2020,300,CE,0,0,0,44.55,42.7,0,0,0,0,06-JUL-2020,
OPTSTK,TORNTPOWER,24-Sep-2020,305,CE,0,0,0,41.5,39.2,0,0,0,0,06-JUL-2020,
OPTSTK,TORNTPOWER,24-Sep-2020,310,CE,0,0,0,38.65,35.9,0,0,0,0,06-JUL-2020,
OPTSTK,TORNTPOWER,24-Sep-2020,315,CE,0,0,0,35.9,32.75,0,0,0,0,06-JUL-2020,
OPTSTK,TORNTPOWER,24-Sep-2020,320,CE,0,0,0,33.3,29.8,0,0,0,0,06-JUL-2020,
OPTSTK,TORNTPOWER,24-Sep-2020,325,CE,0,0,0,30.8,27.05,0,0,0,0,06-JUL-2020,
OPTSTK,TORNTPOWER,24-Sep-2020,330,CE,0,0,0,28.5,24.45,0,0,0,0,06-JUL-2020,
OPTSTK,TORNTPOWER,24-Sep-2020,335,CE,0,0,0,26.3,22.05,0,0,0,0,06-JUL-2020,
OPTSTK,TORNTPOWER,24-Sep-2020,340,CE,0,0,0,24.25,19.85,0,0,0,0,06-JUL-2020,
OPTSTK,TORNTPOWER,24-Sep-2020,345,CE,0,0,0,22.35,17.8,0,0,0,0,06-JUL-2020,
OPTSTK,TORNTPOWER,24-Sep-2020,350,CE,0,0,0,20.55,15.9,0,0,0,0,06-JUL-2020,
OPTSTK,TORNTPOWER,24-Sep-2020,355,CE,0,0,0,18.85,14.15,0,0,0,0,06-JUL-2020,
OPTSTK,TORNTPOWER,24-Sep-2020,360,CE,0,0,0,17.25,12.6,0,0,0,0,06-JUL-2020,
OPTSTK,TORNTPOWER,24-Sep-2020,365,CE,0,0,0,15.8,11.15,0,0,0,0,06-JUL-2020,
OPTSTK,TORNTPOWER,24-Sep-2020,370,CE,0,0,0,14.45,9.85,0,0,0,0,06-JUL-2020,
OPTSTK,TORNTPOWER,24-Sep-2020,375,CE,0,0,0,13.2,8.7,0,0,0,0,06-JUL-2020,
OPTSTK,TORNTPOWER,24-Sep-2020,380,CE,0,0,0,12.05,7.65,0,0,0,0,06-JUL-2020,
OPTSTK,TORNTPOWER,24-Sep-2020,385,CE,0,0,0,11,6.7,0,0,0,0,06-JUL-2020,
OPTSTK,TORNTPOWER,24-Sep-2020,390,CE,0,0,0,10,5.85,0,0,0,0,06-JUL-2020,
OPTSTK,TORNTPOWER,24-Sep-2020,395,CE,0,0,0,9.1,5.1,0,0,0,0,06-JUL-2020,
OPTSTK,TORNTPOWER,24-Sep-2020,400,CE,0,0,0,8.25,4.45,0,0,0,0,06-JUL-2020,
OPTSTK,TORNTPOWER,24-Sep-2020,405,CE,0,0,0,7.5,3.85,0,0,0,0,06-JUL-2020,
OPTSTK,TORNTPOWER,24-Sep-2020,210,PE,0,0,0,0.45,0.05,0,0,0,0,06-JUL-2020,
OPTSTK,TORNTPOWER,24-Sep-2020,215,PE,0,0,0,0.6,0.05,0,0,0,0,06-JUL-2020,
OPTSTK,TORNTPOWER,24-Sep-2020,220,PE,0,0,0,0.75,0.1,0,0,0,0,06-JUL-2020,
OPTSTK,TORNTPOWER,24-Sep-2020,225,PE,0,0,0,1,0.1,0,0,0,0,06-JUL-2020,
OPTSTK,TORNTPOWER,24-Sep-2020,230,PE,0,0,0,1.25,0.2,0,0,0,0,06-JUL-2020,
OPTSTK,TORNTPOWER,24-Sep-2020,235,PE,0,0,0,1.6,0.25,0,0,0,0,06-JUL-2020,
OPTSTK,TORNTPOWER,24-Sep-2020,240,PE,0,0,0,2,0.4,0,0,0,0,06-JUL-2020,
OPTSTK,TORNTPOWER,24-Sep-2020,245,PE,0,0,0,2.5,0.55,0,0,0,0,06-JUL-2020,
OPTSTK,TORNTPOWER,24-Sep-2020,250,PE,0,0,0,3.05,0.75,0,0,0,0,06-JUL-2020,
OPTSTK,TORNTPOWER,24-Sep-2020,255,PE,0,0,0,3.75,1,0,0,0,0,06-JUL-2020,
OPTSTK,TORNTPOWER,24-Sep-2020,260,PE,0,0,0,4.5,1.35,0,0,0,0,06-JUL-2020,
OPTSTK,TORNTPOWER,24-Sep-2020,265,PE,0,0,0,5.35,1.75,0,0,0,0,06-JUL-2020,
OPTSTK,TORNTPOWER,24-Sep-2020,270,PE,0,0,0,6.35,2.25,0,0,0,0,06-JUL-2020,
OPTSTK,TORNTPOWER,24-Sep-2020,275,PE,0,0,0,7.45,2.85,0,0,0,0,06-JUL-2020,
OPTSTK,TORNTPOWER,24-Sep-2020,280,PE,0,0,0,8.7,3.6,0,0,0,0,06-JUL-2020,
OPTSTK,TORNTPOWER,24-Sep-2020,285,PE,0,0,0,10.05,4.45,0,0,0,0,06-JUL-2020,
OPTSTK,TORNTPOWER,24-Sep-2020,290,PE,0,0,0,11.5,5.45,0,0,0,0,06-JUL-2020,
OPTSTK,TORNTPOWER,24-Sep-2020,295,PE,0,0,0,13.15,6.6,0,0,0,0,06-JUL-2020,
OPTSTK,TORNTPOWER,24-Sep-2020,300,PE,0,0,0,14.9,7.9,0,0,0,0,06-JUL-2020,
OPTSTK,TORNTPOWER,24-Sep-2020,305,PE,0,0,0,16.85,9.4,0,0,0,0,06-JUL-2020,
OPTSTK,TORNTPOWER,24-Sep-2020,310,PE,0,0,0,18.9,11,0,0,0,0,06-JUL-2020,
OPTSTK,TORNTPOWER,24-Sep-2020,315,PE,0,0,0,21.1,12.85,0,0,0,0,06-JUL-2020,
OPTSTK,TORNTPOWER,24-Sep-2020,320,PE,0,0,0,23.4,14.85,0,0,0,0,06-JUL-2020,
OPTSTK,TORNTPOWER,24-Sep-2020,325,PE,0,0,0,25.9,17.05,0,0,0,0,06-JUL-2020,
OPTSTK,TORNTPOWER,24-Sep-2020,330,PE,0,0,0,28.5,19.4,0,0,0,0,06-JUL-2020,
OPTSTK,TORNTPOWER,24-Sep-2020,335,PE,0,0,0,31.3,21.95,0,0,0,0,06-JUL-2020,
OPTSTK,TORNTPOWER,24-Sep-2020,340,PE,0,0,0,34.15,24.7,0,0,0,0,06-JUL-2020,
OPTSTK,TORNTPOWER,24-Sep-2020,345,PE,0,0,0,37.2,27.6,0,0,0,0,06-JUL-2020,
OPTSTK,TORNTPOWER,24-Sep-2020,350,PE,0,0,0,40.3,30.65,0,0,0,0,06-JUL-2020,
OPTSTK,TORNTPOWER,24-Sep-2020,355,PE,0,0,0,43.55,33.85,0,0,0,0,06-JUL-2020,
OPTSTK,TORNTPOWER,24-Sep-2020,360,PE,0,0,0,46.95,37.25,0,0,0,0,06-JUL-2020,
OPTSTK,TORNTPOWER,24-Sep-2020,365,PE,0,0,0,50.45,40.75,0,0,0,0,06-JUL-2020,
OPTSTK,TORNTPOWER,24-Sep-2020,370,PE,0,0,0,54,44.4,0,0,0,0,06-JUL-2020,
OPTSTK,TORNTPOWER,24-Sep-2020,375,PE,0,0,0,57.7,48.2,0,0,0,0,06-JUL-2020,
OPTSTK,TORNTPOWER,24-Sep-2020,380,PE,0,0,0,61.5,52.1,0,0,0,0,06-JUL-2020,
OPTSTK,TORNTPOWER,24-Sep-2020,385,PE,0,0,0,65.4,56.1,0,0,0,0,06-JUL-2020,
OPTSTK,TORNTPOWER,24-Sep-2020,390,PE,0,0,0,69.35,60.25,0,0,0,0,06-JUL-2020,
OPTSTK,TORNTPOWER,24-Sep-2020,395,PE,0,0,0,73.35,64.45,0,0,0,0,06-JUL-2020,
OPTSTK,TORNTPOWER,24-Sep-2020,400,PE,0,0,0,77.45,68.75,0,0,0,0,06-JUL-2020,
OPTSTK,TORNTPOWER,24-Sep-2020,405,PE,0,0,0,81.65,73.1,0,0,0,0,06-JUL-2020,
OPTSTK,TVSMOTOR,30-Jul-2020,170,CE,0,0,0,162.7,238.7,0,0,0,0,06-JUL-2020,
OPTSTK,TVSMOTOR,30-Jul-2020,180,CE,0,0,0,153.75,228.75,0,0,0,0,06-JUL-2020,
OPTSTK,TVSMOTOR,30-Jul-2020,190,CE,0,0,0,145.05,218.8,0,0,0,0,06-JUL-2020,
OPTSTK,TVSMOTOR,30-Jul-2020,200,CE,0,0,0,136.55,208.8,0,0,0,0,06-JUL-2020,
OPTSTK,TVSMOTOR,30-Jul-2020,210,CE,0,0,0,128.35,198.85,0,0,0,0,06-JUL-2020,
OPTSTK,TVSMOTOR,30-Jul-2020,220,CE,0,0,0,120.5,188.85,0,0,0,0,06-JUL-2020,
OPTSTK,TVSMOTOR,30-Jul-2020,230,CE,0,0,0,112.9,178.9,0,0,0,0,06-JUL-2020,
OPTSTK,TVSMOTOR,30-Jul-2020,240,CE,0,0,0,105.7,168.9,0,0,0,0,06-JUL-2020,
OPTSTK,TVSMOTOR,30-Jul-2020,250,CE,0,0,0,98.75,158.95,0,0,0,0,06-JUL-2020,
OPTSTK,TVSMOTOR,30-Jul-2020,260,CE,0,0,0,92.2,149,0,0,0,0,06-JUL-2020,
OPTSTK,TVSMOTOR,30-Jul-2020,270,CE,0,0,0,85.95,139,0,0,0,0,06-JUL-2020,
OPTSTK,TVSMOTOR,30-Jul-2020,280,CE,0,0,0,80.05,129.05,0,0,0,0,06-JUL-2020,
OPTSTK,TVSMOTOR,30-Jul-2020,290,CE,0,0,0,67.75,119.05,0,0,15400,0,06-JUL-2020,
OPTSTK,TVSMOTOR,30-Jul-2020,300,CE,0,0,0,52.85,109.1,0,0,18200,0,06-JUL-2020,
OPTSTK,TVSMOTOR,30-Jul-2020,310,CE,0,0,0,57.85,99.15,0,0,5600,0,06-JUL-2020,
OPTSTK,TVSMOTOR,30-Jul-2020,320,CE,0,0,0,41.8,89.25,0,0,4200,0,06-JUL-2020,
OPTSTK,TVSMOTOR,30-Jul-2020,330,CE,0,0,0,55.3,79.45,0,0,0,0,06-JUL-2020,
OPTSTK,TVSMOTOR,30-Jul-2020,340,CE,63,63,63,63,69.8,1,5.64,1400,-1400,06-JUL-2020,
OPTSTK,TVSMOTOR,30-Jul-2020,350,CE,0,0,0,34.9,60.4,0,0,1400,0,06-JUL-2020,
OPTSTK,TVSMOTOR,30-Jul-2020,360,CE,43,43,43,43,51.4,1,5.64,2800,0,06-JUL-2020,
OPTSTK,TVSMOTOR,30-Jul-2020,370,CE,33.8,33.8,33.8,33.8,42.9,3,16.95,8400,-1400,06-JUL-2020,
OPTSTK,TVSMOTOR,30-Jul-2020,380,CE,27.65,33.15,27.65,33.15,33.15,7,40.21,64400,-4200,06-JUL-2020,
OPTSTK,TVSMOTOR,30-Jul-2020,390,CE,22.1,26.1,21.8,25.65,25.65,85,492.41,42000,-8400,06-JUL-2020,
OPTSTK,TVSMOTOR,30-Jul-2020,400,CE,17.6,20.75,16.85,19.95,19.95,683,4003.92,317800,-32200,06-JUL-2020,
OPTSTK,TVSMOTOR,30-Jul-2020,410,CE,14,16.35,12.75,15.45,15.45,1324,7871.33,228200,176400,06-JUL-2020,
OPTSTK,TVSMOTOR,30-Jul-2020,420,CE,11.9,12.5,9.6,11.6,11.6,770,4646.38,163800,57400,06-JUL-2020,
OPTSTK,TVSMOTOR,30-Jul-2020,430,CE,7.25,9.15,7.25,8.55,8.55,171,1048.88,92400,37800,06-JUL-2020,
OPTSTK,TVSMOTOR,30-Jul-2020,440,CE,7.1,7.1,5.4,6.1,6.1,70,437.25,84000,15400,06-JUL-2020,
OPTSTK,TVSMOTOR,30-Jul-2020,450,CE,4.25,4.9,4.1,4.45,4.45,99,629.88,135800,22400,06-JUL-2020,
OPTSTK,TVSMOTOR,30-Jul-2020,460,CE,3,3,3,3,3.05,2,12.96,7000,-1400,06-JUL-2020,
OPTSTK,TVSMOTOR,30-Jul-2020,470,CE,2.5,2.5,2,2,2,3,19.83,5600,1400,06-JUL-2020,
OPTSTK,TVSMOTOR,30-Jul-2020,480,CE,1.5,1.9,1.5,1.7,1.7,57,384.36,63000,-5600,06-JUL-2020,
OPTSTK,TVSMOTOR,30-Jul-2020,170,PE,0,0,0,2.2,0.05,0,0,0,0,06-JUL-2020,
OPTSTK,TVSMOTOR,30-Jul-2020,180,PE,0,0,0,3.15,0.05,0,0,0,0,06-JUL-2020,
OPTSTK,TVSMOTOR,30-Jul-2020,190,PE,0,0,0,4.25,0.05,0,0,0,0,06-JUL-2020,
OPTSTK,TVSMOTOR,30-Jul-2020,200,PE,0,0,0,5.7,0.05,0,0,0,0,06-JUL-2020,
OPTSTK,TVSMOTOR,30-Jul-2020,210,PE,0,0,0,7.35,0.05,0,0,0,0,06-JUL-2020,
OPTSTK,TVSMOTOR,30-Jul-2020,220,PE,0,0,0,9.35,0.05,0,0,0,0,06-JUL-2020,
OPTSTK,TVSMOTOR,30-Jul-2020,230,PE,0,0,0,11.65,0.05,0,0,0,0,06-JUL-2020,
OPTSTK,TVSMOTOR,30-Jul-2020,240,PE,0,0,0,14.3,0.05,0,0,0,0,06-JUL-2020,
OPTSTK,TVSMOTOR,30-Jul-2020,250,PE,0,0,0,17.25,0.05,0,0,0,0,06-JUL-2020,
OPTSTK,TVSMOTOR,30-Jul-2020,260,PE,0,0,0,20.55,0.05,0,0,0,0,06-JUL-2020,
OPTSTK,TVSMOTOR,30-Jul-2020,270,PE,0,0,0,24.15,0.05,0,0,0,0,06-JUL-2020,
OPTSTK,TVSMOTOR,30-Jul-2020,280,PE,0,0,0,28.15,0.05,0,0,0,0,06-JUL-2020,
OPTSTK,TVSMOTOR,30-Jul-2020,290,PE,0,0,0,32.45,0.05,0,0,0,0,06-JUL-2020,
OPTSTK,TVSMOTOR,30-Jul-2020,300,PE,0.8,0.8,0.8,0.8,0.05,3,12.63,36400,-2800,06-JUL-2020,
OPTSTK,TVSMOTOR,30-Jul-2020,310,PE,0,0,0,42,0.05,0,0,0,0,06-JUL-2020,
OPTSTK,TVSMOTOR,30-Jul-2020,320,PE,0,0,0,1.6,0.1,0,0,4200,0,06-JUL-2020,
OPTSTK,TVSMOTOR,30-Jul-2020,330,PE,1.7,1.7,1.25,1.25,0.3,10,46.41,29400,-7000,06-JUL-2020,
OPTSTK,TVSMOTOR,30-Jul-2020,340,PE,2.7,2.7,2,2.05,2.05,11,52.7,42000,-4200,06-JUL-2020,
OPTSTK,TVSMOTOR,30-Jul-2020,350,PE,2.7,4,2.7,2.9,2.9,12,59.33,63000,1400,06-JUL-2020,
OPTSTK,TVSMOTOR,30-Jul-2020,360,PE,2.5,6.65,2.5,4.25,4.25,34,173.84,70000,12600,06-JUL-2020,
OPTSTK,TVSMOTOR,30-Jul-2020,370,PE,8.75,9.5,6.2,6.45,6.45,77,407.06,51800,4200,06-JUL-2020,
OPTSTK,TVSMOTOR,30-Jul-2020,380,PE,12.6,12.6,8.9,9.25,9.25,114,624.25,68600,-2800,06-JUL-2020,
OPTSTK,TVSMOTOR,30-Jul-2020,390,PE,17,17.1,12.2,12.4,12.4,124,702.76,39200,16800,06-JUL-2020,
OPTSTK,TVSMOTOR,30-Jul-2020,400,PE,20.9,22.4,16.25,16.9,16.9,63,368.51,28000,19600,06-JUL-2020,
OPTSTK,TVSMOTOR,30-Jul-2020,410,PE,27.95,27.95,27.95,27.95,17.35,1,6.13,1400,1400,06-JUL-2020,
OPTSTK,TVSMOTOR,30-Jul-2020,420,PE,0,0,0,113.75,23.05,0,0,0,0,06-JUL-2020,
OPTSTK,TVSMOTOR,30-Jul-2020,430,PE,34.85,34.85,34.85,34.85,34.85,1,6.5,1400,1400,06-JUL-2020,
OPTSTK,TVSMOTOR,30-Jul-2020,440,PE,0,0,0,129.45,36.95,0,0,0,0,06-JUL-2020,
OPTSTK,TVSMOTOR,30-Jul-2020,450,PE,0,0,0,71.05,44.95,0,0,1400,0,06-JUL-2020,
OPTSTK,TVSMOTOR,30-Jul-2020,460,PE,0,0,0,145.75,53.5,0,0,0,0,06-JUL-2020,
OPTSTK,TVSMOTOR,30-Jul-2020,470,PE,0,0,0,154.1,62.45,0,0,0,0,06-JUL-2020,
OPTSTK,TVSMOTOR,30-Jul-2020,480,PE,0,0,0,162.5,71.7,0,0,0,0,06-JUL-2020,
OPTSTK,TVSMOTOR,27-Aug-2020,190,CE,0,0,0,147.6,219.4,0,0,0,0,06-JUL-2020,
OPTSTK,TVSMOTOR,27-Aug-2020,200,CE,0,0,0,138.65,209.45,0,0,0,0,06-JUL-2020,
OPTSTK,TVSMOTOR,27-Aug-2020,210,CE,0,0,0,129.9,199.5,0,0,0,0,06-JUL-2020,
OPTSTK,TVSMOTOR,27-Aug-2020,220,CE,0,0,0,121.45,189.6,0,0,0,0,06-JUL-2020,
OPTSTK,TVSMOTOR,27-Aug-2020,230,CE,0,0,0,113.3,179.65,0,0,0,0,06-JUL-2020,
OPTSTK,TVSMOTOR,27-Aug-2020,240,CE,0,0,0,105.5,169.7,0,0,0,0,06-JUL-2020,
OPTSTK,TVSMOTOR,27-Aug-2020,250,CE,0,0,0,98,159.75,0,0,0,0,06-JUL-2020,
OPTSTK,TVSMOTOR,27-Aug-2020,260,CE,0,0,0,90.85,149.85,0,0,0,0,06-JUL-2020,
OPTSTK,TVSMOTOR,27-Aug-2020,270,CE,0,0,0,84.1,139.95,0,0,0,0,06-JUL-2020,
OPTSTK,TVSMOTOR,27-Aug-2020,280,CE,0,0,0,77.65,130.05,0,0,0,0,06-JUL-2020,
OPTSTK,TVSMOTOR,27-Aug-2020,290,CE,0,0,0,71.6,120.2,0,0,0,0,06-JUL-2020,
OPTSTK,TVSMOTOR,27-Aug-2020,300,CE,0,0,0,65.95,110.45,0,0,0,0,06-JUL-2020,
OPTSTK,TVSMOTOR,27-Aug-2020,310,CE,0,0,0,60.6,100.85,0,0,0,0,06-JUL-2020,
OPTSTK,TVSMOTOR,27-Aug-2020,320,CE,0,0,0,55.65,91.4,0,0,0,0,06-JUL-2020,
OPTSTK,TVSMOTOR,27-Aug-2020,330,CE,0,0,0,51,82.2,0,0,0,0,06-JUL-2020,
OPTSTK,TVSMOTOR,27-Aug-2020,340,CE,0,0,0,46.7,73.35,0,0,0,0,06-JUL-2020,
OPTSTK,TVSMOTOR,27-Aug-2020,350,CE,0,0,0,42.75,64.85,0,0,0,0,06-JUL-2020,
OPTSTK,TVSMOTOR,27-Aug-2020,360,CE,0,0,0,39.05,56.85,0,0,0,0,06-JUL-2020,
OPTSTK,TVSMOTOR,27-Aug-2020,370,CE,0,0,0,35.65,49.35,0,0,0,0,06-JUL-2020,
OPTSTK,TVSMOTOR,27-Aug-2020,380,CE,0,0,0,32.5,42.4,0,0,0,0,06-JUL-2020,
OPTSTK,TVSMOTOR,27-Aug-2020,390,CE,0,0,0,29.6,36.1,0,0,0,0,06-JUL-2020,
OPTSTK,TVSMOTOR,27-Aug-2020,400,CE,0,0,0,26.95,30.45,0,0,0,0,06-JUL-2020,
OPTSTK,TVSMOTOR,27-Aug-2020,410,CE,0,0,0,24.55,25.4,0,0,0,0,06-JUL-2020,
OPTSTK,TVSMOTOR,27-Aug-2020,420,CE,0,0,0,22.35,21,0,0,0,0,06-JUL-2020,
OPTSTK,TVSMOTOR,27-Aug-2020,430,CE,0,0,0,20.3,17.2,0,0,0,0,06-JUL-2020,
OPTSTK,TVSMOTOR,27-Aug-2020,440,CE,0,0,0,18.45,13.95,0,0,0,0,06-JUL-2020,
OPTSTK,TVSMOTOR,27-Aug-2020,450,CE,0,0,0,16.75,11.25,0,0,0,0,06-JUL-2020,
OPTSTK,TVSMOTOR,27-Aug-2020,460,CE,0,0,0,15.2,8.95,0,0,0,0,06-JUL-2020,
OPTSTK,TVSMOTOR,27-Aug-2020,470,CE,10.55,10.55,10.55,10.55,7.05,1,6.72,1400,1400,06-JUL-2020,
OPTSTK,TVSMOTOR,27-Aug-2020,190,PE,0,0,0,2.2,0.05,0,0,1400,0,06-JUL-2020,
OPTSTK,TVSMOTOR,27-Aug-2020,200,PE,0,0,0,3.1,0.05,0,0,0,0,06-JUL-2020,
OPTSTK,TVSMOTOR,27-Aug-2020,210,PE,0,0,0,4.25,0.05,0,0,0,0,06-JUL-2020,
OPTSTK,TVSMOTOR,27-Aug-2020,220,PE,0,0,0,5.7,0.05,0,0,0,0,06-JUL-2020,
OPTSTK,TVSMOTOR,27-Aug-2020,230,PE,0,0,0,7.4,0.05,0,0,0,0,06-JUL-2020,
OPTSTK,TVSMOTOR,27-Aug-2020,240,PE,0,0,0,9.45,0.05,0,0,0,0,06-JUL-2020,
OPTSTK,TVSMOTOR,27-Aug-2020,250,PE,0,0,0,11.85,0.05,0,0,0,0,06-JUL-2020,
OPTSTK,TVSMOTOR,27-Aug-2020,260,PE,0,0,0,14.6,0.05,0,0,0,0,06-JUL-2020,
OPTSTK,TVSMOTOR,27-Aug-2020,270,PE,0,0,0,17.7,0.05,0,0,0,0,06-JUL-2020,
OPTSTK,TVSMOTOR,27-Aug-2020,280,PE,0,0,0,21.15,0.1,0,0,0,0,06-JUL-2020,
OPTSTK,TVSMOTOR,27-Aug-2020,290,PE,0,0,0,25,0.2,0,0,0,0,06-JUL-2020,
OPTSTK,TVSMOTOR,27-Aug-2020,300,PE,0,0,0,29.2,0.4,0,0,0,0,06-JUL-2020,
OPTSTK,TVSMOTOR,27-Aug-2020,310,PE,0,0,0,33.75,0.75,0,0,0,0,06-JUL-2020,
OPTSTK,TVSMOTOR,27-Aug-2020,320,PE,0,0,0,38.65,1.25,0,0,0,0,06-JUL-2020,
OPTSTK,TVSMOTOR,27-Aug-2020,330,PE,0,0,0,43.9,2,0,0,0,0,06-JUL-2020,
OPTSTK,TVSMOTOR,27-Aug-2020,340,PE,0,0,0,49.5,3.05,0,0,0,0,06-JUL-2020,
OPTSTK,TVSMOTOR,27-Aug-2020,350,PE,0,0,0,55.4,4.5,0,0,0,0,06-JUL-2020,
OPTSTK,TVSMOTOR,27-Aug-2020,360,PE,0,0,0,61.6,6.4,0,0,0,0,06-JUL-2020,
OPTSTK,TVSMOTOR,27-Aug-2020,370,PE,0,0,0,68.05,8.85,0,0,0,0,06-JUL-2020,
OPTSTK,TVSMOTOR,27-Aug-2020,380,PE,0,0,0,74.8,11.85,0,0,0,0,06-JUL-2020,
OPTSTK,TVSMOTOR,27-Aug-2020,390,PE,0,0,0,81.8,15.5,0,0,0,0,06-JUL-2020,
OPTSTK,TVSMOTOR,27-Aug-2020,400,PE,0,0,0,89,19.8,0,0,0,0,06-JUL-2020,
OPTSTK,TVSMOTOR,27-Aug-2020,410,PE,0,0,0,96.5,24.7,0,0,0,0,06-JUL-2020,
OPTSTK,TVSMOTOR,27-Aug-2020,420,PE,0,0,0,104.15,30.25,0,0,0,0,06-JUL-2020,
OPTSTK,TVSMOTOR,27-Aug-2020,430,PE,0,0,0,112,36.35,0,0,0,0,06-JUL-2020,
OPTSTK,TVSMOTOR,27-Aug-2020,440,PE,0,0,0,120,43.05,0,0,0,0,06-JUL-2020,
OPTSTK,TVSMOTOR,27-Aug-2020,450,PE,0,0,0,128.2,50.25,0,0,0,0,06-JUL-2020,
OPTSTK,TVSMOTOR,27-Aug-2020,460,PE,0,0,0,136.5,57.9,0,0,0,0,06-JUL-2020,
OPTSTK,TVSMOTOR,27-Aug-2020,470,PE,0,0,0,145,66,0,0,0,0,06-JUL-2020,
OPTSTK,TVSMOTOR,24-Sep-2020,240,CE,0,0,0,147.4,170.5,0,0,0,0,06-JUL-2020,
OPTSTK,TVSMOTOR,24-Sep-2020,250,CE,0,0,0,138.15,160.65,0,0,0,0,06-JUL-2020,
OPTSTK,TVSMOTOR,24-Sep-2020,260,CE,0,0,0,129.1,150.8,0,0,0,0,06-JUL-2020,
OPTSTK,TVSMOTOR,24-Sep-2020,270,CE,0,0,0,120.25,141.05,0,0,0,0,06-JUL-2020,
OPTSTK,TVSMOTOR,24-Sep-2020,280,CE,0,0,0,111.65,131.35,0,0,0,0,06-JUL-2020,
OPTSTK,TVSMOTOR,24-Sep-2020,290,CE,0,0,0,103.35,121.8,0,0,0,0,06-JUL-2020,
OPTSTK,TVSMOTOR,24-Sep-2020,300,CE,0,0,0,95.4,112.35,0,0,0,0,06-JUL-2020,
OPTSTK,TVSMOTOR,24-Sep-2020,310,CE,0,0,0,87.8,103.15,0,0,0,0,06-JUL-2020,
OPTSTK,TVSMOTOR,24-Sep-2020,320,CE,0,0,0,80.55,94.2,0,0,0,0,06-JUL-2020,
OPTSTK,TVSMOTOR,24-Sep-2020,330,CE,0,0,0,73.65,85.55,0,0,0,0,06-JUL-2020,
OPTSTK,TVSMOTOR,24-Sep-2020,340,CE,0,0,0,67.2,77.25,0,0,0,0,06-JUL-2020,
OPTSTK,TVSMOTOR,24-Sep-2020,350,CE,0,0,0,61.1,69.35,0,0,0,0,06-JUL-2020,
OPTSTK,TVSMOTOR,24-Sep-2020,360,CE,0,0,0,55.45,61.85,0,0,0,0,06-JUL-2020,
OPTSTK,TVSMOTOR,24-Sep-2020,370,CE,0,0,0,50.15,54.9,0,0,0,0,06-JUL-2020,
OPTSTK,TVSMOTOR,24-Sep-2020,380,CE,0,0,0,45.25,48.4,0,0,0,0,06-JUL-2020,
OPTSTK,TVSMOTOR,24-Sep-2020,390,CE,0,0,0,40.75,42.45,0,0,0,0,06-JUL-2020,
OPTSTK,TVSMOTOR,24-Sep-2020,400,CE,0,0,0,36.6,37,0,0,0,0,06-JUL-2020,
OPTSTK,TVSMOTOR,24-Sep-2020,410,CE,0,0,0,32.8,32.05,0,0,0,0,06-JUL-2020,
OPTSTK,TVSMOTOR,24-Sep-2020,420,CE,0,0,0,29.35,27.6,0,0,0,0,06-JUL-2020,
OPTSTK,TVSMOTOR,24-Sep-2020,430,CE,0,0,0,26.2,23.65,0,0,0,0,06-JUL-2020,
OPTSTK,TVSMOTOR,24-Sep-2020,440,CE,0,0,0,23.35,20.15,0,0,0,0,06-JUL-2020,
OPTSTK,TVSMOTOR,24-Sep-2020,450,CE,0,0,0,20.8,17.1,0,0,0,0,06-JUL-2020,
OPTSTK,TVSMOTOR,24-Sep-2020,460,CE,0,0,0,18.45,14.45,0,0,0,0,06-JUL-2020,
OPTSTK,TVSMOTOR,24-Sep-2020,470,CE,0,0,0,16.4,12.1,0,0,0,0,06-JUL-2020,
OPTSTK,TVSMOTOR,24-Sep-2020,240,PE,0,0,0,1.35,0.05,0,0,0,0,06-JUL-2020,
OPTSTK,TVSMOTOR,24-Sep-2020,250,PE,0,0,0,1.95,0.1,0,0,0,0,06-JUL-2020,
OPTSTK,TVSMOTOR,24-Sep-2020,260,PE,0,0,0,2.75,0.15,0,0,0,0,06-JUL-2020,
OPTSTK,TVSMOTOR,24-Sep-2020,270,PE,0,0,0,3.8,0.3,0,0,0,0,06-JUL-2020,
OPTSTK,TVSMOTOR,24-Sep-2020,280,PE,0,0,0,5.1,0.5,0,0,0,0,06-JUL-2020,
OPTSTK,TVSMOTOR,24-Sep-2020,290,PE,0,0,0,6.7,0.85,0,0,0,0,06-JUL-2020,
OPTSTK,TVSMOTOR,24-Sep-2020,300,PE,0,0,0,8.6,1.35,0,0,0,0,06-JUL-2020,
OPTSTK,TVSMOTOR,24-Sep-2020,310,PE,0,0,0,10.9,2.05,0,0,0,0,06-JUL-2020,
OPTSTK,TVSMOTOR,24-Sep-2020,320,PE,0,0,0,13.55,2.95,0,0,0,0,06-JUL-2020,
OPTSTK,TVSMOTOR,24-Sep-2020,330,PE,0,0,0,16.55,4.2,0,0,0,0,06-JUL-2020,
OPTSTK,TVSMOTOR,24-Sep-2020,340,PE,0,0,0,19.95,5.85,0,0,0,0,06-JUL-2020,
OPTSTK,TVSMOTOR,24-Sep-2020,350,PE,0,0,0,23.75,7.85,0,0,0,0,06-JUL-2020,
OPTSTK,TVSMOTOR,24-Sep-2020,360,PE,0,0,0,27.95,10.3,0,0,0,0,06-JUL-2020,
OPTSTK,TVSMOTOR,24-Sep-2020,370,PE,0,0,0,32.55,13.2,0,0,0,0,06-JUL-2020,
OPTSTK,TVSMOTOR,24-Sep-2020,380,PE,0,0,0,37.55,16.65,0,0,0,0,06-JUL-2020,
OPTSTK,TVSMOTOR,24-Sep-2020,390,PE,0,0,0,42.95,20.55,0,0,0,0,06-JUL-2020,
OPTSTK,TVSMOTOR,24-Sep-2020,400,PE,0,0,0,48.7,25,0,0,0,0,06-JUL-2020,
OPTSTK,TVSMOTOR,24-Sep-2020,410,PE,0,0,0,54.75,30,0,0,0,0,06-JUL-2020,
OPTSTK,TVSMOTOR,24-Sep-2020,420,PE,0,0,0,61.2,35.45,0,0,0,0,06-JUL-2020,
OPTSTK,TVSMOTOR,24-Sep-2020,430,PE,0,0,0,67.9,41.45,0,0,0,0,06-JUL-2020,
OPTSTK,TVSMOTOR,24-Sep-2020,440,PE,0,0,0,74.95,47.85,0,0,0,0,06-JUL-2020,
OPTSTK,TVSMOTOR,24-Sep-2020,450,PE,0,0,0,82.25,54.7,0,0,0,0,06-JUL-2020,
OPTSTK,TVSMOTOR,24-Sep-2020,460,PE,0,0,0,89.85,61.9,0,0,0,0,06-JUL-2020,
OPTSTK,TVSMOTOR,24-Sep-2020,470,PE,0,0,0,97.65,69.5,0,0,0,0,06-JUL-2020,
OPTSTK,UBL,30-Jul-2020,600,CE,0,0,0,349.35,462,0,0,0,0,06-JUL-2020,
OPTSTK,UBL,30-Jul-2020,620,CE,0,0,0,330.75,442.1,0,0,0,0,06-JUL-2020,
OPTSTK,UBL,30-Jul-2020,640,CE,0,0,0,312.5,422.15,0,0,0,0,06-JUL-2020,
OPTSTK,UBL,30-Jul-2020,660,CE,0,0,0,294.6,402.2,0,0,0,0,06-JUL-2020,
OPTSTK,UBL,30-Jul-2020,680,CE,0,0,0,277.15,382.25,0,0,0,0,06-JUL-2020,
OPTSTK,UBL,30-Jul-2020,700,CE,0,0,0,260.1,362.3,0,0,0,0,06-JUL-2020,
OPTSTK,UBL,30-Jul-2020,720,CE,0,0,0,243.6,342.35,0,0,0,0,06-JUL-2020,
OPTSTK,UBL,30-Jul-2020,740,CE,0,0,0,227.6,322.4,0,0,0,0,06-JUL-2020,
OPTSTK,UBL,30-Jul-2020,760,CE,0,0,0,212.2,302.5,0,0,0,0,06-JUL-2020,
OPTSTK,UBL,30-Jul-2020,780,CE,0,0,0,197.45,282.55,0,0,0,0,06-JUL-2020,
OPTSTK,UBL,30-Jul-2020,800,CE,0,0,0,183.25,262.65,0,0,0,0,06-JUL-2020,
OPTSTK,UBL,30-Jul-2020,820,CE,0,0,0,169.75,242.8,0,0,0,0,06-JUL-2020,
OPTSTK,UBL,30-Jul-2020,840,CE,0,0,0,156.85,223.05,0,0,0,0,06-JUL-2020,
OPTSTK,UBL,30-Jul-2020,860,CE,0,0,0,144.65,203.45,0,0,0,0,06-JUL-2020,
OPTSTK,UBL,30-Jul-2020,880,CE,0,0,0,133.2,184.1,0,0,0,0,06-JUL-2020,
OPTSTK,UBL,30-Jul-2020,900,CE,0,0,0,122.35,165.05,0,0,0,0,06-JUL-2020,
OPTSTK,UBL,30-Jul-2020,920,CE,0,0,0,112.2,146.55,0,0,0,0,06-JUL-2020,
OPTSTK,UBL,30-Jul-2020,940,CE,0,0,0,102.7,128.75,0,0,0,0,06-JUL-2020,
OPTSTK,UBL,30-Jul-2020,960,CE,0,0,0,93.85,111.75,0,0,0,0,06-JUL-2020,
OPTSTK,UBL,30-Jul-2020,980,CE,0,0,0,80.5,95.8,0,0,2800,0,06-JUL-2020,
OPTSTK,UBL,30-Jul-2020,1000,CE,67.3,74.25,67.3,74.25,81.05,2,14.99,5600,-700,06-JUL-2020,
OPTSTK,UBL,30-Jul-2020,1020,CE,60.95,71.45,60.95,71.45,67.6,3,22.77,12600,-2100,06-JUL-2020,
OPTSTK,UBL,30-Jul-2020,1040,CE,46.4,62,44,55.4,55.4,25,191.15,26600,-2100,06-JUL-2020,
OPTSTK,UBL,30-Jul-2020,1060,CE,37,52,35.4,46.45,46.45,105,813.36,34300,-9100,06-JUL-2020,
OPTSTK,UBL,30-Jul-2020,1080,CE,29.1,43.1,29.1,38.4,38.4,33,258.43,19600,-700,06-JUL-2020,
OPTSTK,UBL,30-Jul-2020,1100,CE,24.95,35.5,21.5,31.4,31.4,1751,13876.85,312900,92400,06-JUL-2020,
OPTSTK,UBL,30-Jul-2020,1120,CE,21.5,28.5,21.5,25.6,25.6,26,208.51,5600,700,06-JUL-2020,
OPTSTK,UBL,30-Jul-2020,1140,CE,13.25,23.55,13.25,19.5,19.5,30,243.5,26600,2100,06-JUL-2020,
OPTSTK,UBL,30-Jul-2020,1160,CE,0,0,0,35,12.6,0,0,0,0,06-JUL-2020,
OPTSTK,UBL,30-Jul-2020,1180,CE,9.3,17.4,9.3,14.85,14.85,4,33.4,2100,700,06-JUL-2020,
OPTSTK,UBL,30-Jul-2020,1200,CE,6.55,12.2,6,10.15,10.15,62,525.07,40600,700,06-JUL-2020,
OPTSTK,UBL,30-Jul-2020,1220,CE,0,0,0,25.4,4.9,0,0,0,0,06-JUL-2020,
OPTSTK,UBL,30-Jul-2020,1240,CE,0,0,0,22,3.5,0,0,700,0,06-JUL-2020,
OPTSTK,UBL,30-Jul-2020,1260,CE,0,0,0,11.3,2.45,0,0,700,0,06-JUL-2020,
OPTSTK,UBL,30-Jul-2020,1280,CE,0,0,0,18.25,1.7,0,0,0,0,06-JUL-2020,
OPTSTK,UBL,30-Jul-2020,1300,CE,4.65,5,2.5,2.5,2.5,14,127.76,22400,9100,06-JUL-2020,
OPTSTK,UBL,30-Jul-2020,600,PE,0,0,0,3.15,0.05,0,0,0,0,06-JUL-2020,
OPTSTK,UBL,30-Jul-2020,620,PE,0,0,0,4.3,0.05,0,0,0,0,06-JUL-2020,
OPTSTK,UBL,30-Jul-2020,640,PE,0,0,0,5.8,0.05,0,0,0,0,06-JUL-2020,
OPTSTK,UBL,30-Jul-2020,660,PE,0,0,0,7.65,0.05,0,0,0,0,06-JUL-2020,
OPTSTK,UBL,30-Jul-2020,680,PE,0,0,0,9.9,0.05,0,0,0,0,06-JUL-2020,
OPTSTK,UBL,30-Jul-2020,700,PE,0,0,0,12.65,0.05,0,0,0,0,06-JUL-2020,
OPTSTK,UBL,30-Jul-2020,720,PE,0,0,0,15.85,0.05,0,0,0,0,06-JUL-2020,
OPTSTK,UBL,30-Jul-2020,740,PE,0,0,0,19.65,0.05,0,0,0,0,06-JUL-2020,
OPTSTK,UBL,30-Jul-2020,760,PE,0,0,0,0.25,0.05,0,0,700,0,06-JUL-2020,
OPTSTK,UBL,30-Jul-2020,780,PE,0,0,0,0.25,0.05,0,0,700,0,06-JUL-2020,
OPTSTK,UBL,30-Jul-2020,800,PE,0,0,0,2,0.1,0,0,1400,0,06-JUL-2020,
OPTSTK,UBL,30-Jul-2020,820,PE,0,0,0,4,0.2,0,0,2100,0,06-JUL-2020,
OPTSTK,UBL,30-Jul-2020,840,PE,0,0,0,47.6,0.35,0,0,0,0,06-JUL-2020,
OPTSTK,UBL,30-Jul-2020,860,PE,0,0,0,55.15,0.7,0,0,0,0,06-JUL-2020,
OPTSTK,UBL,30-Jul-2020,880,PE,0,0,0,3.55,1.3,0,0,4900,0,06-JUL-2020,
OPTSTK,UBL,30-Jul-2020,900,PE,5.7,5.7,4.3,4.3,2.2,5,31.68,43400,-3500,06-JUL-2020,
OPTSTK,UBL,30-Jul-2020,920,PE,0,0,0,9.05,3.65,0,0,7000,0,06-JUL-2020,
OPTSTK,UBL,30-Jul-2020,940,PE,10.45,11.5,8.95,9.5,5.75,20,132.92,21000,-4200,06-JUL-2020,
OPTSTK,UBL,30-Jul-2020,960,PE,16.8,16.8,13.1,13.1,8.7,9,61.38,9800,2800,06-JUL-2020,
OPTSTK,UBL,30-Jul-2020,980,PE,23.9,23.9,16.5,17.45,17.45,17,118.84,13300,7000,06-JUL-2020,
OPTSTK,UBL,30-Jul-2020,1000,PE,29.75,29.75,22,24,24,41,294.05,33600,0,06-JUL-2020,
OPTSTK,UBL,30-Jul-2020,1020,PE,36,38.5,29.55,31.8,31.8,10,73.64,4900,-700,06-JUL-2020,
OPTSTK,UBL,30-Jul-2020,1040,PE,48.05,48.3,38,39.15,32.35,16,121.06,18900,3500,06-JUL-2020,
OPTSTK,UBL,30-Jul-2020,1060,PE,49,49,49,49,49,1,7.76,1400,700,06-JUL-2020,
OPTSTK,UBL,30-Jul-2020,1080,PE,0,0,0,67.25,52.65,0,0,2800,0,06-JUL-2020,
OPTSTK,UBL,30-Jul-2020,1100,PE,0,0,0,81,64.9,0,0,1400,0,06-JUL-2020,
OPTSTK,UBL,30-Jul-2020,1120,PE,0,0,0,210.3,78.45,0,0,0,0,06-JUL-2020,
OPTSTK,UBL,30-Jul-2020,1140,PE,0,0,0,125.3,93.2,0,0,700,0,06-JUL-2020,
OPTSTK,UBL,30-Jul-2020,1160,PE,0,0,0,241.7,109,0,0,0,0,06-JUL-2020,
OPTSTK,UBL,30-Jul-2020,1180,PE,0,0,0,172.6,125.7,0,0,2800,0,06-JUL-2020,
OPTSTK,UBL,30-Jul-2020,1200,PE,0,0,0,274.45,143.1,0,0,0,0,06-JUL-2020,
OPTSTK,UBL,30-Jul-2020,1220,PE,0,0,0,187.25,161.15,0,0,1400,0,06-JUL-2020,
OPTSTK,UBL,30-Jul-2020,1240,PE,0,0,0,223.2,179.65,0,0,1400,0,06-JUL-2020,
OPTSTK,UBL,30-Jul-2020,1260,PE,0,0,0,325.85,198.6,0,0,0,0,06-JUL-2020,
OPTSTK,UBL,30-Jul-2020,1280,PE,0,0,0,343.45,217.75,0,0,0,0,06-JUL-2020,
OPTSTK,UBL,30-Jul-2020,1300,PE,0,0,0,361.25,237.15,0,0,0,0,06-JUL-2020,
OPTSTK,UBL,27-Aug-2020,600,CE,0,0,0,353.4,463.95,0,0,0,0,06-JUL-2020,
OPTSTK,UBL,27-Aug-2020,620,CE,0,0,0,334.75,444.1,0,0,0,0,06-JUL-2020,
OPTSTK,UBL,27-Aug-2020,640,CE,0,0,0,316.45,424.25,0,0,0,0,06-JUL-2020,
OPTSTK,UBL,27-Aug-2020,660,CE,0,0,0,298.5,404.35,0,0,0,0,06-JUL-2020,
OPTSTK,UBL,27-Aug-2020,680,CE,0,0,0,280.95,384.5,0,0,0,0,06-JUL-2020,
OPTSTK,UBL,27-Aug-2020,700,CE,0,0,0,263.85,364.7,0,0,0,0,06-JUL-2020,
OPTSTK,UBL,27-Aug-2020,720,CE,0,0,0,247.25,344.9,0,0,0,0,06-JUL-2020,
OPTSTK,UBL,27-Aug-2020,740,CE,0,0,0,231.15,325.15,0,0,0,0,06-JUL-2020,
OPTSTK,UBL,27-Aug-2020,760,CE,0,0,0,215.65,305.55,0,0,0,0,06-JUL-2020,
OPTSTK,UBL,27-Aug-2020,780,CE,0,0,0,200.75,286,0,0,0,0,06-JUL-2020,
OPTSTK,UBL,27-Aug-2020,800,CE,0,0,0,186.45,266.7,0,0,0,0,06-JUL-2020,
OPTSTK,UBL,27-Aug-2020,820,CE,0,0,0,172.8,247.65,0,0,0,0,06-JUL-2020,
OPTSTK,UBL,27-Aug-2020,840,CE,0,0,0,159.8,228.9,0,0,0,0,06-JUL-2020,
OPTSTK,UBL,27-Aug-2020,860,CE,0,0,0,147.5,210.55,0,0,0,0,06-JUL-2020,
OPTSTK,UBL,27-Aug-2020,880,CE,0,0,0,135.85,192.7,0,0,0,0,06-JUL-2020,
OPTSTK,UBL,27-Aug-2020,900,CE,0,0,0,124.9,175.4,0,0,0,0,06-JUL-2020,
OPTSTK,UBL,27-Aug-2020,920,CE,0,0,0,114.6,158.8,0,0,0,0,06-JUL-2020,
OPTSTK,UBL,27-Aug-2020,940,CE,0,0,0,105,143,0,0,0,0,06-JUL-2020,
OPTSTK,UBL,27-Aug-2020,960,CE,0,0,0,96,127.95,0,0,0,0,06-JUL-2020,
OPTSTK,UBL,27-Aug-2020,980,CE,0,0,0,87.6,113.85,0,0,0,0,06-JUL-2020,
OPTSTK,UBL,27-Aug-2020,1000,CE,0,0,0,79.85,100.7,0,0,0,0,06-JUL-2020,
OPTSTK,UBL,27-Aug-2020,1020,CE,0,0,0,72.6,88.5,0,0,0,0,06-JUL-2020,
OPTSTK,UBL,27-Aug-2020,1040,CE,0,0,0,65.95,77.35,0,0,0,0,06-JUL-2020,
OPTSTK,UBL,27-Aug-2020,1060,CE,0,0,0,59.8,67.2,0,0,0,0,06-JUL-2020,
OPTSTK,UBL,27-Aug-2020,1080,CE,0,0,0,54.2,58,0,0,0,0,06-JUL-2020,
OPTSTK,UBL,27-Aug-2020,1100,CE,0,0,0,49.05,49.75,0,0,0,0,06-JUL-2020,
OPTSTK,UBL,27-Aug-2020,1120,CE,0,0,0,44.3,42.45,0,0,0,0,06-JUL-2020,
OPTSTK,UBL,27-Aug-2020,1140,CE,0,0,0,40,36,0,0,0,0,06-JUL-2020,
OPTSTK,UBL,27-Aug-2020,1160,CE,0,0,0,36.05,30.35,0,0,0,0,06-JUL-2020,
OPTSTK,UBL,27-Aug-2020,1180,CE,0,0,0,32.45,25.45,0,0,0,0,06-JUL-2020,
OPTSTK,UBL,27-Aug-2020,1200,CE,0,0,0,29.15,21.25,0,0,0,0,06-JUL-2020,
OPTSTK,UBL,27-Aug-2020,1220,CE,0,0,0,26.2,17.6,0,0,0,0,06-JUL-2020,
OPTSTK,UBL,27-Aug-2020,1240,CE,0,0,0,23.5,14.55,0,0,0,0,06-JUL-2020,
OPTSTK,UBL,27-Aug-2020,1260,CE,0,0,0,21.05,11.95,0,0,0,0,06-JUL-2020,
OPTSTK,UBL,27-Aug-2020,1280,CE,0,0,0,18.85,9.75,0,0,0,0,06-JUL-2020,
OPTSTK,UBL,27-Aug-2020,1300,CE,0,0,0,16.9,7.95,0,0,0,0,06-JUL-2020,
OPTSTK,UBL,27-Aug-2020,600,PE,0,0,0,3,0.05,0,0,0,0,06-JUL-2020,
OPTSTK,UBL,27-Aug-2020,620,PE,0,0,0,4.15,0.05,0,0,0,0,06-JUL-2020,
OPTSTK,UBL,27-Aug-2020,640,PE,0,0,0,5.6,0.05,0,0,0,0,06-JUL-2020,
OPTSTK,UBL,27-Aug-2020,660,PE,0,0,0,7.4,0.05,0,0,0,0,06-JUL-2020,
OPTSTK,UBL,27-Aug-2020,680,PE,0,0,0,9.6,0.05,0,0,0,0,06-JUL-2020,
OPTSTK,UBL,27-Aug-2020,700,PE,0,0,0,12.25,0.1,0,0,0,0,06-JUL-2020,
OPTSTK,UBL,27-Aug-2020,720,PE,0,0,0,15.4,0.2,0,0,0,0,06-JUL-2020,
OPTSTK,UBL,27-Aug-2020,740,PE,0,0,0,19.05,0.35,0,0,0,0,06-JUL-2020,
OPTSTK,UBL,27-Aug-2020,760,PE,0,0,0,23.3,0.6,0,0,0,0,06-JUL-2020,
OPTSTK,UBL,27-Aug-2020,780,PE,0,0,0,28.2,0.95,0,0,0,0,06-JUL-2020,
OPTSTK,UBL,27-Aug-2020,800,PE,0,0,0,33.65,1.55,0,0,0,0,06-JUL-2020,
OPTSTK,UBL,27-Aug-2020,820,PE,0,0,0,39.75,2.35,0,0,0,0,06-JUL-2020,
OPTSTK,UBL,27-Aug-2020,840,PE,0,0,0,46.5,3.45,0,0,0,0,06-JUL-2020,
OPTSTK,UBL,27-Aug-2020,860,PE,0,0,0,53.95,5,0,0,0,0,06-JUL-2020,
OPTSTK,UBL,27-Aug-2020,880,PE,0,0,0,62.1,7.05,0,0,0,0,06-JUL-2020,
OPTSTK,UBL,27-Aug-2020,900,PE,0,0,0,70.9,9.65,0,0,0,0,06-JUL-2020,
OPTSTK,UBL,27-Aug-2020,920,PE,0,0,0,80.35,12.9,0,0,0,0,06-JUL-2020,
OPTSTK,UBL,27-Aug-2020,940,PE,0,0,0,90.45,16.95,0,0,0,0,06-JUL-2020,
OPTSTK,UBL,27-Aug-2020,960,PE,0,0,0,27.35,21.8,0,0,700,0,06-JUL-2020,
OPTSTK,UBL,27-Aug-2020,980,PE,0,0,0,112.6,27.6,0,0,0,0,06-JUL-2020,
OPTSTK,UBL,27-Aug-2020,1000,PE,0,0,0,124.6,34.3,0,0,0,0,06-JUL-2020,
OPTSTK,UBL,27-Aug-2020,1020,PE,0,0,0,137.15,42,0,0,0,0,06-JUL-2020,
OPTSTK,UBL,27-Aug-2020,1040,PE,0,0,0,150.25,50.7,0,0,0,0,06-JUL-2020,
OPTSTK,UBL,27-Aug-2020,1060,PE,0,0,0,163.85,60.45,0,0,0,0,06-JUL-2020,
OPTSTK,UBL,27-Aug-2020,1080,PE,0,0,0,177.95,71.1,0,0,0,0,06-JUL-2020,
OPTSTK,UBL,27-Aug-2020,1100,PE,0,0,0,192.6,82.8,0,0,0,0,06-JUL-2020,
OPTSTK,UBL,27-Aug-2020,1120,PE,0,0,0,207.6,95.35,0,0,0,0,06-JUL-2020,
OPTSTK,UBL,27-Aug-2020,1140,PE,0,0,0,223.05,108.8,0,0,0,0,06-JUL-2020,
OPTSTK,UBL,27-Aug-2020,1160,PE,0,0,0,238.85,123,0,0,0,0,06-JUL-2020,
OPTSTK,UBL,27-Aug-2020,1180,PE,0,0,0,255,138,0,0,0,0,06-JUL-2020,
OPTSTK,UBL,27-Aug-2020,1200,PE,0,0,0,271.5,153.65,0,0,0,0,06-JUL-2020,
OPTSTK,UBL,27-Aug-2020,1220,PE,0,0,0,288.3,169.9,0,0,0,0,06-JUL-2020,
OPTSTK,UBL,27-Aug-2020,1240,PE,0,0,0,305.35,186.7,0,0,0,0,06-JUL-2020,
OPTSTK,UBL,27-Aug-2020,1260,PE,0,0,0,322.65,204,0,0,0,0,06-JUL-2020,
OPTSTK,UBL,27-Aug-2020,1280,PE,0,0,0,340.25,221.7,0,0,0,0,06-JUL-2020,
OPTSTK,UBL,27-Aug-2020,1300,PE,0,0,0,358,239.75,0,0,0,0,06-JUL-2020,
OPTSTK,UBL,24-Sep-2020,640,CE,0,0,0,417.5,426.45,0,0,0,0,06-JUL-2020,
OPTSTK,UBL,24-Sep-2020,660,CE,0,0,0,398.15,406.7,0,0,0,0,06-JUL-2020,
OPTSTK,UBL,24-Sep-2020,680,CE,0,0,0,379,387.05,0,0,0,0,06-JUL-2020,
OPTSTK,UBL,24-Sep-2020,700,CE,0,0,0,360.05,367.5,0,0,0,0,06-JUL-2020,
OPTSTK,UBL,24-Sep-2020,720,CE,0,0,0,341.3,348.05,0,0,0,0,06-JUL-2020,
OPTSTK,UBL,24-Sep-2020,740,CE,0,0,0,322.85,328.75,0,0,0,0,06-JUL-2020,
OPTSTK,UBL,24-Sep-2020,760,CE,0,0,0,304.75,309.65,0,0,0,0,06-JUL-2020,
OPTSTK,UBL,24-Sep-2020,780,CE,0,0,0,287,290.8,0,0,0,0,06-JUL-2020,
OPTSTK,UBL,24-Sep-2020,800,CE,0,0,0,269.65,272.25,0,0,0,0,06-JUL-2020,
OPTSTK,UBL,24-Sep-2020,820,CE,0,0,0,252.75,254.05,0,0,0,0,06-JUL-2020,
OPTSTK,UBL,24-Sep-2020,840,CE,0,0,0,236.4,236.3,0,0,0,0,06-JUL-2020,
OPTSTK,UBL,24-Sep-2020,860,CE,0,0,0,220.55,219.05,0,0,0,0,06-JUL-2020,
OPTSTK,UBL,24-Sep-2020,880,CE,0,0,0,205.3,202.3,0,0,0,0,06-JUL-2020,
OPTSTK,UBL,24-Sep-2020,900,CE,0,0,0,190.65,186.2,0,0,0,0,06-JUL-2020,
OPTSTK,UBL,24-Sep-2020,920,CE,0,0,0,176.65,170.75,0,0,0,0,06-JUL-2020,
OPTSTK,UBL,24-Sep-2020,940,CE,0,0,0,163.2,156.05,0,0,0,0,06-JUL-2020,
OPTSTK,UBL,24-Sep-2020,960,CE,0,0,0,150.55,142.05,0,0,0,0,06-JUL-2020,
OPTSTK,UBL,24-Sep-2020,980,CE,0,0,0,138.5,128.85,0,0,0,0,06-JUL-2020,
OPTSTK,UBL,24-Sep-2020,1000,CE,0,0,0,127.15,116.45,0,0,0,0,06-JUL-2020,
OPTSTK,UBL,24-Sep-2020,1020,CE,0,0,0,116.5,104.85,0,0,0,0,06-JUL-2020,
OPTSTK,UBL,24-Sep-2020,1040,CE,0,0,0,106.5,94.05,0,0,0,0,06-JUL-2020,
OPTSTK,UBL,24-Sep-2020,1060,CE,0,0,0,97.15,84.1,0,0,0,0,06-JUL-2020,
OPTSTK,UBL,24-Sep-2020,1080,CE,0,0,0,88.45,74.9,0,0,0,0,06-JUL-2020,
OPTSTK,UBL,24-Sep-2020,1100,CE,0,0,0,80.35,66.5,0,0,0,0,06-JUL-2020,
OPTSTK,UBL,24-Sep-2020,1120,CE,0,0,0,72.9,58.85,0,0,0,0,06-JUL-2020,
OPTSTK,UBL,24-Sep-2020,1140,CE,0,0,0,65.95,51.9,0,0,0,0,06-JUL-2020,
OPTSTK,UBL,24-Sep-2020,1160,CE,0,0,0,59.6,45.6,0,0,0,0,06-JUL-2020,
OPTSTK,UBL,24-Sep-2020,1180,CE,0,0,0,53.75,39.95,0,0,0,0,06-JUL-2020,
OPTSTK,UBL,24-Sep-2020,1200,CE,0,0,0,48.4,34.9,0,0,0,0,06-JUL-2020,
OPTSTK,UBL,24-Sep-2020,1220,CE,0,0,0,43.6,30.4,0,0,0,0,06-JUL-2020,
OPTSTK,UBL,24-Sep-2020,1240,CE,0,0,0,39.15,26.4,0,0,0,0,06-JUL-2020,
OPTSTK,UBL,24-Sep-2020,1260,CE,0,0,0,35.1,22.85,0,0,0,0,06-JUL-2020,
OPTSTK,UBL,24-Sep-2020,1280,CE,0,0,0,31.35,19.75,0,0,0,0,06-JUL-2020,
OPTSTK,UBL,24-Sep-2020,1300,CE,0,0,0,28.05,17,0,0,0,0,06-JUL-2020,
OPTSTK,UBL,24-Sep-2020,640,PE,0,0,0,0.95,0.15,0,0,0,0,06-JUL-2020,
OPTSTK,UBL,24-Sep-2020,660,PE,0,0,0,1.4,0.25,0,0,0,0,06-JUL-2020,
OPTSTK,UBL,24-Sep-2020,680,PE,0,0,0,2,0.4,0,0,0,0,06-JUL-2020,
OPTSTK,UBL,24-Sep-2020,700,PE,0,0,0,2.8,0.65,0,0,0,0,06-JUL-2020,
OPTSTK,UBL,24-Sep-2020,720,PE,0,0,0,3.85,1,0,0,0,0,06-JUL-2020,
OPTSTK,UBL,24-Sep-2020,740,PE,0,0,0,5.15,1.55,0,0,0,0,06-JUL-2020,
OPTSTK,UBL,24-Sep-2020,760,PE,0,0,0,6.8,2.25,0,0,0,0,06-JUL-2020,
OPTSTK,UBL,24-Sep-2020,780,PE,0,0,0,8.85,3.2,0,0,0,0,06-JUL-2020,
OPTSTK,UBL,24-Sep-2020,800,PE,0,0,0,11.25,4.45,0,0,0,0,06-JUL-2020,
OPTSTK,UBL,24-Sep-2020,820,PE,0,0,0,14.15,6.1,0,0,0,0,06-JUL-2020,
OPTSTK,UBL,24-Sep-2020,840,PE,0,0,0,17.55,8.15,0,0,0,0,06-JUL-2020,
OPTSTK,UBL,24-Sep-2020,860,PE,0,0,0,21.45,10.7,0,0,0,0,06-JUL-2020,
OPTSTK,UBL,24-Sep-2020,880,PE,0,0,0,26,13.8,0,0,0,0,06-JUL-2020,
OPTSTK,UBL,24-Sep-2020,900,PE,0,0,0,31.15,17.5,0,0,0,0,06-JUL-2020,
OPTSTK,UBL,24-Sep-2020,920,PE,0,0,0,36.85,21.9,0,0,0,0,06-JUL-2020,
OPTSTK,UBL,24-Sep-2020,940,PE,0,0,0,43.2,26.95,0,0,0,0,06-JUL-2020,
OPTSTK,UBL,24-Sep-2020,960,PE,0,0,0,50.3,32.8,0,0,0,0,06-JUL-2020,
OPTSTK,UBL,24-Sep-2020,980,PE,0,0,0,58.05,39.4,0,0,0,0,06-JUL-2020,
OPTSTK,UBL,24-Sep-2020,1000,PE,0,0,0,66.45,46.8,0,0,0,0,06-JUL-2020,
OPTSTK,UBL,24-Sep-2020,1020,PE,0,0,0,75.55,55.05,0,0,0,0,06-JUL-2020,
OPTSTK,UBL,24-Sep-2020,1040,PE,0,0,0,85.35,64.05,0,0,0,0,06-JUL-2020,
OPTSTK,UBL,24-Sep-2020,1060,PE,0,0,0,95.75,73.9,0,0,0,0,06-JUL-2020,
OPTSTK,UBL,24-Sep-2020,1080,PE,0,0,0,106.8,84.55,0,0,0,0,06-JUL-2020,
OPTSTK,UBL,24-Sep-2020,1100,PE,0,0,0,118.5,95.95,0,0,0,0,06-JUL-2020,
OPTSTK,UBL,24-Sep-2020,1120,PE,0,0,0,130.8,108.1,0,0,0,0,06-JUL-2020,
OPTSTK,UBL,24-Sep-2020,1140,PE,0,0,0,143.65,120.95,0,0,0,0,06-JUL-2020,
OPTSTK,UBL,24-Sep-2020,1160,PE,0,0,0,157.05,134.5,0,0,0,0,06-JUL-2020,
OPTSTK,UBL,24-Sep-2020,1180,PE,0,0,0,171,148.7,0,0,0,0,06-JUL-2020,
OPTSTK,UBL,24-Sep-2020,1200,PE,0,0,0,185.4,163.45,0,0,0,0,06-JUL-2020,
OPTSTK,UBL,24-Sep-2020,1220,PE,0,0,0,200.3,178.75,0,0,0,0,06-JUL-2020,
OPTSTK,UBL,24-Sep-2020,1240,PE,0,0,0,215.65,194.55,0,0,0,0,06-JUL-2020,
OPTSTK,UBL,24-Sep-2020,1260,PE,0,0,0,231.35,210.85,0,0,0,0,06-JUL-2020,
OPTSTK,UBL,24-Sep-2020,1280,PE,0,0,0,247.4,227.55,0,0,0,0,06-JUL-2020,
OPTSTK,UBL,24-Sep-2020,1300,PE,0,0,0,263.85,244.6,0,0,0,0,06-JUL-2020,
OPTSTK,UJJIVAN,30-Jul-2020,70,CE,0,0,0,108.9,172.8,0,0,0,0,06-JUL-2020,
OPTSTK,UJJIVAN,30-Jul-2020,80,CE,0,0,0,100.55,162.8,0,0,0,0,06-JUL-2020,
OPTSTK,UJJIVAN,30-Jul-2020,90,CE,0,0,0,92.7,152.85,0,0,0,0,06-JUL-2020,
OPTSTK,UJJIVAN,30-Jul-2020,100,CE,0,0,0,85.35,142.9,0,0,0,0,06-JUL-2020,
OPTSTK,UJJIVAN,30-Jul-2020,110,CE,0,0,0,78.5,132.9,0,0,0,0,06-JUL-2020,
OPTSTK,UJJIVAN,30-Jul-2020,120,CE,0,0,0,72.15,122.95,0,0,0,0,06-JUL-2020,
OPTSTK,UJJIVAN,30-Jul-2020,130,CE,0,0,0,66.3,112.95,0,0,0,0,06-JUL-2020,
OPTSTK,UJJIVAN,30-Jul-2020,135,CE,0,0,0,45.4,108,0,0,0,0,06-JUL-2020,
OPTSTK,UJJIVAN,30-Jul-2020,140,CE,0,0,0,60.95,103,0,0,0,0,06-JUL-2020,
OPTSTK,UJJIVAN,30-Jul-2020,145,CE,0,0,0,39.25,98,0,0,0,0,06-JUL-2020,
OPTSTK,UJJIVAN,30-Jul-2020,150,CE,0,0,0,56,93.05,0,0,0,0,06-JUL-2020,
OPTSTK,UJJIVAN,30-Jul-2020,155,CE,0,0,0,33.75,88.05,0,0,0,0,06-JUL-2020,
OPTSTK,UJJIVAN,30-Jul-2020,160,CE,0,0,0,51.45,83.1,0,0,0,0,06-JUL-2020,
OPTSTK,UJJIVAN,30-Jul-2020,165,CE,0,0,0,28.95,78.15,0,0,0,0,06-JUL-2020,
OPTSTK,UJJIVAN,30-Jul-2020,170,CE,0,0,0,44,73.25,0,0,0,0,06-JUL-2020,
OPTSTK,UJJIVAN,30-Jul-2020,175,CE,0,0,0,24.7,68.35,0,0,0,0,06-JUL-2020,
OPTSTK,UJJIVAN,30-Jul-2020,180,CE,0,0,0,64.5,63.5,0,0,4400,0,06-JUL-2020,
OPTSTK,UJJIVAN,30-Jul-2020,185,CE,0,0,0,21.05,58.75,0,0,0,0,06-JUL-2020,
OPTSTK,UJJIVAN,30-Jul-2020,190,CE,0,0,0,43.9,54.1,0,0,2200,0,06-JUL-2020,
OPTSTK,UJJIVAN,30-Jul-2020,195,CE,0,0,0,17.85,49.55,0,0,0,0,06-JUL-2020,
OPTSTK,UJJIVAN,30-Jul-2020,200,CE,45.65,45.65,45.65,45.65,45.15,1,5.4,19800,0,06-JUL-2020,
OPTSTK,UJJIVAN,30-Jul-2020,205,CE,0,0,0,26.2,40.9,0,0,6600,0,06-JUL-2020,
OPTSTK,UJJIVAN,30-Jul-2020,210,CE,0,0,0,32.25,36.8,0,0,13200,0,06-JUL-2020,
OPTSTK,UJJIVAN,30-Jul-2020,215,CE,31.95,31.95,30.7,30.7,32.95,4,21.66,11000,-2200,06-JUL-2020,
OPTSTK,UJJIVAN,30-Jul-2020,220,CE,28.8,28.8,27.3,27.45,29.35,5,27.27,61600,-4400,06-JUL-2020,
OPTSTK,UJJIVAN,30-Jul-2020,225,CE,0,0,0,24,25.95,0,0,35200,0,06-JUL-2020,
OPTSTK,UJJIVAN,30-Jul-2020,230,CE,22.1,22.35,19.8,20.05,22.8,23,127.29,154000,-2200,06-JUL-2020,
OPTSTK,UJJIVAN,30-Jul-2020,235,CE,19.3,19.35,17.15,18.15,18.15,8,44.65,44000,-4400,06-JUL-2020,
OPTSTK,UJJIVAN,30-Jul-2020,240,CE,17.5,17.5,13.75,15.65,15.65,213,1198.78,121000,-30800,06-JUL-2020,
OPTSTK,UJJIVAN,30-Jul-2020,245,CE,14.05,15.25,12.05,13.45,13.45,40,227.17,63800,22000,06-JUL-2020,
OPTSTK,UJJIVAN,30-Jul-2020,250,CE,12.15,12.9,10.05,11.35,11.35,1312,7543.25,358600,39600,06-JUL-2020,
OPTSTK,UJJIVAN,30-Jul-2020,255,CE,10.4,10.4,8.65,9.25,9.25,9,52.31,24200,4400,06-JUL-2020,
OPTSTK,UJJIVAN,30-Jul-2020,260,CE,9.2,9.2,6.95,8,8,256,1508.31,134200,-2200,06-JUL-2020,
OPTSTK,UJJIVAN,30-Jul-2020,265,CE,7.9,7.9,6.35,6.7,7.8,9,53.83,28600,-2200,06-JUL-2020,
OPTSTK,UJJIVAN,30-Jul-2020,270,CE,5.7,6.4,4.85,5.6,5.6,68,411.95,101200,-2200,06-JUL-2020,
OPTSTK,UJJIVAN,30-Jul-2020,275,CE,0,0,0,6.95,5.45,0,0,0,0,06-JUL-2020,
OPTSTK,UJJIVAN,30-Jul-2020,280,CE,3.7,4.4,3.1,3.75,3.75,117,730.22,354200,-6600,06-JUL-2020,
OPTSTK,UJJIVAN,30-Jul-2020,70,PE,0,0,0,2.25,0.05,0,0,0,0,06-JUL-2020,
OPTSTK,UJJIVAN,30-Jul-2020,80,PE,0,0,0,3.75,0.05,0,0,0,0,06-JUL-2020,
OPTSTK,UJJIVAN,30-Jul-2020,90,PE,0,0,0,5.75,0.05,0,0,0,0,06-JUL-2020,
OPTSTK,UJJIVAN,30-Jul-2020,100,PE,0,0,0,8.25,0.05,0,0,0,0,06-JUL-2020,
OPTSTK,UJJIVAN,30-Jul-2020,110,PE,0,0,0,11.3,0.05,0,0,0,0,06-JUL-2020,
OPTSTK,UJJIVAN,30-Jul-2020,120,PE,0,0,0,14.85,0.05,0,0,0,0,06-JUL-2020,
OPTSTK,UJJIVAN,30-Jul-2020,130,PE,0,0,0,18.85,0.05,0,0,0,0,06-JUL-2020,
OPTSTK,UJJIVAN,30-Jul-2020,135,PE,0,0,0,10,0.05,0,0,0,0,06-JUL-2020,
OPTSTK,UJJIVAN,30-Jul-2020,140,PE,0,0,0,23.35,0.05,0,0,0,0,06-JUL-2020,
OPTSTK,UJJIVAN,30-Jul-2020,145,PE,0,0,0,13.75,0.05,0,0,0,0,06-JUL-2020,
OPTSTK,UJJIVAN,30-Jul-2020,150,PE,0,0,0,28.3,0.05,0,0,0,0,06-JUL-2020,
OPTSTK,UJJIVAN,30-Jul-2020,155,PE,0,0,0,18.15,0.05,0,0,0,0,06-JUL-2020,
OPTSTK,UJJIVAN,30-Jul-2020,160,PE,0,0,0,0.2,0.05,0,0,4400,0,06-JUL-2020,
OPTSTK,UJJIVAN,30-Jul-2020,165,PE,0.35,0.6,0.3,0.6,0.1,12,43.67,24200,2200,06-JUL-2020,
OPTSTK,UJJIVAN,30-Jul-2020,170,PE,0.55,0.55,0.5,0.5,0.15,3,11.25,30800,0,06-JUL-2020,
OPTSTK,UJJIVAN,30-Jul-2020,175,PE,0,0,0,28.95,0.25,0,0,0,0,06-JUL-2020,
OPTSTK,UJJIVAN,30-Jul-2020,180,PE,0.7,0.8,0.6,0.8,0.8,8,31.81,59400,-11000,06-JUL-2020,
OPTSTK,UJJIVAN,30-Jul-2020,185,PE,0.75,1.65,0.75,1.65,0.65,4,16.38,0,0,06-JUL-2020,
OPTSTK,UJJIVAN,30-Jul-2020,190,PE,1.2,1.35,1.2,1.3,1.3,12,50.49,96800,2200,06-JUL-2020,
OPTSTK,UJJIVAN,30-Jul-2020,195,PE,1.75,1.75,1.75,1.75,1.4,1,4.32,15400,-2200,06-JUL-2020,
OPTSTK,UJJIVAN,30-Jul-2020,200,PE,2.5,3,1.95,2.2,2.2,22,97.87,217800,22000,06-JUL-2020,
OPTSTK,UJJIVAN,30-Jul-2020,205,PE,0,0,0,3,2.7,0,0,15400,0,06-JUL-2020,
OPTSTK,UJJIVAN,30-Jul-2020,210,PE,3.8,4,3.25,3.5,3.5,18,84.56,156200,13200,06-JUL-2020,
OPTSTK,UJJIVAN,30-Jul-2020,215,PE,4.9,5.4,4.45,4.45,4.45,4,19.35,37400,4400,06-JUL-2020,
OPTSTK,UJJIVAN,30-Jul-2020,220,PE,6,6.85,5.65,5.85,5.85,44,218.88,129800,33000,06-JUL-2020,
OPTSTK,UJJIVAN,30-Jul-2020,225,PE,7.75,8.6,7.2,7.9,7.7,25,128.01,50600,4400,06-JUL-2020,
OPTSTK,UJJIVAN,30-Jul-2020,230,PE,9.7,10.7,8.85,9.4,9.4,175,922.95,143000,-11000,06-JUL-2020,
OPTSTK,UJJIVAN,30-Jul-2020,235,PE,12,13.1,11,11.6,11.6,77,418.06,63800,24200,06-JUL-2020,
OPTSTK,UJJIVAN,30-Jul-2020,240,PE,13.65,15.6,13.25,13.85,13.85,57,318.8,50600,-4400,06-JUL-2020,
OPTSTK,UJJIVAN,30-Jul-2020,245,PE,18.15,18.15,18.15,18.15,16.65,1,5.78,24200,2200,06-JUL-2020,
OPTSTK,UJJIVAN,30-Jul-2020,250,PE,19.9,20.7,18.55,19.35,19.35,52,308.34,68200,33000,06-JUL-2020,
OPTSTK,UJJIVAN,30-Jul-2020,255,PE,0,0,0,69.8,22.6,0,0,0,0,06-JUL-2020,
OPTSTK,UJJIVAN,30-Jul-2020,260,PE,0,0,0,31.2,25.9,0,0,0,0,06-JUL-2020,
OPTSTK,UJJIVAN,30-Jul-2020,265,PE,0,0,0,72.25,29.45,0,0,0,0,06-JUL-2020,
OPTSTK,UJJIVAN,30-Jul-2020,270,PE,0,0,0,35.75,33.2,0,0,2200,0,06-JUL-2020,
OPTSTK,UJJIVAN,30-Jul-2020,275,PE,0,0,0,68.6,37.05,0,0,0,0,06-JUL-2020,
OPTSTK,UJJIVAN,30-Jul-2020,280,PE,0,0,0,120.1,41.15,0,0,0,0,06-JUL-2020,
OPTSTK,UJJIVAN,27-Aug-2020,100,CE,0,0,0,74.35,143.2,0,0,0,0,06-JUL-2020,
OPTSTK,UJJIVAN,27-Aug-2020,105,CE,0,0,0,70.4,138.25,0,0,0,0,06-JUL-2020,
OPTSTK,UJJIVAN,27-Aug-2020,110,CE,0,0,0,66.6,133.25,0,0,0,0,06-JUL-2020,
OPTSTK,UJJIVAN,27-Aug-2020,115,CE,0,0,0,62.9,128.3,0,0,0,0,06-JUL-2020,
OPTSTK,UJJIVAN,27-Aug-2020,120,CE,0,0,0,59.4,123.35,0,0,0,0,06-JUL-2020,
OPTSTK,UJJIVAN,27-Aug-2020,125,CE,0,0,0,56,118.4,0,0,0,0,06-JUL-2020,
OPTSTK,UJJIVAN,27-Aug-2020,130,CE,0,0,0,52.8,113.45,0,0,0,0,06-JUL-2020,
OPTSTK,UJJIVAN,27-Aug-2020,135,CE,0,0,0,49.75,108.5,0,0,0,0,06-JUL-2020,
OPTSTK,UJJIVAN,27-Aug-2020,140,CE,0,0,0,46.8,103.6,0,0,0,0,06-JUL-2020,
OPTSTK,UJJIVAN,27-Aug-2020,145,CE,0,0,0,44.05,98.7,0,0,0,0,06-JUL-2020,
OPTSTK,UJJIVAN,27-Aug-2020,150,CE,0,0,0,41.4,93.85,0,0,0,0,06-JUL-2020,
OPTSTK,UJJIVAN,27-Aug-2020,155,CE,0,0,0,38.9,89.05,0,0,0,0,06-JUL-2020,
OPTSTK,UJJIVAN,27-Aug-2020,160,CE,0,0,0,36.55,84.3,0,0,0,0,06-JUL-2020,
OPTSTK,UJJIVAN,27-Aug-2020,165,CE,0,0,0,34.35,79.6,0,0,0,0,06-JUL-2020,
OPTSTK,UJJIVAN,27-Aug-2020,170,CE,0,0,0,32.25,75,0,0,0,0,06-JUL-2020,
OPTSTK,UJJIVAN,27-Aug-2020,175,CE,0,0,0,30.25,70.5,0,0,0,0,06-JUL-2020,
OPTSTK,UJJIVAN,27-Aug-2020,180,CE,0,0,0,28.4,66.05,0,0,0,0,06-JUL-2020,
OPTSTK,UJJIVAN,27-Aug-2020,185,CE,0,0,0,26.65,61.8,0,0,0,0,06-JUL-2020,
OPTSTK,UJJIVAN,27-Aug-2020,190,CE,0,0,0,24.95,57.6,0,0,0,0,06-JUL-2020,
OPTSTK,UJJIVAN,27-Aug-2020,195,CE,0,0,0,23.4,53.6,0,0,0,0,06-JUL-2020,
OPTSTK,UJJIVAN,27-Aug-2020,200,CE,0,0,0,21.95,49.75,0,0,0,0,06-JUL-2020,
OPTSTK,UJJIVAN,27-Aug-2020,205,CE,0,0,0,20.6,46.05,0,0,0,0,06-JUL-2020,
OPTSTK,UJJIVAN,27-Aug-2020,210,CE,0,0,0,38,42.5,0,0,2200,0,06-JUL-2020,
OPTSTK,UJJIVAN,27-Aug-2020,215,CE,0,0,0,18.1,39.15,0,0,0,0,06-JUL-2020,
OPTSTK,UJJIVAN,27-Aug-2020,220,CE,0,0,0,16.95,35.95,0,0,0,0,06-JUL-2020,
OPTSTK,UJJIVAN,27-Aug-2020,225,CE,0,0,0,15.9,32.95,0,0,0,0,06-JUL-2020,
OPTSTK,UJJIVAN,27-Aug-2020,230,CE,24.85,24.85,24.85,24.85,30.1,1,5.6,2200,2200,06-JUL-2020,
OPTSTK,UJJIVAN,27-Aug-2020,235,CE,0,0,0,14,27.45,0,0,0,0,06-JUL-2020,
OPTSTK,UJJIVAN,27-Aug-2020,240,CE,0,0,0,13.1,24.95,0,0,0,0,06-JUL-2020,
OPTSTK,UJJIVAN,27-Aug-2020,245,CE,0,0,0,15.45,22.65,0,0,0,0,06-JUL-2020,
OPTSTK,UJJIVAN,27-Aug-2020,250,CE,0,0,0,14.5,20.55,0,0,0,0,06-JUL-2020,
OPTSTK,UJJIVAN,27-Aug-2020,255,CE,0,0,0,10.45,18.55,0,0,0,0,06-JUL-2020,
OPTSTK,UJJIVAN,27-Aug-2020,260,CE,0,0,0,9.6,16.75,0,0,0,0,06-JUL-2020,
OPTSTK,UJJIVAN,27-Aug-2020,265,CE,0,0,0,9.75,15.1,0,0,0,0,06-JUL-2020,
OPTSTK,UJJIVAN,27-Aug-2020,270,CE,0,0,0,12.95,13.55,0,0,0,0,06-JUL-2020,
OPTSTK,UJJIVAN,27-Aug-2020,275,CE,0,0,0,12,12.15,0,0,0,0,06-JUL-2020,
OPTSTK,UJJIVAN,27-Aug-2020,280,CE,0,0,0,11.05,10.9,0,0,13200,0,06-JUL-2020,
OPTSTK,UJJIVAN,27-Aug-2020,100,PE,0,0,0,3.85,0.05,0,0,0,0,06-JUL-2020,
OPTSTK,UJJIVAN,27-Aug-2020,105,PE,0,0,0,4.8,0.05,0,0,0,0,06-JUL-2020,
OPTSTK,UJJIVAN,27-Aug-2020,110,PE,0,0,0,5.95,0.05,0,0,0,0,06-JUL-2020,
OPTSTK,UJJIVAN,27-Aug-2020,115,PE,0,0,0,7.2,0.05,0,0,0,0,06-JUL-2020,
OPTSTK,UJJIVAN,27-Aug-2020,120,PE,0,0,0,8.65,0.05,0,0,0,0,06-JUL-2020,
OPTSTK,UJJIVAN,27-Aug-2020,125,PE,0,0,0,10.2,0.05,0,0,0,0,06-JUL-2020,
OPTSTK,UJJIVAN,27-Aug-2020,130,PE,0,0,0,11.9,0.05,0,0,0,0,06-JUL-2020,
OPTSTK,UJJIVAN,27-Aug-2020,135,PE,0,0,0,13.8,0.1,0,0,0,0,06-JUL-2020,
OPTSTK,UJJIVAN,27-Aug-2020,140,PE,0,0,0,15.8,0.15,0,0,0,0,06-JUL-2020,
OPTSTK,UJJIVAN,27-Aug-2020,145,PE,0,0,0,18,0.25,0,0,0,0,06-JUL-2020,
OPTSTK,UJJIVAN,27-Aug-2020,150,PE,0,0,0,20.3,0.35,0,0,0,0,06-JUL-2020,
OPTSTK,UJJIVAN,27-Aug-2020,155,PE,0,0,0,22.75,0.5,0,0,0,0,06-JUL-2020,
OPTSTK,UJJIVAN,27-Aug-2020,160,PE,0,0,0,25.3,0.75,0,0,0,0,06-JUL-2020,
OPTSTK,UJJIVAN,27-Aug-2020,165,PE,0,0,0,28.05,1,0,0,0,0,06-JUL-2020,
OPTSTK,UJJIVAN,27-Aug-2020,170,PE,0,0,0,30.85,1.35,0,0,0,0,06-JUL-2020,
OPTSTK,UJJIVAN,27-Aug-2020,175,PE,0,0,0,33.85,1.85,0,0,0,0,06-JUL-2020,
OPTSTK,UJJIVAN,27-Aug-2020,180,PE,0,0,0,36.9,2.4,0,0,0,0,06-JUL-2020,
OPTSTK,UJJIVAN,27-Aug-2020,185,PE,0,0,0,40.1,3.05,0,0,0,0,06-JUL-2020,
OPTSTK,UJJIVAN,27-Aug-2020,190,PE,0,0,0,43.35,3.85,0,0,0,0,06-JUL-2020,
OPTSTK,UJJIVAN,27-Aug-2020,195,PE,0,0,0,46.75,4.85,0,0,0,0,06-JUL-2020,
OPTSTK,UJJIVAN,27-Aug-2020,200,PE,0,0,0,50.25,5.95,0,0,0,0,06-JUL-2020,
OPTSTK,UJJIVAN,27-Aug-2020,205,PE,0,0,0,53.8,7.2,0,0,0,0,06-JUL-2020,
OPTSTK,UJJIVAN,27-Aug-2020,210,PE,0,0,0,57.45,8.6,0,0,0,0,06-JUL-2020,
OPTSTK,UJJIVAN,27-Aug-2020,215,PE,0,0,0,61.2,10.25,0,0,0,0,06-JUL-2020,
OPTSTK,UJJIVAN,27-Aug-2020,220,PE,0,0,0,65,12,0,0,0,0,06-JUL-2020,
OPTSTK,UJJIVAN,27-Aug-2020,225,PE,0,0,0,68.85,13.95,0,0,0,0,06-JUL-2020,
OPTSTK,UJJIVAN,27-Aug-2020,230,PE,0,0,0,34.15,16.1,0,0,2200,0,06-JUL-2020,
OPTSTK,UJJIVAN,27-Aug-2020,235,PE,0,0,0,76.8,18.45,0,0,0,0,06-JUL-2020,
OPTSTK,UJJIVAN,27-Aug-2020,240,PE,0,0,0,80.9,20.9,0,0,0,0,06-JUL-2020,
OPTSTK,UJJIVAN,27-Aug-2020,245,PE,0,0,0,77.75,23.6,0,0,0,0,06-JUL-2020,
OPTSTK,UJJIVAN,27-Aug-2020,250,PE,0,0,0,81.75,26.45,0,0,0,0,06-JUL-2020,
OPTSTK,UJJIVAN,27-Aug-2020,255,PE,0,0,0,73,29.45,0,0,0,0,06-JUL-2020,
OPTSTK,UJJIVAN,27-Aug-2020,260,PE,0,0,0,77.15,32.6,0,0,0,0,06-JUL-2020,
OPTSTK,UJJIVAN,27-Aug-2020,265,PE,0,0,0,75.6,35.9,0,0,0,0,06-JUL-2020,
OPTSTK,UJJIVAN,27-Aug-2020,270,PE,0,0,0,68.65,39.3,0,0,0,0,06-JUL-2020,
OPTSTK,UJJIVAN,27-Aug-2020,275,PE,0,0,0,72.65,42.9,0,0,0,0,06-JUL-2020,
OPTSTK,UJJIVAN,27-Aug-2020,280,PE,0,0,0,76.7,46.6,0,0,0,0,06-JUL-2020,
OPTSTK,ULTRACEMCO,30-Jul-2020,2100,CE,0,0,0,1486.1,1836.8,0,0,0,0,06-JUL-2020,
OPTSTK,ULTRACEMCO,30-Jul-2020,2200,CE,0,0,0,1397.05,1737.1,0,0,0,0,06-JUL-2020,
OPTSTK,ULTRACEMCO,30-Jul-2020,2300,CE,0,0,0,1310.4,1637.35,0,0,0,0,06-JUL-2020,
OPTSTK,ULTRACEMCO,30-Jul-2020,2400,CE,0,0,0,1226.45,1537.65,0,0,0,0,06-JUL-2020,
OPTSTK,ULTRACEMCO,30-Jul-2020,2500,CE,0,0,0,1145.45,1437.95,0,0,0,0,06-JUL-2020,
OPTSTK,ULTRACEMCO,30-Jul-2020,2600,CE,0,0,0,1067.55,1338.2,0,0,0,0,06-JUL-2020,
OPTSTK,ULTRACEMCO,30-Jul-2020,2650,CE,0,0,0,1217.1,1288.35,0,0,0,0,06-JUL-2020,
OPTSTK,ULTRACEMCO,30-Jul-2020,2700,CE,0,0,0,993,1238.5,0,0,0,0,06-JUL-2020,
OPTSTK,ULTRACEMCO,30-Jul-2020,2750,CE,0,0,0,1130.5,1188.65,0,0,0,0,06-JUL-2020,
OPTSTK,ULTRACEMCO,30-Jul-2020,2800,CE,0,0,0,921.75,1138.8,0,0,0,0,06-JUL-2020,
OPTSTK,ULTRACEMCO,30-Jul-2020,2850,CE,0,0,0,1046.8,1088.95,0,0,0,0,06-JUL-2020,
OPTSTK,ULTRACEMCO,30-Jul-2020,2900,CE,0,0,0,854.05,1039.15,0,0,0,0,06-JUL-2020,
OPTSTK,ULTRACEMCO,30-Jul-2020,2950,CE,0,0,0,966.35,989.35,0,0,0,0,06-JUL-2020,
OPTSTK,ULTRACEMCO,30-Jul-2020,3000,CE,0,0,0,789.85,939.6,0,0,0,0,06-JUL-2020,
OPTSTK,ULTRACEMCO,30-Jul-2020,3050,CE,0,0,0,889.35,889.95,0,0,0,0,06-JUL-2020,
OPTSTK,ULTRACEMCO,30-Jul-2020,3100,CE,0,0,0,729.15,840.45,0,0,0,0,06-JUL-2020,
OPTSTK,ULTRACEMCO,30-Jul-2020,3150,CE,0,0,0,816.1,791.1,0,0,0,0,06-JUL-2020,
OPTSTK,ULTRACEMCO,30-Jul-2020,3200,CE,0,0,0,672.15,742.05,0,0,0,0,06-JUL-2020,
OPTSTK,ULTRACEMCO,30-Jul-2020,3250,CE,0,0,0,669.55,693.4,0,0,400,0,06-JUL-2020,
OPTSTK,ULTRACEMCO,30-Jul-2020,3300,CE,0,0,0,557,645.2,0,0,200,0,06-JUL-2020,
OPTSTK,ULTRACEMCO,30-Jul-2020,3350,CE,0,0,0,680.85,597.7,0,0,0,0,06-JUL-2020,
OPTSTK,ULTRACEMCO,30-Jul-2020,3400,CE,0,0,0,520,551.05,0,0,200,0,06-JUL-2020,
OPTSTK,ULTRACEMCO,30-Jul-2020,3450,CE,0,0,0,619.35,505.4,0,0,0,0,06-JUL-2020,
OPTSTK,ULTRACEMCO,30-Jul-2020,3500,CE,0,0,0,395,461.05,0,0,400,0,06-JUL-2020,
OPTSTK,ULTRACEMCO,30-Jul-2020,3550,CE,0,0,0,294.95,418.15,0,0,400,0,06-JUL-2020,
OPTSTK,ULTRACEMCO,30-Jul-2020,3600,CE,0,0,0,347,376.95,0,0,600,0,06-JUL-2020,
OPTSTK,ULTRACEMCO,30-Jul-2020,3650,CE,0,0,0,508.4,337.65,0,0,0,0,06-JUL-2020,
OPTSTK,ULTRACEMCO,30-Jul-2020,3700,CE,286,286,286,286,286,2,15.94,1600,-400,06-JUL-2020,
OPTSTK,ULTRACEMCO,30-Jul-2020,3750,CE,0,0,0,458.85,265.6,0,0,0,0,06-JUL-2020,
OPTSTK,ULTRACEMCO,30-Jul-2020,3800,CE,210,220,210,217.9,233.15,5,40.17,4800,0,06-JUL-2020,
OPTSTK,ULTRACEMCO,30-Jul-2020,3850,CE,176.95,180.95,169.75,179.6,203.2,6,48.33,4600,-200,06-JUL-2020,
OPTSTK,ULTRACEMCO,30-Jul-2020,3900,CE,140,154,140,153.25,153.25,87,704.31,12400,-2600,06-JUL-2020,
OPTSTK,ULTRACEMCO,30-Jul-2020,3950,CE,121.6,131.45,115.05,128.95,128.95,33,268.99,7200,1000,06-JUL-2020,
OPTSTK,ULTRACEMCO,30-Jul-2020,4000,CE,99.45,108.95,94.65,106.35,106.35,306,2511.18,19600,-4200,06-JUL-2020,
OPTSTK,ULTRACEMCO,30-Jul-2020,4050,CE,81.9,87.5,78.9,87.5,87.5,12,99.23,2800,600,06-JUL-2020,
OPTSTK,ULTRACEMCO,30-Jul-2020,4100,CE,65.2,73.55,62.2,71.3,71.3,35,291.77,8000,600,06-JUL-2020,
OPTSTK,ULTRACEMCO,30-Jul-2020,4150,CE,52.25,52.25,52.1,52.1,76.2,2,16.8,5400,-400,06-JUL-2020,
OPTSTK,ULTRACEMCO,30-Jul-2020,4200,CE,45,48.45,32.25,47.55,47.55,39,331.15,14600,-600,06-JUL-2020,
OPTSTK,ULTRACEMCO,30-Jul-2020,4250,CE,0,0,0,265.55,51.75,0,0,0,0,06-JUL-2020,
OPTSTK,ULTRACEMCO,30-Jul-2020,4300,CE,26.55,28.6,24.05,24.1,42.15,7,60.56,10600,600,06-JUL-2020,
OPTSTK,ULTRACEMCO,30-Jul-2020,4350,CE,0,0,0,236.6,34.1,0,0,0,0,06-JUL-2020,
OPTSTK,ULTRACEMCO,30-Jul-2020,4400,CE,15.5,24.4,15.5,24.4,27.4,2,17.67,3200,200,06-JUL-2020,
OPTSTK,ULTRACEMCO,30-Jul-2020,4450,CE,0,0,0,210.55,21.85,0,0,0,0,06-JUL-2020,
OPTSTK,ULTRACEMCO,30-Jul-2020,4500,CE,16,16,9.75,15.3,15.3,386,3485.35,45600,34000,06-JUL-2020,
OPTSTK,ULTRACEMCO,30-Jul-2020,4550,CE,0,0,0,187,13.6,0,0,0,0,06-JUL-2020,
OPTSTK,ULTRACEMCO,30-Jul-2020,4600,CE,7.9,9,7.9,9,9,4,36.86,6800,400,06-JUL-2020,
OPTSTK,ULTRACEMCO,30-Jul-2020,4650,CE,0,0,0,165.85,8.25,0,0,0,0,06-JUL-2020,
OPTSTK,ULTRACEMCO,30-Jul-2020,4700,CE,0,0,0,6.9,6.35,0,0,1200,0,06-JUL-2020,
OPTSTK,ULTRACEMCO,30-Jul-2020,4750,CE,0,0,0,14.35,4.85,0,0,200,0,06-JUL-2020,
OPTSTK,ULTRACEMCO,30-Jul-2020,4800,CE,0,0,0,5.6,3.7,0,0,1600,0,06-JUL-2020,
OPTSTK,ULTRACEMCO,30-Jul-2020,2100,PE,0,0,0,25.2,0.05,0,0,0,0,06-JUL-2020,
OPTSTK,ULTRACEMCO,30-Jul-2020,2200,PE,0,0,0,34.85,0.05,0,0,0,0,06-JUL-2020,
OPTSTK,ULTRACEMCO,30-Jul-2020,2300,PE,0,0,0,46.95,0.05,0,0,0,0,06-JUL-2020,
OPTSTK,ULTRACEMCO,30-Jul-2020,2400,PE,0,0,0,61.75,0.05,0,0,0,0,06-JUL-2020,
OPTSTK,ULTRACEMCO,30-Jul-2020,2500,PE,0,0,0,79.45,0.05,0,0,0,0,06-JUL-2020,
OPTSTK,ULTRACEMCO,30-Jul-2020,2600,PE,0,0,0,100.3,0.05,0,0,0,0,06-JUL-2020,
OPTSTK,ULTRACEMCO,30-Jul-2020,2650,PE,0,0,0,35.55,0.05,0,0,0,0,06-JUL-2020,
OPTSTK,ULTRACEMCO,30-Jul-2020,2700,PE,0,0,0,5.8,0.05,0,0,400,0,06-JUL-2020,
OPTSTK,ULTRACEMCO,30-Jul-2020,2750,PE,0,0,0,48.15,0.05,0,0,0,0,06-JUL-2020,
OPTSTK,ULTRACEMCO,30-Jul-2020,2800,PE,0,0,0,152,0.05,0,0,0,0,06-JUL-2020,
OPTSTK,ULTRACEMCO,30-Jul-2020,2850,PE,0,0,0,63.6,0.05,0,0,0,0,06-JUL-2020,
OPTSTK,ULTRACEMCO,30-Jul-2020,2900,PE,0,0,0,183,0.1,0,0,0,0,06-JUL-2020,
OPTSTK,ULTRACEMCO,30-Jul-2020,2950,PE,0,0,0,82.3,0.15,0,0,0,0,06-JUL-2020,
OPTSTK,ULTRACEMCO,30-Jul-2020,3000,PE,0,0,0,217.55,0.3,0,0,0,0,06-JUL-2020,
OPTSTK,ULTRACEMCO,30-Jul-2020,3050,PE,0,0,0,104.45,0.5,0,0,0,0,06-JUL-2020,
OPTSTK,ULTRACEMCO,30-Jul-2020,3100,PE,0,0,0,255.55,0.85,0,0,0,0,06-JUL-2020,
OPTSTK,ULTRACEMCO,30-Jul-2020,3150,PE,0,0,0,130.35,1.4,0,0,0,0,06-JUL-2020,
OPTSTK,ULTRACEMCO,30-Jul-2020,3200,PE,5.65,5.65,5.65,5.65,2.2,1,6.41,8000,200,06-JUL-2020,
OPTSTK,ULTRACEMCO,30-Jul-2020,3250,PE,0,0,0,2.45,3.35,0,0,200,0,06-JUL-2020,
OPTSTK,ULTRACEMCO,30-Jul-2020,3300,PE,8.8,8.8,8.8,8.8,5.05,2,13.23,9200,-200,06-JUL-2020,
OPTSTK,ULTRACEMCO,30-Jul-2020,3350,PE,0,0,0,193.4,7.4,0,0,0,0,06-JUL-2020,
OPTSTK,ULTRACEMCO,30-Jul-2020,3400,PE,0,0,0,22,10.6,0,0,1200,0,06-JUL-2020,
OPTSTK,ULTRACEMCO,30-Jul-2020,3450,PE,0,0,0,231.05,14.85,0,0,0,0,06-JUL-2020,
OPTSTK,ULTRACEMCO,30-Jul-2020,3500,PE,20,20,16,16,16,13,91.43,8000,-400,06-JUL-2020,
OPTSTK,ULTRACEMCO,30-Jul-2020,3550,PE,0,0,0,104.95,27.3,0,0,600,0,06-JUL-2020,
OPTSTK,ULTRACEMCO,30-Jul-2020,3600,PE,30.85,31.2,26.4,28.35,28.35,20,145.14,7200,-600,06-JUL-2020,
OPTSTK,ULTRACEMCO,30-Jul-2020,3650,PE,40.1,40.25,34.5,36.05,46.55,17,125.36,1600,-600,06-JUL-2020,
OPTSTK,ULTRACEMCO,30-Jul-2020,3700,PE,53.05,53.05,45,46.8,46.8,49,367.31,10000,-2600,06-JUL-2020,
OPTSTK,ULTRACEMCO,30-Jul-2020,3750,PE,67.75,67.75,58.55,63.1,74.2,6,45.74,800,0,06-JUL-2020,
OPTSTK,ULTRACEMCO,30-Jul-2020,3800,PE,85.25,85.3,72.7,75.35,75.35,45,348.96,13200,-2600,06-JUL-2020,
OPTSTK,ULTRACEMCO,30-Jul-2020,3850,PE,99.75,99.75,92.7,92.9,92.9,14,110.5,3800,800,06-JUL-2020,
OPTSTK,ULTRACEMCO,30-Jul-2020,3900,PE,123.05,124,110.65,114.65,114.65,83,666.9,6600,3000,06-JUL-2020,
OPTSTK,ULTRACEMCO,30-Jul-2020,3950,PE,140.05,140.15,140.05,140.1,140.1,2,16.36,600,400,06-JUL-2020,
OPTSTK,ULTRACEMCO,30-Jul-2020,4000,PE,0,0,0,185.45,186.6,0,0,1800,0,06-JUL-2020,
OPTSTK,ULTRACEMCO,30-Jul-2020,4050,PE,0,0,0,539.3,216.65,0,0,0,0,06-JUL-2020,
OPTSTK,ULTRACEMCO,30-Jul-2020,4100,PE,0,0,0,818.2,249.05,0,0,0,0,06-JUL-2020,
OPTSTK,ULTRACEMCO,30-Jul-2020,4150,PE,0,0,0,603.35,283.65,0,0,0,0,06-JUL-2020,
OPTSTK,ULTRACEMCO,30-Jul-2020,4200,PE,0,0,0,383.4,320.35,0,0,200,0,06-JUL-2020,
OPTSTK,ULTRACEMCO,30-Jul-2020,4250,PE,0,0,0,371.65,358.95,0,0,400,0,06-JUL-2020,
OPTSTK,ULTRACEMCO,30-Jul-2020,4300,PE,0,0,0,402.95,399.2,0,0,400,0,06-JUL-2020,
OPTSTK,ULTRACEMCO,30-Jul-2020,4350,PE,0,0,0,539.1,441,0,0,400,0,06-JUL-2020,
OPTSTK,ULTRACEMCO,30-Jul-2020,4400,PE,0,0,0,1039.8,484.15,0,0,0,0,06-JUL-2020,
OPTSTK,ULTRACEMCO,30-Jul-2020,4450,PE,0,0,0,813.9,528.45,0,0,0,0,06-JUL-2020,
OPTSTK,ULTRACEMCO,30-Jul-2020,4500,PE,0,0,0,1117.7,573.8,0,0,0,0,06-JUL-2020,
OPTSTK,ULTRACEMCO,30-Jul-2020,4550,PE,0,0,0,889.5,619.95,0,0,0,0,06-JUL-2020,
OPTSTK,ULTRACEMCO,30-Jul-2020,4600,PE,0,0,0,1197.35,666.8,0,0,0,0,06-JUL-2020,
OPTSTK,ULTRACEMCO,30-Jul-2020,4650,PE,0,0,0,967.5,714.3,0,0,0,0,06-JUL-2020,
OPTSTK,ULTRACEMCO,30-Jul-2020,4700,PE,0,0,0,1278.65,762.25,0,0,0,0,06-JUL-2020,
OPTSTK,ULTRACEMCO,30-Jul-2020,4750,PE,0,0,0,1047.65,810.65,0,0,0,0,06-JUL-2020,
OPTSTK,ULTRACEMCO,30-Jul-2020,4800,PE,0,0,0,1361.35,859.35,0,0,0,0,06-JUL-2020,
OPTSTK,ULTRACEMCO,27-Aug-2020,2600,CE,0,0,0,1299.45,1346.9,0,0,0,0,06-JUL-2020,
OPTSTK,ULTRACEMCO,27-Aug-2020,2650,CE,0,0,0,1257.95,1297.35,0,0,0,0,06-JUL-2020,
OPTSTK,ULTRACEMCO,27-Aug-2020,2700,CE,0,0,0,1217.15,1247.9,0,0,0,0,06-JUL-2020,
OPTSTK,ULTRACEMCO,27-Aug-2020,2750,CE,0,0,0,1177.05,1198.5,0,0,0,0,06-JUL-2020,
OPTSTK,ULTRACEMCO,27-Aug-2020,2800,CE,0,0,0,1137.7,1149.25,0,0,0,0,06-JUL-2020,
OPTSTK,ULTRACEMCO,27-Aug-2020,2850,CE,0,0,0,1099.15,1100.2,0,0,0,0,06-JUL-2020,
OPTSTK,ULTRACEMCO,27-Aug-2020,2900,CE,0,0,0,1061.35,1051.35,0,0,0,0,06-JUL-2020,
OPTSTK,ULTRACEMCO,27-Aug-2020,2950,CE,0,0,0,1024.5,1002.75,0,0,0,0,06-JUL-2020,
OPTSTK,ULTRACEMCO,27-Aug-2020,3000,CE,0,0,0,988.3,954.55,0,0,0,0,06-JUL-2020,
OPTSTK,ULTRACEMCO,27-Aug-2020,3050,CE,0,0,0,952.95,906.75,0,0,0,0,06-JUL-2020,
OPTSTK,ULTRACEMCO,27-Aug-2020,3100,CE,0,0,0,918.45,859.45,0,0,0,0,06-JUL-2020,
OPTSTK,ULTRACEMCO,27-Aug-2020,3150,CE,0,0,0,884.75,812.8,0,0,0,0,06-JUL-2020,
OPTSTK,ULTRACEMCO,27-Aug-2020,3200,CE,0,0,0,851.95,766.85,0,0,0,0,06-JUL-2020,
OPTSTK,ULTRACEMCO,27-Aug-2020,3250,CE,0,0,0,820,721.7,0,0,0,0,06-JUL-2020,
OPTSTK,ULTRACEMCO,27-Aug-2020,3300,CE,0,0,0,788.8,677.5,0,0,0,0,06-JUL-2020,
OPTSTK,ULTRACEMCO,27-Aug-2020,3350,CE,0,0,0,758.6,634.3,0,0,0,0,06-JUL-2020,
OPTSTK,ULTRACEMCO,27-Aug-2020,3400,CE,0,0,0,729.25,592.3,0,0,0,0,06-JUL-2020,
OPTSTK,ULTRACEMCO,27-Aug-2020,3450,CE,0,0,0,700.8,551.5,0,0,0,0,06-JUL-2020,
OPTSTK,ULTRACEMCO,27-Aug-2020,3500,CE,0,0,0,673.15,512.1,0,0,0,0,06-JUL-2020,
OPTSTK,ULTRACEMCO,27-Aug-2020,3550,CE,0,0,0,646.4,474.15,0,0,0,0,06-JUL-2020,
OPTSTK,ULTRACEMCO,27-Aug-2020,3600,CE,0,0,0,620.45,437.7,0,0,0,0,06-JUL-2020,
OPTSTK,ULTRACEMCO,27-Aug-2020,3650,CE,0,0,0,595.3,402.9,0,0,0,0,06-JUL-2020,
OPTSTK,ULTRACEMCO,27-Aug-2020,3700,CE,0,0,0,333.65,369.75,0,0,200,0,06-JUL-2020,
OPTSTK,ULTRACEMCO,27-Aug-2020,3750,CE,0,0,0,547.5,338.3,0,0,0,0,06-JUL-2020,
OPTSTK,ULTRACEMCO,27-Aug-2020,3800,CE,0,0,0,524.8,308.6,0,0,0,0,06-JUL-2020,
OPTSTK,ULTRACEMCO,27-Aug-2020,3850,CE,0,0,0,502.85,280.65,0,0,0,0,06-JUL-2020,
OPTSTK,ULTRACEMCO,27-Aug-2020,3900,CE,0,0,0,481.7,254.45,0,0,0,0,06-JUL-2020,
OPTSTK,ULTRACEMCO,27-Aug-2020,3950,CE,0,0,0,461.3,230,0,0,0,0,06-JUL-2020,
OPTSTK,ULTRACEMCO,27-Aug-2020,4000,CE,0,0,0,191.4,207.3,0,0,5200,0,06-JUL-2020,
OPTSTK,ULTRACEMCO,27-Aug-2020,4050,CE,0,0,0,422.65,186.25,0,0,0,0,06-JUL-2020,
OPTSTK,ULTRACEMCO,27-Aug-2020,4100,CE,0,0,0,404.35,166.85,0,0,0,0,06-JUL-2020,
OPTSTK,ULTRACEMCO,27-Aug-2020,4150,CE,0,0,0,386.8,149.05,0,0,0,0,06-JUL-2020,
OPTSTK,ULTRACEMCO,27-Aug-2020,4200,CE,0,0,0,369.85,132.75,0,0,0,0,06-JUL-2020,
OPTSTK,ULTRACEMCO,27-Aug-2020,4250,CE,0,0,0,353.6,117.85,0,0,0,0,06-JUL-2020,
OPTSTK,ULTRACEMCO,27-Aug-2020,4300,CE,0,0,0,337.95,104.35,0,0,0,0,06-JUL-2020,
OPTSTK,ULTRACEMCO,27-Aug-2020,4350,CE,0,0,0,322.95,92.15,0,0,0,0,06-JUL-2020,
OPTSTK,ULTRACEMCO,27-Aug-2020,4400,CE,0,0,0,308.5,81.15,0,0,0,0,06-JUL-2020,
OPTSTK,ULTRACEMCO,27-Aug-2020,4450,CE,0,0,0,294.65,71.25,0,0,0,0,06-JUL-2020,
OPTSTK,ULTRACEMCO,27-Aug-2020,4500,CE,0,0,0,281.35,62.4,0,0,0,0,06-JUL-2020,
OPTSTK,ULTRACEMCO,27-Aug-2020,4550,CE,0,0,0,268.8,54.5,0,0,0,0,06-JUL-2020,
OPTSTK,ULTRACEMCO,27-Aug-2020,4600,CE,0,0,0,256.6,47.5,0,0,0,0,06-JUL-2020,
OPTSTK,ULTRACEMCO,27-Aug-2020,4650,CE,0,0,0,244.9,41.25,0,0,0,0,06-JUL-2020,
OPTSTK,ULTRACEMCO,27-Aug-2020,4700,CE,0,0,0,233.7,35.75,0,0,0,0,06-JUL-2020,
OPTSTK,ULTRACEMCO,27-Aug-2020,4750,CE,0,0,0,222.95,30.95,0,0,0,0,06-JUL-2020,
OPTSTK,ULTRACEMCO,27-Aug-2020,4800,CE,0,0,0,212.7,26.7,0,0,0,0,06-JUL-2020,
OPTSTK,ULTRACEMCO,27-Aug-2020,2600,PE,0,0,0,58.7,0.25,0,0,0,0,06-JUL-2020,
OPTSTK,ULTRACEMCO,27-Aug-2020,2650,PE,0,0,0,66.55,0.4,0,0,0,0,06-JUL-2020,
OPTSTK,ULTRACEMCO,27-Aug-2020,2700,PE,0,0,0,75.15,0.65,0,0,0,0,06-JUL-2020,
OPTSTK,ULTRACEMCO,27-Aug-2020,2750,PE,0,0,0,84.45,0.95,0,0,0,0,06-JUL-2020,
OPTSTK,ULTRACEMCO,27-Aug-2020,2800,PE,0,0,0,94.5,1.4,0,0,0,0,06-JUL-2020,
OPTSTK,ULTRACEMCO,27-Aug-2020,2850,PE,0,0,0,105.35,2.05,0,0,0,0,06-JUL-2020,
OPTSTK,ULTRACEMCO,27-Aug-2020,2900,PE,0,0,0,116.95,2.85,0,0,0,0,06-JUL-2020,
OPTSTK,ULTRACEMCO,27-Aug-2020,2950,PE,0,0,0,129.45,4,0,0,0,0,06-JUL-2020,
OPTSTK,ULTRACEMCO,27-Aug-2020,3000,PE,0,0,0,142.65,5.45,0,0,0,0,06-JUL-2020,
OPTSTK,ULTRACEMCO,27-Aug-2020,3050,PE,0,0,0,156.7,7.4,0,0,0,0,06-JUL-2020,
OPTSTK,ULTRACEMCO,27-Aug-2020,3100,PE,0,0,0,171.6,9.8,0,0,0,0,06-JUL-2020,
OPTSTK,ULTRACEMCO,27-Aug-2020,3150,PE,0,0,0,187.3,12.85,0,0,0,0,06-JUL-2020,
OPTSTK,ULTRACEMCO,27-Aug-2020,3200,PE,0,0,0,203.9,16.55,0,0,0,0,06-JUL-2020,
OPTSTK,ULTRACEMCO,27-Aug-2020,3250,PE,0,0,0,221.35,21.15,0,0,0,0,06-JUL-2020,
OPTSTK,ULTRACEMCO,27-Aug-2020,3300,PE,0,0,0,239.55,26.6,0,0,0,0,06-JUL-2020,
OPTSTK,ULTRACEMCO,27-Aug-2020,3350,PE,0,0,0,258.75,33.15,0,0,0,0,06-JUL-2020,
OPTSTK,ULTRACEMCO,27-Aug-2020,3400,PE,0,0,0,40,40.8,0,0,200,0,06-JUL-2020,
OPTSTK,ULTRACEMCO,27-Aug-2020,3450,PE,0,0,0,299.7,49.75,0,0,0,0,06-JUL-2020,
OPTSTK,ULTRACEMCO,27-Aug-2020,3500,PE,0,0,0,321.45,60.05,0,0,0,0,06-JUL-2020,
OPTSTK,ULTRACEMCO,27-Aug-2020,3550,PE,0,0,0,344.1,71.75,0,0,0,0,06-JUL-2020,
OPTSTK,ULTRACEMCO,27-Aug-2020,3600,PE,0,0,0,367.5,85.05,0,0,0,0,06-JUL-2020,
OPTSTK,ULTRACEMCO,27-Aug-2020,3650,PE,0,0,0,391.8,99.9,0,0,0,0,06-JUL-2020,
OPTSTK,ULTRACEMCO,27-Aug-2020,3700,PE,0,0,0,173.7,116.45,0,0,200,0,06-JUL-2020,
OPTSTK,ULTRACEMCO,27-Aug-2020,3750,PE,0,0,0,442.75,134.7,0,0,0,0,06-JUL-2020,
OPTSTK,ULTRACEMCO,27-Aug-2020,3800,PE,0,0,0,469.45,154.7,0,0,0,0,06-JUL-2020,
OPTSTK,ULTRACEMCO,27-Aug-2020,3850,PE,0,0,0,496.9,176.45,0,0,0,0,06-JUL-2020,
OPTSTK,ULTRACEMCO,27-Aug-2020,3900,PE,0,0,0,525.15,199.95,0,0,0,0,06-JUL-2020,
OPTSTK,ULTRACEMCO,27-Aug-2020,3950,PE,0,0,0,554.1,225.2,0,0,0,0,06-JUL-2020,
OPTSTK,ULTRACEMCO,27-Aug-2020,4000,PE,0,0,0,583.85,252.2,0,0,0,0,06-JUL-2020,
OPTSTK,ULTRACEMCO,27-Aug-2020,4050,PE,0,0,0,614.25,280.85,0,0,0,0,06-JUL-2020,
OPTSTK,ULTRACEMCO,27-Aug-2020,4100,PE,0,0,0,645.4,311.15,0,0,0,0,06-JUL-2020,
OPTSTK,ULTRACEMCO,27-Aug-2020,4150,PE,0,0,0,677.2,343.05,0,0,0,0,06-JUL-2020,
OPTSTK,ULTRACEMCO,27-Aug-2020,4200,PE,0,0,0,709.65,376.45,0,0,0,0,06-JUL-2020,
OPTSTK,ULTRACEMCO,27-Aug-2020,4250,PE,0,0,0,742.8,411.25,0,0,0,0,06-JUL-2020,
OPTSTK,ULTRACEMCO,27-Aug-2020,4300,PE,0,0,0,776.55,447.45,0,0,0,0,06-JUL-2020,
OPTSTK,ULTRACEMCO,27-Aug-2020,4350,PE,0,0,0,810.9,484.95,0,0,0,0,06-JUL-2020,
OPTSTK,ULTRACEMCO,27-Aug-2020,4400,PE,0,0,0,845.9,523.65,0,0,0,0,06-JUL-2020,
OPTSTK,ULTRACEMCO,27-Aug-2020,4450,PE,0,0,0,881.4,563.45,0,0,0,0,06-JUL-2020,
OPTSTK,ULTRACEMCO,27-Aug-2020,4500,PE,0,0,0,917.5,604.3,0,0,0,0,06-JUL-2020,
OPTSTK,ULTRACEMCO,27-Aug-2020,4550,PE,0,0,0,954.35,646.1,0,0,0,0,06-JUL-2020,
OPTSTK,ULTRACEMCO,27-Aug-2020,4600,PE,0,0,0,991.55,688.8,0,0,0,0,06-JUL-2020,
OPTSTK,ULTRACEMCO,27-Aug-2020,4650,PE,0,0,0,1029.25,732.25,0,0,0,0,06-JUL-2020,
OPTSTK,ULTRACEMCO,27-Aug-2020,4700,PE,0,0,0,1067.45,776.45,0,0,0,0,06-JUL-2020,
OPTSTK,ULTRACEMCO,27-Aug-2020,4750,PE,0,0,0,1106.1,821.3,0,0,0,0,06-JUL-2020,
OPTSTK,ULTRACEMCO,27-Aug-2020,4800,PE,0,0,0,1145.2,866.75,0,0,0,0,06-JUL-2020,
OPTSTK,ULTRACEMCO,24-Sep-2020,2600,CE,0,0,0,1252.35,1356.9,0,0,0,0,06-JUL-2020,
OPTSTK,ULTRACEMCO,24-Sep-2020,2650,CE,0,0,0,1206.95,1308.05,0,0,0,0,06-JUL-2020,
OPTSTK,ULTRACEMCO,24-Sep-2020,2700,CE,0,0,0,1162.1,1259.4,0,0,0,0,06-JUL-2020,
OPTSTK,ULTRACEMCO,24-Sep-2020,2750,CE,0,0,0,1117.9,1211,0,0,0,0,06-JUL-2020,
OPTSTK,ULTRACEMCO,24-Sep-2020,2800,CE,0,0,0,1074.4,1162.9,0,0,0,0,06-JUL-2020,
OPTSTK,ULTRACEMCO,24-Sep-2020,2850,CE,0,0,0,1031.65,1115.2,0,0,0,0,06-JUL-2020,
OPTSTK,ULTRACEMCO,24-Sep-2020,2900,CE,0,0,0,989.65,1067.9,0,0,0,0,06-JUL-2020,
OPTSTK,ULTRACEMCO,24-Sep-2020,2950,CE,0,0,0,948.45,1021.05,0,0,0,0,06-JUL-2020,
OPTSTK,ULTRACEMCO,24-Sep-2020,3000,CE,0,0,0,908.15,974.8,0,0,0,0,06-JUL-2020,
OPTSTK,ULTRACEMCO,24-Sep-2020,3050,CE,0,0,0,868.7,929.15,0,0,0,0,06-JUL-2020,
OPTSTK,ULTRACEMCO,24-Sep-2020,3100,CE,0,0,0,830.2,884.2,0,0,0,0,06-JUL-2020,
OPTSTK,ULTRACEMCO,24-Sep-2020,3150,CE,0,0,0,792.7,840.05,0,0,0,0,06-JUL-2020,
OPTSTK,ULTRACEMCO,24-Sep-2020,3200,CE,0,0,0,756.25,796.75,0,0,0,0,06-JUL-2020,
OPTSTK,ULTRACEMCO,24-Sep-2020,3250,CE,0,0,0,720.7,754.4,0,0,0,0,06-JUL-2020,
OPTSTK,ULTRACEMCO,24-Sep-2020,3300,CE,0,0,0,686.2,713.05,0,0,0,0,06-JUL-2020,
OPTSTK,ULTRACEMCO,24-Sep-2020,3350,CE,0,0,0,652.8,672.75,0,0,0,0,06-JUL-2020,
OPTSTK,ULTRACEMCO,24-Sep-2020,3400,CE,0,0,0,620.3,633.6,0,0,0,0,06-JUL-2020,
OPTSTK,ULTRACEMCO,24-Sep-2020,3450,CE,0,0,0,589,595.65,0,0,0,0,06-JUL-2020,
OPTSTK,ULTRACEMCO,24-Sep-2020,3500,CE,0,0,0,558.85,558.95,0,0,0,0,06-JUL-2020,
OPTSTK,ULTRACEMCO,24-Sep-2020,3550,CE,0,0,0,529.8,523.6,0,0,0,0,06-JUL-2020,
OPTSTK,ULTRACEMCO,24-Sep-2020,3600,CE,0,0,0,501.8,489.55,0,0,0,0,06-JUL-2020,
OPTSTK,ULTRACEMCO,24-Sep-2020,3650,CE,0,0,0,474.85,456.9,0,0,0,0,06-JUL-2020,
OPTSTK,ULTRACEMCO,24-Sep-2020,3700,CE,0,0,0,449.05,425.6,0,0,0,0,06-JUL-2020,
OPTSTK,ULTRACEMCO,24-Sep-2020,3750,CE,0,0,0,424.25,395.75,0,0,0,0,06-JUL-2020,
OPTSTK,ULTRACEMCO,24-Sep-2020,3800,CE,0,0,0,400.5,367.35,0,0,0,0,06-JUL-2020,
OPTSTK,ULTRACEMCO,24-Sep-2020,3850,CE,0,0,0,377.8,340.35,0,0,0,0,06-JUL-2020,
OPTSTK,ULTRACEMCO,24-Sep-2020,3900,CE,0,0,0,356.15,314.75,0,0,0,0,06-JUL-2020,
OPTSTK,ULTRACEMCO,24-Sep-2020,3950,CE,0,0,0,335.45,290.6,0,0,0,0,06-JUL-2020,
OPTSTK,ULTRACEMCO,24-Sep-2020,4000,CE,0,0,0,315.75,267.8,0,0,0,0,06-JUL-2020,
OPTSTK,ULTRACEMCO,24-Sep-2020,4050,CE,0,0,0,296.95,246.35,0,0,0,0,06-JUL-2020,
OPTSTK,ULTRACEMCO,24-Sep-2020,4100,CE,0,0,0,279.1,226.25,0,0,0,0,06-JUL-2020,
OPTSTK,ULTRACEMCO,24-Sep-2020,4150,CE,0,0,0,262.15,207.45,0,0,0,0,06-JUL-2020,
OPTSTK,ULTRACEMCO,24-Sep-2020,4200,CE,0,0,0,246.05,189.85,0,0,0,0,06-JUL-2020,
OPTSTK,ULTRACEMCO,24-Sep-2020,4250,CE,0,0,0,230.8,173.5,0,0,0,0,06-JUL-2020,
OPTSTK,ULTRACEMCO,24-Sep-2020,4300,CE,0,0,0,216.35,158.25,0,0,0,0,06-JUL-2020,
OPTSTK,ULTRACEMCO,24-Sep-2020,4350,CE,0,0,0,202.65,144.15,0,0,0,0,06-JUL-2020,
OPTSTK,ULTRACEMCO,24-Sep-2020,4400,CE,0,0,0,189.75,131.1,0,0,0,0,06-JUL-2020,
OPTSTK,ULTRACEMCO,24-Sep-2020,4450,CE,0,0,0,177.75,119.05,0,0,0,0,06-JUL-2020,
OPTSTK,ULTRACEMCO,24-Sep-2020,4500,CE,0,0,0,166.25,107.9,0,0,0,0,06-JUL-2020,
OPTSTK,ULTRACEMCO,24-Sep-2020,4550,CE,0,0,0,155.4,97.7,0,0,0,0,06-JUL-2020,
OPTSTK,ULTRACEMCO,24-Sep-2020,4600,CE,0,0,0,145.2,88.3,0,0,0,0,06-JUL-2020,
OPTSTK,ULTRACEMCO,24-Sep-2020,4650,CE,0,0,0,135.6,79.7,0,0,0,0,06-JUL-2020,
OPTSTK,ULTRACEMCO,24-Sep-2020,4700,CE,0,0,0,126.45,71.85,0,0,0,0,06-JUL-2020,
OPTSTK,ULTRACEMCO,24-Sep-2020,4750,CE,0,0,0,117.95,64.65,0,0,0,0,06-JUL-2020,
OPTSTK,ULTRACEMCO,24-Sep-2020,4800,CE,0,0,0,109.95,58.15,0,0,0,0,06-JUL-2020,
OPTSTK,ULTRACEMCO,24-Sep-2020,2600,PE,0,0,0,19.85,1.85,0,0,0,0,06-JUL-2020,
OPTSTK,ULTRACEMCO,24-Sep-2020,2650,PE,0,0,0,23.85,2.5,0,0,0,0,06-JUL-2020,
OPTSTK,ULTRACEMCO,24-Sep-2020,2700,PE,0,0,0,28.45,3.4,0,0,0,0,06-JUL-2020,
OPTSTK,ULTRACEMCO,24-Sep-2020,2750,PE,0,0,0,33.65,4.55,0,0,0,0,06-JUL-2020,
OPTSTK,ULTRACEMCO,24-Sep-2020,2800,PE,0,0,0,39.6,6,0,0,0,0,06-JUL-2020,
OPTSTK,ULTRACEMCO,24-Sep-2020,2850,PE,0,0,0,46.25,7.8,0,0,0,0,06-JUL-2020,
OPTSTK,ULTRACEMCO,24-Sep-2020,2900,PE,0,0,0,53.65,10.05,0,0,0,0,06-JUL-2020,
OPTSTK,ULTRACEMCO,24-Sep-2020,2950,PE,0,0,0,61.9,12.75,0,0,0,0,06-JUL-2020,
OPTSTK,ULTRACEMCO,24-Sep-2020,3000,PE,0,0,0,71,16,0,0,0,0,06-JUL-2020,
OPTSTK,ULTRACEMCO,24-Sep-2020,3050,PE,0,0,0,81,19.9,0,0,0,0,06-JUL-2020,
OPTSTK,ULTRACEMCO,24-Sep-2020,3100,PE,0,0,0,91.9,24.5,0,0,0,0,06-JUL-2020,
OPTSTK,ULTRACEMCO,24-Sep-2020,3150,PE,0,0,0,103.8,29.9,0,0,0,0,06-JUL-2020,
OPTSTK,ULTRACEMCO,24-Sep-2020,3200,PE,0,0,0,116.8,36.15,0,0,0,0,06-JUL-2020,
OPTSTK,ULTRACEMCO,24-Sep-2020,3250,PE,0,0,0,130.65,43.3,0,0,0,0,06-JUL-2020,
OPTSTK,ULTRACEMCO,24-Sep-2020,3300,PE,0,0,0,145.6,51.5,0,0,0,0,06-JUL-2020,
OPTSTK,ULTRACEMCO,24-Sep-2020,3350,PE,0,0,0,161.55,60.75,0,0,0,0,06-JUL-2020,
OPTSTK,ULTRACEMCO,24-Sep-2020,3400,PE,0,0,0,178.5,71.15,0,0,0,0,06-JUL-2020,
OPTSTK,ULTRACEMCO,24-Sep-2020,3450,PE,0,0,0,196.65,82.7,0,0,0,0,06-JUL-2020,
OPTSTK,ULTRACEMCO,24-Sep-2020,3500,PE,0,0,0,215.9,95.55,0,0,0,0,06-JUL-2020,
OPTSTK,ULTRACEMCO,24-Sep-2020,3550,PE,0,0,0,236.25,109.7,0,0,0,0,06-JUL-2020,
OPTSTK,ULTRACEMCO,24-Sep-2020,3600,PE,0,0,0,257.65,125.2,0,0,0,0,06-JUL-2020,
OPTSTK,ULTRACEMCO,24-Sep-2020,3650,PE,0,0,0,280.2,142.1,0,0,0,0,06-JUL-2020,
OPTSTK,ULTRACEMCO,24-Sep-2020,3700,PE,0,0,0,303.75,160.35,0,0,0,0,06-JUL-2020,
OPTSTK,ULTRACEMCO,24-Sep-2020,3750,PE,0,0,0,328.4,180.05,0,0,0,0,06-JUL-2020,
OPTSTK,ULTRACEMCO,24-Sep-2020,3800,PE,0,0,0,354.1,201.15,0,0,0,0,06-JUL-2020,
OPTSTK,ULTRACEMCO,24-Sep-2020,3850,PE,0,0,0,380.8,223.7,0,0,0,0,06-JUL-2020,
OPTSTK,ULTRACEMCO,24-Sep-2020,3900,PE,0,0,0,408.55,247.65,0,0,0,0,06-JUL-2020,
OPTSTK,ULTRACEMCO,24-Sep-2020,3950,PE,0,0,0,437.3,273,0,0,0,0,06-JUL-2020,
OPTSTK,ULTRACEMCO,24-Sep-2020,4000,PE,0,0,0,467,299.75,0,0,0,0,06-JUL-2020,
OPTSTK,ULTRACEMCO,24-Sep-2020,4050,PE,0,0,0,497.65,327.85,0,0,0,0,06-JUL-2020,
OPTSTK,ULTRACEMCO,24-Sep-2020,4100,PE,0,0,0,529.2,357.3,0,0,0,0,06-JUL-2020,
OPTSTK,ULTRACEMCO,24-Sep-2020,4150,PE,0,0,0,561.65,388,0,0,0,0,06-JUL-2020,
OPTSTK,ULTRACEMCO,24-Sep-2020,4200,PE,0,0,0,594.95,419.95,0,0,0,0,06-JUL-2020,
OPTSTK,ULTRACEMCO,24-Sep-2020,4250,PE,0,0,0,629.15,453.15,0,0,0,0,06-JUL-2020,
OPTSTK,ULTRACEMCO,24-Sep-2020,4300,PE,0,0,0,664.1,487.45,0,0,0,0,06-JUL-2020,
OPTSTK,ULTRACEMCO,24-Sep-2020,4350,PE,0,0,0,699.85,522.85,0,0,0,0,06-JUL-2020,
OPTSTK,ULTRACEMCO,24-Sep-2020,4400,PE,0,0,0,736.35,559.35,0,0,0,0,06-JUL-2020,
OPTSTK,ULTRACEMCO,24-Sep-2020,4450,PE,0,0,0,773.75,596.8,0,0,0,0,06-JUL-2020,
OPTSTK,ULTRACEMCO,24-Sep-2020,4500,PE,0,0,0,811.7,635.25,0,0,0,0,06-JUL-2020,
OPTSTK,ULTRACEMCO,24-Sep-2020,4550,PE,0,0,0,850.3,674.55,0,0,0,0,06-JUL-2020,
OPTSTK,ULTRACEMCO,24-Sep-2020,4600,PE,0,0,0,889.5,714.7,0,0,0,0,06-JUL-2020,
OPTSTK,ULTRACEMCO,24-Sep-2020,4650,PE,0,0,0,929.35,755.65,0,0,0,0,06-JUL-2020,
OPTSTK,ULTRACEMCO,24-Sep-2020,4700,PE,0,0,0,969.55,797.3,0,0,0,0,06-JUL-2020,
OPTSTK,ULTRACEMCO,24-Sep-2020,4750,PE,0,0,0,1010.5,839.7,0,0,0,0,06-JUL-2020,
OPTSTK,ULTRACEMCO,24-Sep-2020,4800,PE,0,0,0,1051.9,882.7,0,0,0,0,06-JUL-2020,
OPTSTK,UPL,30-Jul-2020,240,CE,0,0,0,196.65,217.25,0,0,0,0,06-JUL-2020,
OPTSTK,UPL,30-Jul-2020,250,CE,0,0,0,189.15,207.3,0,0,0,0,06-JUL-2020,
OPTSTK,UPL,30-Jul-2020,260,CE,0,0,0,181.85,197.35,0,0,0,0,06-JUL-2020,
OPTSTK,UPL,30-Jul-2020,270,CE,0,0,0,174.75,187.35,0,0,0,0,06-JUL-2020,
OPTSTK,UPL,30-Jul-2020,280,CE,0,0,0,167.9,177.4,0,0,0,0,06-JUL-2020,
OPTSTK,UPL,30-Jul-2020,290,CE,0,0,0,161.3,167.4,0,0,0,0,06-JUL-2020,
OPTSTK,UPL,30-Jul-2020,300,CE,0,0,0,154.9,157.45,0,0,0,0,06-JUL-2020,
OPTSTK,UPL,30-Jul-2020,310,CE,0,0,0,148.7,147.5,0,0,0,0,06-JUL-2020,
OPTSTK,UPL,30-Jul-2020,320,CE,0,0,0,142.75,137.55,0,0,0,0,06-JUL-2020,
OPTSTK,UPL,30-Jul-2020,330,CE,0,0,0,88.95,127.6,0,0,10400,0,06-JUL-2020,
OPTSTK,UPL,30-Jul-2020,340,CE,0,0,0,75.8,117.7,0,0,3900,0,06-JUL-2020,
OPTSTK,UPL,30-Jul-2020,350,CE,0,0,0,74.85,107.9,0,0,19500,0,06-JUL-2020,
OPTSTK,UPL,30-Jul-2020,360,CE,87,87,87,87,98.2,1,5.81,16900,-1300,06-JUL-2020,
OPTSTK,UPL,30-Jul-2020,370,CE,0,0,0,79.3,88.7,0,0,2600,0,06-JUL-2020,
OPTSTK,UPL,30-Jul-2020,380,CE,0,0,0,51.1,79.4,0,0,9100,0,06-JUL-2020,
OPTSTK,UPL,30-Jul-2020,390,CE,0,0,0,57.4,70.4,0,0,1300,0,06-JUL-2020,
OPTSTK,UPL,30-Jul-2020,400,CE,49.95,60.25,49.95,60.25,61.8,66,389.3,20800,5200,06-JUL-2020,
OPTSTK,UPL,30-Jul-2020,410,CE,46,49.6,46,49.6,53.7,2,11.9,5200,0,06-JUL-2020,
OPTSTK,UPL,30-Jul-2020,420,CE,36.05,44.4,36.05,41.55,41.55,23,137.86,37700,2600,06-JUL-2020,
OPTSTK,UPL,30-Jul-2020,430,CE,32,36.15,31.3,34.7,34.7,14,84.28,46800,-6500,06-JUL-2020,
OPTSTK,UPL,30-Jul-2020,440,CE,23.05,31.25,23.05,28.55,28.55,132,803.06,111800,-53300,06-JUL-2020,
OPTSTK,UPL,30-Jul-2020,450,CE,20.9,25.65,19.2,23.2,23.2,565,3473.04,292500,-221000,06-JUL-2020,
OPTSTK,UPL,30-Jul-2020,460,CE,16,20.7,15.4,18.55,18.55,1479,9206.51,278200,-36400,06-JUL-2020,
OPTSTK,UPL,30-Jul-2020,470,CE,12.8,16.4,12.4,14.6,14.6,458,2887.7,200200,19500,06-JUL-2020,
OPTSTK,UPL,30-Jul-2020,480,CE,10.45,13,9.85,11.55,11.55,418,2672,211900,35100,06-JUL-2020,
OPTSTK,UPL,30-Jul-2020,490,CE,8.55,9.9,8.15,9,9,75,486.79,81900,32500,06-JUL-2020,
OPTSTK,UPL,30-Jul-2020,500,CE,6.05,7.95,5.9,7.15,7.15,388,2558.05,321100,-29900,06-JUL-2020,
OPTSTK,UPL,30-Jul-2020,510,CE,5.45,6.2,5.3,5.3,5.3,22,147.48,18200,9100,06-JUL-2020,
OPTSTK,UPL,30-Jul-2020,520,CE,4.2,5.9,3.95,4.75,5.25,23,156.78,68900,9100,06-JUL-2020,
OPTSTK,UPL,30-Jul-2020,530,CE,3.2,3.45,2.8,3,3.95,9,62.37,31200,6500,06-JUL-2020,
OPTSTK,UPL,30-Jul-2020,540,CE,2.25,2.95,2.25,2.55,2.55,54,380.89,140400,14300,06-JUL-2020,
OPTSTK,UPL,30-Jul-2020,240,PE,0,0,0,13.55,0.05,0,0,0,0,06-JUL-2020,
OPTSTK,UPL,30-Jul-2020,250,PE,0,0,0,15.9,0.05,0,0,0,0,06-JUL-2020,
OPTSTK,UPL,30-Jul-2020,260,PE,0,0,0,18.5,0.05,0,0,0,0,06-JUL-2020,
OPTSTK,UPL,30-Jul-2020,270,PE,0,0,0,21.3,0.05,0,0,0,0,06-JUL-2020,
OPTSTK,UPL,30-Jul-2020,280,PE,0,0,0,24.3,0.05,0,0,0,0,06-JUL-2020,
OPTSTK,UPL,30-Jul-2020,290,PE,0,0,0,27.55,0.05,0,0,0,0,06-JUL-2020,
OPTSTK,UPL,30-Jul-2020,300,PE,0,0,0,1,0.05,0,0,5200,0,06-JUL-2020,
OPTSTK,UPL,30-Jul-2020,310,PE,0,0,0,34.75,0.05,0,0,0,0,06-JUL-2020,
OPTSTK,UPL,30-Jul-2020,320,PE,0,0,0,38.65,0.05,0,0,0,0,06-JUL-2020,
OPTSTK,UPL,30-Jul-2020,330,PE,0,0,0,42.8,0.1,0,0,0,0,06-JUL-2020,
OPTSTK,UPL,30-Jul-2020,340,PE,0,0,0,47.1,0.15,0,0,0,0,06-JUL-2020,
OPTSTK,UPL,30-Jul-2020,350,PE,0.8,0.8,0.8,0.8,0.35,1,4.56,6500,-1300,06-JUL-2020,
OPTSTK,UPL,30-Jul-2020,360,PE,1.45,1.45,0.95,1,1,12,56.33,33800,-2600,06-JUL-2020,
OPTSTK,UPL,30-Jul-2020,370,PE,1.2,1.25,1.2,1.25,1.05,2,9.65,53300,0,06-JUL-2020,
OPTSTK,UPL,30-Jul-2020,380,PE,3.45,3.45,1.7,2.1,2.1,20,99.41,65000,-9100,06-JUL-2020,
OPTSTK,UPL,30-Jul-2020,390,PE,4.85,4.85,3.3,3.3,3.3,5,25.6,28600,-3900,06-JUL-2020,
OPTSTK,UPL,30-Jul-2020,400,PE,6.65,6.65,4,4.6,4.6,140,737.51,123500,-15600,06-JUL-2020,
OPTSTK,UPL,30-Jul-2020,410,PE,8.4,8.4,5.75,6.25,6.25,61,330.38,42900,-15600,06-JUL-2020,
OPTSTK,UPL,30-Jul-2020,420,PE,12.85,12.85,7.7,8.75,8.75,165,920.71,101400,-18200,06-JUL-2020,
OPTSTK,UPL,30-Jul-2020,430,PE,15.05,15.25,10.65,11.95,11.95,122,701.48,133900,3900,06-JUL-2020,
OPTSTK,UPL,30-Jul-2020,440,PE,19.3,19.75,14,15.65,15.65,147,871.29,94900,-24700,06-JUL-2020,
OPTSTK,UPL,30-Jul-2020,450,PE,24,25.1,18.2,20.4,20.4,66,403.81,46800,15600,06-JUL-2020,
OPTSTK,UPL,30-Jul-2020,460,PE,29.2,30.25,24.05,25.85,25.85,20,126.46,29900,3900,06-JUL-2020,
OPTSTK,UPL,30-Jul-2020,470,PE,34.1,34.1,31.7,31.7,30.15,4,26.12,19500,1300,06-JUL-2020,
OPTSTK,UPL,30-Jul-2020,480,PE,38.8,38.8,36.45,36.45,36.5,3,20.2,14300,1300,06-JUL-2020,
OPTSTK,UPL,30-Jul-2020,490,PE,0,0,0,81.75,43.45,0,0,10400,0,06-JUL-2020,
OPTSTK,UPL,30-Jul-2020,500,PE,0,0,0,63.85,50.9,0,0,13000,0,06-JUL-2020,
OPTSTK,UPL,30-Jul-2020,510,PE,0,0,0,148.15,58.85,0,0,0,0,06-JUL-2020,
OPTSTK,UPL,30-Jul-2020,520,PE,0,0,0,108.7,67.2,0,0,10400,0,06-JUL-2020,
OPTSTK,UPL,30-Jul-2020,530,PE,0,0,0,162.75,75.9,0,0,0,0,06-JUL-2020,
OPTSTK,UPL,30-Jul-2020,540,PE,0,0,0,170.25,84.85,0,0,0,0,06-JUL-2020,
OPTSTK,UPL,27-Aug-2020,240,CE,0,0,0,163.85,218.05,0,0,0,0,06-JUL-2020,
OPTSTK,UPL,27-Aug-2020,250,CE,0,0,0,156.05,208.1,0,0,0,0,06-JUL-2020,
OPTSTK,UPL,27-Aug-2020,260,CE,0,0,0,148.45,198.2,0,0,0,0,06-JUL-2020,
OPTSTK,UPL,27-Aug-2020,270,CE,0,0,0,141.2,188.3,0,0,0,0,06-JUL-2020,
OPTSTK,UPL,27-Aug-2020,280,CE,0,0,0,134.15,178.4,0,0,0,0,06-JUL-2020,
OPTSTK,UPL,27-Aug-2020,290,CE,0,0,0,127.4,168.5,0,0,0,0,06-JUL-2020,
OPTSTK,UPL,27-Aug-2020,300,CE,0,0,0,120.9,158.7,0,0,0,0,06-JUL-2020,
OPTSTK,UPL,27-Aug-2020,310,CE,0,0,0,114.65,148.95,0,0,0,0,06-JUL-2020,
OPTSTK,UPL,27-Aug-2020,320,CE,0,0,0,108.65,139.3,0,0,0,0,06-JUL-2020,
OPTSTK,UPL,27-Aug-2020,330,CE,0,0,0,102.95,129.75,0,0,0,0,06-JUL-2020,
OPTSTK,UPL,27-Aug-2020,340,CE,0,0,0,97.5,120.4,0,0,0,0,06-JUL-2020,
OPTSTK,UPL,27-Aug-2020,350,CE,0,0,0,92.3,111.2,0,0,0,0,06-JUL-2020,
OPTSTK,UPL,27-Aug-2020,360,CE,0,0,0,86.05,102.25,0,0,1300,0,06-JUL-2020,
OPTSTK,UPL,27-Aug-2020,370,CE,0,0,0,82.6,93.65,0,0,0,0,06-JUL-2020,
OPTSTK,UPL,27-Aug-2020,380,CE,0,0,0,78.1,85.3,0,0,0,0,06-JUL-2020,
OPTSTK,UPL,27-Aug-2020,390,CE,0,0,0,73.85,77.35,0,0,0,0,06-JUL-2020,
OPTSTK,UPL,27-Aug-2020,400,CE,0,0,0,69.75,69.8,0,0,0,0,06-JUL-2020,
OPTSTK,UPL,27-Aug-2020,410,CE,0,0,0,65.9,62.65,0,0,0,0,06-JUL-2020,
OPTSTK,UPL,27-Aug-2020,420,CE,0,0,0,62.25,56,0,0,0,0,06-JUL-2020,
OPTSTK,UPL,27-Aug-2020,430,CE,0,0,0,58.8,49.8,0,0,0,0,06-JUL-2020,
OPTSTK,UPL,27-Aug-2020,440,CE,0,0,0,35.75,44.05,0,0,1300,0,06-JUL-2020,
OPTSTK,UPL,27-Aug-2020,450,CE,0,0,0,52.45,38.8,0,0,0,0,06-JUL-2020,
OPTSTK,UPL,27-Aug-2020,460,CE,0,0,0,49.5,34,0,0,0,0,06-JUL-2020,
OPTSTK,UPL,27-Aug-2020,470,CE,0,0,0,46.7,29.65,0,0,0,0,06-JUL-2020,
OPTSTK,UPL,27-Aug-2020,480,CE,0,0,0,44.1,25.75,0,0,0,0,06-JUL-2020,
OPTSTK,UPL,27-Aug-2020,490,CE,0,0,0,41.65,22.25,0,0,0,0,06-JUL-2020,
OPTSTK,UPL,27-Aug-2020,500,CE,15,15.4,15,15.4,19.15,5,33.48,5200,3900,06-JUL-2020,
OPTSTK,UPL,27-Aug-2020,510,CE,0,0,0,37.05,16.4,0,0,0,0,06-JUL-2020,
OPTSTK,UPL,27-Aug-2020,520,CE,0,0,0,35,14,0,0,0,0,06-JUL-2020,
OPTSTK,UPL,27-Aug-2020,530,CE,0,0,0,33,11.9,0,0,0,0,06-JUL-2020,
OPTSTK,UPL,27-Aug-2020,540,CE,0,0,0,31.15,10.1,0,0,0,0,06-JUL-2020,
OPTSTK,UPL,27-Aug-2020,240,PE,0,0,0,9.85,0.05,0,0,0,0,06-JUL-2020,
OPTSTK,UPL,27-Aug-2020,250,PE,0,0,0,11.9,0.05,0,0,0,0,06-JUL-2020,
OPTSTK,UPL,27-Aug-2020,260,PE,0,0,0,14.2,0.05,0,0,0,0,06-JUL-2020,
OPTSTK,UPL,27-Aug-2020,270,PE,0,0,0,16.8,0.05,0,0,0,0,06-JUL-2020,
OPTSTK,UPL,27-Aug-2020,280,PE,0,0,0,19.65,0.1,0,0,0,0,06-JUL-2020,
OPTSTK,UPL,27-Aug-2020,290,PE,0,0,0,22.75,0.15,0,0,0,0,06-JUL-2020,
OPTSTK,UPL,27-Aug-2020,300,PE,0,0,0,26.15,0.3,0,0,0,0,06-JUL-2020,
OPTSTK,UPL,27-Aug-2020,310,PE,0,0,0,29.8,0.45,0,0,0,0,06-JUL-2020,
OPTSTK,UPL,27-Aug-2020,320,PE,0,0,0,33.7,0.75,0,0,0,0,06-JUL-2020,
OPTSTK,UPL,27-Aug-2020,330,PE,0,0,0,37.85,1.15,0,0,0,0,06-JUL-2020,
OPTSTK,UPL,27-Aug-2020,340,PE,0,0,0,42.25,1.75,0,0,0,0,06-JUL-2020,
OPTSTK,UPL,27-Aug-2020,350,PE,0,0,0,46.95,2.5,0,0,0,0,06-JUL-2020,
OPTSTK,UPL,27-Aug-2020,360,PE,0,0,0,51.85,3.5,0,0,0,0,06-JUL-2020,
OPTSTK,UPL,27-Aug-2020,370,PE,0,0,0,57,4.8,0,0,0,0,06-JUL-2020,
OPTSTK,UPL,27-Aug-2020,380,PE,0,0,0,62.4,6.4,0,0,0,0,06-JUL-2020,
OPTSTK,UPL,27-Aug-2020,390,PE,0,0,0,68,8.4,0,0,0,0,06-JUL-2020,
OPTSTK,UPL,27-Aug-2020,400,PE,0,0,0,16.35,10.8,0,0,1300,0,06-JUL-2020,
OPTSTK,UPL,27-Aug-2020,410,PE,0,0,0,79.85,13.6,0,0,0,0,06-JUL-2020,
OPTSTK,UPL,27-Aug-2020,420,PE,15,16,14,15.5,15.5,7,39.61,9100,7800,06-JUL-2020,
OPTSTK,UPL,27-Aug-2020,430,PE,0,0,0,92.5,20.6,0,0,0,0,06-JUL-2020,
OPTSTK,UPL,27-Aug-2020,440,PE,0,0,0,99.1,24.8,0,0,0,0,06-JUL-2020,
OPTSTK,UPL,27-Aug-2020,450,PE,0,0,0,105.85,29.45,0,0,0,0,06-JUL-2020,
OPTSTK,UPL,27-Aug-2020,460,PE,0,0,0,112.8,34.6,0,0,0,0,06-JUL-2020,
OPTSTK,UPL,27-Aug-2020,470,PE,0,0,0,119.9,40.2,0,0,0,0,06-JUL-2020,
OPTSTK,UPL,27-Aug-2020,480,PE,0,0,0,127.15,46.25,0,0,0,0,06-JUL-2020,
OPTSTK,UPL,27-Aug-2020,490,PE,0,0,0,134.6,52.7,0,0,0,0,06-JUL-2020,
OPTSTK,UPL,27-Aug-2020,500,PE,0,0,0,142.1,59.5,0,0,0,0,06-JUL-2020,
OPTSTK,UPL,27-Aug-2020,510,PE,0,0,0,149.8,66.7,0,0,0,0,06-JUL-2020,
OPTSTK,UPL,27-Aug-2020,520,PE,0,0,0,157.55,74.25,0,0,0,0,06-JUL-2020,
OPTSTK,UPL,27-Aug-2020,530,PE,0,0,0,165.5,82.1,0,0,0,0,06-JUL-2020,
OPTSTK,UPL,27-Aug-2020,540,PE,0,0,0,173.5,90.2,0,0,0,0,06-JUL-2020,
OPTSTK,UPL,24-Sep-2020,260,CE,0,0,0,188.2,199.2,0,0,0,0,06-JUL-2020,
OPTSTK,UPL,24-Sep-2020,270,CE,0,0,0,179.05,189.4,0,0,0,0,06-JUL-2020,
OPTSTK,UPL,24-Sep-2020,280,CE,0,0,0,170.1,179.7,0,0,0,0,06-JUL-2020,
OPTSTK,UPL,24-Sep-2020,290,CE,0,0,0,161.35,170.05,0,0,0,0,06-JUL-2020,
OPTSTK,UPL,24-Sep-2020,300,CE,0,0,0,152.8,160.5,0,0,0,0,06-JUL-2020,
OPTSTK,UPL,24-Sep-2020,310,CE,0,0,0,144.45,151.1,0,0,0,0,06-JUL-2020,
OPTSTK,UPL,24-Sep-2020,320,CE,0,0,0,136.4,141.8,0,0,0,0,06-JUL-2020,
OPTSTK,UPL,24-Sep-2020,330,CE,0,0,0,128.55,132.75,0,0,0,0,06-JUL-2020,
OPTSTK,UPL,24-Sep-2020,340,CE,0,0,0,121,123.9,0,0,0,0,06-JUL-2020,
OPTSTK,UPL,24-Sep-2020,350,CE,0,0,0,113.75,115.3,0,0,0,0,06-JUL-2020,
OPTSTK,UPL,24-Sep-2020,360,CE,0,0,0,106.75,106.95,0,0,0,0,06-JUL-2020,
OPTSTK,UPL,24-Sep-2020,370,CE,0,0,0,100.05,98.9,0,0,0,0,06-JUL-2020,
OPTSTK,UPL,24-Sep-2020,380,CE,0,0,0,93.65,91.2,0,0,0,0,06-JUL-2020,
OPTSTK,UPL,24-Sep-2020,390,CE,0,0,0,87.55,83.85,0,0,0,0,06-JUL-2020,
OPTSTK,UPL,24-Sep-2020,400,CE,0,0,0,81.75,76.85,0,0,0,0,06-JUL-2020,
OPTSTK,UPL,24-Sep-2020,410,CE,0,0,0,76.25,70.2,0,0,0,0,06-JUL-2020,
OPTSTK,UPL,24-Sep-2020,420,CE,0,0,0,71.05,64,0,0,0,0,06-JUL-2020,
OPTSTK,UPL,24-Sep-2020,430,CE,0,0,0,66.1,58.1,0,0,0,0,06-JUL-2020,
OPTSTK,UPL,24-Sep-2020,440,CE,0,0,0,61.45,52.65,0,0,0,0,06-JUL-2020,
OPTSTK,UPL,24-Sep-2020,450,CE,0,0,0,57.1,47.55,0,0,0,0,06-JUL-2020,
OPTSTK,UPL,24-Sep-2020,460,CE,0,0,0,52.95,42.85,0,0,0,0,06-JUL-2020,
OPTSTK,UPL,24-Sep-2020,470,CE,0,0,0,49.1,38.5,0,0,0,0,06-JUL-2020,
OPTSTK,UPL,24-Sep-2020,480,CE,0,0,0,45.45,34.55,0,0,0,0,06-JUL-2020,
OPTSTK,UPL,24-Sep-2020,490,CE,0,0,0,42.1,30.85,0,0,0,0,06-JUL-2020,
OPTSTK,UPL,24-Sep-2020,500,CE,0,0,0,38.9,27.55,0,0,0,0,06-JUL-2020,
OPTSTK,UPL,24-Sep-2020,510,CE,0,0,0,35.95,24.5,0,0,0,0,06-JUL-2020,
OPTSTK,UPL,24-Sep-2020,520,CE,0,0,0,33.2,21.75,0,0,0,0,06-JUL-2020,
OPTSTK,UPL,24-Sep-2020,530,CE,0,0,0,30.7,19.3,0,0,0,0,06-JUL-2020,
OPTSTK,UPL,24-Sep-2020,540,CE,0,0,0,28.3,17.05,0,0,0,0,06-JUL-2020,
OPTSTK,UPL,24-Sep-2020,260,PE,0,0,0,2.25,0.2,0,0,0,0,06-JUL-2020,
OPTSTK,UPL,24-Sep-2020,270,PE,0,0,0,3.05,0.3,0,0,0,0,06-JUL-2020,
OPTSTK,UPL,24-Sep-2020,280,PE,0,0,0,3.95,0.5,0,0,0,0,06-JUL-2020,
OPTSTK,UPL,24-Sep-2020,290,PE,0,0,0,5.1,0.75,0,0,0,0,06-JUL-2020,
OPTSTK,UPL,24-Sep-2020,300,PE,0,0,0,6.4,1.1,0,0,0,0,06-JUL-2020,
OPTSTK,UPL,24-Sep-2020,310,PE,0,0,0,7.95,1.6,0,0,0,0,06-JUL-2020,
OPTSTK,UPL,24-Sep-2020,320,PE,0,0,0,9.75,2.25,0,0,0,0,06-JUL-2020,
OPTSTK,UPL,24-Sep-2020,330,PE,0,0,0,11.85,3.1,0,0,0,0,06-JUL-2020,
OPTSTK,UPL,24-Sep-2020,340,PE,0,0,0,14.15,4.15,0,0,0,0,06-JUL-2020,
OPTSTK,UPL,24-Sep-2020,350,PE,0,0,0,16.8,5.45,0,0,0,0,06-JUL-2020,
OPTSTK,UPL,24-Sep-2020,360,PE,0,0,0,19.7,7,0,0,0,0,06-JUL-2020,
OPTSTK,UPL,24-Sep-2020,370,PE,0,0,0,22.85,8.9,0,0,0,0,06-JUL-2020,
OPTSTK,UPL,24-Sep-2020,380,PE,0,0,0,26.35,11.1,0,0,0,0,06-JUL-2020,
OPTSTK,UPL,24-Sep-2020,390,PE,0,0,0,30.15,13.65,0,0,0,0,06-JUL-2020,
OPTSTK,UPL,24-Sep-2020,400,PE,0,0,0,34.2,16.55,0,0,0,0,06-JUL-2020,
OPTSTK,UPL,24-Sep-2020,410,PE,0,0,0,38.6,19.8,0,0,0,0,06-JUL-2020,
OPTSTK,UPL,24-Sep-2020,420,PE,0,0,0,43.25,23.5,0,0,0,0,06-JUL-2020,
OPTSTK,UPL,24-Sep-2020,430,PE,0,0,0,48.2,27.55,0,0,0,0,06-JUL-2020,
OPTSTK,UPL,24-Sep-2020,440,PE,0,0,0,53.45,32,0,0,0,0,06-JUL-2020,
OPTSTK,UPL,24-Sep-2020,450,PE,0,0,0,58.95,36.8,0,0,0,0,06-JUL-2020,
OPTSTK,UPL,24-Sep-2020,460,PE,0,0,0,64.7,42,0,0,0,0,06-JUL-2020,
OPTSTK,UPL,24-Sep-2020,470,PE,0,0,0,70.75,47.55,0,0,0,0,06-JUL-2020,
OPTSTK,UPL,24-Sep-2020,480,PE,0,0,0,77,53.5,0,0,0,0,06-JUL-2020,
OPTSTK,UPL,24-Sep-2020,490,PE,0,0,0,83.5,59.75,0,0,0,0,06-JUL-2020,
OPTSTK,UPL,24-Sep-2020,500,PE,0,0,0,90.2,66.3,0,0,0,0,06-JUL-2020,
OPTSTK,UPL,24-Sep-2020,510,PE,0,0,0,97.15,73.2,0,0,0,0,06-JUL-2020,
OPTSTK,UPL,24-Sep-2020,520,PE,0,0,0,104.3,80.35,0,0,0,0,06-JUL-2020,
OPTSTK,UPL,24-Sep-2020,530,PE,0,0,0,111.65,87.75,0,0,0,0,06-JUL-2020,
OPTSTK,UPL,24-Sep-2020,540,PE,0,0,0,119.15,95.45,0,0,0,0,06-JUL-2020,
OPTSTK,VEDL,30-Jul-2020,55,CE,0,0,0,38.45,55.4,0,0,0,0,06-JUL-2020,
OPTSTK,VEDL,30-Jul-2020,57.5,CE,0,0,0,36.6,52.9,0,0,0,0,06-JUL-2020,
OPTSTK,VEDL,30-Jul-2020,60,CE,0,0,0,34.85,50.4,0,0,0,0,06-JUL-2020,
OPTSTK,VEDL,30-Jul-2020,62.5,CE,0,0,0,33.15,47.9,0,0,0,0,06-JUL-2020,
OPTSTK,VEDL,30-Jul-2020,65,CE,0,0,0,31.5,45.45,0,0,0,0,06-JUL-2020,
OPTSTK,VEDL,30-Jul-2020,67.5,CE,0,0,0,29.95,42.95,0,0,0,0,06-JUL-2020,
OPTSTK,VEDL,30-Jul-2020,70,CE,0,0,0,28.45,40.45,0,0,0,0,06-JUL-2020,
OPTSTK,VEDL,30-Jul-2020,72.5,CE,0,0,0,27,37.95,0,0,0,0,06-JUL-2020,
OPTSTK,VEDL,30-Jul-2020,75,CE,0,0,0,25.65,35.45,0,0,0,0,06-JUL-2020,
OPTSTK,VEDL,30-Jul-2020,77.5,CE,0,0,0,24.3,33,0,0,0,0,06-JUL-2020,
OPTSTK,VEDL,30-Jul-2020,80,CE,0,0,0,23.1,30.55,0,0,0,0,06-JUL-2020,
OPTSTK,VEDL,30-Jul-2020,82.5,CE,0,0,0,21.9,28.1,0,0,0,0,06-JUL-2020,
OPTSTK,VEDL,30-Jul-2020,85,CE,0,0,0,20.75,25.65,0,0,0,0,06-JUL-2020,
OPTSTK,VEDL,30-Jul-2020,87.5,CE,0,0,0,19.7,23.3,0,0,0,0,06-JUL-2020,
OPTSTK,VEDL,30-Jul-2020,90,CE,21.55,21.55,21.55,21.55,20.95,1,6.91,167400,0,06-JUL-2020,
OPTSTK,VEDL,30-Jul-2020,92.5,CE,0,0,0,15,18.75,0,0,6200,0,06-JUL-2020,
OPTSTK,VEDL,30-Jul-2020,95,CE,0,0,0,17,16.6,0,0,12400,0,06-JUL-2020,
OPTSTK,VEDL,30-Jul-2020,97.5,CE,0,0,0,15.75,14.55,0,0,6200,0,06-JUL-2020,
OPTSTK,VEDL,30-Jul-2020,100,CE,9.25,12.9,9.25,12.3,12.3,28,193.93,1277200,6200,06-JUL-2020,
OPTSTK,VEDL,30-Jul-2020,102.5,CE,0,0,0,6.45,10.9,0,0,37200,0,06-JUL-2020,
OPTSTK,VEDL,30-Jul-2020,105,CE,6.85,9.5,6.7,8.2,8.2,112,784.53,731600,-179800,06-JUL-2020,
OPTSTK,VEDL,30-Jul-2020,107.5,CE,5,7.85,5,6.7,6.7,93,656.52,390600,-6200,06-JUL-2020,
OPTSTK,VEDL,30-Jul-2020,110,CE,4.1,6.5,4,5.5,5.5,1015,7261.92,7291200,-508400,06-JUL-2020,
OPTSTK,VEDL,30-Jul-2020,112.5,CE,3.6,5.25,3.4,4.45,4.45,126,914.52,483600,-12400,06-JUL-2020,
OPTSTK,VEDL,30-Jul-2020,115,CE,2.7,4.3,2.6,3.5,3.5,732,5379.27,5220400,762600,06-JUL-2020,
OPTSTK,VEDL,30-Jul-2020,117.5,CE,2.05,3.25,2.05,2.55,2.55,90,670.64,316200,74400,06-JUL-2020,
OPTSTK,VEDL,30-Jul-2020,120,CE,1.6,2.6,1.5,2.05,2.05,1002,7582.72,4321400,-68200,06-JUL-2020,
OPTSTK,VEDL,30-Jul-2020,122.5,CE,1.15,1.95,1.15,1.6,1.6,66,507.95,223200,130200,06-JUL-2020,
OPTSTK,VEDL,30-Jul-2020,125,CE,0.9,1.45,0.85,1.1,1.1,681,5324.51,5276200,954800,06-JUL-2020,
OPTSTK,VEDL,30-Jul-2020,127.5,CE,0.95,1.1,0.95,1,1.4,4,31.87,62000,-6200,06-JUL-2020,
OPTSTK,VEDL,30-Jul-2020,130,CE,0.5,0.8,0.45,0.6,0.6,343,2778.07,1587200,334800,06-JUL-2020,
OPTSTK,VEDL,30-Jul-2020,132.5,CE,0.4,0.65,0.25,0.5,0.5,5,41.21,31000,6200,06-JUL-2020,
OPTSTK,VEDL,30-Jul-2020,135,CE,0.35,0.45,0.3,0.35,0.35,51,428.04,421600,31000,06-JUL-2020,
OPTSTK,VEDL,30-Jul-2020,55,PE,0,0,0,0.1,0.05,0,0,37200,0,06-JUL-2020,
OPTSTK,VEDL,30-Jul-2020,57.5,PE,0,0,0,3.85,0.05,0,0,0,0,06-JUL-2020,
OPTSTK,VEDL,30-Jul-2020,60,PE,0,0,0,0.25,0.05,0,0,6200,0,06-JUL-2020,
OPTSTK,VEDL,30-Jul-2020,62.5,PE,0,0,0,5.3,0.05,0,0,0,0,06-JUL-2020,
OPTSTK,VEDL,30-Jul-2020,65,PE,0,0,0,6.15,0.05,0,0,0,0,06-JUL-2020,
OPTSTK,VEDL,30-Jul-2020,67.5,PE,0,0,0,7.05,0.05,0,0,0,0,06-JUL-2020,
OPTSTK,VEDL,30-Jul-2020,70,PE,0,0,0,0.15,0.05,0,0,6200,0,06-JUL-2020,
OPTSTK,VEDL,30-Jul-2020,72.5,PE,0,0,0,9.05,0.05,0,0,0,0,06-JUL-2020,
OPTSTK,VEDL,30-Jul-2020,75,PE,0.1,0.1,0.1,0.1,0.05,1,4.65,6200,6200,06-JUL-2020,
OPTSTK,VEDL,30-Jul-2020,77.5,PE,0,0,0,0.05,0.05,0,0,31000,0,06-JUL-2020,
OPTSTK,VEDL,30-Jul-2020,80,PE,0.3,0.3,0.15,0.15,0.15,2,9.94,148800,6200,06-JUL-2020,
OPTSTK,VEDL,30-Jul-2020,82.5,PE,0,0,0,0.35,0.1,0,0,24800,0,06-JUL-2020,
OPTSTK,VEDL,30-Jul-2020,85,PE,0.35,0.35,0.25,0.25,0.25,25,132.18,1103600,0,06-JUL-2020,
OPTSTK,VEDL,30-Jul-2020,87.5,PE,0.3,0.3,0.3,0.3,0.3,5,27.21,1010600,-31000,06-JUL-2020,
OPTSTK,VEDL,30-Jul-2020,90,PE,0.7,0.7,0.4,0.45,0.45,290,1627.03,3348000,-241800,06-JUL-2020,
OPTSTK,VEDL,30-Jul-2020,92.5,PE,0.8,0.9,0.55,0.6,0.6,50,289.02,657200,-31000,06-JUL-2020,
OPTSTK,VEDL,30-Jul-2020,95,PE,1.4,1.55,0.85,0.95,0.95,228,1359.89,1618200,-6200,06-JUL-2020,
OPTSTK,VEDL,30-Jul-2020,97.5,PE,1.85,1.85,1.2,1.25,1.25,44,269.81,365800,62000,06-JUL-2020,
OPTSTK,VEDL,30-Jul-2020,100,PE,2.6,2.9,1.6,1.75,1.75,317,2004.85,5611000,192200,06-JUL-2020,
OPTSTK,VEDL,30-Jul-2020,102.5,PE,3.45,3.45,2.25,2.3,2.3,35,228.41,235600,18600,06-JUL-2020,
OPTSTK,VEDL,30-Jul-2020,105,PE,4.65,4.65,2.75,3,3,209,1404.89,1314400,0,06-JUL-2020,
OPTSTK,VEDL,30-Jul-2020,107.5,PE,5.55,5.55,3.6,4.05,4.05,76,526.8,353400,55800,06-JUL-2020,
OPTSTK,VEDL,30-Jul-2020,110,PE,6.7,7,4.65,5.05,5.05,255,1824.46,4656200,539400,06-JUL-2020,
OPTSTK,VEDL,30-Jul-2020,112.5,PE,8.1,8.1,6,6.55,6.55,41,302.28,148800,12400,06-JUL-2020,
OPTSTK,VEDL,30-Jul-2020,115,PE,9.35,9.35,7.45,8.2,8.2,42,320.58,248000,74400,06-JUL-2020,
OPTSTK,VEDL,30-Jul-2020,117.5,PE,0,0,0,36.85,10.5,0,0,0,0,06-JUL-2020,
OPTSTK,VEDL,30-Jul-2020,120,PE,12.75,12.75,11,11.8,11.8,7,57.14,967200,0,06-JUL-2020,
OPTSTK,VEDL,30-Jul-2020,122.5,PE,0,0,0,40.7,14.2,0,0,0,0,06-JUL-2020,
OPTSTK,VEDL,30-Jul-2020,125,PE,15,15,15,15,16.2,1,8.68,37200,0,06-JUL-2020,
OPTSTK,VEDL,30-Jul-2020,127.5,PE,0,0,0,41,18.3,0,0,0,0,06-JUL-2020,
OPTSTK,VEDL,30-Jul-2020,130,PE,0,0,0,42,20.5,0,0,0,0,06-JUL-2020,
OPTSTK,VEDL,30-Jul-2020,132.5,PE,0,0,0,42,22.7,0,0,0,0,06-JUL-2020,
OPTSTK,VEDL,30-Jul-2020,135,PE,0,0,0,39,25,0,0,0,0,06-JUL-2020,
OPTSTK,VEDL,27-Aug-2020,55,CE,0,0,0,37.3,55.6,0,0,0,0,06-JUL-2020,
OPTSTK,VEDL,27-Aug-2020,57.5,CE,0,0,0,35.25,53.1,0,0,0,0,06-JUL-2020,
OPTSTK,VEDL,27-Aug-2020,60,CE,0,0,0,33.3,50.6,0,0,0,0,06-JUL-2020,
OPTSTK,VEDL,27-Aug-2020,62.5,CE,0,0,0,31.4,48.15,0,0,0,0,06-JUL-2020,
OPTSTK,VEDL,27-Aug-2020,65,CE,0,0,0,29.6,45.65,0,0,0,0,06-JUL-2020,
OPTSTK,VEDL,27-Aug-2020,67.5,CE,0,0,0,27.85,43.2,0,0,0,0,06-JUL-2020,
OPTSTK,VEDL,27-Aug-2020,70,CE,0,0,0,26.2,40.75,0,0,0,0,06-JUL-2020,
OPTSTK,VEDL,27-Aug-2020,72.5,CE,0,0,0,24.6,38.35,0,0,0,0,06-JUL-2020,
OPTSTK,VEDL,27-Aug-2020,75,CE,0,0,0,23.1,35.95,0,0,0,0,06-JUL-2020,
OPTSTK,VEDL,27-Aug-2020,77.5,CE,0,0,0,21.65,33.55,0,0,0,0,06-JUL-2020,
OPTSTK,VEDL,27-Aug-2020,80,CE,0,0,0,20.3,31.25,0,0,0,0,06-JUL-2020,
OPTSTK,VEDL,27-Aug-2020,82.5,CE,0,0,0,19,28.95,0,0,0,0,06-JUL-2020,
OPTSTK,VEDL,27-Aug-2020,85,CE,0,0,0,17.75,26.75,0,0,0,0,06-JUL-2020,
OPTSTK,VEDL,27-Aug-2020,87.5,CE,0,0,0,16.6,24.6,0,0,0,0,06-JUL-2020,
OPTSTK,VEDL,27-Aug-2020,90,CE,0,0,0,15.55,22.55,0,0,0,0,06-JUL-2020,
OPTSTK,VEDL,27-Aug-2020,92.5,CE,0,0,0,14.5,20.55,0,0,0,0,06-JUL-2020,
OPTSTK,VEDL,27-Aug-2020,95,CE,0,0,0,13.55,18.7,0,0,0,0,06-JUL-2020,
OPTSTK,VEDL,27-Aug-2020,97.5,CE,0,0,0,12.65,16.9,0,0,0,0,06-JUL-2020,
OPTSTK,VEDL,27-Aug-2020,100,CE,0,0,0,11.8,15.25,0,0,0,0,06-JUL-2020,
OPTSTK,VEDL,27-Aug-2020,102.5,CE,0,0,0,11,13.65,0,0,0,0,06-JUL-2020,
OPTSTK,VEDL,27-Aug-2020,105,CE,10.9,10.9,10.9,10.9,12.2,4,28.74,179800,24800,06-JUL-2020,
OPTSTK,VEDL,27-Aug-2020,107.5,CE,0,0,0,9.55,10.9,0,0,0,0,06-JUL-2020,
OPTSTK,VEDL,27-Aug-2020,110,CE,7.5,8.85,7.35,8.35,9.65,11,80.61,37200,-6200,06-JUL-2020,
OPTSTK,VEDL,27-Aug-2020,112.5,CE,0,0,0,8.3,8.5,0,0,0,0,06-JUL-2020,
OPTSTK,VEDL,27-Aug-2020,115,CE,0,0,0,7.75,7.5,0,0,0,0,06-JUL-2020,
OPTSTK,VEDL,27-Aug-2020,117.5,CE,0,0,0,7.2,6.6,0,0,0,0,06-JUL-2020,
OPTSTK,VEDL,27-Aug-2020,120,CE,4.5,4.5,4.25,4.25,4.25,2,15.42,68200,6200,06-JUL-2020,
OPTSTK,VEDL,27-Aug-2020,122.5,CE,0,0,0,6.25,5,0,0,0,0,06-JUL-2020,
OPTSTK,VEDL,27-Aug-2020,125,CE,3.75,3.8,3.75,3.8,4.35,4,31.93,31000,24800,06-JUL-2020,
OPTSTK,VEDL,27-Aug-2020,127.5,CE,0,0,0,5.4,3.75,0,0,0,0,06-JUL-2020,
OPTSTK,VEDL,27-Aug-2020,130,CE,2.1,2.1,2.1,2.1,2.1,1,8.19,49600,6200,06-JUL-2020,
OPTSTK,VEDL,27-Aug-2020,132.5,CE,0,0,0,4.8,2.8,0,0,0,0,06-JUL-2020,
OPTSTK,VEDL,27-Aug-2020,135,CE,0,0,0,3.55,2.4,0,0,0,0,06-JUL-2020,
OPTSTK,VEDL,27-Aug-2020,55,PE,0,0,0,1.7,0.05,0,0,0,0,06-JUL-2020,
OPTSTK,VEDL,27-Aug-2020,57.5,PE,0,0,0,2.15,0.05,0,0,0,0,06-JUL-2020,
OPTSTK,VEDL,27-Aug-2020,60,PE,0,0,0,2.65,0.05,0,0,0,0,06-JUL-2020,
OPTSTK,VEDL,27-Aug-2020,62.5,PE,0,0,0,3.2,0.05,0,0,0,0,06-JUL-2020,
OPTSTK,VEDL,27-Aug-2020,65,PE,0,0,0,3.85,0.05,0,0,0,0,06-JUL-2020,
OPTSTK,VEDL,27-Aug-2020,67.5,PE,0,0,0,4.6,0.05,0,0,0,0,06-JUL-2020,
OPTSTK,VEDL,27-Aug-2020,70,PE,0,0,0,5.4,0.1,0,0,0,0,06-JUL-2020,
OPTSTK,VEDL,27-Aug-2020,72.5,PE,0,0,0,6.25,0.15,0,0,0,0,06-JUL-2020,
OPTSTK,VEDL,27-Aug-2020,75,PE,0,0,0,7.25,0.25,0,0,0,0,06-JUL-2020,
OPTSTK,VEDL,27-Aug-2020,77.5,PE,0,0,0,8.25,0.35,0,0,0,0,06-JUL-2020,
OPTSTK,VEDL,27-Aug-2020,80,PE,0,0,0,9.35,0.5,0,0,0,0,06-JUL-2020,
OPTSTK,VEDL,27-Aug-2020,82.5,PE,0,0,0,10.55,0.7,0,0,0,0,06-JUL-2020,
OPTSTK,VEDL,27-Aug-2020,85,PE,0,0,0,11.8,1,0,0,0,0,06-JUL-2020,
OPTSTK,VEDL,27-Aug-2020,87.5,PE,1,1,1,1,1.35,3,16.46,24800,0,06-JUL-2020,
OPTSTK,VEDL,27-Aug-2020,90,PE,0,0,0,1.95,1.75,0,0,62000,0,06-JUL-2020,
OPTSTK,VEDL,27-Aug-2020,92.5,PE,0,0,0,15.95,2.25,0,0,0,0,06-JUL-2020,
OPTSTK,VEDL,27-Aug-2020,95,PE,0,0,0,17.45,2.85,0,0,0,0,06-JUL-2020,
OPTSTK,VEDL,27-Aug-2020,97.5,PE,0,0,0,19,3.55,0,0,0,0,06-JUL-2020,
OPTSTK,VEDL,27-Aug-2020,100,PE,0,0,0,20.65,4.4,0,0,0,0,06-JUL-2020,
OPTSTK,VEDL,27-Aug-2020,102.5,PE,0,0,0,22.3,5.3,0,0,0,0,06-JUL-2020,
OPTSTK,VEDL,27-Aug-2020,105,PE,0,0,0,24,6.35,0,0,0,0,06-JUL-2020,
OPTSTK,VEDL,27-Aug-2020,107.5,PE,0,0,0,25.8,7.5,0,0,0,0,06-JUL-2020,
OPTSTK,VEDL,27-Aug-2020,110,PE,0,0,0,27.6,8.75,0,0,0,0,06-JUL-2020,
OPTSTK,VEDL,27-Aug-2020,112.5,PE,0,0,0,29.5,10.1,0,0,0,0,06-JUL-2020,
OPTSTK,VEDL,27-Aug-2020,115,PE,0,0,0,31.4,11.55,0,0,0,0,06-JUL-2020,
OPTSTK,VEDL,27-Aug-2020,117.5,PE,0,0,0,33.3,13.1,0,0,0,0,06-JUL-2020,
OPTSTK,VEDL,27-Aug-2020,120,PE,0,0,0,35.3,14.75,0,0,0,0,06-JUL-2020,
OPTSTK,VEDL,27-Aug-2020,122.5,PE,0,0,0,37.3,16.5,0,0,0,0,06-JUL-2020,
OPTSTK,VEDL,27-Aug-2020,125,PE,0,0,0,39.35,18.35,0,0,0,0,06-JUL-2020,
OPTSTK,VEDL,27-Aug-2020,127.5,PE,0,0,0,41.4,20.25,0,0,0,0,06-JUL-2020,
OPTSTK,VEDL,27-Aug-2020,130,PE,0,0,0,43.5,22.2,0,0,0,0,06-JUL-2020,
OPTSTK,VEDL,27-Aug-2020,132.5,PE,0,0,0,43.55,24.25,0,0,0,0,06-JUL-2020,
OPTSTK,VEDL,27-Aug-2020,135,PE,0,0,0,40.1,26.35,0,0,0,0,06-JUL-2020,
OPTSTK,VEDL,24-Sep-2020,67.5,CE,0,0,0,45.45,43.6,0,0,0,0,06-JUL-2020,
OPTSTK,VEDL,24-Sep-2020,70,CE,0,0,0,43.2,41.25,0,0,0,0,06-JUL-2020,
OPTSTK,VEDL,24-Sep-2020,72.5,CE,0,0,0,41.05,38.9,0,0,0,0,06-JUL-2020,
OPTSTK,VEDL,24-Sep-2020,75,CE,0,0,0,38.95,36.6,0,0,0,0,06-JUL-2020,
OPTSTK,VEDL,24-Sep-2020,77.5,CE,0,0,0,36.9,34.35,0,0,0,0,06-JUL-2020,
OPTSTK,VEDL,24-Sep-2020,80,CE,0,0,0,34.9,32.15,0,0,0,0,06-JUL-2020,
OPTSTK,VEDL,24-Sep-2020,82.5,CE,0,0,0,32.95,30.05,0,0,0,0,06-JUL-2020,
OPTSTK,VEDL,24-Sep-2020,85,CE,0,0,0,31.1,28,0,0,0,0,06-JUL-2020,
OPTSTK,VEDL,24-Sep-2020,87.5,CE,0,0,0,29.3,26,0,0,0,0,06-JUL-2020,
OPTSTK,VEDL,24-Sep-2020,90,CE,0,0,0,27.6,24.1,0,0,0,0,06-JUL-2020,
OPTSTK,VEDL,24-Sep-2020,92.5,CE,0,0,0,25.95,22.25,0,0,0,0,06-JUL-2020,
OPTSTK,VEDL,24-Sep-2020,95,CE,0,0,0,24.35,20.55,0,0,0,0,06-JUL-2020,
OPTSTK,VEDL,24-Sep-2020,97.5,CE,0,0,0,22.85,18.9,0,0,0,0,06-JUL-2020,
OPTSTK,VEDL,24-Sep-2020,100,CE,0,0,0,21.4,17.35,0,0,0,0,06-JUL-2020,
OPTSTK,VEDL,24-Sep-2020,102.5,CE,0,0,0,20,15.85,0,0,0,0,06-JUL-2020,
OPTSTK,VEDL,24-Sep-2020,105,CE,0,0,0,18.7,14.5,0,0,0,0,06-JUL-2020,
OPTSTK,VEDL,24-Sep-2020,107.5,CE,0,0,0,17.5,13.2,0,0,0,0,06-JUL-2020,
OPTSTK,VEDL,24-Sep-2020,110,CE,0,0,0,9,12,0,0,31000,0,06-JUL-2020,
OPTSTK,VEDL,24-Sep-2020,112.5,CE,0,0,0,15.2,10.9,0,0,0,0,06-JUL-2020,
OPTSTK,VEDL,24-Sep-2020,115,CE,0,0,0,14.2,9.85,0,0,0,0,06-JUL-2020,
OPTSTK,VEDL,24-Sep-2020,117.5,CE,0,0,0,13.2,8.9,0,0,0,0,06-JUL-2020,
OPTSTK,VEDL,24-Sep-2020,120,CE,0,0,0,12.3,8.05,0,0,0,0,06-JUL-2020,
OPTSTK,VEDL,24-Sep-2020,122.5,CE,0,0,0,11.45,7.25,0,0,0,0,06-JUL-2020,
OPTSTK,VEDL,24-Sep-2020,125,CE,0,0,0,10.6,6.5,0,0,0,0,06-JUL-2020,
OPTSTK,VEDL,24-Sep-2020,127.5,CE,0,0,0,9.85,5.85,0,0,0,0,06-JUL-2020,
OPTSTK,VEDL,24-Sep-2020,130,CE,0,0,0,9.15,5.25,0,0,0,0,06-JUL-2020,
OPTSTK,VEDL,24-Sep-2020,132.5,CE,0,0,0,8.5,4.7,0,0,0,0,06-JUL-2020,
OPTSTK,VEDL,24-Sep-2020,135,CE,0,0,0,7.9,4.2,0,0,0,0,06-JUL-2020,
OPTSTK,VEDL,24-Sep-2020,67.5,PE,0,0,0,0.9,0.25,0,0,0,0,06-JUL-2020,
OPTSTK,VEDL,24-Sep-2020,70,PE,0,0,0,1.15,0.35,0,0,0,0,06-JUL-2020,
OPTSTK,VEDL,24-Sep-2020,72.5,PE,0,0,0,1.45,0.5,0,0,0,0,06-JUL-2020,
OPTSTK,VEDL,24-Sep-2020,75,PE,0,0,0,1.85,0.65,0,0,0,0,06-JUL-2020,
OPTSTK,VEDL,24-Sep-2020,77.5,PE,0,0,0,2.25,0.9,0,0,0,0,06-JUL-2020,
OPTSTK,VEDL,24-Sep-2020,80,PE,0,0,0,2.7,1.2,0,0,0,0,06-JUL-2020,
OPTSTK,VEDL,24-Sep-2020,82.5,PE,0,0,0,3.25,1.55,0,0,0,0,06-JUL-2020,
OPTSTK,VEDL,24-Sep-2020,85,PE,0,0,0,3.85,1.95,0,0,0,0,06-JUL-2020,
OPTSTK,VEDL,24-Sep-2020,87.5,PE,0,0,0,4.55,2.45,0,0,0,0,06-JUL-2020,
OPTSTK,VEDL,24-Sep-2020,90,PE,0,0,0,5.3,3,0,0,0,0,06-JUL-2020,
OPTSTK,VEDL,24-Sep-2020,92.5,PE,0,0,0,6.1,3.65,0,0,0,0,06-JUL-2020,
OPTSTK,VEDL,24-Sep-2020,95,PE,0,0,0,7,4.4,0,0,0,0,06-JUL-2020,
OPTSTK,VEDL,24-Sep-2020,97.5,PE,0,0,0,7.95,5.25,0,0,0,0,06-JUL-2020,
OPTSTK,VEDL,24-Sep-2020,100,PE,0,0,0,9,6.15,0,0,0,0,06-JUL-2020,
OPTSTK,VEDL,24-Sep-2020,102.5,PE,0,0,0,10.1,7.15,0,0,0,0,06-JUL-2020,
OPTSTK,VEDL,24-Sep-2020,105,PE,0,0,0,11.25,8.25,0,0,0,0,06-JUL-2020,
OPTSTK,VEDL,24-Sep-2020,107.5,PE,0,0,0,12.5,9.45,0,0,0,0,06-JUL-2020,
OPTSTK,VEDL,24-Sep-2020,110,PE,0,0,0,13.8,10.75,0,0,0,0,06-JUL-2020,
OPTSTK,VEDL,24-Sep-2020,112.5,PE,0,0,0,15.15,12.1,0,0,0,0,06-JUL-2020,
OPTSTK,VEDL,24-Sep-2020,115,PE,0,0,0,16.6,13.55,0,0,0,0,06-JUL-2020,
OPTSTK,VEDL,24-Sep-2020,117.5,PE,0,0,0,18.1,15.1,0,0,0,0,06-JUL-2020,
OPTSTK,VEDL,24-Sep-2020,120,PE,0,0,0,19.65,16.7,0,0,0,0,06-JUL-2020,
OPTSTK,VEDL,24-Sep-2020,122.5,PE,0,0,0,21.25,18.35,0,0,0,0,06-JUL-2020,
OPTSTK,VEDL,24-Sep-2020,125,PE,0,0,0,22.9,20.1,0,0,0,0,06-JUL-2020,
OPTSTK,VEDL,24-Sep-2020,127.5,PE,0,0,0,24.65,21.9,0,0,0,0,06-JUL-2020,
OPTSTK,VEDL,24-Sep-2020,130,PE,0,0,0,26.4,23.8,0,0,0,0,06-JUL-2020,
OPTSTK,VEDL,24-Sep-2020,132.5,PE,0,0,0,28.2,25.7,0,0,0,0,06-JUL-2020,
OPTSTK,VEDL,24-Sep-2020,135,PE,0,0,0,30.05,27.7,0,0,0,0,06-JUL-2020,
OPTSTK,VOLTAS,30-Jul-2020,340,CE,0,0,0,174,227.45,0,0,0,0,06-JUL-2020,
OPTSTK,VOLTAS,30-Jul-2020,350,CE,0,0,0,165.25,217.5,0,0,0,0,06-JUL-2020,
OPTSTK,VOLTAS,30-Jul-2020,360,CE,0,0,0,156.65,207.5,0,0,0,0,06-JUL-2020,
OPTSTK,VOLTAS,30-Jul-2020,370,CE,0,0,0,148.3,197.55,0,0,0,0,06-JUL-2020,
OPTSTK,VOLTAS,30-Jul-2020,380,CE,0,0,0,140.2,187.55,0,0,0,0,06-JUL-2020,
OPTSTK,VOLTAS,30-Jul-2020,390,CE,0,0,0,132.3,177.6,0,0,0,0,06-JUL-2020,
OPTSTK,VOLTAS,30-Jul-2020,400,CE,0,0,0,124.65,167.6,0,0,0,0,06-JUL-2020,
OPTSTK,VOLTAS,30-Jul-2020,410,CE,0,0,0,117.3,157.65,0,0,0,0,06-JUL-2020,
OPTSTK,VOLTAS,30-Jul-2020,420,CE,0,0,0,110.2,147.7,0,0,0,0,06-JUL-2020,
OPTSTK,VOLTAS,30-Jul-2020,430,CE,0,0,0,103.4,137.75,0,0,0,0,06-JUL-2020,
OPTSTK,VOLTAS,30-Jul-2020,440,CE,0,0,0,96.85,127.8,0,0,0,0,06-JUL-2020,
OPTSTK,VOLTAS,30-Jul-2020,450,CE,0,0,0,90.6,117.9,0,0,0,0,06-JUL-2020,
OPTSTK,VOLTAS,30-Jul-2020,460,CE,0,0,0,84.65,108.05,0,0,0,0,06-JUL-2020,
OPTSTK,VOLTAS,30-Jul-2020,470,CE,0,0,0,79,98.35,0,0,0,0,06-JUL-2020,
OPTSTK,VOLTAS,30-Jul-2020,480,CE,0,0,0,73.6,88.75,0,0,0,0,06-JUL-2020,
OPTSTK,VOLTAS,30-Jul-2020,490,CE,0,0,0,68.5,79.4,0,0,0,0,06-JUL-2020,
OPTSTK,VOLTAS,30-Jul-2020,500,CE,0,0,0,60.2,70.3,0,0,16000,0,06-JUL-2020,
OPTSTK,VOLTAS,30-Jul-2020,510,CE,0,0,0,59.15,61.6,0,0,0,0,06-JUL-2020,
OPTSTK,VOLTAS,30-Jul-2020,520,CE,0,0,0,54.85,53.35,0,0,0,0,06-JUL-2020,
OPTSTK,VOLTAS,30-Jul-2020,530,CE,45.65,45.65,45.65,45.65,45.6,1,5.75,5000,-1000,06-JUL-2020,
OPTSTK,VOLTAS,30-Jul-2020,540,CE,35.5,40,35.5,38.85,38.85,12,69.32,25000,-5000,06-JUL-2020,
OPTSTK,VOLTAS,30-Jul-2020,550,CE,30,34,27.1,31.85,31.85,32,185.77,81000,-13000,06-JUL-2020,
OPTSTK,VOLTAS,30-Jul-2020,560,CE,24.45,27.95,22.2,26.1,26.1,496,2902.23,298000,-100000,06-JUL-2020,
OPTSTK,VOLTAS,30-Jul-2020,570,CE,20.25,22.9,17.9,21.35,21.35,329,1943.33,154000,11000,06-JUL-2020,
OPTSTK,VOLTAS,30-Jul-2020,580,CE,16.1,18.2,14.4,16.95,16.95,401,2391.38,168000,-4000,06-JUL-2020,
OPTSTK,VOLTAS,30-Jul-2020,590,CE,12.5,14.4,11.25,13.1,13.1,180,1085.25,121000,-28000,06-JUL-2020,
OPTSTK,VOLTAS,30-Jul-2020,600,CE,9.7,11.2,8.75,10.35,10.35,425,2592.78,374000,-11000,06-JUL-2020,
OPTSTK,VOLTAS,30-Jul-2020,610,CE,6.6,8.75,6.6,8.1,8.1,56,345.93,48000,-9000,06-JUL-2020,
OPTSTK,VOLTAS,30-Jul-2020,620,CE,6.95,6.95,5.15,6.2,6.2,71,444.46,29000,10000,06-JUL-2020,
OPTSTK,VOLTAS,30-Jul-2020,630,CE,4.95,4.95,4.9,4.9,4.9,2,12.69,4000,0,06-JUL-2020,
OPTSTK,VOLTAS,30-Jul-2020,640,CE,0,0,0,6.6,3.25,0,0,1000,0,06-JUL-2020,
OPTSTK,VOLTAS,30-Jul-2020,650,CE,3,3,2.2,2.8,2.8,84,548.25,106000,-4000,06-JUL-2020,
OPTSTK,VOLTAS,30-Jul-2020,660,CE,0,0,0,2.75,1.65,0,0,3000,0,06-JUL-2020,
OPTSTK,VOLTAS,30-Jul-2020,670,CE,0,0,0,4.9,1.2,0,0,1000,0,06-JUL-2020,
OPTSTK,VOLTAS,30-Jul-2020,680,CE,0,0,0,1.6,0.8,0,0,4000,0,06-JUL-2020,
OPTSTK,VOLTAS,30-Jul-2020,690,CE,0.25,0.25,0.25,0.25,0.25,1,6.9,3000,-1000,06-JUL-2020,
OPTSTK,VOLTAS,30-Jul-2020,700,CE,0,0,0,1.35,0.4,0,0,12000,0,06-JUL-2020,
OPTSTK,VOLTAS,30-Jul-2020,340,PE,0,0,0,1.35,0.05,0,0,3000,0,06-JUL-2020,
OPTSTK,VOLTAS,30-Jul-2020,350,PE,0,0,0,5.4,0.05,0,0,0,0,06-JUL-2020,
OPTSTK,VOLTAS,30-Jul-2020,360,PE,0,0,0,6.7,0.05,0,0,0,0,06-JUL-2020,
OPTSTK,VOLTAS,30-Jul-2020,370,PE,0,0,0,8.25,0.05,0,0,0,0,06-JUL-2020,
OPTSTK,VOLTAS,30-Jul-2020,380,PE,0,0,0,9.95,0.05,0,0,0,0,06-JUL-2020,
OPTSTK,VOLTAS,30-Jul-2020,390,PE,0,0,0,11.95,0.05,0,0,0,0,06-JUL-2020,
OPTSTK,VOLTAS,30-Jul-2020,400,PE,0,0,0,1.5,0.05,0,0,2000,0,06-JUL-2020,
OPTSTK,VOLTAS,30-Jul-2020,410,PE,0,0,0,2.4,0.05,0,0,1000,0,06-JUL-2020,
OPTSTK,VOLTAS,30-Jul-2020,420,PE,0,0,0,19.5,0.05,0,0,0,0,06-JUL-2020,
OPTSTK,VOLTAS,30-Jul-2020,430,PE,0,0,0,22.55,0.05,0,0,0,0,06-JUL-2020,
OPTSTK,VOLTAS,30-Jul-2020,440,PE,0,0,0,25.9,0.05,0,0,0,0,06-JUL-2020,
OPTSTK,VOLTAS,30-Jul-2020,450,PE,0,0,0,1.65,0.15,0,0,125000,0,06-JUL-2020,
OPTSTK,VOLTAS,30-Jul-2020,460,PE,0,0,0,33.4,0.3,0,0,0,0,06-JUL-2020,
OPTSTK,VOLTAS,30-Jul-2020,470,PE,0,0,0,37.65,0.55,0,0,0,0,06-JUL-2020,
OPTSTK,VOLTAS,30-Jul-2020,480,PE,1.75,1.75,1.65,1.65,0.9,2,9.63,16000,0,06-JUL-2020,
OPTSTK,VOLTAS,30-Jul-2020,490,PE,2.5,2.5,2.4,2.4,1.5,2,9.84,16000,-2000,06-JUL-2020,
OPTSTK,VOLTAS,30-Jul-2020,500,PE,3.9,4.35,2.95,3,3,77,387.87,94000,-18000,06-JUL-2020,
OPTSTK,VOLTAS,30-Jul-2020,510,PE,0,0,0,6.2,3.65,0,0,30000,0,06-JUL-2020,
OPTSTK,VOLTAS,30-Jul-2020,520,PE,7.3,8.1,5.55,5.75,5.75,80,421.42,91000,8000,06-JUL-2020,
OPTSTK,VOLTAS,30-Jul-2020,530,PE,9.45,10.85,7.6,7.8,7.8,51,274.86,59000,9000,06-JUL-2020,
OPTSTK,VOLTAS,30-Jul-2020,540,PE,10.3,14.5,10.1,10.5,10.5,70,386.41,93000,-4000,06-JUL-2020,
OPTSTK,VOLTAS,30-Jul-2020,550,PE,16.9,18.2,13.5,14.05,14.05,72,407.24,38000,-6000,06-JUL-2020,
OPTSTK,VOLTAS,30-Jul-2020,560,PE,20.7,23,17.5,18.35,18.35,82,475.32,41000,-1000,06-JUL-2020,
OPTSTK,VOLTAS,30-Jul-2020,570,PE,26.9,28.85,22.75,23.1,23.1,12,71.42,10000,1000,06-JUL-2020,
OPTSTK,VOLTAS,30-Jul-2020,580,PE,29.75,29.75,29.75,29.75,28.9,1,6.09,1000,-1000,06-JUL-2020,
OPTSTK,VOLTAS,30-Jul-2020,590,PE,38.95,38.95,38.9,38.9,35.25,2,12.57,6000,2000,06-JUL-2020,
OPTSTK,VOLTAS,30-Jul-2020,600,PE,0,0,0,52.25,42.2,0,0,4000,0,06-JUL-2020,
OPTSTK,VOLTAS,30-Jul-2020,610,PE,0,0,0,123.55,49.75,0,0,0,0,06-JUL-2020,
OPTSTK,VOLTAS,30-Jul-2020,620,PE,0,0,0,131.3,57.75,0,0,0,0,06-JUL-2020,
OPTSTK,VOLTAS,30-Jul-2020,630,PE,66.75,66.75,66.75,66.75,66.2,2,13.93,1000,-1000,06-JUL-2020,
OPTSTK,VOLTAS,30-Jul-2020,640,PE,73.65,73.65,73.65,73.65,74.95,2,14.27,2000,2000,06-JUL-2020,
OPTSTK,VOLTAS,30-Jul-2020,650,PE,0,0,0,155.35,84.05,0,0,0,0,06-JUL-2020,
OPTSTK,VOLTAS,30-Jul-2020,660,PE,0,0,0,119,93.35,0,0,1000,0,06-JUL-2020,
OPTSTK,VOLTAS,30-Jul-2020,670,PE,0,0,0,172.05,102.8,0,0,0,0,06-JUL-2020,
OPTSTK,VOLTAS,30-Jul-2020,680,PE,0,0,0,180.6,112.4,0,0,0,0,06-JUL-2020,
OPTSTK,VOLTAS,30-Jul-2020,690,PE,0,0,0,189.25,122.15,0,0,0,0,06-JUL-2020,
OPTSTK,VOLTAS,30-Jul-2020,700,PE,0,0,0,197.95,131.95,0,0,0,0,06-JUL-2020,
OPTSTK,VOLTAS,27-Aug-2020,340,CE,0,0,0,157.4,228.55,0,0,0,0,06-JUL-2020,
OPTSTK,VOLTAS,27-Aug-2020,350,CE,0,0,0,149,218.6,0,0,0,0,06-JUL-2020,
OPTSTK,VOLTAS,27-Aug-2020,360,CE,0,0,0,140.85,208.7,0,0,0,0,06-JUL-2020,
OPTSTK,VOLTAS,27-Aug-2020,370,CE,0,0,0,132.95,198.75,0,0,0,0,06-JUL-2020,
OPTSTK,VOLTAS,27-Aug-2020,380,CE,0,0,0,125.3,188.85,0,0,0,0,06-JUL-2020,
OPTSTK,VOLTAS,27-Aug-2020,390,CE,0,0,0,117.95,178.95,0,0,0,0,06-JUL-2020,
OPTSTK,VOLTAS,27-Aug-2020,400,CE,0,0,0,110.8,169.1,0,0,0,0,06-JUL-2020,
OPTSTK,VOLTAS,27-Aug-2020,410,CE,0,0,0,104,159.25,0,0,0,0,06-JUL-2020,
OPTSTK,VOLTAS,27-Aug-2020,420,CE,0,0,0,97.45,149.5,0,0,0,0,06-JUL-2020,
OPTSTK,VOLTAS,27-Aug-2020,430,CE,0,0,0,91.2,139.8,0,0,0,0,06-JUL-2020,
OPTSTK,VOLTAS,27-Aug-2020,440,CE,0,0,0,85.2,130.25,0,0,0,0,06-JUL-2020,
OPTSTK,VOLTAS,27-Aug-2020,450,CE,0,0,0,79.55,120.8,0,0,0,0,06-JUL-2020,
OPTSTK,VOLTAS,27-Aug-2020,460,CE,0,0,0,74.15,111.55,0,0,0,0,06-JUL-2020,
OPTSTK,VOLTAS,27-Aug-2020,470,CE,0,0,0,69.05,102.5,0,0,0,0,06-JUL-2020,
OPTSTK,VOLTAS,27-Aug-2020,480,CE,0,0,0,64.25,93.75,0,0,0,0,06-JUL-2020,
OPTSTK,VOLTAS,27-Aug-2020,490,CE,0,0,0,59.7,85.3,0,0,0,0,06-JUL-2020,
OPTSTK,VOLTAS,27-Aug-2020,500,CE,0,0,0,55.4,77.2,0,0,0,0,06-JUL-2020,
OPTSTK,VOLTAS,27-Aug-2020,510,CE,0,0,0,51.35,69.45,0,0,0,0,06-JUL-2020,
OPTSTK,VOLTAS,27-Aug-2020,520,CE,0,0,0,47.6,62.15,0,0,0,0,06-JUL-2020,
OPTSTK,VOLTAS,27-Aug-2020,530,CE,0,0,0,44.05,55.3,0,0,0,0,06-JUL-2020,
OPTSTK,VOLTAS,27-Aug-2020,540,CE,0,0,0,40.7,48.95,0,0,0,0,06-JUL-2020,
OPTSTK,VOLTAS,27-Aug-2020,550,CE,0,0,0,37.6,43.05,0,0,0,0,06-JUL-2020,
OPTSTK,VOLTAS,27-Aug-2020,560,CE,0,0,0,34.7,37.65,0,0,0,0,06-JUL-2020,
OPTSTK,VOLTAS,27-Aug-2020,570,CE,0,0,0,32,32.7,0,0,0,0,06-JUL-2020,
OPTSTK,VOLTAS,27-Aug-2020,580,CE,0,0,0,26,28.25,0,0,3000,0,06-JUL-2020,
OPTSTK,VOLTAS,27-Aug-2020,590,CE,0,0,0,28.75,24.3,0,0,1000,0,06-JUL-2020,
OPTSTK,VOLTAS,27-Aug-2020,600,CE,0,0,0,25.05,20.75,0,0,0,0,06-JUL-2020,
OPTSTK,VOLTAS,27-Aug-2020,610,CE,0,0,0,23.05,17.65,0,0,0,0,06-JUL-2020,
OPTSTK,VOLTAS,27-Aug-2020,620,CE,0,0,0,21.2,14.9,0,0,0,0,06-JUL-2020,
OPTSTK,VOLTAS,27-Aug-2020,630,CE,0,0,0,19.45,12.5,0,0,0,0,06-JUL-2020,
OPTSTK,VOLTAS,27-Aug-2020,640,CE,0,0,0,17.85,10.45,0,0,0,0,06-JUL-2020,
OPTSTK,VOLTAS,27-Aug-2020,650,CE,0,0,0,16.4,8.7,0,0,0,0,06-JUL-2020,
OPTSTK,VOLTAS,27-Aug-2020,660,CE,0,0,0,15.05,7.2,0,0,0,0,06-JUL-2020,
OPTSTK,VOLTAS,27-Aug-2020,670,CE,0,0,0,13.8,5.9,0,0,0,0,06-JUL-2020,
OPTSTK,VOLTAS,27-Aug-2020,680,CE,0,0,0,12.65,4.85,0,0,0,0,06-JUL-2020,
OPTSTK,VOLTAS,27-Aug-2020,690,CE,0,0,0,11.55,3.95,0,0,0,0,06-JUL-2020,
OPTSTK,VOLTAS,27-Aug-2020,340,PE,0,0,0,6.45,0.05,0,0,0,0,06-JUL-2020,
OPTSTK,VOLTAS,27-Aug-2020,350,PE,0,0,0,7.95,0.05,0,0,0,0,06-JUL-2020,
OPTSTK,VOLTAS,27-Aug-2020,360,PE,0,0,0,9.7,0.05,0,0,0,0,06-JUL-2020,
OPTSTK,VOLTAS,27-Aug-2020,370,PE,0,0,0,11.65,0.05,0,0,0,0,06-JUL-2020,
OPTSTK,VOLTAS,27-Aug-2020,380,PE,0,0,0,13.9,0.05,0,0,0,0,06-JUL-2020,
OPTSTK,VOLTAS,27-Aug-2020,390,PE,0,0,0,16.4,0.1,0,0,0,0,06-JUL-2020,
OPTSTK,VOLTAS,27-Aug-2020,400,PE,0,0,0,19.15,0.15,0,0,0,0,06-JUL-2020,
OPTSTK,VOLTAS,27-Aug-2020,410,PE,0,0,0,22.2,0.3,0,0,0,0,06-JUL-2020,
OPTSTK,VOLTAS,27-Aug-2020,420,PE,0,0,0,25.55,0.45,0,0,0,0,06-JUL-2020,
OPTSTK,VOLTAS,27-Aug-2020,430,PE,0,0,0,29.15,0.7,0,0,0,0,06-JUL-2020,
OPTSTK,VOLTAS,27-Aug-2020,440,PE,0,0,0,33.05,1.05,0,0,0,0,06-JUL-2020,
OPTSTK,VOLTAS,27-Aug-2020,450,PE,0,0,0,37.3,1.6,0,0,0,0,06-JUL-2020,
OPTSTK,VOLTAS,27-Aug-2020,460,PE,0,0,0,41.8,2.25,0,0,0,0,06-JUL-2020,
OPTSTK,VOLTAS,27-Aug-2020,470,PE,0,0,0,46.55,3.2,0,0,0,0,06-JUL-2020,
OPTSTK,VOLTAS,27-Aug-2020,480,PE,0,0,0,51.6,4.35,0,0,0,0,06-JUL-2020,
OPTSTK,VOLTAS,27-Aug-2020,490,PE,0,0,0,56.95,5.85,0,0,0,0,06-JUL-2020,
OPTSTK,VOLTAS,27-Aug-2020,500,PE,0,0,0,62.5,7.65,0,0,0,0,06-JUL-2020,
OPTSTK,VOLTAS,27-Aug-2020,510,PE,0,0,0,68.35,9.9,0,0,0,0,06-JUL-2020,
OPTSTK,VOLTAS,27-Aug-2020,520,PE,0,0,0,30.05,12.55,0,0,2000,0,06-JUL-2020,
OPTSTK,VOLTAS,27-Aug-2020,530,PE,0,0,0,80.8,15.6,0,0,0,0,06-JUL-2020,
OPTSTK,VOLTAS,27-Aug-2020,540,PE,0,0,0,87.35,19.2,0,0,0,0,06-JUL-2020,
OPTSTK,VOLTAS,27-Aug-2020,550,PE,0,0,0,94.15,23.2,0,0,0,0,06-JUL-2020,
OPTSTK,VOLTAS,27-Aug-2020,560,PE,0,0,0,101.1,27.75,0,0,0,0,06-JUL-2020,
OPTSTK,VOLTAS,27-Aug-2020,570,PE,0,0,0,108.3,32.75,0,0,0,0,06-JUL-2020,
OPTSTK,VOLTAS,27-Aug-2020,580,PE,0,0,0,115.7,38.25,0,0,0,0,06-JUL-2020,
OPTSTK,VOLTAS,27-Aug-2020,590,PE,0,0,0,123.25,44.25,0,0,0,0,06-JUL-2020,
OPTSTK,VOLTAS,27-Aug-2020,600,PE,0,0,0,130.95,50.65,0,0,0,0,06-JUL-2020,
OPTSTK,VOLTAS,27-Aug-2020,610,PE,0,0,0,138.85,57.45,0,0,0,0,06-JUL-2020,
OPTSTK,VOLTAS,27-Aug-2020,620,PE,0,0,0,146.85,64.65,0,0,0,0,06-JUL-2020,
OPTSTK,VOLTAS,27-Aug-2020,630,PE,0,0,0,155,72.2,0,0,0,0,06-JUL-2020,
OPTSTK,VOLTAS,27-Aug-2020,640,PE,0,0,0,163.3,80.1,0,0,0,0,06-JUL-2020,
OPTSTK,VOLTAS,27-Aug-2020,650,PE,0,0,0,171.7,88.25,0,0,0,0,06-JUL-2020,
OPTSTK,VOLTAS,27-Aug-2020,660,PE,0,0,0,180.2,96.7,0,0,0,0,06-JUL-2020,
OPTSTK,VOLTAS,27-Aug-2020,670,PE,0,0,0,188.85,105.35,0,0,0,0,06-JUL-2020,
OPTSTK,VOLTAS,27-Aug-2020,680,PE,0,0,0,197.6,114.25,0,0,0,0,06-JUL-2020,
OPTSTK,VOLTAS,27-Aug-2020,690,PE,0,0,0,206.4,123.3,0,0,0,0,06-JUL-2020,
OPTSTK,VOLTAS,24-Sep-2020,340,CE,0,0,0,216.75,229.7,0,0,0,0,06-JUL-2020,
OPTSTK,VOLTAS,24-Sep-2020,350,CE,0,0,0,207.15,219.8,0,0,0,0,06-JUL-2020,
OPTSTK,VOLTAS,24-Sep-2020,360,CE,0,0,0,197.65,209.95,0,0,0,0,06-JUL-2020,
OPTSTK,VOLTAS,24-Sep-2020,370,CE,0,0,0,188.25,200.15,0,0,0,0,06-JUL-2020,
OPTSTK,VOLTAS,24-Sep-2020,380,CE,0,0,0,178.95,190.35,0,0,0,0,06-JUL-2020,
OPTSTK,VOLTAS,24-Sep-2020,390,CE,0,0,0,169.8,180.6,0,0,0,0,06-JUL-2020,
OPTSTK,VOLTAS,24-Sep-2020,400,CE,0,0,0,160.8,170.95,0,0,0,0,06-JUL-2020,
OPTSTK,VOLTAS,24-Sep-2020,410,CE,0,0,0,152,161.4,0,0,0,0,06-JUL-2020,
OPTSTK,VOLTAS,24-Sep-2020,420,CE,0,0,0,143.4,151.95,0,0,0,0,06-JUL-2020,
OPTSTK,VOLTAS,24-Sep-2020,430,CE,0,0,0,135.05,142.6,0,0,0,0,06-JUL-2020,
OPTSTK,VOLTAS,24-Sep-2020,440,CE,0,0,0,126.9,133.45,0,0,0,0,06-JUL-2020,
OPTSTK,VOLTAS,24-Sep-2020,450,CE,0,0,0,119,124.5,0,0,0,0,06-JUL-2020,
OPTSTK,VOLTAS,24-Sep-2020,460,CE,0,0,0,111.4,115.8,0,0,0,0,06-JUL-2020,
OPTSTK,VOLTAS,24-Sep-2020,470,CE,0,0,0,104.05,107.3,0,0,0,0,06-JUL-2020,
OPTSTK,VOLTAS,24-Sep-2020,480,CE,0,0,0,97,99.1,0,0,0,0,06-JUL-2020,
OPTSTK,VOLTAS,24-Sep-2020,490,CE,0,0,0,90.25,91.25,0,0,0,0,06-JUL-2020,
OPTSTK,VOLTAS,24-Sep-2020,500,CE,0,0,0,83.8,83.7,0,0,0,0,06-JUL-2020,
OPTSTK,VOLTAS,24-Sep-2020,510,CE,0,0,0,77.7,76.5,0,0,0,0,06-JUL-2020,
OPTSTK,VOLTAS,24-Sep-2020,520,CE,0,0,0,71.9,69.65,0,0,0,0,06-JUL-2020,
OPTSTK,VOLTAS,24-Sep-2020,530,CE,0,0,0,66.4,63.25,0,0,0,0,06-JUL-2020,
OPTSTK,VOLTAS,24-Sep-2020,540,CE,0,0,0,61.2,57.2,0,0,0,0,06-JUL-2020,
OPTSTK,VOLTAS,24-Sep-2020,550,CE,0,0,0,56.3,51.55,0,0,0,0,06-JUL-2020,
OPTSTK,VOLTAS,24-Sep-2020,560,CE,0,0,0,51.75,46.3,0,0,0,0,06-JUL-2020,
OPTSTK,VOLTAS,24-Sep-2020,570,CE,0,0,0,47.45,41.45,0,0,0,0,06-JUL-2020,
OPTSTK,VOLTAS,24-Sep-2020,580,CE,0,0,0,43.45,36.95,0,0,0,0,06-JUL-2020,
OPTSTK,VOLTAS,24-Sep-2020,590,CE,0,0,0,39.7,32.85,0,0,0,0,06-JUL-2020,
OPTSTK,VOLTAS,24-Sep-2020,600,CE,0,0,0,36.25,29.1,0,0,0,0,06-JUL-2020,
OPTSTK,VOLTAS,24-Sep-2020,610,CE,0,0,0,33.05,25.7,0,0,0,0,06-JUL-2020,
OPTSTK,VOLTAS,24-Sep-2020,620,CE,0,0,0,30.05,22.6,0,0,0,0,06-JUL-2020,
OPTSTK,VOLTAS,24-Sep-2020,630,CE,0,0,0,27.35,19.85,0,0,0,0,06-JUL-2020,
OPTSTK,VOLTAS,24-Sep-2020,640,CE,0,0,0,24.85,17.35,0,0,0,0,06-JUL-2020,
OPTSTK,VOLTAS,24-Sep-2020,650,CE,0,0,0,22.5,15.15,0,0,0,0,06-JUL-2020,
OPTSTK,VOLTAS,24-Sep-2020,660,CE,0,0,0,20.4,13.2,0,0,0,0,06-JUL-2020,
OPTSTK,VOLTAS,24-Sep-2020,670,CE,0,0,0,18.45,11.45,0,0,0,0,06-JUL-2020,
OPTSTK,VOLTAS,24-Sep-2020,680,CE,0,0,0,16.65,9.9,0,0,0,0,06-JUL-2020,
OPTSTK,VOLTAS,24-Sep-2020,690,CE,0,0,0,15,8.55,0,0,0,0,06-JUL-2020,
OPTSTK,VOLTAS,24-Sep-2020,340,PE,0,0,0,0.7,0.05,0,0,0,0,06-JUL-2020,
OPTSTK,VOLTAS,24-Sep-2020,350,PE,0,0,0,1,0.1,0,0,0,0,06-JUL-2020,
OPTSTK,VOLTAS,24-Sep-2020,360,PE,0,0,0,1.35,0.15,0,0,0,0,06-JUL-2020,
OPTSTK,VOLTAS,24-Sep-2020,370,PE,0,0,0,1.85,0.2,0,0,0,0,06-JUL-2020,
OPTSTK,VOLTAS,24-Sep-2020,380,PE,0,0,0,2.45,0.35,0,0,0,0,06-JUL-2020,
OPTSTK,VOLTAS,24-Sep-2020,390,PE,0,0,0,3.2,0.5,0,0,0,0,06-JUL-2020,
OPTSTK,VOLTAS,24-Sep-2020,400,PE,0,0,0,4.1,0.75,0,0,0,0,06-JUL-2020,
OPTSTK,VOLTAS,24-Sep-2020,410,PE,0,0,0,5.15,1.1,0,0,0,0,06-JUL-2020,
OPTSTK,VOLTAS,24-Sep-2020,420,PE,0,0,0,6.45,1.55,0,0,0,0,06-JUL-2020,
OPTSTK,VOLTAS,24-Sep-2020,430,PE,0,0,0,7.95,2.1,0,0,0,0,06-JUL-2020,
OPTSTK,VOLTAS,24-Sep-2020,440,PE,0,0,0,9.7,2.9,0,0,0,0,06-JUL-2020,
OPTSTK,VOLTAS,24-Sep-2020,450,PE,0,0,0,11.7,3.85,0,0,0,0,06-JUL-2020,
OPTSTK,VOLTAS,24-Sep-2020,460,PE,0,0,0,13.95,5,0,0,0,0,06-JUL-2020,
OPTSTK,VOLTAS,24-Sep-2020,470,PE,0,0,0,16.5,6.45,0,0,0,0,06-JUL-2020,
OPTSTK,VOLTAS,24-Sep-2020,480,PE,0,0,0,19.35,8.15,0,0,0,0,06-JUL-2020,
OPTSTK,VOLTAS,24-Sep-2020,490,PE,0,0,0,22.5,10.2,0,0,0,0,06-JUL-2020,
OPTSTK,VOLTAS,24-Sep-2020,500,PE,0,0,0,25.9,12.55,0,0,0,0,06-JUL-2020,
OPTSTK,VOLTAS,24-Sep-2020,510,PE,0,0,0,29.65,15.25,0,0,0,0,06-JUL-2020,
OPTSTK,VOLTAS,24-Sep-2020,520,PE,0,0,0,33.75,18.35,0,0,0,0,06-JUL-2020,
OPTSTK,VOLTAS,24-Sep-2020,530,PE,0,0,0,38.15,21.8,0,0,0,0,06-JUL-2020,
OPTSTK,VOLTAS,24-Sep-2020,540,PE,0,0,0,42.85,25.7,0,0,0,0,06-JUL-2020,
OPTSTK,VOLTAS,24-Sep-2020,550,PE,0,0,0,47.85,29.95,0,0,0,0,06-JUL-2020,
OPTSTK,VOLTAS,24-Sep-2020,560,PE,0,0,0,53.15,34.6,0,0,0,0,06-JUL-2020,
OPTSTK,VOLTAS,24-Sep-2020,570,PE,0,0,0,58.75,39.65,0,0,0,0,06-JUL-2020,
OPTSTK,VOLTAS,24-Sep-2020,580,PE,0,0,0,64.6,45.05,0,0,0,0,06-JUL-2020,
OPTSTK,VOLTAS,24-Sep-2020,590,PE,0,0,0,70.75,50.85,0,0,0,0,06-JUL-2020,
OPTSTK,VOLTAS,24-Sep-2020,600,PE,0,0,0,77.2,57.05,0,0,0,0,06-JUL-2020,
OPTSTK,VOLTAS,24-Sep-2020,610,PE,0,0,0,83.85,63.55,0,0,0,0,06-JUL-2020,
OPTSTK,VOLTAS,24-Sep-2020,620,PE,0,0,0,90.8,70.4,0,0,0,0,06-JUL-2020,
OPTSTK,VOLTAS,24-Sep-2020,630,PE,0,0,0,97.9,77.5,0,0,0,0,06-JUL-2020,
OPTSTK,VOLTAS,24-Sep-2020,640,PE,0,0,0,105.3,84.95,0,0,0,0,06-JUL-2020,
OPTSTK,VOLTAS,24-Sep-2020,650,PE,0,0,0,112.9,92.65,0,0,0,0,06-JUL-2020,
OPTSTK,VOLTAS,24-Sep-2020,660,PE,0,0,0,120.65,100.55,0,0,0,0,06-JUL-2020,
OPTSTK,VOLTAS,24-Sep-2020,670,PE,0,0,0,128.6,108.7,0,0,0,0,06-JUL-2020,
OPTSTK,VOLTAS,24-Sep-2020,680,PE,0,0,0,136.65,117.1,0,0,0,0,06-JUL-2020,
OPTSTK,VOLTAS,24-Sep-2020,690,PE,0,0,0,144.9,125.65,0,0,0,0,06-JUL-2020,
OPTSTK,WIPRO,30-Jul-2020,140,CE,0,0,0,56.45,83.05,0,0,0,0,06-JUL-2020,
OPTSTK,WIPRO,30-Jul-2020,145,CE,0,0,0,52.5,78.05,0,0,0,0,06-JUL-2020,
OPTSTK,WIPRO,30-Jul-2020,150,CE,0,0,0,48.7,73.05,0,0,0,0,06-JUL-2020,
OPTSTK,WIPRO,30-Jul-2020,155,CE,0,0,0,45.1,68.1,0,0,0,0,06-JUL-2020,
OPTSTK,WIPRO,30-Jul-2020,160,CE,0,0,0,41.65,63.1,0,0,0,0,06-JUL-2020,
OPTSTK,WIPRO,30-Jul-2020,162.5,CE,0,0,0,41.4,60.6,0,0,0,0,06-JUL-2020,
OPTSTK,WIPRO,30-Jul-2020,165,CE,0,0,0,38.35,58.1,0,0,0,0,06-JUL-2020,
OPTSTK,WIPRO,30-Jul-2020,167.5,CE,0,0,0,37.5,55.6,0,0,0,0,06-JUL-2020,
OPTSTK,WIPRO,30-Jul-2020,170,CE,0,0,0,35.3,53.15,0,0,0,0,06-JUL-2020,
OPTSTK,WIPRO,30-Jul-2020,172.5,CE,0,0,0,33.75,50.65,0,0,0,0,06-JUL-2020,
OPTSTK,WIPRO,30-Jul-2020,175,CE,0,0,0,32.4,48.15,0,0,0,0,06-JUL-2020,
OPTSTK,WIPRO,30-Jul-2020,177.5,CE,0,0,0,30.25,45.65,0,0,0,0,06-JUL-2020,
OPTSTK,WIPRO,30-Jul-2020,180,CE,0,0,0,36.4,43.15,0,0,6400,0,06-JUL-2020,
OPTSTK,WIPRO,30-Jul-2020,182.5,CE,0,0,0,26.95,40.7,0,0,0,0,06-JUL-2020,
OPTSTK,WIPRO,30-Jul-2020,185,CE,0,0,0,27.1,38.2,0,0,0,0,06-JUL-2020,
OPTSTK,WIPRO,30-Jul-2020,187.5,CE,0,0,0,31.25,35.75,0,0,12800,0,06-JUL-2020,
OPTSTK,WIPRO,30-Jul-2020,190,CE,0,0,0,30,33.3,0,0,3200,0,06-JUL-2020,
OPTSTK,WIPRO,30-Jul-2020,192.5,CE,0,0,0,21.15,30.9,0,0,0,0,06-JUL-2020,
OPTSTK,WIPRO,30-Jul-2020,195,CE,0,0,0,22.55,28.5,0,0,0,0,06-JUL-2020,
OPTSTK,WIPRO,30-Jul-2020,197.5,CE,0,0,0,23.5,26.15,0,0,6400,0,06-JUL-2020,
OPTSTK,WIPRO,30-Jul-2020,200,CE,28,28,28,28,23.9,1,7.29,32000,3200,06-JUL-2020,
OPTSTK,WIPRO,30-Jul-2020,202.5,CE,0,0,0,16.25,21.65,0,0,0,0,06-JUL-2020,
OPTSTK,WIPRO,30-Jul-2020,205,CE,0,0,0,25.25,19.5,0,0,22400,0,06-JUL-2020,
OPTSTK,WIPRO,30-Jul-2020,207.5,CE,0,0,0,17.05,17.45,0,0,6400,0,06-JUL-2020,
OPTSTK,WIPRO,30-Jul-2020,210,CE,0,0,0,18.5,15.5,0,0,57600,0,06-JUL-2020,
OPTSTK,WIPRO,30-Jul-2020,212.5,CE,0,0,0,13.95,13.65,0,0,19200,0,06-JUL-2020,
OPTSTK,WIPRO,30-Jul-2020,215,CE,15.75,15.75,13.4,13.4,13.4,5,36.72,44800,0,06-JUL-2020,
OPTSTK,WIPRO,30-Jul-2020,217.5,CE,0,0,0,12.9,10.3,0,0,16000,0,06-JUL-2020,
OPTSTK,WIPRO,30-Jul-2020,220,CE,12.5,12.5,9.95,10.55,10.55,42,310.81,393600,-6400,06-JUL-2020,
OPTSTK,WIPRO,30-Jul-2020,222.5,CE,10.65,11.15,9,9.35,9.35,7,52.01,83200,6400,06-JUL-2020,
OPTSTK,WIPRO,30-Jul-2020,225,CE,9.75,9.75,7.5,8.05,8.05,59,441.6,185600,19200,06-JUL-2020,
OPTSTK,WIPRO,30-Jul-2020,227.5,CE,8.1,8.35,7.2,7.2,7.2,12,90.35,76800,3200,06-JUL-2020,
OPTSTK,WIPRO,30-Jul-2020,230,CE,7,7.6,5.5,6.05,6.05,155,1173.26,704000,51200,06-JUL-2020,
OPTSTK,WIPRO,30-Jul-2020,232.5,CE,5.85,6.2,4.75,5.15,5.15,18,137.13,51200,9600,06-JUL-2020,
OPTSTK,WIPRO,30-Jul-2020,235,CE,5.3,5.4,4,4.35,4.35,53,406.43,172800,-3200,06-JUL-2020,
OPTSTK,WIPRO,30-Jul-2020,237.5,CE,4.15,4.35,3.4,3.7,3.7,19,146.72,32000,22400,06-JUL-2020,
OPTSTK,WIPRO,30-Jul-2020,240,CE,3.8,4,2.8,3.1,3.1,165,1285.46,860800,67200,06-JUL-2020,
OPTSTK,WIPRO,30-Jul-2020,242.5,CE,0,0,0,4.85,1.5,0,0,0,0,06-JUL-2020,
OPTSTK,WIPRO,30-Jul-2020,245,CE,2.9,2.9,2.05,2.25,2.25,13,102.92,70400,0,06-JUL-2020,
OPTSTK,WIPRO,30-Jul-2020,247.5,CE,0,0,0,4.1,0.9,0,0,0,0,06-JUL-2020,
OPTSTK,WIPRO,30-Jul-2020,250,CE,2,2.15,1.5,1.65,1.65,85,684.88,560000,44800,06-JUL-2020,
OPTSTK,WIPRO,30-Jul-2020,252.5,CE,0,0,0,3.45,0.55,0,0,0,0,06-JUL-2020,
OPTSTK,WIPRO,30-Jul-2020,255,CE,1.3,1.3,1.3,1.3,0.4,1,8.2,12800,3200,06-JUL-2020,
OPTSTK,WIPRO,30-Jul-2020,257.5,CE,0,0,0,2.95,0.3,0,0,0,0,06-JUL-2020,
OPTSTK,WIPRO,30-Jul-2020,260,CE,1,1,0.75,0.8,0.8,52,434.09,416000,60800,06-JUL-2020,
OPTSTK,WIPRO,30-Jul-2020,262.5,CE,0,0,0,4,0.15,0,0,0,0,06-JUL-2020,
OPTSTK,WIPRO,30-Jul-2020,265,CE,0.65,0.7,0.55,0.6,0.6,18,152.99,224000,32000,06-JUL-2020,
OPTSTK,WIPRO,30-Jul-2020,140,PE,0,0,0,3.7,0.05,0,0,0,0,06-JUL-2020,
OPTSTK,WIPRO,30-Jul-2020,145,PE,0,0,0,4.7,0.05,0,0,0,0,06-JUL-2020,
OPTSTK,WIPRO,30-Jul-2020,150,PE,0,0,0,5.85,0.05,0,0,0,0,06-JUL-2020,
OPTSTK,WIPRO,30-Jul-2020,155,PE,0,0,0,7.15,0.05,0,0,0,0,06-JUL-2020,
OPTSTK,WIPRO,30-Jul-2020,160,PE,0,0,0,8.65,0.05,0,0,0,0,06-JUL-2020,
OPTSTK,WIPRO,30-Jul-2020,162.5,PE,0,0,0,3.2,0.05,0,0,0,0,06-JUL-2020,
OPTSTK,WIPRO,30-Jul-2020,165,PE,0,0,0,10.35,0.05,0,0,0,0,06-JUL-2020,
OPTSTK,WIPRO,30-Jul-2020,167.5,PE,0,0,0,4.2,0.05,0,0,0,0,06-JUL-2020,
OPTSTK,WIPRO,30-Jul-2020,170,PE,0,0,0,12.15,0.05,0,0,0,0,06-JUL-2020,
OPTSTK,WIPRO,30-Jul-2020,172.5,PE,0,0,0,5.45,0.05,0,0,0,0,06-JUL-2020,
OPTSTK,WIPRO,30-Jul-2020,175,PE,0,0,0,14.2,0.05,0,0,0,0,06-JUL-2020,
OPTSTK,WIPRO,30-Jul-2020,177.5,PE,0,0,0,6.9,0.05,0,0,0,0,06-JUL-2020,
OPTSTK,WIPRO,30-Jul-2020,180,PE,0.35,0.4,0.35,0.4,0.4,3,17.31,28800,3200,06-JUL-2020,
OPTSTK,WIPRO,30-Jul-2020,182.5,PE,0,0,0,8.55,0.05,0,0,0,0,06-JUL-2020,
OPTSTK,WIPRO,30-Jul-2020,185,PE,0,0,0,18.85,0.05,0,0,0,0,06-JUL-2020,
OPTSTK,WIPRO,30-Jul-2020,187.5,PE,0,0,0,10.5,0.1,0,0,0,0,06-JUL-2020,
OPTSTK,WIPRO,30-Jul-2020,190,PE,0.6,1.1,0.6,0.9,0.9,7,42.72,112000,6400,06-JUL-2020,
OPTSTK,WIPRO,30-Jul-2020,192.5,PE,0,0,0,12.65,0.2,0,0,0,0,06-JUL-2020,
OPTSTK,WIPRO,30-Jul-2020,195,PE,0.9,0.9,0.9,0.9,0.3,1,6.26,28800,3200,06-JUL-2020,
OPTSTK,WIPRO,30-Jul-2020,197.5,PE,0,0,0,5.15,0.45,0,0,12800,0,06-JUL-2020,
OPTSTK,WIPRO,30-Jul-2020,200,PE,1.4,1.9,1.3,1.75,1.75,58,374.12,416000,35200,06-JUL-2020,
OPTSTK,WIPRO,30-Jul-2020,202.5,PE,0,0,0,1.9,0.95,0,0,22400,0,06-JUL-2020,
OPTSTK,WIPRO,30-Jul-2020,205,PE,2.5,2.65,2.3,2.5,2.5,5,33.18,64000,3200,06-JUL-2020,
OPTSTK,WIPRO,30-Jul-2020,207.5,PE,0,0,0,20.6,1.7,0,0,0,0,06-JUL-2020,
OPTSTK,WIPRO,30-Jul-2020,210,PE,2.85,3.75,2.85,3.6,3.6,73,498.56,374400,35200,06-JUL-2020,
OPTSTK,WIPRO,30-Jul-2020,212.5,PE,4.6,4.6,4.6,4.6,4.6,3,20.84,54400,6400,06-JUL-2020,
OPTSTK,WIPRO,30-Jul-2020,215,PE,4.45,5.25,4.1,5.15,5.15,51,358.67,156800,41600,06-JUL-2020,
OPTSTK,WIPRO,30-Jul-2020,217.5,PE,5.15,6.8,5.15,6.35,6.35,3,21.45,32000,3200,06-JUL-2020,
OPTSTK,WIPRO,30-Jul-2020,220,PE,5.75,7.4,5.75,7.2,7.2,477,3465.46,675200,326400,06-JUL-2020,
OPTSTK,WIPRO,30-Jul-2020,222.5,PE,7.2,8.55,7.2,8.4,8.4,10,73.75,41600,-3200,06-JUL-2020,
OPTSTK,WIPRO,30-Jul-2020,225,PE,8.25,9.7,8.2,9.2,9.2,60,449.4,99200,6400,06-JUL-2020,
OPTSTK,WIPRO,30-Jul-2020,227.5,PE,10.55,10.55,10.55,10.55,9.55,1,7.61,35200,-3200,06-JUL-2020,
OPTSTK,WIPRO,30-Jul-2020,230,PE,11,12.6,11,12.6,12.6,10,77.5,80000,-3200,06-JUL-2020,
OPTSTK,WIPRO,30-Jul-2020,232.5,PE,0,0,0,15.2,12.8,0,0,6400,0,06-JUL-2020,
OPTSTK,WIPRO,30-Jul-2020,235,PE,0,0,0,14.55,14.65,0,0,3200,0,06-JUL-2020,
OPTSTK,WIPRO,30-Jul-2020,237.5,PE,0,0,0,30.1,16.55,0,0,6400,0,06-JUL-2020,
OPTSTK,WIPRO,30-Jul-2020,240,PE,0,0,0,17.9,18.55,0,0,12800,0,06-JUL-2020,
OPTSTK,WIPRO,30-Jul-2020,242.5,PE,0,0,0,45.95,20.65,0,0,0,0,06-JUL-2020,
OPTSTK,WIPRO,30-Jul-2020,245,PE,0,0,0,59.2,22.85,0,0,0,0,06-JUL-2020,
OPTSTK,WIPRO,30-Jul-2020,247.5,PE,0,0,0,50.2,25.05,0,0,0,0,06-JUL-2020,
OPTSTK,WIPRO,30-Jul-2020,250,PE,0,0,0,29.75,27.35,0,0,6400,0,06-JUL-2020,
OPTSTK,WIPRO,30-Jul-2020,252.5,PE,0,0,0,54.5,29.65,0,0,0,0,06-JUL-2020,
OPTSTK,WIPRO,30-Jul-2020,255,PE,0,0,0,67.5,32.05,0,0,0,0,06-JUL-2020,
OPTSTK,WIPRO,30-Jul-2020,257.5,PE,0,0,0,58.9,34.45,0,0,0,0,06-JUL-2020,
OPTSTK,WIPRO,30-Jul-2020,260,PE,0,0,0,71.75,36.85,0,0,0,0,06-JUL-2020,
OPTSTK,WIPRO,30-Jul-2020,262.5,PE,0,0,0,51.6,39.3,0,0,0,0,06-JUL-2020,
OPTSTK,WIPRO,30-Jul-2020,265,PE,0,0,0,41.8,41.75,0,0,6400,0,06-JUL-2020,
OPTSTK,WIPRO,27-Aug-2020,140,CE,0,0,0,62.55,83.5,0,0,0,0,06-JUL-2020,
OPTSTK,WIPRO,27-Aug-2020,142.5,CE,0,0,0,60.3,81,0,0,0,0,06-JUL-2020,
OPTSTK,WIPRO,27-Aug-2020,145,CE,0,0,0,58.15,78.55,0,0,0,0,06-JUL-2020,
OPTSTK,WIPRO,27-Aug-2020,147.5,CE,0,0,0,56,76.05,0,0,0,0,06-JUL-2020,
OPTSTK,WIPRO,27-Aug-2020,150,CE,0,0,0,53.85,73.55,0,0,0,0,06-JUL-2020,
OPTSTK,WIPRO,27-Aug-2020,152.5,CE,0,0,0,51.8,71.05,0,0,0,0,06-JUL-2020,
OPTSTK,WIPRO,27-Aug-2020,155,CE,0,0,0,49.75,68.6,0,0,0,0,06-JUL-2020,
OPTSTK,WIPRO,27-Aug-2020,157.5,CE,0,0,0,47.75,66.1,0,0,0,0,06-JUL-2020,
OPTSTK,WIPRO,27-Aug-2020,160,CE,0,0,0,45.8,63.65,0,0,0,0,06-JUL-2020,
OPTSTK,WIPRO,27-Aug-2020,162.5,CE,0,0,0,43.9,61.15,0,0,0,0,06-JUL-2020,
OPTSTK,WIPRO,27-Aug-2020,165,CE,0,0,0,42.05,58.7,0,0,0,0,06-JUL-2020,
OPTSTK,WIPRO,27-Aug-2020,167.5,CE,0,0,0,40.2,56.2,0,0,0,0,06-JUL-2020,
OPTSTK,WIPRO,27-Aug-2020,170,CE,0,0,0,38.45,53.75,0,0,0,0,06-JUL-2020,
OPTSTK,WIPRO,27-Aug-2020,172.5,CE,0,0,0,36.75,51.3,0,0,0,0,06-JUL-2020,
OPTSTK,WIPRO,27-Aug-2020,175,CE,0,0,0,35.05,48.85,0,0,0,0,06-JUL-2020,
OPTSTK,WIPRO,27-Aug-2020,177.5,CE,0,0,0,33.45,46.45,0,0,0,0,06-JUL-2020,
OPTSTK,WIPRO,27-Aug-2020,180,CE,0,0,0,31.85,44.05,0,0,0,0,06-JUL-2020,
OPTSTK,WIPRO,27-Aug-2020,182.5,CE,0,0,0,30.35,41.65,0,0,0,0,06-JUL-2020,
OPTSTK,WIPRO,27-Aug-2020,185,CE,0,0,0,28.85,39.3,0,0,0,0,06-JUL-2020,
OPTSTK,WIPRO,27-Aug-2020,187.5,CE,0,0,0,27.45,37,0,0,0,0,06-JUL-2020,
OPTSTK,WIPRO,27-Aug-2020,190,CE,0,0,0,26.1,34.7,0,0,0,0,06-JUL-2020,
OPTSTK,WIPRO,27-Aug-2020,192.5,CE,0,0,0,24.75,32.5,0,0,0,0,06-JUL-2020,
OPTSTK,WIPRO,27-Aug-2020,195,CE,0,0,0,23.5,30.3,0,0,0,0,06-JUL-2020,
OPTSTK,WIPRO,27-Aug-2020,197.5,CE,0,0,0,22.3,28.2,0,0,0,0,06-JUL-2020,
OPTSTK,WIPRO,27-Aug-2020,200,CE,32.3,32.3,32.3,32.3,26.1,1,7.43,3200,3200,06-JUL-2020,
OPTSTK,WIPRO,27-Aug-2020,202.5,CE,0,0,0,20,24.15,0,0,0,0,06-JUL-2020,
OPTSTK,WIPRO,27-Aug-2020,205,CE,0,0,0,18.95,22.2,0,0,0,0,06-JUL-2020,
OPTSTK,WIPRO,27-Aug-2020,207.5,CE,0,0,0,17.9,20.4,0,0,0,0,06-JUL-2020,
OPTSTK,WIPRO,27-Aug-2020,210,CE,0,0,0,16.9,18.65,0,0,0,0,06-JUL-2020,
OPTSTK,WIPRO,27-Aug-2020,212.5,CE,0,0,0,16,17,0,0,0,0,06-JUL-2020,
OPTSTK,WIPRO,27-Aug-2020,215,CE,0,0,0,15.1,15.4,0,0,0,0,06-JUL-2020,
OPTSTK,WIPRO,27-Aug-2020,217.5,CE,0,0,0,14.25,13.95,0,0,0,0,06-JUL-2020,
OPTSTK,WIPRO,27-Aug-2020,220,CE,0,0,0,13.45,12.55,0,0,0,0,06-JUL-2020,
OPTSTK,WIPRO,27-Aug-2020,222.5,CE,0,0,0,12.65,11.25,0,0,0,0,06-JUL-2020,
OPTSTK,WIPRO,27-Aug-2020,225,CE,0,0,0,11.9,10.05,0,0,0,0,06-JUL-2020,
OPTSTK,WIPRO,27-Aug-2020,227.5,CE,0,0,0,11.2,8.95,0,0,0,0,06-JUL-2020,
OPTSTK,WIPRO,27-Aug-2020,230,CE,0,0,0,8.3,7.95,0,0,3200,0,06-JUL-2020,
OPTSTK,WIPRO,27-Aug-2020,232.5,CE,0,0,0,9.95,7.05,0,0,0,0,06-JUL-2020,
OPTSTK,WIPRO,27-Aug-2020,235,CE,0,0,0,9.35,6.2,0,0,0,0,06-JUL-2020,
OPTSTK,WIPRO,27-Aug-2020,237.5,CE,0,0,0,8.8,5.45,0,0,0,0,06-JUL-2020,
OPTSTK,WIPRO,27-Aug-2020,240,CE,0,0,0,8.25,4.75,0,0,0,0,06-JUL-2020,
OPTSTK,WIPRO,27-Aug-2020,242.5,CE,0,0,0,7.75,4.15,0,0,0,0,06-JUL-2020,
OPTSTK,WIPRO,27-Aug-2020,245,CE,0,0,0,7.25,3.6,0,0,0,0,06-JUL-2020,
OPTSTK,WIPRO,27-Aug-2020,247.5,CE,0,0,0,6.8,3.1,0,0,0,0,06-JUL-2020,
OPTSTK,WIPRO,27-Aug-2020,250,CE,0,0,0,6.4,2.7,0,0,0,0,06-JUL-2020,
OPTSTK,WIPRO,27-Aug-2020,252.5,CE,0,0,0,6,2.3,0,0,0,0,06-JUL-2020,
OPTSTK,WIPRO,27-Aug-2020,255,CE,0,0,0,5.6,1.95,0,0,0,0,06-JUL-2020,
OPTSTK,WIPRO,27-Aug-2020,257.5,CE,0,0,0,5.25,1.7,0,0,0,0,06-JUL-2020,
OPTSTK,WIPRO,27-Aug-2020,260,CE,0,0,0,5.35,1.4,0,0,3200,0,06-JUL-2020,
OPTSTK,WIPRO,27-Aug-2020,140,PE,0,0,0,1.5,0.05,0,0,0,0,06-JUL-2020,
OPTSTK,WIPRO,27-Aug-2020,142.5,PE,0,0,0,1.75,0.05,0,0,0,0,06-JUL-2020,
OPTSTK,WIPRO,27-Aug-2020,145,PE,0,0,0,2,0.05,0,0,0,0,06-JUL-2020,
OPTSTK,WIPRO,27-Aug-2020,147.5,PE,0,0,0,2.35,0.05,0,0,0,0,06-JUL-2020,
OPTSTK,WIPRO,27-Aug-2020,150,PE,0,0,0,2.7,0.05,0,0,0,0,06-JUL-2020,
OPTSTK,WIPRO,27-Aug-2020,152.5,PE,0,0,0,3.1,0.05,0,0,0,0,06-JUL-2020,
OPTSTK,WIPRO,27-Aug-2020,155,PE,0,0,0,3.5,0.05,0,0,0,0,06-JUL-2020,
OPTSTK,WIPRO,27-Aug-2020,157.5,PE,0,0,0,4,0.05,0,0,0,0,06-JUL-2020,
OPTSTK,WIPRO,27-Aug-2020,160,PE,0,0,0,4.5,0.05,0,0,0,0,06-JUL-2020,
OPTSTK,WIPRO,27-Aug-2020,162.5,PE,0,0,0,5.05,0.05,0,0,0,0,06-JUL-2020,
OPTSTK,WIPRO,27-Aug-2020,165,PE,0,0,0,5.7,0.05,0,0,0,0,06-JUL-2020,
OPTSTK,WIPRO,27-Aug-2020,167.5,PE,0,0,0,6.35,0.05,0,0,0,0,06-JUL-2020,
OPTSTK,WIPRO,27-Aug-2020,170,PE,0,0,0,7.05,0.1,0,0,0,0,06-JUL-2020,
OPTSTK,WIPRO,27-Aug-2020,172.5,PE,0,0,0,7.8,0.1,0,0,0,0,06-JUL-2020,
OPTSTK,WIPRO,27-Aug-2020,175,PE,0,0,0,8.6,0.15,0,0,0,0,06-JUL-2020,
OPTSTK,WIPRO,27-Aug-2020,177.5,PE,0,0,0,9.4,0.2,0,0,0,0,06-JUL-2020,
OPTSTK,WIPRO,27-Aug-2020,180,PE,0,0,0,10.3,0.3,0,0,0,0,06-JUL-2020,
OPTSTK,WIPRO,27-Aug-2020,182.5,PE,0,0,0,11.25,0.4,0,0,0,0,06-JUL-2020,
OPTSTK,WIPRO,27-Aug-2020,185,PE,0,0,0,12.25,0.55,0,0,0,0,06-JUL-2020,
OPTSTK,WIPRO,27-Aug-2020,187.5,PE,0,0,0,13.35,0.7,0,0,0,0,06-JUL-2020,
OPTSTK,WIPRO,27-Aug-2020,190,PE,0,0,0,14.45,0.9,0,0,0,0,06-JUL-2020,
OPTSTK,WIPRO,27-Aug-2020,192.5,PE,0,0,0,15.6,1.15,0,0,0,0,06-JUL-2020,
OPTSTK,WIPRO,27-Aug-2020,195,PE,0,0,0,16.8,1.5,0,0,0,0,06-JUL-2020,
OPTSTK,WIPRO,27-Aug-2020,197.5,PE,0,0,0,18.05,1.85,0,0,0,0,06-JUL-2020,
OPTSTK,WIPRO,27-Aug-2020,200,PE,0,0,0,19.35,2.25,0,0,0,0,06-JUL-2020,
OPTSTK,WIPRO,27-Aug-2020,202.5,PE,0,0,0,20.7,2.75,0,0,0,0,06-JUL-2020,
OPTSTK,WIPRO,27-Aug-2020,205,PE,0,0,0,22.1,3.35,0,0,0,0,06-JUL-2020,
OPTSTK,WIPRO,27-Aug-2020,207.5,PE,0,0,0,23.55,4,0,0,0,0,06-JUL-2020,
OPTSTK,WIPRO,27-Aug-2020,210,PE,0,0,0,25,4.7,0,0,0,0,06-JUL-2020,
OPTSTK,WIPRO,27-Aug-2020,212.5,PE,0,0,0,26.55,5.55,0,0,0,0,06-JUL-2020,
OPTSTK,WIPRO,27-Aug-2020,215,PE,0,0,0,28.15,6.45,0,0,0,0,06-JUL-2020,
OPTSTK,WIPRO,27-Aug-2020,217.5,PE,0,0,0,29.75,7.45,0,0,0,0,06-JUL-2020,
OPTSTK,WIPRO,27-Aug-2020,220,PE,0,0,0,31.4,8.6,0,0,0,0,06-JUL-2020,
OPTSTK,WIPRO,27-Aug-2020,222.5,PE,0,0,0,33.1,9.75,0,0,0,0,06-JUL-2020,
OPTSTK,WIPRO,27-Aug-2020,225,PE,0,0,0,34.85,11.05,0,0,0,0,06-JUL-2020,
OPTSTK,WIPRO,27-Aug-2020,227.5,PE,0,0,0,36.6,12.45,0,0,0,0,06-JUL-2020,
OPTSTK,WIPRO,27-Aug-2020,230,PE,0,0,0,38.4,13.9,0,0,0,0,06-JUL-2020,
OPTSTK,WIPRO,27-Aug-2020,232.5,PE,0,0,0,40.25,15.5,0,0,0,0,06-JUL-2020,
OPTSTK,WIPRO,27-Aug-2020,235,PE,0,0,0,42.15,17.15,0,0,0,0,06-JUL-2020,
OPTSTK,WIPRO,27-Aug-2020,237.5,PE,0,0,0,44.05,18.85,0,0,0,0,06-JUL-2020,
OPTSTK,WIPRO,27-Aug-2020,240,PE,0,0,0,46,20.65,0,0,0,0,06-JUL-2020,
OPTSTK,WIPRO,27-Aug-2020,242.5,PE,0,0,0,47.95,22.55,0,0,0,0,06-JUL-2020,
OPTSTK,WIPRO,27-Aug-2020,245,PE,0,0,0,49.95,24.45,0,0,0,0,06-JUL-2020,
OPTSTK,WIPRO,27-Aug-2020,247.5,PE,0,0,0,51.95,26.45,0,0,0,0,06-JUL-2020,
OPTSTK,WIPRO,27-Aug-2020,250,PE,0,0,0,54,28.5,0,0,0,0,06-JUL-2020,
OPTSTK,WIPRO,27-Aug-2020,252.5,PE,0,0,0,56.05,30.6,0,0,0,0,06-JUL-2020,
OPTSTK,WIPRO,27-Aug-2020,255,PE,0,0,0,58.15,32.8,0,0,0,0,06-JUL-2020,
OPTSTK,WIPRO,27-Aug-2020,257.5,PE,0,0,0,60.3,34.95,0,0,0,0,06-JUL-2020,
OPTSTK,WIPRO,27-Aug-2020,260,PE,0,0,0,62.4,37.2,0,0,0,0,06-JUL-2020,
OPTSTK,WIPRO,24-Sep-2020,157.5,CE,0,0,0,63.6,66.7,0,0,0,0,06-JUL-2020,
OPTSTK,WIPRO,24-Sep-2020,160,CE,0,0,0,61.3,64.25,0,0,0,0,06-JUL-2020,
OPTSTK,WIPRO,24-Sep-2020,162.5,CE,0,0,0,59.05,61.8,0,0,0,0,06-JUL-2020,
OPTSTK,WIPRO,24-Sep-2020,165,CE,0,0,0,56.85,59.35,0,0,0,0,06-JUL-2020,
OPTSTK,WIPRO,24-Sep-2020,167.5,CE,0,0,0,54.65,56.95,0,0,0,0,06-JUL-2020,
OPTSTK,WIPRO,24-Sep-2020,170,CE,0,0,0,52.5,54.55,0,0,0,0,06-JUL-2020,
OPTSTK,WIPRO,24-Sep-2020,172.5,CE,0,0,0,50.4,52.15,0,0,0,0,06-JUL-2020,
OPTSTK,WIPRO,24-Sep-2020,175,CE,0,0,0,48.3,49.8,0,0,0,0,06-JUL-2020,
OPTSTK,WIPRO,24-Sep-2020,177.5,CE,0,0,0,46.25,47.45,0,0,0,0,06-JUL-2020,
OPTSTK,WIPRO,24-Sep-2020,180,CE,0,0,0,44.3,45.15,0,0,0,0,06-JUL-2020,
OPTSTK,WIPRO,24-Sep-2020,182.5,CE,0,0,0,42.35,42.9,0,0,0,0,06-JUL-2020,
OPTSTK,WIPRO,24-Sep-2020,185,CE,0,0,0,40.45,40.65,0,0,0,0,06-JUL-2020,
OPTSTK,WIPRO,24-Sep-2020,187.5,CE,0,0,0,38.6,38.45,0,0,0,0,06-JUL-2020,
OPTSTK,WIPRO,24-Sep-2020,190,CE,0,0,0,36.8,36.3,0,0,0,0,06-JUL-2020,
OPTSTK,WIPRO,24-Sep-2020,192.5,CE,0,0,0,35,34.2,0,0,0,0,06-JUL-2020,
OPTSTK,WIPRO,24-Sep-2020,195,CE,0,0,0,33.3,32.2,0,0,0,0,06-JUL-2020,
OPTSTK,WIPRO,24-Sep-2020,197.5,CE,0,0,0,31.65,30.2,0,0,0,0,06-JUL-2020,
OPTSTK,WIPRO,24-Sep-2020,200,CE,0,0,0,30.05,28.25,0,0,0,0,06-JUL-2020,
OPTSTK,WIPRO,24-Sep-2020,202.5,CE,0,0,0,28.5,26.4,0,0,0,0,06-JUL-2020,
OPTSTK,WIPRO,24-Sep-2020,205,CE,0,0,0,27.05,24.6,0,0,0,0,06-JUL-2020,
OPTSTK,WIPRO,24-Sep-2020,207.5,CE,0,0,0,25.6,22.9,0,0,0,0,06-JUL-2020,
OPTSTK,WIPRO,24-Sep-2020,210,CE,0,0,0,24.2,21.25,0,0,0,0,06-JUL-2020,
OPTSTK,WIPRO,24-Sep-2020,212.5,CE,0,0,0,22.9,19.7,0,0,0,0,06-JUL-2020,
OPTSTK,WIPRO,24-Sep-2020,215,CE,0,0,0,21.6,18.2,0,0,0,0,06-JUL-2020,
OPTSTK,WIPRO,24-Sep-2020,217.5,CE,0,0,0,20.4,16.75,0,0,0,0,06-JUL-2020,
OPTSTK,WIPRO,24-Sep-2020,220,CE,0,0,0,19.2,15.4,0,0,0,0,06-JUL-2020,
OPTSTK,WIPRO,24-Sep-2020,222.5,CE,0,0,0,18.1,14.15,0,0,0,0,06-JUL-2020,
OPTSTK,WIPRO,24-Sep-2020,225,CE,0,0,0,17,12.95,0,0,0,0,06-JUL-2020,
OPTSTK,WIPRO,24-Sep-2020,227.5,CE,0,0,0,16,11.8,0,0,0,0,06-JUL-2020,
OPTSTK,WIPRO,24-Sep-2020,230,CE,0,0,0,15.05,10.8,0,0,0,0,06-JUL-2020,
OPTSTK,WIPRO,24-Sep-2020,232.5,CE,0,0,0,14.1,9.8,0,0,0,0,06-JUL-2020,
OPTSTK,WIPRO,24-Sep-2020,235,CE,0,0,0,13.25,8.9,0,0,0,0,06-JUL-2020,
OPTSTK,WIPRO,24-Sep-2020,237.5,CE,0,0,0,12.4,8.05,0,0,0,0,06-JUL-2020,
OPTSTK,WIPRO,24-Sep-2020,240,CE,0,0,0,11.6,7.25,0,0,0,0,06-JUL-2020,
OPTSTK,WIPRO,24-Sep-2020,242.5,CE,0,0,0,10.85,6.55,0,0,0,0,06-JUL-2020,
OPTSTK,WIPRO,24-Sep-2020,245,CE,0,0,0,10.15,5.9,0,0,0,0,06-JUL-2020,
OPTSTK,WIPRO,24-Sep-2020,247.5,CE,0,0,0,9.5,5.3,0,0,0,0,06-JUL-2020,
OPTSTK,WIPRO,24-Sep-2020,250,CE,0,0,0,8.85,4.75,0,0,0,0,06-JUL-2020,
OPTSTK,WIPRO,24-Sep-2020,252.5,CE,0,0,0,8.3,4.25,0,0,0,0,06-JUL-2020,
OPTSTK,WIPRO,24-Sep-2020,255,CE,0,0,0,7.7,3.8,0,0,0,0,06-JUL-2020,
OPTSTK,WIPRO,24-Sep-2020,257.5,CE,0,0,0,7.2,3.35,0,0,0,0,06-JUL-2020,
OPTSTK,WIPRO,24-Sep-2020,260,CE,0,0,0,6.7,3,0,0,0,0,06-JUL-2020,
OPTSTK,WIPRO,24-Sep-2020,157.5,PE,0,0,0,1.05,0.05,0,0,0,0,06-JUL-2020,
OPTSTK,WIPRO,24-Sep-2020,160,PE,0,0,0,1.25,0.1,0,0,0,0,06-JUL-2020,
OPTSTK,WIPRO,24-Sep-2020,162.5,PE,0,0,0,1.45,0.15,0,0,0,0,06-JUL-2020,
OPTSTK,WIPRO,24-Sep-2020,165,PE,0,0,0,1.7,0.2,0,0,0,0,06-JUL-2020,
OPTSTK,WIPRO,24-Sep-2020,167.5,PE,0,0,0,2,0.25,0,0,0,0,06-JUL-2020,
OPTSTK,WIPRO,24-Sep-2020,170,PE,0,0,0,2.35,0.3,0,0,0,0,06-JUL-2020,
OPTSTK,WIPRO,24-Sep-2020,172.5,PE,0,0,0,2.7,0.4,0,0,0,0,06-JUL-2020,
OPTSTK,WIPRO,24-Sep-2020,175,PE,0,0,0,3.1,0.55,0,0,0,0,06-JUL-2020,
OPTSTK,WIPRO,24-Sep-2020,177.5,PE,0,0,0,3.5,0.65,0,0,0,0,06-JUL-2020,
OPTSTK,WIPRO,24-Sep-2020,180,PE,0,0,0,4,0.85,0,0,0,0,06-JUL-2020,
OPTSTK,WIPRO,24-Sep-2020,182.5,PE,0,0,0,4.5,1.05,0,0,0,0,06-JUL-2020,
OPTSTK,WIPRO,24-Sep-2020,185,PE,0,0,0,5.1,1.3,0,0,0,0,06-JUL-2020,
OPTSTK,WIPRO,24-Sep-2020,187.5,PE,0,0,0,5.7,1.6,0,0,0,0,06-JUL-2020,
OPTSTK,WIPRO,24-Sep-2020,190,PE,0,0,0,6.35,1.9,0,0,0,0,06-JUL-2020,
OPTSTK,WIPRO,24-Sep-2020,192.5,PE,0,0,0,7.1,2.3,0,0,0,0,06-JUL-2020,
OPTSTK,WIPRO,24-Sep-2020,195,PE,0,0,0,7.85,2.7,0,0,0,0,06-JUL-2020,
OPTSTK,WIPRO,24-Sep-2020,197.5,PE,0,0,0,8.65,3.2,0,0,0,0,06-JUL-2020,
OPTSTK,WIPRO,24-Sep-2020,200,PE,0,0,0,9.55,3.75,0,0,0,0,06-JUL-2020,
OPTSTK,WIPRO,24-Sep-2020,202.5,PE,0,0,0,10.45,4.4,0,0,0,0,06-JUL-2020,
OPTSTK,WIPRO,24-Sep-2020,205,PE,0,0,0,11.45,5.05,0,0,0,0,06-JUL-2020,
OPTSTK,WIPRO,24-Sep-2020,207.5,PE,0,0,0,12.5,5.85,0,0,0,0,06-JUL-2020,
OPTSTK,WIPRO,24-Sep-2020,210,PE,0,0,0,13.55,6.65,0,0,0,0,06-JUL-2020,
OPTSTK,WIPRO,24-Sep-2020,212.5,PE,0,0,0,14.7,7.55,0,0,0,0,06-JUL-2020,
OPTSTK,WIPRO,24-Sep-2020,215,PE,0,0,0,15.9,8.55,0,0,0,0,06-JUL-2020,
OPTSTK,WIPRO,24-Sep-2020,217.5,PE,0,0,0,17.15,9.6,0,0,0,0,06-JUL-2020,
OPTSTK,WIPRO,24-Sep-2020,220,PE,0,0,0,18.45,10.7,0,0,0,0,06-JUL-2020,
OPTSTK,WIPRO,24-Sep-2020,222.5,PE,0,0,0,19.8,11.95,0,0,0,0,06-JUL-2020,
OPTSTK,WIPRO,24-Sep-2020,225,PE,0,0,0,21.2,13.2,0,0,0,0,06-JUL-2020,
OPTSTK,WIPRO,24-Sep-2020,227.5,PE,0,0,0,22.65,14.55,0,0,0,0,06-JUL-2020,
OPTSTK,WIPRO,24-Sep-2020,230,PE,0,0,0,24.15,16,0,0,0,0,06-JUL-2020,
OPTSTK,WIPRO,24-Sep-2020,232.5,PE,0,0,0,25.7,17.5,0,0,0,0,06-JUL-2020,
OPTSTK,WIPRO,24-Sep-2020,235,PE,0,0,0,27.3,19.05,0,0,0,0,06-JUL-2020,
OPTSTK,WIPRO,24-Sep-2020,237.5,PE,0,0,0,28.95,20.7,0,0,0,0,06-JUL-2020,
OPTSTK,WIPRO,24-Sep-2020,240,PE,0,0,0,30.65,22.4,0,0,0,0,06-JUL-2020,
OPTSTK,WIPRO,24-Sep-2020,242.5,PE,0,0,0,32.35,24.15,0,0,0,0,06-JUL-2020,
OPTSTK,WIPRO,24-Sep-2020,245,PE,0,0,0,34.1,25.95,0,0,0,0,06-JUL-2020,
OPTSTK,WIPRO,24-Sep-2020,247.5,PE,0,0,0,35.9,27.85,0,0,0,0,06-JUL-2020,
OPTSTK,WIPRO,24-Sep-2020,250,PE,0,0,0,37.75,29.75,0,0,0,0,06-JUL-2020,
OPTSTK,WIPRO,24-Sep-2020,252.5,PE,0,0,0,39.65,31.75,0,0,0,0,06-JUL-2020,
OPTSTK,WIPRO,24-Sep-2020,255,PE,0,0,0,41.55,33.75,0,0,0,0,06-JUL-2020,
OPTSTK,WIPRO,24-Sep-2020,257.5,PE,0,0,0,43.5,35.85,0,0,0,0,06-JUL-2020,
OPTSTK,WIPRO,24-Sep-2020,260,PE,0,0,0,45.5,37.95,0,0,0,0,06-JUL-2020,
OPTSTK,ZEEL,30-Jul-2020,60,CE,0,0,0,101.95,115.2,0,0,0,0,06-JUL-2020,
OPTSTK,ZEEL,30-Jul-2020,70,CE,0,0,0,93.55,105.25,0,0,0,0,06-JUL-2020,
OPTSTK,ZEEL,30-Jul-2020,80,CE,0,0,0,85.7,95.25,0,0,0,0,06-JUL-2020,
OPTSTK,ZEEL,30-Jul-2020,90,CE,0,0,0,78.45,85.3,0,0,0,0,06-JUL-2020,
OPTSTK,ZEEL,30-Jul-2020,100,CE,0,0,0,71.7,75.35,0,0,0,0,06-JUL-2020,
OPTSTK,ZEEL,30-Jul-2020,105,CE,0,0,0,72.9,70.35,0,0,0,0,06-JUL-2020,
OPTSTK,ZEEL,30-Jul-2020,110,CE,0,0,0,65.55,65.4,0,0,0,0,06-JUL-2020,
OPTSTK,ZEEL,30-Jul-2020,115,CE,0,0,0,70.8,60.5,0,0,0,0,06-JUL-2020,
OPTSTK,ZEEL,30-Jul-2020,120,CE,0,0,0,59.9,55.6,0,0,0,0,06-JUL-2020,
OPTSTK,ZEEL,30-Jul-2020,125,CE,0,0,0,63,50.8,0,0,0,0,06-JUL-2020,
OPTSTK,ZEEL,30-Jul-2020,130,CE,0,0,0,44.25,46.05,0,0,6000,0,06-JUL-2020,
OPTSTK,ZEEL,30-Jul-2020,135,CE,0,0,0,55.8,41.5,0,0,0,0,06-JUL-2020,
OPTSTK,ZEEL,30-Jul-2020,140,CE,0,0,0,42.95,37.05,0,0,30000,0,06-JUL-2020,
OPTSTK,ZEEL,30-Jul-2020,145,CE,0,0,0,49.25,32.85,0,0,0,0,06-JUL-2020,
OPTSTK,ZEEL,30-Jul-2020,150,CE,26.1,28.4,26.1,28.25,28.25,7,37.3,36000,3000,06-JUL-2020,
OPTSTK,ZEEL,30-Jul-2020,155,CE,0,0,0,22.8,25.15,0,0,3000,0,06-JUL-2020,
OPTSTK,ZEEL,30-Jul-2020,160,CE,18.8,22.2,18.8,20.55,21.75,8,43.35,84000,3000,06-JUL-2020,
OPTSTK,ZEEL,30-Jul-2020,165,CE,17.15,18.8,17.15,17.2,18.65,5,27.44,54000,0,06-JUL-2020,
OPTSTK,ZEEL,30-Jul-2020,170,CE,13,16,12.5,14.95,14.95,59,326,543000,-6000,06-JUL-2020,
OPTSTK,ZEEL,30-Jul-2020,175,CE,11.05,13.5,10.6,12.15,12.15,205,1149.42,399000,48000,06-JUL-2020,
OPTSTK,ZEEL,30-Jul-2020,180,CE,9.15,11.15,8.7,10.1,10.1,466,2655.05,1368000,-54000,06-JUL-2020,
OPTSTK,ZEEL,30-Jul-2020,185,CE,7.25,9.1,7.15,8.1,8.1,74,428.58,369000,18000,06-JUL-2020,
OPTSTK,ZEEL,30-Jul-2020,190,CE,6.1,7.55,5.7,6.8,6.8,219,1291.95,915000,18000,06-JUL-2020,
OPTSTK,ZEEL,30-Jul-2020,195,CE,4.9,6,4.9,5.45,5.45,20,120.17,147000,18000,06-JUL-2020,
OPTSTK,ZEEL,30-Jul-2020,200,CE,4.2,5.05,4,4.45,4.45,377,2312.37,2709000,-36000,06-JUL-2020,
OPTSTK,ZEEL,30-Jul-2020,205,CE,3.45,4.1,3.35,3.75,3.75,9,56.32,63000,3000,06-JUL-2020,
OPTSTK,ZEEL,30-Jul-2020,210,CE,2.95,3.35,2.7,2.95,2.95,46,293.92,339000,9000,06-JUL-2020,
OPTSTK,ZEEL,30-Jul-2020,215,CE,2.55,2.85,2.4,2.4,2.6,3,19.58,18000,-6000,06-JUL-2020,
OPTSTK,ZEEL,30-Jul-2020,220,CE,1.55,2.15,1.55,1.9,1.9,42,279.62,501000,24000,06-JUL-2020,
OPTSTK,ZEEL,30-Jul-2020,225,CE,1.8,1.8,1.25,1.25,1.6,7,47.56,48000,3000,06-JUL-2020,
OPTSTK,ZEEL,30-Jul-2020,230,CE,1.15,1.45,1.15,1.3,1.3,8,55.51,186000,6000,06-JUL-2020,
OPTSTK,ZEEL,30-Jul-2020,235,CE,1.2,1.2,1.2,1.2,1,1,7.08,6000,0,06-JUL-2020,
OPTSTK,ZEEL,30-Jul-2020,240,CE,0.75,0.95,0.7,0.75,0.75,23,166.18,348000,24000,06-JUL-2020,
OPTSTK,ZEEL,30-Jul-2020,60,PE,0,0,0,1.85,0.05,0,0,0,0,06-JUL-2020,
OPTSTK,ZEEL,30-Jul-2020,70,PE,0,0,0,3.35,0.05,0,0,0,0,06-JUL-2020,
OPTSTK,ZEEL,30-Jul-2020,80,PE,0,0,0,5.35,0.05,0,0,0,0,06-JUL-2020,
OPTSTK,ZEEL,30-Jul-2020,90,PE,0,0,0,7.95,0.05,0,0,0,0,06-JUL-2020,
OPTSTK,ZEEL,30-Jul-2020,100,PE,0,0,0,11.1,0.05,0,0,0,0,06-JUL-2020,
OPTSTK,ZEEL,30-Jul-2020,105,PE,0,0,0,0.5,0.05,0,0,6000,0,06-JUL-2020,
OPTSTK,ZEEL,30-Jul-2020,110,PE,0,0,0,0.75,0.05,0,0,21000,0,06-JUL-2020,
OPTSTK,ZEEL,30-Jul-2020,115,PE,0,0,0,4.1,0.1,0,0,0,0,06-JUL-2020,
OPTSTK,ZEEL,30-Jul-2020,120,PE,0,0,0,0.75,0.2,0,0,27000,0,06-JUL-2020,
OPTSTK,ZEEL,30-Jul-2020,125,PE,0,0,0,6.25,0.4,0,0,0,0,06-JUL-2020,
OPTSTK,ZEEL,30-Jul-2020,130,PE,0.8,0.9,0.55,0.65,0.65,17,66.63,243000,-15000,06-JUL-2020,
OPTSTK,ZEEL,30-Jul-2020,135,PE,0,0,0,1.05,1.05,0,0,3000,0,06-JUL-2020,
OPTSTK,ZEEL,30-Jul-2020,140,PE,1.5,1.7,1.15,1.45,1.45,44,186.7,390000,6000,06-JUL-2020,
OPTSTK,ZEEL,30-Jul-2020,145,PE,2.5,2.5,1.65,1.95,1.95,11,48.48,45000,3000,06-JUL-2020,
OPTSTK,ZEEL,30-Jul-2020,150,PE,3.55,3.55,2.3,2.7,2.7,228,1045.82,1134000,27000,06-JUL-2020,
OPTSTK,ZEEL,30-Jul-2020,155,PE,4.1,4.65,3.3,3.85,3.85,38,181.07,186000,-3000,06-JUL-2020,
OPTSTK,ZEEL,30-Jul-2020,160,PE,5.9,6.4,4.35,5.25,5.25,105,520.76,726000,63000,06-JUL-2020,
OPTSTK,ZEEL,30-Jul-2020,165,PE,8.5,8.5,6,6.9,6.9,66,340.49,390000,-24000,06-JUL-2020,
OPTSTK,ZEEL,30-Jul-2020,170,PE,10,10.85,7.9,9.1,9.1,164,882.68,729000,9000,06-JUL-2020,
OPTSTK,ZEEL,30-Jul-2020,175,PE,13.25,13.25,10.1,11.6,11.6,58,324.6,213000,33000,06-JUL-2020,
OPTSTK,ZEEL,30-Jul-2020,180,PE,16.2,16.85,12.95,14.6,14.6,68,397.09,297000,-21000,06-JUL-2020,
OPTSTK,ZEEL,30-Jul-2020,185,PE,17.65,17.9,17.6,17.8,17.8,8,48.64,27000,3000,06-JUL-2020,
OPTSTK,ZEEL,30-Jul-2020,190,PE,23,23,19.2,20.6,20.6,13,82.25,105000,0,06-JUL-2020,
OPTSTK,ZEEL,30-Jul-2020,195,PE,23.95,23.95,23.95,23.95,25.6,1,6.56,9000,3000,06-JUL-2020,
OPTSTK,ZEEL,30-Jul-2020,200,PE,0,0,0,31.15,29.45,0,0,51000,0,06-JUL-2020,
OPTSTK,ZEEL,30-Jul-2020,205,PE,0,0,0,44.4,33.45,0,0,0,0,06-JUL-2020,
OPTSTK,ZEEL,30-Jul-2020,210,PE,0,0,0,38.1,37.6,0,0,36000,0,06-JUL-2020,
OPTSTK,ZEEL,30-Jul-2020,215,PE,0,0,0,55.05,41.95,0,0,3000,0,06-JUL-2020,
OPTSTK,ZEEL,30-Jul-2020,220,PE,0,0,0,53,46.4,0,0,54000,0,06-JUL-2020,
OPTSTK,ZEEL,30-Jul-2020,225,PE,0,0,0,52.05,50.95,0,0,15000,0,06-JUL-2020,
OPTSTK,ZEEL,30-Jul-2020,230,PE,53.1,53.1,53.1,53.1,55.55,1,8.49,33000,-3000,06-JUL-2020,
OPTSTK,ZEEL,30-Jul-2020,235,PE,0,0,0,66.5,60.3,0,0,0,0,06-JUL-2020,
OPTSTK,ZEEL,30-Jul-2020,240,PE,0,0,0,98.75,65.05,0,0,0,0,06-JUL-2020,
OPTSTK,ZEEL,27-Aug-2020,110,CE,0,0,0,77.7,66.4,0,0,0,0,06-JUL-2020,
OPTSTK,ZEEL,27-Aug-2020,115,CE,0,0,0,73.95,61.8,0,0,0,0,06-JUL-2020,
OPTSTK,ZEEL,27-Aug-2020,120,CE,0,0,0,70.35,57.25,0,0,0,0,06-JUL-2020,
OPTSTK,ZEEL,27-Aug-2020,125,CE,0,0,0,66.85,52.9,0,0,0,0,06-JUL-2020,
OPTSTK,ZEEL,27-Aug-2020,130,CE,0,0,0,63.5,48.7,0,0,0,0,06-JUL-2020,
OPTSTK,ZEEL,27-Aug-2020,135,CE,0,0,0,60.25,44.65,0,0,0,0,06-JUL-2020,
OPTSTK,ZEEL,27-Aug-2020,140,CE,0,0,0,57.2,40.8,0,0,0,0,06-JUL-2020,
OPTSTK,ZEEL,27-Aug-2020,145,CE,0,0,0,54.25,37.15,0,0,0,0,06-JUL-2020,
OPTSTK,ZEEL,27-Aug-2020,150,CE,0,0,0,34.85,33.7,0,0,3000,0,06-JUL-2020,
OPTSTK,ZEEL,27-Aug-2020,155,CE,0,0,0,48.7,30.45,0,0,0,0,06-JUL-2020,
OPTSTK,ZEEL,27-Aug-2020,160,CE,0,0,0,27.9,27.45,0,0,3000,0,06-JUL-2020,
OPTSTK,ZEEL,27-Aug-2020,165,CE,0,0,0,43.75,24.65,0,0,0,0,06-JUL-2020,
OPTSTK,ZEEL,27-Aug-2020,170,CE,19.85,19.85,19.85,19.85,22.1,2,11.39,6000,6000,06-JUL-2020,
OPTSTK,ZEEL,27-Aug-2020,175,CE,0,0,0,39.2,19.75,0,0,0,0,06-JUL-2020,
OPTSTK,ZEEL,27-Aug-2020,180,CE,15.9,16.1,15.9,16.1,17.6,3,17.63,51000,-6000,06-JUL-2020,
OPTSTK,ZEEL,27-Aug-2020,185,CE,0,0,0,35.1,15.6,0,0,0,0,06-JUL-2020,
OPTSTK,ZEEL,27-Aug-2020,190,CE,10.7,10.85,10.45,10.45,13.85,3,18.06,24000,9000,06-JUL-2020,
OPTSTK,ZEEL,27-Aug-2020,195,CE,0,0,0,31.45,12.25,0,0,0,0,06-JUL-2020,
OPTSTK,ZEEL,27-Aug-2020,200,CE,0,0,0,8.65,10.8,0,0,6000,0,06-JUL-2020,
OPTSTK,ZEEL,27-Aug-2020,205,CE,0,0,0,28.15,9.5,0,0,0,0,06-JUL-2020,
OPTSTK,ZEEL,27-Aug-2020,210,CE,0,0,0,26.65,8.35,0,0,0,0,06-JUL-2020,
OPTSTK,ZEEL,27-Aug-2020,215,CE,0,0,0,9.5,7.3,0,0,6000,0,06-JUL-2020,
OPTSTK,ZEEL,27-Aug-2020,220,CE,0,0,0,4.05,6.4,0,0,15000,0,06-JUL-2020,
OPTSTK,ZEEL,27-Aug-2020,225,CE,0,0,0,22.55,5.6,0,0,0,0,06-JUL-2020,
OPTSTK,ZEEL,27-Aug-2020,230,CE,0,0,0,21.35,4.9,0,0,0,0,06-JUL-2020,
OPTSTK,ZEEL,27-Aug-2020,235,CE,0,0,0,20.2,4.25,0,0,0,0,06-JUL-2020,
OPTSTK,ZEEL,27-Aug-2020,240,CE,0,0,0,19.1,3.7,0,0,0,0,06-JUL-2020,
OPTSTK,ZEEL,27-Aug-2020,110,PE,0,0,0,5.7,0.7,0,0,0,0,06-JUL-2020,
OPTSTK,ZEEL,27-Aug-2020,115,PE,0,0,0,6.85,1.05,0,0,0,0,06-JUL-2020,
OPTSTK,ZEEL,27-Aug-2020,120,PE,0,0,0,8.15,1.5,0,0,0,0,06-JUL-2020,
OPTSTK,ZEEL,27-Aug-2020,125,PE,0,0,0,9.6,2.1,0,0,0,0,06-JUL-2020,
OPTSTK,ZEEL,27-Aug-2020,130,PE,0,0,0,11.2,2.85,0,0,0,0,06-JUL-2020,
OPTSTK,ZEEL,27-Aug-2020,135,PE,0,0,0,12.9,3.75,0,0,0,0,06-JUL-2020,
OPTSTK,ZEEL,27-Aug-2020,140,PE,0,0,0,14.8,4.9,0,0,0,0,06-JUL-2020,
OPTSTK,ZEEL,27-Aug-2020,145,PE,0,0,0,16.75,6.2,0,0,0,0,06-JUL-2020,
OPTSTK,ZEEL,27-Aug-2020,150,PE,6.6,6.6,6.6,6.6,7.75,1,4.69,18000,3000,06-JUL-2020,
OPTSTK,ZEEL,27-Aug-2020,155,PE,0,0,0,9,9.45,0,0,6000,0,06-JUL-2020,
OPTSTK,ZEEL,27-Aug-2020,160,PE,0,0,0,10.9,11.45,0,0,6000,0,06-JUL-2020,
OPTSTK,ZEEL,27-Aug-2020,165,PE,0,0,0,26,13.6,0,0,0,0,06-JUL-2020,
OPTSTK,ZEEL,27-Aug-2020,170,PE,14.65,14.65,14.65,14.65,16,1,5.53,75000,0,06-JUL-2020,
OPTSTK,ZEEL,27-Aug-2020,175,PE,0,0,0,31.4,18.65,0,0,0,0,06-JUL-2020,
OPTSTK,ZEEL,27-Aug-2020,180,PE,0,0,0,34.25,21.45,0,0,0,0,06-JUL-2020,
OPTSTK,ZEEL,27-Aug-2020,185,PE,0,0,0,37.2,24.45,0,0,0,0,06-JUL-2020,
OPTSTK,ZEEL,27-Aug-2020,190,PE,0,0,0,40.25,27.65,0,0,0,0,06-JUL-2020,
OPTSTK,ZEEL,27-Aug-2020,195,PE,0,0,0,43.4,31,0,0,0,0,06-JUL-2020,
OPTSTK,ZEEL,27-Aug-2020,200,PE,0,0,0,34,34.55,0,0,3000,0,06-JUL-2020,
OPTSTK,ZEEL,27-Aug-2020,205,PE,0,0,0,37.5,38.2,0,0,3000,0,06-JUL-2020,
OPTSTK,ZEEL,27-Aug-2020,210,PE,0,0,0,53.4,42.05,0,0,0,0,06-JUL-2020,
OPTSTK,ZEEL,27-Aug-2020,215,PE,0,0,0,56.9,45.95,0,0,0,0,06-JUL-2020,
OPTSTK,ZEEL,27-Aug-2020,220,PE,0,0,0,60.45,50.05,0,0,0,0,06-JUL-2020,
OPTSTK,ZEEL,27-Aug-2020,225,PE,0,0,0,64.1,54.2,0,0,0,0,06-JUL-2020,
OPTSTK,ZEEL,27-Aug-2020,230,PE,0,0,0,67.85,58.45,0,0,0,0,06-JUL-2020,
OPTSTK,ZEEL,27-Aug-2020,235,PE,0,0,0,71.65,62.8,0,0,0,0,06-JUL-2020,
OPTSTK,ZEEL,27-Aug-2020,240,PE,0,0,0,75.5,67.2,0,0,0,0,06-JUL-2020,
OPTSTK,ZEEL,24-Sep-2020,110,CE,0,0,0,68.85,67.85,0,0,0,0,06-JUL-2020,
OPTSTK,ZEEL,24-Sep-2020,115,CE,0,0,0,65.1,63.55,0,0,0,0,06-JUL-2020,
OPTSTK,ZEEL,24-Sep-2020,120,CE,0,0,0,61.5,59.35,0,0,0,0,06-JUL-2020,
OPTSTK,ZEEL,24-Sep-2020,125,CE,0,0,0,58,55.3,0,0,0,0,06-JUL-2020,
OPTSTK,ZEEL,24-Sep-2020,130,CE,0,0,0,54.7,51.4,0,0,0,0,06-JUL-2020,
OPTSTK,ZEEL,24-Sep-2020,135,CE,0,0,0,51.5,47.7,0,0,0,0,06-JUL-2020,
OPTSTK,ZEEL,24-Sep-2020,140,CE,0,0,0,48.5,44.2,0,0,0,0,06-JUL-2020,
OPTSTK,ZEEL,24-Sep-2020,145,CE,0,0,0,45.6,40.85,0,0,0,0,06-JUL-2020,
OPTSTK,ZEEL,24-Sep-2020,150,CE,0,0,0,42.85,37.7,0,0,0,0,06-JUL-2020,
OPTSTK,ZEEL,24-Sep-2020,155,CE,0,0,0,40.3,34.7,0,0,0,0,06-JUL-2020,
OPTSTK,ZEEL,24-Sep-2020,160,CE,0,0,0,37.85,31.9,0,0,0,0,06-JUL-2020,
OPTSTK,ZEEL,24-Sep-2020,165,CE,0,0,0,35.5,29.3,0,0,0,0,06-JUL-2020,
OPTSTK,ZEEL,24-Sep-2020,170,CE,0,0,0,33.35,26.85,0,0,0,0,06-JUL-2020,
OPTSTK,ZEEL,24-Sep-2020,175,CE,0,0,0,31.25,24.55,0,0,0,0,06-JUL-2020,
OPTSTK,ZEEL,24-Sep-2020,180,CE,0,0,0,29.3,22.45,0,0,0,0,06-JUL-2020,
OPTSTK,ZEEL,24-Sep-2020,185,CE,0,0,0,27.5,20.5,0,0,0,0,06-JUL-2020,
OPTSTK,ZEEL,24-Sep-2020,190,CE,0,0,0,25.75,18.65,0,0,0,0,06-JUL-2020,
OPTSTK,ZEEL,24-Sep-2020,195,CE,0,0,0,24.15,17,0,0,0,0,06-JUL-2020,
OPTSTK,ZEEL,24-Sep-2020,200,CE,0,0,0,22.6,15.45,0,0,0,0,06-JUL-2020,
OPTSTK,ZEEL,24-Sep-2020,205,CE,0,0,0,21.2,14.05,0,0,0,0,06-JUL-2020,
OPTSTK,ZEEL,24-Sep-2020,210,CE,0,0,0,19.85,12.75,0,0,0,0,06-JUL-2020,
OPTSTK,ZEEL,24-Sep-2020,215,CE,0,0,0,18.6,11.6,0,0,0,0,06-JUL-2020,
OPTSTK,ZEEL,24-Sep-2020,220,CE,0,0,0,17.4,10.5,0,0,0,0,06-JUL-2020,
OPTSTK,ZEEL,24-Sep-2020,225,CE,0,0,0,16.3,9.5,0,0,0,0,06-JUL-2020,
OPTSTK,ZEEL,24-Sep-2020,230,CE,0,0,0,15.25,8.6,0,0,0,0,06-JUL-2020,
OPTSTK,ZEEL,24-Sep-2020,235,CE,0,0,0,14.3,7.8,0,0,0,0,06-JUL-2020,
OPTSTK,ZEEL,24-Sep-2020,240,CE,0,0,0,13.4,7.05,0,0,0,0,06-JUL-2020,
OPTSTK,ZEEL,24-Sep-2020,110,PE,0,0,0,5.25,1.8,0,0,0,0,06-JUL-2020,
OPTSTK,ZEEL,24-Sep-2020,115,PE,0,0,0,6.4,2.4,0,0,0,0,06-JUL-2020,
OPTSTK,ZEEL,24-Sep-2020,120,PE,0,0,0,7.75,3.15,0,0,0,0,06-JUL-2020,
OPTSTK,ZEEL,24-Sep-2020,125,PE,0,0,0,9.2,4.1,0,0,0,0,06-JUL-2020,
OPTSTK,ZEEL,24-Sep-2020,130,PE,0,0,0,10.8,5.15,0,0,0,0,06-JUL-2020,
OPTSTK,ZEEL,24-Sep-2020,135,PE,0,0,0,12.6,6.4,0,0,0,0,06-JUL-2020,
OPTSTK,ZEEL,24-Sep-2020,140,PE,0,0,0,14.5,7.85,0,0,0,0,06-JUL-2020,
OPTSTK,ZEEL,24-Sep-2020,145,PE,0,0,0,16.55,9.45,0,0,0,0,06-JUL-2020,
OPTSTK,ZEEL,24-Sep-2020,150,PE,0,0,0,18.8,11.25,0,0,0,0,06-JUL-2020,
OPTSTK,ZEEL,24-Sep-2020,155,PE,0,0,0,21.15,13.2,0,0,0,0,06-JUL-2020,
OPTSTK,ZEEL,24-Sep-2020,160,PE,0,0,0,23.65,15.35,0,0,0,0,06-JUL-2020,
OPTSTK,ZEEL,24-Sep-2020,165,PE,0,0,0,26.25,17.7,0,0,0,0,06-JUL-2020,
OPTSTK,ZEEL,24-Sep-2020,170,PE,0,0,0,29,20.2,0,0,0,0,06-JUL-2020,
OPTSTK,ZEEL,24-Sep-2020,175,PE,0,0,0,31.9,22.9,0,0,0,0,06-JUL-2020,
OPTSTK,ZEEL,24-Sep-2020,180,PE,0,0,0,34.9,25.7,0,0,0,0,06-JUL-2020,
OPTSTK,ZEEL,24-Sep-2020,185,PE,0,0,0,38,28.7,0,0,0,0,06-JUL-2020,
OPTSTK,ZEEL,24-Sep-2020,190,PE,0,0,0,41.2,31.85,0,0,0,0,06-JUL-2020,
OPTSTK,ZEEL,24-Sep-2020,195,PE,0,0,0,44.55,35.15,0,0,0,0,06-JUL-2020,
OPTSTK,ZEEL,24-Sep-2020,200,PE,0,0,0,47.95,38.55,0,0,0,0,06-JUL-2020,
OPTSTK,ZEEL,24-Sep-2020,205,PE,0,0,0,51.45,42.1,0,0,0,0,06-JUL-2020,
OPTSTK,ZEEL,24-Sep-2020,210,PE,0,0,0,55.05,45.75,0,0,0,0,06-JUL-2020,
OPTSTK,ZEEL,24-Sep-2020,215,PE,0,0,0,58.75,49.55,0,0,0,0,06-JUL-2020,
OPTSTK,ZEEL,24-Sep-2020,220,PE,0,0,0,62.5,53.4,0,0,0,0,06-JUL-2020,
OPTSTK,ZEEL,24-Sep-2020,225,PE,0,0,0,66.35,57.35,0,0,0,0,06-JUL-2020,
OPTSTK,ZEEL,24-Sep-2020,230,PE,0,0,0,70.25,61.45,0,0,0,0,06-JUL-2020,
OPTSTK,ZEEL,24-Sep-2020,235,PE,0,0,0,74.2,65.55,0,0,0,0,06-JUL-2020,
OPTSTK,ZEEL,24-Sep-2020,240,PE,0,0,0,78.25,69.75,0,0,0,0,06-JUL-2020,
